MV1_AleakMV,MV2_AleakMV,HU_Ch1_T2_AleakMV,HU_Ch1_AleakChamber,HU_Ch1_T1_AleakMV,PF_M1_T1_s0_LTL_MpGood,PF_M1_T1_s0_UTL_MpGood,PF_M1_T1_s0_MpGood,PF_M1_T1_Force,PF_M1_T1_Force_LTL_MpGood,PF_M1_T1_Force_UTL_MpGood,PF_M1_T1_Force_MpGood,PF_M1_T1_sgrad,PF_M1_T1_sgrad_LTL_MpGood,PF_M1_T1_sgrad_UTL_MpGood,PF_M1_T1_sgrad_MpGood,PF_M1_T1_Fmax,PF_M1_T1_Fmax_LTL_MpGood,PF_M1_T1_Fmax_UTL_MpGood,PF_M1_T1_Fmax_MpGood,PF_M1_T1_smax_LTL_MpGood,PF_M1_T1_smax,PF_M1_T1_smax_UTL_MpGood,PF_M1_T1_smax_MpGood,PF_M1_T1_deltaD_max,PF_M1_T1_deltaD_min,PF_M1_T1_LeakTolMachine,PF_M1_T1_deltaD_Leak_min,PF_M1_T1_deltaD_Leak_max,PF_M1_T1_deltaD_Leak_min_ReLu,PF_M1_T1_deltaD_Leak_max_ReLu,PF_M1_T1_AleakPF_deltaD,PF_M1_T1_AleakPF,PF_M1_T1_deltaD_mean,PF_M1_T1_E_eff_inv,PF_M1_T1_E_eff,PF_M1_T1_KstiffPF,PF_M1_T1_Kstiff_inv,PF_M1_T1_Kstiff,PF_M1_T1_delta_sgrad,PF_M1_T1_delta_smax,PF_M1_T1_AleakBore,PF_M1_T2_s0_LTL_MpGood,PF_M1_T2_s0_UTL_MpGood,PF_M1_T2_s0_MpGood,PF_M1_T2_Force,PF_M1_T2_Force_LTL_MpGood,PF_M1_T2_Force_UTL_MpGood,PF_M1_T2_Force_MpGood,PF_M1_T2_sgrad_LTL_MpGood,PF_M1_T2_sgrad,PF_M1_T2_sgrad_UTL_MpGood,PF_M1_T2_sgrad_MpGood,PF_M1_T2_Fmax,PF_M1_T2_Fmax_LTL_MpGood,PF_M1_T2_Fmax_UTL_MpGood,PF_M1_T2_Fmax_MpGood,PF_M1_T2_smax_LTL_MpGood,PF_M1_T2_smax,PF_M1_T2_smax_UTL_MpGood,PF_M1_T2_smax_MpGood,PF_M1_T2_deltaD_max,PF_M1_T2_deltaD_min,PF_M1_T2_LeakTolMachine,PF_M1_T2_deltaD_Leak_min,PF_M1_T2_deltaD_Leak_max,PF_M1_T2_deltaD_Leak_min_ReLu,PF_M1_T2_deltaD_Leak_max_ReLu,PF_M1_T2_AleakPF_deltaD,PF_M1_T2_AleakPF,PF_M1_T2_deltaD_mean,PF_M1_T2_E_eff_inv,PF_M1_T2_E_eff,PF_M1_T2_KstiffPF,PF_M1_T2_Kstiff_inv,PF_M1_T2_Kstiff,PF_M1_T2_delta_sgrad,PF_M1_T2_delta_smax,PF_M1_T2_AleakBore,Sec_C2_Machine1_ProcessResult,MV1_AleakMV_raw,MV2_AleakMV_raw,HU_Ch1_T1_AleakPF,HU_Ch1_T2_AleakPF,PF_M1_T1_s0,PF_M1_T1_s0_LTL,PF_M1_T1_s0_UTL,MV1_LmvPF,PF_M1_T1_Force_LTL,PF_M1_T1_Force_UTL,PF_M1_T1_sgrad_LTL,PF_M1_T1_sgrad_UTL,PF_M1_T1_delta_Ftrigger_stop,PF_M1_T1_Fmax_LTL,PF_M1_T1_Fmax_UTL,PF_M1_T1_smax_LTL,PF_M1_T1_smax_UTL,HU_T1_DboreMin,MV1_DmvMax,HU_T1_DboreMax,MV1_DmvMin,PF_M1_KstiffMachine,PF_M1_LeakTolMachine_REF,PF_M1_KstiffMachine_REF,PF_M1_T1_beta_asym,PF_M1_T1_AleakPF_deltaD_REF,PF_M1_T1_AleakPF_REF,MV1_Emv,HU_Ehu,PF_M1_T1_KstiffPF_E_Ref,PF_M1_T1_KstiffPF_deltaD_Ref,PF_M1_T1_KstiffPF_Ref,PF_M1_T2_s0,PF_M1_T2_s0_LTL,PF_M1_T2_s0_UTL,MV2_LmvPF,PF_M1_T2_Force_LTL,PF_M1_T2_Force_UTL,PF_M1_T2_sgrad_LTL,PF_M1_T2_sgrad_UTL,PF_M1_T2_delta_Ftrigger_stop,PF_M1_T2_Fmax_LTL,PF_M1_T2_Fmax_UTL,PF_M1_T2_smax_LTL,PF_M1_T2_smax_UTL,MV2_DmvMax,HU_T2_DboreMin,MV2_DmvMin,HU_T2_DboreMax,PF_M1_T2_beta_asym,PF_M1_T2_AleakPF_deltaD_REF,PF_M1_T2_AleakPF_REF,MV2_Emv,PF_M1_T2_KstiffPF_Ref,PF_M1_T2_KstiffPF_E_Ref,PF_M1_T2_KstiffPF_deltaD_Ref,MV1_T1_MV_Type_ID_num,MV1_T1_MV_Supplier_ID_num,MV2_T2_MV_Type_ID_num,MV2_T2_MV_Supplier_ID_num,PSec_MVgeneration_pSection_ID_num,HU_HU_Block_Type_ID_num,HU_HU_Block_Supplier_ID_num,HU_Force_Lim_Deform,HU_Ch1_HU_Block_Type_ID_num,HU_Ch1_Vchamber,HU_Ch1_Vchamber_part_REF,HU_T1_BorePosition_ID_num,HU_T2_BorePosition_ID_num,PSec_HUgeneration_pSection_ID_num,PSec_C2_pSection_ID_num,product_type_ID_num,line_ID_num,batch_ID_num,HU_Block_Type_ID_num,T1_MV_Type_ID_num,T2_MV_Type_ID_num,partID
0.0,0.0,0.0,0,0.0,1.0,1.0,1.0,17456.6277464217,1.0,1.0,1.0,17.9903673390648,1.0,1.0,1.0,24563.2017620544,1.0,1.0,1.0,1.0,19.3284408618828,1.0,1.0,0.06582646487296095,0.02694227984881703,0.05730996434196303,0.030367684493146002,-0.008516500530997922,0.030367684493146002,0.0,0,0,0.0658264648729610,9.73236009732360e-6,102750.000000000,3864.95386611242,0.000447022022053147,2237.02625523247,7.80349703343452,1.33807352281801,0,1.0,1.0,1.0,11007.8789363594,1.0,1.0,1.0,1.0,16.8052423765804,1.0,1.0,17924.7558624535,1.0,1.0,1.0,1.0,18.1075984563227,1.0,1.0,0.04048786149585126,0.03603203827004009,0.05730996434196303,0.021277926071922942,0.01682210284611177,0.021277926071922942,0.01682210284611177,0.0168221028461118,0.841105142305588,0.0404878614958513,9.50655127836018e-6,105190.617577197,2433.68180293064,0.000599186782019215,1668.92867134030,6.59577555673427,1.3023560797422473,0.841105142305588,1.0,-0.06899049832442586,-0.06464656512694159,0.0,0.0,10.186870305630253,9,11,4.516645825835055,10000,19000,16.5000000000000,19.0000000000000,7106.574015632646,10000,25000,17.0000000000000,20.0000000000000,4.555421053263251,4.621247518136212,4.561385377556105,4.588327657404922,5311.048977836476,0.04855603620097527,4499.801899966553,1.00000000000000,0.0100000000000000,0.500000000000000,205500,205500,105000.000000000,0.0500000000000000,3000.00000000000,10.20946681984617,9,11,4.523138120646536,10000,19000,16.5000000000000,19.0000000000000,6916.876926094184,10000,25000,17.0000000000000,20.0000000000000,4.6089986804530385,4.568510818957187,4.595202958762754,4.559170920492714,1.00000000000000,0.0100000000000000,0.500000000000000,215500,3000.00000000000,105000.000000000,0.0500000000000000,11,22,11,21,-121,11,11,18931.207725332526,11,107.44485345100041,500000,1,1,-111,122,111,1,15,11,11,11,0
0.0,0.0,0.0,0,0.0,1.0,1.0,1.0,12136.0925114640,1.0,1.0,1.0,16.9799819564644,1.0,1.0,1.0,18656.0716044856,1.0,1.0,1.0,1.0,18.2880943791775,1.0,1.0,0.04541309088033163,0.03383326734228209,0.053213532009246285,0.019380264666964193,0.007800441128914655,0.019380264666964193,0.007800441128914655,0.00780044112891465,0.390022056445733,0.0454130908803316,9.73236009732360e-6,102750.000000000,2666.39719311661,0.000575669281570589,1737.10849616939,6.98637565714869,1.3081124227130947,0.390022056445733,1.0,1.0,1.0,14441.8808168386,1.0,1.0,1.0,1.0,17.3926282913839,1.0,1.0,20888.0394578270,1.0,1.0,1.0,1.0,18.6859300147102,1.0,1.0,0.05333620247258075,0.032672584147118044,0.053213532009246285,0.02054094786212824,-0.00012267046333446635,0.02054094786212824,0.0,0,0,0.0533362024725808,9.50655127836018e-6,105190.617577197,3205.98175846469,0.000512548316848120,1951.03557484966,7.40216170479176,1.2933017233263173,0,1.0,-0.12052152142843864,-0.22987272557802677,0.0,0.0,9.993606299315744,9,11,4.551494632080209,10000,19000,16.5000000000000,19.0000000000000,6519.979093021583,10000,25000,17.0000000000000,20.0000000000000,4.566769700792589,4.612182791672921,4.560574656115655,4.594407923457937,4984.265098177724,0.04803932452021866,4499.621045724882,1.00000000000000,0.0100000000000000,0.500000000000000,205500,205500,105000.000000000,0.0500000000000000,3000.00000000000,9.99046658659209,9,11,4.504667183058035,10000,19000,16.5000000000000,19.0000000000000,6446.158640988467,10000,25000,17.0000000000000,20.0000000000000,4.608194263866241,4.55485806139366,4.592203117400873,4.559530533253755,1.00000000000000,0.0100000000000000,0.500000000000000,215500,3000.00000000000,105000.000000000,0.0500000000000000,11,22,11,21,-121,11,11,18802.486607049526,11,90.3222048480506,500000,1,1,-111,121,111,1,15,11,11,11,1
0.0,0.0,0.0,0,0.0,1.0,1.0,1.0,15328.3993708346,1.0,1.0,1.0,17.6017627200093,1.0,1.0,1.0,22248.2216901992,1.0,1.0,1.0,1.0,18.9068636561281,1.0,1.0,0.057864661722120125,0.026116786113779433,0.05399010410350147,0.027873317989722035,-0.003874557618618657,0.027873317989722035,0.0,0,0,0.0578646617221201,9.73236009732360e-6,102750.000000000,3397.48228111305,0.000482938848032909,2070.65553759688,7.40267953433924,1.3051009361188373,0,1.0,1.0,1.0,14361.1739685522,1.0,1.0,1.0,1.0,17.4213098178847,1.0,1.0,21412.7290797751,1.0,1.0,1.0,1.0,18.7512559858660,1.0,1.0,0.053056201351701304,0.03879948980927672,0.05399010410350147,0.015190614294224747,0.0009339027518001641,0.015190614294224747,0.0009339027518001641,0.000933902751800164,0.0466951375900082,0.0530562013517013,9.50655127836018e-6,105190.617577197,3189.15119227748,0.000502166301737949,1991.37217399713,7.21169762040316,1.3299461679813256,0.0466951375900082,1.0,-0.2887609572051114,-0.14227300332730977,0.0,0.0,10.199083185670068,9,11,4.511693690367938,10000,19000,16.5000000000000,19.0000000000000,6919.822319364588,10000,25000,17.0000000000000,20.0000000000000,4.55633644863817,4.61420111036029,4.559426338465121,4.5855431245789005,5302.135741273039,0.045831340199997905,4500.898655038765,1.00000000000000,0.0100000000000000,0.500000000000000,205500,205500,105000.000000000,0.0500000000000000,3000.00000000000,10.209612197481555,9,11,4.503133624811439,10000,19000,16.5000000000000,19.0000000000000,7051.555111222902,10000,25000,17.0000000000000,20.0000000000000,4.603632958758465,4.5505767574067635,4.594066299013713,4.555266809204436,1.00000000000000,0.0100000000000000,0.500000000000000,215500,3000.00000000000,105000.000000000,0.0500000000000000,11,22,11,21,-121,11,11,18891.948044906618,11,113.23037198232737,500000,1,1,-111,122,111,1,15,11,11,11,2
0.0,0.0,0.0,0,0.0,1.0,1.0,1.0,18928.0529827910,1.0,1.0,1.0,18.2771474043886,1.0,1.0,1.0,25434.3833685412,1.0,0.0,0.0,1.0,19.5809985899001,1.0,1.0,0.07196712255891313,0.02766369756666709,0.05294415992068333,0.025280462354016243,-0.0190229626382298,0.025280462354016243,0.0,0,0,0.0719671225589131,9.73236009732360e-6,102750.000000000,4225.49819595904,0.000437055806687130,2288.03732772702,8.27261546541048,1.303851185511497,0,1.0,1.0,1.0,12810.6435668553,1.0,1.0,1.0,1.0,17.0418451688488,1.0,1.0,19367.0385389869,1.0,1.0,1.0,1.0,18.3557291633994,1.0,1.0,0.047637226208907535,0.03391506107384412,0.05294415992068333,0.01902909884683921,0.005306933711775798,0.01902909884683921,0.005306933711775798,0.00530693371177580,0.265346685588790,0.0476372262089075,9.50655127836018e-6,105190.617577197,2863.42242547407,0.000549629761885228,1819.40657028834,7.04111097324719,1.313883994550604,0.265346685588790,0.0,-0.1990957860893699,-0.14442834822370068,0.0,0.0,10.004531938978081,9,11,4.47948433651976,10000,19000,16.5000000000000,19.0000000000000,6506.330385750171,10000,25000,17.0000000000000,20.0000000000000,4.552653925361744,4.624621047920657,4.562325029852137,4.589988727418804,4990.086643360114,0.04774189468281333,4499.76336091305,1.00000000000000,0.0100000000000000,0.500000000000000,205500,205500,105000.000000000,0.0500000000000000,3000.00000000000,10.000734195601641,9,11,4.473892309037957,10000,19000,16.5000000000000,19.0000000000000,6556.394972131602,10000,25000,17.0000000000000,20.0000000000000,4.60367758970462,4.556040363495712,4.590800014233013,4.556884953159169,1.00000000000000,0.0100000000000000,0.500000000000000,215500,3000.00000000000,105000.000000000,0.0500000000000000,11,22,11,21,-121,11,11,19100.74595366869,11,98.57442686950372,500000,1,1,-111,121,111,1,15,11,11,11,3
0.0,0.0,0.0,0,0.0,1.0,1.0,1.0,16355.9436111746,1.0,1.0,1.0,17.8215922786796,1.0,1.0,1.0,23303.6735048851,1.0,1.0,1.0,1.0,19.1300657252806,1.0,1.0,0.06143792124218539,0.02639826763012465,0.05680642073988802,0.030408153109763372,-0.004631500502297367,0.030408153109763372,0.0,0,0,0.0614379212421854,9.73236009732360e-6,102750.000000000,3607.28366150546,0.000465547977640192,2148.00632379262,7.61447647057934,1.3084734466010184,0,1.0,1.0,1.0,14698.8505760459,1.0,1.0,1.0,1.0,17.4899311859839,1.0,1.0,21697.1357991756,1.0,1.0,1.0,1.0,18.8079257721717,1.0,1.0,0.054212123416182756,0.03118530047816659,0.05680642073988802,0.025621120261721433,0.0025942973237052663,0.025621120261721433,0.0025942973237052663,0.00259429732370527,0.129714866185263,0.0542121234161828,9.50655127836018e-6,105190.617577197,3258.63242418257,0.000495208277785848,2019.35235103733,7.27899247919519,1.3179945861877884,0.129714866185263,1.0,-0.18988640448016142,-0.10258698309219288,0.0,0.0,10.207115808100221,9,11,4.534144011382957,10000,19000,16.5000000000000,19.0000000000000,6947.729893710499,10000,25000,17.0000000000000,20.0000000000000,4.556006772773873,4.617444694016059,4.563977124896216,4.590375392526341,5309.798155826857,0.04813002244314843,4498.799626519798,1.00000000000000,0.0100000000000000,0.500000000000000,205500,205500,105000.000000000,0.0500000000000000,3000.00000000000,10.210938706788738,9,11,4.510742134327438,10000,19000,16.5000000000000,19.0000000000000,6998.2852231297,10000,25000,17.0000000000000,20.0000000000000,4.60668093921587,4.5524688157996875,4.596996463743955,4.5658111632657885,1.00000000000000,0.0100000000000000,0.500000000000000,215500,3000.00000000000,105000.000000000,0.0500000000000000,11,22,11,21,-121,11,11,19101.031330344475,11,111.16535948015493,500000,1,1,-111,122,111,1,15,11,11,11,4
0.0,0.0,0.0,0,0.0,1.0,1.0,1.0,17003.8786314465,1.0,1.0,1.0,17.9377595209822,1.0,1.0,1.0,23419.5695086345,1.0,1.0,1.0,1.0,19.2222078149199,1.0,1.0,0.06412545360143529,0.0253410606418889,0.05209864135653512,0.02675758071464622,-0.012026812244900167,0.02675758071464622,0.0,0,0,0.0641254536014353,9.73236009732360e-6,102750.000000000,3765.08020431284,0.000465802797091189,2146.83124756813,7.92045422792687,1.284448293937705,0,1.0,1.0,1.0,17139.6383185482,1.0,1.0,1.0,1.0,17.9016841936030,1.0,1.0,23728.8566078508,1.0,1.0,1.0,1.0,19.2208734051922,1.0,1.0,0.06393467209478843,0.02666732821354678,0.05209864135653512,0.02543131314298834,-0.011836030738253303,0.02543131314298834,0.0,0,0,0.0639346720947884,9.50655127836018e-6,105190.617577197,3843.04436699794,0.000460414576233772,2171.95556270195,7.89133931323451,1.3191892115892154,0,1.0,-0.05419224318836474,-0.21859615745579977,0.0,0.0,10.017305293055308,9,11,4.516206218387801,10000,19000,16.5000000000000,19.0000000000000,6415.690877188005,10000,25000,17.0000000000000,20.0000000000000,4.55034795661967,4.614473410221105,4.559251225397596,4.584592286039485,4994.900073026343,0.046931536693892335,4499.509583279306,1.00000000000000,0.0100000000000000,0.500000000000000,205500,205500,105000.000000000,0.0500000000000000,3000.00000000000,10.010344880368457,9,11,4.459911643418569,10000,19000,16.5000000000000,19.0000000000000,6589.2182893025365,10000,25000,17.0000000000000,20.0000000000000,4.611339655676415,4.547404983581626,4.593245441209655,4.566578112996108,1.00000000000000,0.0100000000000000,0.500000000000000,215500,3000.00000000000,105000.000000000,0.0500000000000000,11,22,11,21,-121,11,11,18926.683453632933,11,105.0590216995777,500000,1,1,-111,121,111,1,15,11,11,11,5
0.010494514356793494,0.0,0.0,0.0104945143567935,0.010494514356793494,1.0,1.0,1.0,16694.9172083430,1.0,1.0,1.0,17.9286238708665,1.0,1.0,1.0,23745.6965176539,1.0,1.0,1.0,1.0,19.2646900469127,1.0,1.0,0.06235864514702261,0.023506223905601864,0.05552412787167354,0.032017903966071674,-0.006834517275349068,0.032017903966071674,0.0,0,0,0.0623586451470226,9.73236009732360e-6,102750.000000000,3661.34330791804,0.000462615786986427,2161.62099982407,7.72333226301084,1.3360661760462236,0.0104945143567935,1.0,1.0,1.0,16163.2804381414,1.0,1.0,1.0,1.0,17.7259274829748,1.0,1.0,23263.0283809130,1.0,1.0,1.0,1.0,19.0712728226402,1.0,1.0,0.05978015575189044,0.033055630277122994,0.05552412787167354,0.022468497594550545,-0.004256027880216902,0.022468497594550545,0.0,0,0,0.0597801557518904,9.50655127836018e-6,105190.617577197,3593.32085851565,0.000467786087843655,2137.72924417159,7.56095772287802,1.3453453396654413,0,1.0,0.010494514356793494,-0.12328006546850578,0.0,0.0,10.205291607855665,9,11,4.559779240651508,10000,19000,16.5000000000000,19.0000000000000,7050.779309310892,10000,25000,17.0000000000000,20.0000000000000,4.555130747216618,4.61748939236364,4.563935776162458,4.58744200006806,5277.268024384863,0.04733573993425234,4499.006041895318,1.00000000000000,0.0100000000000000,0.500000000000000,205500,205500,105000.000000000,0.0500000000000000,3000.00000000000,10.164969760096774,9,11,4.498145608076361,10000,19000,16.5000000000000,19.0000000000000,7099.747942771626,10000,25000,17.0000000000000,20.0000000000000,4.611964213486219,4.552184057734329,4.592383454111082,4.559327823833959,1.00000000000000,0.0100000000000000,0.500000000000000,215500,3000.00000000000,105000.000000000,0.0500000000000000,11,22,11,21,-121,11,11,18906.00292465462,11,104.45346120240504,500000,1,1,-111,122,111,1,15,11,11,11,6
0.0,0.0,0.0,0,0.0,1.0,1.0,1.0,14783.8498979018,1.0,1.0,1.0,17.4204281770127,1.0,1.0,1.0,21281.5803604868,1.0,1.0,1.0,1.0,18.7161848474077,1.0,1.0,0.05625725297459905,0.022169908363919966,0.05256368899874431,0.03039378063482434,-0.003693563975854741,0.03039378063482434,0.0,0,0,0.0562572529745990,9.73236009732360e-6,102750.000000000,3303.10442465146,0.000502162308174647,1991.38801085049,7.42389218843786,1.2957566703950312,0,1.0,1.0,1.0,13494.4989512678,1.0,1.0,1.0,1.0,17.1702735799615,1.0,1.0,19974.0330810996,1.0,1.0,1.0,1.0,18.4624015957551,1.0,1.0,0.050058403389749095,0.037999108109378454,0.05256368899874431,0.014564580889365852,0.0025052856089952114,0.014564580889365852,0.0025052856089952114,0.00250528560899521,0.125264280449761,0.0500584033897491,9.50655127836018e-6,105190.617577197,3008.95678142638,0.000531757906163577,1880.55502026214,7.17580650705273,1.292128015793631,0.125264280449761,1.0,-0.0614168595332385,-0.0855860317669717,0.0,0.0,9.996535988574855,9,11,4.475744026609674,10000,19000,16.5000000000000,19.0000000000000,6497.73046258505,10000,25000,17.0000000000000,20.0000000000000,4.5590626161616745,4.615319869136274,4.567449883529687,4.589619791893607,5014.6224295369575,0.04715341496312977,4498.477500485607,1.00000000000000,0.0100000000000000,0.500000000000000,205500,205500,105000.000000000,0.0500000000000000,3000.00000000000,9.994467072908773,9,11,4.484776595850856,10000,19000,16.5000000000000,19.0000000000000,6479.534129831826,10000,25000,17.0000000000000,20.0000000000000,4.609762901135787,4.559704497746038,4.593241781696553,4.555242673587174,1.00000000000000,0.0100000000000000,0.500000000000000,215500,3000.00000000000,105000.000000000,0.0500000000000000,11,22,11,21,-121,11,11,19219.433904524816,11,118.74920268487551,500000,1,1,-111,121,111,1,15,11,11,11,7
0.0,0.0,0.0,0,0.0,1.0,1.0,1.0,14699.9589704791,1.0,1.0,1.0,17.5661459126630,1.0,1.0,1.0,21824.9006289893,1.0,1.0,1.0,1.0,18.9063441762919,1.0,1.0,0.054695408036513626,0.035919410525663054,0.05815963323637856,0.022240222710715504,0.0034642251998649315,0.022240222710715504,0.0034642251998649315,0.00346422519986493,0.173211259993247,0.0546954080365136,9.73236009732360e-6,102750.000000000,3211.40181471530,0.000499490036897696,2002.04193503226,7.34248304855921,1.3401982636289653,0.173211259993247,1.0,1.0,1.0,14773.0684320435,1.0,1.0,1.0,1.0,17.4598365782022,1.0,1.0,21595.6289051233,1.0,1.0,1.0,1.0,18.7431570793046,1.0,1.0,0.054872886993696746,0.04442574393756349,0.05815963323637856,0.013733889298815069,0.0032867462426818123,0.013733889298815069,0.0032867462426818123,0.00328674624268181,0.164337312134091,0.0548728869936967,9.50655127836018e-6,105190.617577197,3298.35021206326,0.000491281416609013,2035.49323502267,7.25773398695621,1.2833205011024607,0.164337312134091,1.0,-0.18498038920880283,-0.162050807993827,0.0,0.0,10.223662864103758,9,11,4.577427496964364,10000,19000,16.5000000000000,19.0000000000000,7124.941658510224,10000,25000,17.0000000000000,20.0000000000000,4.556701184529786,4.611396592566299,4.560482572440502,4.596401982966165,5316.334046887535,0.04923932235181676,4500.934261409619,1.00000000000000,0.0100000000000000,0.500000000000000,205500,205500,105000.000000000,0.0500000000000000,3000.00000000000,10.202102591245971,9,11,4.478926579116137,10000,19000,16.5000000000000,19.0000000000000,6822.560473079784,10000,25000,17.0000000000000,20.0000000000000,4.610657539303377,4.55578465230968,4.5988670079358505,4.554441263998287,1.00000000000000,0.0100000000000000,0.500000000000000,215500,3000.00000000000,105000.000000000,0.0500000000000000,11,22,11,21,-121,11,11,19128.226434276137,11,110.84835607750036,500000,1,1,-111,122,111,1,15,11,11,11,8
0.0,0.0,0.0,0,0.0,1.0,1.0,1.0,13456.6397806419,1.0,1.0,1.0,17.2249905286173,1.0,1.0,1.0,19922.4536024972,1.0,1.0,1.0,1.0,18.5265541523916,1.0,1.0,0.05062281789226741,0.023745988723094413,0.05160052142117976,0.027854532698085348,0.0009777035289123479,0.027854532698085348,0.0009777035289123479,0.000977703528912348,0.0488851764456174,0.0506228178922674,9.73236009732360e-6,102750.000000000,2972.28259338884,0.000537741037716814,1859.63117906322,7.23618743982373,1.3015636237742525,0.0488851764456174,1.0,1.0,1.0,14779.9480047938,1.0,1.0,1.0,1.0,17.5137243856266,1.0,1.0,21319.5270853874,1.0,1.0,1.0,1.0,18.8301369023813,1.0,1.0,0.054304321888983154,0.021499000717260408,0.05160052142117976,0.030101520703919353,-0.0027038004678033925,0.030101520703919353,0.0,0,0,0.0543043218889832,9.50655127836018e-6,105190.617577197,3264.17437520745,0.000507655455637216,1969.83995522078,7.50312123866794,1.3164125167546736,0,1.0,-0.2389855066758163,-0.24372339139794436,0.0,0.0,9.988803088793581,9,11,4.527375630625792,10000,19000,16.5000000000000,19.0000000000000,6465.813821855339,10000,25000,17.0000000000000,20.0000000000000,4.558522705824195,4.609145523716462,4.567189343722736,4.590935332445831,4967.727818872104,0.046742364030801335,4500.019296711007,1.00000000000000,0.0100000000000000,0.500000000000000,205500,205500,105000.000000000,0.0500000000000000,3000.00000000000,10.010603146958696,9,11,4.52792844556732,10000,19000,16.5000000000000,19.0000000000000,6539.579080593631,10000,25000,17.0000000000000,20.0000000000000,4.611341591182798,4.557037269293815,4.591015361359709,4.5695163606424485,1.00000000000000,0.0100000000000000,0.500000000000000,215500,3000.00000000000,105000.000000000,0.0500000000000000,11,22,11,21,-121,11,11,18948.229292083262,11,108.46801099648391,500000,1,1,-111,121,111,1,15,11,11,11,9
0.0,0.0,0.0,0,0.0,1.0,1.0,1.0,15810.9829299458,1.0,1.0,1.0,17.7196152758537,1.0,1.0,1.0,22760.8203618230,1.0,1.0,1.0,1.0,19.0256251019855,1.0,1.0,0.059028214235739895,0.020002308079209108,0.05647043239364041,0.036468124314431305,-0.0025577818420994824,0.036468124314431305,0.0,0,0,0.0590282142357399,9.73236009732360e-6,102750.000000000,3465.79943584130,0.000476453197386046,2098.84203839176,7.53319337078888,1.3060098261317572,0,1.0,1.0,1.0,14257.1000056274,1.0,1.0,1.0,1.0,17.3690136233638,1.0,1.0,21325.1202290872,1.0,1.0,1.0,1.0,18.6972322980621,1.0,1.0,0.05265201741270964,0.027366967903462047,0.05647043239364041,0.029103464490178366,0.0038184149809307733,0.029103464490178366,0.0038184149809307733,0.00381841498093077,0.190920749046539,0.0526520174127096,9.50655127836018e-6,105190.617577197,3164.85613047329,0.000503889607598746,1984.56166771416,7.18400452733164,1.3282186746982938,0.190920749046539,1.0,-0.16656826253509852,-0.0629007811060874,0.0,0.0,10.186421905064835,9,11,4.562001703398567,10000,19000,16.5000000000000,19.0000000000000,6949.837431877162,10000,25000,17.0000000000000,20.0000000000000,4.557458556912597,4.616486771148337,4.565043250385244,4.585045558464453,5321.428133861548,0.04773226031272357,4497.996246076834,1.00000000000000,0.0100000000000000,0.500000000000000,205500,205500,105000.000000000,0.0500000000000000,3000.00000000000,10.185009096032191,9,11,4.504817728790487,10000,19000,16.5000000000000,19.0000000000000,7068.020223459801,10000,25000,17.0000000000000,20.0000000000000,4.606926808421444,4.5542747910087344,4.594469930801066,4.567102962897604,1.00000000000000,0.0100000000000000,0.500000000000000,215500,3000.00000000000,105000.000000000,0.0500000000000000,11,22,11,21,-121,11,11,18991.41484390989,11,105.28337949549434,500000,1,1,-111,122,111,1,15,11,11,11,10
0.0,0.0,0.0,0,0.0,1.0,1.0,1.0,15821.8181012569,1.0,1.0,1.0,17.6679649131006,1.0,1.0,1.0,22329.4219672850,1.0,1.0,1.0,1.0,18.9721307896273,1.0,1.0,0.059898748133721647,0.030490103710291372,0.054000613792765766,0.023510510082474394,-0.005898134340955881,0.023510510082474394,0.0,0,0,0.0598987481337216,9.73236009732360e-6,102750.000000000,3516.91221185137,0.000484746799481016,2062.93265075835,7.66957568655511,1.3041658765266715,0,1.0,1.0,1.0,14781.6841005299,1.0,1.0,1.0,1.0,17.4641190597442,1.0,1.0,21254.3743646762,1.0,1.0,1.0,1.0,18.7612880247904,1.0,1.0,0.05473920795008791,0.02555885252255674,0.054000613792765766,0.028441761270209025,-0.0007385941573221436,0.028441761270209025,0.0,0,0,0.0547392079500879,9.50655127836018e-6,105190.617577197,3290.31490854650,0.000504328740769075,1982.83365424515,7.45482812886651,1.2971689650461526,0,1.0,-0.15694167543352586,-0.19707918869025293,0.0,0.0,9.998389226545509,9,11,4.4987810750408315,10000,19000,16.5000000000000,19.0000000000000,6507.603866028078,10000,25000,17.0000000000000,20.0000000000000,4.561125931158486,4.621024679292208,4.563345125625399,4.59383522933569,4989.85902265707,0.04870523655685814,4500.546327427923,1.00000000000000,0.0100000000000000,0.500000000000000,205500,205500,105000.000000000,0.0500000000000000,3000.00000000000,10.009290930877743,9,11,4.492483093984387,10000,19000,16.5000000000000,19.0000000000000,6472.690264146278,10000,25000,17.0000000000000,20.0000000000000,4.613255515552679,4.558516307602591,4.592283303965504,4.566724451442948,1.00000000000000,0.0100000000000000,0.500000000000000,215500,3000.00000000000,105000.000000000,0.0500000000000000,11,22,11,21,-121,11,11,18532.344021033558,11,92.18617859571275,500000,1,1,-111,121,111,1,15,11,11,11,11
0.0,0.0,0.0,0,0.0,1.0,1.0,1.0,17833.8634606766,1.0,1.0,1.0,18.0671031916811,1.0,1.0,1.0,24847.9752998947,1.0,1.0,1.0,1.0,19.3967977406646,1.0,1.0,0.06752612930601387,0.031593413794346326,0.05730741696902502,0.025714003174678694,-0.010218712336988851,0.025714003174678694,0.0,0,0,0.0675261293060139,9.73236009732360e-6,102750.000000000,3964.74844925310,0.000441796998242038,2263.48301138106,7.87894734398528,1.3296945489835612,0,1.0,1.0,1.0,16970.9023271587,1.0,1.0,1.0,1.0,17.8669536814396,1.0,1.0,23911.9393113345,1.0,1.0,1.0,1.0,19.1827951241932,1.0,1.0,0.06294399870686629,0.03337449676340576,0.05730741696902502,0.02393292020561926,-0.005636581737841269,0.02393292020561926,0.0,0,0,0.0629439987068663,9.50655127836018e-6,105190.617577197,3783.49605528775,0.000453879999702650,2203.22552360785,7.70275314320449,1.315841442753605,0,1.0,-0.060337986641119376,-0.12001586936760976,0.0,0.0,10.188155847695779,9,11,4.498107178536444,10000,19000,16.5000000000000,19.0000000000000,7014.1118392181,10000,25000,17.0000000000000,20.0000000000000,4.552074778307731,4.619600907613745,4.559623867525078,4.591217281319424,5274.979764773642,0.048886389264071385,4499.848846445247,1.00000000000000,0.0100000000000000,0.500000000000000,205500,205500,105000.000000000,0.0500000000000000,3000.00000000000,10.164200538235086,9,11,4.485508132997909,10000,19000,16.5000000000000,19.0000000000000,6941.036984175821,10000,25000,17.0000000000000,20.0000000000000,4.608122942078998,4.5451789433721315,4.597118804921136,4.56374430815773,1.00000000000000,0.0100000000000000,0.500000000000000,215500,3000.00000000000,105000.000000000,0.0500000000000000,11,22,11,21,-121,11,11,19158.840867343817,11,103.79773759632486,500000,1,1,-111,122,111,1,15,11,11,11,12
0.0,0.0,0.0,0,0.0,1.0,1.0,1.0,15973.0075189983,1.0,1.0,1.0,17.6916498350115,1.0,1.0,1.0,22433.3236153864,1.0,1.0,1.0,1.0,18.9840285813911,1.0,1.0,0.06036870377445869,0.027301636489177383,0.053461754901075395,0.026160118411898012,-0.006906948873383292,0.026160118411898012,0.0,0,0,0.0603687037744587,9.73236009732360e-6,102750.000000000,3544.50532161465,0.000482175656622326,2073.93298742012,7.70179538870635,1.29237874637959,0,1.0,1.0,1.0,12153.5063373617,1.0,1.0,1.0,1.0,16.9059835860446,1.0,1.0,18652.4828727779,1.0,1.0,1.0,1.0,18.2060963084372,1.0,1.0,0.04512878693765021,0.03998189043618794,0.053461754901075395,0.013479864464887456,0.008332967963425184,0.013479864464887456,0.008332967963425184,0.00833296796342518,0.416648398171259,0.0451287869376502,9.50655127836018e-6,105190.617577197,2712.64283913210,0.000568693022634153,1758.41791652034,6.91161425459754,1.3001127223925628,0.416648398171259,1.0,-0.19231296989849073,-0.15834671897355654,0.0,0.0,9.989854446305108,9,11,4.506413750204786,10000,19000,16.5000000000000,19.0000000000000,6460.316096388132,10000,25000,17.0000000000000,20.0000000000000,4.555830529936394,4.616199233710852,4.561185318078086,4.588486954567263,4998.779277735542,0.04814350414345205,4501.512367395601,1.00000000000000,0.0100000000000000,0.500000000000000,205500,205500,105000.000000000,0.0500000000000000,3000.00000000000,9.994369331447094,9,11,4.480319399973103,10000,19000,16.5000000000000,19.0000000000000,6498.976535416284,10000,25000,17.0000000000000,20.0000000000000,4.605766645242132,4.5606378583044815,4.596237024720749,4.556255134284561,1.00000000000000,0.0100000000000000,0.500000000000000,215500,3000.00000000000,105000.000000000,0.0500000000000000,11,22,11,21,-121,11,11,18964.679329046372,11,104.1631030383218,500000,1,1,-111,121,111,1,15,11,11,11,13
0.0,0.0,0.0,0,0.0,1.0,1.0,1.0,19934.2422647972,1.0,0.0,0.0,18.4710046528285,1.0,1.0,1.0,26894.1089754344,1.0,0.0,0.0,1.0,19.7857653839458,1.0,1.0,0.07514415786317485,0.023904311540551504,0.05682542712907427,0.032921115588522766,-0.018318730734100584,0.032921115588522766,0.0,0,0,0.0751441578631749,9.73236009732360e-6,102750.000000000,4412.03555453784,0.000415558773510919,2406.39847776845,8.28384926642866,1.31476073111724,0,1.0,1.0,1.0,14960.2421456285,1.0,1.0,1.0,1.0,17.5286996892836,1.0,1.0,22004.6237888747,1.0,1.0,1.0,1.0,18.8594258000852,1.0,1.0,0.055319919130368156,0.03051630813326689,0.05682542712907427,0.02630911899580738,0.001505507998706114,0.02630911899580738,0.001505507998706114,0.00150550799870611,0.0752753999353057,0.0553199191303682,9.50655127836018e-6,105190.617577197,3325.22083293945,0.000489637927904550,2042.32544704939,7.32510196513589,1.3307261108015318,0.0752753999353057,0.0,-0.17512807761007945,-0.14822272142696788,0.0,0.0,10.18715538639988,9,11,4.5181508667342,10000,19000,16.5000000000000,19.0000000000000,6959.866710637134,10000,25000,17.0000000000000,20.0000000000000,4.548633611319552,4.623777769182727,4.561425727066387,4.585330038606939,5293.637500659813,0.04832201840918609,4501.492759173009,1.00000000000000,0.0100000000000000,0.500000000000000,205500,205500,105000.000000000,0.0500000000000000,3000.00000000000,10.203597724147764,9,11,4.499022139351845,10000,19000,16.5000000000000,19.0000000000000,7044.381643246174,10000,25000,17.0000000000000,20.0000000000000,4.607043314184012,4.551723395053644,4.594136611167356,4.563620303034089,1.00000000000000,0.0100000000000000,0.500000000000000,215500,3000.00000000000,105000.000000000,0.0500000000000000,11,22,11,21,-121,11,11,19089.317761396043,11,117.01846010894842,500000,1,1,-111,122,111,1,15,11,11,11,14
0.0,0.0,0.0,0,0.0,1.0,1.0,1.0,17653.0459339346,1.0,1.0,1.0,18.0764278320510,1.0,1.0,1.0,24158.3124944119,1.0,1.0,1.0,1.0,19.3786809078804,1.0,1.0,0.06623637674869265,0.028832327547316794,0.05152265620178408,0.02269032865446729,-0.014713720546908567,0.02269032865446729,0.0,0,0,0.0662363767486926,9.73236009732360e-6,102750.000000000,3889.02154910181,0.000457318515227644,2186.65977147726,8.07306475575237,1.3022530758293547,0,1.0,1.0,1.0,18327.9124769465,1.0,1.0,1.0,1.0,18.1618874205227,1.0,1.0,24802.3283099023,1.0,1.0,1.0,1.0,19.4579646610603,1.0,1.0,0.06820061095718088,0.03997522736086001,0.05152265620178408,0.011547428840924072,-0.016677954755396802,0.011547428840924072,0.0,0,0,0.0682006109571809,9.50655127836018e-6,105190.617577197,4099.46536327315,0.000444118677459299,2251.65040506914,8.13976824985127,1.2960772405375909,0,1.0,-0.15187684555563416,-0.09085573841187813,0.0,0.0,10.003363076298674,9,11,4.53919982469926,10000,19000,16.5000000000000,19.0000000000000,6505.266560477303,10000,25000,17.0000000000000,20.0000000000000,4.551662878465666,4.6178992552143585,4.561250516818378,4.5900828443656945,4995.393507774477,0.046410161647281505,4499.710171766459,1.00000000000000,0.0100000000000000,0.500000000000000,205500,205500,105000.000000000,0.0500000000000000,3000.00000000000,10.02211917067143,9,11,4.4708055448266775,10000,19000,16.5000000000000,19.0000000000000,6474.415832955741,10000,25000,17.0000000000000,20.0000000000000,4.6107620853500135,4.542561474392833,4.594281401534677,4.554306174173817,1.00000000000000,0.0100000000000000,0.500000000000000,215500,3000.00000000000,105000.000000000,0.0500000000000000,11,22,11,21,-121,11,11,18822.053281556193,11,98.20069962541261,500000,1,1,-111,121,111,1,15,11,11,11,15
0.0,0.02691779112671247,0.02691779112671247,0.0269177911267125,0.0,1.0,1.0,1.0,15872.6736758225,1.0,1.0,1.0,17.7057892188212,1.0,1.0,1.0,22926.4035378258,1.0,1.0,1.0,1.0,19.0338311370498,1.0,1.0,0.05995437456060415,0.021445529899597915,0.05559241102277894,0.034146881123181025,-0.004361963537825211,0.034146881123181025,0.0,0,0,0.0599543745606042,9.73236009732360e-6,102750.000000000,3520.17827777262,0.000472351653067302,2117.06679442385,7.49748364937260,1.32804191822869,0,1.0,1.0,1.0,13744.4247520159,1.0,1.0,1.0,1.0,17.2833983550878,1.0,1.0,20825.1135416520,1.0,1.0,1.0,1.0,18.6165159689651,1.0,1.0,0.050960531648043705,0.04082466601192358,0.05559241102277894,0.014767745010855357,0.004631879374735234,0.014767745010855357,0.004631879374735234,0.00463187937473523,0.231593968736762,0.0509605316480437,9.50655127836018e-6,105190.617577197,3063.18274064001,0.000514732964759901,1942.75492044006,7.07470850152450,1.3331176138772758,0.258511759863474,1.0,-0.05760159520456559,0.02691779112671247,0.0,0.0,10.208305569448559,9,11,4.509053923787599,10000,19000,16.5000000000000,19.0000000000000,7053.729862003336,10000,25000,17.0000000000000,20.0000000000000,4.550682246167955,4.610636620728559,4.566383084108591,4.587828614008189,5311.375917570003,0.04711317277731873,4501.257755977367,1.00000000000000,0.0100000000000000,0.500000000000000,205500,205500,105000.000000000,0.0500000000000000,3000.00000000000,10.208689853563314,9,11,4.4869751222038285,10000,19000,16.5000000000000,19.0000000000000,7080.6887896361495,10000,25000,17.0000000000000,20.0000000000000,4.607273232195433,4.556312700547389,4.596595018401089,4.555770352389166,1.00000000000000,0.0100000000000000,0.500000000000000,215500,3000.00000000000,105000.000000000,0.0500000000000000,11,22,11,21,-121,11,11,19179.015751467443,11,110.36888563417102,500000,1,1,-111,122,111,1,15,11,11,11,16
0.0,0.0,0.0,0,0.0,1.0,1.0,1.0,14397.8815762172,1.0,1.0,1.0,17.4110734036890,1.0,1.0,1.0,20936.0811655654,1.0,1.0,1.0,1.0,18.7264300349178,1.0,1.0,0.05436608450789482,0.02838662571325834,0.05258577585545442,0.024199150142196077,-0.0017803086524404016,0.024199150142196077,0.0,0,0,0.0543660845078948,9.73236009732360e-6,102750.000000000,3192.06581896354,0.000514456998764780,1943.79705670448,7.40709094427141,1.3153566312287497,0,1.0,1.0,1.0,13069.4920629613,1.0,1.0,1.0,1.0,17.1286858325318,1.0,1.0,19621.5198018384,1.0,1.0,1.0,1.0,18.4468244143468,1.0,1.0,0.048258974458409654,0.03725666440917674,0.05258577585545442,0.015329111446277674,0.004326801397044763,0.015329111446277674,0.004326801397044763,0.00432680139704476,0.216340069852238,0.0482589744584097,9.50655127836018e-6,105190.617577197,2900.79504395560,0.000545913327073147,1831.79261323659,7.13480989524730,1.3181385818149758,0.216340069852238,1.0,-0.11895068735634634,-0.08178370788464959,0.0,0.0,10.003982459417628,9,11,4.510521522044353,10000,19000,16.5000000000000,19.0000000000000,6538.199589348201,10000,25000,17.0000000000000,20.0000000000000,4.560834678245966,4.615200762753861,4.560700765954257,4.5890873916675154,4970.666839791194,0.04760011917934057,4499.397985972959,1.00000000000000,0.0100000000000000,0.500000000000000,205500,205500,105000.000000000,0.0500000000000000,3000.00000000000,9.993875937284528,9,11,4.505486208063644,10000,19000,16.5000000000000,19.0000000000000,6552.027738877093,10000,25000,17.0000000000000,20.0000000000000,4.610496070975334,4.562237096516925,4.596017678920158,4.558761014510981,1.00000000000000,0.0100000000000000,0.500000000000000,215500,3000.00000000000,105000.000000000,0.0500000000000000,11,22,11,21,-121,11,11,18868.02061074546,11,105.15582942599066,500000,1,1,-111,121,111,1,15,11,11,11,17
0.0,0.0,0.0,0,0.0,1.0,1.0,1.0,16954.6573010168,1.0,1.0,1.0,17.9060556391148,1.0,1.0,1.0,23936.6561874798,1.0,1.0,1.0,1.0,19.2199216200157,1.0,1.0,0.0640801354907703,0.029210385045060683,0.057219004296655836,0.028008619251595153,-0.00686113119411446,0.028008619251595153,0.0,0,0,0.0640801354907703,9.73236009732360e-6,102750.000000000,3762.41938381523,0.000453965484770343,2202.81063990116,7.69682922077113,1.313865980900832,0,1.0,1.0,1.0,14795.2660702150,1.0,1.0,1.0,1.0,17.4504372933672,1.0,1.0,21812.9120223412,1.0,1.0,1.0,1.0,18.7710113055432,1.0,1.0,0.054816529915652445,0.041858256002397454,0.057219004296655836,0.015360748294258382,0.0024024743810033902,0.015360748294258382,0.0024024743810033902,0.00240247438100339,0.120123719050170,0.0548165299156524,9.50655127836018e-6,105190.617577197,3294.96264872365,0.000491672635968684,2033.87361192030,7.27442746860064,1.3205740121760425,0.120123719050170,1.0,-0.1718193403690705,-0.14653480122903118,0.0,0.0,10.209226418343691,9,11,4.506317762966706,10000,19000,16.5000000000000,19.0000000000000,6981.998886462981,10000,25000,17.0000000000000,20.0000000000000,4.552531760283705,4.616611895774476,4.561365736966342,4.590576122011402,5314.087576630823,0.048435052542881885,4498.297622537148,1.00000000000000,0.0100000000000000,0.500000000000000,205500,205500,105000.000000000,0.0500000000000000,3000.00000000000,10.176009824766536,9,11,4.490268220778209,10000,19000,16.5000000000000,19.0000000000000,7017.645952126229,10000,25000,17.0000000000000,20.0000000000000,4.6088945216828705,4.554077991767218,4.5967230429616155,4.554864786959218,1.00000000000000,0.0100000000000000,0.500000000000000,215500,3000.00000000000,105000.000000000,0.0500000000000000,11,22,11,21,-121,11,11,19043.422666720515,11,91.49558966439493,500000,1,1,-111,122,111,1,15,11,11,11,18
0.0,0.0,0.0,0,0.0,1.0,1.0,1.0,14025.0696423929,1.0,1.0,1.0,17.3049096592138,1.0,1.0,1.0,20496.3020622210,1.0,1.0,1.0,1.0,18.5932314211340,1.0,1.0,0.053072970739843406,0.03262544476121221,0.05312142875910297,0.020495983997890765,4.8458019259567386e-05,0.020495983997890765,4.8458019259567386e-05,4.84580192595674e-5,0.00242290096297837,0.0530729707398434,9.73236009732360e-6,102750.000000000,3116.14156772509,0.000519994134425897,1923.09861553353,7.29295394895902,1.2883217619201563,0.00242290096297837,1.0,1.0,1.0,13532.0649792373,1.0,1.0,1.0,1.0,17.1238841416789,1.0,1.0,20011.1984645087,1.0,1.0,1.0,1.0,18.4137788828853,1.0,1.0,0.05072325835315894,0.03844594572012561,0.05312142875910297,0.014675483038977366,0.0023981704059440334,0.014675483038977366,0.0023981704059440334,0.00239817040594403,0.119908520297202,0.0507232583531589,9.50655127836018e-6,105190.617577197,3048.92049811229,0.000527069390109300,1897.28339145748,7.13233723552603,1.2898947412064106,0.119908520297202,1.0,-0.19358236757058545,-0.08302563204567129,0.0,0.0,10.011955710254773,9,11,4.50078064092312,10000,19000,16.5000000000000,19.0000000000000,6471.23241982807,10000,25000,17.0000000000000,20.0000000000000,4.556374702083296,4.60944767282314,4.559573825029136,4.592199269790348,5022.9939531434575,0.047617175846133314,4502.52924155226,1.00000000000000,0.0100000000000000,0.500000000000000,205500,205500,105000.000000000,0.0500000000000000,3000.00000000000,9.991546906152854,9,11,4.43831349082915,10000,19000,16.5000000000000,19.0000000000000,6479.133485271345,10000,25000,17.0000000000000,20.0000000000000,4.608875272522583,4.5581520141694245,4.595099559917567,4.556653614197441,1.00000000000000,0.0100000000000000,0.500000000000000,215500,3000.00000000000,105000.000000000,0.0500000000000000,11,22,11,21,-121,11,11,19005.21030246225,11,101.81620562261664,500000,1,1,-111,121,111,1,15,11,11,11,19
0.0,0.0,0.0,0,0.0,1.0,1.0,1.0,14520.2340596755,1.0,1.0,1.0,17.5026705564746,1.0,1.0,1.0,21421.2719748879,1.0,1.0,1.0,1.0,18.8030594743010,1.0,1.0,0.05403221201414077,0.032995071407673215,0.05602828329860662,0.0230332118909334,0.0019960712844658487,0.0230332118909334,0.0019960712844658487,0.00199607128446585,0.0998035642232924,0.0540322120141408,9.73236009732360e-6,102750.000000000,3172.46273397312,0.000503646345835453,1985.52021327821,7.31306282483106,1.3003889178263768,0.0998035642232924,1.0,1.0,1.0,13833.6924387264,1.0,1.0,1.0,1.0,17.2704813739173,1.0,1.0,20708.6583930418,1.0,1.0,1.0,1.0,18.5659574526269,1.0,1.0,0.051563143080298524,0.041142176382504836,0.05602828329860662,0.014886106916101781,0.004465140218308093,0.014886106916101781,0.004465140218308093,0.00446514021830809,0.223257010915405,0.0515631430802985,9.50655127836018e-6,105190.617577197,3099.40506562170,0.000511076382207272,1956.65468962023,7.07007348415238,1.2954760787095774,0.223257010915405,1.0,-0.2058173250536327,-0.23631648027366733,0.0,0.0,10.189607731643576,9,11,4.576959692601557,10000,19000,16.5000000000000,19.0000000000000,6901.037915212369,10000,25000,17.0000000000000,20.0000000000000,4.562711124311441,4.616743336325582,4.557421523210595,4.590416594618268,5306.903050779282,0.04750986206623649,4500.052778659446,1.00000000000000,0.0100000000000000,0.500000000000000,205500,205500,105000.000000000,0.0500000000000000,3000.00000000000,10.200407889764909,9,11,4.46333801030667,10000,19000,16.5000000000000,19.0000000000000,6874.965954315438,10000,25000,17.0000000000000,20.0000000000000,4.610428706694331,4.558865563614033,4.596676313689733,4.5555341373072284,1.00000000000000,0.0100000000000000,0.500000000000000,215500,3000.00000000000,105000.000000000,0.0500000000000000,11,22,11,21,-121,11,11,19259.12052681111,11,112.53099001435372,500000,1,1,-111,122,111,1,15,11,11,11,20
0.0,0.0,0.0,0,0.0,1.0,1.0,1.0,15686.2166125051,1.0,1.0,1.0,17.7014554661440,1.0,1.0,1.0,22723.8977588961,1.0,1.0,1.0,1.0,19.0309651345836,1.0,1.0,0.058798763268725907,0.02569748611106526,0.05655654245588112,0.03085905634481586,-0.0022422208128447876,0.03085905634481586,0.0,0,0,0.0587987632687259,9.73236009732360e-6,102750.000000000,3452.32738620662,0.000478572696535763,2089.54670259855,7.50699498269064,1.3295096684396055,0,1.0,1.0,1.0,13326.8616331672,1.0,1.0,1.0,1.0,17.2211036461406,1.0,1.0,20357.2392743590,1.0,1.0,1.0,1.0,18.5492335872845,1.0,1.0,0.049226633688735255,0.029467706652818393,0.05655654245588112,0.027088835803062726,0.007329908767145864,0.027088835803062726,0.007329908767145864,0.00732990876714586,0.366495438357293,0.0492266336887353,9.50655127836018e-6,105190.617577197,2958.95999940830,0.000526869609250110,1898.00281216313,7.02151838119707,1.328129941143961,0.366495438357293,1.0,-0.05079687419355429,-0.13709210711326938,0.0,0.0,10.194460483453344,9,11,4.543664275635495,10000,19000,16.5000000000000,19.0000000000000,7037.68114639098,10000,25000,17.0000000000000,20.0000000000000,4.5571011538486905,4.615899917117416,4.56190902747218,4.587606513583245,5293.441118522166,0.04807288609738741,4499.408572446804,1.00000000000000,0.0100000000000000,0.500000000000000,205500,205500,105000.000000000,0.0500000000000000,3000.00000000000,10.199585264943517,9,11,4.503900571765803,10000,19000,16.5000000000000,19.0000000000000,7030.377641191868,10000,25000,17.0000000000000,20.0000000000000,4.605252595659797,4.556025961971062,4.592466884270627,4.562999177617809,1.00000000000000,0.0100000000000000,0.500000000000000,215500,3000.00000000000,105000.000000000,0.0500000000000000,11,22,11,21,-121,11,11,19092.363885135754,11,115.98671960865362,500000,1,1,-111,122,111,1,15,11,11,11,21
0.0,0.0,0.0,0,0.0,1.0,1.0,1.0,18426.8840166077,1.0,1.0,1.0,18.2139146029673,1.0,1.0,1.0,24922.9097484041,1.0,1.0,1.0,1.0,19.5137293675219,1.0,1.0,0.06932972387099667,0.02867769451740987,0.054542837323059076,0.025865142805649208,-0.014786886547937597,0.025865142805649208,0.0,0,0,0.0693297238709967,9.73236009732360e-6,102750.000000000,4070.64521585423,0.000445755145883170,2243.38408481794,8.21387837299520,1.2998147645545526,0,1.0,1.0,1.0,14287.9097956451,1.0,1.0,1.0,1.0,17.3302059863779,1.0,1.0,20810.2934989655,1.0,1.0,1.0,1.0,18.6352948187957,1.0,1.0,0.05314228738703264,0.043235256709021286,0.054542837323059076,0.01130758061403779,0.0014005499360264378,0.01130758061403779,0.0014005499360264378,0.00140054993602644,0.0700274968013219,0.0531422873870326,9.50655127836018e-6,105190.617577197,3194.32573126106,0.000513148956930155,1948.75189064471,7.33182600834745,1.3050888324177492,0.0700274968013219,1.0,-0.04913378159308432,-0.2516673859751462,0.0,0.0,10.000036229972146,9,11,4.526772302542894,10000,19000,16.5000000000000,19.0000000000000,6496.025731796414,10000,25000,17.0000000000000,20.0000000000000,4.552015541433042,4.621345265304039,4.558964335571838,4.587642030089248,4997.654980494553,0.04911948583462515,4500.723744288299,1.00000000000000,0.0100000000000000,0.500000000000000,205500,205500,105000.000000000,0.0500000000000000,3000.00000000000,9.998379978030458,9,11,4.472903203269925,10000,19000,16.5000000000000,19.0000000000000,6522.3837033203845,10000,25000,17.0000000000000,20.0000000000000,4.6064398997564595,4.553297612369427,4.593954553681993,4.5507192969729715,1.00000000000000,0.0100000000000000,0.500000000000000,215500,3000.00000000000,105000.000000000,0.0500000000000000,11,22,11,21,-121,11,11,18944.60916999402,11,96.94731111281594,500000,1,1,-111,121,111,1,15,11,11,11,22
0.0,0.0,0.0,0,0.0,1.0,1.0,1.0,17249.7135425107,1.0,1.0,1.0,17.9797274009973,1.0,1.0,1.0,24165.5293213750,1.0,1.0,1.0,1.0,19.2866142698387,1.0,1.0,0.06495576255381863,0.026123972069258983,0.05652173409415419,0.030397762024895206,-0.008434028459664442,0.030397762024895206,0.0,0,0,0.0649557625538186,9.73236009732360e-6,102750.000000000,3813.83120137421,0.000451174275273513,2216.43842480552,7.78262700621797,1.3068868688413926,0,1.0,1.0,1.0,14769.1694695169,1.0,1.0,1.0,1.0,17.4501248261164,1.0,1.0,21785.6624654233,1.0,1.0,1.0,1.0,18.7760367437952,1.0,1.0,0.05479026552452737,0.03554590367863586,0.05652173409415419,0.02097583041551833,0.0017314685696268178,0.02097583041551833,0.0017314685696268178,0.00173146856962682,0.0865734284813409,0.0547902655245274,9.50655127836018e-6,105190.617577197,3293.38392442494,0.000492609806570374,2030.00424811304,7.27543771558380,1.3259119176788665,0.0865734284813409,1.0,-0.14211855268307333,-0.1071594137560653,0.0,0.0,10.197100394779303,9,11,4.522935765037331,10000,19000,16.5000000000000,19.0000000000000,6915.815778864281,10000,25000,17.0000000000000,20.0000000000000,4.550437615672992,4.615393378226811,4.564019814845862,4.590143786915121,5291.824368084307,0.04806003703978871,4499.60142260554,1.00000000000000,0.0100000000000000,0.500000000000000,205500,205500,105000.000000000,0.0500000000000000,3000.00000000000,10.17468711053258,9,11,4.484496739048047,10000,19000,16.5000000000000,19.0000000000000,7016.492995906419,10000,25000,17.0000000000000,20.0000000000000,4.608197231342401,4.5534069658178735,4.591649618041545,4.5561037143629095,1.00000000000000,0.0100000000000000,0.500000000000000,215500,3000.00000000000,105000.000000000,0.0500000000000000,11,22,11,21,-121,11,11,19174.24160995421,11,107.99461494574442,500000,1,1,-111,122,111,1,15,11,11,11,23
0.0,0.0,0.0,0,0.0,1.0,1.0,1.0,19248.8693848072,1.0,0.0,0.0,18.3904591032992,1.0,1.0,1.0,25789.1520768768,1.0,0.0,0.0,1.0,19.6941630827974,1.0,1.0,0.07208908673783743,0.030646507054045813,0.05387410188059002,0.023227594826544205,-0.01821498485724741,0.023227594826544205,0.0,0,0,0.0720890867378374,9.73236009732360e-6,102750.000000000,4232.65923560731,0.000435592593039959,2295.72315043536,8.38466492841563,1.3037039794982495,0,1.0,1.0,1.0,13618.0081074092,1.0,1.0,1.0,1.0,17.2152551826187,1.0,1.0,20092.0895397354,1.0,1.0,1.0,1.0,18.5057629671145,1.0,1.0,0.05040203421578937,0.025903608663068844,0.05387410188059002,0.027970493217521174,0.0034720676648006474,0.027970493217521174,0.0034720676648006474,0.00347206766480065,0.173603383240032,0.0504020342157894,9.50655127836018e-6,105190.617577197,3029.61206074623,0.000529409763626483,1888.89602856954,7.20950645320703,1.2905077844958686,0.173603383240032,0.0,-0.12762152768542726,-0.1719732669918828,0.0,0.0,10.005794174883551,9,11,4.5477011763375,10000,19000,16.5000000000000,19.0000000000000,6540.282692069625,10000,25000,17.0000000000000,20.0000000000000,4.543615170941862,4.6157042576797,4.560537758131086,4.591184265185132,5016.693049128187,0.048331274666126904,4500.551493377558,1.00000000000000,0.0100000000000000,0.500000000000000,205500,205500,105000.000000000,0.0500000000000000,3000.00000000000,10.00574872941164,9,11,4.494967617753313,10000,19000,16.5000000000000,19.0000000000000,6474.08143232624,10000,25000,17.0000000000000,20.0000000000000,4.609009673137265,4.558607638921476,4.595017075937854,4.569113467274785,1.00000000000000,0.0100000000000000,0.500000000000000,215500,3000.00000000000,105000.000000000,0.0500000000000000,11,22,11,21,-121,11,11,18834.333674758862,11,103.78969493729842,500000,1,1,-111,121,111,1,15,11,11,11,24
0.0,0.0,0.0,0,0.0,1.0,1.0,1.0,17191.3042767460,1.0,1.0,1.0,17.9790018143414,1.0,1.0,1.0,24064.6370246284,1.0,1.0,1.0,1.0,19.2791378613389,1.0,1.0,0.0648356899064666,0.02506937917902441,0.05792277756202741,0.032853398383003,-0.006912912344439186,0.032853398383003,0.0,0,0,0.0648356899064666,9.73236009732360e-6,102750.000000000,3806.78122165111,0.000451845687588091,2213.14494631542,7.76781670146238,1.3001360469975352,0,1.0,1.0,1.0,14735.9985942526,1.0,1.0,1.0,1.0,17.4688979299280,1.0,1.0,21782.2367655386,1.0,1.0,1.0,1.0,18.8017401737494,1.0,1.0,0.054795435935271364,0.03343180739814944,0.05792277756202741,0.024490970163877974,0.0031273416267560486,0.024490970163877974,0.0031273416267560486,0.00312734162675605,0.156367081337802,0.0547954359352714,9.50655127836018e-6,105190.617577197,3293.69471225311,0.000492766979383358,2029.35675854617,7.26141351548727,1.3328422438214254,0.156367081337802,1.0,-0.18573045733307386,-0.09687896648432671,0.0,0.0,10.211185112879022,9,11,4.515968550798307,10000,19000,16.5000000000000,19.0000000000000,6873.332747882447,10000,25000,17.0000000000000,20.0000000000000,4.552865736119378,4.617701426025844,4.563426848823967,4.588496228002992,5286.62578332118,0.0492818120775094,4497.962793630768,1.00000000000000,0.0100000000000000,0.500000000000000,205500,205500,105000.000000000,0.0500000000000000,3000.00000000000,10.207484414440694,9,11,4.474002566003511,10000,19000,16.5000000000000,19.0000000000000,7046.238171286002,10000,25000,17.0000000000000,20.0000000000000,4.6092864942520055,4.554491058316734,4.593472342887881,4.5600405354897315,1.00000000000000,0.0100000000000000,0.500000000000000,215500,3000.00000000000,105000.000000000,0.0500000000000000,11,22,11,21,-121,11,11,19228.990686625875,11,111.66532565549865,500000,1,1,-111,122,111,1,15,11,11,11,25
0.0,0.0,0.0,0,0.0,1.0,1.0,1.0,17657.9753599080,1.0,1.0,1.0,18.0531247896996,1.0,1.0,1.0,24153.3530444323,1.0,1.0,1.0,1.0,19.3499709029164,1.0,1.0,0.06623533377779989,0.040086146745647255,0.052924645777369585,0.01283849903172233,-0.013310688000430303,0.01283849903172233,0.0,0,0,0.0662353337777999,9.73236009732360e-6,102750.000000000,3888.96031181082,0.000456794902230138,2189.16628692189,8.06607312811138,1.2968461132168898,0,1.0,1.0,1.0,12578.5768860411,1.0,1.0,1.0,1.0,16.9973102728515,1.0,1.0,18988.7717932823,1.0,1.0,1.0,1.0,18.2771490680958,1.0,1.0,0.0466478928395917,0.038945382838894815,0.052924645777369585,0.01397926293847477,0.006276752937777887,0.01397926293847477,0.006276752937777887,0.00627675293777789,0.313837646888894,0.0466478928395917,9.50655127836018e-6,105190.617577197,2803.95466084089,0.000556295915205084,1797.60442718933,6.99741094079775,1.2798387952443355,0.313837646888894,1.0,-0.19611995200041016,-0.20352201906544043,0.0,0.0,9.987051661588174,9,11,4.540538844348841,10000,19000,16.5000000000000,19.0000000000000,6495.377684524239,10000,25000,17.0000000000000,20.0000000000000,4.552064237971383,4.618299571749183,4.557992219635377,4.598078366381024,5008.595559894257,0.047528287981243374,4497.903928419311,1.00000000000000,0.0100000000000000,0.500000000000000,205500,205500,105000.000000000,0.0500000000000000,3000.00000000000,9.999899332053763,9,11,4.486012937979833,10000,19000,16.5000000000000,19.0000000000000,6410.194907241194,10000,25000,17.0000000000000,20.0000000000000,4.611097557594729,4.564449664755137,4.597500172973463,4.558554790134568,1.00000000000000,0.0100000000000000,0.500000000000000,215500,3000.00000000000,105000.000000000,0.0500000000000000,11,22,11,21,-121,11,11,19298.61436747494,11,105.79078002495183,500000,1,1,-111,121,111,1,15,11,11,11,26
0.0,0.0,0.0,0,0.0,1.0,1.0,1.0,17226.9101655931,1.0,1.0,1.0,17.9659487125599,1.0,1.0,1.0,24395.7216621697,1.0,1.0,1.0,1.0,19.3162282594165,1.0,1.0,0.06459047625708969,0.036309796424842666,0.056715918647550524,0.020406122222707858,-0.007874557609539166,0.020406122222707858,0.0,0,0,0.0645904762570897,9.73236009732360e-6,102750.000000000,3792.38367738055,0.000452041129205937,2212.18808508999,7.78727192398394,1.3502795468565683,0,1.0,1.0,1.0,14020.2510407538,1.0,1.0,1.0,1.0,17.3276493002883,1.0,1.0,20823.8148236489,1.0,1.0,1.0,1.0,18.6091327130080,1.0,1.0,0.05181737597681124,0.03583387466003529,0.056715918647550524,0.020882043987515232,0.004898542670739282,0.020882043987515232,0.004898542670739282,0.00489854267073928,0.244927133536964,0.0518173759768112,9.50655127836018e-6,105190.617577197,3114.68673156034,0.000509414304571346,1963.03871137161,7.14211643384131,1.2814834127197061,0.244927133536964,1.0,-0.09878143516167256,-0.16997053036228343,0.0,0.0,10.178676788575991,9,11,4.542501927835514,10000,19000,16.5000000000000,19.0000000000000,7168.8114965766545,10000,25000,17.0000000000000,20.0000000000000,4.545585200253382,4.6101756765104716,4.561832931859971,4.598142728284814,5309.13136710509,0.04807619473827759,4500.373785395183,1.00000000000000,0.0100000000000000,0.500000000000000,205500,205500,105000.000000000,0.0500000000000000,3000.00000000000,10.185532866447,9,11,4.501335848221961,10000,19000,16.5000000000000,19.0000000000000,6803.563782895069,10000,25000,17.0000000000000,20.0000000000000,4.608709331288101,4.55689195531129,4.595273705285438,4.5594398306254025,1.00000000000000,0.0100000000000000,0.500000000000000,215500,3000.00000000000,105000.000000000,0.0500000000000000,11,22,11,21,-121,11,11,18991.782432289598,11,91.12153755207483,500000,1,1,-111,122,111,1,15,11,11,11,27
0.0,0.0,0.0,0,0.0,1.0,1.0,1.0,18564.6885363670,1.0,1.0,1.0,18.2829194065382,1.0,1.0,1.0,25090.3578711584,1.0,0.0,0.0,1.0,19.5849494898973,1.0,1.0,0.06927432974416536,0.024396374739133364,0.0540723180587989,0.029675943319665533,-0.015202011685366466,0.029675943319665533,0.0,0,0,0.0692743297441654,9.73236009732360e-6,102750.000000000,4067.39278926457,0.000445382113422505,2245.26304461483,8.26838021535768,1.302030083359126,0,1.0,1.0,1.0,14868.5623274409,1.0,1.0,1.0,1.0,17.4751068632763,1.0,1.0,21424.8231061421,1.0,1.0,1.0,1.0,18.7832406853051,1.0,1.0,0.05498256446965222,0.04008042193063854,0.0540723180587989,0.013991896128160354,-0.0009102464108533201,0.013991896128160354,0.0,0,0,0.0549825644696522,9.50655127836018e-6,105190.617577197,3304.94280716616,0.000502101470038549,1991.62930139046,7.46552700196787,1.3081338220287484,0,0.0,-0.10690969202767667,-0.0528703201021051,0.0,0.0,10.01453919118052,9,11,4.564272372554338,10000,19000,16.5000000000000,19.0000000000000,6525.669334791415,10000,25000,17.0000000000000,20.0000000000000,4.549071830925355,4.61834616066952,4.559433518107195,4.583829892846328,5011.919016460623,0.04854830296687847,4499.902567372839,1.00000000000000,0.0100000000000000,0.500000000000000,205500,205500,105000.000000000,0.0500000000000000,3000.00000000000,10.00957986130846,9,11,4.498886424055868,10000,19000,16.5000000000000,19.0000000000000,6556.260778701201,10000,25000,17.0000000000000,20.0000000000000,4.610450795459137,4.555468230989485,4.601589079601702,4.561508657671063,1.00000000000000,0.0100000000000000,0.500000000000000,215500,3000.00000000000,105000.000000000,0.0500000000000000,11,22,11,21,-121,11,11,19105.288509959813,11,113.24176934070763,500000,1,1,-111,121,111,1,15,11,11,11,28
0.0,0.0,0.0,0,0.0,1.0,1.0,1.0,15642.2821147416,1.0,1.0,1.0,17.6925922361210,1.0,1.0,1.0,22651.7603658749,1.0,1.0,1.0,1.0,19.0095879938150,1.0,1.0,0.05855337231712365,0.025913203378397753,0.05771638774191649,0.031803184363518734,-0.0008369845752071656,0.031803184363518734,0.0,0,0,0.0585533723171237,9.73236009732360e-6,102750.000000000,3437.91943176255,0.000478761443744205,2088.72291841088,7.48892156870784,1.3169957576940274,0,1.0,1.0,1.0,13003.9680018410,1.0,1.0,1.0,1.0,17.1130178999047,1.0,1.0,20099.1798723930,1.0,1.0,1.0,1.0,18.4461219625283,1.0,1.0,0.04845446431858669,0.029853198268291692,0.05771638774191649,0.027863189473624796,0.0092619234233298,0.027863189473624796,0.0092619234233298,0.00926192342332980,0.463096171166490,0.0484544643185867,9.50655127836018e-6,105190.617577197,2912.54572916823,0.000531230092885034,1882.42347975647,6.90809912949201,1.3331040626235506,0.463096171166490,1.0,-0.20747887278522203,-0.296420693439925,0.0,0.0,10.203670667413117,9,11,4.549926903529015,10000,19000,16.5000000000000,19.0000000000000,7009.478251133326,10000,25000,17.0000000000000,20.0000000000000,4.557196689026255,4.615750061343379,4.562003553527334,4.587916756905732,5322.324092680799,0.04882260437387911,4502.182719550276,1.00000000000000,0.0100000000000000,0.500000000000000,205500,205500,105000.000000000,0.0500000000000000,3000.00000000000,10.204918770412716,9,11,4.464811615354353,10000,19000,16.5000000000000,19.0000000000000,7095.211870551977,10000,25000,17.0000000000000,20.0000000000000,4.60824013009165,4.559785665773063,4.594795388927793,4.564942190659501,1.00000000000000,0.0100000000000000,0.500000000000000,215500,3000.00000000000,105000.000000000,0.0500000000000000,11,22,11,21,-121,11,11,19135.425238597607,11,103.74550026663381,500000,1,1,-111,122,111,1,15,11,11,11,29
0.0,0.0,0.0,0,0.0,1.0,1.0,1.0,16417.2913520560,1.0,1.0,1.0,17.8257947713543,1.0,1.0,1.0,22807.6077491270,1.0,1.0,1.0,1.0,19.1094374974160,1.0,1.0,0.06171608182648747,0.032448414458832175,0.05189507537038137,0.019446660911549195,-0.009821006456106098,0.019446660911549195,0.0,0,0,0.0617160818264875,9.73236009732360e-6,102750.000000000,3623.61566152662,0.000476840566813570,2097.13700887989,7.82843051385791,1.2836427260617764,0,1.0,1.0,1.0,15168.5947522039,1.0,1.0,1.0,1.0,17.5071046217239,1.0,1.0,21672.8079122638,1.0,1.0,1.0,1.0,18.8136261447416,1.0,1.0,0.05672995711088458,0.03756370994205227,0.05189507537038137,0.0143313654283291,-0.004834881740503207,0.0143313654283291,0.0,0,0,0.0567299571108846,9.50655127836018e-6,105190.617577197,3409.97669921249,0.000494130245421456,2023.75792468861,7.49526144760511,1.3065215230177,0,1.0,-0.2026566714034813,-0.14729870267127268,0.0,0.0,9.997364257496361,9,11,4.5306381486218195,10000,19000,16.5000000000000,19.0000000000000,6390.31639707096,10000,25000,17.0000000000000,20.0000000000000,4.5576730351366015,4.619389116963089,4.562772615898628,4.59522103035746,4978.267135651124,0.04693491197356113,4502.441284168824,1.00000000000000,0.0100000000000000,0.500000000000000,205500,205500,105000.000000000,0.0500000000000000,3000.00000000000,10.011843174118743,9,11,4.4482986513388685,10000,19000,16.5000000000000,19.0000000000000,6504.21316005987,10000,25000,17.0000000000000,20.0000000000000,4.611872821249191,4.555142864138307,4.5969051635824245,4.559341453640372,1.00000000000000,0.0100000000000000,0.500000000000000,215500,3000.00000000000,105000.000000000,0.0500000000000000,11,22,11,21,-121,11,11,18891.054617779333,11,93.76775590086166,500000,1,1,-111,121,111,1,15,11,11,11,30
0.0,0.0,0.0,0,0.0,1.0,1.0,1.0,17562.4873488710,1.0,1.0,1.0,18.0378620610980,1.0,1.0,1.0,24475.4072989894,1.0,1.0,1.0,1.0,19.3394263302837,1.0,1.0,0.06589431416321823,0.03601372783752055,0.05576510701678393,0.01975137917926338,-0.010129207146434296,0.01975137917926338,0.0,0,0,0.0658943141632182,9.73236009732360e-6,102750.000000000,3868.93758872610,0.000446748845700852,2238.39414387567,7.84602095074392,1.301564269185607,0,1.0,1.0,1.0,14862.7740702099,1.0,1.0,1.0,1.0,17.5035350038751,1.0,1.0,21871.7317105899,1.0,1.0,1.0,1.0,18.8231812452290,1.0,1.0,0.05508228103269097,0.03353479343495991,0.05576510701678393,0.02223031358182402,0.0006828259840929579,0.02223031358182402,0.0006828259840929579,0.000682825984092958,0.0341412992046479,0.0550822810326910,9.50655127836018e-6,105190.617577197,3310.93666250828,0.000490309292226260,2039.52895826118,7.28735623488341,1.3196462413538925,0.0341412992046479,1.0,-0.049172427647576,-0.2289742553625857,0.0,0.0,10.191841110354126,9,11,4.5393565923749275,10000,19000,16.5000000000000,19.0000000000000,6912.9199501184685,10000,25000,17.0000000000000,20.0000000000000,4.5476339562228185,4.613528270386037,4.556509176533128,4.592522904370648,5311.239801046401,0.04723297657897075,4498.613533595793,1.00000000000000,0.0100000000000000,0.500000000000000,205500,205500,105000.000000000,0.0500000000000000,3000.00000000000,10.216178768991734,9,11,4.488993775842935,10000,19000,16.5000000000000,19.0000000000000,7008.957640380079,10000,25000,17.0000000000000,20.0000000000000,4.610242297668169,4.555160016635478,4.595251232747508,4.561716439312548,1.00000000000000,0.0100000000000000,0.500000000000000,215500,3000.00000000000,105000.000000000,0.0500000000000000,11,22,11,21,-121,11,11,19262.721769532858,11,106.53877735649328,500000,1,1,-111,122,111,1,15,11,11,11,31
0.0,0.0,0.0,0,0.0,1.0,1.0,1.0,13138.8184858563,1.0,1.0,1.0,17.1435440793975,1.0,1.0,1.0,19610.9818864805,1.0,1.0,1.0,1.0,18.4386923362988,1.0,1.0,0.04959585481607576,0.035838508451729645,0.05323413301223589,0.017395624560506244,0.0036382781961601315,0.017395624560506244,0.0036382781961601315,0.00363827819616013,0.181913909808007,0.0495958548160758,9.73236009732360e-6,102750.000000000,2911.98518991531,0.000543518902163964,1839.86241512228,7.14119619916422,1.2951482569013346,0.181913909808007,1.0,1.0,1.0,14850.7347248682,1.0,1.0,1.0,1.0,17.4848433625082,1.0,1.0,21282.8881346460,1.0,1.0,1.0,1.0,18.7719851976467,1.0,1.0,0.05489629154802156,0.03549697263627127,0.05323413301223589,0.017737160375964615,-0.0016621585357856697,0.017737160375964615,0.0,0,0,0.0548962915480216,9.50655127836018e-6,105190.617577197,3299.75703464815,0.000503163177764530,1987.42683127735,7.47234287630276,1.2871418351385069,0,1.0,-0.15015922895586806,-0.1922103434426935,0.0,0.0,10.00234788023327,9,11,4.511979845006858,10000,19000,16.5000000000000,19.0000000000000,6472.163400624191,10000,25000,17.0000000000000,20.0000000000000,4.5622021512174165,4.611798006033492,4.559933833647427,4.595772342099156,4997.2374715686665,0.04794270013356181,4500.515816432051,1.00000000000000,0.0100000000000000,0.500000000000000,205500,205500,105000.000000000,0.0500000000000000,3000.00000000000,10.0125004862054,9,11,4.500554001077166,10000,19000,16.5000000000000,19.0000000000000,6432.153409777806,10000,25000,17.0000000000000,20.0000000000000,4.607921786473016,4.553025494924994,4.594429422222849,4.558932449586577,1.00000000000000,0.0100000000000000,0.500000000000000,215500,3000.00000000000,105000.000000000,0.0500000000000000,11,22,11,21,-121,11,11,19070.74563527466,11,116.33393736919025,500000,1,1,-111,121,111,1,15,11,11,11,32
0.0,0.0,0.0,0,0.0,1.0,1.0,1.0,17023.4045869762,1.0,1.0,1.0,17.9168867176749,1.0,1.0,1.0,24063.3626321882,1.0,1.0,1.0,1.0,19.2478831896653,1.0,1.0,0.0644307574182541,0.03270310348336558,0.05662203833211,0.023918934848744418,-0.007808719086144104,0.023918934848744418,0.0,0,0,0.0644307574182541,9.73236009732360e-6,102750.000000000,3783.00589984321,0.000453403183851411,2205.54251848333,7.71846583972571,1.3309964719903673,0,1.0,1.0,1.0,11538.5504658231,1.0,1.0,1.0,1.0,16.8806352946477,1.0,1.0,18549.7469656893,1.0,1.0,1.0,1.0,18.2061940189784,1.0,1.0,0.042736810106062784,0.030150926957167812,0.05662203833211,0.026471111374942187,0.013885228226047215,0.026471111374942187,0.013885228226047215,0.0138852282260472,0.694261411302361,0.0427368101060628,9.50655127836018e-6,105190.617577197,2568.86368476351,0.000578340301295882,1729.08579561084,6.67320875292186,1.3255587243307163,0.694261411302361,1.0,-0.041853591424288655,-0.2203231994793839,0.0,0.0,10.198420877949241,9,11,4.499967760473684,10000,19000,16.5000000000000,19.0000000000000,7039.958045212082,10000,25000,17.0000000000000,20.0000000000000,4.552190102309931,4.616620859728185,4.562707350986767,4.595410454470133,5289.238696992603,0.048164131314687074,4499.159596877459,1.00000000000000,0.0100000000000000,0.500000000000000,205500,205500,105000.000000000,0.0500000000000000,3000.00000000000,10.207426541725852,9,11,4.491694337173568,10000,19000,16.5000000000000,19.0000000000000,7011.196499866175,10000,25000,17.0000000000000,20.0000000000000,4.608171086482076,4.565434276376013,4.597588147730009,4.567437220772841,1.00000000000000,0.0100000000000000,0.500000000000000,215500,3000.00000000000,105000.000000000,0.0500000000000000,11,22,11,21,-121,11,11,19329.40477685083,11,110.44784801793689,500000,1,1,-111,122,111,1,15,11,11,11,33
0.0,0.0,0.0,0,0.0,1.0,1.0,1.0,13569.6569600852,1.0,1.0,1.0,17.2412990689687,1.0,1.0,1.0,20119.3353370861,1.0,1.0,1.0,1.0,18.5527170495310,1.0,1.0,0.05116465970289408,0.03036200038987147,0.053976319761863824,0.023614319371992355,0.0028116600589697463,0.023614319371992355,0.0028116600589697463,0.00281166005896975,0.140583002948487,0.0511646597028941,9.73236009732360e-6,102750.000000000,3004.09644826992,0.000533105110325754,1875.80268999663,7.23405347078884,1.3114179805623434,0.140583002948487,1.0,1.0,1.0,15880.4430840868,1.0,1.0,1.0,1.0,17.6374645871346,1.0,1.0,22392.8480581061,1.0,1.0,1.0,1.0,18.9414194514868,1.0,1.0,0.05910077170244232,0.020225611412957534,0.053976319761863824,0.03375070834890629,-0.005124451940578499,0.03375070834890629,0.0,0,0,0.0591007717024423,9.50655127836018e-6,105190.617577197,3552.48381409648,0.000481719506891605,2075.89683559362,7.64991921168652,1.3039548643521521,0,1.0,-0.2594435044758136,-0.2551866833905747,0.0,0.0,10.00724559817981,9,11,4.5170510314008085,10000,19000,16.5000000000000,19.0000000000000,6549.678377000956,10000,25000,17.0000000000000,20.0000000000000,4.560246242137735,4.611410901840629,4.560470920534244,4.590832920924115,4994.348464089548,0.048649280778641606,4501.445482163787,1.00000000000000,0.0100000000000000,0.500000000000000,205500,205500,105000.000000000,0.0500000000000000,3000.00000000000,9.987545375448121,9,11,4.4702365767501115,10000,19000,16.5000000000000,19.0000000000000,6512.404974019266,10000,25000,17.0000000000000,20.0000000000000,4.609195432073663,4.5500946603712205,4.598538967671142,4.578313356258184,1.00000000000000,0.0100000000000000,0.500000000000000,215500,3000.00000000000,105000.000000000,0.0500000000000000,11,22,11,21,-121,11,11,18817.69626999918,11,91.95757146454686,500000,1,1,-111,121,111,1,15,11,11,11,34
0.0,0.0,0.0,0,0.0,1.0,1.0,1.0,18381.8044932365,1.0,1.0,1.0,18.2621225150772,1.0,1.0,1.0,25371.1872362261,1.0,0.0,0.0,1.0,19.5852937196826,1.0,1.0,0.06869615751047142,0.02852840482218788,0.056223650519752096,0.027695245697564215,-0.012472506990719327,0.027695245697564215,0.0,0,0,0.0686961575104714,9.73236009732360e-6,102750.000000000,4033.44581954339,0.000437238566180938,2287.08096070871,8.03723384044104,1.3231712046053838,0,1.0,1.0,1.0,11537.8463484860,1.0,1.0,1.0,1.0,16.8750688986752,1.0,1.0,18470.6216346751,1.0,1.0,1.0,1.0,18.1875236552681,1.0,1.0,0.04277843466369724,0.029881622220752746,0.056223650519752096,0.02634202829899935,0.013445215856054855,0.02634202829899935,0.013445215856054855,0.0134452158560549,0.672260792802743,0.0427784346636972,9.50655127836018e-6,105190.617577197,2571.36569214862,0.000578209994996295,1729.47546506250,6.67129807942608,1.3124547565929365,0.672260792802743,0.0,-0.008082602570648162,-0.26035050763883233,0.0,0.0,10.224888674636155,9,11,4.55734508795692,10000,19000,16.5000000000000,19.0000000000000,6989.382742989667,10000,25000,17.0000000000000,20.0000000000000,4.549564796431995,4.618260953942467,4.558487308023102,4.5870157128452895,5282.296590692621,0.047884186760775514,4498.791418491631,1.00000000000000,0.0100000000000000,0.500000000000000,205500,205500,105000.000000000,0.0500000000000000,3000.00000000000,10.203770819249108,9,11,4.48704996870553,10000,19000,16.5000000000000,19.0000000000000,6932.775286189182,10000,25000,17.0000000000000,20.0000000000000,4.605359861468971,4.562581426805274,4.595857763501403,4.56597614128065,1.00000000000000,0.0100000000000000,0.500000000000000,215500,3000.00000000000,105000.000000000,0.0500000000000000,11,22,11,21,-121,11,11,19024.41335993952,11,100.49275193553562,500000,1,1,-111,122,111,1,15,11,11,11,35
0.0,0.0,0.0,0,0.0,1.0,1.0,1.0,15843.2404681837,1.0,1.0,1.0,17.6884357438909,1.0,1.0,1.0,22963.5235117493,1.0,1.0,1.0,1.0,19.0334169428687,1.0,1.0,0.05962088265001686,0.021185389893574325,0.05712300284915148,0.03593761295557715,-0.0024978798008653824,0.03593761295557715,0.0,0,0,0.0596208826500169,9.73236009732360e-6,102750.000000000,3500.59753845099,0.000474559860005181,2107.21572614482,7.51856597860968,1.3449811989778564,0,1.0,1.0,1.0,10645.7834087082,1.0,1.0,1.0,1.0,16.6363826877239,1.0,1.0,17505.1795292084,1.0,1.0,1.0,1.0,17.9320838223511,1.0,1.0,0.03994136536652437,0.027579410083681033,0.05712300284915148,0.029543592765470444,0.017181637482627105,0.029543592765470444,0.017181637482627105,0.0171816374826271,0.859081874131355,0.0399413653665244,9.50655127836018e-6,105190.617577197,2400.83250844638,0.000605416528681819,1651.75536613992,6.44513323639862,1.295701134627149,0.859081874131355,1.0,-0.20884849491878127,-0.06465564292877936,0.0,0.0,10.169869765281199,9,11,4.525867453815992,10000,19000,16.5000000000000,19.0000000000000,7120.283043565587,10000,25000,17.0000000000000,20.0000000000000,4.5527058786143595,4.612326761264376,4.565070924953285,4.586256314846859,5293.964740159029,0.04856092695217716,4500.460798833563,1.00000000000000,0.0100000000000000,0.500000000000000,205500,205500,105000.000000000,0.0500000000000000,3000.00000000000,10.19124945132531,9,11,4.43420495651204,10000,19000,16.5000000000000,19.0000000000000,6859.396120500174,10000,25000,17.0000000000000,20.0000000000000,4.608941397974168,4.569000032607644,4.590045916561461,4.56246650647778,1.00000000000000,0.0100000000000000,0.500000000000000,215500,3000.00000000000,105000.000000000,0.0500000000000000,11,22,11,21,-121,11,11,19128.745446962468,11,102.09290831021782,500000,1,1,-111,122,111,1,15,11,11,11,36
0.0,0.0,0.0,0,0.0,1.0,1.0,1.0,17357.7867826795,1.0,1.0,1.0,17.9951728515195,1.0,1.0,1.0,23798.0846530902,1.0,1.0,1.0,1.0,19.2817588816191,1.0,1.0,0.06506745809535541,0.02521166175824252,0.0531344570338251,0.027922795275582578,-0.011933001061530314,0.027922795275582578,0.0,0,0,0.0650674580953554,9.73236009732360e-6,102750.000000000,3820.38932531301,0.000461524626830728,2166.73161488036,8.01104606748351,1.2865860300996694,0,1.0,1.0,1.0,12910.7800570788,1.0,1.0,1.0,1.0,17.0310882729743,1.0,1.0,19387.6319804670,1.0,1.0,1.0,1.0,18.3249767500805,1.0,1.0,0.04813694556054404,0.041716105448139196,0.0531344570338251,0.011418351585685903,0.004997511473281056,0.011418351585685903,0.004997511473281056,0.00499751147328106,0.249875573664053,0.0481369455605440,9.50655127836018e-6,105190.617577197,2893.46001816774,0.000545378186791078,1833.59001921923,7.04125781758803,1.2938884771061332,0.249875573664053,1.0,-0.13860665490888757,-0.1513224568908217,0.0,0.0,9.984126784035942,9,11,4.543460182885253,10000,19000,16.5000000000000,19.0000000000000,6440.297870410639,10000,25000,17.0000000000000,20.0000000000000,4.552860027160557,4.617927485255913,4.560498965356857,4.585710627115099,5005.726566074809,0.047783500673085226,4501.620080300218,1.00000000000000,0.0100000000000000,0.500000000000000,205500,205500,105000.000000000,0.0500000000000000,3000.00000000000,9.98983045538629,9,11,4.462055800326702,10000,19000,16.5000000000000,19.0000000000000,6476.851923388248,10000,25000,17.0000000000000,20.0000000000000,4.6044746227174205,4.556337677156876,4.599889051394127,4.558172945945988,1.00000000000000,0.0100000000000000,0.500000000000000,215500,3000.00000000000,105000.000000000,0.0500000000000000,11,22,11,21,-121,11,11,19049.580393559594,11,99.64996530608259,500000,1,1,-111,121,111,1,15,11,11,11,37
0.0,0.0,0.0,0,0.0,1.0,1.0,1.0,14321.2181392207,1.0,1.0,1.0,17.4281136563909,1.0,1.0,1.0,21311.8900882706,1.0,1.0,1.0,1.0,18.7522564140725,1.0,1.0,0.05392694914646157,0.030933780683677803,0.05529798770838585,0.024364207024708047,0.001371038561924283,0.024364207024708047,0.001371038561924283,0.00137103856192428,0.0685519280962141,0.0539269491464616,9.73236009732360e-6,102750.000000000,3166.28229988510,0.000505243470918464,1979.24378553994,7.23570196044032,1.3241427576815334,0.0685519280962141,1.0,1.0,1.0,13076.1792015304,1.0,1.0,1.0,1.0,17.2121142655960,1.0,1.0,20203.0516439772,1.0,1.0,1.0,1.0,18.5620555299502,1.0,1.0,0.04849907705001133,0.03505710874896817,0.05529798770838585,0.02024087895941768,0.00679891065837452,0.02024087895941768,0.00679891065837452,0.00679891065837452,0.339945532918726,0.0484990770500113,9.50655127836018e-6,105190.617577197,2915.22735246558,0.000532442081620381,1878.13855162744,6.96230807370399,1.3499412643542041,0.339945532918726,1.0,-0.08622082159265572,-0.24411956893632103,0.0,0.0,10.192411695950623,9,11,4.523038940570887,10000,19000,16.5000000000000,19.0000000000000,6990.671949049983,10000,25000,17.0000000000000,20.0000000000000,4.557786525083796,4.611713474230258,4.5590746062635565,4.590008386947234,5279.394467474249,0.04713676235695561,4500.228176733846,1.00000000000000,0.0100000000000000,0.500000000000000,205500,205500,105000.000000000,0.0500000000000000,3000.00000000000,10.249806191891976,9,11,4.485474928900871,10000,19000,16.5000000000000,19.0000000000000,7126.872442446778,10000,25000,17.0000000000000,20.0000000000000,4.6068603656868845,4.558361288636873,4.592800007860279,4.557742899111311,1.00000000000000,0.0100000000000000,0.500000000000000,215500,3000.00000000000,105000.000000000,0.0500000000000000,11,22,11,21,-121,11,11,19026.937131371033,11,100.5841759680059,500000,1,1,-111,122,111,1,15,11,11,11,38
0.0,0.0,0.0,0,0.0,1.0,1.0,1.0,15694.7828097933,1.0,1.0,1.0,17.6513723268168,1.0,1.0,1.0,22250.2267889387,1.0,1.0,1.0,1.0,18.9614825915470,1.0,1.0,0.05937808114156429,0.030667634209559758,0.05213119248483676,0.021463558275277003,-0.0072468886567275265,0.021463558275277003,0.0,0,0,0.0593780811415643,9.73236009732360e-6,102750.000000000,3486.34162131185,0.000486684353503726,2054.71984624290,7.63840522516563,1.3101102647302645,0,1.0,1.0,1.0,15915.6758594641,1.0,1.0,1.0,1.0,17.6670644510559,1.0,1.0,22532.4598440191,1.0,1.0,1.0,1.0,18.9894335606457,1.0,1.0,0.05894221553351464,0.04169771740566386,0.05213119248483676,0.010433475079172902,-0.0068110230486778806,0.010433475079172902,0.0,0,0,0.0589422155335146,9.50655127836018e-6,105190.617577197,3542.95317333638,0.000482101144015843,2074.25353043165,7.67296553963298,1.3223691095897987,0,1.0,-0.20548187147827002,-0.18687329898541022,0.0,0.0,10.012967101651151,9,11,4.501791423379677,10000,19000,16.5000000000000,19.0000000000000,6555.44397914545,10000,25000,17.0000000000000,20.0000000000000,4.558313642159465,4.6176917233010295,4.56083378672304,4.5915014209326,5003.734537180452,0.046884774166414345,4500.1649220403,1.00000000000000,0.0100000000000000,0.500000000000000,205500,205500,105000.000000000,0.0500000000000000,3000.00000000000,9.99409891142293,9,11,4.492206100617576,10000,19000,16.5000000000000,19.0000000000000,6616.783984555038,10000,25000,17.0000000000000,20.0000000000000,4.608834545290813,4.549892329757299,4.6004925168326665,4.558794799427003,1.00000000000000,0.0100000000000000,0.500000000000000,215500,3000.00000000000,105000.000000000,0.0500000000000000,11,22,11,21,-121,11,11,19179.84904183612,11,106.9038373474967,500000,1,1,-111,121,111,1,15,11,11,11,39
0.0,0.0,0.0,0,0.0,1.0,1.0,1.0,18764.9066042223,1.0,1.0,1.0,18.3107088816550,1.0,1.0,1.0,26002.7751181808,1.0,0.0,0.0,1.0,19.6762550923976,1.0,1.0,0.07040050999140757,0.025504142595726975,0.05785578758819595,0.032351644992468974,-0.012544722403211618,0.032351644992468974,0.0,0,0,0.0704005099914076,9.73236009732360e-6,102750.000000000,4133.51565806693,0.000430591711761452,2322.38562119375,8.08001325575583,1.3655462107426097,0,1.0,1.0,1.0,14525.2626958458,1.0,1.0,1.0,1.0,17.4489335057872,1.0,1.0,21657.0708332917,1.0,1.0,1.0,1.0,18.7944696341447,1.0,1.0,0.05385641864974389,0.031841190651097584,0.05785578758819595,0.026014596937098365,0.003999368938452062,0.026014596937098365,0.003999368938452062,0.00399936893845206,0.199968446922603,0.0538564186497439,9.50655127836018e-6,105190.617577197,3237.25139329294,0.000497570928926128,2009.76371782457,7.22734845246804,1.3455361283575116,0.199968446922603,0.0,-0.17425054509031357,-0.17501784573704193,0.0,0.0,10.230695625899207,9,11,4.539696509338448,10000,19000,16.5000000000000,19.0000000000000,7237.868513958582,10000,25000,17.0000000000000,20.0000000000000,4.54836567418423,4.618766184175637,4.560054772225944,4.585558914821671,5300.346818744782,0.049119434498331324,4499.9826159983195,1.00000000000000,0.0100000000000000,0.500000000000000,205500,205500,105000.000000000,0.0500000000000000,3000.00000000000,10.221585053319146,9,11,4.4869121767743545,10000,19000,16.5000000000000,19.0000000000000,7131.808137445907,10000,25000,17.0000000000000,20.0000000000000,4.607548560307985,4.553692141658241,4.592810433654619,4.560969243003521,1.00000000000000,0.0100000000000000,0.500000000000000,215500,3000.00000000000,105000.000000000,0.0500000000000000,11,22,11,21,-121,11,11,18919.721518262155,11,87.38203963227147,500000,1,1,-111,122,111,1,15,11,11,11,40
0.0,0.0,0.0,0,0.0,1.0,1.0,1.0,19550.4746169716,1.0,0.0,0.0,18.4546003584227,1.0,1.0,1.0,26133.0603565390,1.0,0.0,0.0,1.0,19.7697117101815,1.0,1.0,0.07321507319331122,0.0317573392006949,0.05367666832585036,0.021919329125155457,-0.019538404867460862,0.021919329125155457,0.0,0,0,0.0732150731933112,9.73236009732360e-6,102750.000000000,4298.77072606442,0.000432411078814688,2312.61419744649,8.45384182046388,1.3151113517588109,0,1.0,1.0,1.0,12465.8946905787,1.0,1.0,1.0,1.0,16.9609238024909,1.0,1.0,18877.6666782024,1.0,1.0,1.0,1.0,18.2419088833426,1.0,1.0,0.046307100047725314,0.03279268037070793,0.05367666832585036,0.02088398795514243,0.007369568278125044,0.02088398795514243,0.007369568278125044,0.00736956827812504,0.368478413906252,0.0463071000477253,9.50655127836018e-6,105190.617577197,2783.46997270245,0.000559050237242959,1788.74801114771,6.96906138421376,1.2809850808517114,0.368478413906252,0.0,-0.14840498700288124,-0.2014399585245659,0.0,0.0,10.000758537958855,9,11,4.547922153287379,10000,19000,16.5000000000000,19.0000000000000,6582.585739567409,10000,25000,17.0000000000000,20.0000000000000,4.543792663217691,4.6170077364110025,4.559248796282328,4.591006135483023,5005.344779941222,0.04827024632234414,4501.196385537675,1.00000000000000,0.0100000000000000,0.500000000000000,205500,205500,105000.000000000,0.0500000000000000,3000.00000000000,9.991862418277087,9,11,4.478544698822697,10000,19000,16.5000000000000,19.0000000000000,6411.771987623699,10000,25000,17.0000000000000,20.0000000000000,4.607317404141399,4.561010304093673,4.5963939203116215,4.563601239940914,1.00000000000000,0.0100000000000000,0.500000000000000,215500,3000.00000000000,105000.000000000,0.0500000000000000,11,22,11,21,-121,11,11,19123.37608487545,11,91.81771756451026,500000,1,1,-111,121,111,1,15,11,11,11,41
0.0,0.0,0.0,0,0.0,1.0,1.0,1.0,14240.0312178272,1.0,1.0,1.0,17.4003266366183,1.0,1.0,1.0,21234.2526418510,1.0,1.0,1.0,1.0,18.7189789277988,1.0,1.0,0.05358995597394767,0.025150433400078498,0.05605401428946083,0.03090358088938233,0.0024640583155131623,0.03090358088938233,0.0024640583155131623,0.00246405831551316,0.123202915775658,0.0535899559739477,9.73236009732360e-6,102750.000000000,3146.49598647036,0.000506348384943168,1974.92483384190,7.21041680868711,1.3186522911804994,0.123202915775658,1.0,1.0,1.0,17312.8507759026,1.0,1.0,1.0,1.0,17.9875514447910,1.0,1.0,24188.2787791647,1.0,1.0,1.0,1.0,19.2838070735029,1.0,1.0,0.06382277086510069,0.032454144365003046,0.05605401428946083,0.023599869924457784,-0.007768756575639857,0.023599869924457784,0.0,0,0,0.0638227708651007,9.50655127836018e-6,105190.617577197,3836.31810445022,0.000449201136878588,2226.17424111793,7.77695225114479,1.2962556287118965,0,1.0,-0.14744176348087523,-0.24780866926073736,0.0,0.0,10.189909827931155,9,11,4.5256791297551455,10000,19000,16.5000000000000,19.0000000000000,6994.22142402374,10000,25000,17.0000000000000,20.0000000000000,4.563758465485343,4.61734842145929,4.565835121637136,4.590985555037214,5304.068002462037,0.04756748099241081,4501.036314485767,1.00000000000000,0.0100000000000000,0.500000000000000,205500,205500,105000.000000000,0.0500000000000000,3000.00000000000,10.210599193646251,9,11,4.512881962478366,10000,19000,16.5000000000000,19.0000000000000,6875.428003262081,10000,25000,17.0000000000000,20.0000000000000,4.607678606104799,4.5438558352396985,4.592132737278217,4.5596785929132135,1.00000000000000,0.0100000000000000,0.500000000000000,215500,3000.00000000000,105000.000000000,0.0500000000000000,11,22,11,21,-121,11,11,19205.709806314768,11,97.47530784967381,500000,1,1,-111,122,111,1,15,11,11,11,42
0.0,0.0,0.0,0,0.0,1.0,1.0,1.0,17999.5497882602,1.0,1.0,1.0,18.0949193376818,1.0,1.0,1.0,24532.5156291359,1.0,1.0,1.0,1.0,19.3964558339851,1.0,1.0,0.06780451520521691,0.028231110072933774,0.05522979780008056,0.026998687727146788,-0.012574717405136347,0.026998687727146788,0.0,0,0,0.0678045152052169,9.73236009732360e-6,102750.000000000,3981.09367847774,0.000450413232833154,2220.18343846134,8.10723540967159,1.301536496303328,0,1.0,1.0,1.0,13646.2279676479,1.0,1.0,1.0,1.0,17.1676575099444,1.0,1.0,20195.7205428896,1.0,1.0,1.0,1.0,18.4724865610332,1.0,1.0,0.051161215670011195,0.030774857891499252,0.05522979780008056,0.02445493990858131,0.004068582130069366,0.02445493990858131,0.004068582130069366,0.00406858213006937,0.203429106503468,0.0511612156700112,9.50655127836018e-6,105190.617577197,3075.24564133066,0.000524403251852783,1906.92944116360,7.15612632175895,1.3048290510887053,0.203429106503468,1.0,-0.07034636685536116,-0.26674626187622685,0.0,0.0,9.987683928010187,9,11,4.521257534221789,10000,19000,16.5000000000000,19.0000000000000,6532.965840875689,10000,25000,17.0000000000000,20.0000000000000,4.550093748382745,4.6178982635879615,4.562802185691875,4.591033295764809,5019.425778248139,0.04952291084830407,4500.769244632274,1.00000000000000,0.0100000000000000,0.500000000000000,205500,205500,105000.000000000,0.0500000000000000,3000.00000000000,10.0115311881855,9,11,4.437443235182727,10000,19000,16.5000000000000,19.0000000000000,6549.492575241706,10000,25000,17.0000000000000,20.0000000000000,4.605169307387175,4.554008091717164,4.592467132386254,4.561692274494755,1.00000000000000,0.0100000000000000,0.500000000000000,215500,3000.00000000000,105000.000000000,0.0500000000000000,11,22,11,21,-121,11,11,19170.55712940555,11,105.89720029156028,500000,1,1,-111,121,111,1,15,11,11,11,43
0.0,0.0,0.0,0,0.0,1.0,1.0,1.0,17603.5472081149,1.0,1.0,1.0,18.0571887345471,1.0,1.0,1.0,24693.6113843430,1.0,1.0,1.0,1.0,19.3979543641162,1.0,1.0,0.06599399911281978,0.03391587976700006,0.05622980688194894,0.02231392711494888,-0.009764192230870841,0.02231392711494888,0.0,0,0,0.0659939991128198,9.73236009732360e-6,102750.000000000,3874.79051933842,0.000447183332824763,2236.21930111574,7.87201291006287,1.3407656295690733,0,1.0,1.0,1.0,17539.0277218367,1.0,1.0,1.0,1.0,17.9740408587382,1.0,1.0,24382.0357549672,1.0,1.0,1.0,1.0,19.2680869696956,1.0,1.0,0.06528626680154304,0.030221735183091347,0.05622980688194894,0.02600807169885759,-0.009056459919594098,0.02600807169885759,0.0,0,0,0.0652862668015430,9.50655127836018e-6,105190.617577197,3924.28727095084,0.000443928207771041,2252.61648729417,7.78606914260157,1.294046110957398,0,1.0,-0.11154277648342768,-0.18707526719605908,0.0,0.0,10.185175824484244,9,11,4.543096490057607,10000,19000,16.5000000000000,19.0000000000000,7090.064176228175,10000,25000,17.0000000000000,20.0000000000000,4.547851765858151,4.6138457649709705,4.556277741873393,4.590193621640393,5288.071248147185,0.047854092733604484,4500.386288397155,1.00000000000000,0.0100000000000000,0.500000000000000,205500,205500,105000.000000000,0.0500000000000000,3000.00000000000,10.187971716136609,9,11,4.469353671345024,10000,19000,16.5000000000000,19.0000000000000,6843.008033130497,10000,25000,17.0000000000000,20.0000000000000,4.611295760726624,4.546009493925081,4.600892426455892,4.570670691272801,1.00000000000000,0.0100000000000000,0.500000000000000,215500,3000.00000000000,105000.000000000,0.0500000000000000,11,22,11,21,-121,11,11,18862.890419691113,11,122.86320003923296,500000,1,1,-111,122,111,1,15,11,11,11,44
0.0,0.0,0.0,0,0.0,1.0,1.0,1.0,16871.8052006085,1.0,1.0,1.0,17.8669227661329,1.0,1.0,1.0,23264.2936375892,1.0,1.0,1.0,1.0,19.1443002576097,1.0,1.0,0.06376794929622509,0.02937490042097579,0.052993850535003884,0.023618950114028092,-0.010774098761221207,0.023618950114028092,0.0,0,0,0.0637679492962251,9.73236009732360e-6,102750.000000000,3744.08959439265,0.000466912389369399,2141.72941812612,7.87765487919116,1.2773774914768132,0,1.0,1.0,1.0,13402.9518782615,1.0,1.0,1.0,1.0,17.1774846882920,1.0,1.0,19897.7306019615,1.0,1.0,1.0,1.0,18.4753023121429,1.0,1.0,0.04964523989710834,0.03625146687946579,0.052993850535003884,0.016742383655538096,0.003348610637895544,0.016742383655538096,0.003348610637895544,0.00334861063789554,0.167430531894777,0.0496452398971083,9.50655127836018e-6,105190.617577197,2984.12196831139,0.000534931709953123,1869.39749764999,7.16966396665786,1.2978176238509227,0.167430531894777,1.0,-0.11941663260215982,-0.19988224166466184,0.0,0.0,9.989267886941716,9,11,4.506250391517509,10000,19000,16.5000000000000,19.0000000000000,6392.488436980719,10000,25000,17.0000000000000,20.0000000000000,4.54331436648585,4.607082315782075,4.556946431357123,4.586321331778099,5004.384748936023,0.04766680778179306,4501.334465894414,1.00000000000000,0.0100000000000000,0.500000000000000,205500,205500,105000.000000000,0.0500000000000000,3000.00000000000,10.007820721634104,9,11,4.49142227448759,10000,19000,16.5000000000000,19.0000000000000,6494.778723699946,10000,25000,17.0000000000000,20.0000000000000,4.61306067747238,4.563415437575272,4.599136264169467,4.5628847972900015,1.00000000000000,0.0100000000000000,0.500000000000000,215500,3000.00000000000,105000.000000000,0.0500000000000000,11,22,11,21,-121,11,11,18908.06103353547,11,101.75436052043533,500000,1,1,-111,121,111,1,15,11,11,11,45
0.0,0.0,0.0,0,0.0,1.0,1.0,1.0,13747.7240718374,1.0,1.0,1.0,17.3737056096249,1.0,1.0,1.0,20478.1236420282,1.0,1.0,1.0,1.0,18.6458835431406,1.0,1.0,0.051276556317939814,0.03189959671499221,0.056189209165712614,0.024289612450720408,0.0049126528477728,0.024289612450720408,0.0049126528477728,0.00491265284777280,0.245632642388640,0.0512765563179398,9.73236009732360e-6,102750.000000000,3010.66637809618,0.000521172053175555,1918.75215469996,7.16492958101052,1.272177933515693,0.245632642388640,1.0,1.0,1.0,15275.7886476531,1.0,1.0,1.0,1.0,17.6073262890736,1.0,1.0,22433.1615886294,1.0,1.0,1.0,1.0,18.9602105899969,1.0,1.0,0.05646816380019537,0.023780464056751605,0.056189209165712614,0.03240874510896101,-0.0002789546344827559,0.03240874510896101,0.0,0,0,0.0564681638001954,9.50655127836018e-6,105190.617577197,3394.24058491022,0.000483636385874726,2067.66907785765,7.38792721293712,1.352884300923351,0,1.0,-0.15578859961450295,-0.2451605707332151,0.0,0.0,10.208776028614354,9,11,4.566339256935841,10000,19000,16.5000000000000,19.0000000000000,6730.399570190757,10000,25000,17.0000000000000,20.0000000000000,4.56482263016992,4.61609918648786,4.562088275353286,4.593987872068278,5290.454576264456,0.047768041107797324,4497.56555449342,1.00000000000000,0.0100000000000000,0.500000000000000,205500,205500,105000.000000000,0.0500000000000000,3000.00000000000,10.219399076136453,9,11,4.500502620693627,10000,19000,16.5000000000000,19.0000000000000,7157.372940976282,10000,25000,17.0000000000000,20.0000000000000,4.611091731166185,4.55462356736599,4.5958972231967925,4.572116759140041,1.00000000000000,0.0100000000000000,0.500000000000000,215500,3000.00000000000,105000.000000000,0.0500000000000000,11,22,11,21,-121,11,11,18709.761030813188,11,89.13494918100456,500000,1,1,-111,122,111,1,15,11,11,11,46
0.0,0.0,0.0,0,0.0,1.0,1.0,1.0,15540.0696250649,1.0,1.0,1.0,17.6456575277762,1.0,1.0,1.0,22100.4456527377,1.0,1.0,1.0,1.0,18.9596404503004,1.0,1.0,0.05809260085067702,0.03105446745550644,0.05306635693571784,0.022011889480211398,-0.0050262439149591845,0.022011889480211398,0.0,0,0,0.0580926008506770,9.73236009732360e-6,102750.000000000,3410.86556423261,0.000493471507414202,2026.45945100258,7.66858158320244,1.3139829225241642,0,1.0,1.0,1.0,15224.7072333319,1.0,1.0,1.0,1.0,17.5198046391035,1.0,1.0,21807.2853224096,1.0,1.0,1.0,1.0,18.8382344301315,1.0,1.0,0.05672054465783116,0.03767638349713831,0.05306635693571784,0.015389973438579528,-0.0036541877221133237,0.015389973438579528,0.0,0,0,0.0567205446578312,9.50655127836018e-6,105190.617577197,3409.41092678414,0.000493596594021326,2025.94590828314,7.51486363534445,1.3184297910280258,0,1.0,-0.2174759580803363,-0.24039762828188338,0.0,0.0,9.977075944573798,9,11,4.556048701544523,10000,19000,16.5000000000000,19.0000000000000,6560.376027672754,10000,25000,17.0000000000000,20.0000000000000,4.557497260675728,4.615589861526405,4.560547169499239,4.591601636954746,4992.740708585662,0.04783545142916865,4500.591701693227,1.00000000000000,0.0100000000000000,0.500000000000000,205500,205500,105000.000000000,0.0500000000000000,3000.00000000000,10.004941003759013,9,11,4.465494937476559,10000,19000,16.5000000000000,19.0000000000000,6582.578089077712,10000,25000,17.0000000000000,20.0000000000000,4.610226857683338,4.5535063130255065,4.5945671156761305,4.556890732178992,1.00000000000000,0.0100000000000000,0.500000000000000,215500,3000.00000000000,105000.000000000,0.0500000000000000,11,22,11,21,-121,11,11,18957.14172370726,11,112.1934055572072,500000,1,1,-111,121,111,1,15,11,11,11,47
0.0,0.0,0.0,0,0.0,1.0,1.0,1.0,16292.3194216614,1.0,1.0,1.0,17.8445075729713,1.0,1.0,1.0,23283.7976494430,1.0,1.0,1.0,1.0,19.1710246185226,1.0,1.0,0.06087943027036413,0.03059347561667014,0.05621550946712011,0.02562203385044997,-0.004663920803244022,0.02562203385044997,0.0,0,0,0.0608794302703641,9.73236009732360e-6,102750.000000000,3574.49226301709,0.000469493428234971,2129.95526638026,7.64913689917501,1.326517045551256,0,1.0,1.0,1.0,14518.8255513490,1.0,1.0,1.0,1.0,17.4235923909984,1.0,1.0,21314.9303956124,1.0,1.0,1.0,1.0,18.7130405771411,1.0,1.0,0.05411598026506326,0.02944142815981543,0.05621550946712011,0.02677408130730468,0.002099529202056853,0.02677408130730468,0.002099529202056853,0.00209952920205685,0.104976460102843,0.0541159802650633,9.50655127836018e-6,105190.617577197,3252.85336278710,0.000497155819587062,2011.44180677720,7.21811861642251,1.289448186142649,0.104976460102843,1.0,-0.17201121945674253,-0.3025581609520553,0.0,0.0,10.195370673796297,9,11,4.557939484224724,10000,19000,16.5000000000000,19.0000000000000,6991.478227781579,10000,25000,17.0000000000000,20.0000000000000,4.5531412480589175,4.614020678329282,4.561424420083236,4.5920178956999065,5270.552874709691,0.047997446749317454,4500.058495268141,1.00000000000000,0.0100000000000000,0.500000000000000,205500,205500,105000.000000000,0.0500000000000000,3000.00000000000,10.205473774575914,9,11,4.463412251362319,10000,19000,16.5000000000000,19.0000000000000,6796.104844263336,10000,25000,17.0000000000000,20.0000000000000,4.611642299850887,4.557526319585824,4.59369201210815,4.5642505839483345,1.00000000000000,0.0100000000000000,0.500000000000000,215500,3000.00000000000,105000.000000000,0.0500000000000000,11,22,11,21,-121,11,11,19163.49417047701,11,101.50491762017666,500000,1,1,-111,122,111,1,15,11,11,11,48
0.0,0.0,0.0,0,0.0,1.0,1.0,1.0,17477.8235404716,1.0,1.0,1.0,18.0178146009954,1.0,1.0,1.0,23874.1897125440,1.0,1.0,1.0,1.0,19.2937694755079,1.0,1.0,0.06545179152125957,0.03573062286659123,0.05284282616592203,0.017112203299330796,-0.012608965355337544,0.017112203299330796,0.0,0,0,0.0654517915212596,9.73236009732360e-6,102750.000000000,3842.95518789110,0.000459697620980375,2175.34299583136,8.03451390146959,1.2759548745125402,0,1.0,1.0,1.0,16928.3960055603,1.0,1.0,1.0,1.0,17.8728840507951,1.0,1.0,23411.2176913133,1.0,1.0,1.0,1.0,19.1660851759352,1.0,1.0,0.06271349270501769,0.030911271636795412,0.05284282616592203,0.021931554529126616,-0.009870666539095664,0.021931554529126616,0.0,0,0,0.0627134927050177,9.50655127836018e-6,105190.617577197,3769.64058746506,0.000464758491274953,2151.65514729325,7.86761578724915,1.2932011251401079,0,1.0,-0.15235230605032973,-0.1337579199825589,0.0,0.0,9.983300699525797,9,11,4.548016483653793,10000,19000,16.5000000000000,19.0000000000000,6396.3661720724085,10000,25000,17.0000000000000,20.0000000000000,4.550375273325587,4.6158270648468465,4.559875356227476,4.595605979094067,5013.003437536179,0.047451868686490824,4501.58324416605,1.00000000000000,0.0100000000000000,0.500000000000000,205500,205500,105000.000000000,0.0500000000000000,3000.00000000000,10.00526826354596,9,11,4.490718839841438,10000,19000,16.5000000000000,19.0000000000000,6482.821685753016,10000,25000,17.0000000000000,20.0000000000000,4.607083563251046,4.544370070546028,4.597113669561776,4.566202397924981,1.00000000000000,0.0100000000000000,0.500000000000000,215500,3000.00000000000,105000.000000000,0.0500000000000000,11,22,11,21,-121,11,11,19405.019053158245,11,115.54798072323736,500000,1,1,-111,121,111,1,15,11,11,11,49
0.0,0.0,0.0,0,0.0,1.0,1.0,1.0,15840.6979189877,1.0,1.0,1.0,17.6932025764352,1.0,1.0,1.0,22994.7559460637,1.0,1.0,1.0,1.0,19.0382898641745,1.0,1.0,0.05958984939930545,0.01946949335542314,0.05874696697899772,0.03927747362357458,-0.0008428824203077293,0.03927747362357458,0.0,0,0,0.0595898493993055,9.73236009732360e-6,102750.000000000,3498.77544330208,0.000473831670261140,2110.45411854568,7.50582435305608,1.3450872877393645,0,1.0,1.0,1.0,13266.4945605756,1.0,1.0,1.0,1.0,17.1687515508024,1.0,1.0,20373.7751324541,1.0,1.0,1.0,1.0,18.5050438637036,1.0,1.0,0.049250569348368245,0.03108471737846319,0.05874696697899772,0.02766224960053453,0.009496397630629476,0.02766224960053453,0.009496397630629476,0.00949639763062948,0.474819881531474,0.0492505693483682,9.50655127836018e-6,105190.617577197,2960.39874616196,0.000525809719059876,1901.82867252427,6.97565177780562,1.336292312901184,0.474819881531474,1.0,-0.10756641407456022,-0.19289297683556705,0.0,0.0,10.187378223379072,9,11,4.527497741906382,10000,19000,16.5000000000000,19.0000000000000,7154.058027076042,10000,25000,17.0000000000000,20.0000000000000,4.549141044230718,4.608730893630024,4.563608498867319,4.5830779922227425,5318.6570806862555,0.04971241277138332,4500.713650102838,1.00000000000000,0.0100000000000000,0.500000000000000,205500,205500,105000.000000000,0.0500000000000000,3000.00000000000,10.193099772996824,9,11,4.481320152487927,10000,19000,16.5000000000000,19.0000000000000,7107.280571878497,10000,25000,17.0000000000000,20.0000000000000,4.607220251657183,4.557969682308815,4.592101138411131,4.561016421032668,1.00000000000000,0.0100000000000000,0.500000000000000,215500,3000.00000000000,105000.000000000,0.0500000000000000,11,22,11,21,-121,11,11,19360.4062792452,11,109.051839200517,500000,1,1,-111,122,111,1,15,11,11,11,50
0.0,0.0,0.0,0,0.0,1.0,1.0,1.0,17481.0573818771,1.0,1.0,1.0,18.0086041879001,1.0,1.0,1.0,24030.9314617993,1.0,1.0,1.0,1.0,19.3199406765872,1.0,1.0,0.06610786287583448,0.03157243236866503,0.054530606818871,0.022958174450205975,-0.011577256056963477,0.022958174450205975,0.0,0,0,0.0661078628758345,9.73236009732360e-6,102750.000000000,3881.47594885257,0.000457841847974248,2184.16032615753,8.00355961626249,1.3113364886870644,0,1.0,1.0,1.0,16493.8137808206,1.0,1.0,1.0,1.0,17.7810992126183,1.0,1.0,22921.1680684960,1.0,1.0,1.0,1.0,19.0679062718539,1.0,1.0,0.06149477168429662,0.031554749578084795,0.054530606818871,0.022975857240786206,-0.006964164865425622,0.022975857240786206,0.0,0,0,0.0614947716842966,9.50655127836018e-6,105190.617577197,3696.38457785137,0.000470742513731808,2124.30356475031,7.76433936020785,1.2868070592355658,0,1.0,-0.07236657258060657,-0.19294682901924787,0.0,0.0,10.005044571637642,9,11,4.503713951143978,10000,19000,16.5000000000000,19.0000000000000,6549.8740799222,10000,25000,17.0000000000000,20.0000000000000,4.551391932374907,4.617499795250741,4.560499734982341,4.592072167351006,4994.808072854024,0.049133841573664294,4500.483725729245,1.00000000000000,0.0100000000000000,0.500000000000000,205500,205500,105000.000000000,0.0500000000000000,3000.00000000000,10.016759852410475,9,11,4.462147656293965,10000,19000,16.5000000000000,19.0000000000000,6427.354287675351,10000,25000,17.0000000000000,20.0000000000000,4.609608952101453,4.548114180417157,4.595343924913512,4.563789175335427,1.00000000000000,0.0100000000000000,0.500000000000000,215500,3000.00000000000,105000.000000000,0.0500000000000000,11,22,11,21,-121,11,11,19010.468888974778,11,87.41220319939075,500000,1,1,-111,121,111,1,15,11,11,11,51
0.0,0.0,0.0,0,0.0,1.0,1.0,1.0,16237.3512348114,1.0,1.0,1.0,17.7908276969571,1.0,1.0,1.0,23147.0999243969,1.0,1.0,1.0,1.0,19.0961171139787,1.0,1.0,0.06132404480992193,0.0234258260539022,0.05737164077040489,0.03394581471650269,-0.003952404039517042,0.03394581471650269,0.0,0,0,0.0613240448099219,9.73236009732360e-6,102750.000000000,3600.59748812542,0.000466637166442324,2142.99261163459,7.57695157074115,1.3052894170216252,0,1.0,1.0,1.0,16451.1292962797,1.0,1.0,1.0,1.0,17.7745660088282,1.0,1.0,23420.1698136796,1.0,1.0,1.0,1.0,19.0910559772503,1.0,1.0,0.06118285113945099,0.03667802990192115,0.05737164077040489,0.020693610868483737,-0.0038112103690461016,0.020693610868483737,0.0,0,0,0.0611828511394510,9.50655127836018e-6,105190.617577197,3677.63536942433,0.000460819335614973,2170.04783157694,7.58099847242761,1.316489968422091,0,1.0,-0.11194376330957603,-0.13940793934998164,0.0,0.0,10.213876126215972,9,11,4.509626885082633,10000,19000,16.5000000000000,19.0000000000000,6909.748689585545,10000,25000,17.0000000000000,20.0000000000000,4.55505374053509,4.616377785345012,4.561020198428777,4.584446024482679,5293.652579634046,0.048753878716465235,4498.49598806864,1.00000000000000,0.0100000000000000,0.500000000000000,205500,205500,105000.000000000,0.0500000000000000,3000.00000000000,10.193567536400609,9,11,4.473289938707225,10000,19000,16.5000000000000,19.0000000000000,6969.040517399945,10000,25000,17.0000000000000,20.0000000000000,4.608462647888685,4.547279796749234,4.594332209228812,4.5576541793268905,1.00000000000000,0.0100000000000000,0.500000000000000,215500,3000.00000000000,105000.000000000,0.0500000000000000,11,22,11,21,-121,11,11,18828.25827387,11,115.00396352350874,500000,1,1,-111,122,111,1,15,11,11,11,52
0.0,0.0,0.0,0,0.0,1.0,1.0,1.0,18281.7022868220,1.0,1.0,1.0,18.1588316584191,1.0,1.0,1.0,25177.7786719350,1.0,0.0,0.0,1.0,19.4645881572456,1.0,1.0,0.06924859565425567,0.030920176617659223,0.057912182027027984,0.02699200540936876,-0.01133641362722769,0.02699200540936876,0.0,0,0,0.0692485956542557,9.73236009732360e-6,102750.000000000,4065.88183055701,0.000435296848637313,2297.28288438218,7.95796739317918,1.3057564988265657,0,1.0,1.0,1.0,16129.6412562912,1.0,1.0,1.0,1.0,17.7804541160549,1.0,1.0,23119.1581173860,1.0,1.0,1.0,1.0,19.1039033581101,1.0,1.0,0.05977166399415079,0.03336387348467529,0.057912182027027984,0.024548308542352695,-0.0018594819671228086,0.024548308542352695,0.0,0,0,0.0597716639941508,9.50655127836018e-6,105190.617577197,3592.81042809225,0.000467681381772210,2138.20784614227,7.54353291023230,1.3234492420551869,0,0.0,-0.2229509373208703,-0.2262496683676861,0.0,0.0,10.200864265239893,9,11,4.49636832763472,10000,19000,16.5000000000000,19.0000000000000,6896.076385112992,10000,25000,17.0000000000000,20.0000000000000,4.550618971196849,4.619867566851105,4.562573704557194,4.593493881174854,5281.288196773469,0.04933259276588677,4498.874516058029,1.00000000000000,0.0100000000000000,0.500000000000000,205500,205500,105000.000000000,0.0500000000000000,3000.00000000000,10.23692120582262,9,11,4.489421743539037,10000,19000,16.5000000000000,19.0000000000000,6989.516861094853,10000,25000,17.0000000000000,20.0000000000000,4.612781635682269,4.553009971688118,4.595767768493947,4.562403895009272,1.00000000000000,0.0100000000000000,0.500000000000000,215500,3000.00000000000,105000.000000000,0.0500000000000000,11,22,11,21,-121,11,11,18926.84988720974,11,79.2792561694074,500000,1,1,-111,122,111,1,15,11,11,11,53
0.0,0.0,0.0,0,0.0,1.0,1.0,1.0,13817.7699801704,1.0,1.0,1.0,17.3488911656477,1.0,1.0,1.0,20354.7379747377,1.0,1.0,1.0,1.0,18.6638037791842,1.0,1.0,0.051590612213260556,0.033503912183686424,0.05274916710525134,0.019245254921564918,0.001158554891990786,0.019245254921564918,0.001158554891990786,0.00115855489199079,0.0579277445995393,0.0515906122132606,9.73236009732360e-6,102750.000000000,3029.10594566430,0.000531280643718469,1882.24436900417,7.34111372981866,1.3149126135364626,0.0579277445995393,1.0,1.0,1.0,14022.2059939903,1.0,1.0,1.0,1.0,17.2875074179433,1.0,1.0,20471.5924610146,1.0,1.0,1.0,1.0,18.5848029870985,1.0,1.0,0.05224013992674603,0.028079373490857762,0.05274916710525134,0.02466979361439358,0.0005090271785053099,0.02466979361439358,0.0005090271785053099,0.000509027178505310,0.0254513589252655,0.0522401399267460,9.50655127836018e-6,105190.617577197,3140.09861783635,0.000519611565361838,1924.51451557595,7.28610040636342,1.2972955691552173,0.0254513589252655,1.0,-0.06520935114983407,-0.29908510615224315,0.0,0.0,10.007777435829091,9,11,4.561666124603009,10000,19000,16.5000000000000,19.0000000000000,6536.9679945673315,10000,25000,17.0000000000000,20.0000000000000,4.559589095466186,4.6111797076794465,4.558163829213218,4.591667741396904,4971.4086907921055,0.04774422695872927,4499.712087665322,1.00000000000000,0.0100000000000000,0.500000000000000,205500,205500,105000.000000000,0.0500000000000000,3000.00000000000,10.001407011579836,9,11,4.46553045001246,10000,19000,16.5000000000000,19.0000000000000,6449.386467024338,10000,25000,17.0000000000000,20.0000000000000,4.604217585748442,4.551977445821696,4.594668814069819,4.566589440578961,1.00000000000000,0.0100000000000000,0.500000000000000,215500,3000.00000000000,105000.000000000,0.0500000000000000,11,22,11,21,-121,11,11,19001.883731979746,11,96.00352903489686,500000,1,1,-111,121,111,1,15,11,11,11,54
0.0,0.0,0.0,0,0.0,1.0,1.0,1.0,14473.7647792887,1.0,1.0,1.0,17.4527200925620,1.0,1.0,1.0,21583.9234897005,1.0,1.0,1.0,1.0,18.8009684107863,1.0,1.0,0.054411912485405445,0.0321818599478485,0.056213766874278474,0.024031906926429973,0.0018018543888730296,0.024031906926429973,0.0018018543888730296,0.00180185438887303,0.0900927194436515,0.0544119124854054,9.73236009732360e-6,102750.000000000,3194.75657592881,0.000502635709733674,1989.51244536497,7.27503103235601,1.3482483182242748,0.0900927194436515,1.0,1.0,1.0,14139.7976009146,1.0,1.0,1.0,1.0,17.3395463303121,1.0,1.0,21170.7216956298,1.0,1.0,1.0,1.0,18.6727699575682,1.0,1.0,0.05271865205635162,0.026473676925903078,0.056213766874278474,0.029740089948375396,0.003495114817926852,0.029740089948375396,0.003495114817926852,0.00349511481792685,0.174755740896343,0.0527186520563516,9.50655127836018e-6,105190.617577197,3168.86146722572,0.000505193569390090,1979.43928939412,7.14333482045950,1.3332236272561468,0.174755740896343,1.0,-0.15856642225297077,-0.11873897964086189,0.0,0.0,10.177689060206028,9,11,4.530474994039491,10000,19000,16.5000000000000,19.0000000000000,7110.1587104118635,10000,25000,17.0000000000000,20.0000000000000,4.557482113628583,4.611894026113989,4.558994660190224,4.591176520138072,5273.626982732955,0.047955439006295335,4498.881878490901,1.00000000000000,0.0100000000000000,0.500000000000000,205500,205500,105000.000000000,0.0500000000000000,3000.00000000000,10.196211509852553,9,11,4.4621065790212,10000,19000,16.5000000000000,19.0000000000000,7030.924094715119,10000,25000,17.0000000000000,20.0000000000000,4.611502518738714,4.558783866682362,4.592949192056094,4.566475515130191,1.00000000000000,0.0100000000000000,0.500000000000000,215500,3000.00000000000,105000.000000000,0.0500000000000000,11,22,11,21,-121,11,11,18895.493347025644,11,110.62311231247541,500000,1,1,-111,122,111,1,15,11,11,11,55
0.0,0.0,0.0,0,0.0,1.0,1.0,1.0,14802.6619810501,1.0,1.0,1.0,17.5278867480708,1.0,1.0,1.0,21206.4363321101,1.0,1.0,1.0,1.0,18.8048729490483,1.0,1.0,0.055216502410252666,0.0321925052740335,0.05196934693914381,0.01977684166511031,-0.003247155471108855,0.01977684166511031,0.0,0,0,0.0552165024102527,9.73236009732360e-6,102750.000000000,3241.99749865912,0.000507863303586617,1969.03377924302,7.51772881557213,1.2769862009774775,0,1.0,1.0,1.0,15154.3296080160,1.0,1.0,1.0,1.0,17.4753743517370,1.0,1.0,21619.1594827735,1.0,1.0,1.0,1.0,18.7645357258204,1.0,1.0,0.05630930109536436,0.03429168597567678,0.05196934693914381,0.017677660963467033,-0.00433995415622055,0.017677660963467033,0.0,0,0,0.0563093010953644,9.50655127836018e-6,105190.617577197,3384.69151860670,0.000494859392109865,2020.77603445382,7.49926233765532,1.2891613740833623,0,1.0,-0.16934443110727065,-0.183536592708902,0.0,0.0,10.010157932498647,9,11,4.565907896959346,10000,19000,16.5000000000000,19.0000000000000,6403.774351060011,10000,25000,17.0000000000000,20.0000000000000,4.559083740768652,4.614300243178905,4.561749203443019,4.593941708717052,5014.75610790328,0.046641254159299046,4500.624463291891,1.00000000000000,0.0100000000000000,0.500000000000000,205500,205500,105000.000000000,0.0500000000000000,3000.00000000000,9.976112014081714,9,11,4.477314852685372,10000,19000,16.5000000000000,19.0000000000000,6464.829874757526,10000,25000,17.0000000000000,20.0000000000000,4.611085512908022,4.554776211812658,4.5964279388621945,4.562136252886518,1.00000000000000,0.0100000000000000,0.500000000000000,215500,3000.00000000000,105000.000000000,0.0500000000000000,11,22,11,21,-121,11,11,18917.19573263833,11,106.30545662394509,500000,1,1,-111,121,111,1,15,11,11,11,56
0.0,0.0,0.0,0,0.0,1.0,1.0,1.0,16982.1176832541,1.0,1.0,1.0,17.9499298199114,1.0,1.0,1.0,23739.4339296399,1.0,1.0,1.0,1.0,19.2249648886301,1.0,1.0,0.06375405551320146,0.026118726568554074,0.05526074909866517,0.029142022530111097,-0.008493306414536286,0.029142022530111097,0.0,0,0,0.0637540555132015,9.73236009732360e-6,102750.000000000,3743.27383084654,0.000455835397312119,2193.77434463538,7.74105036134729,1.2750350687187386,0,1.0,1.0,1.0,10456.0288336185,1.0,1.0,1.0,1.0,16.6730070714869,1.0,1.0,17661.9206218285,1.0,1.0,1.0,1.0,18.0326836644353,1.0,1.0,0.03871978267095422,0.02618686815356952,0.05526074909866517,0.02907388094509565,0.016540966427710954,0.02907388094509565,0.016540966427710954,0.0165409664277110,0.827048321385548,0.0387197826709542,9.50655127836018e-6,105190.617577197,2327.40448663573,0.000618352740300245,1617.19991653056,6.46551408192638,1.3596765929483194,0.827048321385548,1.0,-0.07554060154105147,-0.1599530136552207,0.0,0.0,10.20887945856409,9,11,4.53670194878946,10000,19000,16.5000000000000,19.0000000000000,6757.316246385808,10000,25000,17.0000000000000,20.0000000000000,4.553718263893566,4.617472319406767,4.568224386716557,4.594343113285111,5299.710111641181,0.04692052391332405,4499.851686464956,1.00000000000000,0.0100000000000000,0.500000000000000,205500,205500,105000.000000000,0.0500000000000000,3000.00000000000,10.207492989560551,9,11,4.492570540986076,10000,19000,16.5000000000000,19.0000000000000,7205.8917882100395,10000,25000,17.0000000000000,20.0000000000000,4.606062005772786,4.567342223101832,4.596500628042107,4.5703137598885375,1.00000000000000,0.0100000000000000,0.500000000000000,215500,3000.00000000000,105000.000000000,0.0500000000000000,11,22,11,21,-121,11,11,18687.876291715314,11,108.63760153787732,500000,1,1,-111,122,111,1,15,11,11,11,57
0.0,0.0,0.0,0,0.0,1.0,1.0,1.0,15785.7348130898,1.0,1.0,1.0,17.7170150041418,1.0,1.0,1.0,22231.4719441287,1.0,1.0,1.0,1.0,19.0019331177030,1.0,1.0,0.05888356135420203,0.03904351396260264,0.051528889640056225,0.012485375677453586,-0.007354671714145805,0.012485375677453586,0.0,0,0,0.0588835613542020,9.73236009732360e-6,102750.000000000,3457.30624522529,0.000488586387414273,2046.72096022213,7.71269514500726,1.2849181135611565,0,1.0,1.0,1.0,15284.9964647265,1.0,1.0,1.0,1.0,17.5592712698928,1.0,1.0,21768.0768980177,1.0,1.0,1.0,1.0,18.8516335414314,1.0,1.0,0.05653399508349466,0.024112584088439526,0.051528889640056225,0.0274163055516167,-0.0050051054434384346,0.0274163055516167,0.0,0,0,0.0565339950834947,9.50655127836018e-6,105190.617577197,3398.19763253659,0.000493617502857248,2025.86009250404,7.54494178610018,1.2923622715385485,0,1.0,-0.041111084652967964,-0.1892217957840922,0.0,0.0,10.004319859134556,9,11,4.5659058508023875,10000,19000,16.5000000000000,19.0000000000000,6445.737131038892,10000,25000,17.0000000000000,20.0000000000000,4.552674839376468,4.6115584007306705,4.554622459453121,4.593665973415724,5016.457518195071,0.046236747926294695,4501.255186594359,1.00000000000000,0.0100000000000000,0.500000000000000,205500,205500,105000.000000000,0.0500000000000000,3000.00000000000,10.014329483792658,9,11,4.4979716065887025,10000,19000,16.5000000000000,19.0000000000000,6483.080433291212,10000,25000,17.0000000000000,20.0000000000000,4.611610898966867,4.555076903883372,4.596809187879119,4.572696603790679,1.00000000000000,0.0100000000000000,0.500000000000000,215500,3000.00000000000,105000.000000000,0.0500000000000000,11,22,11,21,-121,11,11,18959.434605599836,11,111.791025643438,500000,1,1,-111,121,111,1,15,11,11,11,58
0.0,0.0,0.0,0,0.0,1.0,1.0,1.0,15858.1597764031,1.0,1.0,1.0,17.7611886852164,1.0,1.0,1.0,23019.2883435613,1.0,1.0,1.0,1.0,19.1167297390199,1.0,1.0,0.05942572237513044,0.037261514370287685,0.056959541829420327,0.01969802745913264,-0.0024661805457101144,0.01969802745913264,0.0,0,0,0.0594257223751304,9.73236009732360e-6,102750.000000000,3489.13884231123,0.000475895210647285,2101.30292893651,7.54682228726968,1.35554105380346,0,1.0,1.0,1.0,17462.6627300384,1.0,1.0,1.0,1.0,17.9790580568445,1.0,1.0,24372.3987390969,1.0,1.0,1.0,1.0,19.2870126262093,1.0,1.0,0.06472181806476218,0.032536427311489646,0.056959541829420327,0.02442311451793068,-0.007762276235341856,0.02442311451793068,0.0,0,0,0.0647218180647622,9.50655127836018e-6,105190.617577197,3890.35886454362,0.000446337235365752,2240.45838161037,7.79423660504988,1.3079545693647496,0,1.0,-0.23908673410044742,-0.13383944906304526,0.0,0.0,10.214366397946721,9,11,4.545006803426193,10000,19000,16.5000000000000,19.0000000000000,7161.128567158118,10000,25000,17.0000000000000,20.0000000000000,4.561970711762467,4.621396434137598,4.554137306138193,4.591398820508481,5282.856278727218,0.048523269478891996,4500.412935178031,1.00000000000000,0.0100000000000000,0.500000000000000,205500,205500,105000.000000000,0.0500000000000000,3000.00000000000,10.184821451794628,9,11,4.488702286360144,10000,19000,16.5000000000000,19.0000000000000,6909.736009058522,10000,25000,17.0000000000000,20.0000000000000,4.608142153425276,4.543420335360514,4.596384196148583,4.5638477688370935,1.00000000000000,0.0100000000000000,0.500000000000000,215500,3000.00000000000,105000.000000000,0.0500000000000000,11,22,11,21,-121,11,11,18705.587340389447,11,117.9914166078043,500000,1,1,-111,122,111,1,15,11,11,11,59
0.0,0.0,0.0,0,0.0,1.0,1.0,1.0,16531.0976907752,1.0,1.0,1.0,17.8592253215218,1.0,1.0,1.0,23036.8949114839,1.0,1.0,1.0,1.0,19.1592546628571,1.0,1.0,0.06207733768608126,0.03440300097770166,0.05337230616273678,0.018969305185035118,-0.00870503152334448,0.018969305185035118,0.0,0,0,0.0620773376860813,9.73236009732360e-6,102750.000000000,3644.82654128277,0.000474187771800672,2108.86922748475,7.83884437940790,1.3000293413352708,0,1.0,1.0,1.0,16696.9610440116,1.0,1.0,1.0,1.0,17.8056812807585,1.0,1.0,23221.5861613482,1.0,1.0,1.0,1.0,19.1094729308811,1.0,1.0,0.06212245767236535,0.02521348775781984,0.05337230616273678,0.028158818404916935,-0.008750151509628573,0.028158818404916935,0.0,0,0,0.0621224576723653,9.50655127836018e-6,105190.617577197,3734.11410741109,0.000467627428977505,2138.45454315321,7.80795696474870,1.3037916501225646,0,1.0,-0.3400209709452795,-0.23053380316008204,0.0,0.0,10.02038094211389,9,11,4.535496409372926,10000,19000,16.5000000000000,19.0000000000000,6505.797220708753,10000,25000,17.0000000000000,20.0000000000000,4.549608148662616,4.611685486348697,4.5563378268237695,4.590740827801471,5004.346451155168,0.04799571051371037,4500.220823278759,1.00000000000000,0.0100000000000000,0.500000000000000,205500,205500,105000.000000000,0.0500000000000000,3000.00000000000,9.997724316009803,9,11,4.471465135699297,10000,19000,16.5000000000000,19.0000000000000,6524.625117336597,10000,25000,17.0000000000000,20.0000000000000,4.6071344566086,4.545011998936235,4.597269529285555,4.572056041527735,1.00000000000000,0.0100000000000000,0.500000000000000,215500,3000.00000000000,105000.000000000,0.0500000000000000,11,22,11,21,-121,11,11,19159.39809424297,11,94.5303146967536,500000,1,1,-111,121,111,1,15,11,11,11,60
0.0,0.0,0.0,0,0.0,1.0,1.0,1.0,15869.5945144947,1.0,1.0,1.0,17.7154945245244,1.0,1.0,1.0,22903.5413754592,1.0,1.0,1.0,1.0,19.0426333643443,1.0,1.0,0.05980167618841126,0.021817060848858816,0.056611198296314696,0.03479413744745588,-0.0031904778920965604,0.03479413744745588,0.0,0,0,0.0598016761884113,9.73236009732360e-6,102750.000000000,3511.21270191958,0.000473478153641205,2112.02986306690,7.51390630975755,1.327138839819904,0,1.0,1.0,1.0,13106.4901593390,1.0,1.0,1.0,1.0,17.1672048751940,1.0,1.0,20136.2772319268,1.0,1.0,1.0,1.0,18.4935588616692,1.0,1.0,0.04847134138228615,0.04329557110624194,0.056611198296314696,0.01331562719007276,0.008139856914028548,0.01331562719007276,0.008139856914028548,0.00813985691402855,0.406992845701427,0.0484713413822861,9.50655127836018e-6,105190.617577197,2913.56019131305,0.000531898969095710,1880.05628531320,6.97132860421549,1.3263539864752238,0.406992845701427,1.0,-0.09705824138340155,-0.2139162957572716,0.0,0.0,10.201588214766861,9,11,4.519690449347837,10000,19000,16.5000000000000,19.0000000000000,7033.946860964438,10000,25000,17.0000000000000,20.0000000000000,4.5561783183320985,4.61597999452051,4.562146916364383,4.583963977213242,5300.083646047886,0.04806935620139039,4500.374772947086,1.00000000000000,0.0100000000000000,0.500000000000000,205500,205500,105000.000000000,0.0500000000000000,3000.00000000000,10.19587627097854,9,11,4.498444960367313,10000,19000,16.5000000000000,19.0000000000000,7029.787072587753,10000,25000,17.0000000000000,20.0000000000000,4.60814835880429,4.559677017422004,4.596287760578662,4.55299218947242,1.00000000000000,0.0100000000000000,0.500000000000000,215500,3000.00000000000,105000.000000000,0.0500000000000000,11,22,11,21,-121,11,11,18979.30462071317,11,110.32060022751094,500000,1,1,-111,122,111,1,15,11,11,11,61
0.0,0.0,0.0,0,0.0,1.0,1.0,1.0,15345.5322864398,1.0,1.0,1.0,17.5574314038042,1.0,1.0,1.0,21910.7495032851,1.0,1.0,1.0,1.0,18.8730497065301,1.0,1.0,0.05826130564501231,0.03250649931243732,0.05546038986539273,0.022953890552955408,-0.0028009157796195783,0.022953890552955408,0.0,0,0,0.0582613056450123,9.73236009732360e-6,102750.000000000,3420.77094572858,0.000492723959726415,2029.53394138830,7.56111143228417,1.3156183027259416,0,1.0,1.0,1.0,14644.6807217070,1.0,1.0,1.0,1.0,17.4065714150575,1.0,1.0,21212.3610625620,1.0,1.0,1.0,1.0,18.7226833086155,1.0,1.0,0.05456316748202905,0.04648749619323311,0.05546038986539273,0.008972893672159615,0.0008972223833636772,0.008972893672159615,0.0008972223833636772,0.000897222383363677,0.0448611191681839,0.0545631674820291,9.50655127836018e-6,105190.617577197,3279.73330537296,0.000505295037359438,1979.04179947181,7.39988449239200,1.3161118935580458,0.0448611191681839,1.0,-0.22167889302036906,-0.1462025722335443,0.0,0.0,9.996319971519998,9,11,4.48598650125971,10000,19000,16.5000000000000,19.0000000000000,6565.217216845324,10000,25000,17.0000000000000,20.0000000000000,4.557968497365565,4.616229803010578,4.556699824758466,4.589206324070903,4990.214261417838,0.050018848380187726,4500.5953101361565,1.00000000000000,0.0100000000000000,0.500000000000000,205500,205500,105000.000000000,0.0500000000000000,3000.00000000000,10.006686922665484,9,11,4.465204746287044,10000,19000,16.5000000000000,19.0000000000000,6567.680340854996,10000,25000,17.0000000000000,20.0000000000000,4.6104645916270615,4.555901424145032,4.597093560981389,4.550606064788156,1.00000000000000,0.0100000000000000,0.500000000000000,215500,3000.00000000000,105000.000000000,0.0500000000000000,11,22,11,21,-121,11,11,18614.584262784207,11,88.74417173782066,500000,1,1,-111,121,111,1,15,11,11,11,62
0.0,0.0,0.0,0,0.0,1.0,1.0,1.0,16462.4339943982,1.0,1.0,1.0,17.8557129062451,1.0,1.0,1.0,23311.1728266291,1.0,1.0,1.0,1.0,19.1435908066886,1.0,1.0,0.06128114445154864,0.030566988248771132,0.05734957558290897,0.02678258733413784,-0.0039315688686396705,0.02678258733413784,0.0,0,0,0.0612811444515486,9.73236009732360e-6,102750.000000000,3598.07862422664,0.000465972105116309,2146.05120997618,7.67103502370801,1.287877900443468,0,1.0,1.0,1.0,16489.8153045930,1.0,1.0,1.0,1.0,17.8082620541600,1.0,1.0,23415.1791778520,1.0,1.0,1.0,1.0,19.1105489865987,1.0,1.0,0.06092290790936339,0.03741360855399112,0.05734957558290897,0.019935967028917853,-0.0035733323264544176,0.019935967028917853,0.0,0,0,0.0609229079093634,9.50655127836018e-6,105190.617577197,3662.01046147694,0.000461120036259896,2168.63272329459,7.60378423117291,1.3022869324387059,0,1.0,-0.03981555419459877,-0.19315999064283532,0.0,0.0,10.184677882537075,9,11,4.575340261758891,10000,19000,16.5000000000000,19.0000000000000,6848.738832230899,10000,25000,17.0000000000000,20.0000000000000,4.553293493118311,4.614574637569859,4.558721713112346,4.589288701361117,5317.847934088009,0.04852420766130948,4499.498990919355,1.00000000000000,0.0100000000000000,0.500000000000000,205500,205500,105000.000000000,0.0500000000000000,3000.00000000000,10.204477822987062,9,11,4.502940523534824,10000,19000,16.5000000000000,19.0000000000000,6925.3638732589825,10000,25000,17.0000000000000,20.0000000000000,4.604768926804567,4.543846018895204,4.595093603245625,4.557679994691634,1.00000000000000,0.0100000000000000,0.500000000000000,215500,3000.00000000000,105000.000000000,0.0500000000000000,11,22,11,21,-121,11,11,18920.001280307588,11,104.34506170272763,500000,1,1,-111,122,111,1,15,11,11,11,63
0.0,0.0,0.0,0,0.0,1.0,1.0,1.0,12719.7579358000,1.0,1.0,1.0,17.0958321312692,1.0,1.0,1.0,19173.5629837734,1.0,1.0,1.0,1.0,18.3949161068786,1.0,1.0,0.04788388817741218,0.03844208738866506,0.05209038018099378,0.013648292792328723,0.0042064920035815995,0.013648292792328723,0.0042064920035815995,0.00420649200358160,0.210324600179080,0.0478838881774122,9.73236009732360e-6,102750.000000000,2811.46829155949,0.000556975653285924,1795.41061462995,7.08459548593103,1.2990839756093482,0.210324600179080,1.0,1.0,1.0,14994.7187242740,1.0,1.0,1.0,1.0,17.4907932159809,1.0,1.0,21475.3151255856,1.0,1.0,1.0,1.0,18.7952700129643,1.0,1.0,0.0555413542460812,0.030672794234388512,0.05209038018099378,0.02141758594660527,-0.003450974065087417,0.02141758594660527,0.0,0,0,0.0555413542460812,9.50655127836018e-6,105190.617577197,3338.53105955381,0.000500822554487684,1996.71518592638,7.50969333531519,1.3044767969833908,0,1.0,-0.08127923458007665,-0.15868221677972996,0.0,0.0,10.011236645338212,9,11,4.524240224934039,10000,19000,16.5000000000000,19.0000000000000,6453.805047973392,10000,25000,17.0000000000000,20.0000000000000,4.561011704120056,4.608895592297468,4.559715855415579,4.598157942804244,4967.966020015119,0.04720054870344368,4501.612798179107,1.00000000000000,0.0100000000000000,0.500000000000000,205500,205500,105000.000000000,0.0500000000000000,3000.00000000000,9.98109988066574,9,11,4.491412078184467,10000,19000,16.5000000000000,19.0000000000000,6480.596401311647,10000,25000,17.0000000000000,20.0000000000000,4.60691509494939,4.551373740703309,4.591855005891467,4.561182211657078,1.00000000000000,0.0100000000000000,0.500000000000000,215500,3000.00000000000,105000.000000000,0.0500000000000000,11,22,11,21,-121,11,11,18954.411285228896,11,117.82943747260043,500000,1,1,-111,121,111,1,15,11,11,11,64
0.0,0.0,0.0,0,0.0,1.0,1.0,1.0,15706.2435359100,1.0,1.0,1.0,17.6745481610048,1.0,1.0,1.0,22669.2983337321,1.0,1.0,1.0,1.0,18.9917354070567,1.0,1.0,0.05919616858344057,0.025644384626821726,0.0560240332841205,0.030379648657298773,-0.0031721352993200683,0.030379648657298773,0.0,0,0,0.0591961685834406,9.73236009732360e-6,102750.000000000,3475.66075539915,0.000476883090258562,2096.95000814101,7.49004195375831,1.3171872460518952,0,1.0,1.0,1.0,13990.7821547170,1.0,1.0,1.0,1.0,17.3463586712417,1.0,1.0,20902.3500874958,1.0,1.0,1.0,1.0,18.6538062492968,1.0,1.0,0.051537982524509474,0.03503579053773098,0.0560240332841205,0.020988242746389517,0.004486050759611025,0.020988242746389517,0.004486050759611025,0.00448605075961103,0.224302537980551,0.0515379825245095,9.50655127836018e-6,105190.617577197,3097.89269167768,0.000511968090985342,1953.24673081751,7.16283403114226,1.307447578055111,0.224302537980551,1.0,-0.033916909228779046,-0.17985530066437685,0.0,0.0,10.184506207246484,9,11,4.518923059884833,10000,19000,16.5000000000000,19.0000000000000,6963.054797822108,10000,25000,17.0000000000000,20.0000000000000,4.553941449070047,4.6131376176534875,4.560746473940204,4.586390858567026,5286.30596651539,0.04771819358193751,4502.584991770513,1.00000000000000,0.0100000000000000,0.500000000000000,205500,205500,105000.000000000,0.0500000000000000,3000.00000000000,10.183524640099465,9,11,4.516225559491607,10000,19000,16.5000000000000,19.0000000000000,6911.567932778828,10000,25000,17.0000000000000,20.0000000000000,4.609185913404025,4.557647930879516,4.594517610192183,4.559481819654452,1.00000000000000,0.0100000000000000,0.500000000000000,215500,3000.00000000000,105000.000000000,0.0500000000000000,11,22,11,21,-121,11,11,19082.2224372431,11,105.184457281916,500000,1,1,-111,122,111,1,15,11,11,11,65
0.0,0.0,0.0,0,0.0,1.0,1.0,1.0,18753.2138865606,1.0,1.0,1.0,18.2182923643299,1.0,1.0,1.0,25235.8577059638,1.0,0.0,0.0,1.0,19.5105132991853,1.0,1.0,0.07106790922598005,0.030817510810945414,0.0531907982908549,0.022373287479909486,-0.017877110935125153,0.022373287479909486,0.0,0,0,0.0710679092259801,9.73236009732360e-6,102750.000000000,4172.70152741112,0.000438988377447873,2277.96463727275,8.23244293599415,1.292220934855355,0,1.0,1.0,1.0,17150.7000002747,1.0,1.0,1.0,1.0,17.9235567730202,1.0,1.0,23573.5607459113,1.0,1.0,1.0,1.0,19.2038608200095,1.0,1.0,0.0634534008922758,0.02548819031873073,0.0531907982908549,0.02770260797212417,-0.010262602601420902,0.02770260797212417,0.0,0,0,0.0634534008922758,9.50655127836018e-6,105190.617577197,3814.11567270398,0.000461519455546631,2166.75589291373,7.91538172637038,1.2803040469893265,0,0.0,-0.10522411032310162,-0.1985307035307565,0.0,0.0,9.985849428335786,9,11,4.494261993906785,10000,19000,16.5000000000000,19.0000000000000,6482.643819403258,10000,25000,17.0000000000000,20.0000000000000,4.553045422893786,4.624113332119766,4.561061924703606,4.591879435514551,5016.668314639937,0.04770423548510402,4499.205394956239,1.00000000000000,0.0100000000000000,0.500000000000000,205500,205500,105000.000000000,0.0500000000000000,3000.00000000000,10.008175046649843,9,11,4.496638663325032,10000,19000,16.5000000000000,19.0000000000000,6422.860745636635,10000,25000,17.0000000000000,20.0000000000000,4.609942449138989,4.5464890482467135,4.593897520431183,4.568409330112452,1.00000000000000,0.0100000000000000,0.500000000000000,215500,3000.00000000000,105000.000000000,0.0500000000000000,11,22,11,21,-121,11,11,18693.16319369988,11,104.25014165765754,500000,1,1,-111,121,111,1,15,11,11,11,66
0.0,0.0,0.0,0,0.0,1.0,1.0,1.0,17680.0703090078,1.0,1.0,1.0,18.0905324905457,1.0,1.0,1.0,24712.4152106407,1.0,1.0,1.0,1.0,19.4174672206670,1.0,1.0,0.06597645725326373,0.025571260785631544,0.052741976079532446,0.0271707152939009,-0.013234481173731286,0.0271707152939009,0.0,0,0,0.0659764572532637,9.73236009732360e-6,102750.000000000,3873.76056158449,0.000446837309128534,2237.95099373035,7.90011504208032,1.326934730121324,0,1.0,1.0,1.0,15612.8573888316,1.0,1.0,1.0,1.0,17.6102016490081,1.0,1.0,22679.4252413050,1.0,1.0,1.0,1.0,18.9435939153671,1.0,1.0,0.05810872769558362,0.0354088380477533,0.052741976079532446,0.017333138031779147,-0.005366751616051171,0.017333138031779147,0.0,0,0,0.0581087276955836,9.50655127836018e-6,105190.617577197,3492.85311595635,0.000474989121924017,2105.31137207805,7.41593742184605,1.333392266358906,0,1.0,-0.11803343395255875,-0.18610463235013652,0.0,0.0,10.190417448465366,9,11,4.564058626735586,10000,19000,16.5000000000000,19.0000000000000,7032.344901632892,10000,25000,17.0000000000000,20.0000000000000,4.54954929757485,4.615525754828114,4.563092500583892,4.588663761369523,5299.691644207634,0.04480254789280193,4501.9111219618835,1.00000000000000,0.0100000000000000,0.500000000000000,205500,205500,105000.000000000,0.0500000000000000,3000.00000000000,10.194264227162101,9,11,4.469943874108999,10000,19000,16.5000000000000,19.0000000000000,7066.567852473374,10000,25000,17.0000000000000,20.0000000000000,4.606397726672482,4.548288998976898,4.598367738585905,4.562958900538152,1.00000000000000,0.0100000000000000,0.500000000000000,215500,3000.00000000000,105000.000000000,0.0500000000000000,11,22,11,21,-121,11,11,18629.50992279516,11,115.46587679459152,500000,1,1,-111,122,111,1,15,11,11,11,67
0.0,0.0,0.0,0,0.0,1.0,1.0,1.0,16149.8196977793,1.0,1.0,1.0,17.7646075188825,1.0,1.0,1.0,22671.2157533288,1.0,1.0,1.0,1.0,19.0688625511193,1.0,1.0,0.06054100247820049,0.03003892940203645,0.053677914741672536,0.023638985339636084,-0.0068630877365279536,0.023638985339636084,0.0,0,0,0.0605410024782005,9.73236009732360e-6,102750.000000000,3554.62171693434,0.000481320179877785,2077.61910222405,7.77323412192891,1.3042550322368274,0,1.0,1.0,1.0,12525.4788376645,1.0,1.0,1.0,1.0,16.9991569342066,1.0,1.0,19052.2287097344,1.0,1.0,1.0,1.0,18.3044827098976,1.0,1.0,0.046393513299879174,0.03795059673071677,0.053677914741672536,0.015727318010955768,0.007284401441793362,0.015727318010955768,0.007284401441793362,0.00728440144179336,0.364220072089668,0.0463935132998792,9.50655127836018e-6,105190.617577197,2788.66418033726,0.000558590922398449,1790.21885229758,6.99661877741327,1.3053257756909606,0.364220072089668,1.0,-0.09766340787818734,-0.11996315589828713,0.0,0.0,9.991373396953595,9,11,4.543330059803818,10000,19000,16.5000000000000,19.0000000000000,6521.396055549549,10000,25000,17.0000000000000,20.0000000000000,4.554919524482038,4.615460526960239,4.563869260375087,4.593908189777124,5000.092692274458,0.04831824126341071,4500.839613599458,1.00000000000000,0.0100000000000000,0.500000000000000,205500,205500,105000.000000000,0.0500000000000000,3000.00000000000,10.002538156793365,9,11,4.491569449624331,10000,19000,16.5000000000000,19.0000000000000,6526.749872069861,10000,25000,17.0000000000000,20.0000000000000,4.6050149896750705,4.558621476375191,4.593489504525168,4.5555389077944515,1.00000000000000,0.0100000000000000,0.500000000000000,215500,3000.00000000000,105000.000000000,0.0500000000000000,11,22,11,21,-121,11,11,19297.220842851526,11,98.68608763162484,500000,1,1,-111,121,111,1,15,11,11,11,68
0.0,0.0,0.0,0,0.0,1.0,1.0,1.0,13769.9399689071,1.0,1.0,1.0,17.3736568001284,1.0,1.0,1.0,20671.1045024568,1.0,1.0,1.0,1.0,18.6801026056238,1.0,1.0,0.05151787297722965,0.02893716226620313,0.05491875708716578,0.02598159482096265,0.0034008841099361295,0.02598159482096265,0.0034008841099361295,0.00340088410993613,0.170044205496806,0.0515178729772297,9.73236009732360e-6,102750.000000000,3024.83511337734,0.000519904554276336,1923.42996762534,7.15905450194656,1.306445805495385,0.170044205496806,1.0,1.0,1.0,15261.9832518302,1.0,1.0,1.0,1.0,17.5913384551096,1.0,1.0,22090.4519115057,1.0,1.0,1.0,1.0,18.8840223485338,1.0,1.0,0.05629897162943198,0.03544984206637114,0.05491875708716578,0.01946891502079464,-0.0013802145422662018,0.01946891502079464,0.0,0,0,0.0562989716294320,9.50655127836018e-6,105190.617577197,3384.07062552060,0.000484810128709206,2062.66317632941,7.39916406467755,1.2926838934241718,0,1.0,-0.1761687655989838,-0.09242502336690497,0.0,0.0,10.214602298181834,9,11,4.552294407060243,10000,19000,16.5000000000000,19.0000000000000,6901.164533549653,10000,25000,17.0000000000000,20.0000000000000,4.56689134984024,4.61840922281747,4.564531372782548,4.593468535048751,5282.396334023847,0.04676568664125555,4498.187955706795,1.00000000000000,0.0100000000000000,0.500000000000000,205500,205500,105000.000000000,0.0500000000000000,3000.00000000000,10.192174390432045,9,11,4.509948207562101,10000,19000,16.5000000000000,19.0000000000000,6828.468659675518,10000,25000,17.0000000000000,20.0000000000000,4.607592934636554,4.551293963007122,4.595747304531207,4.560297462464836,1.00000000000000,0.0100000000000000,0.500000000000000,215500,3000.00000000000,105000.000000000,0.0500000000000000,11,22,11,21,-121,11,11,19113.94516605607,11,114.40131141239418,500000,1,1,-111,122,111,1,15,11,11,11,69
0.0,0.0,0.0,0,0.0,1.0,1.0,1.0,14570.5570634898,1.0,1.0,1.0,17.5253211186382,1.0,1.0,1.0,21598.1410362276,1.0,1.0,1.0,1.0,18.8560996332391,1.0,1.0,0.054721610536202725,0.025160835935734482,0.05551151148104923,0.030350675545314745,0.0007899009448465028,0.030350675545314745,0.0007899009448465028,0.000789900944846503,0.0394950472423251,0.0547216105362027,9.73236009732360e-6,102750.000000000,3212.94027576848,0.000500606401561970,1997.57733197147,7.29411414030695,1.3307785146008495,0.0394950472423251,1.0,1.0,1.0,13745.2770361950,1.0,1.0,1.0,1.0,17.2961554834923,1.0,1.0,20859.3423824084,1.0,1.0,1.0,1.0,18.6433105443117,1.0,1.0,0.050889008078900844,0.02306744327777288,0.05551151148104923,0.03244406820327635,0.004622503402148384,0.03244406820327635,0.004622503402148384,0.00462250340214838,0.231125170107419,0.0508890080789008,9.50655127836018e-6,105190.617577197,3058.88353583460,0.000516281674398616,1936.92716512713,7.09643464331959,1.3471550608194116,0.231125170107419,1.0,-0.09287730440047548,-0.13555109188294928,0.0,0.0,10.23120697833129,9,11,4.534960445227933,10000,19000,16.5000000000000,19.0000000000000,7027.583972737872,10000,25000,17.0000000000000,20.0000000000000,4.559366361644377,4.61408797218058,4.563794129265452,4.588954965201187,5280.806607285592,0.04729255502602546,4498.937794949269,1.00000000000000,0.0100000000000000,0.500000000000000,205500,205500,105000.000000000,0.0500000000000000,3000.00000000000,10.199720840172727,9,11,4.493560109487672,10000,19000,16.5000000000000,19.0000000000000,7114.065346213372,10000,25000,17.0000000000000,20.0000000000000,4.606429486740471,4.5555404786615705,4.597595546901048,4.574528103623275,1.00000000000000,0.0100000000000000,0.500000000000000,215500,3000.00000000000,105000.000000000,0.0500000000000000,11,22,11,21,-121,11,11,18915.416443895047,11,94.45588571508942,500000,1,1,-111,122,111,1,15,11,11,11,70
0.0,0.0,0.0,0,0.0,1.0,1.0,1.0,14963.9893433330,1.0,1.0,1.0,17.5729555545187,1.0,1.0,1.0,21525.6227992797,1.0,1.0,1.0,1.0,18.8880054354810,1.0,1.0,0.05584945937692343,0.035352246873427084,0.053148757573589354,0.01779651070016227,-0.0027007018033340727,0.01779651070016227,0.0,0,0,0.0558494593769234,9.73236009732360e-6,102750.000000000,3279.16111484508,0.000505371060679361,1978.74409083836,7.56236716643484,1.3150498809622164,0,1.0,1.0,1.0,12378.7625654432,1.0,1.0,1.0,1.0,16.9467304834842,1.0,1.0,18958.3040921214,1.0,1.0,1.0,1.0,18.2653694107475,1.0,1.0,0.04600811526309023,0.02692364548907733,0.053148757573589354,0.026225112084512024,0.007140642310499122,0.026225112084512024,0.007140642310499122,0.00714064231049912,0.357032115524956,0.0460081152630902,9.50655127836018e-6,105190.617577197,2765.49831890705,0.000562013501188875,1779.31668524798,6.95703168979050,1.3186389272632406,0.357032115524956,1.0,-0.03776466066737874,-0.16985679017505806,0.0,0.0,10.010588388083896,9,11,4.563358987025543,10000,19000,16.5000000000000,19.0000000000000,6561.633455946721,10000,25000,17.0000000000000,20.0000000000000,4.562567644005495,4.618417103382418,4.559580854218637,4.594933101092064,4989.646059011543,0.04792316295245897,4499.06323454545,1.00000000000000,0.0100000000000000,0.500000000000000,205500,205500,105000.000000000,0.0500000000000000,3000.00000000000,9.989698793693718,9,11,4.476141779155152,10000,19000,16.5000000000000,19.0000000000000,6579.5415266782375,10000,25000,17.0000000000000,20.0000000000000,4.609578629495433,4.563570514232342,4.5940630682814785,4.567139422792401,1.00000000000000,0.0100000000000000,0.500000000000000,215500,3000.00000000000,105000.000000000,0.0500000000000000,11,22,11,21,-121,11,11,19082.86746163328,11,105.4885241376877,500000,1,1,-111,121,111,1,15,11,11,11,71
0.0,0.0,0.0,0,0.0,1.0,1.0,1.0,13879.1983599671,1.0,1.0,1.0,17.3767944884289,1.0,1.0,1.0,20957.5937712494,1.0,1.0,1.0,1.0,18.7119173116156,1.0,1.0,0.05212058330105673,0.032101866704148385,0.05564879797754679,0.023546931273398408,0.00352821467649006,0.023546931273398408,0.00352821467649006,0.00352821467649006,0.176410733824503,0.0521205833010567,9.73236009732360e-6,102750.000000000,3060.22281953347,0.000515393009047879,1940.26690786390,7.15324180591586,1.3351228231867438,0.176410733824503,1.0,1.0,1.0,15285.0000870276,1.0,1.0,1.0,1.0,17.5429781509708,1.0,1.0,22230.8141656370,1.0,1.0,1.0,1.0,18.8530935603449,1.0,1.0,0.056779093357906874,0.03566703471797439,0.05564879797754679,0.019981763259572405,-0.0011302953803600801,0.019981763259572405,0.0,0,0,0.0567790933579069,9.50655127836018e-6,105190.617577197,3412.93022616660,0.000481622771099780,2076.31378748250,7.36160409817458,1.3101154093740273,0,1.0,-0.004506108651178592,-0.20778600196386873,0.0,0.0,10.223552682512995,9,11,4.535355488291866,10000,19000,16.5000000000000,19.0000000000000,7078.3954112822,10000,25000,17.0000000000000,20.0000000000000,4.564465847340384,4.616586430641441,4.55789326196925,4.589995128673398,5301.681080087524,0.047213273909872795,4498.02565579148,1.00000000000000,0.0100000000000000,0.500000000000000,205500,205500,105000.000000000,0.0500000000000000,3000.00000000000,10.181374052796267,9,11,4.47855627690216,10000,19000,16.5000000000000,19.0000000000000,6945.814078609401,10000,25000,17.0000000000000,20.0000000000000,4.60644256036358,4.549663467005673,4.5942091758001045,4.55854214108213,1.00000000000000,0.0100000000000000,0.500000000000000,215500,3000.00000000000,105000.000000000,0.0500000000000000,11,22,11,21,-121,11,11,19071.916665924233,11,128.1338198514518,500000,1,1,-111,122,111,1,15,11,11,11,72
0.0,0.0,0.0,0,0.0,1.0,1.0,1.0,14604.5002430449,1.0,1.0,1.0,17.4783726642516,1.0,1.0,1.0,21162.9054212655,1.0,1.0,1.0,1.0,18.7914677688777,1.0,1.0,0.05444044878023302,0.034435991500218144,0.05404155207659716,0.019605560576379015,-0.00039889670363586066,0.019605560576379015,0.0,0,0,0.0544404487802330,9.73236009732360e-6,102750.000000000,3196.43206409654,0.000513064431882127,1949.07293871765,7.49304962012020,1.313095104626057,0,1.0,1.0,1.0,13439.9260966439,1.0,1.0,1.0,1.0,17.1884899006170,1.0,1.0,19923.0736444459,1.0,1.0,1.0,1.0,18.4865172527327,1.0,1.0,0.04971869389968919,0.03489726207128108,0.05404155207659716,0.019144290005316082,0.004322858176907966,0.019144290005316082,0.004322858176907966,0.00432285817690797,0.216142908845398,0.0497186938996892,9.50655127836018e-6,105190.617577197,2988.53720939425,0.000534827473616450,1869.76183784670,7.18804171985987,1.2980273521156367,0.216142908845398,1.0,-0.16958826232218172,-0.1366895208650854,0.0,0.0,9.98532304413144,9,11,4.569000670180922,10000,19000,16.5000000000000,19.0000000000000,6558.405178220604,10000,25000,17.0000000000000,20.0000000000000,4.56094177680406,4.615382225584293,4.558503075962238,4.592939067462456,4994.615511942149,0.048693630977727664,4500.351216216574,1.00000000000000,0.0100000000000000,0.500000000000000,205500,205500,105000.000000000,0.0500000000000000,3000.00000000000,10.000448180757155,9,11,4.4971586950286255,10000,19000,16.5000000000000,19.0000000000000,6483.147547801953,10000,25000,17.0000000000000,20.0000000000000,4.6056405073881805,4.555921813488491,4.5980691568975915,4.5631718948263105,1.00000000000000,0.0100000000000000,0.500000000000000,215500,3000.00000000000,105000.000000000,0.0500000000000000,11,22,11,21,-121,11,11,19061.717419064254,11,108.76672364386388,500000,1,1,-111,121,111,1,15,11,11,11,73
0.0,0.0,0.0,0,0.0,1.0,1.0,1.0,19635.3299762240,1.0,0.0,0.0,18.4112285028478,1.0,1.0,1.0,26585.4790524621,1.0,0.0,0.0,1.0,19.7200653950968,1.0,1.0,0.07395282020264204,0.022671666313147654,0.05597747379743219,0.033305807484284536,-0.017975346405209855,0.033305807484284536,0.0,0,0,0.0739528202026420,9.73236009732360e-6,102750.000000000,4342.08701475513,0.000418621813809900,2388.79094927937,8.21977744940277,1.3088368922490001,0,1.0,1.0,1.0,9984.69884626646,0.0,1.0,0.0,1.0,16.5414435579026,1.0,1.0,16924.1061069827,1.0,1.0,1.0,1.0,17.8482575749168,1.0,1.0,0.036974372266050715,0.03516980701362282,0.05597747379743219,0.020807666783809367,0.019003101531381475,0.020807666783809367,0.019003101531381475,0.0190031015313815,0.950155076569074,0.0369743722660507,9.50655127836018e-6,105190.617577197,2222.48974468289,0.000638263648839490,1566.75067085245,6.37287031818147,1.3068140170141604,0.950155076569074,0.0,-0.17255983527803964,-0.13503185618172062,0.0,0.0,10.19145105344507,9,11,4.522094999363184,10000,19000,16.5000000000000,19.0000000000000,6950.149076238143,10000,25000,17.0000000000000,20.0000000000000,4.547418837087388,4.62137165729003,4.561054751361842,4.583726417674989,5310.172044658341,0.04744089575821761,4500.369547587439,1.00000000000000,0.0100000000000000,0.500000000000000,205500,205500,105000.000000000,0.0500000000000000,3000.00000000000,10.168573239721159,9,11,4.492573641859966,10000,19000,16.5000000000000,19.0000000000000,6939.407260716265,10000,25000,17.0000000000000,20.0000000000000,4.6070291068301055,4.570054734564055,4.594095367329148,4.558925560315525,1.00000000000000,0.0100000000000000,0.500000000000000,215500,3000.00000000000,105000.000000000,0.0500000000000000,11,22,11,21,-121,11,11,18643.866603181734,11,102.57539487040565,500000,1,1,-111,122,111,1,15,11,11,11,74
0.0,0.0,0.0,0,0.0,1.0,1.0,1.0,13747.9207672078,1.0,1.0,1.0,17.3148136765844,1.0,1.0,1.0,20265.6673699666,1.0,1.0,1.0,1.0,18.6283341682898,1.0,1.0,0.05169953424633711,0.02845105502245726,0.05428377357507177,0.025832718552614507,0.0025842393287346596,0.025832718552614507,0.0025842393287346596,0.00258423932873466,0.129211966436733,0.0516995342463371,9.73236009732360e-6,102750.000000000,3035.50122503494,0.000530964735457732,1883.36424854642,7.29966111325432,1.3135204917053984,0.129211966436733,1.0,1.0,1.0,16532.2459098178,1.0,1.0,1.0,1.0,17.7901996714403,1.0,1.0,23081.9510857183,1.0,1.0,1.0,1.0,19.1101607695801,1.0,1.0,0.06174428085718908,0.03460279658089327,0.05428377357507177,0.0196809769941785,-0.007460507282117314,0.0196809769941785,0.0,0,0,0.0617442808571891,9.50655127836018e-6,105190.617577197,3711.38230584436,0.000470971237495953,2123.27191213793,7.78621231473427,1.3199610981397665,0,1.0,-0.1509094946304744,-0.2207480129095154,0.0,0.0,10.015152563330075,9,11,4.529044710581374,10000,19000,16.5000000000000,19.0000000000000,6517.746602758862,10000,25000,17.0000000000000,20.0000000000000,4.561294562761128,4.612994097007465,4.560652699513109,4.589103754535566,4962.044097459492,0.049232496177484826,4500.3101474299565,1.00000000000000,0.0100000000000000,0.500000000000000,205500,205500,105000.000000000,0.0500000000000000,3000.00000000000,10.003987356706038,9,11,4.454471285209349,10000,19000,16.5000000000000,19.0000000000000,6549.705175900577,10000,25000,17.0000000000000,20.0000000000000,4.604464628297872,4.5427203474406825,4.596647784834715,4.562044988253822,1.00000000000000,0.0100000000000000,0.500000000000000,215500,3000.00000000000,105000.000000000,0.0500000000000000,11,22,11,21,-121,11,11,19097.926583356908,11,103.96404234221161,500000,1,1,-111,121,111,1,15,11,11,11,75
0.0,0.0,0.0,0,0.0,1.0,1.0,1.0,12440.3449650312,1.0,1.0,1.0,17.0790924219482,1.0,1.0,1.0,19578.3702991939,1.0,1.0,1.0,1.0,18.4207904849340,1.0,1.0,0.04694978071837941,0.03457463510889802,0.057098720408110426,0.022524085299212404,0.010148939689731018,0.022524085299212404,0.010148939689731018,0.0101489396897310,0.507446984486551,0.0469497807183794,9.73236009732360e-6,102750.000000000,2756.62283932199,0.000550727598552464,1815.77971147334,6.85124130775588,1.3416980629857798,0.507446984486551,1.0,1.0,1.0,15117.6317342583,1.0,1.0,1.0,1.0,17.5252568278982,1.0,1.0,22307.6278606489,1.0,1.0,1.0,1.0,18.8767235745184,1.0,1.0,0.05604068217588143,0.03132697843235732,0.057098720408110426,0.025771741975753104,0.0010580382322289972,0.025771741975753104,0.0010580382322289972,0.00105803823222900,0.0529019116114499,0.0560406821758814,9.50655127836018e-6,105190.617577197,3368.54512430194,0.000484828943639812,2062.58312982015,7.32946542405617,1.3514667466202135,0.0529019116114499,1.0,-0.18957601776807428,-0.24860183164207938,0.0,0.0,10.227851114192326,9,11,4.512893380833705,10000,19000,16.5000000000000,19.0000000000000,7138.025334162679,10000,25000,17.0000000000000,20.0000000000000,4.566745850697292,4.613695631415672,4.5593800882444935,4.5939547233533915,5320.1428332376845,0.048312013538819025,4501.446105109588,1.00000000000000,0.0100000000000000,0.500000000000000,205500,205500,105000.000000000,0.0500000000000000,3000.00000000000,10.195791403842055,9,11,4.487881615476695,10000,19000,16.5000000000000,19.0000000000000,7189.996126390579,10000,25000,17.0000000000000,20.0000000000000,4.60831140233482,4.552270720158939,4.595815462073661,4.564488483641304,1.00000000000000,0.0100000000000000,0.500000000000000,215500,3000.00000000000,105000.000000000,0.0500000000000000,11,22,11,21,-121,11,11,18990.812280532908,11,104.54681150524974,500000,1,1,-111,122,111,1,15,11,11,11,76
0.0,0.0,0.0,0,0.0,1.0,1.0,1.0,12398.5842865666,1.0,1.0,1.0,17.0334124860233,1.0,1.0,1.0,18923.9373788674,1.0,1.0,1.0,1.0,18.3409917984689,1.0,1.0,0.04636211137084523,0.022374609344516294,0.0533624150127224,0.03098780566820611,0.007000303641877176,0.03098780566820611,0.007000303641877176,0.00700030364187718,0.350015182093859,0.0463621113708452,9.73236009732360e-6,102750.000000000,2722.11825334534,0.000567745422633740,1761.35281788985,7.03923947583683,1.3075793124456379,0.350015182093859,1.0,1.0,1.0,13360.1205776527,1.0,1.0,1.0,1.0,17.1836303621417,1.0,1.0,19894.2638061853,1.0,1.0,1.0,1.0,18.4929710812312,1.0,1.0,0.04922400735876131,0.032733181637795816,0.0533624150127224,0.020629233374926587,0.00413840765396109,0.020629233374926587,0.00413840765396109,0.00413840765396109,0.206920382698055,0.0492240073587613,9.50655127836018e-6,105190.617577197,2958.80213353863,0.000538359064333069,1857.49635559461,7.19254201356210,1.3093407190895066,0.206920382698055,1.0,-0.12553020838212736,-0.27094658988954634,0.0,0.0,9.994173010186442,9,11,4.554755941013743,10000,19000,16.5000000000000,19.0000000000000,6525.353092300748,10000,25000,17.0000000000000,20.0000000000000,4.568373971405394,4.614736082776239,4.565828407847106,4.588203017191622,4990.407105857326,0.04812283023895989,4500.405649204881,1.00000000000000,0.0100000000000000,0.500000000000000,205500,205500,105000.000000000,0.0500000000000000,3000.00000000000,9.991088348579595,9,11,4.515381554654505,10000,19000,16.5000000000000,19.0000000000000,6534.143228532615,10000,25000,17.0000000000000,20.0000000000000,4.6087104055706885,4.559486398211927,4.590230266105627,4.5574970844678315,1.00000000000000,0.0100000000000000,0.500000000000000,215500,3000.00000000000,105000.000000000,0.0500000000000000,11,22,11,21,-121,11,11,18742.37679389347,11,104.87852002436277,500000,1,1,-111,121,111,1,15,11,11,11,77
0.0,0.0,0.0,0,0.0,1.0,1.0,1.0,15561.3386162400,1.0,1.0,1.0,17.6831245806941,1.0,1.0,1.0,22597.2609518342,1.0,1.0,1.0,1.0,19.0064112128198,1.0,1.0,0.05823354365111566,0.03892757439132133,0.05735414024891656,0.01842656585759523,-0.0008794034021991012,0.01842656585759523,0.0,0,0,0.0582335436511157,9.73236009732360e-6,102750.000000000,3419.14092008693,0.000480546914731768,2080.96227307625,7.47795326113043,1.3232866321256864,0,1.0,1.0,1.0,12255.6469226315,1.0,1.0,1.0,1.0,16.9849755686574,1.0,1.0,19376.9660404715,1.0,1.0,1.0,1.0,18.3243232678305,1.0,1.0,0.0456819200381986,0.0334496519814369,0.05735414024891656,0.023904488267479658,0.011672220210717961,0.023904488267479658,0.011672220210717961,0.0116722202107180,0.583611010535898,0.0456819200381986,9.50655127836018e-6,105190.617577197,2745.89107481728,0.000552256292844085,1810.75347254092,6.76825813589851,1.3393476991731037,0.583611010535898,1.0,-0.2918851635830023,-0.08692462595739574,0.0,0.0,10.205171319563645,9,11,4.551242250595597,10000,19000,16.5000000000000,19.0000000000000,7035.922335594214,10000,25000,17.0000000000000,20.0000000000000,4.559892806986692,4.618126350637808,4.5552882663937595,4.594215840785081,5317.005526075577,0.04851531338665025,4497.603629948593,1.00000000000000,0.0100000000000000,0.500000000000000,205500,205500,105000.000000000,0.0500000000000000,3000.00000000000,10.216717432758916,9,11,4.463267692964493,10000,19000,16.5000000000000,19.0000000000000,7121.319117840002,10000,25000,17.0000000000000,20.0000000000000,4.609568205873226,4.563886285835028,4.599679670795604,4.566230018814167,1.00000000000000,0.0100000000000000,0.500000000000000,215500,3000.00000000000,105000.000000000,0.0500000000000000,11,22,11,21,-121,11,11,18616.92122229525,11,106.848355303171,500000,1,1,-111,122,111,1,15,11,11,11,78
0.0,0.0,0.0,0,0.0,1.0,1.0,1.0,17004.5452956393,1.0,1.0,1.0,17.9161912005605,1.0,1.0,1.0,23541.4935012110,1.0,1.0,1.0,1.0,19.2248357573879,1.0,1.0,0.0640334417489461,0.023335320154904693,0.05441475635439314,0.03107943619948845,-0.009618685394552955,0.03107943619948845,0.0,0,0,0.0640334417489461,9.73236009732360e-6,102750.000000000,3759.67779411669,0.000466172212185335,2145.13000530892,7.92704649767388,1.3086445568273708,0,1.0,1.0,1.0,16025.7726682700,1.0,1.0,1.0,1.0,17.6687178210482,1.0,1.0,22437.3844827273,1.0,1.0,1.0,1.0,18.9522710384850,1.0,1.0,0.059489666647524864,0.031027339700368195,0.05441475635439314,0.023387416654024946,-0.005074910293131722,0.023387416654024946,0.0,0,0,0.0594896666475249,9.50655127836018e-6,105190.617577197,3575.85987092270,0.000479844989361849,2084.00633990137,7.68988671552143,1.2835532174368538,0,1.0,-0.14657721711933433,-0.206589640034975,0.0,0.0,9.989144702886628,9,11,4.5228730297709845,10000,19000,16.5000000000000,19.0000000000000,6536.948205571743,10000,25000,17.0000000000000,20.0000000000000,4.549927168966562,4.613960610715508,4.563588365924961,4.5869236860798654,4995.205284328448,0.049001858919093824,4498.308198246906,1.00000000000000,0.0100000000000000,0.500000000000000,205500,205500,105000.000000000,0.0500000000000000,3000.00000000000,9.978831105526753,9,11,4.481655670733753,10000,19000,16.5000000000000,19.0000000000000,6411.611814457354,10000,25000,17.0000000000000,20.0000000000000,4.612169834550308,4.552680167902783,4.598793171542334,4.567765831841966,1.00000000000000,0.0100000000000000,0.500000000000000,215500,3000.00000000000,105000.000000000,0.0500000000000000,11,22,11,21,-121,11,11,18761.322887573097,11,121.7449398707376,500000,1,1,-111,121,111,1,15,11,11,11,79
0.0,0.0,0.0,0,0.0,1.0,1.0,1.0,18236.3407033107,1.0,1.0,1.0,18.2171595402585,1.0,1.0,1.0,25220.3173537859,1.0,0.0,0.0,1.0,19.5431273962620,1.0,1.0,0.06799078332112796,0.024553496741352987,0.05244652915739528,0.027893032416042296,-0.015544254163732674,0.027893032416042296,0.0,0,0,0.0679907833211280,9.73236009732360e-6,102750.000000000,3992.03027785480,0.000440357677247964,2270.88126690454,8.03051263361240,1.3259678560034227,0,1.0,1.0,1.0,15577.5509742775,1.0,1.0,1.0,1.0,17.6477244055714,1.0,1.0,22491.9124089457,1.0,1.0,1.0,1.0,18.9604752158903,1.0,1.0,0.057556365988741476,0.02373862499204371,0.05244652915739528,0.028707904165351572,-0.005109836831346193,0.028707904165351572,0.0,0,0,0.0575563659887415,9.50655127836018e-6,105190.617577197,3459.65124791709,0.000478905050783202,2088.09658274558,7.46016784041429,1.3127508103189138,0,0.0,-0.12712748675474023,-0.09358234593486621,0.0,0.0,10.186646906646143,9,11,4.568186971044304,10000,19000,16.5000000000000,19.0000000000000,6983.976650475249,10000,25000,17.0000000000000,20.0000000000000,4.5479787883634755,4.615969571684603,4.56445388561136,4.589007382352713,5267.07839775659,0.044808387107803084,4499.998218481646,1.00000000000000,0.0100000000000000,0.500000000000000,205500,205500,105000.000000000,0.0500000000000000,3000.00000000000,10.187556565157072,9,11,4.5026362075241355,10000,19000,16.5000000000000,19.0000000000000,6914.36143466821,10000,25000,17.0000000000000,20.0000000000000,4.610708985843266,4.553152619854525,4.595178121069246,4.571439496077202,1.00000000000000,0.0100000000000000,0.500000000000000,215500,3000.00000000000,105000.000000000,0.0500000000000000,11,22,11,21,-121,11,11,19296.232057497735,11,97.07823516357152,500000,1,1,-111,122,111,1,15,11,11,11,80
0.0,0.0,0.0,0,0.0,1.0,1.0,1.0,13434.0740331475,1.0,1.0,1.0,17.2000099390989,1.0,1.0,1.0,19833.9386152602,1.0,1.0,1.0,1.0,18.4767504978933,1.0,1.0,0.05064116235691518,0.032447206495101355,0.054231812370379086,0.02178460587527773,0.0035906500134639044,0.02178460587527773,0.0035906500134639044,0.00359065001346390,0.179532500673195,0.0506411623569152,9.73236009732360e-6,102750.000000000,2973.35967552745,0.000535814823768912,1866.31641313321,7.19817601056942,1.2767405587944194,0.179532500673195,1.0,1.0,1.0,11989.2730640438,1.0,1.0,1.0,1.0,16.9024173456445,1.0,1.0,18440.2372188335,1.0,1.0,1.0,1.0,18.1893520102886,1.0,1.0,0.0443322615851125,0.03099429554453259,0.054231812370379086,0.023237516825846495,0.009899550785266588,0.023237516825846495,0.009899550785266588,0.00989955078526659,0.494977539263329,0.0443322615851125,9.50655127836018e-6,105190.617577197,2664.76455698962,0.000574762608537490,1739.84873954231,6.89098586075809,1.286934664644111,0.494977539263329,1.0,-0.163627996755727,-0.14722182497309175,0.0,0.0,10.001833928529432,9,11,4.518146305580865,10000,19000,16.5000000000000,19.0000000000000,6399.864582112734,10000,25000,17.0000000000000,20.0000000000000,4.558369206099564,4.609010368456479,4.56279189674631,4.595239103241411,5012.658631410518,0.048682792539694264,4499.761478717482,1.00000000000000,0.0100000000000000,0.500000000000000,205500,205500,105000.000000000,0.0500000000000000,3000.00000000000,10.011431484886364,9,11,4.49918662892607,10000,19000,16.5000000000000,19.0000000000000,6450.964154789704,10000,25000,17.0000000000000,20.0000000000000,4.606997920857151,4.562665659272039,4.593052456191431,4.562058160646899,1.00000000000000,0.0100000000000000,0.500000000000000,215500,3000.00000000000,105000.000000000,0.0500000000000000,11,22,11,21,-121,11,11,19103.863442321843,11,111.46915933578043,500000,1,1,-111,121,111,1,15,11,11,11,81
0.0,0.0,0.0,0,0.0,1.0,1.0,1.0,18392.4428903237,1.0,1.0,1.0,18.1935230035953,1.0,1.0,1.0,25411.9481801531,1.0,0.0,0.0,1.0,19.5174449635089,1.0,1.0,0.06955938864410349,0.034471600885511045,0.05540959024138368,0.020937989355872634,-0.014149798402719814,0.020937989355872634,0.0,0,0,0.0695593886441035,9.73236009732360e-6,102750.000000000,4084.12981896093,0.000433456362414069,2307.03730920145,7.97232139114822,1.323921959913655,0,1.0,1.0,1.0,16885.5347020096,1.0,1.0,1.0,1.0,17.8566823779072,1.0,1.0,24139.2057341864,1.0,1.0,1.0,1.0,19.2247694400258,1.0,1.0,0.06329045583897575,0.04234450230765141,0.05540959024138368,0.013065087933732268,-0.007880865597592067,0.013065087933732268,0.0,0,0,0.0632904558389757,9.50655127836018e-6,105190.617577197,3804.32122082525,0.000451465144278957,2215.01042255902,7.62323036047010,1.3680870621185846,0,0.0,-0.0203753154054655,-0.10989227589659188,0.0,0.0,10.22120161244707,9,11,4.503393306680698,10000,19000,16.5000000000000,19.0000000000000,7019.505289829345,10000,25000,17.0000000000000,20.0000000000000,4.553373639384848,4.622933028028951,4.559709782339232,4.594181383224743,5302.0536726251985,0.0470320694389789,4500.422317035244,1.00000000000000,0.0100000000000000,0.500000000000000,205500,205500,105000.000000000,0.0500000000000000,3000.00000000000,10.233452017437088,9,11,4.438514447617207,10000,19000,16.5000000000000,19.0000000000000,7253.671032176859,10000,25000,17.0000000000000,20.0000000000000,4.609110069072958,4.5458196132339825,4.594957077380269,4.552612575072618,1.00000000000000,0.0100000000000000,0.500000000000000,215500,3000.00000000000,105000.000000000,0.0500000000000000,11,22,11,21,-121,11,11,19049.74584211556,11,113.39000459382807,500000,1,1,-111,122,111,1,15,11,11,11,82
0.0,0.0,0.0,0,0.0,1.0,1.0,1.0,19115.7586893791,1.0,0.0,0.0,18.3150342759241,1.0,1.0,1.0,25611.2454557716,1.0,0.0,0.0,1.0,19.6124978635510,1.0,1.0,0.07250576346520443,0.026997216238452637,0.05379324761460387,0.026796031376151233,-0.01871251585060056,0.026796031376151233,0.0,0,0,0.0725057634652044,9.73236009732360e-6,102750.000000000,4257.12411202843,0.000434648839970493,2300.70785434027,8.30864233949452,1.2974635876268934,0,1.0,1.0,1.0,14265.7898750384,1.0,1.0,1.0,1.0,17.3436912795049,1.0,1.0,20794.0954044825,1.0,1.0,1.0,1.0,18.6477103650617,1.0,1.0,0.052913652118099286,0.03910834769607252,0.05379324761460387,0.01468489991853135,0.0008795954965045844,0.01468489991853135,0.0008795954965045844,0.000879595496504584,0.0439797748252292,0.0529136521180993,9.50655127836018e-6,105190.617577197,3180.58271118162,0.000514156272726037,1944.93396861238,7.33484534964259,1.3040190855567413,0.0439797748252292,0.0,-0.18363800720781467,-0.11908944452840409,0.0,0.0,10.00639193642959,9,11,4.4902986585164095,10000,19000,16.5000000000000,19.0000000000000,6495.486766392515,10000,25000,17.0000000000000,20.0000000000000,4.5434412260142665,4.615946989479471,4.5622463246507134,4.589243540889166,5006.29599808114,0.04835008751405277,4499.725529915057,1.00000000000000,0.0100000000000000,0.500000000000000,205500,205500,105000.000000000,0.0500000000000000,3000.00000000000,10.00884592986235,9,11,4.485275551830728,10000,19000,16.5000000000000,19.0000000000000,6528.305529444142,10000,25000,17.0000000000000,20.0000000000000,4.608500540276281,4.555586888158182,4.5965281216564025,4.55741977396033,1.00000000000000,0.0100000000000000,0.500000000000000,215500,3000.00000000000,105000.000000000,0.0500000000000000,11,22,11,21,-121,11,11,19116.56236200753,11,123.95909676013609,500000,1,1,-111,121,111,1,15,11,11,11,83
0.0,0.0017585246724190207,0.0017585246724190207,0.00175852467241902,0.0,1.0,1.0,1.0,13706.9181437113,1.0,1.0,1.0,17.3382681012029,1.0,1.0,1.0,20672.5842574350,1.0,1.0,1.0,1.0,18.6553524299945,1.0,1.0,0.05135695131610429,0.026609843225478436,0.057251757043392054,0.03064191381791362,0.005894805727287761,0.03064191381791362,0.005894805727287761,0.00589480572728776,0.294740286364388,0.0513569513161043,9.73236009732360e-6,102750.000000000,3015.38671298841,0.000520714745189359,1920.43726289400,7.13739438853403,1.3170843287915952,0.294740286364388,1.0,1.0,1.0,12319.0082566405,1.0,1.0,1.0,1.0,16.9774196699131,1.0,1.0,19348.1386682809,1.0,1.0,1.0,1.0,18.3065039755711,1.0,1.0,0.0459645283117176,0.03726760667876228,0.057251757043392054,0.019984150364629777,0.011287228731674454,0.019984150364629777,0.011287228731674454,0.0112872287316745,0.564361436583723,0.0459645283117176,9.50655127836018e-6,105190.617577197,2762.87835414522,0.000551023701276879,1814.80396883603,6.78806552563448,1.3290843056580157,0.566119961256142,1.0,-0.23502835844986986,0.0017585246724190207,0.0,0.0,10.20087371266886,9,11,4.545658467177836,10000,19000,16.5000000000000,19.0000000000000,6965.666113723705,10000,25000,17.0000000000000,20.0000000000000,4.556613924780247,4.607970876096351,4.562583964949861,4.58919380817534,5288.701688611387,0.04871703674757793,4500.296371966039,1.00000000000000,0.0100000000000000,0.500000000000000,205500,205500,105000.000000000,0.0500000000000000,3000.00000000000,10.18935414427859,9,11,4.4587588295944895,10000,19000,16.5000000000000,19.0000000000000,7029.130411640441,10000,25000,17.0000000000000,20.0000000000000,4.605388392277368,4.559423863965651,4.5968334295208395,4.559565822842077,1.00000000000000,0.0100000000000000,0.500000000000000,215500,3000.00000000000,105000.000000000,0.0500000000000000,11,22,11,21,-121,11,11,18772.18556322198,11,106.08587130860093,500000,1,1,-111,122,111,1,15,11,11,11,84
0.0,0.0,0.0,0,0.0,1.0,1.0,1.0,15765.3789119773,1.0,1.0,1.0,17.6084287043895,1.0,1.0,1.0,22220.0679396352,1.0,1.0,1.0,1.0,18.8880691442499,1.0,1.0,0.059760712969239904,0.026575346601793726,0.054004433561901696,0.02742908696010797,-0.005756279407338208,0.02742908696010797,0.0,0,0,0.0597607129692399,9.73236009732360e-6,102750.000000000,3508.80757576537,0.000483246847530197,2069.33579621027,7.61856965933206,1.2796404398603696,0,1.0,1.0,1.0,15273.3312987816,1.0,1.0,1.0,1.0,17.5201191169376,1.0,1.0,21790.2948173572,1.0,1.0,1.0,1.0,18.8121054586080,1.0,1.0,0.05650460065948604,0.031981617256527706,0.054004433561901696,0.02202281630537399,-0.002500167097584341,0.02202281630537399,0.0,0,0,0.0565046006594860,9.50655127836018e-6,105190.617577197,3396.43076532814,0.000492676471692012,2029.72956383664,7.52481097526689,1.291986341670434,0,1.0,-0.21444580177343886,-0.16930247955785657,0.0,0.0,9.989859045057443,9,11,4.493087344220748,10000,19000,16.5000000000000,19.0000000000000,6454.689027657963,10000,25000,17.0000000000000,20.0000000000000,4.551766155692221,4.6115268686614606,4.56346042482413,4.5900357714259234,5044.14273462808,0.048176635078006576,4499.81247426675,1.00000000000000,0.0100000000000000,0.500000000000000,205500,205500,105000.000000000,0.0500000000000000,3000.00000000000,9.9953081416707,9,11,4.496876972937797,10000,19000,16.5000000000000,19.0000000000000,6516.9635185756315,10000,25000,17.0000000000000,20.0000000000000,4.6095953689773825,4.5530907683178965,4.590742836636621,4.558761219380093,1.00000000000000,0.0100000000000000,0.500000000000000,215500,3000.00000000000,105000.000000000,0.0500000000000000,11,22,11,21,-121,11,11,18991.45382336854,11,102.03400515824602,500000,1,1,-111,121,111,1,15,11,11,11,85
0.0,0.0,0.0,0,0.0,1.0,1.0,1.0,15436.6506711998,1.0,1.0,1.0,17.6792740937868,1.0,1.0,1.0,22334.0549750422,1.0,1.0,1.0,1.0,18.9889584990552,1.0,1.0,0.05793638569357373,0.024380272055314123,0.05738372683457902,0.0330034547792649,-0.0005526588589947132,0.0330034547792649,0.0,0,0,0.0579363856935737,9.73236009732360e-6,102750.000000000,3401.69350286554,0.000483851988136651,2066.74773384950,7.46905411743098,1.3096844052683967,0,1.0,1.0,1.0,13575.4764419868,1.0,1.0,1.0,1.0,17.2616280165142,1.0,1.0,20630.9952781307,1.0,1.0,1.0,1.0,18.6013353301230,1.0,1.0,0.050599012612433825,0.035390313914159144,0.05738372683457902,0.021993412920419876,0.006784714222145195,0.021993412920419876,0.006784714222145195,0.00678471422214520,0.339235711107260,0.0505990126124338,9.50655127836018e-6,105190.617577197,3041.45222028474,0.000518671068897578,1928.00420144018,7.04120687695917,1.3397073136088982,0.339235711107260,1.0,-0.14265035370812482,-0.14112263318481091,0.0,0.0,10.21021997635582,9,11,4.537931079974172,10000,19000,16.5000000000000,19.0000000000000,6897.404303842421,10000,25000,17.0000000000000,20.0000000000000,4.55537178586114,4.6133081715547135,4.559527340110588,4.583907612165902,5266.462879222357,0.04903546405335786,4500.290682529107,1.00000000000000,0.0100000000000000,0.500000000000000,205500,205500,105000.000000000,0.0500000000000000,3000.00000000000,10.220421139554984,9,11,4.463485025819616,10000,19000,16.5000000000000,19.0000000000000,7055.518836143967,10000,25000,17.0000000000000,20.0000000000000,4.610915159336363,4.560316146723929,4.596377325796686,4.560987011882527,1.00000000000000,0.0100000000000000,0.500000000000000,215500,3000.00000000000,105000.000000000,0.0500000000000000,11,22,11,21,-121,11,11,19083.131382024774,11,105.68399937368895,500000,1,1,-111,122,111,1,15,11,11,11,86
