,source,target,dagLevel
0,MV1_T1_MV_Type_ID_num,MV1_LmvPF,2.0
1,MV1_T1_MV_Type_ID_num,MV1_DmvMax,2.0
2,MV1_T1_MV_Type_ID_num,MV1_DmvMin,2.0
3,MV1_T1_MV_Type_ID_num,MV1_Emv,2.0
4,MV1_T1_MV_Type_ID_num,MV1_AleakMV_raw,2.0
5,MV1_T1_MV_Type_ID_num,MV1_T1_MV_Supplier_ID_num,2.0
6,MV1_T1_MV_Supplier_ID_num,MV1_LmvPF,2.0
7,MV1_T1_MV_Supplier_ID_num,MV1_DmvMax,2.0
8,MV1_T1_MV_Supplier_ID_num,MV1_DmvMin,2.0
9,MV1_T1_MV_Supplier_ID_num,MV1_Emv,2.0
10,MV1_T1_MV_Supplier_ID_num,MV1_AleakMV_raw,2.0
11,MV1_LmvPF,PF_M1_T1_Force,
12,MV1_DmvMax,PF_M1_T1_deltaD_max,
13,MV1_DmvMin,PF_M1_T1_deltaD_min,
14,MV1_Emv,PF_M1_T1_E_eff_inv,
15,MV1_AleakMV_raw,MV1_AleakMV,
16,MV1_AleakMV,PF_M1_T1_AleakBore,
17,MV1_AleakMV,HU_Ch1_T1_AleakMV,
18,MV2_T2_MV_Type_ID_num,MV2_LmvPF,2.0
19,MV2_T2_MV_Type_ID_num,MV2_DmvMax,2.0
20,MV2_T2_MV_Type_ID_num,MV2_DmvMin,2.0
21,MV2_T2_MV_Type_ID_num,MV2_Emv,2.0
22,MV2_T2_MV_Type_ID_num,MV2_AleakMV_raw,2.0
23,MV2_T2_MV_Type_ID_num,MV2_T2_MV_Supplier_ID_num,2.0
24,MV2_T2_MV_Supplier_ID_num,MV2_LmvPF,2.0
25,MV2_T2_MV_Supplier_ID_num,MV2_DmvMax,2.0
26,MV2_T2_MV_Supplier_ID_num,MV2_DmvMin,2.0
27,MV2_T2_MV_Supplier_ID_num,MV2_Emv,2.0
28,MV2_T2_MV_Supplier_ID_num,MV2_AleakMV_raw,2.0
29,MV2_LmvPF,PF_M1_T2_Force,
30,MV2_DmvMax,PF_M1_T2_deltaD_max,
31,MV2_DmvMin,PF_M1_T2_deltaD_min,
32,MV2_Emv,PF_M1_T2_E_eff_inv,
33,MV2_AleakMV_raw,MV2_AleakMV,
34,MV2_AleakMV,PF_M1_T2_AleakBore,
35,MV2_AleakMV,HU_Ch1_T2_AleakMV,
36,MV3_T3_MV_Type_ID_num,MV3_LmvPF,2.0
37,MV3_T3_MV_Type_ID_num,MV3_DmvMax,2.0
38,MV3_T3_MV_Type_ID_num,MV3_DmvMin,2.0
39,MV3_T3_MV_Type_ID_num,MV3_Emv,2.0
40,MV3_T3_MV_Type_ID_num,MV3_AleakMV_raw,2.0
41,MV3_T3_MV_Type_ID_num,MV3_T3_MV_Supplier_ID_num,2.0
42,MV3_T3_MV_Supplier_ID_num,MV3_LmvPF,2.0
43,MV3_T3_MV_Supplier_ID_num,MV3_DmvMax,2.0
44,MV3_T3_MV_Supplier_ID_num,MV3_DmvMin,2.0
45,MV3_T3_MV_Supplier_ID_num,MV3_Emv,2.0
46,MV3_T3_MV_Supplier_ID_num,MV3_AleakMV_raw,2.0
47,MV3_LmvPF,PF_M1_T3_Force,
48,MV3_DmvMax,PF_M1_T3_deltaD_max,
49,MV3_DmvMin,PF_M1_T3_deltaD_min,
50,MV3_Emv,PF_M1_T3_E_eff_inv,
51,MV3_AleakMV_raw,MV3_AleakMV,
52,MV3_AleakMV,PF_M1_T3_AleakBore,
53,MV3_AleakMV,HU_Ch2_T3_AleakMV,
54,MV4_T4_MV_Type_ID_num,MV4_LmvPF,2.0
55,MV4_T4_MV_Type_ID_num,MV4_DmvMax,2.0
56,MV4_T4_MV_Type_ID_num,MV4_DmvMin,2.0
57,MV4_T4_MV_Type_ID_num,MV4_Emv,2.0
58,MV4_T4_MV_Type_ID_num,MV4_AleakMV_raw,2.0
59,MV4_T4_MV_Type_ID_num,MV4_T4_MV_Supplier_ID_num,2.0
60,MV4_T4_MV_Supplier_ID_num,MV4_LmvPF,2.0
61,MV4_T4_MV_Supplier_ID_num,MV4_DmvMax,2.0
62,MV4_T4_MV_Supplier_ID_num,MV4_DmvMin,2.0
63,MV4_T4_MV_Supplier_ID_num,MV4_Emv,2.0
64,MV4_T4_MV_Supplier_ID_num,MV4_AleakMV_raw,2.0
65,MV4_LmvPF,PF_M1_T4_Force,
66,MV4_DmvMax,PF_M1_T4_deltaD_max,
67,MV4_DmvMin,PF_M1_T4_deltaD_min,
68,MV4_Emv,PF_M1_T4_E_eff_inv,
69,MV4_AleakMV_raw,MV4_AleakMV,
70,MV4_AleakMV,PF_M1_T4_AleakBore,
71,MV4_AleakMV,HU_Ch2_T4_AleakMV,
72,MV5_T5_MV_Type_ID_num,MV5_LmvPF,2.0
73,MV5_T5_MV_Type_ID_num,MV5_DmvMax,2.0
74,MV5_T5_MV_Type_ID_num,MV5_DmvMin,2.0
75,MV5_T5_MV_Type_ID_num,MV5_Emv,2.0
76,MV5_T5_MV_Type_ID_num,MV5_AleakMV_raw,2.0
77,MV5_T5_MV_Type_ID_num,MV5_T5_MV_Supplier_ID_num,2.0
78,MV5_T5_MV_Supplier_ID_num,MV5_LmvPF,2.0
79,MV5_T5_MV_Supplier_ID_num,MV5_DmvMax,2.0
80,MV5_T5_MV_Supplier_ID_num,MV5_DmvMin,2.0
81,MV5_T5_MV_Supplier_ID_num,MV5_Emv,2.0
82,MV5_T5_MV_Supplier_ID_num,MV5_AleakMV_raw,2.0
83,MV5_LmvPF,PF_M2_T5_Force,
84,MV5_DmvMax,PF_M2_T5_deltaD_max,
85,MV5_DmvMin,PF_M2_T5_deltaD_min,
86,MV5_Emv,PF_M2_T5_E_eff_inv,
87,MV5_AleakMV_raw,MV5_AleakMV,
88,MV5_AleakMV,PF_M2_T5_AleakBore,
89,MV5_AleakMV,HU_Ch3_T5_AleakMV,
90,MV6_T6_MV_Type_ID_num,MV6_LmvPF,2.0
91,MV6_T6_MV_Type_ID_num,MV6_DmvMax,2.0
92,MV6_T6_MV_Type_ID_num,MV6_DmvMin,2.0
93,MV6_T6_MV_Type_ID_num,MV6_Emv,2.0
94,MV6_T6_MV_Type_ID_num,MV6_AleakMV_raw,2.0
95,MV6_T6_MV_Type_ID_num,MV6_T6_MV_Supplier_ID_num,2.0
96,MV6_T6_MV_Supplier_ID_num,MV6_LmvPF,2.0
97,MV6_T6_MV_Supplier_ID_num,MV6_DmvMax,2.0
98,MV6_T6_MV_Supplier_ID_num,MV6_DmvMin,2.0
99,MV6_T6_MV_Supplier_ID_num,MV6_Emv,2.0
100,MV6_T6_MV_Supplier_ID_num,MV6_AleakMV_raw,2.0
101,MV6_LmvPF,PF_M2_T6_Force,
102,MV6_DmvMax,PF_M2_T6_deltaD_max,
103,MV6_DmvMin,PF_M2_T6_deltaD_min,
104,MV6_Emv,PF_M2_T6_E_eff_inv,
105,MV6_AleakMV_raw,MV6_AleakMV,
106,MV6_AleakMV,PF_M2_T6_AleakBore,
107,MV6_AleakMV,HU_Ch3_T6_AleakMV,
108,MV7_T7_MV_Type_ID_num,MV7_LmvPF,2.0
109,MV7_T7_MV_Type_ID_num,MV7_DmvMax,2.0
110,MV7_T7_MV_Type_ID_num,MV7_DmvMin,2.0
111,MV7_T7_MV_Type_ID_num,MV7_Emv,2.0
112,MV7_T7_MV_Type_ID_num,MV7_AleakMV_raw,2.0
113,MV7_T7_MV_Type_ID_num,MV7_T7_MV_Supplier_ID_num,2.0
114,MV7_T7_MV_Supplier_ID_num,MV7_LmvPF,2.0
115,MV7_T7_MV_Supplier_ID_num,MV7_DmvMax,2.0
116,MV7_T7_MV_Supplier_ID_num,MV7_DmvMin,2.0
117,MV7_T7_MV_Supplier_ID_num,MV7_Emv,2.0
118,MV7_T7_MV_Supplier_ID_num,MV7_AleakMV_raw,2.0
119,MV7_LmvPF,PF_M2_T7_Force,
120,MV7_DmvMax,PF_M2_T7_deltaD_max,
121,MV7_DmvMin,PF_M2_T7_deltaD_min,
122,MV7_Emv,PF_M2_T7_E_eff_inv,
123,MV7_AleakMV_raw,MV7_AleakMV,
124,MV7_AleakMV,PF_M2_T7_AleakBore,
125,MV7_AleakMV,HU_Ch4_T7_AleakMV,
126,MV8_T8_MV_Type_ID_num,MV8_LmvPF,2.0
127,MV8_T8_MV_Type_ID_num,MV8_DmvMax,2.0
128,MV8_T8_MV_Type_ID_num,MV8_DmvMin,2.0
129,MV8_T8_MV_Type_ID_num,MV8_Emv,2.0
130,MV8_T8_MV_Type_ID_num,MV8_AleakMV_raw,2.0
131,MV8_T8_MV_Type_ID_num,MV8_T8_MV_Supplier_ID_num,2.0
132,MV8_T8_MV_Supplier_ID_num,MV8_LmvPF,2.0
133,MV8_T8_MV_Supplier_ID_num,MV8_DmvMax,2.0
134,MV8_T8_MV_Supplier_ID_num,MV8_DmvMin,2.0
135,MV8_T8_MV_Supplier_ID_num,MV8_Emv,2.0
136,MV8_T8_MV_Supplier_ID_num,MV8_AleakMV_raw,2.0
137,MV8_LmvPF,PF_M2_T8_Force,
138,MV8_DmvMax,PF_M2_T8_deltaD_max,
139,MV8_DmvMin,PF_M2_T8_deltaD_min,
140,MV8_Emv,PF_M2_T8_E_eff_inv,
141,MV8_AleakMV_raw,MV8_AleakMV,
142,MV8_AleakMV,PF_M2_T8_AleakBore,
143,MV8_AleakMV,HU_Ch4_T8_AleakMV,
144,HU_HU_Block_Type_ID_num,HU_Ehu,2.0
145,HU_HU_Block_Type_ID_num,HU_Force_Lim_Deform,2.0
146,HU_HU_Block_Type_ID_num,HU_Ch1_HU_Block_Type_ID_num,2.0
147,HU_HU_Block_Type_ID_num,HU_Ch1_Vchamber,2.0
148,HU_HU_Block_Type_ID_num,HU_Ch1_Vchamber_part_REF,2.0
149,HU_HU_Block_Type_ID_num,HU_T1_BorePosition_ID_num,2.0
150,HU_HU_Block_Type_ID_num,HU_T1_DboreMax,2.0
151,HU_HU_Block_Type_ID_num,HU_T1_DboreMin,2.0
152,HU_HU_Block_Type_ID_num,HU_T2_BorePosition_ID_num,2.0
153,HU_HU_Block_Type_ID_num,HU_T2_DboreMax,2.0
154,HU_HU_Block_Type_ID_num,HU_T2_DboreMin,2.0
155,HU_HU_Block_Type_ID_num,HU_Ch2_HU_Block_Type_ID_num,2.0
156,HU_HU_Block_Type_ID_num,HU_Ch2_Vchamber,2.0
157,HU_HU_Block_Type_ID_num,HU_Ch2_Vchamber_part_REF,2.0
158,HU_HU_Block_Type_ID_num,HU_T3_BorePosition_ID_num,2.0
159,HU_HU_Block_Type_ID_num,HU_T3_DboreMax,2.0
160,HU_HU_Block_Type_ID_num,HU_T3_DboreMin,2.0
161,HU_HU_Block_Type_ID_num,HU_T4_BorePosition_ID_num,2.0
162,HU_HU_Block_Type_ID_num,HU_T4_DboreMax,2.0
163,HU_HU_Block_Type_ID_num,HU_T4_DboreMin,2.0
164,HU_HU_Block_Type_ID_num,HU_Ch3_HU_Block_Type_ID_num,2.0
165,HU_HU_Block_Type_ID_num,HU_Ch3_Vchamber,2.0
166,HU_HU_Block_Type_ID_num,HU_Ch3_Vchamber_part_REF,2.0
167,HU_HU_Block_Type_ID_num,HU_T5_BorePosition_ID_num,2.0
168,HU_HU_Block_Type_ID_num,HU_T5_DboreMax,2.0
169,HU_HU_Block_Type_ID_num,HU_T5_DboreMin,2.0
170,HU_HU_Block_Type_ID_num,HU_T6_BorePosition_ID_num,2.0
171,HU_HU_Block_Type_ID_num,HU_T6_DboreMax,2.0
172,HU_HU_Block_Type_ID_num,HU_T6_DboreMin,2.0
173,HU_HU_Block_Type_ID_num,HU_Ch4_HU_Block_Type_ID_num,2.0
174,HU_HU_Block_Type_ID_num,HU_Ch4_Vchamber,2.0
175,HU_HU_Block_Type_ID_num,HU_Ch4_Vchamber_part_REF,2.0
176,HU_HU_Block_Type_ID_num,HU_T7_BorePosition_ID_num,2.0
177,HU_HU_Block_Type_ID_num,HU_T7_DboreMax,2.0
178,HU_HU_Block_Type_ID_num,HU_T7_DboreMin,2.0
179,HU_HU_Block_Type_ID_num,HU_T8_BorePosition_ID_num,2.0
180,HU_HU_Block_Type_ID_num,HU_T8_DboreMax,2.0
181,HU_HU_Block_Type_ID_num,HU_T8_DboreMin,2.0
182,HU_HU_Block_Type_ID_num,HU_HU_Block_Supplier_ID_num,2.0
183,HU_HU_Block_Type_ID_num,PF_M1_T3_s0_LTL,2.0
184,HU_HU_Block_Type_ID_num,PF_M1_T3_s0_UTL,2.0
185,HU_HU_Block_Type_ID_num,PF_M1_T3_Force_LTL,2.0
186,HU_HU_Block_Type_ID_num,PF_M1_T3_Force_UTL,2.0
187,HU_HU_Block_Type_ID_num,PF_M1_T3_sgrad_LTL,2.0
188,HU_HU_Block_Type_ID_num,PF_M1_T3_sgrad_UTL,2.0
189,HU_HU_Block_Type_ID_num,PF_M1_T3_Fmax_LTL,2.0
190,HU_HU_Block_Type_ID_num,PF_M1_T3_Fmax_UTL,2.0
191,HU_HU_Block_Type_ID_num,PF_M1_T3_smax_LTL,2.0
192,HU_HU_Block_Type_ID_num,PF_M1_T3_smax_UTL,2.0
193,HU_HU_Block_Type_ID_num,PF_M1_T4_s0_LTL,2.0
194,HU_HU_Block_Type_ID_num,PF_M1_T4_s0_UTL,2.0
195,HU_HU_Block_Type_ID_num,PF_M1_T4_Force_LTL,2.0
196,HU_HU_Block_Type_ID_num,PF_M1_T4_Force_UTL,2.0
197,HU_HU_Block_Type_ID_num,PF_M1_T4_sgrad_LTL,2.0
198,HU_HU_Block_Type_ID_num,PF_M1_T4_sgrad_UTL,2.0
199,HU_HU_Block_Type_ID_num,PF_M1_T4_Fmax_LTL,2.0
200,HU_HU_Block_Type_ID_num,PF_M1_T4_Fmax_UTL,2.0
201,HU_HU_Block_Type_ID_num,PF_M1_T4_smax_LTL,2.0
202,HU_HU_Block_Type_ID_num,PF_M1_T4_smax_UTL,2.0
203,HU_HU_Block_Type_ID_num,PF_M1_T1_s0_LTL,2.0
204,HU_HU_Block_Type_ID_num,PF_M1_T1_s0_UTL,2.0
205,HU_HU_Block_Type_ID_num,PF_M1_T1_Force_LTL,2.0
206,HU_HU_Block_Type_ID_num,PF_M1_T1_Force_UTL,2.0
207,HU_HU_Block_Type_ID_num,PF_M1_T1_sgrad_LTL,2.0
208,HU_HU_Block_Type_ID_num,PF_M1_T1_sgrad_UTL,2.0
209,HU_HU_Block_Type_ID_num,PF_M1_T1_Fmax_LTL,2.0
210,HU_HU_Block_Type_ID_num,PF_M1_T1_Fmax_UTL,2.0
211,HU_HU_Block_Type_ID_num,PF_M1_T1_smax_LTL,2.0
212,HU_HU_Block_Type_ID_num,PF_M1_T1_smax_UTL,2.0
213,HU_HU_Block_Type_ID_num,PF_M1_T2_s0_LTL,2.0
214,HU_HU_Block_Type_ID_num,PF_M1_T2_s0_UTL,2.0
215,HU_HU_Block_Type_ID_num,PF_M1_T2_Force_LTL,2.0
216,HU_HU_Block_Type_ID_num,PF_M1_T2_Force_UTL,2.0
217,HU_HU_Block_Type_ID_num,PF_M1_T2_sgrad_LTL,2.0
218,HU_HU_Block_Type_ID_num,PF_M1_T2_sgrad_UTL,2.0
219,HU_HU_Block_Type_ID_num,PF_M1_T2_Fmax_LTL,2.0
220,HU_HU_Block_Type_ID_num,PF_M1_T2_Fmax_UTL,2.0
221,HU_HU_Block_Type_ID_num,PF_M1_T2_smax_LTL,2.0
222,HU_HU_Block_Type_ID_num,PF_M1_T2_smax_UTL,2.0
223,HU_HU_Block_Type_ID_num,PF_M2_T7_s0_LTL,2.0
224,HU_HU_Block_Type_ID_num,PF_M2_T7_s0_UTL,2.0
225,HU_HU_Block_Type_ID_num,PF_M2_T7_Force_LTL,2.0
226,HU_HU_Block_Type_ID_num,PF_M2_T7_Force_UTL,2.0
227,HU_HU_Block_Type_ID_num,PF_M2_T7_sgrad_LTL,2.0
228,HU_HU_Block_Type_ID_num,PF_M2_T7_sgrad_UTL,2.0
229,HU_HU_Block_Type_ID_num,PF_M2_T7_Fmax_LTL,2.0
230,HU_HU_Block_Type_ID_num,PF_M2_T7_Fmax_UTL,2.0
231,HU_HU_Block_Type_ID_num,PF_M2_T7_smax_LTL,2.0
232,HU_HU_Block_Type_ID_num,PF_M2_T7_smax_UTL,2.0
233,HU_HU_Block_Type_ID_num,PF_M2_T8_s0_LTL,2.0
234,HU_HU_Block_Type_ID_num,PF_M2_T8_s0_UTL,2.0
235,HU_HU_Block_Type_ID_num,PF_M2_T8_Force_LTL,2.0
236,HU_HU_Block_Type_ID_num,PF_M2_T8_Force_UTL,2.0
237,HU_HU_Block_Type_ID_num,PF_M2_T8_sgrad_LTL,2.0
238,HU_HU_Block_Type_ID_num,PF_M2_T8_sgrad_UTL,2.0
239,HU_HU_Block_Type_ID_num,PF_M2_T8_Fmax_LTL,2.0
240,HU_HU_Block_Type_ID_num,PF_M2_T8_Fmax_UTL,2.0
241,HU_HU_Block_Type_ID_num,PF_M2_T8_smax_LTL,2.0
242,HU_HU_Block_Type_ID_num,PF_M2_T8_smax_UTL,2.0
243,HU_HU_Block_Type_ID_num,PF_M2_T5_s0_LTL,2.0
244,HU_HU_Block_Type_ID_num,PF_M2_T5_s0_UTL,2.0
245,HU_HU_Block_Type_ID_num,PF_M2_T5_Force_LTL,2.0
246,HU_HU_Block_Type_ID_num,PF_M2_T5_Force_UTL,2.0
247,HU_HU_Block_Type_ID_num,PF_M2_T5_sgrad_LTL,2.0
248,HU_HU_Block_Type_ID_num,PF_M2_T5_sgrad_UTL,2.0
249,HU_HU_Block_Type_ID_num,PF_M2_T5_Fmax_LTL,2.0
250,HU_HU_Block_Type_ID_num,PF_M2_T5_Fmax_UTL,2.0
251,HU_HU_Block_Type_ID_num,PF_M2_T5_smax_LTL,2.0
252,HU_HU_Block_Type_ID_num,PF_M2_T5_smax_UTL,2.0
253,HU_HU_Block_Type_ID_num,PF_M2_T6_s0_LTL,2.0
254,HU_HU_Block_Type_ID_num,PF_M2_T6_s0_UTL,2.0
255,HU_HU_Block_Type_ID_num,PF_M2_T6_Force_LTL,2.0
256,HU_HU_Block_Type_ID_num,PF_M2_T6_Force_UTL,2.0
257,HU_HU_Block_Type_ID_num,PF_M2_T6_sgrad_LTL,2.0
258,HU_HU_Block_Type_ID_num,PF_M2_T6_sgrad_UTL,2.0
259,HU_HU_Block_Type_ID_num,PF_M2_T6_Fmax_LTL,2.0
260,HU_HU_Block_Type_ID_num,PF_M2_T6_Fmax_UTL,2.0
261,HU_HU_Block_Type_ID_num,PF_M2_T6_smax_LTL,2.0
262,HU_HU_Block_Type_ID_num,PF_M2_T6_smax_UTL,2.0
263,HU_HU_Block_Supplier_ID_num,HU_Ehu,2.0
264,HU_HU_Block_Supplier_ID_num,HU_Force_Lim_Deform,2.0
265,HU_HU_Block_Supplier_ID_num,HU_Ch1_HU_Block_Type_ID_num,2.0
266,HU_HU_Block_Supplier_ID_num,HU_Ch1_Vchamber,2.0
267,HU_HU_Block_Supplier_ID_num,HU_Ch1_Vchamber_part_REF,2.0
268,HU_HU_Block_Supplier_ID_num,HU_T1_BorePosition_ID_num,2.0
269,HU_HU_Block_Supplier_ID_num,HU_T1_DboreMax,2.0
270,HU_HU_Block_Supplier_ID_num,HU_T1_DboreMin,2.0
271,HU_HU_Block_Supplier_ID_num,HU_T2_BorePosition_ID_num,2.0
272,HU_HU_Block_Supplier_ID_num,HU_T2_DboreMax,2.0
273,HU_HU_Block_Supplier_ID_num,HU_T2_DboreMin,2.0
274,HU_HU_Block_Supplier_ID_num,HU_Ch2_HU_Block_Type_ID_num,2.0
275,HU_HU_Block_Supplier_ID_num,HU_Ch2_Vchamber,2.0
276,HU_HU_Block_Supplier_ID_num,HU_Ch2_Vchamber_part_REF,2.0
277,HU_HU_Block_Supplier_ID_num,HU_T3_BorePosition_ID_num,2.0
278,HU_HU_Block_Supplier_ID_num,HU_T3_DboreMax,2.0
279,HU_HU_Block_Supplier_ID_num,HU_T3_DboreMin,2.0
280,HU_HU_Block_Supplier_ID_num,HU_T4_BorePosition_ID_num,2.0
281,HU_HU_Block_Supplier_ID_num,HU_T4_DboreMax,2.0
282,HU_HU_Block_Supplier_ID_num,HU_T4_DboreMin,2.0
283,HU_HU_Block_Supplier_ID_num,HU_Ch3_HU_Block_Type_ID_num,2.0
284,HU_HU_Block_Supplier_ID_num,HU_Ch3_Vchamber,2.0
285,HU_HU_Block_Supplier_ID_num,HU_Ch3_Vchamber_part_REF,2.0
286,HU_HU_Block_Supplier_ID_num,HU_T5_BorePosition_ID_num,2.0
287,HU_HU_Block_Supplier_ID_num,HU_T5_DboreMax,2.0
288,HU_HU_Block_Supplier_ID_num,HU_T5_DboreMin,2.0
289,HU_HU_Block_Supplier_ID_num,HU_T6_BorePosition_ID_num,2.0
290,HU_HU_Block_Supplier_ID_num,HU_T6_DboreMax,2.0
291,HU_HU_Block_Supplier_ID_num,HU_T6_DboreMin,2.0
292,HU_HU_Block_Supplier_ID_num,HU_Ch4_HU_Block_Type_ID_num,2.0
293,HU_HU_Block_Supplier_ID_num,HU_Ch4_Vchamber,2.0
294,HU_HU_Block_Supplier_ID_num,HU_Ch4_Vchamber_part_REF,2.0
295,HU_HU_Block_Supplier_ID_num,HU_T7_BorePosition_ID_num,2.0
296,HU_HU_Block_Supplier_ID_num,HU_T7_DboreMax,2.0
297,HU_HU_Block_Supplier_ID_num,HU_T7_DboreMin,2.0
298,HU_HU_Block_Supplier_ID_num,HU_T8_BorePosition_ID_num,2.0
299,HU_HU_Block_Supplier_ID_num,HU_T8_DboreMax,2.0
300,HU_HU_Block_Supplier_ID_num,HU_T8_DboreMin,2.0
301,HU_Ehu,PF_M1_T3_E_eff_inv,
302,HU_Ehu,PF_M1_T4_E_eff_inv,
303,HU_Ehu,PF_M1_T1_E_eff_inv,
304,HU_Ehu,PF_M1_T2_E_eff_inv,
305,HU_Ehu,PF_M2_T7_E_eff_inv,
306,HU_Ehu,PF_M2_T8_E_eff_inv,
307,HU_Ehu,PF_M2_T5_E_eff_inv,
308,HU_Ehu,PF_M2_T6_E_eff_inv,
309,HU_Force_Lim_Deform,PF_M2_T7_delta_Force_Deform,
310,HU_Force_Lim_Deform,PF_M2_T8_delta_Force_Deform,
311,HU_Force_Lim_Deform,PF_M2_T5_delta_Force_Deform,
312,HU_Force_Lim_Deform,PF_M2_T6_delta_Force_Deform,
313,HU_Ch1_T1_AleakMV,HU_Ch1_AleakChamber,
314,HU_Ch1_T2_AleakPF,HU_Ch1_AleakChamber,
315,HU_Ch1_T2_AleakMV,HU_Ch1_AleakChamber,
316,HU_Ch1_T1_AleakPF,HU_Ch1_AleakChamber,
317,HU_T1_DboreMax,PF_M1_T1_deltaD_min,
318,HU_T1_DboreMin,PF_M1_T1_deltaD_max,
319,HU_T2_DboreMax,PF_M1_T2_deltaD_min,
320,HU_T2_DboreMin,PF_M1_T2_deltaD_max,
321,HU_Ch2_T4_AleakMV,HU_Ch2_AleakChamber,
322,HU_Ch2_T3_AleakMV,HU_Ch2_AleakChamber,
323,HU_Ch2_T3_AleakPF,HU_Ch2_AleakChamber,
324,HU_Ch2_T4_AleakPF,HU_Ch2_AleakChamber,
325,HU_T3_DboreMax,PF_M1_T3_deltaD_min,
326,HU_T3_DboreMin,PF_M1_T3_deltaD_max,
327,HU_T4_DboreMax,PF_M1_T4_deltaD_min,
328,HU_T4_DboreMin,PF_M1_T4_deltaD_max,
329,HU_Ch3_T5_AleakPF,HU_Ch3_AleakChamber,
330,HU_Ch3_T6_AleakPF,HU_Ch3_AleakChamber,
331,HU_Ch3_T6_AleakMV,HU_Ch3_AleakChamber,
332,HU_Ch3_T5_AleakMV,HU_Ch3_AleakChamber,
333,HU_T5_DboreMax,PF_M2_T5_deltaD_min,
334,HU_T5_DboreMin,PF_M2_T5_deltaD_max,
335,HU_T6_DboreMax,PF_M2_T6_deltaD_min,
336,HU_T6_DboreMin,PF_M2_T6_deltaD_max,
337,HU_Ch4_T7_AleakPF,HU_Ch4_AleakChamber,
338,HU_Ch4_T8_AleakPF,HU_Ch4_AleakChamber,
339,HU_Ch4_T8_AleakMV,HU_Ch4_AleakChamber,
340,HU_Ch4_T7_AleakMV,HU_Ch4_AleakChamber,
341,HU_T7_DboreMax,PF_M2_T7_deltaD_min,
342,HU_T7_DboreMin,PF_M2_T7_deltaD_max,
343,HU_T8_DboreMax,PF_M2_T8_deltaD_min,
344,HU_T8_DboreMin,PF_M2_T8_deltaD_max,
345,PF_M1_T3_s0_LTL,PF_M1_T3_s0_LTL_MpGood,
346,PF_M1_T3_s0_LTL_MpGood,PF_M1_T3_s0_MpGood,
347,PF_M1_T3_s0,PF_M1_T3_s0_LTL_MpGood,
348,PF_M1_T3_s0,PF_M1_T3_s0_UTL_MpGood,
349,PF_M1_T3_s0,PF_M1_T3_sgrad,
350,PF_M1_T3_s0_UTL,PF_M1_T3_s0_UTL_MpGood,
351,PF_M1_T3_s0_UTL_MpGood,PF_M1_T3_s0_MpGood,
352,PF_M1_T3_s0_MpGood,Sec_C2_Machine1_ProcessResult,
353,PF_M1_T3_Force_LTL,PF_M1_T3_Force_LTL_MpGood,
354,PF_M1_T3_Force_LTL_MpGood,PF_M1_T3_Force_MpGood,
355,PF_M1_T3_Force,PF_M1_T3_Force_LTL_MpGood,
356,PF_M1_T3_Force,PF_M1_T3_Force_UTL_MpGood,
357,PF_M1_T3_Force,PF_M1_T3_delta_sgrad,
358,PF_M1_T3_Force,PF_M1_T3_Fmax,
359,PF_M1_T3_Force_UTL,PF_M1_T3_Force_UTL_MpGood,
360,PF_M1_T3_Force_UTL_MpGood,PF_M1_T3_Force_MpGood,
361,PF_M1_T3_Force_MpGood,Sec_C2_Machine1_ProcessResult,
362,PF_M1_T3_sgrad,PF_M1_T3_sgrad_LTL_MpGood,
363,PF_M1_T3_sgrad,PF_M1_T3_sgrad_UTL_MpGood,
364,PF_M1_T3_sgrad,PF_M1_T3_smax,
365,PF_M1_T3_sgrad_LTL_MpGood,PF_M1_T3_sgrad_MpGood,
366,PF_M1_T3_sgrad_LTL,PF_M1_T3_sgrad_LTL_MpGood,
367,PF_M1_T3_sgrad_UTL_MpGood,PF_M1_T3_sgrad_MpGood,
368,PF_M1_T3_sgrad_UTL,PF_M1_T3_sgrad_UTL_MpGood,
369,PF_M1_T3_sgrad_MpGood,Sec_C2_Machine1_ProcessResult,
370,PF_M1_T3_Fmax_LTL,PF_M1_T3_Fmax_LTL_MpGood,
371,PF_M1_T3_Fmax_LTL_MpGood,PF_M1_T3_Fmax_MpGood,
372,PF_M1_T3_Fmax,PF_M1_T3_Fmax_LTL_MpGood,
373,PF_M1_T3_Fmax,PF_M1_T3_Fmax_UTL_MpGood,
374,PF_M1_T3_Fmax,PF_M2_T7_Force_max_deform,
375,PF_M1_T3_Fmax,PF_M2_T8_Force_max_deform,
376,PF_M1_T3_Fmax,PF_M2_T5_Force_max_deform,
377,PF_M1_T3_Fmax,PF_M2_T6_Force_max_deform,
378,PF_M1_T3_Fmax_UTL_MpGood,PF_M1_T3_Fmax_MpGood,
379,PF_M1_T3_Fmax_UTL,PF_M1_T3_Fmax_UTL_MpGood,
380,PF_M1_T3_Fmax_MpGood,Sec_C2_Machine1_ProcessResult,
381,PF_M1_T3_smax,PF_M1_T3_smax_LTL_MpGood,
382,PF_M1_T3_smax,PF_M1_T3_smax_UTL_MpGood,
383,PF_M1_T3_smax_LTL_MpGood,PF_M1_T3_smax_MpGood,
384,PF_M1_T3_smax_LTL,PF_M1_T3_smax_LTL_MpGood,
385,PF_M1_T3_smax_UTL_MpGood,PF_M1_T3_smax_MpGood,
386,PF_M1_T3_smax_UTL,PF_M1_T3_smax_UTL_MpGood,
387,PF_M1_T3_deltaD_max,PF_M1_T3_deltaD_Leak_max,
388,PF_M1_T3_deltaD_max,PF_M1_T3_deltaD_mean,
389,PF_M1_T3_deltaD_min,PF_M1_T3_deltaD_Leak_min,
390,PF_M1_T3_deltaD_min,PF_M1_T3_deltaD_mean,
391,PF_M1_KstiffMachine_REF,PF_M1_T3_LeakTolMachine,
392,PF_M1_KstiffMachine_REF,PF_M1_T4_LeakTolMachine,
393,PF_M1_KstiffMachine_REF,PF_M1_T1_LeakTolMachine,
394,PF_M1_KstiffMachine_REF,PF_M1_T2_LeakTolMachine,
395,PF_M1_T3_LeakTolMachine,PF_M1_T3_deltaD_Leak_min,
396,PF_M1_T3_LeakTolMachine,PF_M1_T3_deltaD_Leak_max,
397,PF_M1_KstiffMachine,PF_M1_T3_LeakTolMachine,
398,PF_M1_KstiffMachine,PF_M1_T3_Kstiff_inv,
399,PF_M1_KstiffMachine,PF_M1_T3_delta_smax,
400,PF_M1_KstiffMachine,PF_M1_T4_LeakTolMachine,
401,PF_M1_KstiffMachine,PF_M1_T4_Kstiff_inv,
402,PF_M1_KstiffMachine,PF_M1_T4_delta_smax,
403,PF_M1_KstiffMachine,PF_M1_T1_LeakTolMachine,
404,PF_M1_KstiffMachine,PF_M1_T1_Kstiff_inv,
405,PF_M1_KstiffMachine,PF_M1_T1_delta_smax,
406,PF_M1_KstiffMachine,PF_M1_T2_LeakTolMachine,
407,PF_M1_KstiffMachine,PF_M1_T2_Kstiff_inv,
408,PF_M1_KstiffMachine,PF_M1_T2_delta_smax,
409,PF_M1_LeakTolMachine_REF,PF_M1_T3_LeakTolMachine,
410,PF_M1_LeakTolMachine_REF,PF_M1_T4_LeakTolMachine,
411,PF_M1_LeakTolMachine_REF,PF_M1_T1_LeakTolMachine,
412,PF_M1_LeakTolMachine_REF,PF_M1_T2_LeakTolMachine,
413,PF_M1_T3_deltaD_Leak_min,PF_M1_T3_deltaD_Leak_min_ReLu,
414,PF_M1_T3_deltaD_Leak_max,PF_M1_T3_deltaD_Leak_max_ReLu,
415,PF_M1_T3_deltaD_Leak_min_ReLu,PF_M1_T3_AleakPF_deltaD,
416,PF_M1_T3_deltaD_Leak_max_ReLu,PF_M1_T3_AleakPF_deltaD,
417,PF_M1_T3_beta_asym,PF_M1_T3_AleakPF_deltaD,
418,PF_M1_T3_beta_asym,PF_M1_T3_deltaD_mean,
419,PF_M1_T3_AleakPF_deltaD,PF_M1_T3_AleakPF,
420,PF_M1_T3_AleakPF,PF_M1_T3_AleakBore,
421,PF_M1_T3_AleakPF_REF,PF_M1_T3_AleakPF,
422,PF_M1_T3_AleakPF_deltaD_REF,PF_M1_T3_AleakPF,
423,PF_M1_T3_deltaD_mean,PF_M1_T3_KstiffPF,
424,PF_M1_T3_E_eff_inv,PF_M1_T3_E_eff,
425,PF_M1_T3_E_eff,PF_M1_T3_KstiffPF,
426,PF_M1_T3_KstiffPF,PF_M1_T3_Kstiff_inv,
427,PF_M1_T3_KstiffPF,PF_M1_T3_Force,
428,PF_M1_T3_KstiffPF_Ref,PF_M1_T3_KstiffPF,
429,PF_M1_T3_KstiffPF_E_Ref,PF_M1_T3_KstiffPF,
430,PF_M1_T3_KstiffPF_deltaD_Ref,PF_M1_T3_KstiffPF,
431,PF_M1_T3_Kstiff_inv,PF_M1_T3_Kstiff,
432,PF_M1_T3_Kstiff,PF_M1_T3_delta_sgrad,
433,PF_M1_T3_delta_sgrad,PF_M1_T3_sgrad,
434,PF_M1_T3_delta_Ftrigger_stop,PF_M1_T3_Fmax,
435,PF_M1_T3_delta_Ftrigger_stop,PF_M1_T3_delta_smax,
436,PF_M1_T3_delta_smax,PF_M1_T3_smax,
437,PSec_C2_pSection_ID_num,PF_M1_T3_s0,2.0
438,PSec_C2_pSection_ID_num,PF_M1_KstiffMachine,2.0
439,PSec_C2_pSection_ID_num,PF_M1_KstiffMachine_REF,2.0
440,PSec_C2_pSection_ID_num,PF_M1_LeakTolMachine_REF,2.0
441,PSec_C2_pSection_ID_num,PF_M1_T3_delta_Ftrigger_stop,2.0
442,PSec_C2_pSection_ID_num,PF_M1_T4_s0,2.0
443,PSec_C2_pSection_ID_num,PF_M1_T4_delta_Ftrigger_stop,2.0
444,PSec_C2_pSection_ID_num,PF_M1_T1_s0,2.0
445,PSec_C2_pSection_ID_num,PF_M1_T1_delta_Ftrigger_stop,2.0
446,PSec_C2_pSection_ID_num,PF_M1_T2_s0,2.0
447,PSec_C2_pSection_ID_num,PF_M1_T2_delta_Ftrigger_stop,2.0
448,PSec_C2_pSection_ID_num,PF_M2_LeakTolMachine_0_Deform,2.0
449,PSec_C2_pSection_ID_num,PF_M2_LeakTolMachine_REF_Deform,2.0
450,PSec_C2_pSection_ID_num,PF_M2_delta_Force_REF_Deform,2.0
451,PSec_C2_pSection_ID_num,PF_M2_T7_s0,2.0
452,PSec_C2_pSection_ID_num,PF_M2_KstiffMachine,2.0
453,PSec_C2_pSection_ID_num,PF_M2_KstiffMachine_REF,2.0
454,PSec_C2_pSection_ID_num,PF_M2_T7_delta_Ftrigger_stop,2.0
455,PSec_C2_pSection_ID_num,PF_M2_T8_s0,2.0
456,PSec_C2_pSection_ID_num,PF_M2_T8_delta_Ftrigger_stop,2.0
457,PSec_C2_pSection_ID_num,PF_M2_T5_s0,2.0
458,PSec_C2_pSection_ID_num,PF_M2_T5_delta_Ftrigger_stop,2.0
459,PSec_C2_pSection_ID_num,PF_M2_T6_s0,2.0
460,PSec_C2_pSection_ID_num,PF_M2_T6_delta_Ftrigger_stop,2.0
461,PF_M1_T4_s0,PF_M1_T4_s0_LTL_MpGood,
462,PF_M1_T4_s0,PF_M1_T4_s0_UTL_MpGood,
463,PF_M1_T4_s0,PF_M1_T4_sgrad,
464,PF_M1_T4_s0_LTL_MpGood,PF_M1_T4_s0_MpGood,
465,PF_M1_T4_s0_LTL,PF_M1_T4_s0_LTL_MpGood,
466,PF_M1_T4_s0_UTL_MpGood,PF_M1_T4_s0_MpGood,
467,PF_M1_T4_s0_UTL,PF_M1_T4_s0_UTL_MpGood,
468,PF_M1_T4_s0_MpGood,Sec_C2_Machine1_ProcessResult,
469,PF_M1_T4_Force_LTL,PF_M1_T4_Force_LTL_MpGood,
470,PF_M1_T4_Force_LTL_MpGood,PF_M1_T4_Force_MpGood,
471,PF_M1_T4_Force,PF_M1_T4_Force_LTL_MpGood,
472,PF_M1_T4_Force,PF_M1_T4_Force_UTL_MpGood,
473,PF_M1_T4_Force,PF_M1_T4_delta_sgrad,
474,PF_M1_T4_Force,PF_M1_T4_Fmax,
475,PF_M1_T4_Force_UTL,PF_M1_T4_Force_UTL_MpGood,
476,PF_M1_T4_Force_UTL_MpGood,PF_M1_T4_Force_MpGood,
477,PF_M1_T4_Force_MpGood,Sec_C2_Machine1_ProcessResult,
478,PF_M1_T4_sgrad_LTL,PF_M1_T4_sgrad_LTL_MpGood,
479,PF_M1_T4_sgrad_LTL_MpGood,PF_M1_T4_sgrad_MpGood,
480,PF_M1_T4_sgrad,PF_M1_T4_sgrad_LTL_MpGood,
481,PF_M1_T4_sgrad,PF_M1_T4_sgrad_UTL_MpGood,
482,PF_M1_T4_sgrad,PF_M1_T4_smax,
483,PF_M1_T4_sgrad_UTL_MpGood,PF_M1_T4_sgrad_MpGood,
484,PF_M1_T4_sgrad_UTL,PF_M1_T4_sgrad_UTL_MpGood,
485,PF_M1_T4_sgrad_MpGood,Sec_C2_Machine1_ProcessResult,
486,PF_M1_T4_Fmax_LTL,PF_M1_T4_Fmax_LTL_MpGood,
487,PF_M1_T4_Fmax_LTL_MpGood,PF_M1_T4_Fmax_MpGood,
488,PF_M1_T4_Fmax,PF_M1_T4_Fmax_LTL_MpGood,
489,PF_M1_T4_Fmax,PF_M1_T4_Fmax_UTL_MpGood,
490,PF_M1_T4_Fmax,PF_M2_T7_Force_max_deform,
491,PF_M1_T4_Fmax,PF_M2_T8_Force_max_deform,
492,PF_M1_T4_Fmax,PF_M2_T5_Force_max_deform,
493,PF_M1_T4_Fmax,PF_M2_T6_Force_max_deform,
494,PF_M1_T4_Fmax_UTL,PF_M1_T4_Fmax_UTL_MpGood,
495,PF_M1_T4_Fmax_UTL_MpGood,PF_M1_T4_Fmax_MpGood,
496,PF_M1_T4_Fmax_MpGood,Sec_C2_Machine1_ProcessResult,
497,PF_M1_T4_smax,PF_M1_T4_smax_LTL_MpGood,
498,PF_M1_T4_smax,PF_M1_T4_smax_UTL_MpGood,
499,PF_M1_T4_smax_LTL_MpGood,PF_M1_T4_smax_MpGood,
500,PF_M1_T4_smax_LTL,PF_M1_T4_smax_LTL_MpGood,
501,PF_M1_T4_smax_UTL_MpGood,PF_M1_T4_smax_MpGood,
502,PF_M1_T4_smax_UTL,PF_M1_T4_smax_UTL_MpGood,
503,PF_M1_T4_deltaD_max,PF_M1_T4_deltaD_Leak_max,
504,PF_M1_T4_deltaD_max,PF_M1_T4_deltaD_mean,
505,PF_M1_T4_deltaD_min,PF_M1_T4_deltaD_Leak_min,
506,PF_M1_T4_deltaD_min,PF_M1_T4_deltaD_mean,
507,PF_M1_T4_LeakTolMachine,PF_M1_T4_deltaD_Leak_min,
508,PF_M1_T4_LeakTolMachine,PF_M1_T4_deltaD_Leak_max,
509,PF_M1_T4_deltaD_Leak_min,PF_M1_T4_deltaD_Leak_min_ReLu,
510,PF_M1_T4_deltaD_Leak_max,PF_M1_T4_deltaD_Leak_max_ReLu,
511,PF_M1_T4_deltaD_Leak_min_ReLu,PF_M1_T4_AleakPF_deltaD,
512,PF_M1_T4_deltaD_Leak_max_ReLu,PF_M1_T4_AleakPF_deltaD,
513,PF_M1_T4_beta_asym,PF_M1_T4_AleakPF_deltaD,
514,PF_M1_T4_beta_asym,PF_M1_T4_deltaD_mean,
515,PF_M1_T4_AleakPF_deltaD,PF_M1_T4_AleakPF,
516,PF_M1_T4_AleakPF,PF_M1_T4_AleakBore,
517,PF_M1_T4_AleakPF_REF,PF_M1_T4_AleakPF,
518,PF_M1_T4_AleakPF_deltaD_REF,PF_M1_T4_AleakPF,
519,PF_M1_T4_deltaD_mean,PF_M1_T4_KstiffPF,
520,PF_M1_T4_E_eff_inv,PF_M1_T4_E_eff,
521,PF_M1_T4_E_eff,PF_M1_T4_KstiffPF,
522,PF_M1_T4_KstiffPF,PF_M1_T4_Kstiff_inv,
523,PF_M1_T4_KstiffPF,PF_M1_T4_Force,
524,PF_M1_T4_KstiffPF_Ref,PF_M1_T4_KstiffPF,
525,PF_M1_T4_KstiffPF_E_Ref,PF_M1_T4_KstiffPF,
526,PF_M1_T4_KstiffPF_deltaD_Ref,PF_M1_T4_KstiffPF,
527,PF_M1_T4_Kstiff_inv,PF_M1_T4_Kstiff,
528,PF_M1_T4_Kstiff,PF_M1_T4_delta_sgrad,
529,PF_M1_T4_delta_sgrad,PF_M1_T4_sgrad,
530,PF_M1_T4_delta_Ftrigger_stop,PF_M1_T4_Fmax,
531,PF_M1_T4_delta_Ftrigger_stop,PF_M1_T4_delta_smax,
532,PF_M1_T4_delta_smax,PF_M1_T4_smax,
533,PF_M1_T1_s0,PF_M1_T1_s0_LTL_MpGood,
534,PF_M1_T1_s0,PF_M1_T1_s0_UTL_MpGood,
535,PF_M1_T1_s0,PF_M1_T1_sgrad,
536,PF_M1_T1_s0_LTL_MpGood,PF_M1_T1_s0_MpGood,
537,PF_M1_T1_s0_LTL,PF_M1_T1_s0_LTL_MpGood,
538,PF_M1_T1_s0_UTL,PF_M1_T1_s0_UTL_MpGood,
539,PF_M1_T1_s0_UTL_MpGood,PF_M1_T1_s0_MpGood,
540,PF_M1_T1_s0_MpGood,Sec_C2_Machine1_ProcessResult,
541,PF_M1_T1_Force,PF_M1_T1_Force_LTL_MpGood,
542,PF_M1_T1_Force,PF_M1_T1_Force_UTL_MpGood,
543,PF_M1_T1_Force,PF_M1_T1_delta_sgrad,
544,PF_M1_T1_Force,PF_M1_T1_Fmax,
545,PF_M1_T1_Force_LTL_MpGood,PF_M1_T1_Force_MpGood,
546,PF_M1_T1_Force_LTL,PF_M1_T1_Force_LTL_MpGood,
547,PF_M1_T1_Force_UTL_MpGood,PF_M1_T1_Force_MpGood,
548,PF_M1_T1_Force_UTL,PF_M1_T1_Force_UTL_MpGood,
549,PF_M1_T1_Force_MpGood,Sec_C2_Machine1_ProcessResult,
550,PF_M1_T1_sgrad_LTL,PF_M1_T1_sgrad_LTL_MpGood,
551,PF_M1_T1_sgrad_LTL_MpGood,PF_M1_T1_sgrad_MpGood,
552,PF_M1_T1_sgrad,PF_M1_T1_sgrad_LTL_MpGood,
553,PF_M1_T1_sgrad,PF_M1_T1_sgrad_UTL_MpGood,
554,PF_M1_T1_sgrad,PF_M1_T1_smax,
555,PF_M1_T1_sgrad_UTL_MpGood,PF_M1_T1_sgrad_MpGood,
556,PF_M1_T1_sgrad_UTL,PF_M1_T1_sgrad_UTL_MpGood,
557,PF_M1_T1_sgrad_MpGood,Sec_C2_Machine1_ProcessResult,
558,PF_M1_T1_Fmax_LTL,PF_M1_T1_Fmax_LTL_MpGood,
559,PF_M1_T1_Fmax_LTL_MpGood,PF_M1_T1_Fmax_MpGood,
560,PF_M1_T1_Fmax,PF_M1_T1_Fmax_LTL_MpGood,
561,PF_M1_T1_Fmax,PF_M1_T1_Fmax_UTL_MpGood,
562,PF_M1_T1_Fmax,PF_M2_T7_Force_max_deform,
563,PF_M1_T1_Fmax,PF_M2_T8_Force_max_deform,
564,PF_M1_T1_Fmax,PF_M2_T5_Force_max_deform,
565,PF_M1_T1_Fmax,PF_M2_T6_Force_max_deform,
566,PF_M1_T1_Fmax_UTL,PF_M1_T1_Fmax_UTL_MpGood,
567,PF_M1_T1_Fmax_UTL_MpGood,PF_M1_T1_Fmax_MpGood,
568,PF_M1_T1_Fmax_MpGood,Sec_C2_Machine1_ProcessResult,
569,PF_M1_T1_smax_LTL,PF_M1_T1_smax_LTL_MpGood,
570,PF_M1_T1_smax_LTL_MpGood,PF_M1_T1_smax_MpGood,
571,PF_M1_T1_smax,PF_M1_T1_smax_LTL_MpGood,
572,PF_M1_T1_smax,PF_M1_T1_smax_UTL_MpGood,
573,PF_M1_T1_smax_UTL,PF_M1_T1_smax_UTL_MpGood,
574,PF_M1_T1_smax_UTL_MpGood,PF_M1_T1_smax_MpGood,
575,PF_M1_T1_deltaD_max,PF_M1_T1_deltaD_Leak_max,
576,PF_M1_T1_deltaD_max,PF_M1_T1_deltaD_mean,
577,PF_M1_T1_deltaD_min,PF_M1_T1_deltaD_Leak_min,
578,PF_M1_T1_deltaD_min,PF_M1_T1_deltaD_mean,
579,PF_M1_T1_LeakTolMachine,PF_M1_T1_deltaD_Leak_min,
580,PF_M1_T1_LeakTolMachine,PF_M1_T1_deltaD_Leak_max,
581,PF_M1_T1_deltaD_Leak_min,PF_M1_T1_deltaD_Leak_min_ReLu,
582,PF_M1_T1_deltaD_Leak_max,PF_M1_T1_deltaD_Leak_max_ReLu,
583,PF_M1_T1_deltaD_Leak_min_ReLu,PF_M1_T1_AleakPF_deltaD,
584,PF_M1_T1_deltaD_Leak_max_ReLu,PF_M1_T1_AleakPF_deltaD,
585,PF_M1_T1_beta_asym,PF_M1_T1_AleakPF_deltaD,
586,PF_M1_T1_beta_asym,PF_M1_T1_deltaD_mean,
587,PF_M1_T1_AleakPF_deltaD,PF_M1_T1_AleakPF,
588,PF_M1_T1_AleakPF,PF_M1_T1_AleakBore,
589,PF_M1_T1_AleakPF_REF,PF_M1_T1_AleakPF,
590,PF_M1_T1_AleakPF_deltaD_REF,PF_M1_T1_AleakPF,
591,PF_M1_T1_deltaD_mean,PF_M1_T1_KstiffPF,
592,PF_M1_T1_E_eff_inv,PF_M1_T1_E_eff,
593,PF_M1_T1_E_eff,PF_M1_T1_KstiffPF,
594,PF_M1_T1_KstiffPF,PF_M1_T1_Kstiff_inv,
595,PF_M1_T1_KstiffPF,PF_M1_T1_Force,
596,PF_M1_T1_KstiffPF_Ref,PF_M1_T1_KstiffPF,
597,PF_M1_T1_KstiffPF_E_Ref,PF_M1_T1_KstiffPF,
598,PF_M1_T1_KstiffPF_deltaD_Ref,PF_M1_T1_KstiffPF,
599,PF_M1_T1_Kstiff_inv,PF_M1_T1_Kstiff,
600,PF_M1_T1_Kstiff,PF_M1_T1_delta_sgrad,
601,PF_M1_T1_delta_sgrad,PF_M1_T1_sgrad,
602,PF_M1_T1_delta_Ftrigger_stop,PF_M1_T1_Fmax,
603,PF_M1_T1_delta_Ftrigger_stop,PF_M1_T1_delta_smax,
604,PF_M1_T1_delta_smax,PF_M1_T1_smax,
605,PF_M1_T2_s0,PF_M1_T2_s0_LTL_MpGood,
606,PF_M1_T2_s0,PF_M1_T2_s0_UTL_MpGood,
607,PF_M1_T2_s0,PF_M1_T2_sgrad,
608,PF_M1_T2_s0_LTL_MpGood,PF_M1_T2_s0_MpGood,
609,PF_M1_T2_s0_LTL,PF_M1_T2_s0_LTL_MpGood,
610,PF_M1_T2_s0_UTL_MpGood,PF_M1_T2_s0_MpGood,
611,PF_M1_T2_s0_UTL,PF_M1_T2_s0_UTL_MpGood,
612,PF_M1_T2_s0_MpGood,Sec_C2_Machine1_ProcessResult,
613,PF_M1_T2_Force_LTL,PF_M1_T2_Force_LTL_MpGood,
614,PF_M1_T2_Force_LTL_MpGood,PF_M1_T2_Force_MpGood,
615,PF_M1_T2_Force,PF_M1_T2_Force_LTL_MpGood,
616,PF_M1_T2_Force,PF_M1_T2_Force_UTL_MpGood,
617,PF_M1_T2_Force,PF_M1_T2_delta_sgrad,
618,PF_M1_T2_Force,PF_M1_T2_Fmax,
619,PF_M1_T2_Force_UTL,PF_M1_T2_Force_UTL_MpGood,
620,PF_M1_T2_Force_UTL_MpGood,PF_M1_T2_Force_MpGood,
621,PF_M1_T2_Force_MpGood,Sec_C2_Machine1_ProcessResult,
622,PF_M1_T2_sgrad_LTL,PF_M1_T2_sgrad_LTL_MpGood,
623,PF_M1_T2_sgrad_LTL_MpGood,PF_M1_T2_sgrad_MpGood,
624,PF_M1_T2_sgrad,PF_M1_T2_sgrad_LTL_MpGood,
625,PF_M1_T2_sgrad,PF_M1_T2_sgrad_UTL_MpGood,
626,PF_M1_T2_sgrad,PF_M1_T2_smax,
627,PF_M1_T2_sgrad_UTL,PF_M1_T2_sgrad_UTL_MpGood,
628,PF_M1_T2_sgrad_UTL_MpGood,PF_M1_T2_sgrad_MpGood,
629,PF_M1_T2_sgrad_MpGood,Sec_C2_Machine1_ProcessResult,
630,PF_M1_T2_Fmax,PF_M1_T2_Fmax_LTL_MpGood,
631,PF_M1_T2_Fmax,PF_M1_T2_Fmax_UTL_MpGood,
632,PF_M1_T2_Fmax,PF_M2_T7_Force_max_deform,
633,PF_M1_T2_Fmax,PF_M2_T8_Force_max_deform,
634,PF_M1_T2_Fmax,PF_M2_T5_Force_max_deform,
635,PF_M1_T2_Fmax,PF_M2_T6_Force_max_deform,
636,PF_M1_T2_Fmax_LTL_MpGood,PF_M1_T2_Fmax_MpGood,
637,PF_M1_T2_Fmax_LTL,PF_M1_T2_Fmax_LTL_MpGood,
638,PF_M1_T2_Fmax_UTL_MpGood,PF_M1_T2_Fmax_MpGood,
639,PF_M1_T2_Fmax_UTL,PF_M1_T2_Fmax_UTL_MpGood,
640,PF_M1_T2_Fmax_MpGood,Sec_C2_Machine1_ProcessResult,
641,PF_M1_T2_smax,PF_M1_T2_smax_LTL_MpGood,
642,PF_M1_T2_smax,PF_M1_T2_smax_UTL_MpGood,
643,PF_M1_T2_smax_LTL_MpGood,PF_M1_T2_smax_MpGood,
644,PF_M1_T2_smax_LTL,PF_M1_T2_smax_LTL_MpGood,
645,PF_M1_T2_smax_UTL_MpGood,PF_M1_T2_smax_MpGood,
646,PF_M1_T2_smax_UTL,PF_M1_T2_smax_UTL_MpGood,
647,PF_M1_T2_deltaD_max,PF_M1_T2_deltaD_Leak_max,
648,PF_M1_T2_deltaD_max,PF_M1_T2_deltaD_mean,
649,PF_M1_T2_deltaD_min,PF_M1_T2_deltaD_Leak_min,
650,PF_M1_T2_deltaD_min,PF_M1_T2_deltaD_mean,
651,PF_M1_T2_LeakTolMachine,PF_M1_T2_deltaD_Leak_min,
652,PF_M1_T2_LeakTolMachine,PF_M1_T2_deltaD_Leak_max,
653,PF_M1_T2_deltaD_Leak_min,PF_M1_T2_deltaD_Leak_min_ReLu,
654,PF_M1_T2_deltaD_Leak_max,PF_M1_T2_deltaD_Leak_max_ReLu,
655,PF_M1_T2_deltaD_Leak_min_ReLu,PF_M1_T2_AleakPF_deltaD,
656,PF_M1_T2_deltaD_Leak_max_ReLu,PF_M1_T2_AleakPF_deltaD,
657,PF_M1_T2_beta_asym,PF_M1_T2_AleakPF_deltaD,
658,PF_M1_T2_beta_asym,PF_M1_T2_deltaD_mean,
659,PF_M1_T2_AleakPF_deltaD,PF_M1_T2_AleakPF,
660,PF_M1_T2_AleakPF,PF_M1_T2_AleakBore,
661,PF_M1_T2_AleakPF_REF,PF_M1_T2_AleakPF,
662,PF_M1_T2_AleakPF_deltaD_REF,PF_M1_T2_AleakPF,
663,PF_M1_T2_deltaD_mean,PF_M1_T2_KstiffPF,
664,PF_M1_T2_E_eff_inv,PF_M1_T2_E_eff,
665,PF_M1_T2_E_eff,PF_M1_T2_KstiffPF,
666,PF_M1_T2_KstiffPF,PF_M1_T2_Kstiff_inv,
667,PF_M1_T2_KstiffPF,PF_M1_T2_Force,
668,PF_M1_T2_KstiffPF_Ref,PF_M1_T2_KstiffPF,
669,PF_M1_T2_KstiffPF_E_Ref,PF_M1_T2_KstiffPF,
670,PF_M1_T2_KstiffPF_deltaD_Ref,PF_M1_T2_KstiffPF,
671,PF_M1_T2_Kstiff_inv,PF_M1_T2_Kstiff,
672,PF_M1_T2_Kstiff,PF_M1_T2_delta_sgrad,
673,PF_M1_T2_delta_sgrad,PF_M1_T2_sgrad,
674,PF_M1_T2_delta_Ftrigger_stop,PF_M1_T2_Fmax,
675,PF_M1_T2_delta_Ftrigger_stop,PF_M1_T2_delta_smax,
676,PF_M1_T2_delta_smax,PF_M1_T2_smax,
677,PF_M2_T7_s0_LTL,PF_M2_T7_s0_LTL_MpGood,
678,PF_M2_T7_s0_LTL_MpGood,PF_M2_T7_s0_MpGood,
679,PF_M2_T7_s0,PF_M2_T7_s0_LTL_MpGood,
680,PF_M2_T7_s0,PF_M2_T7_s0_UTL_MpGood,
681,PF_M2_T7_s0,PF_M2_T7_sgrad,
682,PF_M2_T7_s0_UTL_MpGood,PF_M2_T7_s0_MpGood,
683,PF_M2_T7_s0_UTL,PF_M2_T7_s0_UTL_MpGood,
684,PF_M2_T7_s0_MpGood,Sec_C2_Machine2_ProcessResult,
685,PF_M2_T7_Force,PF_M2_T7_Force_LTL_MpGood,
686,PF_M2_T7_Force,PF_M2_T7_Force_UTL_MpGood,
687,PF_M2_T7_Force,PF_M2_T7_delta_sgrad,
688,PF_M2_T7_Force,PF_M2_T7_Fmax,
689,PF_M2_T7_Force_LTL_MpGood,PF_M2_T7_Force_MpGood,
690,PF_M2_T7_Force_LTL,PF_M2_T7_Force_LTL_MpGood,
691,PF_M2_T7_Force_UTL_MpGood,PF_M2_T7_Force_MpGood,
692,PF_M2_T7_Force_UTL,PF_M2_T7_Force_UTL_MpGood,
693,PF_M2_T7_Force_MpGood,Sec_C2_Machine2_ProcessResult,
694,PF_M2_T7_sgrad_LTL,PF_M2_T7_sgrad_LTL_MpGood,
695,PF_M2_T7_sgrad_LTL_MpGood,PF_M2_T7_sgrad_MpGood,
696,PF_M2_T7_sgrad,PF_M2_T7_sgrad_LTL_MpGood,
697,PF_M2_T7_sgrad,PF_M2_T7_sgrad_UTL_MpGood,
698,PF_M2_T7_sgrad,PF_M2_T7_smax,
699,PF_M2_T7_sgrad_UTL,PF_M2_T7_sgrad_UTL_MpGood,
700,PF_M2_T7_sgrad_UTL_MpGood,PF_M2_T7_sgrad_MpGood,
701,PF_M2_T7_sgrad_MpGood,Sec_C2_Machine2_ProcessResult,
702,PF_M2_T7_Fmax_LTL,PF_M2_T7_Fmax_LTL_MpGood,
703,PF_M2_T7_Fmax_LTL_MpGood,PF_M2_T7_Fmax_MpGood,
704,PF_M2_T7_Fmax,PF_M2_T7_Fmax_LTL_MpGood,
705,PF_M2_T7_Fmax,PF_M2_T7_Fmax_UTL_MpGood,
706,PF_M2_T7_Fmax_UTL,PF_M2_T7_Fmax_UTL_MpGood,
707,PF_M2_T7_Fmax_UTL_MpGood,PF_M2_T7_Fmax_MpGood,
708,PF_M2_T7_Fmax_MpGood,Sec_C2_Machine2_ProcessResult,
709,PF_M2_T7_smax_LTL,PF_M2_T7_smax_LTL_MpGood,
710,PF_M2_T7_smax_LTL_MpGood,PF_M2_T7_smax_MpGood,
711,PF_M2_T7_smax,PF_M2_T7_smax_LTL_MpGood,
712,PF_M2_T7_smax,PF_M2_T7_smax_UTL_MpGood,
713,PF_M2_T7_smax_UTL,PF_M2_T7_smax_UTL_MpGood,
714,PF_M2_T7_smax_UTL_MpGood,PF_M2_T7_smax_MpGood,
715,PF_M2_T7_Force_max_deform,PF_M2_T7_delta_Force_Deform,
716,PF_M2_T7_delta_Force_Deform,PF_M2_T7_delta_Force_ReLu,
717,PF_M2_T7_delta_Force_ReLu,PF_M2_T7_LeakTolMachine_REF,
718,PF_M2_LeakTolMachine_REF_Deform,PF_M2_T7_LeakTolMachine_REF,
719,PF_M2_LeakTolMachine_REF_Deform,PF_M2_T8_LeakTolMachine_REF,
720,PF_M2_LeakTolMachine_REF_Deform,PF_M2_T5_LeakTolMachine_REF,
721,PF_M2_LeakTolMachine_REF_Deform,PF_M2_T6_LeakTolMachine_REF,
722,PF_M2_T7_LeakTolMachine_REF,PF_M2_T7_LeakTolMachine,
723,PF_M2_LeakTolMachine_0_Deform,PF_M2_T7_LeakTolMachine_REF,
724,PF_M2_LeakTolMachine_0_Deform,PF_M2_T8_LeakTolMachine_REF,
725,PF_M2_LeakTolMachine_0_Deform,PF_M2_T5_LeakTolMachine_REF,
726,PF_M2_LeakTolMachine_0_Deform,PF_M2_T6_LeakTolMachine_REF,
727,PF_M2_delta_Force_REF_Deform,PF_M2_T7_LeakTolMachine_REF,
728,PF_M2_delta_Force_REF_Deform,PF_M2_T8_LeakTolMachine_REF,
729,PF_M2_delta_Force_REF_Deform,PF_M2_T5_LeakTolMachine_REF,
730,PF_M2_delta_Force_REF_Deform,PF_M2_T6_LeakTolMachine_REF,
731,PF_M2_T7_deltaD_max,PF_M2_T7_deltaD_Leak_max,
732,PF_M2_T7_deltaD_max,PF_M2_T7_deltaD_mean,
733,PF_M2_T7_deltaD_min,PF_M2_T7_deltaD_Leak_min,
734,PF_M2_T7_deltaD_min,PF_M2_T7_deltaD_mean,
735,PF_M2_KstiffMachine_REF,PF_M2_T7_LeakTolMachine,
736,PF_M2_KstiffMachine_REF,PF_M2_T8_LeakTolMachine,
737,PF_M2_KstiffMachine_REF,PF_M2_T5_LeakTolMachine,
738,PF_M2_KstiffMachine_REF,PF_M2_T6_LeakTolMachine,
739,PF_M2_T7_LeakTolMachine,PF_M2_T7_deltaD_Leak_min,
740,PF_M2_T7_LeakTolMachine,PF_M2_T7_deltaD_Leak_max,
741,PF_M2_KstiffMachine,PF_M2_T7_LeakTolMachine,
742,PF_M2_KstiffMachine,PF_M2_T7_Kstiff_inv,
743,PF_M2_KstiffMachine,PF_M2_T7_delta_smax,
744,PF_M2_KstiffMachine,PF_M2_T8_LeakTolMachine,
745,PF_M2_KstiffMachine,PF_M2_T8_Kstiff_inv,
746,PF_M2_KstiffMachine,PF_M2_T8_delta_smax,
747,PF_M2_KstiffMachine,PF_M2_T5_LeakTolMachine,
748,PF_M2_KstiffMachine,PF_M2_T5_Kstiff_inv,
749,PF_M2_KstiffMachine,PF_M2_T5_delta_smax,
750,PF_M2_KstiffMachine,PF_M2_T6_LeakTolMachine,
751,PF_M2_KstiffMachine,PF_M2_T6_Kstiff_inv,
752,PF_M2_KstiffMachine,PF_M2_T6_delta_smax,
753,PF_M2_T7_deltaD_Leak_min,PF_M2_T7_deltaD_Leak_min_ReLu,
754,PF_M2_T7_deltaD_Leak_max,PF_M2_T7_deltaD_Leak_max_ReLu,
755,PF_M2_T7_deltaD_Leak_min_ReLu,PF_M2_T7_AleakPF_deltaD,
756,PF_M2_T7_deltaD_Leak_max_ReLu,PF_M2_T7_AleakPF_deltaD,
757,PF_M2_T7_beta_asym,PF_M2_T7_AleakPF_deltaD,
758,PF_M2_T7_beta_asym,PF_M2_T7_deltaD_mean,
759,PF_M2_T7_AleakPF_deltaD,PF_M2_T7_AleakPF,
760,PF_M2_T7_AleakPF,PF_M2_T7_AleakBore,
761,PF_M2_T7_AleakPF_REF,PF_M2_T7_AleakPF,
762,PF_M2_T7_AleakPF_deltaD_REF,PF_M2_T7_AleakPF,
763,PF_M2_T7_deltaD_mean,PF_M2_T7_KstiffPF,
764,PF_M2_T7_E_eff_inv,PF_M2_T7_E_eff,
765,PF_M2_T7_E_eff,PF_M2_T7_KstiffPF,
766,PF_M2_T7_KstiffPF,PF_M2_T7_Kstiff_inv,
767,PF_M2_T7_KstiffPF,PF_M2_T7_Force,
768,PF_M2_T7_KstiffPF_Ref,PF_M2_T7_KstiffPF,
769,PF_M2_T7_KstiffPF_E_Ref,PF_M2_T7_KstiffPF,
770,PF_M2_T7_KstiffPF_deltaD_Ref,PF_M2_T7_KstiffPF,
771,PF_M2_T7_Kstiff_inv,PF_M2_T7_Kstiff,
772,PF_M2_T7_Kstiff,PF_M2_T7_delta_sgrad,
773,PF_M2_T7_delta_sgrad,PF_M2_T7_sgrad,
774,PF_M2_T7_delta_Ftrigger_stop,PF_M2_T7_Fmax,
775,PF_M2_T7_delta_Ftrigger_stop,PF_M2_T7_delta_smax,
776,PF_M2_T7_delta_smax,PF_M2_T7_smax,
777,PF_M2_T8_s0,PF_M2_T8_s0_LTL_MpGood,
778,PF_M2_T8_s0,PF_M2_T8_s0_UTL_MpGood,
779,PF_M2_T8_s0,PF_M2_T8_sgrad,
780,PF_M2_T8_s0_LTL_MpGood,PF_M2_T8_s0_MpGood,
781,PF_M2_T8_s0_LTL,PF_M2_T8_s0_LTL_MpGood,
782,PF_M2_T8_s0_UTL,PF_M2_T8_s0_UTL_MpGood,
783,PF_M2_T8_s0_UTL_MpGood,PF_M2_T8_s0_MpGood,
784,PF_M2_T8_s0_MpGood,Sec_C2_Machine2_ProcessResult,
785,PF_M2_T8_Force_LTL,PF_M2_T8_Force_LTL_MpGood,
786,PF_M2_T8_Force_LTL_MpGood,PF_M2_T8_Force_MpGood,
787,PF_M2_T8_Force,PF_M2_T8_Force_LTL_MpGood,
788,PF_M2_T8_Force,PF_M2_T8_Force_UTL_MpGood,
789,PF_M2_T8_Force,PF_M2_T8_delta_sgrad,
790,PF_M2_T8_Force,PF_M2_T8_Fmax,
791,PF_M2_T8_Force_UTL,PF_M2_T8_Force_UTL_MpGood,
792,PF_M2_T8_Force_UTL_MpGood,PF_M2_T8_Force_MpGood,
793,PF_M2_T8_Force_MpGood,Sec_C2_Machine2_ProcessResult,
794,PF_M2_T8_sgrad_LTL,PF_M2_T8_sgrad_LTL_MpGood,
795,PF_M2_T8_sgrad_LTL_MpGood,PF_M2_T8_sgrad_MpGood,
796,PF_M2_T8_sgrad,PF_M2_T8_sgrad_LTL_MpGood,
797,PF_M2_T8_sgrad,PF_M2_T8_sgrad_UTL_MpGood,
798,PF_M2_T8_sgrad,PF_M2_T8_smax,
799,PF_M2_T8_sgrad_UTL,PF_M2_T8_sgrad_UTL_MpGood,
800,PF_M2_T8_sgrad_UTL_MpGood,PF_M2_T8_sgrad_MpGood,
801,PF_M2_T8_sgrad_MpGood,Sec_C2_Machine2_ProcessResult,
802,PF_M2_T8_Fmax_LTL,PF_M2_T8_Fmax_LTL_MpGood,
803,PF_M2_T8_Fmax_LTL_MpGood,PF_M2_T8_Fmax_MpGood,
804,PF_M2_T8_Fmax,PF_M2_T8_Fmax_LTL_MpGood,
805,PF_M2_T8_Fmax,PF_M2_T8_Fmax_UTL_MpGood,
806,PF_M2_T8_Fmax_UTL_MpGood,PF_M2_T8_Fmax_MpGood,
807,PF_M2_T8_Fmax_UTL,PF_M2_T8_Fmax_UTL_MpGood,
808,PF_M2_T8_Fmax_MpGood,Sec_C2_Machine2_ProcessResult,
809,PF_M2_T8_smax,PF_M2_T8_smax_LTL_MpGood,
810,PF_M2_T8_smax,PF_M2_T8_smax_UTL_MpGood,
811,PF_M2_T8_smax_LTL_MpGood,PF_M2_T8_smax_MpGood,
812,PF_M2_T8_smax_LTL,PF_M2_T8_smax_LTL_MpGood,
813,PF_M2_T8_smax_UTL,PF_M2_T8_smax_UTL_MpGood,
814,PF_M2_T8_smax_UTL_MpGood,PF_M2_T8_smax_MpGood,
815,PF_M2_T8_Force_max_deform,PF_M2_T8_delta_Force_Deform,
816,PF_M2_T8_delta_Force_Deform,PF_M2_T8_delta_Force_ReLu,
817,PF_M2_T8_delta_Force_ReLu,PF_M2_T8_LeakTolMachine_REF,
818,PF_M2_T8_LeakTolMachine_REF,PF_M2_T8_LeakTolMachine,
819,PF_M2_T8_deltaD_max,PF_M2_T8_deltaD_Leak_max,
820,PF_M2_T8_deltaD_max,PF_M2_T8_deltaD_mean,
821,PF_M2_T8_deltaD_min,PF_M2_T8_deltaD_Leak_min,
822,PF_M2_T8_deltaD_min,PF_M2_T8_deltaD_mean,
823,PF_M2_T8_LeakTolMachine,PF_M2_T8_deltaD_Leak_min,
824,PF_M2_T8_LeakTolMachine,PF_M2_T8_deltaD_Leak_max,
825,PF_M2_T8_deltaD_Leak_min,PF_M2_T8_deltaD_Leak_min_ReLu,
826,PF_M2_T8_deltaD_Leak_max,PF_M2_T8_deltaD_Leak_max_ReLu,
827,PF_M2_T8_deltaD_Leak_min_ReLu,PF_M2_T8_AleakPF_deltaD,
828,PF_M2_T8_deltaD_Leak_max_ReLu,PF_M2_T8_AleakPF_deltaD,
829,PF_M2_T8_beta_asym,PF_M2_T8_AleakPF_deltaD,
830,PF_M2_T8_beta_asym,PF_M2_T8_deltaD_mean,
831,PF_M2_T8_AleakPF_deltaD,PF_M2_T8_AleakPF,
832,PF_M2_T8_AleakPF,PF_M2_T8_AleakBore,
833,PF_M2_T8_AleakPF_REF,PF_M2_T8_AleakPF,
834,PF_M2_T8_AleakPF_deltaD_REF,PF_M2_T8_AleakPF,
835,PF_M2_T8_deltaD_mean,PF_M2_T8_KstiffPF,
836,PF_M2_T8_E_eff_inv,PF_M2_T8_E_eff,
837,PF_M2_T8_E_eff,PF_M2_T8_KstiffPF,
838,PF_M2_T8_KstiffPF,PF_M2_T8_Kstiff_inv,
839,PF_M2_T8_KstiffPF,PF_M2_T8_Force,
840,PF_M2_T8_KstiffPF_Ref,PF_M2_T8_KstiffPF,
841,PF_M2_T8_KstiffPF_E_Ref,PF_M2_T8_KstiffPF,
842,PF_M2_T8_KstiffPF_deltaD_Ref,PF_M2_T8_KstiffPF,
843,PF_M2_T8_Kstiff_inv,PF_M2_T8_Kstiff,
844,PF_M2_T8_Kstiff,PF_M2_T8_delta_sgrad,
845,PF_M2_T8_delta_sgrad,PF_M2_T8_sgrad,
846,PF_M2_T8_delta_Ftrigger_stop,PF_M2_T8_Fmax,
847,PF_M2_T8_delta_Ftrigger_stop,PF_M2_T8_delta_smax,
848,PF_M2_T8_delta_smax,PF_M2_T8_smax,
849,PF_M2_T5_s0_LTL,PF_M2_T5_s0_LTL_MpGood,
850,PF_M2_T5_s0_LTL_MpGood,PF_M2_T5_s0_MpGood,
851,PF_M2_T5_s0,PF_M2_T5_s0_LTL_MpGood,
852,PF_M2_T5_s0,PF_M2_T5_s0_UTL_MpGood,
853,PF_M2_T5_s0,PF_M2_T5_sgrad,
854,PF_M2_T5_s0_UTL,PF_M2_T5_s0_UTL_MpGood,
855,PF_M2_T5_s0_UTL_MpGood,PF_M2_T5_s0_MpGood,
856,PF_M2_T5_s0_MpGood,Sec_C2_Machine2_ProcessResult,
857,PF_M2_T5_Force_LTL,PF_M2_T5_Force_LTL_MpGood,
858,PF_M2_T5_Force_LTL_MpGood,PF_M2_T5_Force_MpGood,
859,PF_M2_T5_Force,PF_M2_T5_Force_LTL_MpGood,
860,PF_M2_T5_Force,PF_M2_T5_Force_UTL_MpGood,
861,PF_M2_T5_Force,PF_M2_T5_delta_sgrad,
862,PF_M2_T5_Force,PF_M2_T5_Fmax,
863,PF_M2_T5_Force_UTL_MpGood,PF_M2_T5_Force_MpGood,
864,PF_M2_T5_Force_UTL,PF_M2_T5_Force_UTL_MpGood,
865,PF_M2_T5_Force_MpGood,Sec_C2_Machine2_ProcessResult,
866,PF_M2_T5_sgrad_LTL,PF_M2_T5_sgrad_LTL_MpGood,
867,PF_M2_T5_sgrad_LTL_MpGood,PF_M2_T5_sgrad_MpGood,
868,PF_M2_T5_sgrad,PF_M2_T5_sgrad_LTL_MpGood,
869,PF_M2_T5_sgrad,PF_M2_T5_sgrad_UTL_MpGood,
870,PF_M2_T5_sgrad,PF_M2_T5_smax,
871,PF_M2_T5_sgrad_UTL,PF_M2_T5_sgrad_UTL_MpGood,
872,PF_M2_T5_sgrad_UTL_MpGood,PF_M2_T5_sgrad_MpGood,
873,PF_M2_T5_sgrad_MpGood,Sec_C2_Machine2_ProcessResult,
874,PF_M2_T5_Fmax_LTL,PF_M2_T5_Fmax_LTL_MpGood,
875,PF_M2_T5_Fmax_LTL_MpGood,PF_M2_T5_Fmax_MpGood,
876,PF_M2_T5_Fmax,PF_M2_T5_Fmax_LTL_MpGood,
877,PF_M2_T5_Fmax,PF_M2_T5_Fmax_UTL_MpGood,
878,PF_M2_T5_Fmax_UTL_MpGood,PF_M2_T5_Fmax_MpGood,
879,PF_M2_T5_Fmax_UTL,PF_M2_T5_Fmax_UTL_MpGood,
880,PF_M2_T5_Fmax_MpGood,Sec_C2_Machine2_ProcessResult,
881,PF_M2_T5_smax,PF_M2_T5_smax_LTL_MpGood,
882,PF_M2_T5_smax,PF_M2_T5_smax_UTL_MpGood,
883,PF_M2_T5_smax_LTL_MpGood,PF_M2_T5_smax_MpGood,
884,PF_M2_T5_smax_LTL,PF_M2_T5_smax_LTL_MpGood,
885,PF_M2_T5_smax_UTL,PF_M2_T5_smax_UTL_MpGood,
886,PF_M2_T5_smax_UTL_MpGood,PF_M2_T5_smax_MpGood,
887,PF_M2_T5_Force_max_deform,PF_M2_T5_delta_Force_Deform,
888,PF_M2_T5_delta_Force_Deform,PF_M2_T5_delta_Force_ReLu,
889,PF_M2_T5_delta_Force_ReLu,PF_M2_T5_LeakTolMachine_REF,
890,PF_M2_T5_LeakTolMachine_REF,PF_M2_T5_LeakTolMachine,
891,PF_M2_T5_deltaD_max,PF_M2_T5_deltaD_Leak_max,
892,PF_M2_T5_deltaD_max,PF_M2_T5_deltaD_mean,
893,PF_M2_T5_deltaD_min,PF_M2_T5_deltaD_Leak_min,
894,PF_M2_T5_deltaD_min,PF_M2_T5_deltaD_mean,
895,PF_M2_T5_LeakTolMachine,PF_M2_T5_deltaD_Leak_min,
896,PF_M2_T5_LeakTolMachine,PF_M2_T5_deltaD_Leak_max,
897,PF_M2_T5_deltaD_Leak_min,PF_M2_T5_deltaD_Leak_min_ReLu,
898,PF_M2_T5_deltaD_Leak_max,PF_M2_T5_deltaD_Leak_max_ReLu,
899,PF_M2_T5_deltaD_Leak_min_ReLu,PF_M2_T5_AleakPF_deltaD,
900,PF_M2_T5_deltaD_Leak_max_ReLu,PF_M2_T5_AleakPF_deltaD,
901,PF_M2_T5_beta_asym,PF_M2_T5_AleakPF_deltaD,
902,PF_M2_T5_beta_asym,PF_M2_T5_deltaD_mean,
903,PF_M2_T5_AleakPF_deltaD,PF_M2_T5_AleakPF,
904,PF_M2_T5_AleakPF,PF_M2_T5_AleakBore,
905,PF_M2_T5_AleakPF_REF,PF_M2_T5_AleakPF,
906,PF_M2_T5_AleakPF_deltaD_REF,PF_M2_T5_AleakPF,
907,PF_M2_T5_deltaD_mean,PF_M2_T5_KstiffPF,
908,PF_M2_T5_E_eff_inv,PF_M2_T5_E_eff,
909,PF_M2_T5_E_eff,PF_M2_T5_KstiffPF,
910,PF_M2_T5_KstiffPF,PF_M2_T5_Kstiff_inv,
911,PF_M2_T5_KstiffPF,PF_M2_T5_Force,
912,PF_M2_T5_KstiffPF_Ref,PF_M2_T5_KstiffPF,
913,PF_M2_T5_KstiffPF_E_Ref,PF_M2_T5_KstiffPF,
914,PF_M2_T5_KstiffPF_deltaD_Ref,PF_M2_T5_KstiffPF,
915,PF_M2_T5_Kstiff_inv,PF_M2_T5_Kstiff,
916,PF_M2_T5_Kstiff,PF_M2_T5_delta_sgrad,
917,PF_M2_T5_delta_sgrad,PF_M2_T5_sgrad,
918,PF_M2_T5_delta_Ftrigger_stop,PF_M2_T5_Fmax,
919,PF_M2_T5_delta_Ftrigger_stop,PF_M2_T5_delta_smax,
920,PF_M2_T5_delta_smax,PF_M2_T5_smax,
921,PF_M2_T6_s0,PF_M2_T6_s0_LTL_MpGood,
922,PF_M2_T6_s0,PF_M2_T6_s0_UTL_MpGood,
923,PF_M2_T6_s0,PF_M2_T6_sgrad,
924,PF_M2_T6_s0_LTL_MpGood,PF_M2_T6_s0_MpGood,
925,PF_M2_T6_s0_LTL,PF_M2_T6_s0_LTL_MpGood,
926,PF_M2_T6_s0_UTL_MpGood,PF_M2_T6_s0_MpGood,
927,PF_M2_T6_s0_UTL,PF_M2_T6_s0_UTL_MpGood,
928,PF_M2_T6_s0_MpGood,Sec_C2_Machine2_ProcessResult,
929,PF_M2_T6_Force,PF_M2_T6_Force_LTL_MpGood,
930,PF_M2_T6_Force,PF_M2_T6_Force_UTL_MpGood,
931,PF_M2_T6_Force,PF_M2_T6_delta_sgrad,
932,PF_M2_T6_Force,PF_M2_T6_Fmax,
933,PF_M2_T6_Force_LTL_MpGood,PF_M2_T6_Force_MpGood,
934,PF_M2_T6_Force_LTL,PF_M2_T6_Force_LTL_MpGood,
935,PF_M2_T6_Force_UTL_MpGood,PF_M2_T6_Force_MpGood,
936,PF_M2_T6_Force_UTL,PF_M2_T6_Force_UTL_MpGood,
937,PF_M2_T6_Force_MpGood,Sec_C2_Machine2_ProcessResult,
938,PF_M2_T6_sgrad,PF_M2_T6_sgrad_LTL_MpGood,
939,PF_M2_T6_sgrad,PF_M2_T6_sgrad_UTL_MpGood,
940,PF_M2_T6_sgrad,PF_M2_T6_smax,
941,PF_M2_T6_sgrad_LTL_MpGood,PF_M2_T6_sgrad_MpGood,
942,PF_M2_T6_sgrad_LTL,PF_M2_T6_sgrad_LTL_MpGood,
943,PF_M2_T6_sgrad_UTL_MpGood,PF_M2_T6_sgrad_MpGood,
944,PF_M2_T6_sgrad_UTL,PF_M2_T6_sgrad_UTL_MpGood,
945,PF_M2_T6_sgrad_MpGood,Sec_C2_Machine2_ProcessResult,
946,PF_M2_T6_Fmax,PF_M2_T6_Fmax_LTL_MpGood,
947,PF_M2_T6_Fmax,PF_M2_T6_Fmax_UTL_MpGood,
948,PF_M2_T6_Fmax_LTL_MpGood,PF_M2_T6_Fmax_MpGood,
949,PF_M2_T6_Fmax_LTL,PF_M2_T6_Fmax_LTL_MpGood,
950,PF_M2_T6_Fmax_UTL,PF_M2_T6_Fmax_UTL_MpGood,
951,PF_M2_T6_Fmax_UTL_MpGood,PF_M2_T6_Fmax_MpGood,
952,PF_M2_T6_Fmax_MpGood,Sec_C2_Machine2_ProcessResult,
953,PF_M2_T6_smax_LTL,PF_M2_T6_smax_LTL_MpGood,
954,PF_M2_T6_smax_LTL_MpGood,PF_M2_T6_smax_MpGood,
955,PF_M2_T6_smax,PF_M2_T6_smax_LTL_MpGood,
956,PF_M2_T6_smax,PF_M2_T6_smax_UTL_MpGood,
957,PF_M2_T6_smax_UTL,PF_M2_T6_smax_UTL_MpGood,
958,PF_M2_T6_smax_UTL_MpGood,PF_M2_T6_smax_MpGood,
959,PF_M2_T6_Force_max_deform,PF_M2_T6_delta_Force_Deform,
960,PF_M2_T6_delta_Force_Deform,PF_M2_T6_delta_Force_ReLu,
961,PF_M2_T6_delta_Force_ReLu,PF_M2_T6_LeakTolMachine_REF,
962,PF_M2_T6_LeakTolMachine_REF,PF_M2_T6_LeakTolMachine,
963,PF_M2_T6_deltaD_max,PF_M2_T6_deltaD_Leak_max,
964,PF_M2_T6_deltaD_max,PF_M2_T6_deltaD_mean,
965,PF_M2_T6_deltaD_min,PF_M2_T6_deltaD_Leak_min,
966,PF_M2_T6_deltaD_min,PF_M2_T6_deltaD_mean,
967,PF_M2_T6_LeakTolMachine,PF_M2_T6_deltaD_Leak_min,
968,PF_M2_T6_LeakTolMachine,PF_M2_T6_deltaD_Leak_max,
969,PF_M2_T6_deltaD_Leak_min,PF_M2_T6_deltaD_Leak_min_ReLu,
970,PF_M2_T6_deltaD_Leak_max,PF_M2_T6_deltaD_Leak_max_ReLu,
971,PF_M2_T6_deltaD_Leak_min_ReLu,PF_M2_T6_AleakPF_deltaD,
972,PF_M2_T6_deltaD_Leak_max_ReLu,PF_M2_T6_AleakPF_deltaD,
973,PF_M2_T6_beta_asym,PF_M2_T6_AleakPF_deltaD,
974,PF_M2_T6_beta_asym,PF_M2_T6_deltaD_mean,
975,PF_M2_T6_AleakPF_deltaD,PF_M2_T6_AleakPF,
976,PF_M2_T6_AleakPF,PF_M2_T6_AleakBore,
977,PF_M2_T6_AleakPF_REF,PF_M2_T6_AleakPF,
978,PF_M2_T6_AleakPF_deltaD_REF,PF_M2_T6_AleakPF,
979,PF_M2_T6_deltaD_mean,PF_M2_T6_KstiffPF,
980,PF_M2_T6_E_eff_inv,PF_M2_T6_E_eff,
981,PF_M2_T6_E_eff,PF_M2_T6_KstiffPF,
982,PF_M2_T6_KstiffPF,PF_M2_T6_Kstiff_inv,
983,PF_M2_T6_KstiffPF,PF_M2_T6_Force,
984,PF_M2_T6_KstiffPF_Ref,PF_M2_T6_KstiffPF,
985,PF_M2_T6_KstiffPF_E_Ref,PF_M2_T6_KstiffPF,
986,PF_M2_T6_KstiffPF_deltaD_Ref,PF_M2_T6_KstiffPF,
987,PF_M2_T6_Kstiff_inv,PF_M2_T6_Kstiff,
988,PF_M2_T6_Kstiff,PF_M2_T6_delta_sgrad,
989,PF_M2_T6_delta_sgrad,PF_M2_T6_sgrad,
990,PF_M2_T6_delta_Ftrigger_stop,PF_M2_T6_Fmax,
991,PF_M2_T6_delta_Ftrigger_stop,PF_M2_T6_delta_smax,
992,PF_M2_T6_delta_smax,PF_M2_T6_smax,
993,product_type_ID_num,HU_Block_Type_ID_num,2.0
994,product_type_ID_num,T1_MV_Type_ID_num,2.0
995,product_type_ID_num,T2_MV_Type_ID_num,2.0
996,product_type_ID_num,T3_MV_Type_ID_num,2.0
997,product_type_ID_num,T4_MV_Type_ID_num,2.0
998,product_type_ID_num,T5_MV_Type_ID_num,2.0
999,product_type_ID_num,T6_MV_Type_ID_num,2.0
1000,product_type_ID_num,T7_MV_Type_ID_num,2.0
1001,product_type_ID_num,T8_MV_Type_ID_num,2.0
1002,line_ID_num,PSec_MVgeneration_pSection_ID_num,2.0
1003,line_ID_num,PSec_HUgeneration_pSection_ID_num,2.0
1004,line_ID_num,PSec_C2_pSection_ID_num,2.0
1005,HU_Block_Type_ID_num,HU_HU_Block_Type_ID_num,2.0
1006,T1_MV_Type_ID_num,MV1_T1_MV_Type_ID_num,2.0
1007,T2_MV_Type_ID_num,MV2_T2_MV_Type_ID_num,2.0
1008,T3_MV_Type_ID_num,MV3_T3_MV_Type_ID_num,2.0
1009,T4_MV_Type_ID_num,MV4_T4_MV_Type_ID_num,2.0
1010,T5_MV_Type_ID_num,MV5_T5_MV_Type_ID_num,2.0
1011,T6_MV_Type_ID_num,MV6_T6_MV_Type_ID_num,2.0
1012,T7_MV_Type_ID_num,MV7_T7_MV_Type_ID_num,2.0
1013,T8_MV_Type_ID_num,MV8_T8_MV_Type_ID_num,2.0
