MV1_T1_MV_Type_ID_num,MV1_T1_MV_Supplier_ID_num,MV2_T2_MV_Type_ID_num,MV2_T2_MV_Supplier_ID_num,PSec_MVgeneration_pSection_ID_num,HU_HU_Block_Type_ID_num,HU_HU_Block_Supplier_ID_num,PSec_HUgeneration_pSection_ID_num,PF_M1_T1_s0,PF_M1_T1_s0_LTL,PF_M1_T1_s0_UTL,PF_M1_T1_Force,PF_M1_T1_Force_LTL,PF_M1_T1_Force_UTL,PF_M1_T1_Force_MpGood,PF_M1_T1_sgrad,PF_M1_T1_sgrad_LTL,PF_M1_T1_sgrad_UTL,PF_M1_T1_sgrad_MpGood,PF_M1_T1_Fmax_LTL,PF_M1_T1_Fmax,PF_M1_T1_Fmax_UTL,PF_M1_T1_Fmax_MpGood,PF_M1_T1_smax,PF_M1_T1_smax_LTL,PF_M1_T1_smax_UTL,PF_M1_T1_smax_MpGood,PSec_C2_pSection_ID_num,PF_M1_T2_s0,PF_M1_T2_s0_LTL,PF_M1_T2_s0_UTL,PF_M1_T2_s0_MpGood,PF_M1_T2_Force,PF_M1_T2_Force_LTL,PF_M1_T2_Force_UTL,PF_M1_T2_Force_MpGood,PF_M1_T2_sgrad_LTL,PF_M1_T2_sgrad,PF_M1_T2_sgrad_UTL,PF_M1_T2_sgrad_MpGood,PF_M1_T2_Fmax,PF_M1_T2_Fmax_LTL,PF_M1_T2_Fmax_UTL,PF_M1_T2_Fmax_MpGood,PF_M1_T2_smax,PF_M1_T2_smax_LTL,PF_M1_T2_smax_UTL,PF_M1_T2_smax_MpGood,Sec_C2_Machine1_ProcessResult,product_type_ID_num,line_ID_num,batch_ID_num
92.0,24.0,92.0,24.0,-721.0,921.0,13.0,-711.0,14.496687088378543,12.0,17.0,30000.0,15000.0,28000.0,0.0,23.394625818446265,19.5,25.0,1.0,15000.0,34495.3936484265,28000.0,0.0,23.957459508189288,20.0,26.0,1.0,721.0,15.240766093454257,12.0,17.0,1.0,19564.207044829735,15000.0,28000.0,1.0,19.5,21.71214077942724,25.0,1.0,24117.097676172263,15000.0,28000.0,1.0,22.28217322451287,20.0,26.0,1.0,0.0,92122.0,7.0,20.0
11.0,21.0,11.0,22.0,-121.0,21.0,13.0,-111.0,10.00684417186783,9.0,11.0,30000.0,10000.0,19000.0,0.0,27.283265816502226,16.5,19.0,0.0,10000.0,36615.48175676301,25000.0,0.0,28.605954701987116,17.0,20.0,0.0,121.0,10.002058994746035,9.0,11.0,1.0,13332.521607613928,10000.0,19000.0,1.0,16.5,17.228227896733635,19.0,1.0,19812.2914302095,10000.0,25000.0,1.0,18.523782754259425,17.0,20.0,1.0,0.0,211.0,1.0,59.0
81.0,23.0,81.0,23.0,-721.0,912.0,12.0,-711.0,15.068963338805432,12.0,17.0,30000.0,12500.0,23000.0,0.0,26.379958863814224,20.0,24.0,0.0,12500.0,34003.195587963164,26000.0,0.0,26.867745787583665,20.0,25.0,0.0,722.0,15.519180413932165,12.0,17.0,1.0,17584.463758907925,12500.0,23000.0,1.0,20.0,22.257898733053537,24.0,1.0,21462.191329930032,12500.0,26000.0,1.0,22.730397456016814,20.0,25.0,1.0,0.0,912.0,7.0,10.0
11.0,21.0,11.0,22.0,-121.0,21.0,13.0,-111.0,9.993194365798477,9.0,11.0,30000.0,10000.0,19000.0,0.0,25.94617498529254,16.5,19.0,0.0,10000.0,36493.19699646716,25000.0,0.0,27.23991707277009,17.0,20.0,0.0,121.0,9.994065064324726,9.0,11.0,1.0,16021.573883586138,10000.0,19000.0,1.0,16.5,17.711665681736143,19.0,1.0,22716.51395910309,10000.0,25000.0,1.0,19.045604225961583,17.0,20.0,1.0,0.0,211.0,1.0,52.0
11.0,22.0,11.0,21.0,-121.0,21.0,13.0,-111.0,10.212317636747242,9.0,11.0,30000.0,10000.0,19000.0,0.0,26.118189498462094,16.5,19.0,0.0,10000.0,36873.40664427268,25000.0,0.0,27.418077795625162,17.0,20.0,0.0,122.0,10.215098676119391,9.0,11.0,1.0,12358.643636219505,10000.0,19000.0,1.0,16.5,17.023786339255448,19.0,1.0,19534.753730119704,10000.0,25000.0,1.0,18.38092145623378,17.0,20.0,1.0,0.0,211.0,1.0,58.0
11.0,22.0,11.0,22.0,-121.0,11.0,12.0,-111.0,10.005746220681816,9.0,11.0,30000.0,10000.0,19000.0,0.0,24.73659741078808,16.5,19.0,0.0,10000.0,36490.38106918102,25000.0,0.0,26.038303764514914,17.0,20.0,0.0,121.0,9.992094700413332,9.0,11.0,1.0,15191.703787935448,10000.0,19000.0,1.0,16.5,17.60954833220733,19.0,1.0,21640.433115196403,10000.0,25000.0,1.0,18.902901041283222,17.0,20.0,1.0,0.0,111.0,1.0,42.0
92.0,24.0,92.0,24.0,-721.0,921.0,13.0,-711.0,15.232808814706335,12.0,17.0,30000.0,15000.0,28000.0,0.0,24.235238055661387,19.5,25.0,1.0,15000.0,34481.24313452465,28000.0,0.0,24.792780719872216,20.0,26.0,1.0,721.0,15.632324376057364,12.0,17.0,1.0,21820.49436517696,15000.0,28000.0,1.0,19.5,22.420117833002493,25.0,1.0,26301.019712192523,15000.0,28000.0,1.0,22.977571192270887,20.0,26.0,1.0,0.0,92122.0,7.0,22.0
11.0,22.0,11.0,21.0,-121.0,11.0,11.0,-111.0,10.006091446634565,9.0,11.0,30000.0,10000.0,19000.0,0.0,25.005253322136316,16.5,19.0,0.0,10000.0,36375.9716628786,25000.0,0.0,26.281723059253448,17.0,20.0,0.0,121.0,10.004669568799514,9.0,11.0,1.0,13365.576635541098,10000.0,19000.0,1.0,16.5,17.186916225364218,19.0,1.0,19862.086194210042,10000.0,25000.0,1.0,18.48751765319258,17.0,20.0,1.0,0.0,111.0,1.0,39.0
11.0,22.0,11.0,22.0,-121.0,21.0,13.0,-111.0,10.178034348377182,9.0,11.0,30000.0,10000.0,19000.0,0.0,25.973664852168092,16.5,19.0,0.0,10000.0,37059.306213447235,25000.0,0.0,27.30201847846657,17.0,20.0,0.0,122.0,10.210636344330961,9.0,11.0,1.0,13207.34963271556,10000.0,19000.0,1.0,16.5,17.24739103134153,19.0,1.0,20118.141082988153,10000.0,25000.0,1.0,18.54779855100334,17.0,20.0,1.0,0.0,211.0,1.0,41.0
91.0,24.0,91.0,21.0,-721.0,911.0,11.0,-711.0,15.104858570342818,12.0,17.0,30000.0,18000.0,36000.0,1.0,24.273219637487333,20.0,25.0,1.0,18000.0,34436.36453620364,36000.0,1.0,24.827363053763577,20.0,26.0,1.0,721.0,14.801051174412287,12.0,17.0,1.0,23203.08477417324,18000.0,36000.0,1.0,20.0,22.74131518821704,25.0,1.0,27748.694999534946,18000.0,36000.0,1.0,23.30910441265658,20.0,26.0,1.0,1.0,91121.0,7.0,2.0
11.0,22.0,11.0,21.0,-121.0,11.0,11.0,-111.0,10.207225129637681,9.0,11.0,30000.0,10000.0,19000.0,0.0,24.393150096644124,16.5,19.0,0.0,10000.0,37032.29428814868,25000.0,0.0,25.71414123290687,17.0,20.0,0.0,122.0,10.222269469143011,9.0,11.0,1.0,14583.900169905655,10000.0,19000.0,1.0,16.5,17.459583110510486,19.0,1.0,21580.23396900028,10000.0,25000.0,1.0,18.773819198513074,17.0,20.0,1.0,0.0,111.0,1.0,26.0
11.0,22.0,11.0,22.0,-121.0,21.0,13.0,-111.0,10.192122382033768,9.0,11.0,30000.0,10000.0,19000.0,0.0,27.586801878343344,16.5,19.0,0.0,10000.0,37025.4027697264,25000.0,0.0,28.907731684011114,17.0,20.0,0.0,122.0,10.17264046301155,9.0,11.0,1.0,13006.6199368086,10000.0,19000.0,1.0,16.5,17.12368205154322,19.0,1.0,20017.009839378832,10000.0,25000.0,1.0,18.441789108915252,17.0,20.0,1.0,0.0,211.0,1.0,13.0
11.0,22.0,11.0,22.0,-121.0,21.0,12.0,-111.0,9.988526091455345,9.0,11.0,30000.0,10000.0,19000.0,0.0,24.351732199729767,16.5,19.0,0.0,10000.0,36593.020944959695,25000.0,0.0,25.66964629704325,17.0,20.0,0.0,121.0,9.992378058388125,9.0,11.0,1.0,14357.286223088038,10000.0,19000.0,1.0,16.5,17.388812938905467,19.0,1.0,20855.971679844,10000.0,25000.0,1.0,18.687869812676272,17.0,20.0,1.0,0.0,211.0,1.0,23.0
81.0,21.0,81.0,21.0,-721.0,912.0,12.0,-711.0,15.188345123622133,12.0,17.0,30000.0,12500.0,23000.0,0.0,27.807868234950597,20.0,24.0,0.0,12500.0,33895.371487953336,26000.0,0.0,28.281762204246924,20.0,25.0,0.0,722.0,15.184810430826001,12.0,17.0,1.0,15484.943845109174,12500.0,23000.0,1.0,20.0,21.52729525014555,24.0,1.0,19450.727092924444,12500.0,26000.0,1.0,22.00975520819784,20.0,25.0,1.0,0.0,912.0,7.0,6.0
81.0,21.0,81.0,21.0,-721.0,912.0,12.0,-711.0,15.364015058405085,12.0,17.0,30000.0,12500.0,23000.0,0.0,28.283744548306466,20.0,24.0,0.0,12500.0,33958.00201326451,26000.0,0.0,28.767788625910697,20.0,25.0,0.0,722.0,15.205689755894955,12.0,17.0,1.0,15712.04838118477,12500.0,23000.0,1.0,20.0,21.66941196618277,24.0,1.0,19609.84445694645,12500.0,26000.0,1.0,22.14609315529246,20.0,25.0,1.0,0.0,912.0,7.0,6.0
11.0,22.0,11.0,22.0,-121.0,21.0,13.0,-111.0,10.207276816324955,9.0,11.0,30000.0,10000.0,19000.0,0.0,25.10833689993257,16.5,19.0,0.0,10000.0,36920.74000095591,25000.0,0.0,26.41801754621987,17.0,20.0,0.0,122.0,10.186425444404806,9.0,11.0,1.0,15672.545669606854,10000.0,19000.0,1.0,16.5,17.713802895714508,19.0,1.0,22716.032865624427,10000.0,25000.0,1.0,19.046712217798916,17.0,20.0,1.0,0.0,211.0,1.0,47.0
11.0,21.0,11.0,21.0,-121.0,11.0,11.0,-111.0,10.008801998945614,9.0,11.0,30000.0,10000.0,19000.0,0.0,24.497519129472437,16.5,19.0,0.0,10000.0,36584.40436668357,25000.0,0.0,25.814414990506258,17.0,20.0,0.0,121.0,9.98508847855573,9.0,11.0,1.0,13606.655936083494,10000.0,19000.0,1.0,16.5,17.175409708150326,19.0,1.0,20146.91386091186,10000.0,25000.0,1.0,18.483476180325123,17.0,20.0,1.0,0.0,111.0,1.0,56.0
91.0,24.0,91.0,21.0,-721.0,911.0,12.0,-711.0,14.76619814588619,12.0,17.0,30000.0,18000.0,36000.0,1.0,24.329035065150755,20.0,25.0,1.0,18000.0,34490.3620549248,36000.0,1.0,24.89098398133071,20.0,26.0,1.0,721.0,15.512870190815743,12.0,17.0,1.0,23634.589206077897,18000.0,36000.0,1.0,20.0,23.41992471806118,25.0,1.0,28100.509696370864,18000.0,36000.0,1.0,23.978814880718232,20.0,26.0,1.0,1.0,91121.0,7.0,14.0
91.0,24.0,91.0,24.0,-721.0,911.0,12.0,-711.0,15.088912017642974,12.0,17.0,30000.0,18000.0,36000.0,1.0,24.023389154875396,20.0,25.0,1.0,18000.0,33938.93161855739,36000.0,1.0,24.50348762869323,20.0,26.0,1.0,722.0,14.967808654078281,12.0,17.0,1.0,28527.937130022932,18000.0,36000.0,1.0,20.0,23.458190498545527,25.0,1.0,32565.515022226366,18000.0,36000.0,1.0,23.95031251834272,20.0,26.0,1.0,1.0,91121.0,7.0,8.0
11.0,22.0,11.0,22.0,-121.0,11.0,12.0,-111.0,10.224511432401584,9.0,11.0,30000.0,10000.0,19000.0,0.0,23.85965018029305,16.5,19.0,0.0,10000.0,37135.827064016055,25000.0,0.0,25.206387708482215,17.0,20.0,0.0,122.0,10.237691250648599,9.0,11.0,1.0,15625.099183718448,10000.0,19000.0,1.0,16.5,17.701028257663847,19.0,1.0,22707.56459125086,10000.0,25000.0,1.0,19.037694893620316,17.0,20.0,1.0,0.0,111.0,1.0,40.0
11.0,22.0,11.0,22.0,-121.0,21.0,13.0,-111.0,10.014384768200541,9.0,11.0,30000.0,10000.0,19000.0,0.0,24.26239795198107,16.5,19.0,0.0,10000.0,36497.82874613938,25000.0,0.0,25.56643669976189,17.0,20.0,0.0,121.0,10.016457528751934,9.0,11.0,1.0,15307.042251244324,10000.0,19000.0,1.0,16.5,17.59052935852879,19.0,1.0,21805.034354538653,10000.0,25000.0,1.0,18.894600890192983,17.0,20.0,1.0,0.0,211.0,1.0,8.0
11.0,22.0,11.0,22.0,-121.0,11.0,11.0,-111.0,9.98886599948448,9.0,11.0,30000.0,10000.0,19000.0,0.0,25.08771823188128,16.5,19.0,0.0,10000.0,36479.185869236346,25000.0,0.0,26.384911255393714,17.0,20.0,0.0,121.0,10.018703058775904,9.0,11.0,1.0,16858.498022781478,10000.0,19000.0,1.0,16.5,17.88982640259231,19.0,1.0,23277.812996196106,10000.0,25000.0,1.0,19.17503271821601,17.0,20.0,1.0,0.0,111.0,1.0,50.0
11.0,22.0,11.0,22.0,-121.0,11.0,11.0,-111.0,10.003525156988317,9.0,11.0,30000.0,10000.0,19000.0,0.0,27.343788936389263,16.5,19.0,0.0,10000.0,36510.511168548925,25000.0,0.0,28.654599645394303,17.0,20.0,0.0,121.0,10.006945543062926,9.0,11.0,1.0,13604.373529962668,10000.0,19000.0,1.0,16.5,17.276537466544465,19.0,1.0,20144.316699433024,10000.0,25000.0,1.0,18.593273944048548,17.0,20.0,1.0,0.0,111.0,1.0,44.0
11.0,22.0,11.0,22.0,-121.0,11.0,12.0,-111.0,10.201161437379904,9.0,11.0,30000.0,10000.0,19000.0,0.0,26.58727503962254,16.5,19.0,0.0,10000.0,36961.63950317998,25000.0,0.0,27.90055939818106,17.0,20.0,0.0,122.0,10.212606053821442,9.0,11.0,1.0,15859.397059501527,10000.0,19000.0,1.0,16.5,17.765687856417138,19.0,1.0,22900.783735523164,10000.0,25000.0,1.0,19.094016187689896,17.0,20.0,1.0,0.0,111.0,1.0,42.0
11.0,22.0,11.0,21.0,-121.0,11.0,11.0,-111.0,10.227224372070793,9.0,11.0,30000.0,10000.0,19000.0,0.0,25.45989245550682,16.5,19.0,0.0,10000.0,36952.98668925587,25000.0,0.0,26.771951006264075,17.0,20.0,0.0,122.0,10.202466955100938,9.0,11.0,1.0,13481.860988658553,10000.0,19000.0,1.0,16.5,17.218275211512776,19.0,1.0,20473.086896764657,10000.0,25000.0,1.0,18.537549667651277,17.0,20.0,1.0,0.0,111.0,1.0,54.0
11.0,22.0,11.0,22.0,-121.0,21.0,13.0,-111.0,9.997080747661089,9.0,11.0,30000.0,10000.0,19000.0,0.0,24.620261882371548,16.5,19.0,0.0,10000.0,36531.803236024236,25000.0,0.0,25.92309426258249,17.0,20.0,0.0,121.0,10.002112387389863,9.0,11.0,1.0,12755.89866147818,10000.0,19000.0,1.0,16.5,17.047108658637526,19.0,1.0,19312.170054771457,10000.0,25000.0,1.0,18.35482145340205,17.0,20.0,1.0,0.0,211.0,1.0,31.0
92.0,24.0,92.0,24.0,-721.0,921.0,13.0,-711.0,15.402544301468456,12.0,17.0,30000.0,15000.0,28000.0,0.0,25.127925952863844,19.5,25.0,0.0,15000.0,33980.52464894489,28000.0,0.0,25.611827154505548,20.0,26.0,1.0,722.0,15.062908565748808,12.0,17.0,1.0,23596.37546729403,15000.0,28000.0,1.0,19.5,21.936271645260454,25.0,1.0,27581.788122746784,15000.0,28000.0,1.0,22.420767068124583,20.0,26.0,1.0,0.0,92122.0,7.0,25.0
91.0,24.0,91.0,21.0,-721.0,911.0,12.0,-711.0,15.59338403933942,12.0,17.0,30000.0,18000.0,36000.0,1.0,25.089457765198887,20.0,25.0,0.0,18000.0,34404.40598385823,36000.0,1.0,25.642816379819603,20.0,26.0,1.0,721.0,14.533757874062836,12.0,17.0,1.0,23788.724239071234,18000.0,36000.0,1.0,20.0,22.457674260159912,25.0,1.0,28332.572036547594,18000.0,36000.0,1.0,23.02855199746975,20.0,26.0,1.0,0.0,91121.0,7.0,29.0
11.0,22.0,11.0,22.0,-121.0,11.0,11.0,-111.0,9.988752189639666,9.0,11.0,30000.0,10000.0,19000.0,0.0,26.233455671588324,16.5,19.0,0.0,10000.0,36532.12107405595,25000.0,0.0,27.541279475718724,17.0,20.0,0.0,121.0,9.974576662813696,9.0,11.0,1.0,16291.806157461604,10000.0,19000.0,1.0,16.5,17.768714009165993,19.0,1.0,22741.00563004619,10000.0,25000.0,1.0,19.05993572600325,17.0,20.0,1.0,0.0,111.0,1.0,30.0
11.0,22.0,11.0,22.0,-121.0,11.0,11.0,-111.0,10.217275473902081,9.0,11.0,30000.0,10000.0,19000.0,0.0,23.70369065407835,16.5,19.0,0.0,10000.0,36936.39047461061,25000.0,0.0,25.0093804759926,17.0,20.0,0.0,122.0,10.19292808046327,9.0,11.0,1.0,15879.808992583292,10000.0,19000.0,1.0,16.5,17.692131966091477,19.0,1.0,22757.170107369264,10000.0,25000.0,1.0,18.986710240205866,17.0,20.0,1.0,0.0,111.0,1.0,55.0
11.0,21.0,11.0,21.0,-121.0,21.0,12.0,-111.0,10.022522338692804,9.0,11.0,30000.0,10000.0,19000.0,0.0,24.02095378784554,16.5,19.0,0.0,10000.0,36526.85504020031,25000.0,0.0,25.32570735112207,17.0,20.0,0.0,121.0,10.002453222153878,9.0,11.0,1.0,15428.702743657439,10000.0,19000.0,1.0,16.5,17.551632325736154,19.0,1.0,21897.726157141336,10000.0,25000.0,1.0,18.844825034579184,17.0,20.0,1.0,0.0,211.0,1.0,6.0
11.0,22.0,11.0,22.0,-121.0,11.0,11.0,-111.0,10.000008143137718,9.0,11.0,30000.0,10000.0,19000.0,0.0,26.454340498396505,16.5,19.0,0.0,10000.0,36471.96775117248,25000.0,0.0,27.75765566744899,17.0,20.0,0.0,121.0,9.989204727143568,9.0,11.0,1.0,16132.365625029164,10000.0,19000.0,1.0,16.5,17.773199710083738,19.0,1.0,22582.465833680006,10000.0,25000.0,1.0,19.07211122618644,17.0,20.0,1.0,0.0,111.0,1.0,30.0
11.0,21.0,11.0,22.0,-121.0,21.0,13.0,-111.0,10.21287982607047,9.0,11.0,30000.0,10000.0,19000.0,0.0,27.17788502166869,16.5,19.0,0.0,10000.0,37027.1829221056,25000.0,0.0,28.49939306468862,17.0,20.0,0.0,122.0,10.201148901775696,9.0,11.0,1.0,16245.602026208331,10000.0,19000.0,1.0,16.5,17.78648621244936,19.0,1.0,23080.265646102373,10000.0,25000.0,1.0,19.07178973238667,17.0,20.0,1.0,0.0,211.0,1.0,9.0
91.0,24.0,91.0,24.0,-721.0,911.0,11.0,-711.0,15.090321378636798,12.0,17.0,30000.0,18000.0,36000.0,1.0,23.880472025529556,20.0,25.0,1.0,18000.0,34453.80666113209,36000.0,1.0,24.437537722814206,20.0,26.0,1.0,721.0,15.276463501870113,12.0,17.0,1.0,23725.075958072593,18000.0,36000.0,1.0,20.0,23.296990399157153,25.0,1.0,28277.4545205059,18000.0,36000.0,1.0,23.86638510600799,20.0,26.0,1.0,1.0,91121.0,7.0,28.0
11.0,22.0,11.0,22.0,-121.0,21.0,13.0,-111.0,9.985403176203304,9.0,11.0,30000.0,10000.0,19000.0,0.0,25.803140679105567,16.5,19.0,0.0,10000.0,36495.64889333812,25000.0,0.0,27.099710095943095,17.0,20.0,0.0,121.0,10.010175866991693,9.0,11.0,1.0,14112.352007126654,10000.0,19000.0,1.0,16.5,17.403762318054444,19.0,1.0,20552.22808955658,10000.0,25000.0,1.0,18.689199156437986,17.0,20.0,1.0,0.0,211.0,1.0,41.0
11.0,22.0,11.0,22.0,-121.0,11.0,11.0,-111.0,9.999724860925978,9.0,11.0,30000.0,10000.0,19000.0,0.0,23.820240191791378,16.5,19.0,0.0,10000.0,36466.9565910306,25000.0,0.0,25.11618015050544,17.0,20.0,0.0,121.0,10.003679676936413,9.0,11.0,1.0,17380.655016949386,10000.0,19000.0,1.0,16.5,17.988817419744244,19.0,1.0,23897.094746259132,10000.0,25000.0,1.0,19.294673507517757,17.0,20.0,1.0,0.0,111.0,1.0,11.0
11.0,21.0,11.0,22.0,-121.0,11.0,11.0,-111.0,9.991891811912996,9.0,11.0,30000.0,10000.0,19000.0,0.0,23.969784431390693,16.5,19.0,0.0,10000.0,36439.09886226452,25000.0,0.0,25.258559696036496,17.0,20.0,0.0,121.0,9.999118563985613,9.0,11.0,1.0,15803.099291235912,10000.0,19000.0,1.0,16.5,17.700601249121192,19.0,1.0,22397.150996251163,10000.0,25000.0,1.0,19.020390075632616,17.0,20.0,1.0,0.0,111.0,1.0,29.0
91.0,24.0,91.0,21.0,-721.0,911.0,11.0,-711.0,14.64215639413092,12.0,17.0,30000.0,18000.0,36000.0,1.0,23.446001756038918,20.0,25.0,1.0,18000.0,34462.31298497989,36000.0,1.0,24.001721107264803,20.0,26.0,1.0,721.0,14.38617261920609,12.0,17.0,1.0,21742.019950813406,18000.0,36000.0,1.0,20.0,22.040066213422314,25.0,1.0,26209.15639535414,18000.0,36000.0,1.0,22.596386259809396,20.0,26.0,1.0,1.0,91121.0,7.0,3.0
11.0,22.0,11.0,21.0,-121.0,11.0,12.0,-111.0,9.996389305538376,9.0,11.0,30000.0,10000.0,19000.0,0.0,24.772186375295185,16.5,19.0,0.0,10000.0,36539.3469597141,25000.0,0.0,26.08522795662208,17.0,20.0,0.0,121.0,9.993902903512472,9.0,11.0,1.0,12380.676719179915,10000.0,19000.0,1.0,16.5,16.92455330209684,19.0,1.0,18843.764384159847,10000.0,25000.0,1.0,18.222282708436616,17.0,20.0,1.0,0.0,111.0,1.0,46.0
92.0,24.0,92.0,24.0,-721.0,921.0,13.0,-711.0,15.140074740536425,12.0,17.0,30000.0,15000.0,28000.0,0.0,24.634531079445903,19.5,25.0,1.0,15000.0,34470.97844233859,28000.0,0.0,25.194176808283746,20.0,26.0,1.0,721.0,15.090851117268427,12.0,17.0,1.0,21297.350006442102,15000.0,28000.0,1.0,19.5,21.81538595428034,25.0,1.0,25775.374223389088,15000.0,28000.0,1.0,22.375913623775425,20.0,26.0,1.0,0.0,92122.0,7.0,22.0
11.0,22.0,11.0,22.0,-121.0,11.0,11.0,-111.0,9.993408731491629,9.0,11.0,30000.0,10000.0,19000.0,0.0,25.897960681955254,16.5,19.0,0.0,10000.0,36490.30919292649,25000.0,0.0,27.195021184746672,17.0,20.0,0.0,121.0,9.99815521173291,9.0,11.0,1.0,13816.074504902444,10000.0,19000.0,1.0,16.5,17.28497754894333,19.0,1.0,20293.278732707597,10000.0,25000.0,1.0,18.579419080566492,17.0,20.0,1.0,0.0,111.0,1.0,50.0
11.0,21.0,11.0,22.0,-121.0,21.0,13.0,-111.0,9.976146759828433,9.0,11.0,30000.0,10000.0,19000.0,0.0,28.543429578460334,16.5,19.0,0.0,10000.0,36502.739379593164,25000.0,0.0,29.846330986125473,17.0,20.0,0.0,121.0,9.996397704626148,9.0,11.0,1.0,12950.598411442426,10000.0,19000.0,1.0,16.5,17.106852036963524,19.0,1.0,19535.43606577612,10000.0,25000.0,1.0,18.42620281334579,17.0,20.0,1.0,0.0,211.0,1.0,59.0
91.0,24.0,91.0,24.0,-721.0,911.0,11.0,-711.0,14.922356104792243,12.0,17.0,30000.0,18000.0,36000.0,1.0,24.17578615523611,20.0,25.0,1.0,18000.0,34492.76081684745,36000.0,1.0,24.737932006624465,20.0,26.0,1.0,721.0,14.963211417555238,12.0,17.0,1.0,25687.982594060162,18000.0,36000.0,1.0,20.0,23.132811967740786,25.0,1.0,30267.67372824579,18000.0,36000.0,1.0,23.705834765230584,20.0,26.0,1.0,1.0,91121.0,7.0,4.0
11.0,22.0,11.0,22.0,-121.0,11.0,12.0,-111.0,10.181248192687256,9.0,11.0,30000.0,10000.0,19000.0,0.0,24.407070369087087,16.5,19.0,0.0,10000.0,36833.23221483556,25000.0,0.0,25.697584488158217,17.0,20.0,0.0,122.0,10.199211332385167,9.0,11.0,1.0,16878.679775180088,10000.0,19000.0,1.0,16.5,17.892871175117843,19.0,1.0,24063.468736305447,10000.0,25000.0,1.0,19.24977978079177,17.0,20.0,1.0,0.0,111.0,1.0,42.0
11.0,22.0,11.0,21.0,-121.0,11.0,11.0,-111.0,9.999176865153151,9.0,11.0,30000.0,10000.0,19000.0,0.0,24.115736940998445,16.5,19.0,0.0,10000.0,36531.95420566425,25000.0,0.0,25.415449050663245,17.0,20.0,0.0,121.0,10.011329744834251,9.0,11.0,1.0,13525.138523878402,10000.0,19000.0,1.0,16.5,17.17462097384036,19.0,1.0,20085.625748591985,10000.0,25000.0,1.0,18.480010513140467,17.0,20.0,1.0,0.0,111.0,1.0,12.0
11.0,22.0,11.0,21.0,-121.0,11.0,11.0,-111.0,10.199193242803371,9.0,11.0,30000.0,10000.0,19000.0,0.0,24.370998465242458,16.5,19.0,0.0,10000.0,37173.86551862442,25000.0,0.0,25.726466540321667,17.0,20.0,0.0,122.0,10.183139125572037,9.0,11.0,1.0,16858.79522612227,10000.0,19000.0,1.0,16.5,17.85072338872713,19.0,1.0,23822.336337185523,10000.0,25000.0,1.0,19.166451658380797,17.0,20.0,1.0,0.0,111.0,1.0,39.0
11.0,22.0,11.0,22.0,-121.0,11.0,11.0,-111.0,10.19676013296099,9.0,11.0,30000.0,10000.0,19000.0,0.0,23.25872023959506,16.5,19.0,0.0,10000.0,37047.32837238093,25000.0,0.0,24.589857385031483,17.0,20.0,0.0,122.0,10.190444212018189,9.0,11.0,1.0,12772.250183151296,10000.0,19000.0,1.0,16.5,17.12965164501224,19.0,1.0,19719.976738147212,10000.0,25000.0,1.0,18.441975465473796,17.0,20.0,1.0,0.0,111.0,1.0,30.0
11.0,22.0,11.0,22.0,-121.0,11.0,12.0,-111.0,10.01445311741346,9.0,11.0,30000.0,10000.0,19000.0,0.0,26.107497392065525,16.5,19.0,0.0,10000.0,36449.863154751954,25000.0,0.0,27.38986798587683,17.0,20.0,0.0,121.0,9.995524392330827,9.0,11.0,1.0,18007.59028133183,10000.0,19000.0,1.0,16.5,18.089393608615467,19.0,1.0,24439.341663674008,10000.0,25000.0,1.0,19.368163195121213,17.0,20.0,1.0,0.0,111.0,1.0,14.0
11.0,21.0,11.0,22.0,-121.0,11.0,12.0,-111.0,10.209227705367278,9.0,11.0,30000.0,10000.0,19000.0,0.0,24.024924965333412,16.5,19.0,0.0,10000.0,37057.62734795134,25000.0,0.0,25.356082440951187,17.0,20.0,0.0,122.0,10.199093410534704,9.0,11.0,1.0,17620.87141862515,10000.0,19000.0,1.0,16.5,18.064608092192806,19.0,1.0,24812.5613164117,10000.0,25000.0,1.0,19.421051454499587,17.0,20.0,1.0,0.0,111.0,1.0,51.0
11.0,22.0,11.0,22.0,-121.0,21.0,13.0,-111.0,10.207116557638283,9.0,11.0,30000.0,10000.0,19000.0,0.0,24.27546389947316,16.5,19.0,0.0,10000.0,36757.44977527815,25000.0,0.0,25.54852672384012,17.0,20.0,0.0,122.0,10.191600948052303,9.0,11.0,1.0,14061.504906193963,10000.0,19000.0,1.0,16.5,17.367575606562344,19.0,1.0,21135.819560294294,10000.0,25000.0,1.0,18.700333865004424,17.0,20.0,1.0,0.0,211.0,1.0,21.0
91.0,24.0,91.0,24.0,-721.0,911.0,11.0,-711.0,15.111180597913968,12.0,17.0,30000.0,18000.0,36000.0,1.0,24.6775565684749,20.0,25.0,1.0,18000.0,34514.5827573469,36000.0,1.0,25.243016202191555,20.0,26.0,1.0,721.0,13.870998998888282,12.0,17.0,1.0,27636.767496195764,18000.0,36000.0,1.0,20.0,22.401638602547997,25.0,1.0,32174.4689112352,18000.0,36000.0,1.0,22.969993889841845,20.0,26.0,1.0,1.0,91121.0,7.0,4.0
81.0,23.0,81.0,21.0,-721.0,912.0,11.0,-711.0,15.24275932643081,12.0,17.0,30000.0,12500.0,23000.0,0.0,27.10221800669119,20.0,24.0,0.0,12500.0,33965.312784202244,26000.0,0.0,27.586418314407425,20.0,25.0,0.0,722.0,15.182281138998816,12.0,17.0,1.0,15960.169471115198,12500.0,23000.0,1.0,20.0,21.590231618282242,24.0,1.0,20014.023192332304,12500.0,26000.0,1.0,22.085243569689965,20.0,25.0,1.0,0.0,912.0,7.0,12.0
91.0,24.0,91.0,21.0,-721.0,911.0,12.0,-711.0,15.176673220814719,12.0,17.0,30000.0,18000.0,36000.0,1.0,25.48204555995843,20.0,25.0,0.0,18000.0,34030.51921355179,36000.0,1.0,25.974379500124066,20.0,26.0,1.0,722.0,15.0539701949264,12.0,17.0,1.0,24446.735528132114,18000.0,36000.0,1.0,20.0,23.023990932987253,25.0,1.0,28434.999748479913,18000.0,36000.0,1.0,23.511163362639344,20.0,26.0,1.0,0.0,91121.0,7.0,14.0
91.0,24.0,91.0,24.0,-721.0,911.0,12.0,-711.0,15.443833973852254,12.0,17.0,30000.0,18000.0,36000.0,1.0,24.845322010346283,20.0,25.0,1.0,18000.0,34059.062982704345,36000.0,1.0,25.340427025085727,20.0,26.0,1.0,722.0,15.347100135468631,12.0,17.0,1.0,26357.55644926238,18000.0,36000.0,1.0,20.0,23.615318183650935,25.0,1.0,30376.543581562593,18000.0,36000.0,1.0,24.105534938565494,20.0,26.0,1.0,1.0,91121.0,7.0,1.0
11.0,21.0,11.0,22.0,-121.0,21.0,13.0,-111.0,9.983688130462237,9.0,11.0,30000.0,10000.0,19000.0,0.0,26.29116184048032,16.5,19.0,0.0,10000.0,36469.99278041345,25000.0,0.0,27.590423695491715,17.0,20.0,0.0,121.0,9.991898678325121,9.0,11.0,1.0,14279.204869691523,10000.0,19000.0,1.0,16.5,17.411631887333513,19.0,1.0,20840.46988281343,10000.0,25000.0,1.0,18.729222438280832,17.0,20.0,1.0,0.0,211.0,1.0,52.0
81.0,23.0,81.0,23.0,-721.0,912.0,12.0,-711.0,15.914921503046694,12.0,17.0,30000.0,12500.0,23000.0,0.0,27.188556640824814,20.0,24.0,0.0,12500.0,34486.598115944675,26000.0,0.0,27.749207452057746,20.0,25.0,0.0,721.0,14.70523619232191,12.0,17.0,1.0,15835.451495318403,12500.0,23000.0,1.0,20.0,21.13606932947444,24.0,1.0,20348.599862788767,12500.0,26000.0,1.0,21.700037892748373,20.0,25.0,1.0,0.0,912.0,7.0,5.0
11.0,22.0,11.0,21.0,-121.0,11.0,12.0,-111.0,10.180179176597493,9.0,11.0,30000.0,10000.0,19000.0,0.0,24.14206982095066,16.5,19.0,0.0,10000.0,36837.883145706975,25000.0,0.0,25.426287520129122,17.0,20.0,0.0,122.0,10.208332042710955,9.0,11.0,1.0,13563.620513667522,10000.0,19000.0,1.0,16.5,17.213721629426992,19.0,1.0,20646.339089708777,10000.0,25000.0,1.0,18.543921686934972,17.0,20.0,1.0,0.0,111.0,1.0,10.0
11.0,22.0,11.0,22.0,-121.0,11.0,11.0,-111.0,10.017431197702193,9.0,11.0,30000.0,10000.0,19000.0,0.0,23.92797692530948,16.5,19.0,0.0,10000.0,36464.7294261493,25000.0,0.0,25.220361789082773,17.0,20.0,0.0,121.0,9.992327241652529,9.0,11.0,1.0,17225.976090261047,10000.0,19000.0,1.0,16.5,17.989287734572514,19.0,1.0,23689.032633408697,10000.0,25000.0,1.0,19.28133816692143,17.0,20.0,1.0,0.0,111.0,1.0,55.0
11.0,22.0,11.0,21.0,-121.0,11.0,12.0,-111.0,9.993319783445594,9.0,11.0,30000.0,10000.0,19000.0,0.0,25.343205302977324,16.5,19.0,0.0,10000.0,36462.10332093862,25000.0,0.0,26.637407326003697,17.0,20.0,0.0,121.0,10.003968382683693,9.0,11.0,1.0,12924.883598985594,10000.0,19000.0,1.0,16.5,17.087379646697034,19.0,1.0,19488.59039963121,10000.0,25000.0,1.0,18.401930373922742,17.0,20.0,1.0,0.0,111.0,1.0,45.0
11.0,22.0,11.0,22.0,-121.0,21.0,13.0,-111.0,10.17329852328172,9.0,11.0,30000.0,10000.0,19000.0,0.0,25.61231567376913,16.5,19.0,0.0,10000.0,37084.91113101729,25000.0,0.0,26.94653770372532,17.0,20.0,0.0,122.0,10.208456997462493,9.0,11.0,1.0,16255.44286182105,10000.0,19000.0,1.0,16.5,17.838089551809375,19.0,1.0,23202.144211901505,10000.0,25000.0,1.0,19.146284080351464,17.0,20.0,1.0,0.0,211.0,1.0,22.0
91.0,24.0,91.0,21.0,-721.0,911.0,11.0,-711.0,14.888913514248385,12.0,17.0,30000.0,18000.0,36000.0,1.0,24.235541602894173,20.0,25.0,1.0,18000.0,33904.70239605049,36000.0,1.0,24.710734205712292,20.0,26.0,1.0,722.0,15.016835140874218,12.0,17.0,1.0,26405.52734119218,18000.0,36000.0,1.0,20.0,23.235249146891416,25.0,1.0,30418.306365070348,18000.0,36000.0,1.0,23.723594407421217,20.0,26.0,1.0,1.0,91121.0,7.0,15.0
91.0,24.0,91.0,24.0,-721.0,911.0,11.0,-711.0,15.368304532528821,12.0,17.0,30000.0,18000.0,36000.0,1.0,24.754855733225835,20.0,25.0,1.0,18000.0,34414.07138371337,36000.0,1.0,25.306961296890364,20.0,26.0,1.0,721.0,15.14851268057573,12.0,17.0,1.0,22303.44511531482,18000.0,36000.0,1.0,20.0,22.94601844539341,25.0,1.0,26770.43687590997,18000.0,36000.0,1.0,23.504743212049412,20.0,26.0,1.0,1.0,91121.0,7.0,16.0
81.0,23.0,81.0,23.0,-721.0,912.0,12.0,-711.0,15.179910023655017,12.0,17.0,30000.0,12500.0,23000.0,0.0,26.735515830036096,20.0,24.0,0.0,12500.0,34527.69197129928,26000.0,0.0,27.300974551073868,20.0,25.0,0.0,721.0,14.900627324710907,12.0,17.0,1.0,15778.617035532452,12500.0,23000.0,1.0,20.0,21.42990999778484,24.0,1.0,20266.110208413862,12500.0,26000.0,1.0,21.990348332876593,20.0,25.0,1.0,0.0,912.0,7.0,10.0
11.0,22.0,11.0,22.0,-121.0,21.0,13.0,-111.0,10.004822284453509,9.0,11.0,30000.0,10000.0,19000.0,0.0,25.443045999107138,16.5,19.0,0.0,10000.0,36451.57914499321,25000.0,0.0,26.733331851335933,17.0,20.0,0.0,121.0,10.016814280924583,9.0,11.0,1.0,15517.467130959983,10000.0,19000.0,1.0,16.5,17.661937962653717,19.0,1.0,21988.856490789345,10000.0,25000.0,1.0,18.95618576580309,17.0,20.0,1.0,0.0,211.0,1.0,4.0
92.0,24.0,92.0,24.0,-721.0,921.0,13.0,-711.0,15.71991835982091,12.0,17.0,30000.0,15000.0,28000.0,0.0,24.846209702777205,19.5,25.0,1.0,15000.0,34491.19913997508,28000.0,0.0,25.40675184459519,20.0,26.0,1.0,721.0,15.103183260829718,12.0,17.0,1.0,20375.94374993787,15000.0,28000.0,1.0,19.5,21.669797588450443,25.0,1.0,24915.042673407857,15000.0,28000.0,1.0,22.236318055075685,20.0,26.0,1.0,0.0,92122.0,7.0,22.0
11.0,22.0,11.0,21.0,-121.0,11.0,11.0,-111.0,10.19871056549084,9.0,11.0,30000.0,10000.0,19000.0,0.0,24.09356020915516,16.5,19.0,0.0,10000.0,36878.12244408873,25000.0,0.0,25.393432929376036,17.0,20.0,0.0,122.0,10.201007771631366,9.0,11.0,1.0,13358.58942555422,10000.0,19000.0,1.0,16.5,17.178559569864206,19.0,1.0,20445.58869410341,10000.0,25000.0,1.0,18.51790720321866,17.0,20.0,1.0,0.0,111.0,1.0,54.0
11.0,22.0,11.0,21.0,-121.0,21.0,13.0,-111.0,9.994296978848018,9.0,11.0,30000.0,10000.0,19000.0,0.0,26.189968496059784,16.5,19.0,0.0,10000.0,36492.07059907405,25000.0,0.0,27.4896747023571,17.0,20.0,0.0,121.0,9.998382320940465,9.0,11.0,1.0,11246.028247844877,10000.0,19000.0,1.0,16.5,16.733246897095697,19.0,1.0,17703.93100854382,10000.0,25000.0,1.0,18.026112735452738,17.0,20.0,1.0,0.0,211.0,1.0,58.0
11.0,22.0,11.0,22.0,-121.0,11.0,12.0,-111.0,10.012047588473651,9.0,11.0,30000.0,10000.0,19000.0,0.0,23.38752247350999,16.5,19.0,0.0,10000.0,36467.84788835195,25000.0,0.0,24.68127539121352,17.0,20.0,0.0,121.0,10.005360677751602,9.0,11.0,1.0,15597.857195109784,10000.0,19000.0,1.0,16.5,17.61816595304161,19.0,1.0,22116.0635484786,10000.0,25000.0,1.0,18.92199199122838,17.0,20.0,1.0,0.0,111.0,1.0,14.0
11.0,22.0,11.0,21.0,-121.0,21.0,12.0,-111.0,10.200503932064567,9.0,11.0,30000.0,10000.0,19000.0,0.0,24.444955464332025,16.5,19.0,0.0,10000.0,37035.473922802455,25000.0,0.0,25.777289238882858,17.0,20.0,0.0,122.0,10.198133794991191,9.0,11.0,1.0,13790.283110182134,10000.0,19000.0,1.0,16.5,17.283458234303026,19.0,1.0,20729.754583962665,10000.0,25000.0,1.0,18.597611669238507,17.0,20.0,1.0,0.0,211.0,1.0,53.0
11.0,22.0,11.0,22.0,-121.0,21.0,13.0,-111.0,10.00784765611179,9.0,11.0,30000.0,10000.0,19000.0,0.0,26.41068886856641,16.5,19.0,0.0,10000.0,36488.04636848316,25000.0,0.0,27.707580480945865,17.0,20.0,0.0,121.0,9.989763282713097,9.0,11.0,1.0,14225.109131067193,10000.0,19000.0,1.0,16.5,17.372217509895943,19.0,1.0,20718.792047452764,10000.0,25000.0,1.0,18.67023580838124,17.0,20.0,1.0,0.0,211.0,1.0,22.0
11.0,22.0,11.0,22.0,-121.0,21.0,13.0,-111.0,10.188497266644866,9.0,11.0,30000.0,10000.0,19000.0,0.0,24.932686007987986,16.5,19.0,0.0,10000.0,37058.79989771328,25000.0,0.0,26.271322553806158,17.0,20.0,0.0,122.0,10.199881495746933,9.0,11.0,1.0,15922.364023088836,10000.0,19000.0,1.0,16.5,17.713402289870103,19.0,1.0,22769.115609420554,10000.0,25000.0,1.0,19.01182582169048,17.0,20.0,1.0,0.0,211.0,1.0,47.0
11.0,22.0,11.0,21.0,-121.0,21.0,13.0,-111.0,10.187091681271998,9.0,11.0,30000.0,10000.0,19000.0,0.0,24.66674934464624,16.5,19.0,0.0,10000.0,36921.34559108401,25000.0,0.0,25.970155022650413,17.0,20.0,0.0,122.0,10.181857808764297,9.0,11.0,1.0,13568.317055284606,10000.0,19000.0,1.0,16.5,17.237239280331114,19.0,1.0,20511.764457338322,10000.0,25000.0,1.0,18.54480710072985,17.0,20.0,1.0,0.0,211.0,1.0,20.0
11.0,22.0,11.0,22.0,-121.0,21.0,13.0,-111.0,10.220041665054302,9.0,11.0,30000.0,10000.0,19000.0,0.0,26.165164589025807,16.5,19.0,0.0,10000.0,37015.171720756305,25000.0,0.0,27.492505230139223,17.0,20.0,0.0,122.0,10.227862136865262,9.0,11.0,1.0,15002.606126309023,10000.0,19000.0,1.0,16.5,17.602479052252235,19.0,1.0,22179.845605017752,10000.0,25000.0,1.0,18.960484533843882,17.0,20.0,1.0,0.0,211.0,1.0,16.0
11.0,22.0,11.0,21.0,-121.0,11.0,12.0,-111.0,9.993549528149078,9.0,11.0,30000.0,10000.0,19000.0,0.0,23.675552312880882,16.5,19.0,0.0,10000.0,36457.003018916075,25000.0,0.0,24.968956005505554,17.0,20.0,0.0,121.0,9.985726733777925,9.0,11.0,1.0,13952.480224406581,10000.0,19000.0,1.0,16.5,17.259186513392102,19.0,1.0,20473.372165220597,10000.0,25000.0,1.0,18.565387809991638,17.0,20.0,1.0,0.0,111.0,1.0,46.0
81.0,23.0,81.0,21.0,-721.0,912.0,12.0,-711.0,15.1307954319877,12.0,17.0,30000.0,12500.0,23000.0,0.0,26.408980494359415,20.0,24.0,0.0,12500.0,34490.65310878707,26000.0,0.0,26.974629961748864,20.0,25.0,0.0,721.0,14.516759900169026,12.0,17.0,1.0,15604.041929398012,12500.0,23000.0,1.0,20.0,20.859808026329667,24.0,1.0,20123.58804796569,12500.0,26000.0,1.0,21.42909690099413,20.0,25.0,1.0,0.0,912.0,7.0,30.0
11.0,22.0,11.0,22.0,-121.0,21.0,13.0,-111.0,10.197773514425355,9.0,11.0,30000.0,10000.0,19000.0,0.0,26.548685533262578,16.5,19.0,0.0,10000.0,36977.006098344245,25000.0,0.0,27.8591269487906,17.0,20.0,0.0,122.0,10.187329625480617,9.0,11.0,1.0,12533.520829848796,10000.0,19000.0,1.0,16.5,17.113343379126007,19.0,1.0,19738.884872554336,10000.0,25000.0,1.0,18.466675642624892,17.0,20.0,1.0,0.0,211.0,1.0,5.0
81.0,23.0,81.0,23.0,-721.0,912.0,11.0,-711.0,14.589114309959276,12.0,17.0,30000.0,12500.0,23000.0,0.0,25.520738845478515,20.0,24.0,0.0,12500.0,34464.84121561634,26000.0,0.0,26.07689266555844,20.0,25.0,0.0,721.0,14.435010875929235,12.0,17.0,1.0,16504.70067308435,12500.0,23000.0,1.0,20.0,21.043153517854734,24.0,1.0,20923.440283065094,12500.0,26000.0,1.0,21.59356478565836,20.0,25.0,1.0,0.0,912.0,7.0,17.0
11.0,22.0,11.0,22.0,-121.0,21.0,12.0,-111.0,10.010070070525018,9.0,11.0,30000.0,10000.0,19000.0,0.0,23.911293873988257,16.5,19.0,0.0,10000.0,36558.053538213,25000.0,0.0,25.2208203429362,17.0,20.0,0.0,121.0,9.980650123969008,9.0,11.0,1.0,14435.611250358113,10000.0,19000.0,1.0,16.5,17.35639707904925,19.0,1.0,20861.057800890405,10000.0,25000.0,1.0,18.639444294767024,17.0,20.0,1.0,0.0,211.0,1.0,48.0
11.0,21.0,11.0,22.0,-121.0,21.0,12.0,-111.0,10.193256353316064,9.0,11.0,30000.0,10000.0,19000.0,0.0,25.72717576849393,16.5,19.0,0.0,10000.0,37124.01819266665,25000.0,0.0,27.06922025954001,17.0,20.0,0.0,122.0,10.193253052061015,9.0,11.0,1.0,14995.886481932048,10000.0,19000.0,1.0,16.5,17.581762117935163,19.0,1.0,22068.89876342871,10000.0,25000.0,1.0,18.91419795832298,17.0,20.0,1.0,0.0,211.0,1.0,37.0
11.0,22.0,11.0,22.0,-121.0,11.0,12.0,-111.0,10.206716200094613,9.0,11.0,30000.0,10000.0,19000.0,0.0,24.427733762304968,16.5,19.0,0.0,10000.0,36978.68788656102,25000.0,0.0,25.751022542369924,17.0,20.0,0.0,122.0,10.19452500563339,9.0,11.0,1.0,15367.065701165666,10000.0,19000.0,1.0,16.5,17.64873825441456,19.0,1.0,22156.438814121844,10000.0,25000.0,1.0,18.936129438844922,17.0,20.0,1.0,0.0,111.0,1.0,40.0
11.0,22.0,11.0,22.0,-121.0,21.0,13.0,-111.0,10.190934485719088,9.0,11.0,30000.0,10000.0,19000.0,0.0,25.802858516095085,16.5,19.0,0.0,10000.0,37236.81816309061,25000.0,0.0,27.166862380903076,17.0,20.0,0.0,122.0,10.192468111700702,9.0,11.0,1.0,14101.948715665741,10000.0,19000.0,1.0,16.5,17.36917694415636,19.0,1.0,21215.03916125313,10000.0,25000.0,1.0,18.709860465540633,17.0,20.0,1.0,0.0,211.0,1.0,16.0
81.0,23.0,81.0,21.0,-721.0,912.0,11.0,-711.0,15.202085599569367,12.0,17.0,30000.0,12500.0,23000.0,0.0,26.022244207091788,20.0,24.0,0.0,12500.0,34499.85949413783,26000.0,0.0,26.585645652610925,20.0,25.0,0.0,721.0,14.281495002810528,12.0,17.0,1.0,13420.331351768296,12500.0,23000.0,1.0,20.0,20.363090049364867,24.0,1.0,17933.045879532943,12500.0,26000.0,1.0,20.928100999477866,20.0,25.0,1.0,0.0,912.0,7.0,12.0
91.0,24.0,91.0,24.0,-721.0,911.0,11.0,-711.0,15.356645321637552,12.0,17.0,30000.0,18000.0,36000.0,1.0,24.58363213767975,20.0,25.0,1.0,18000.0,34028.755191719996,36000.0,1.0,25.075544022449655,20.0,26.0,1.0,722.0,15.090789443073792,12.0,17.0,1.0,25682.645993134316,18000.0,36000.0,1.0,20.0,23.21123746689983,25.0,1.0,29687.038029338215,18000.0,36000.0,1.0,23.700174605084616,20.0,26.0,1.0,1.0,91121.0,7.0,4.0
11.0,22.0,11.0,22.0,-121.0,21.0,13.0,-111.0,9.999340339404892,9.0,11.0,30000.0,10000.0,19000.0,0.0,24.8596840310268,16.5,19.0,0.0,10000.0,36496.59296798684,25000.0,0.0,26.16619562789782,17.0,20.0,0.0,121.0,9.99010279675261,9.0,11.0,1.0,15239.47948038624,10000.0,19000.0,1.0,16.5,17.589451408478496,19.0,1.0,21626.81944369398,10000.0,25000.0,1.0,18.873991439898266,17.0,20.0,1.0,0.0,211.0,1.0,5.0
91.0,24.0,91.0,24.0,-721.0,911.0,12.0,-711.0,15.05274755674398,12.0,17.0,30000.0,18000.0,36000.0,1.0,24.254964585117666,20.0,25.0,1.0,18000.0,34063.26224399177,36000.0,1.0,24.75195881527776,20.0,26.0,1.0,722.0,15.085507982474073,12.0,17.0,1.0,27356.274784342455,18000.0,36000.0,1.0,20.0,23.4787803077445,25.0,1.0,31371.210957340067,18000.0,36000.0,1.0,23.96986357843209,20.0,26.0,1.0,1.0,91121.0,7.0,1.0
91.0,24.0,91.0,24.0,-721.0,911.0,12.0,-711.0,15.112511597914777,12.0,17.0,30000.0,18000.0,36000.0,1.0,24.99262978659583,20.0,25.0,1.0,18000.0,34525.53506914464,36000.0,1.0,25.55941686603675,20.0,26.0,1.0,721.0,14.71603320065325,12.0,17.0,1.0,28219.8575940479,18000.0,36000.0,1.0,20.0,23.224956157358008,25.0,1.0,32761.269338479262,18000.0,36000.0,1.0,23.79373166342241,20.0,26.0,1.0,1.0,91121.0,7.0,23.0
11.0,21.0,11.0,22.0,-121.0,11.0,12.0,-111.0,10.018750285129148,9.0,11.0,30000.0,10000.0,19000.0,0.0,25.128827171340554,16.5,19.0,0.0,10000.0,36539.4114794977,25000.0,0.0,26.43720444531588,17.0,20.0,0.0,121.0,9.989537978882323,9.0,11.0,1.0,17328.286312101958,10000.0,19000.0,1.0,16.5,18.005453776032113,19.0,1.0,23794.267491672355,10000.0,25000.0,1.0,19.299139431970055,17.0,20.0,1.0,0.0,111.0,1.0,7.0
11.0,21.0,11.0,22.0,-121.0,21.0,13.0,-111.0,10.19963425373528,9.0,11.0,30000.0,10000.0,19000.0,0.0,27.40593072568669,16.5,19.0,0.0,10000.0,37146.49026270401,25000.0,0.0,28.749144974608786,17.0,20.0,0.0,122.0,10.19251459599681,9.0,11.0,1.0,12137.89318698991,10000.0,19000.0,1.0,16.5,17.011955103152914,19.0,1.0,19097.96433883007,10000.0,25000.0,1.0,18.320131061000787,17.0,20.0,1.0,0.0,211.0,1.0,9.0
11.0,22.0,11.0,22.0,-121.0,21.0,13.0,-111.0,9.994705080404543,9.0,11.0,30000.0,10000.0,19000.0,0.0,24.572503391206997,16.5,19.0,0.0,10000.0,36418.4498954853,25000.0,0.0,25.859334985783697,17.0,20.0,0.0,121.0,10.014558517386527,9.0,11.0,1.0,14957.22105146342,10000.0,19000.0,1.0,16.5,17.57453764535882,19.0,1.0,21441.117084493733,10000.0,25000.0,1.0,18.874490501129003,17.0,20.0,1.0,0.0,211.0,1.0,36.0
11.0,22.0,11.0,22.0,-121.0,11.0,11.0,-111.0,9.999732706967135,9.0,11.0,30000.0,10000.0,19000.0,0.0,23.805704090431306,16.5,19.0,0.0,10000.0,36507.97882060166,25000.0,0.0,25.108937000818372,17.0,20.0,0.0,121.0,9.991146343467115,9.0,11.0,1.0,16418.225574673455,10000.0,19000.0,1.0,16.5,17.8318688088314,19.0,1.0,22885.16905847391,10000.0,25000.0,1.0,19.12688432901448,17.0,20.0,1.0,0.0,111.0,1.0,55.0
91.0,24.0,91.0,24.0,-721.0,911.0,11.0,-711.0,14.884184772620568,12.0,17.0,30000.0,18000.0,36000.0,1.0,24.15079199747419,20.0,25.0,1.0,18000.0,33985.08977057246,36000.0,1.0,24.635314540927496,20.0,26.0,1.0,722.0,15.309584078916918,12.0,17.0,1.0,26717.730962300724,18000.0,36000.0,1.0,20.0,23.539507939992376,25.0,1.0,30678.379064943867,18000.0,36000.0,1.0,24.021058771440895,20.0,26.0,1.0,1.0,91121.0,7.0,28.0
11.0,21.0,11.0,22.0,-121.0,11.0,12.0,-111.0,10.192387004929211,9.0,11.0,30000.0,10000.0,19000.0,0.0,24.66486398830601,16.5,19.0,0.0,10000.0,37064.517970193185,25000.0,0.0,25.994210553896462,17.0,20.0,0.0,122.0,10.19536719329885,9.0,11.0,1.0,14559.663444295215,10000.0,19000.0,1.0,16.5,17.44754112010117,19.0,1.0,21604.329619980446,10000.0,25000.0,1.0,18.773152127942137,17.0,20.0,1.0,0.0,111.0,1.0,7.0
81.0,23.0,81.0,23.0,-721.0,912.0,12.0,-711.0,14.466393971507964,12.0,17.0,30000.0,12500.0,23000.0,0.0,25.271715917842645,20.0,24.0,0.0,12500.0,34516.41418281807,26000.0,0.0,25.837769674120644,20.0,25.0,0.0,721.0,15.454730128854587,12.0,17.0,1.0,18820.413231575105,12500.0,23000.0,1.0,20.0,22.36096976826753,24.0,1.0,23336.515508172673,12500.0,26000.0,1.0,22.926984432540106,20.0,25.0,1.0,0.0,912.0,7.0,31.0
11.0,22.0,11.0,22.0,-121.0,21.0,13.0,-111.0,10.010324035860595,9.0,11.0,30000.0,10000.0,19000.0,0.0,27.183838161005514,16.5,19.0,0.0,10000.0,36540.915739837306,25000.0,0.0,28.49883939391928,17.0,20.0,0.0,121.0,9.996056342897154,9.0,11.0,1.0,15490.314409687238,10000.0,19000.0,1.0,16.5,17.68752047338428,19.0,1.0,21931.03340482299,10000.0,25000.0,1.0,18.98237791480811,17.0,20.0,1.0,0.0,211.0,1.0,41.0
91.0,24.0,91.0,21.0,-721.0,911.0,12.0,-711.0,14.77964212182877,12.0,17.0,30000.0,18000.0,36000.0,1.0,24.12160370060611,20.0,25.0,1.0,18000.0,34566.11488006309,36000.0,1.0,24.689597895220796,20.0,26.0,1.0,721.0,14.229483028439619,12.0,17.0,1.0,22423.88352043523,18000.0,36000.0,1.0,20.0,22.02608662376944,25.0,1.0,26953.465186077476,18000.0,36000.0,1.0,22.589536330510583,20.0,26.0,1.0,1.0,91121.0,7.0,29.0
91.0,24.0,91.0,24.0,-721.0,911.0,12.0,-711.0,14.70375521732051,12.0,17.0,30000.0,18000.0,36000.0,1.0,24.59460389046736,20.0,25.0,1.0,18000.0,34550.42816579579,36000.0,1.0,25.163349614626192,20.0,26.0,1.0,721.0,14.76968834387917,12.0,17.0,1.0,29377.928691994883,18000.0,36000.0,1.0,20.0,23.471013498364655,25.0,1.0,33876.42841591637,18000.0,36000.0,1.0,24.033268826850342,20.0,26.0,1.0,1.0,91121.0,7.0,1.0
91.0,24.0,91.0,24.0,-721.0,911.0,12.0,-711.0,14.928213377449739,12.0,17.0,30000.0,18000.0,36000.0,1.0,25.449099811658527,20.0,25.0,0.0,18000.0,34079.09897294171,36000.0,1.0,25.944929048418818,20.0,26.0,1.0,722.0,15.075214700978332,12.0,17.0,1.0,26642.932553063823,18000.0,36000.0,1.0,20.0,23.366173516287716,25.0,1.0,30625.21763818276,18000.0,36000.0,1.0,23.850234674748023,20.0,26.0,1.0,0.0,91121.0,7.0,24.0
11.0,22.0,11.0,22.0,-121.0,11.0,11.0,-111.0,10.187614999838152,9.0,11.0,30000.0,10000.0,19000.0,0.0,23.949487090882037,16.5,19.0,0.0,10000.0,37280.94112000148,25000.0,0.0,25.32334705351674,17.0,20.0,0.0,122.0,10.208575137255968,9.0,11.0,1.0,16810.490527618706,10000.0,19000.0,1.0,16.5,17.898988345970864,19.0,1.0,23746.806620225325,10000.0,25000.0,1.0,19.207820104221515,17.0,20.0,1.0,0.0,111.0,1.0,27.0
11.0,21.0,11.0,22.0,-121.0,11.0,11.0,-111.0,10.201470706385761,9.0,11.0,30000.0,10000.0,19000.0,0.0,22.817854993604264,16.5,19.0,0.0,10000.0,36927.38379866438,25000.0,0.0,24.119199624353907,17.0,20.0,0.0,122.0,10.208272881065533,9.0,11.0,1.0,12937.905047363698,10000.0,19000.0,1.0,16.5,17.167005370280155,19.0,1.0,19999.425246791427,10000.0,25000.0,1.0,18.49354821293703,17.0,20.0,1.0,0.0,111.0,1.0,29.0
11.0,21.0,11.0,22.0,-121.0,21.0,13.0,-111.0,10.188182659249485,9.0,11.0,30000.0,10000.0,19000.0,0.0,26.863366467748605,16.5,19.0,0.0,10000.0,36986.41256710853,25000.0,0.0,28.177334031475326,17.0,20.0,0.0,122.0,10.201920995074131,9.0,11.0,1.0,14791.877481818328,10000.0,19000.0,1.0,16.5,17.52406666249214,19.0,1.0,21801.55546584156,10000.0,25000.0,1.0,18.842409862912064,17.0,20.0,1.0,0.0,211.0,1.0,24.0
11.0,21.0,11.0,21.0,-121.0,11.0,11.0,-111.0,10.191913342950967,9.0,11.0,30000.0,10000.0,19000.0,0.0,25.052689824754733,16.5,19.0,0.0,10000.0,36997.02935720701,25000.0,0.0,26.373075843551444,17.0,20.0,0.0,122.0,10.196520927813001,9.0,11.0,1.0,15522.696757741036,10000.0,19000.0,1.0,16.5,17.587160885559733,19.0,1.0,22529.6668705703,10000.0,25000.0,1.0,18.909422791117787,17.0,20.0,1.0,0.0,111.0,1.0,56.0
81.0,21.0,81.0,23.0,-721.0,912.0,12.0,-711.0,15.387860914711231,12.0,17.0,30000.0,12500.0,23000.0,0.0,28.46853296339237,20.0,24.0,0.0,12500.0,33965.23068368635,26000.0,0.0,28.950731908229933,20.0,25.0,0.0,722.0,15.124754058031721,12.0,17.0,1.0,17929.80377404501,12500.0,23000.0,1.0,20.0,21.835773709391706,24.0,1.0,21857.50987921577,12500.0,26000.0,1.0,22.313409410975822,20.0,25.0,1.0,0.0,912.0,7.0,7.0
11.0,22.0,11.0,22.0,-121.0,11.0,12.0,-111.0,10.008207919449198,9.0,11.0,30000.0,10000.0,19000.0,0.0,25.946363929783217,16.5,19.0,0.0,10000.0,36499.85740700611,25000.0,0.0,27.241632214734576,17.0,20.0,0.0,121.0,9.994437563242318,9.0,11.0,1.0,15195.328991406228,10000.0,19000.0,1.0,16.5,17.575831306486734,19.0,1.0,21678.955606351563,10000.0,25000.0,1.0,18.86786517737644,17.0,20.0,1.0,0.0,111.0,1.0,49.0
11.0,22.0,11.0,22.0,-121.0,21.0,13.0,-111.0,10.215166316693404,9.0,11.0,30000.0,10000.0,19000.0,0.0,27.767980367722657,16.5,19.0,0.0,10000.0,36756.176330068454,25000.0,0.0,29.040498734994493,17.0,20.0,0.0,122.0,10.194420998587525,9.0,11.0,1.0,13709.845811360505,10000.0,19000.0,1.0,16.5,17.28836819665748,19.0,1.0,20657.34548335475,10000.0,25000.0,1.0,18.59692210456565,17.0,20.0,1.0,0.0,211.0,1.0,41.0
91.0,24.0,91.0,21.0,-721.0,911.0,12.0,-711.0,14.940971145352693,12.0,17.0,30000.0,18000.0,36000.0,1.0,24.12238689566406,20.0,25.0,1.0,18000.0,34564.941522046654,36000.0,1.0,24.691991467585442,20.0,26.0,1.0,721.0,14.91773201990012,12.0,17.0,1.0,26968.999679843913,18000.0,36000.0,1.0,20.0,23.240550805819137,25.0,1.0,31481.057277088166,18000.0,36000.0,1.0,23.803556623911337,20.0,26.0,1.0,1.0,91121.0,7.0,14.0
11.0,22.0,11.0,22.0,-121.0,21.0,12.0,-111.0,10.205639091728182,9.0,11.0,30000.0,10000.0,19000.0,0.0,24.906510473744294,16.5,19.0,0.0,10000.0,37082.82908186716,25000.0,0.0,26.24461593952748,17.0,20.0,0.0,122.0,10.190235702254865,9.0,11.0,1.0,14377.716805188235,10000.0,19000.0,1.0,16.5,17.408236913074884,19.0,1.0,21222.671980536546,10000.0,25000.0,1.0,18.701402656213208,17.0,20.0,1.0,0.0,211.0,1.0,25.0
11.0,22.0,11.0,22.0,-121.0,21.0,13.0,-111.0,10.195054459385645,9.0,11.0,30000.0,10000.0,19000.0,0.0,24.583299868687856,16.5,19.0,0.0,10000.0,37112.60926635601,25000.0,0.0,25.92739005806554,17.0,20.0,0.0,122.0,10.209939926130296,9.0,11.0,1.0,12706.221664264534,10000.0,19000.0,1.0,16.5,17.181132719728723,19.0,1.0,19734.665475123253,10000.0,25000.0,1.0,18.50931792138924,17.0,20.0,1.0,0.0,211.0,1.0,28.0
11.0,22.0,11.0,22.0,-121.0,21.0,13.0,-111.0,10.183141152933311,9.0,11.0,30000.0,10000.0,19000.0,0.0,24.087732238277724,16.5,19.0,0.0,10000.0,36927.98675237567,25000.0,0.0,25.395919281953976,17.0,20.0,0.0,122.0,10.220771436903274,9.0,11.0,1.0,12454.33492427186,10000.0,19000.0,1.0,16.5,17.059881031909335,19.0,1.0,19715.592549899367,10000.0,25000.0,1.0,18.430998426639334,17.0,20.0,1.0,0.0,211.0,1.0,16.0
11.0,22.0,11.0,21.0,-121.0,11.0,11.0,-111.0,9.996796893945564,9.0,11.0,30000.0,10000.0,19000.0,0.0,25.362253248379048,16.5,19.0,0.0,10000.0,36468.65946794801,25000.0,0.0,26.653133201733727,17.0,20.0,0.0,121.0,10.011420064638239,9.0,11.0,1.0,10739.354982091063,10000.0,19000.0,1.0,16.5,16.61561543320675,19.0,1.0,17320.926841842385,10000.0,25000.0,1.0,17.929028083449623,17.0,20.0,1.0,0.0,111.0,1.0,39.0
11.0,22.0,11.0,22.0,-121.0,21.0,13.0,-111.0,10.199373399919887,9.0,11.0,30000.0,10000.0,19000.0,0.0,25.881055540647537,16.5,19.0,0.0,10000.0,37123.40561884983,25000.0,0.0,27.225059879349793,17.0,20.0,0.0,122.0,10.18467188711895,9.0,11.0,1.0,12956.913079142441,10000.0,19000.0,1.0,16.5,17.175831783833697,19.0,1.0,19946.654118553197,10000.0,25000.0,1.0,18.494617037128048,17.0,20.0,1.0,0.0,211.0,1.0,31.0
11.0,22.0,11.0,22.0,-121.0,11.0,11.0,-111.0,10.184194363223972,9.0,11.0,30000.0,10000.0,19000.0,0.0,25.468676088482233,16.5,19.0,0.0,10000.0,37211.14670095138,25000.0,0.0,26.83305144262112,17.0,20.0,0.0,122.0,10.187847938856661,9.0,11.0,1.0,17500.47533284882,10000.0,19000.0,1.0,16.5,18.055967267312255,19.0,1.0,24542.426566863654,10000.0,25000.0,1.0,19.388330219721773,17.0,20.0,1.0,0.0,111.0,1.0,30.0
91.0,24.0,91.0,24.0,-721.0,911.0,12.0,-711.0,14.723110998666483,12.0,17.0,30000.0,18000.0,36000.0,1.0,24.484441434543577,20.0,25.0,1.0,18000.0,34425.383239350165,36000.0,1.0,25.035101191356677,20.0,26.0,1.0,721.0,14.298593925912014,12.0,17.0,1.0,28074.055823435585,18000.0,36000.0,1.0,20.0,22.902342078570456,25.0,1.0,32556.518616038175,18000.0,36000.0,1.0,23.460104364410533,20.0,26.0,1.0,1.0,91121.0,7.0,1.0
11.0,21.0,11.0,22.0,-121.0,21.0,13.0,-111.0,10.215396100990187,9.0,11.0,30000.0,10000.0,19000.0,0.0,28.17682034565613,16.5,19.0,0.0,10000.0,36871.90902723532,25000.0,0.0,29.467279686614756,17.0,20.0,0.0,122.0,10.216740871178835,9.0,11.0,1.0,14945.99766381071,10000.0,19000.0,1.0,16.5,17.541395231884906,19.0,1.0,21818.78953009989,10000.0,25000.0,1.0,18.832020359075436,17.0,20.0,1.0,0.0,211.0,1.0,9.0
11.0,22.0,11.0,21.0,-121.0,21.0,13.0,-111.0,10.005886847576777,9.0,11.0,30000.0,10000.0,19000.0,0.0,25.846405580660708,16.5,19.0,0.0,10000.0,36493.49144795179,25000.0,0.0,27.146503807865667,17.0,20.0,0.0,121.0,10.001034787700442,9.0,11.0,1.0,12120.348428026578,10000.0,19000.0,1.0,16.5,16.91343422143438,19.0,1.0,18606.342868143176,10000.0,25000.0,1.0,18.212031430785693,17.0,20.0,1.0,0.0,211.0,1.0,58.0
81.0,21.0,81.0,21.0,-721.0,912.0,12.0,-711.0,15.005726051452443,12.0,17.0,30000.0,12500.0,23000.0,0.0,27.00202768155468,20.0,24.0,0.0,12500.0,34007.143365049524,26000.0,0.0,27.489660203753346,20.0,25.0,0.0,722.0,14.939051185041635,12.0,17.0,1.0,14211.085648508415,12500.0,23000.0,1.0,20.0,21.009292055438852,24.0,1.0,18216.349109745992,12500.0,26000.0,1.0,21.49669581061977,20.0,25.0,1.0,0.0,912.0,7.0,6.0
11.0,21.0,11.0,21.0,-121.0,21.0,12.0,-111.0,10.176198957225262,9.0,11.0,30000.0,10000.0,19000.0,0.0,24.8303177727429,16.5,19.0,0.0,10000.0,36896.57754996474,25000.0,0.0,26.12900962356707,17.0,20.0,0.0,122.0,10.19203840071442,9.0,11.0,1.0,14102.022503570915,10000.0,19000.0,1.0,16.5,17.3513312120183,19.0,1.0,21134.21344293386,10000.0,25000.0,1.0,18.67556036774452,17.0,20.0,1.0,0.0,211.0,1.0,6.0
11.0,22.0,11.0,22.0,-121.0,11.0,11.0,-111.0,10.179853016325279,9.0,11.0,30000.0,10000.0,19000.0,0.0,23.511240633427107,16.5,19.0,0.0,10000.0,36968.93046715201,25000.0,0.0,24.823553365684628,17.0,20.0,0.0,122.0,10.156037609171618,9.0,11.0,1.0,19022.07517867614,10000.0,19000.0,0.0,16.5,18.287126928028012,19.0,1.0,25969.18083843803,10000.0,25000.0,0.0,19.595329851362614,17.0,20.0,1.0,0.0,111.0,1.0,17.0
11.0,22.0,11.0,22.0,-121.0,11.0,11.0,-111.0,10.008851704756015,9.0,11.0,30000.0,10000.0,19000.0,0.0,25.27019810563028,16.5,19.0,0.0,10000.0,36536.23544662531,25000.0,0.0,26.585013140635034,17.0,20.0,0.0,121.0,10.004743297241214,9.0,11.0,1.0,15212.184543872987,10000.0,19000.0,1.0,16.5,17.619485254323642,19.0,1.0,21756.75110363448,10000.0,25000.0,1.0,18.935976158090966,17.0,20.0,1.0,0.0,111.0,1.0,44.0
91.0,24.0,91.0,21.0,-721.0,911.0,11.0,-711.0,14.711217692911278,12.0,17.0,30000.0,18000.0,36000.0,1.0,24.278056865365414,20.0,25.0,1.0,18000.0,34465.830541192496,36000.0,1.0,24.83533692817396,20.0,26.0,1.0,721.0,14.898931031145892,12.0,17.0,1.0,22717.5623808532,18000.0,36000.0,1.0,20.0,22.64956069536285,25.0,1.0,27261.39482045752,18000.0,36000.0,1.0,23.216574424159205,20.0,26.0,1.0,1.0,91121.0,7.0,3.0
91.0,24.0,91.0,24.0,-721.0,911.0,12.0,-711.0,15.156777003816762,12.0,17.0,30000.0,18000.0,36000.0,1.0,24.80377211967901,20.0,25.0,1.0,18000.0,34036.344168078285,36000.0,1.0,25.293603195152325,20.0,26.0,1.0,722.0,14.997093339987165,12.0,17.0,1.0,26080.969752979916,18000.0,36000.0,1.0,20.0,23.241534502396288,25.0,1.0,30036.213923294254,18000.0,36000.0,1.0,23.72152367701294,20.0,26.0,1.0,1.0,91121.0,7.0,27.0
11.0,22.0,11.0,21.0,-121.0,11.0,11.0,-111.0,10.215908389162921,9.0,11.0,30000.0,10000.0,19000.0,0.0,24.083105317977715,16.5,19.0,0.0,10000.0,36918.93528671332,25000.0,0.0,25.387512583885442,17.0,20.0,0.0,122.0,10.187626101835427,9.0,11.0,1.0,13142.818278958082,10000.0,19000.0,1.0,16.5,17.1325645129051,19.0,1.0,20148.468172421773,10000.0,25000.0,1.0,18.453319837931506,17.0,20.0,1.0,0.0,111.0,1.0,1.0
92.0,24.0,92.0,24.0,-721.0,921.0,13.0,-711.0,15.183847718171933,12.0,17.0,30000.0,15000.0,28000.0,0.0,25.11638051531901,19.5,25.0,0.0,15000.0,33923.76332797669,28000.0,0.0,25.594474548520466,20.0,26.0,1.0,722.0,15.166972491511508,12.0,17.0,1.0,25273.34945474237,15000.0,28000.0,1.0,19.5,22.245189009787754,25.0,1.0,29290.10514097169,15000.0,28000.0,0.0,22.734613770124795,20.0,26.0,1.0,0.0,92122.0,7.0,20.0
11.0,22.0,11.0,22.0,-121.0,21.0,12.0,-111.0,9.998051417396514,9.0,11.0,30000.0,10000.0,19000.0,0.0,24.60056666895656,16.5,19.0,0.0,10000.0,36482.10242884618,25000.0,0.0,25.894749073588745,17.0,20.0,0.0,121.0,10.008299989419504,9.0,11.0,1.0,14701.684167253854,10000.0,19000.0,1.0,16.5,17.498126759215868,19.0,1.0,21170.688066320115,10000.0,25000.0,1.0,18.78969398043283,17.0,20.0,1.0,0.0,211.0,1.0,48.0
11.0,22.0,11.0,22.0,-121.0,11.0,11.0,-111.0,9.99049172437343,9.0,11.0,30000.0,10000.0,19000.0,0.0,24.203682575722894,16.5,19.0,0.0,10000.0,36519.19732299334,25000.0,0.0,25.508990292319595,17.0,20.0,0.0,121.0,10.003338341439562,9.0,11.0,1.0,17058.898029467124,10000.0,19000.0,1.0,16.5,17.94112296662355,19.0,1.0,23573.79548137351,10000.0,25000.0,1.0,19.245569740586962,17.0,20.0,1.0,0.0,111.0,1.0,50.0
91.0,21.0,91.0,24.0,-721.0,911.0,12.0,-711.0,15.545905032076252,12.0,17.0,30000.0,18000.0,36000.0,1.0,25.46149845788222,20.0,25.0,0.0,18000.0,34490.9143024896,36000.0,1.0,26.02011169753078,20.0,26.0,0.0,721.0,15.997266391748573,12.0,17.0,1.0,27947.68161632372,18000.0,36000.0,1.0,20.0,24.44873662985774,25.0,1.0,32484.5860417595,18000.0,36000.0,1.0,25.01307046220533,20.0,26.0,1.0,0.0,91121.0,7.0,19.0
11.0,21.0,11.0,22.0,-121.0,11.0,11.0,-111.0,10.172024188227253,9.0,11.0,30000.0,10000.0,19000.0,0.0,24.560909788118757,16.5,19.0,0.0,10000.0,36816.620735073884,25000.0,0.0,25.852762490594035,17.0,20.0,0.0,122.0,10.221678483889823,9.0,11.0,1.0,17116.83171821742,10000.0,19000.0,1.0,16.5,17.95349628606702,19.0,1.0,24010.9218338726,10000.0,25000.0,1.0,19.260030607566232,17.0,20.0,1.0,0.0,111.0,1.0,35.0
11.0,22.0,11.0,22.0,-121.0,11.0,11.0,-111.0,10.209295699888122,9.0,11.0,30000.0,10000.0,19000.0,0.0,25.115828835973257,16.5,19.0,0.0,10000.0,36849.71684676821,25000.0,0.0,26.415877677681966,17.0,20.0,0.0,122.0,10.194231409040954,9.0,11.0,1.0,16958.534479219787,10000.0,19000.0,1.0,16.5,17.9777248275497,19.0,1.0,23971.03786483972,10000.0,25000.0,1.0,19.30866990278371,17.0,20.0,1.0,0.0,111.0,1.0,30.0
11.0,22.0,11.0,21.0,-121.0,11.0,11.0,-111.0,10.192957638135859,9.0,11.0,30000.0,10000.0,19000.0,0.0,25.68432192733917,16.5,19.0,0.0,10000.0,36922.11704231365,25000.0,0.0,26.98950348742702,17.0,20.0,0.0,122.0,10.211995382697404,9.0,11.0,1.0,15157.642389605775,10000.0,19000.0,1.0,16.5,17.573367264149844,19.0,1.0,22413.639615884367,10000.0,25000.0,1.0,18.941502723561555,17.0,20.0,1.0,0.0,111.0,1.0,12.0
11.0,22.0,11.0,22.0,-121.0,11.0,11.0,-111.0,10.23843793312366,9.0,11.0,30000.0,10000.0,19000.0,0.0,24.04001206011135,16.5,19.0,0.0,10000.0,36817.19134112138,25000.0,0.0,25.325533639619458,17.0,20.0,0.0,122.0,10.221041968591106,9.0,11.0,1.0,15498.26127719817,10000.0,19000.0,1.0,16.5,17.684452779448264,19.0,1.0,22608.74598120438,10000.0,25000.0,1.0,19.02528085223912,17.0,20.0,1.0,0.0,111.0,1.0,55.0
81.0,21.0,81.0,23.0,-721.0,912.0,12.0,-711.0,15.042649881388567,12.0,17.0,30000.0,12500.0,23000.0,0.0,26.535790795552828,20.0,24.0,0.0,12500.0,34000.79155609467,26000.0,0.0,27.022998800676913,20.0,25.0,0.0,722.0,15.115034457561842,12.0,17.0,1.0,16817.91464059925,12500.0,23000.0,1.0,20.0,21.797872973950476,24.0,1.0,20803.33219718058,12500.0,26000.0,1.0,22.283208765656628,20.0,25.0,1.0,0.0,912.0,7.0,7.0
11.0,22.0,11.0,22.0,-121.0,11.0,12.0,-111.0,10.007600497543361,9.0,11.0,30000.0,10000.0,19000.0,0.0,24.61121988947921,16.5,19.0,0.0,10000.0,36524.61147342924,25000.0,0.0,25.917625914724162,17.0,20.0,0.0,121.0,10.005158232045499,9.0,11.0,1.0,15962.76901409276,10000.0,19000.0,1.0,16.5,17.71690607952158,19.0,1.0,22467.354945151666,10000.0,25000.0,1.0,19.01930244238005,17.0,20.0,1.0,0.0,111.0,1.0,49.0
11.0,22.0,11.0,21.0,-121.0,11.0,12.0,-111.0,9.988228589746036,9.0,11.0,30000.0,10000.0,19000.0,0.0,24.281129997729998,16.5,19.0,0.0,10000.0,36557.24850058505,25000.0,0.0,25.594223118102608,17.0,20.0,0.0,121.0,9.997917850226669,9.0,11.0,1.0,13613.366272615596,10000.0,19000.0,1.0,16.5,17.204714428180726,19.0,1.0,20141.468312325043,10000.0,25000.0,1.0,18.511970951502676,17.0,20.0,1.0,0.0,111.0,1.0,45.0
11.0,22.0,11.0,22.0,-121.0,21.0,12.0,-111.0,10.200842482764644,9.0,11.0,30000.0,10000.0,19000.0,0.0,23.83574076034064,16.5,19.0,0.0,10000.0,36881.18685672314,25000.0,0.0,25.136819280370116,17.0,20.0,0.0,122.0,10.209005618453844,9.0,11.0,1.0,16402.125925929526,10000.0,19000.0,1.0,16.5,17.822092836912184,19.0,1.0,23473.729232587873,10000.0,25000.0,1.0,19.159174848494704,17.0,20.0,1.0,0.0,211.0,1.0,23.0
11.0,22.0,11.0,21.0,-121.0,11.0,12.0,-111.0,10.203736586002885,9.0,11.0,30000.0,10000.0,19000.0,0.0,25.394753320830894,16.5,19.0,0.0,10000.0,37118.010720530176,25000.0,0.0,26.73495487490535,17.0,20.0,0.0,122.0,10.18426742859772,9.0,11.0,1.0,14165.933541308483,10000.0,19000.0,1.0,16.5,17.31627340138037,19.0,1.0,21211.998892490155,10000.0,25000.0,1.0,18.642928853939242,17.0,20.0,1.0,0.0,111.0,1.0,10.0
11.0,22.0,11.0,22.0,-121.0,11.0,11.0,-111.0,9.986832017334272,9.0,11.0,30000.0,10000.0,19000.0,0.0,27.102648164685466,16.5,19.0,0.0,10000.0,36485.18621309144,25000.0,0.0,28.400876360039856,17.0,20.0,0.0,121.0,9.994512669753417,9.0,11.0,1.0,16209.30889648768,10000.0,19000.0,1.0,16.5,17.723624359188236,19.0,1.0,22737.971636002057,10000.0,25000.0,1.0,19.030555843944615,17.0,20.0,1.0,0.0,111.0,1.0,30.0
91.0,24.0,91.0,21.0,-721.0,911.0,11.0,-711.0,15.16579456485457,12.0,17.0,30000.0,18000.0,36000.0,1.0,24.35467386235989,20.0,25.0,1.0,18000.0,34002.5748788013,36000.0,1.0,24.843601820145178,20.0,26.0,1.0,722.0,15.06759139513901,12.0,17.0,1.0,26282.409484061303,18000.0,36000.0,1.0,20.0,23.250344480711345,25.0,1.0,30152.99893615686,18000.0,36000.0,1.0,23.72314997555948,20.0,26.0,1.0,1.0,91121.0,7.0,21.0
11.0,22.0,11.0,22.0,-121.0,11.0,11.0,-111.0,10.005955596723439,9.0,11.0,30000.0,10000.0,19000.0,0.0,23.881992693378827,16.5,19.0,0.0,10000.0,36597.35574949776,25000.0,0.0,25.20281523030967,17.0,20.0,0.0,121.0,9.994836161410525,9.0,11.0,1.0,14230.922738825508,10000.0,19000.0,1.0,16.5,17.370769107603536,19.0,1.0,20817.153412041855,10000.0,25000.0,1.0,18.68936435044331,17.0,20.0,1.0,0.0,111.0,1.0,11.0
11.0,22.0,11.0,22.0,-121.0,11.0,12.0,-111.0,10.178367848126499,9.0,11.0,30000.0,10000.0,19000.0,0.0,24.587160190871334,16.5,19.0,0.0,10000.0,36844.30212533657,25000.0,0.0,25.877392169266454,17.0,20.0,0.0,122.0,10.196140440764353,9.0,11.0,1.0,17548.896159212556,10000.0,19000.0,1.0,16.5,18.05561824282845,19.0,1.0,24711.500824713807,10000.0,25000.0,1.0,19.40585401833892,17.0,20.0,1.0,0.0,111.0,1.0,49.0
11.0,22.0,11.0,22.0,-121.0,21.0,13.0,-111.0,10.216774333925466,9.0,11.0,30000.0,10000.0,19000.0,0.0,24.988680664004523,16.5,19.0,0.0,10000.0,36939.463193467935,25000.0,0.0,26.297813797399705,17.0,20.0,0.0,122.0,10.208802011865902,9.0,11.0,1.0,14185.846676284373,10000.0,19000.0,1.0,16.5,17.42156574712719,19.0,1.0,21122.016890945768,10000.0,25000.0,1.0,18.730077658456192,17.0,20.0,1.0,0.0,211.0,1.0,41.0
11.0,22.0,11.0,22.0,-121.0,21.0,12.0,-111.0,10.174909187956402,9.0,11.0,30000.0,10000.0,19000.0,0.0,24.352914837159116,16.5,19.0,0.0,10000.0,37012.162965057374,25000.0,0.0,25.67774257728287,17.0,20.0,0.0,122.0,10.198540382366804,9.0,11.0,1.0,14904.594531709647,10000.0,19000.0,1.0,16.5,17.561891058689042,19.0,1.0,21857.10471648057,10000.0,25000.0,1.0,18.875448430669213,17.0,20.0,1.0,0.0,211.0,1.0,25.0
91.0,24.0,91.0,21.0,-721.0,911.0,11.0,-711.0,15.183037900398173,12.0,17.0,30000.0,18000.0,36000.0,1.0,24.144355599054414,20.0,25.0,1.0,18000.0,34070.63435285621,36000.0,1.0,24.64235821836771,20.0,26.0,1.0,722.0,15.296591401961058,12.0,17.0,1.0,24006.698456405436,18000.0,36000.0,1.0,20.0,23.165733287218796,25.0,1.0,28004.536423609166,18000.0,36000.0,1.0,23.65482997502635,20.0,26.0,1.0,1.0,91121.0,7.0,2.0
11.0,22.0,11.0,22.0,-121.0,11.0,11.0,-111.0,10.213875415512737,9.0,11.0,30000.0,10000.0,19000.0,0.0,24.573706954757636,16.5,19.0,0.0,10000.0,36955.58981358287,25000.0,0.0,25.880800749367687,17.0,20.0,0.0,122.0,10.205497463841951,9.0,11.0,1.0,15352.854617817413,10000.0,19000.0,1.0,16.5,17.577324651105087,19.0,1.0,22221.914540036705,10000.0,25000.0,1.0,18.8681577565312,17.0,20.0,1.0,0.0,111.0,1.0,11.0
11.0,22.0,11.0,22.0,-121.0,11.0,12.0,-111.0,10.190383780594543,9.0,11.0,30000.0,10000.0,19000.0,0.0,24.750168551074292,16.5,19.0,0.0,10000.0,37004.243961120774,25000.0,0.0,26.069937404879976,17.0,20.0,0.0,122.0,10.203289530332158,9.0,11.0,1.0,17013.385569939837,10000.0,19000.0,1.0,16.5,17.949559321444866,19.0,1.0,23925.707185699273,10000.0,25000.0,1.0,19.252007783635115,17.0,20.0,1.0,0.0,111.0,1.0,14.0
11.0,22.0,11.0,22.0,-121.0,11.0,11.0,-111.0,10.201090155771801,9.0,11.0,30000.0,10000.0,19000.0,0.0,23.08995673077877,16.5,19.0,0.0,10000.0,37034.39351974518,25000.0,0.0,24.42063175095985,17.0,20.0,0.0,122.0,10.181890471411558,9.0,11.0,1.0,13760.624497465877,10000.0,19000.0,1.0,16.5,17.28550428894146,19.0,1.0,20830.530893361505,10000.0,25000.0,1.0,18.62289717286666,17.0,20.0,1.0,0.0,111.0,1.0,44.0
11.0,22.0,11.0,21.0,-121.0,11.0,11.0,-111.0,10.19735729823336,9.0,11.0,30000.0,10000.0,19000.0,0.0,24.85465565680304,16.5,19.0,0.0,10000.0,36819.336812394395,25000.0,0.0,26.137282885832125,17.0,20.0,0.0,122.0,10.196196436137424,9.0,11.0,1.0,14751.025850726304,10000.0,19000.0,1.0,16.5,17.459891369219605,19.0,1.0,21620.616249703176,10000.0,25000.0,1.0,18.75197063446281,17.0,20.0,1.0,0.0,111.0,1.0,26.0
11.0,22.0,11.0,21.0,-121.0,11.0,11.0,-111.0,10.194512916695132,9.0,11.0,30000.0,10000.0,19000.0,0.0,23.928863401543882,16.5,19.0,0.0,10000.0,37111.7604399754,25000.0,0.0,25.268328495631195,17.0,20.0,0.0,122.0,10.196569194503788,9.0,11.0,1.0,12632.335237277686,10000.0,19000.0,1.0,16.5,17.082056509726712,19.0,1.0,19728.797300664955,10000.0,25000.0,1.0,18.418640229840737,17.0,20.0,1.0,0.0,111.0,1.0,54.0
11.0,22.0,11.0,22.0,-121.0,21.0,12.0,-111.0,9.992803398343568,9.0,11.0,30000.0,10000.0,19000.0,0.0,24.395420357476358,16.5,19.0,0.0,10000.0,36530.31030220554,25000.0,0.0,25.696480335639272,17.0,20.0,0.0,121.0,10.018170950019918,9.0,11.0,1.0,14698.773817701142,10000.0,19000.0,1.0,16.5,17.46881266360573,19.0,1.0,21199.523805787583,10000.0,25000.0,1.0,18.763983221532474,17.0,20.0,1.0,0.0,211.0,1.0,23.0
92.0,24.0,92.0,24.0,-721.0,921.0,13.0,-711.0,15.360928330480725,12.0,17.0,30000.0,15000.0,28000.0,0.0,25.313663520745084,19.5,25.0,0.0,15000.0,33968.55313560552,28000.0,0.0,25.796611179760365,20.0,26.0,1.0,722.0,15.003021377876019,12.0,17.0,1.0,21605.441703123914,15000.0,28000.0,1.0,19.5,21.67466578382445,25.0,1.0,25567.009094031793,15000.0,28000.0,1.0,22.15676332217033,20.0,26.0,1.0,0.0,92122.0,7.0,22.0
91.0,24.0,91.0,21.0,-721.0,911.0,11.0,-711.0,15.146245691235723,12.0,17.0,30000.0,18000.0,36000.0,1.0,23.966430800677536,20.0,25.0,1.0,18000.0,33941.882084639765,36000.0,1.0,24.447633065753923,20.0,26.0,1.0,722.0,15.13036356701291,12.0,17.0,1.0,22921.429799742808,18000.0,36000.0,1.0,20.0,22.90783311417268,25.0,1.0,26882.219912502813,18000.0,36000.0,1.0,23.39134356243776,20.0,26.0,1.0,1.0,91121.0,7.0,2.0
11.0,21.0,11.0,22.0,-121.0,21.0,13.0,-111.0,9.988039539903014,9.0,11.0,30000.0,10000.0,19000.0,0.0,27.095611124126115,16.5,19.0,0.0,10000.0,36484.51622985203,25000.0,0.0,28.394976922261467,17.0,20.0,0.0,121.0,9.992091133152243,9.0,11.0,1.0,14801.744368895752,10000.0,19000.0,1.0,16.5,17.459275258654515,19.0,1.0,21290.848002467494,10000.0,25000.0,1.0,18.759560279640784,17.0,20.0,1.0,0.0,211.0,1.0,32.0
91.0,24.0,91.0,24.0,-721.0,911.0,12.0,-711.0,15.107927603561334,12.0,17.0,30000.0,18000.0,36000.0,1.0,24.577386772710305,20.0,25.0,1.0,18000.0,33943.171606610944,36000.0,1.0,25.056573378305654,20.0,26.0,1.0,722.0,14.980371749127592,12.0,17.0,1.0,28777.973737037108,18000.0,36000.0,1.0,20.0,23.628505262557738,25.0,1.0,32794.13291989101,18000.0,36000.0,1.0,24.116561547791644,20.0,26.0,1.0,1.0,91121.0,7.0,1.0
91.0,24.0,91.0,24.0,-721.0,911.0,12.0,-711.0,15.381269602335447,12.0,17.0,30000.0,18000.0,36000.0,1.0,24.82136018822925,20.0,25.0,1.0,18000.0,34495.95379364044,36000.0,1.0,25.382456087960737,20.0,26.0,1.0,721.0,15.514546348524425,12.0,17.0,1.0,29137.285067724613,18000.0,36000.0,1.0,20.0,24.208737620911563,25.0,1.0,33638.81663637355,18000.0,36000.0,1.0,24.770529628038844,20.0,26.0,1.0,1.0,91121.0,7.0,32.0
11.0,22.0,11.0,22.0,-121.0,21.0,13.0,-111.0,10.185104091311805,9.0,11.0,30000.0,10000.0,19000.0,0.0,25.251677880975958,16.5,19.0,0.0,10000.0,36800.33634244338,25000.0,0.0,26.533614896625338,17.0,20.0,0.0,122.0,10.208392697232608,9.0,11.0,1.0,14878.30512642822,10000.0,19000.0,1.0,16.5,17.566752019100704,19.0,1.0,21968.41480824766,10000.0,25000.0,1.0,18.903314446080994,17.0,20.0,1.0,0.0,211.0,1.0,8.0
92.0,24.0,92.0,24.0,-721.0,921.0,13.0,-711.0,15.15782714402774,12.0,17.0,30000.0,15000.0,28000.0,0.0,24.415485262209266,19.5,25.0,1.0,15000.0,33942.17581691251,28000.0,0.0,24.893321900343818,20.0,26.0,1.0,722.0,15.163410419954259,12.0,17.0,1.0,22206.249915463108,15000.0,28000.0,1.0,19.5,21.952262661845342,25.0,1.0,26240.025148163477,15000.0,28000.0,1.0,22.441202193135343,20.0,26.0,1.0,0.0,92122.0,7.0,25.0
11.0,22.0,11.0,21.0,-121.0,21.0,12.0,-111.0,10.206524874682678,9.0,11.0,30000.0,10000.0,19000.0,0.0,23.764265055878212,16.5,19.0,0.0,10000.0,36986.35676587968,25000.0,0.0,25.08090511613332,17.0,20.0,0.0,122.0,10.206061895241545,9.0,11.0,1.0,14142.854201649774,10000.0,19000.0,1.0,16.5,17.34655538257419,19.0,1.0,20994.46644201965,10000.0,25000.0,1.0,18.637801658038242,17.0,20.0,1.0,0.0,211.0,1.0,53.0
81.0,23.0,81.0,21.0,-721.0,912.0,12.0,-711.0,15.270280161272357,12.0,17.0,30000.0,12500.0,23000.0,0.0,27.227493529914312,20.0,24.0,0.0,12500.0,34010.47909217078,26000.0,0.0,27.716908696801276,20.0,25.0,0.0,722.0,15.25468568596222,12.0,17.0,1.0,14571.547712719932,12500.0,23000.0,1.0,20.0,21.532257667889624,24.0,1.0,18564.279819520165,12500.0,26000.0,1.0,22.019507097564837,20.0,25.0,1.0,0.0,912.0,7.0,11.0
11.0,22.0,11.0,21.0,-121.0,11.0,11.0,-111.0,10.180156080089874,9.0,11.0,30000.0,10000.0,19000.0,0.0,23.257450510482386,16.5,19.0,0.0,10000.0,36730.27978517637,25000.0,0.0,24.527045127350913,17.0,20.0,0.0,122.0,10.188000772156549,9.0,11.0,1.0,15667.73095822372,10000.0,19000.0,1.0,16.5,17.612912842134097,19.0,1.0,22665.279474795978,10000.0,25000.0,1.0,18.93292481956836,17.0,20.0,1.0,0.0,111.0,1.0,39.0
11.0,21.0,11.0,22.0,-121.0,21.0,13.0,-111.0,10.196575262696346,9.0,11.0,30000.0,10000.0,19000.0,0.0,26.875455515788534,16.5,19.0,0.0,10000.0,37003.990346806335,25000.0,0.0,28.19478978087713,17.0,20.0,0.0,122.0,10.182568898187375,9.0,11.0,1.0,15302.666035855049,10000.0,19000.0,1.0,16.5,17.639597579873673,19.0,1.0,22285.018474597244,10000.0,25000.0,1.0,18.954855935070864,17.0,20.0,1.0,0.0,211.0,1.0,59.0
11.0,22.0,11.0,21.0,-121.0,11.0,11.0,-111.0,10.218632162288607,9.0,11.0,30000.0,10000.0,19000.0,0.0,27.080740858138096,16.5,19.0,0.0,10000.0,36944.87806354991,25000.0,0.0,28.3852624715689,17.0,20.0,0.0,122.0,10.179292406690811,9.0,11.0,1.0,14792.580139397322,10000.0,19000.0,1.0,16.5,17.461981808870426,19.0,1.0,21731.766213225186,10000.0,25000.0,1.0,18.76543424246137,17.0,20.0,1.0,0.0,111.0,1.0,12.0
91.0,24.0,91.0,24.0,-721.0,911.0,11.0,-711.0,15.208126857087088,12.0,17.0,30000.0,18000.0,36000.0,1.0,23.998205572261064,20.0,25.0,1.0,18000.0,34030.96950642227,36000.0,1.0,24.490702366679027,20.0,26.0,1.0,722.0,15.253336238518516,12.0,17.0,1.0,25138.014316231584,18000.0,36000.0,1.0,20.0,23.3732661246009,25.0,1.0,29163.26570400676,18000.0,36000.0,1.0,23.865064289297326,20.0,26.0,1.0,1.0,91121.0,7.0,9.0
11.0,22.0,11.0,22.0,-121.0,21.0,13.0,-111.0,10.015077974333376,9.0,11.0,30000.0,10000.0,19000.0,0.0,25.45979394307787,16.5,19.0,0.0,10000.0,36454.16113181511,25000.0,0.0,26.755883795126696,17.0,20.0,0.0,121.0,9.998275770340296,9.0,11.0,1.0,12004.442600101125,10000.0,19000.0,1.0,16.5,16.973291878042296,19.0,1.0,18405.227775688018,10000.0,25000.0,1.0,18.258663058245485,17.0,20.0,1.0,0.0,211.0,1.0,28.0
11.0,22.0,11.0,22.0,-121.0,21.0,13.0,-111.0,10.001819904144522,9.0,11.0,30000.0,10000.0,19000.0,0.0,26.726248692623173,16.5,19.0,0.0,10000.0,36514.545780292785,25000.0,0.0,28.025757761395028,17.0,20.0,0.0,121.0,9.9979361470414,9.0,11.0,1.0,13587.865345495367,10000.0,19000.0,1.0,16.5,17.263391881377522,19.0,1.0,20118.64804154016,10000.0,25000.0,1.0,18.566139858889944,17.0,20.0,1.0,0.0,211.0,1.0,13.0
11.0,22.0,11.0,22.0,-121.0,21.0,13.0,-111.0,9.987501733525635,9.0,11.0,30000.0,10000.0,19000.0,0.0,25.256308854630987,16.5,19.0,0.0,10000.0,36391.6573256067,25000.0,0.0,26.537935373238113,17.0,20.0,0.0,121.0,10.002685696212732,9.0,11.0,1.0,12940.736443159636,10000.0,19000.0,1.0,16.5,17.17202593004405,19.0,1.0,19385.35641632047,10000.0,25000.0,1.0,18.464272281684007,17.0,20.0,1.0,0.0,211.0,1.0,28.0
11.0,22.0,11.0,22.0,-121.0,21.0,13.0,-111.0,9.988168741086296,9.0,11.0,30000.0,10000.0,19000.0,0.0,25.01341816108611,16.5,19.0,0.0,10000.0,36503.141328761616,25000.0,0.0,26.313948983954894,17.0,20.0,0.0,121.0,10.00808672998824,9.0,11.0,1.0,14092.973577522273,10000.0,19000.0,1.0,16.5,17.340154326462812,19.0,1.0,20590.80228299975,10000.0,25000.0,1.0,18.639622704278963,17.0,20.0,1.0,0.0,211.0,1.0,47.0
81.0,23.0,81.0,21.0,-721.0,912.0,12.0,-711.0,15.381514569881228,12.0,17.0,30000.0,12500.0,23000.0,0.0,27.32140618104692,20.0,24.0,0.0,12500.0,33988.259815271645,26000.0,0.0,27.810280838098514,20.0,25.0,0.0,722.0,15.022970039701374,12.0,17.0,1.0,16306.892177181187,12500.0,23000.0,1.0,20.0,21.429382777982994,24.0,1.0,20296.375824091792,12500.0,26000.0,1.0,21.91840745040482,20.0,25.0,1.0,0.0,912.0,7.0,30.0
11.0,22.0,11.0,21.0,-121.0,21.0,13.0,-111.0,10.18961342755438,9.0,11.0,30000.0,10000.0,19000.0,0.0,24.978299537498522,16.5,19.0,0.0,10000.0,36944.086171388466,25000.0,0.0,26.282638811506626,17.0,20.0,0.0,122.0,10.199549421183429,9.0,11.0,1.0,14158.334311437626,10000.0,19000.0,1.0,16.5,17.339944011251685,19.0,1.0,21148.781245672537,10000.0,25000.0,1.0,18.652991438105406,17.0,20.0,1.0,0.0,211.0,1.0,2.0
91.0,24.0,91.0,24.0,-721.0,911.0,11.0,-711.0,15.68744068613731,12.0,17.0,30000.0,18000.0,36000.0,1.0,25.11295400540255,20.0,25.0,0.0,18000.0,34492.62653672824,36000.0,1.0,25.675217686930452,20.0,26.0,1.0,721.0,15.648291893144515,12.0,17.0,1.0,23573.10431938883,18000.0,36000.0,1.0,20.0,23.61590937129373,25.0,1.0,28025.86930946031,18000.0,36000.0,1.0,24.17318427848408,20.0,26.0,1.0,0.0,91121.0,7.0,0.0
11.0,22.0,11.0,22.0,-121.0,21.0,13.0,-111.0,10.191248859095007,9.0,11.0,30000.0,10000.0,19000.0,0.0,25.472170169109326,16.5,19.0,0.0,10000.0,36872.42626427257,25000.0,0.0,26.777454923360764,17.0,20.0,0.0,122.0,10.21808560059619,9.0,11.0,1.0,13952.492880084397,10000.0,19000.0,1.0,16.5,17.37048678468907,19.0,1.0,20954.356841994224,10000.0,25000.0,1.0,18.700355731895716,17.0,20.0,1.0,0.0,211.0,1.0,47.0
91.0,24.0,91.0,24.0,-721.0,911.0,11.0,-711.0,15.233303657563258,12.0,17.0,30000.0,18000.0,36000.0,1.0,24.69645962960771,20.0,25.0,1.0,18000.0,34023.18500136763,36000.0,1.0,25.18754219472713,20.0,26.0,1.0,722.0,15.267686544367175,12.0,17.0,1.0,25624.45559343139,18000.0,36000.0,1.0,20.0,23.34048196056385,25.0,1.0,29684.513002034306,18000.0,36000.0,1.0,23.836065287224454,20.0,26.0,1.0,1.0,91121.0,7.0,28.0
92.0,24.0,92.0,24.0,-721.0,921.0,13.0,-711.0,14.18321549325666,12.0,17.0,30000.0,15000.0,28000.0,0.0,24.410836524060002,19.5,25.0,1.0,15000.0,34496.460752990315,28000.0,0.0,24.975183115780013,20.0,26.0,1.0,721.0,14.939598557634802,12.0,17.0,1.0,20401.58724967023,15000.0,28000.0,1.0,19.5,21.527063545144614,25.0,1.0,24880.68765166784,15000.0,28000.0,1.0,22.089231255417193,20.0,26.0,1.0,0.0,92122.0,7.0,25.0
11.0,22.0,11.0,22.0,-121.0,11.0,12.0,-111.0,9.98641685492057,9.0,11.0,30000.0,10000.0,19000.0,0.0,24.89004280113509,16.5,19.0,0.0,10000.0,36521.60597848183,25000.0,0.0,26.19401069226966,17.0,20.0,0.0,121.0,10.011312480373556,9.0,11.0,1.0,16628.1863278747,10000.0,19000.0,1.0,16.5,17.863753153174898,19.0,1.0,23223.273477987277,10000.0,25000.0,1.0,19.182413297831932,17.0,20.0,1.0,0.0,111.0,1.0,49.0
81.0,23.0,81.0,23.0,-721.0,912.0,12.0,-711.0,14.17799417526071,12.0,17.0,30000.0,12500.0,23000.0,0.0,25.232588776982354,20.0,24.0,0.0,12500.0,34511.15719190458,26000.0,0.0,25.79561217961909,20.0,25.0,0.0,721.0,15.54176479505315,12.0,17.0,1.0,16810.112068565933,12500.0,23000.0,1.0,20.0,22.154869073691103,24.0,1.0,21268.492807082315,12500.0,26000.0,1.0,22.71130561244754,20.0,25.0,1.0,0.0,912.0,7.0,10.0
11.0,21.0,11.0,22.0,-121.0,11.0,11.0,-111.0,10.184894372756595,9.0,11.0,30000.0,10000.0,19000.0,0.0,23.44720807690267,16.5,19.0,0.0,10000.0,37020.88243046824,25000.0,0.0,24.770861155960485,17.0,20.0,0.0,122.0,10.194393786964488,9.0,11.0,1.0,15123.110112539931,10000.0,19000.0,1.0,16.5,17.542817764402926,19.0,1.0,22140.209365821465,10000.0,25000.0,1.0,18.86575759777099,17.0,20.0,1.0,0.0,111.0,1.0,29.0
11.0,22.0,11.0,22.0,-121.0,21.0,13.0,-111.0,10.17020406387097,9.0,11.0,30000.0,10000.0,19000.0,0.0,25.15673737860971,16.5,19.0,0.0,10000.0,37116.3899047119,25000.0,0.0,26.498313009640086,17.0,20.0,0.0,122.0,10.198412420802136,9.0,11.0,1.0,13221.185454104489,10000.0,19000.0,1.0,16.5,17.17536204179823,19.0,1.0,20380.812371391974,10000.0,25000.0,1.0,18.525088676807684,17.0,20.0,1.0,0.0,211.0,1.0,21.0
11.0,22.0,11.0,22.0,-121.0,21.0,13.0,-111.0,10.152576444199536,9.0,11.0,30000.0,10000.0,19000.0,0.0,27.128250024104112,16.5,19.0,0.0,10000.0,37010.398585701056,25000.0,0.0,28.452246341483598,17.0,20.0,0.0,122.0,10.206650927417003,9.0,11.0,1.0,13684.56186643905,10000.0,19000.0,1.0,16.5,17.295046021085817,19.0,1.0,20625.375137104227,10000.0,25000.0,1.0,18.605900332383204,17.0,20.0,1.0,0.0,211.0,1.0,5.0
11.0,22.0,11.0,21.0,-121.0,11.0,11.0,-111.0,9.999893974425044,9.0,11.0,30000.0,10000.0,19000.0,0.0,25.77887955941586,16.5,19.0,0.0,10000.0,36585.04098650811,25000.0,0.0,27.084287948458826,17.0,20.0,0.0,121.0,10.005758736512407,9.0,11.0,1.0,12846.248280849119,10000.0,19000.0,1.0,16.5,17.034068014820164,19.0,1.0,19306.62029585304,10000.0,25000.0,1.0,18.31476221885071,17.0,20.0,1.0,0.0,111.0,1.0,0.0
11.0,22.0,11.0,22.0,-121.0,21.0,13.0,-111.0,10.011624754196559,9.0,11.0,30000.0,10000.0,19000.0,0.0,25.82086791965011,16.5,19.0,0.0,10000.0,36455.51683166538,25000.0,0.0,27.109844645335656,17.0,20.0,0.0,121.0,9.979846516289482,9.0,11.0,1.0,14908.719047611747,10000.0,19000.0,1.0,16.5,17.44741209079502,19.0,1.0,21420.389460931066,10000.0,25000.0,1.0,18.747601034139233,17.0,20.0,1.0,0.0,211.0,1.0,4.0
11.0,22.0,11.0,21.0,-121.0,11.0,11.0,-111.0,10.18466048756034,9.0,11.0,30000.0,10000.0,19000.0,0.0,25.354509800122518,16.5,19.0,0.0,10000.0,37007.15156592938,25000.0,0.0,26.676080039953252,17.0,20.0,0.0,122.0,10.219214015499787,9.0,11.0,1.0,11610.51491471828,10000.0,19000.0,1.0,16.5,16.85098158791649,19.0,1.0,18617.370725143897,10000.0,25000.0,1.0,18.17249604735367,17.0,20.0,1.0,0.0,111.0,1.0,1.0
11.0,22.0,11.0,22.0,-121.0,21.0,13.0,-111.0,9.974381647052656,9.0,11.0,30000.0,10000.0,19000.0,0.0,26.12031017573576,16.5,19.0,0.0,10000.0,36512.7592825982,25000.0,0.0,27.41997598517915,17.0,20.0,0.0,121.0,9.998339147048167,9.0,11.0,1.0,14941.613058185047,10000.0,19000.0,1.0,16.5,17.48950237141682,19.0,1.0,21397.30967238367,10000.0,25000.0,1.0,18.777780933781585,17.0,20.0,1.0,0.0,211.0,1.0,28.0
11.0,22.0,11.0,22.0,-121.0,11.0,11.0,-111.0,10.191721772501003,9.0,11.0,30000.0,10000.0,19000.0,0.0,26.60996054467804,16.5,19.0,0.0,10000.0,36953.465925955796,25000.0,0.0,27.926191666898642,17.0,20.0,0.0,122.0,10.202706210372858,9.0,11.0,1.0,18441.03036615597,10000.0,19000.0,1.0,16.5,18.211830096915918,19.0,1.0,25298.394558088356,10000.0,25000.0,0.0,19.50986998981751,17.0,20.0,1.0,0.0,111.0,1.0,11.0
11.0,22.0,11.0,22.0,-121.0,21.0,13.0,-111.0,10.01012920463513,9.0,11.0,30000.0,10000.0,19000.0,0.0,26.829329683628977,16.5,19.0,0.0,10000.0,36483.62033406094,25000.0,0.0,28.132568126143838,17.0,20.0,0.0,121.0,10.010557657552884,9.0,11.0,1.0,14673.677215638418,10000.0,19000.0,1.0,16.5,17.477611170995974,19.0,1.0,21157.95792575512,10000.0,25000.0,1.0,18.78098235223057,17.0,20.0,1.0,0.0,211.0,1.0,4.0
11.0,22.0,11.0,21.0,-121.0,11.0,11.0,-111.0,10.0121363563394,9.0,11.0,30000.0,10000.0,19000.0,0.0,24.586367441673296,16.5,19.0,0.0,10000.0,36535.92968812395,25000.0,0.0,25.907234776127577,17.0,20.0,0.0,121.0,10.006588979604075,9.0,11.0,1.0,15892.61427853978,10000.0,19000.0,1.0,16.5,17.700842193555875,19.0,1.0,22395.990399173614,10000.0,25000.0,1.0,19.015130671448134,17.0,20.0,1.0,0.0,111.0,1.0,54.0
11.0,21.0,11.0,22.0,-121.0,21.0,13.0,-111.0,10.198826152751574,9.0,11.0,30000.0,10000.0,19000.0,0.0,27.651061699737056,16.5,19.0,0.0,10000.0,36810.315097448125,25000.0,0.0,28.928793894471188,17.0,20.0,0.0,122.0,10.201787635451845,9.0,11.0,1.0,17239.166713704508,10000.0,19000.0,1.0,16.5,17.98560865942914,19.0,1.0,24230.487926960268,10000.0,25000.0,1.0,19.297300713333055,17.0,20.0,1.0,0.0,211.0,1.0,9.0
91.0,24.0,91.0,24.0,-721.0,911.0,12.0,-711.0,15.316071804069683,12.0,17.0,30000.0,18000.0,36000.0,1.0,24.32469390162578,20.0,25.0,1.0,18000.0,33928.78764832317,36000.0,1.0,24.80435776725714,20.0,26.0,1.0,722.0,15.15483191869617,12.0,17.0,1.0,27815.093746240127,18000.0,36000.0,1.0,20.0,23.57792404879557,25.0,1.0,31904.027543729044,18000.0,36000.0,1.0,24.077140083658477,20.0,26.0,1.0,1.0,91121.0,7.0,1.0
11.0,21.0,11.0,22.0,-121.0,21.0,13.0,-111.0,10.01027954426987,9.0,11.0,30000.0,10000.0,19000.0,0.0,24.9343250034142,16.5,19.0,0.0,10000.0,36475.93412251294,25000.0,0.0,26.232299059827145,17.0,20.0,0.0,121.0,9.990318915395209,9.0,11.0,1.0,16297.397363516446,10000.0,19000.0,1.0,16.5,17.766537604032074,19.0,1.0,22743.238901507822,10000.0,25000.0,1.0,19.058480191739427,17.0,20.0,1.0,0.0,211.0,1.0,52.0
11.0,22.0,11.0,21.0,-121.0,21.0,12.0,-111.0,10.019899113580497,9.0,11.0,30000.0,10000.0,19000.0,0.0,24.45576218242308,16.5,19.0,0.0,10000.0,36424.758372362936,25000.0,0.0,25.737086791073775,17.0,20.0,0.0,121.0,10.003905651986424,9.0,11.0,1.0,12931.74923073029,10000.0,19000.0,1.0,16.5,17.07193882735974,19.0,1.0,19444.036005022357,10000.0,25000.0,1.0,18.37071970266633,17.0,20.0,1.0,0.0,211.0,1.0,53.0
11.0,22.0,11.0,22.0,-121.0,21.0,13.0,-111.0,10.178046112673075,9.0,11.0,30000.0,10000.0,19000.0,0.0,27.069734026161512,16.5,19.0,0.0,10000.0,36908.16751756642,25000.0,0.0,28.376871058855652,17.0,20.0,0.0,122.0,10.199000394048307,9.0,11.0,1.0,13864.500037095922,10000.0,19000.0,1.0,16.5,17.339204044548676,19.0,1.0,20887.8470954695,10000.0,25000.0,1.0,18.668134909371943,17.0,20.0,1.0,0.0,211.0,1.0,19.0
91.0,24.0,91.0,21.0,-721.0,911.0,12.0,-711.0,15.647010094857887,12.0,17.0,30000.0,18000.0,36000.0,1.0,25.036691879210395,20.0,25.0,0.0,18000.0,34477.78305762714,36000.0,1.0,25.59869535951437,20.0,26.0,1.0,721.0,14.488875366845429,12.0,17.0,1.0,23539.524223546057,18000.0,36000.0,1.0,20.0,22.36370014263391,25.0,1.0,28126.7833862802,18000.0,36000.0,1.0,22.939443893801492,20.0,26.0,1.0,0.0,91121.0,7.0,29.0
11.0,22.0,11.0,21.0,-121.0,11.0,11.0,-111.0,10.203594652849523,9.0,11.0,30000.0,10000.0,19000.0,0.0,23.902481802782212,16.5,19.0,0.0,10000.0,37099.808631387335,25000.0,0.0,25.239748565648426,17.0,20.0,0.0,122.0,10.18586140068831,9.0,11.0,1.0,14135.419491569977,10000.0,19000.0,1.0,16.5,17.332170880719936,19.0,1.0,21173.79265230919,10000.0,25000.0,1.0,18.65786611860228,17.0,20.0,1.0,0.0,111.0,1.0,39.0
11.0,22.0,11.0,21.0,-121.0,21.0,13.0,-111.0,9.989680977102063,9.0,11.0,30000.0,10000.0,19000.0,0.0,25.496514365390354,16.5,19.0,0.0,10000.0,36538.704883955885,25000.0,0.0,26.80909546678904,17.0,20.0,0.0,121.0,10.000195232243758,9.0,11.0,1.0,11886.115102488473,10000.0,19000.0,1.0,16.5,16.86710811354747,19.0,1.0,18491.015014532146,10000.0,25000.0,1.0,18.19297721989768,17.0,20.0,1.0,0.0,211.0,1.0,58.0
11.0,22.0,11.0,22.0,-121.0,11.0,12.0,-111.0,10.174984832225332,9.0,11.0,30000.0,10000.0,19000.0,0.0,24.531230913838556,16.5,19.0,0.0,10000.0,36962.073670377285,25000.0,0.0,25.838619260198875,17.0,20.0,0.0,122.0,10.187749601335986,9.0,11.0,1.0,14872.908554169231,10000.0,19000.0,1.0,16.5,17.490426238944686,19.0,1.0,21997.52726853396,10000.0,25000.0,1.0,18.828338464587123,17.0,20.0,1.0,0.0,111.0,1.0,49.0
11.0,22.0,11.0,22.0,-121.0,11.0,11.0,-111.0,10.00736767960202,9.0,11.0,30000.0,10000.0,19000.0,0.0,26.3187688580679,16.5,19.0,0.0,10000.0,36569.5437082896,25000.0,0.0,27.631791647679126,17.0,20.0,0.0,121.0,10.002251935871984,9.0,11.0,1.0,14469.151565880895,10000.0,19000.0,1.0,16.5,17.404715969297357,19.0,1.0,20948.43957878839,10000.0,25000.0,1.0,18.699699791486935,17.0,20.0,1.0,0.0,111.0,1.0,38.0
11.0,22.0,11.0,21.0,-121.0,21.0,13.0,-111.0,9.998837756204072,9.0,11.0,30000.0,10000.0,19000.0,0.0,24.616659681274655,16.5,19.0,0.0,10000.0,36394.97311260822,25000.0,0.0,25.89766881225944,17.0,20.0,0.0,121.0,10.007387584564027,9.0,11.0,1.0,12655.312473647095,10000.0,19000.0,1.0,16.5,17.039698010364884,19.0,1.0,19219.82930517312,10000.0,25000.0,1.0,18.35466929384201,17.0,20.0,1.0,0.0,211.0,1.0,20.0
92.0,24.0,92.0,24.0,-721.0,921.0,13.0,-711.0,14.858879376484008,12.0,17.0,30000.0,15000.0,28000.0,0.0,24.083597335149324,19.5,25.0,1.0,15000.0,33979.90836345457,28000.0,0.0,24.567852713979132,20.0,26.0,1.0,722.0,14.95477246634206,12.0,17.0,1.0,20486.895896180522,15000.0,28000.0,1.0,19.5,21.459415042274625,25.0,1.0,24464.035936252505,15000.0,28000.0,1.0,21.943333585336887,20.0,26.0,1.0,0.0,92122.0,7.0,25.0
11.0,22.0,11.0,22.0,-121.0,11.0,12.0,-111.0,10.208689702211709,9.0,11.0,30000.0,10000.0,19000.0,0.0,23.321401616508922,16.5,19.0,0.0,10000.0,36913.66942310294,25000.0,0.0,24.62644751809647,17.0,20.0,0.0,122.0,10.199970919481686,9.0,11.0,1.0,17402.24795898037,10000.0,19000.0,1.0,16.5,18.019393955189813,19.0,1.0,24475.984622471577,10000.0,25000.0,1.0,19.354654650581224,17.0,20.0,1.0,0.0,111.0,1.0,49.0
91.0,21.0,91.0,24.0,-721.0,911.0,12.0,-711.0,14.093363040629825,12.0,17.0,30000.0,18000.0,36000.0,1.0,24.048135987815403,20.0,25.0,1.0,18000.0,34455.37209043994,36000.0,1.0,24.603801873511827,20.0,26.0,1.0,721.0,15.037291513451972,12.0,17.0,1.0,25836.817050428574,18000.0,36000.0,1.0,20.0,23.29350142397788,25.0,1.0,30304.40095076376,18000.0,36000.0,1.0,23.850690344344283,20.0,26.0,1.0,1.0,91121.0,7.0,19.0
91.0,24.0,91.0,24.0,-721.0,911.0,11.0,-711.0,15.10785839664009,12.0,17.0,30000.0,18000.0,36000.0,1.0,23.75813650978871,20.0,25.0,1.0,18000.0,33888.680685464155,36000.0,1.0,24.232519733065214,20.0,26.0,1.0,722.0,15.049379006026165,12.0,17.0,1.0,26985.188415387693,18000.0,36000.0,1.0,20.0,23.3734124971618,25.0,1.0,31020.576318583186,18000.0,36000.0,1.0,23.865692649616747,20.0,26.0,1.0,1.0,91121.0,7.0,9.0
91.0,24.0,91.0,21.0,-721.0,911.0,11.0,-711.0,14.421591083856828,12.0,17.0,30000.0,18000.0,36000.0,1.0,23.168310697967197,20.0,25.0,1.0,18000.0,34495.742223738656,36000.0,1.0,23.733733445791977,20.0,26.0,1.0,721.0,14.680744631607748,12.0,17.0,1.0,23177.28241092686,18000.0,36000.0,1.0,20.0,22.454017416845375,25.0,1.0,27678.82236910122,18000.0,36000.0,1.0,23.020169337023162,20.0,26.0,1.0,1.0,91121.0,7.0,15.0
11.0,21.0,11.0,21.0,-121.0,21.0,12.0,-111.0,10.1931077955462,9.0,11.0,30000.0,10000.0,19000.0,0.0,25.597050486578645,16.5,19.0,0.0,10000.0,37023.075612590714,25000.0,0.0,26.922255177631936,17.0,20.0,0.0,122.0,10.187358215580927,9.0,11.0,1.0,13687.313684919938,10000.0,19000.0,1.0,16.5,17.26114523493861,19.0,1.0,20671.481586164642,10000.0,25000.0,1.0,18.579008316070823,17.0,20.0,1.0,0.0,211.0,1.0,6.0
11.0,22.0,11.0,21.0,-121.0,11.0,12.0,-111.0,9.992021255275759,9.0,11.0,30000.0,10000.0,19000.0,0.0,24.667535509795215,16.5,19.0,0.0,10000.0,36486.3032550827,25000.0,0.0,25.964913546455385,17.0,20.0,0.0,121.0,9.99233993111627,9.0,11.0,1.0,12602.254737096226,10000.0,19000.0,1.0,16.5,17.000017144855637,19.0,1.0,19174.67898292177,10000.0,25000.0,1.0,18.314620938235958,17.0,20.0,1.0,0.0,111.0,1.0,10.0
11.0,21.0,11.0,22.0,-121.0,21.0,13.0,-111.0,10.219739638955016,9.0,11.0,30000.0,10000.0,19000.0,0.0,27.95020562312585,16.5,19.0,0.0,10000.0,36974.7524073071,25000.0,0.0,29.267769183706594,17.0,20.0,0.0,122.0,10.185482656153084,9.0,11.0,1.0,13781.346681856588,10000.0,19000.0,1.0,16.5,17.326374264580828,19.0,1.0,20682.948984662406,10000.0,25000.0,1.0,18.630119426096595,17.0,20.0,1.0,0.0,211.0,1.0,32.0
11.0,22.0,11.0,22.0,-121.0,21.0,13.0,-111.0,9.985989558832244,9.0,11.0,30000.0,10000.0,19000.0,0.0,24.519183627529497,16.5,19.0,0.0,10000.0,36395.811201489356,25000.0,0.0,25.79701731586,17.0,20.0,0.0,121.0,10.002538005133559,9.0,11.0,1.0,16710.051464615837,10000.0,19000.0,1.0,16.5,17.845870917764902,19.0,1.0,23217.476910442838,10000.0,25000.0,1.0,19.146004270206657,17.0,20.0,1.0,0.0,211.0,1.0,5.0
11.0,22.0,11.0,22.0,-121.0,11.0,11.0,-111.0,9.99173033045967,9.0,11.0,30000.0,10000.0,19000.0,0.0,25.504282039413837,16.5,19.0,0.0,10000.0,36499.636288858186,25000.0,0.0,26.80329164315486,17.0,20.0,0.0,121.0,9.998455468559094,9.0,11.0,1.0,19051.476938984306,10000.0,19000.0,0.0,16.5,18.35974083370307,19.0,1.0,25566.69623777995,10000.0,25000.0,0.0,19.66186483933742,17.0,20.0,1.0,0.0,111.0,1.0,55.0
11.0,22.0,11.0,22.0,-121.0,21.0,13.0,-111.0,10.1933791405563,9.0,11.0,30000.0,10000.0,19000.0,0.0,25.49736821840108,16.5,19.0,0.0,10000.0,36970.68274931282,25000.0,0.0,26.81330690582176,17.0,20.0,0.0,122.0,10.206151112722825,9.0,11.0,1.0,13535.381515224588,10000.0,19000.0,1.0,16.5,17.282351755981715,19.0,1.0,20528.611950868057,10000.0,25000.0,1.0,18.602547038318765,17.0,20.0,1.0,0.0,211.0,1.0,13.0
11.0,22.0,11.0,22.0,-121.0,21.0,13.0,-111.0,10.201298210640637,9.0,11.0,30000.0,10000.0,19000.0,0.0,25.93687832077652,16.5,19.0,0.0,10000.0,37164.50123163273,25000.0,0.0,27.289794423429356,17.0,20.0,0.0,122.0,10.19303747716495,9.0,11.0,1.0,13861.302963782524,10000.0,19000.0,1.0,16.5,17.358065519938226,19.0,1.0,20910.034082628434,10000.0,25000.0,1.0,18.68912005194834,17.0,20.0,1.0,0.0,211.0,1.0,19.0
11.0,22.0,11.0,21.0,-121.0,21.0,12.0,-111.0,10.182582036276248,9.0,11.0,30000.0,10000.0,19000.0,0.0,24.288904047364866,16.5,19.0,0.0,10000.0,37058.93226299674,25000.0,0.0,25.622472295650766,17.0,20.0,0.0,122.0,10.184405160298002,9.0,11.0,1.0,15101.098823431515,10000.0,19000.0,1.0,16.5,17.52414880873709,19.0,1.0,22052.473636257244,10000.0,25000.0,1.0,18.8373973833003,17.0,20.0,1.0,0.0,211.0,1.0,53.0
91.0,24.0,91.0,21.0,-721.0,911.0,11.0,-711.0,15.254465483915245,12.0,17.0,30000.0,18000.0,36000.0,1.0,25.137068576886286,20.0,25.0,0.0,18000.0,34533.813275328444,36000.0,1.0,25.703362228052463,20.0,26.0,1.0,721.0,15.290175209652014,12.0,17.0,1.0,24619.811953650635,18000.0,36000.0,1.0,20.0,23.315725082552962,25.0,1.0,29102.981693296104,18000.0,36000.0,1.0,23.875693128541275,20.0,26.0,1.0,0.0,91121.0,7.0,21.0
11.0,22.0,11.0,22.0,-121.0,11.0,11.0,-111.0,9.990365418805935,9.0,11.0,30000.0,10000.0,19000.0,0.0,24.53064639761829,16.5,19.0,0.0,10000.0,36420.26793589182,25000.0,0.0,25.81452017578231,17.0,20.0,0.0,121.0,9.999615240708707,9.0,11.0,1.0,12804.662765608535,10000.0,19000.0,1.0,16.5,17.11641066121603,19.0,1.0,19295.324298562533,10000.0,25000.0,1.0,18.414361187316615,17.0,20.0,1.0,0.0,111.0,1.0,44.0
11.0,21.0,11.0,22.0,-121.0,21.0,12.0,-111.0,10.007182523774393,9.0,11.0,30000.0,10000.0,19000.0,0.0,26.235656863378857,16.5,19.0,0.0,10000.0,36363.33748199625,25000.0,0.0,27.50689247118508,17.0,20.0,0.0,121.0,9.99671480111753,9.0,11.0,1.0,14507.03867613258,10000.0,19000.0,1.0,16.5,17.40298786289181,19.0,1.0,21064.233357050667,10000.0,25000.0,1.0,18.712951288418882,17.0,20.0,1.0,0.0,211.0,1.0,37.0
11.0,22.0,11.0,22.0,-121.0,11.0,11.0,-111.0,9.990308185347688,9.0,11.0,30000.0,10000.0,19000.0,0.0,25.24584224666018,16.5,19.0,0.0,10000.0,36553.042989443595,25000.0,0.0,26.555823345848186,17.0,20.0,0.0,121.0,9.993526444022836,9.0,11.0,1.0,17906.397376565044,10000.0,19000.0,1.0,16.5,18.136582433335988,19.0,1.0,24405.462258583662,10000.0,25000.0,1.0,19.43577307981209,17.0,20.0,1.0,0.0,111.0,1.0,55.0
11.0,22.0,11.0,21.0,-121.0,21.0,13.0,-111.0,10.200526844118382,9.0,11.0,30000.0,10000.0,19000.0,0.0,24.32410504264075,16.5,19.0,0.0,10000.0,37102.29391214407,25000.0,0.0,25.66372598415308,17.0,20.0,0.0,122.0,10.21001936887015,9.0,11.0,1.0,12381.237872332593,10000.0,19000.0,1.0,16.5,17.066200046947145,19.0,1.0,19336.870491592777,10000.0,25000.0,1.0,18.378158019046086,17.0,20.0,1.0,0.0,211.0,1.0,33.0
11.0,22.0,11.0,22.0,-121.0,21.0,13.0,-111.0,9.991530413155967,9.0,11.0,30000.0,10000.0,19000.0,0.0,25.6109043350302,16.5,19.0,0.0,10000.0,36604.07261682491,25000.0,0.0,26.9364531931079,17.0,20.0,0.0,121.0,9.992493909426736,9.0,11.0,1.0,14359.026425409116,10000.0,19000.0,1.0,16.5,17.466034535062295,19.0,1.0,20776.890879267503,10000.0,25000.0,1.0,18.754208271437644,17.0,20.0,1.0,0.0,211.0,1.0,28.0
11.0,21.0,11.0,22.0,-121.0,11.0,12.0,-111.0,10.191353135130152,9.0,11.0,30000.0,10000.0,19000.0,0.0,25.243436108422493,16.5,19.0,0.0,10000.0,37131.66485170589,25000.0,0.0,26.585363091504128,17.0,20.0,0.0,122.0,10.168404695499822,9.0,11.0,1.0,17154.623152167605,10000.0,19000.0,1.0,16.5,17.90365393045147,19.0,1.0,24149.246716788148,10000.0,25000.0,1.0,19.21979459227993,17.0,20.0,1.0,0.0,111.0,1.0,51.0
91.0,24.0,91.0,21.0,-721.0,911.0,12.0,-711.0,15.372844176760188,12.0,17.0,30000.0,18000.0,36000.0,1.0,24.52146990302478,20.0,25.0,1.0,18000.0,34490.795645725746,36000.0,1.0,25.084805002734182,20.0,26.0,1.0,721.0,15.435023949439502,12.0,17.0,1.0,27737.383954594825,18000.0,36000.0,1.0,20.0,23.850887253736396,25.0,1.0,32289.307395360207,18000.0,36000.0,1.0,24.42189035600709,20.0,26.0,1.0,1.0,91121.0,7.0,14.0
11.0,22.0,11.0,22.0,-121.0,21.0,13.0,-111.0,10.198203619490133,9.0,11.0,30000.0,10000.0,19000.0,0.0,26.835123596859653,16.5,19.0,0.0,10000.0,37146.1022806368,25000.0,0.0,28.18388414722643,17.0,20.0,0.0,122.0,10.168101265815752,9.0,11.0,1.0,12689.411350373515,10000.0,19000.0,1.0,16.5,17.071593548377813,19.0,1.0,19606.60383664649,10000.0,25000.0,1.0,18.377149497396093,17.0,20.0,1.0,0.0,211.0,1.0,5.0
91.0,24.0,91.0,21.0,-721.0,911.0,11.0,-711.0,15.347723682379455,12.0,17.0,30000.0,18000.0,36000.0,1.0,24.05464551723569,20.0,25.0,1.0,18000.0,33968.4373640568,36000.0,1.0,24.536187326871207,20.0,26.0,1.0,722.0,15.339289660018414,12.0,17.0,1.0,23365.95313000386,18000.0,36000.0,1.0,20.0,23.08292398432333,25.0,1.0,27332.571318765393,18000.0,36000.0,1.0,23.564245049901835,20.0,26.0,1.0,1.0,91121.0,7.0,15.0
11.0,22.0,11.0,21.0,-121.0,21.0,13.0,-111.0,9.998981184750845,9.0,11.0,30000.0,10000.0,19000.0,0.0,24.636449894193134,16.5,19.0,0.0,10000.0,36535.65634506497,25000.0,0.0,25.945014549100936,17.0,20.0,0.0,121.0,10.002718907840176,9.0,11.0,1.0,12969.762754283744,10000.0,19000.0,1.0,16.5,17.094355362140384,19.0,1.0,19544.448727878233,10000.0,25000.0,1.0,18.410734502647088,17.0,20.0,1.0,0.0,211.0,1.0,20.0
11.0,22.0,11.0,22.0,-121.0,21.0,13.0,-111.0,10.170457142989205,9.0,11.0,30000.0,10000.0,19000.0,0.0,25.751019296704413,16.5,19.0,0.0,10000.0,36790.718231569466,25000.0,0.0,27.028452515790093,17.0,20.0,0.0,122.0,10.194841275113161,9.0,11.0,1.0,14475.798008194422,10000.0,19000.0,1.0,16.5,17.43750765057139,19.0,1.0,21310.63330135904,10000.0,25000.0,1.0,18.723239932891367,17.0,20.0,1.0,0.0,211.0,1.0,8.0
11.0,22.0,11.0,22.0,-121.0,21.0,13.0,-111.0,9.99572456919941,9.0,11.0,30000.0,10000.0,19000.0,0.0,25.838369241607133,16.5,19.0,0.0,10000.0,36564.49813523395,25000.0,0.0,27.15012747197268,17.0,20.0,0.0,121.0,10.003757820926522,9.0,11.0,1.0,15236.870865096189,10000.0,19000.0,1.0,16.5,17.60255737020097,19.0,1.0,21802.18609304035,10000.0,25000.0,1.0,18.91447887703724,17.0,20.0,1.0,0.0,211.0,1.0,5.0
11.0,22.0,11.0,22.0,-121.0,11.0,12.0,-111.0,10.234453321900535,9.0,11.0,30000.0,10000.0,19000.0,0.0,24.958395260362717,16.5,19.0,0.0,10000.0,36900.94965275246,25000.0,0.0,26.260967274026875,17.0,20.0,0.0,122.0,10.221684329668125,9.0,11.0,1.0,18225.502611683143,10000.0,19000.0,1.0,16.5,18.182007711272043,19.0,1.0,25175.243343807688,10000.0,25000.0,0.0,19.493789166781816,17.0,20.0,1.0,0.0,111.0,1.0,42.0
11.0,21.0,11.0,22.0,-121.0,21.0,13.0,-111.0,10.020886380298009,9.0,11.0,30000.0,10000.0,19000.0,0.0,28.151827516509012,16.5,19.0,0.0,10000.0,36416.32198911901,25000.0,0.0,29.43121423739989,17.0,20.0,0.0,121.0,10.005134993273266,9.0,11.0,1.0,13843.41328794365,10000.0,19000.0,1.0,16.5,17.258705716991624,19.0,1.0,20356.311132152572,10000.0,25000.0,1.0,18.557349243692784,17.0,20.0,1.0,0.0,211.0,1.0,32.0
11.0,22.0,11.0,22.0,-121.0,11.0,12.0,-111.0,9.987857286515322,9.0,11.0,30000.0,10000.0,19000.0,0.0,23.314851067438642,16.5,19.0,0.0,10000.0,36551.84699051372,25000.0,0.0,24.632962181660712,17.0,20.0,0.0,121.0,9.998094387033966,9.0,11.0,1.0,14549.549581165598,10000.0,19000.0,1.0,16.5,17.44675095032823,19.0,1.0,21057.471932622666,10000.0,25000.0,1.0,18.756025235025344,17.0,20.0,1.0,0.0,111.0,1.0,42.0
11.0,21.0,11.0,22.0,-121.0,21.0,13.0,-111.0,10.194117010116027,9.0,11.0,30000.0,10000.0,19000.0,0.0,28.028296776305943,16.5,19.0,0.0,10000.0,37105.57174891324,25000.0,0.0,29.370262657070167,17.0,20.0,0.0,122.0,10.177812049075017,9.0,11.0,1.0,15224.113339260992,10000.0,19000.0,1.0,16.5,17.573555264834585,19.0,1.0,22144.32082054186,10000.0,25000.0,1.0,18.88051305174436,17.0,20.0,1.0,0.0,211.0,1.0,32.0
81.0,23.0,81.0,23.0,-721.0,912.0,12.0,-711.0,14.468035621395819,12.0,17.0,30000.0,12500.0,23000.0,0.0,26.55474502924624,20.0,24.0,0.0,12500.0,34472.25418693409,26000.0,0.0,27.112565933196727,20.0,25.0,0.0,721.0,14.660896136207207,12.0,17.0,1.0,17547.32568167435,12500.0,23000.0,1.0,20.0,21.48256344714192,24.0,1.0,22037.45975947956,12500.0,26000.0,1.0,22.042614496444475,20.0,25.0,1.0,0.0,912.0,7.0,31.0
11.0,22.0,11.0,22.0,-121.0,11.0,12.0,-111.0,9.978293233762523,9.0,11.0,30000.0,10000.0,19000.0,0.0,23.688510616838634,16.5,19.0,0.0,10000.0,36497.67927851311,25000.0,0.0,24.98696004869309,17.0,20.0,0.0,121.0,9.982108646199784,9.0,11.0,1.0,16410.228652399263,10000.0,19000.0,1.0,16.5,17.807989941742132,19.0,1.0,22932.95106532381,10000.0,25000.0,1.0,19.11144381322104,17.0,20.0,1.0,0.0,111.0,1.0,14.0
11.0,22.0,11.0,21.0,-121.0,21.0,13.0,-111.0,10.008353007316146,9.0,11.0,30000.0,10000.0,19000.0,0.0,26.858378462914615,16.5,19.0,0.0,10000.0,36471.48443852622,25000.0,0.0,28.154087832739087,17.0,20.0,0.0,121.0,9.997323858506805,9.0,11.0,1.0,11418.889628566261,10000.0,19000.0,1.0,16.5,16.738801825872017,19.0,1.0,17969.436951192878,10000.0,25000.0,1.0,18.050341028976217,17.0,20.0,1.0,0.0,211.0,1.0,58.0
81.0,23.0,81.0,21.0,-721.0,912.0,12.0,-711.0,15.226659523853867,12.0,17.0,30000.0,12500.0,23000.0,0.0,25.667457404168694,20.0,24.0,0.0,12500.0,33882.424631600865,26000.0,0.0,26.14089048751744,20.0,25.0,0.0,722.0,14.91158445377234,12.0,17.0,1.0,13974.510907093327,12500.0,23000.0,1.0,20.0,20.97983283163363,24.0,1.0,17967.668935251335,12500.0,26000.0,1.0,21.466769036958013,20.0,25.0,1.0,0.0,912.0,7.0,30.0
91.0,24.0,91.0,24.0,-721.0,911.0,12.0,-711.0,15.227832829606198,12.0,17.0,30000.0,18000.0,36000.0,1.0,25.068820809900316,20.0,25.0,0.0,18000.0,33963.981873980796,36000.0,1.0,25.551571305489112,20.0,26.0,1.0,722.0,15.195146028061822,12.0,17.0,1.0,26077.53130064837,18000.0,36000.0,1.0,20.0,23.34545612811675,25.0,1.0,30036.429148428862,18000.0,36000.0,1.0,23.827587469469776,20.0,26.0,1.0,0.0,91121.0,7.0,13.0
11.0,22.0,11.0,21.0,-121.0,11.0,12.0,-111.0,10.222561334634241,9.0,11.0,30000.0,10000.0,19000.0,0.0,23.827107999371066,16.5,19.0,0.0,10000.0,36980.715703292524,25000.0,0.0,25.13849181876366,17.0,20.0,0.0,122.0,10.215788308032359,9.0,11.0,1.0,12892.062299864016,10000.0,19000.0,1.0,16.5,17.115982933336447,19.0,1.0,19818.730000729178,10000.0,25000.0,1.0,18.417213398994797,17.0,20.0,1.0,0.0,111.0,1.0,10.0
11.0,22.0,11.0,21.0,-121.0,11.0,12.0,-111.0,9.992166559278624,9.0,11.0,30000.0,10000.0,19000.0,0.0,23.350024260460067,16.5,19.0,0.0,10000.0,36541.43258104331,25000.0,0.0,24.65364712007813,17.0,20.0,0.0,121.0,10.012043437150957,9.0,11.0,1.0,14073.375398234779,10000.0,19000.0,1.0,16.5,17.282745057562423,19.0,1.0,20616.842055286495,10000.0,25000.0,1.0,18.58677328220564,17.0,20.0,1.0,0.0,111.0,1.0,46.0
11.0,22.0,11.0,22.0,-121.0,21.0,13.0,-111.0,10.194065452994865,9.0,11.0,30000.0,10000.0,19000.0,0.0,24.195808346690214,16.5,19.0,0.0,10000.0,37080.59222729324,25000.0,0.0,25.52496697846038,17.0,20.0,0.0,122.0,10.196386378667716,9.0,11.0,1.0,13444.538151466122,10000.0,19000.0,1.0,16.5,17.23085505547071,19.0,1.0,20514.29576854059,10000.0,25000.0,1.0,18.557979829728414,17.0,20.0,1.0,0.0,211.0,1.0,21.0
81.0,23.0,81.0,21.0,-721.0,912.0,12.0,-711.0,14.995549999437802,12.0,17.0,30000.0,12500.0,23000.0,0.0,25.513450354672937,20.0,24.0,0.0,12500.0,34012.33726160961,26000.0,0.0,26.00502276095394,20.0,25.0,0.0,722.0,15.05595002782663,12.0,17.0,1.0,14193.271874077629,12500.0,23000.0,1.0,20.0,21.222245474215324,24.0,1.0,18299.759060526034,12500.0,26000.0,1.0,21.725352679813174,20.0,25.0,1.0,0.0,912.0,7.0,11.0
11.0,22.0,11.0,22.0,-121.0,11.0,11.0,-111.0,10.198993868924633,9.0,11.0,30000.0,10000.0,19000.0,0.0,23.81848353995875,16.5,19.0,0.0,10000.0,36952.26548245288,25000.0,0.0,25.130009016492316,17.0,20.0,0.0,122.0,10.182763753608643,9.0,11.0,1.0,12736.241964653731,10000.0,19000.0,1.0,16.5,17.083451120300555,19.0,1.0,19642.767831374615,10000.0,25000.0,1.0,18.386347946005014,17.0,20.0,1.0,0.0,111.0,1.0,55.0
11.0,22.0,11.0,21.0,-121.0,11.0,12.0,-111.0,10.002850378166539,9.0,11.0,30000.0,10000.0,19000.0,0.0,23.57658082767977,16.5,19.0,0.0,10000.0,36489.54494759919,25000.0,0.0,24.875646253875942,17.0,20.0,0.0,121.0,10.00993772158125,9.0,11.0,1.0,13229.627343603834,10000.0,19000.0,1.0,16.5,17.121937700745804,19.0,1.0,19769.027293856467,10000.0,25000.0,1.0,18.430983011632343,17.0,20.0,1.0,0.0,111.0,1.0,46.0
11.0,21.0,11.0,22.0,-121.0,11.0,12.0,-111.0,9.986036497059706,9.0,11.0,30000.0,10000.0,19000.0,0.0,25.521813748902183,16.5,19.0,0.0,10000.0,36524.03480918708,25000.0,0.0,26.828417906693456,17.0,20.0,0.0,121.0,9.995521903941398,9.0,11.0,1.0,13912.436540999179,10000.0,19000.0,1.0,16.5,17.332083373685457,19.0,1.0,20484.8310014111,10000.0,25000.0,1.0,18.648372783503703,17.0,20.0,1.0,0.0,111.0,1.0,7.0
11.0,22.0,11.0,21.0,-121.0,11.0,11.0,-111.0,10.198203911752032,9.0,11.0,30000.0,10000.0,19000.0,0.0,25.26192842842419,16.5,19.0,0.0,10000.0,37100.958614643285,25000.0,0.0,26.600192643798493,17.0,20.0,0.0,122.0,10.180196506575129,9.0,11.0,1.0,14041.065264167966,10000.0,19000.0,1.0,16.5,17.319856192344492,19.0,1.0,21046.429673558654,10000.0,25000.0,1.0,18.640104487470666,17.0,20.0,1.0,0.0,111.0,1.0,12.0
11.0,22.0,11.0,22.0,-121.0,11.0,11.0,-111.0,9.99280997228591,9.0,11.0,30000.0,10000.0,19000.0,0.0,25.466811608767024,16.5,19.0,0.0,10000.0,36617.02616303025,25000.0,0.0,26.78093352457196,17.0,20.0,0.0,121.0,9.995948830411749,9.0,11.0,1.0,17267.52615247256,10000.0,19000.0,1.0,16.5,17.972408938385676,19.0,1.0,23834.712796897264,10000.0,25000.0,1.0,19.27663287252044,17.0,20.0,1.0,0.0,111.0,1.0,44.0
81.0,23.0,81.0,23.0,-721.0,912.0,12.0,-711.0,15.080588386296647,12.0,17.0,30000.0,12500.0,23000.0,0.0,25.848865473474753,20.0,24.0,0.0,12500.0,33831.2296356629,26000.0,0.0,26.317706181281764,20.0,25.0,0.0,722.0,15.145744358383936,12.0,17.0,1.0,17765.328964101336,12500.0,23000.0,1.0,20.0,21.87954435372828,24.0,1.0,21825.16230833283,12500.0,26000.0,1.0,22.37636008123522,20.0,25.0,1.0,0.0,912.0,7.0,5.0
11.0,22.0,11.0,22.0,-121.0,21.0,13.0,-111.0,10.192045796710387,9.0,11.0,30000.0,10000.0,19000.0,0.0,26.493852574738803,16.5,19.0,0.0,10000.0,37119.2302650653,25000.0,0.0,27.840011405097613,17.0,20.0,0.0,122.0,10.182820689251407,9.0,11.0,1.0,14109.844728644475,10000.0,19000.0,1.0,16.5,17.369277069827035,19.0,1.0,20862.064545281002,10000.0,25000.0,1.0,18.64603874099987,17.0,20.0,1.0,0.0,211.0,1.0,41.0
11.0,22.0,11.0,22.0,-121.0,11.0,11.0,-111.0,10.244906863609554,9.0,11.0,30000.0,10000.0,19000.0,0.0,23.912785898289254,16.5,19.0,0.0,10000.0,36925.42071593905,25000.0,0.0,25.219367413446232,17.0,20.0,0.0,122.0,10.231159523445802,9.0,11.0,1.0,18762.109654031177,10000.0,19000.0,1.0,16.5,18.326399264108108,19.0,1.0,25733.486691261132,10000.0,25000.0,0.0,19.641651108818515,17.0,20.0,1.0,0.0,111.0,1.0,30.0
11.0,21.0,11.0,22.0,-121.0,21.0,13.0,-111.0,10.1935506876834,9.0,11.0,30000.0,10000.0,19000.0,0.0,27.501691056797036,16.5,19.0,0.0,10000.0,36965.047516607636,25000.0,0.0,28.80938512524824,17.0,20.0,0.0,122.0,10.202705425065396,9.0,11.0,1.0,15449.55543930261,10000.0,19000.0,1.0,16.5,17.635256267649414,19.0,1.0,22534.31073090929,10000.0,25000.0,1.0,18.96542558080505,17.0,20.0,1.0,0.0,211.0,1.0,9.0
11.0,22.0,11.0,22.0,-121.0,21.0,13.0,-111.0,9.99371213502099,9.0,11.0,30000.0,10000.0,19000.0,0.0,25.970015569583992,16.5,19.0,0.0,10000.0,36564.14971215688,25000.0,0.0,27.284090474482145,17.0,20.0,0.0,121.0,10.001677224493568,9.0,11.0,1.0,13939.848275795983,10000.0,19000.0,1.0,16.5,17.300827385036257,19.0,1.0,20473.021785177563,10000.0,25000.0,1.0,18.60870117440521,17.0,20.0,1.0,0.0,211.0,1.0,41.0
81.0,23.0,81.0,23.0,-721.0,912.0,11.0,-711.0,15.248885035418834,12.0,17.0,30000.0,12500.0,23000.0,0.0,25.766738185322787,20.0,24.0,0.0,12500.0,33938.15558548138,26000.0,0.0,26.247403757639564,20.0,25.0,0.0,722.0,15.096708114553737,12.0,17.0,1.0,16216.868400935264,12500.0,23000.0,1.0,20.0,21.580309119840447,24.0,1.0,20236.049124139547,12500.0,26000.0,1.0,22.07086409173788,20.0,25.0,1.0,0.0,912.0,7.0,17.0
11.0,22.0,11.0,22.0,-121.0,11.0,11.0,-111.0,10.00787767216981,9.0,11.0,30000.0,10000.0,19000.0,0.0,25.118535087808805,16.5,19.0,0.0,10000.0,36562.723478363594,25000.0,0.0,26.42769323372661,17.0,20.0,0.0,121.0,9.986063882679456,9.0,11.0,1.0,17030.463963500737,10000.0,19000.0,1.0,16.5,17.89680816662823,19.0,1.0,23433.511505911512,10000.0,25000.0,1.0,19.174113522625987,17.0,20.0,1.0,0.0,111.0,1.0,50.0
11.0,22.0,11.0,22.0,-121.0,21.0,13.0,-111.0,10.006653223458539,9.0,11.0,30000.0,10000.0,19000.0,0.0,25.921876706203445,16.5,19.0,0.0,10000.0,36431.56394715514,25000.0,0.0,27.202112536564123,17.0,20.0,0.0,121.0,10.002153371373462,9.0,11.0,1.0,15298.292843906185,10000.0,19000.0,1.0,16.5,17.56451136510441,19.0,1.0,21800.11164525808,10000.0,25000.0,1.0,18.858731784958167,17.0,20.0,1.0,0.0,211.0,1.0,19.0
11.0,21.0,11.0,22.0,-121.0,21.0,13.0,-111.0,10.006318427667907,9.0,11.0,30000.0,10000.0,19000.0,0.0,27.062432687054066,16.5,19.0,0.0,10000.0,36449.65483559142,25000.0,0.0,28.34897318217272,17.0,20.0,0.0,121.0,10.01445586379723,9.0,11.0,1.0,16377.188582784356,10000.0,19000.0,1.0,16.5,17.82649203892293,19.0,1.0,22880.62968922945,10000.0,25000.0,1.0,19.12376151369997,17.0,20.0,1.0,0.0,211.0,1.0,32.0
11.0,22.0,11.0,22.0,-121.0,11.0,11.0,-111.0,10.184599317194213,9.0,11.0,30000.0,10000.0,19000.0,0.0,24.02788494199229,16.5,19.0,0.0,10000.0,37249.66677620623,25000.0,0.0,25.401200416708257,17.0,20.0,0.0,122.0,10.222255544829068,9.0,11.0,1.0,14250.087884131457,10000.0,19000.0,1.0,16.5,17.4342479676406,19.0,1.0,21248.996004515015,10000.0,25000.0,1.0,18.760061846339703,17.0,20.0,1.0,0.0,111.0,1.0,17.0
11.0,22.0,11.0,22.0,-121.0,21.0,13.0,-111.0,9.993663072364425,9.0,11.0,30000.0,10000.0,19000.0,0.0,26.351016613639125,16.5,19.0,0.0,10000.0,36485.156915269625,25000.0,0.0,27.64188177186539,17.0,20.0,0.0,121.0,10.013847998410014,9.0,11.0,1.0,14300.93073680326,10000.0,19000.0,1.0,16.5,17.40758808162512,19.0,1.0,20809.826660689625,10000.0,25000.0,1.0,18.703178470021534,17.0,20.0,1.0,0.0,211.0,1.0,13.0
91.0,24.0,91.0,24.0,-721.0,911.0,12.0,-711.0,15.05221444239654,12.0,17.0,30000.0,18000.0,36000.0,1.0,24.223173816157907,20.0,25.0,1.0,18000.0,34524.36870455062,36000.0,1.0,24.789544951560373,20.0,26.0,1.0,721.0,14.327045017217738,12.0,17.0,1.0,28079.69608778556,18000.0,36000.0,1.0,20.0,22.762629081083027,25.0,1.0,32579.389141632884,18000.0,36000.0,1.0,23.325911260386146,20.0,26.0,1.0,1.0,91121.0,7.0,23.0
11.0,22.0,11.0,22.0,-121.0,21.0,13.0,-111.0,10.210767693602591,9.0,11.0,30000.0,10000.0,19000.0,0.0,24.627205435970904,16.5,19.0,0.0,10000.0,37226.474135847355,25000.0,0.0,25.989131671377393,17.0,20.0,0.0,122.0,10.20514648650866,9.0,11.0,1.0,13964.064329094783,10000.0,19000.0,1.0,16.5,17.379594273435945,19.0,1.0,21121.493872792795,10000.0,25000.0,1.0,18.72850812691268,17.0,20.0,1.0,0.0,211.0,1.0,8.0
11.0,22.0,11.0,21.0,-121.0,11.0,11.0,-111.0,10.215184551298622,9.0,11.0,30000.0,10000.0,19000.0,0.0,28.36740793497337,16.5,19.0,0.0,10000.0,37171.590753459495,25000.0,0.0,29.71889765037377,17.0,20.0,0.0,122.0,10.184439302786824,9.0,11.0,1.0,13261.577156127163,10000.0,19000.0,1.0,16.5,17.16448784661794,19.0,1.0,20115.15719441841,10000.0,25000.0,1.0,18.45604829029718,17.0,20.0,1.0,0.0,111.0,1.0,26.0
81.0,23.0,81.0,21.0,-721.0,912.0,11.0,-711.0,15.243915374313529,12.0,17.0,30000.0,12500.0,23000.0,0.0,26.965071302349337,20.0,24.0,0.0,12500.0,34477.95056152568,26000.0,0.0,27.525854537536954,20.0,25.0,0.0,721.0,15.634371514856927,12.0,17.0,1.0,16271.493408464466,12500.0,23000.0,1.0,20.0,22.179588649200657,24.0,1.0,20828.255106051056,12500.0,26000.0,1.0,22.750241569915573,20.0,25.0,1.0,0.0,912.0,7.0,12.0
11.0,22.0,11.0,22.0,-121.0,11.0,11.0,-111.0,10.160248359990728,9.0,11.0,30000.0,10000.0,19000.0,0.0,25.543163208440646,16.5,19.0,0.0,10000.0,37167.58517853471,25000.0,0.0,26.889426667983667,17.0,20.0,0.0,122.0,10.204770635169828,9.0,11.0,1.0,15829.57673272714,10000.0,19000.0,1.0,16.5,17.696863817139658,19.0,1.0,22702.526025178257,10000.0,25000.0,1.0,18.987786807413848,17.0,20.0,1.0,0.0,111.0,1.0,11.0
11.0,21.0,11.0,22.0,-121.0,11.0,12.0,-111.0,9.996133276621489,9.0,11.0,30000.0,10000.0,19000.0,0.0,25.30337905434544,16.5,19.0,0.0,10000.0,36487.6737290899,25000.0,0.0,26.59361742288077,17.0,20.0,0.0,121.0,9.996469480838913,9.0,11.0,1.0,17196.302695091323,10000.0,19000.0,1.0,16.5,17.93771351597463,19.0,1.0,23679.906275915222,10000.0,25000.0,1.0,19.227142432358427,17.0,20.0,1.0,0.0,111.0,1.0,51.0
92.0,24.0,92.0,24.0,-721.0,921.0,13.0,-711.0,16.037061096619915,12.0,17.0,30000.0,15000.0,28000.0,0.0,25.16723427500149,19.5,25.0,0.0,15000.0,34476.17100197403,28000.0,0.0,25.729455303202137,20.0,26.0,1.0,721.0,15.300875122136633,12.0,17.0,1.0,22529.46476970771,15000.0,28000.0,1.0,19.5,22.251764428645902,25.0,1.0,26985.228996950987,15000.0,28000.0,1.0,22.811422302340986,20.0,26.0,1.0,0.0,92122.0,7.0,25.0
11.0,22.0,11.0,22.0,-121.0,21.0,13.0,-111.0,10.208334099660552,9.0,11.0,30000.0,10000.0,19000.0,0.0,25.108769280504248,16.5,19.0,0.0,10000.0,37050.590052987594,25000.0,0.0,26.435506754320926,17.0,20.0,0.0,122.0,10.189096607548318,9.0,11.0,1.0,14447.363935737088,10000.0,19000.0,1.0,16.5,17.41734999295718,19.0,1.0,21391.512346823725,10000.0,25000.0,1.0,18.724057921158067,17.0,20.0,1.0,0.0,211.0,1.0,4.0
11.0,21.0,11.0,21.0,-121.0,21.0,13.0,-111.0,10.000751795927965,9.0,11.0,30000.0,10000.0,19000.0,0.0,26.438794906009363,16.5,19.0,0.0,10000.0,36462.418015023606,25000.0,0.0,27.729216136226043,17.0,20.0,0.0,121.0,9.993829146023064,9.0,11.0,1.0,12366.149669769873,10000.0,19000.0,1.0,16.5,16.8881868870491,19.0,1.0,18942.07139521934,10000.0,25000.0,1.0,18.201272636537265,17.0,20.0,1.0,0.0,211.0,1.0,34.0
91.0,24.0,91.0,24.0,-721.0,911.0,11.0,-711.0,15.18994867660624,12.0,17.0,30000.0,18000.0,36000.0,1.0,24.32744255269,20.0,25.0,1.0,18000.0,33973.680823964445,36000.0,1.0,24.812399056699384,20.0,26.0,1.0,722.0,15.074566500381108,12.0,17.0,1.0,27556.331340294826,18000.0,36000.0,1.0,20.0,23.44646443081562,25.0,1.0,31551.758691604024,18000.0,36000.0,1.0,23.934074927519095,20.0,26.0,1.0,1.0,91121.0,7.0,4.0
91.0,24.0,91.0,24.0,-721.0,911.0,12.0,-711.0,15.049468651870892,12.0,17.0,30000.0,18000.0,36000.0,1.0,23.93507918999958,20.0,25.0,1.0,18000.0,34523.80757198249,36000.0,1.0,24.50331679437165,20.0,26.0,1.0,721.0,16.098410630926242,12.0,17.0,1.0,25084.297888571582,18000.0,36000.0,1.0,20.0,24.24599570057846,25.0,1.0,29534.618143477957,18000.0,36000.0,1.0,24.80500252836629,20.0,26.0,1.0,1.0,91121.0,7.0,24.0
91.0,24.0,91.0,21.0,-721.0,911.0,12.0,-711.0,15.219948701974978,12.0,17.0,30000.0,18000.0,36000.0,1.0,25.22613929745124,20.0,25.0,0.0,18000.0,34033.502447552295,36000.0,1.0,25.714831733071694,20.0,26.0,1.0,722.0,15.322371177748218,12.0,17.0,1.0,28866.0123421848,18000.0,36000.0,1.0,20.0,23.715728287497086,25.0,1.0,32804.614883207185,18000.0,36000.0,1.0,24.192922808571737,20.0,26.0,1.0,0.0,91121.0,7.0,14.0
81.0,23.0,81.0,23.0,-721.0,912.0,11.0,-711.0,14.234024512026851,12.0,17.0,30000.0,12500.0,23000.0,0.0,25.735473380720464,20.0,24.0,0.0,12500.0,34495.223398224545,26000.0,0.0,26.29876113443231,20.0,25.0,0.0,721.0,15.655212313081442,12.0,17.0,1.0,19034.32712650682,12500.0,23000.0,1.0,20.0,22.62532758937965,24.0,1.0,23539.32156110465,12500.0,26000.0,1.0,23.189839732769734,20.0,25.0,1.0,0.0,912.0,7.0,17.0
11.0,21.0,11.0,21.0,-121.0,21.0,13.0,-111.0,10.001234711708259,9.0,11.0,30000.0,10000.0,19000.0,0.0,26.770565528962237,16.5,19.0,0.0,10000.0,36514.2740282768,25000.0,0.0,28.07049430431793,17.0,20.0,0.0,121.0,9.996421869161708,9.0,11.0,1.0,12096.224603988281,10000.0,19000.0,1.0,16.5,16.873749988289394,19.0,1.0,18576.166260746806,10000.0,25000.0,1.0,18.16682771048566,17.0,20.0,1.0,0.0,211.0,1.0,34.0
11.0,22.0,11.0,21.0,-121.0,11.0,12.0,-111.0,9.997231360921143,9.0,11.0,30000.0,10000.0,19000.0,0.0,24.636601350735,16.5,19.0,0.0,10000.0,36435.43763394317,25000.0,0.0,25.923079600072032,17.0,20.0,0.0,121.0,10.004569568236205,9.0,11.0,1.0,13080.801663465616,10000.0,19000.0,1.0,16.5,17.08402853255623,19.0,1.0,19598.430892972923,10000.0,25000.0,1.0,18.386937319486208,17.0,20.0,1.0,0.0,111.0,1.0,10.0
11.0,22.0,11.0,22.0,-121.0,11.0,11.0,-111.0,9.999720453905207,9.0,11.0,30000.0,10000.0,19000.0,0.0,23.966542835069106,16.5,19.0,0.0,10000.0,36471.46877443375,25000.0,0.0,25.26266398340909,17.0,20.0,0.0,121.0,9.993973844499232,9.0,11.0,1.0,14867.95501603402,10000.0,19000.0,1.0,16.5,17.492802474483675,19.0,1.0,21446.379291139885,10000.0,25000.0,1.0,18.81034492472348,17.0,20.0,1.0,0.0,111.0,1.0,50.0
11.0,22.0,11.0,22.0,-121.0,21.0,12.0,-111.0,10.207274195640606,9.0,11.0,30000.0,10000.0,19000.0,0.0,23.70810150058732,16.5,19.0,0.0,10000.0,36892.48602449779,25000.0,0.0,25.005321702177653,17.0,20.0,0.0,122.0,10.192089384245676,9.0,11.0,1.0,15745.772461917226,10000.0,19000.0,1.0,16.5,17.74484562666671,19.0,1.0,22658.527359466698,10000.0,25000.0,1.0,19.045880589939934,17.0,20.0,1.0,0.0,211.0,1.0,48.0
81.0,23.0,81.0,23.0,-721.0,912.0,11.0,-711.0,14.42189728164032,12.0,17.0,30000.0,12500.0,23000.0,0.0,25.896908162334352,20.0,24.0,0.0,12500.0,34475.65129593578,26000.0,0.0,26.459012421271495,20.0,25.0,0.0,721.0,15.058612525417029,12.0,17.0,1.0,17206.816987534272,12500.0,23000.0,1.0,20.0,21.826919779783836,24.0,1.0,21724.548457097346,12500.0,26000.0,1.0,22.394308955540616,20.0,25.0,1.0,0.0,912.0,7.0,17.0
91.0,24.0,91.0,24.0,-721.0,911.0,12.0,-711.0,15.02139759478875,12.0,17.0,30000.0,18000.0,36000.0,1.0,24.345760273649038,20.0,25.0,1.0,18000.0,33948.95105750438,36000.0,1.0,24.828070072366348,20.0,26.0,1.0,722.0,15.185370775524273,12.0,17.0,1.0,29672.73283602874,18000.0,36000.0,1.0,20.0,23.736947782719085,25.0,1.0,33583.74146556447,18000.0,36000.0,1.0,24.214623438209518,20.0,26.0,1.0,1.0,91121.0,7.0,23.0
11.0,22.0,11.0,22.0,-121.0,21.0,13.0,-111.0,10.213336118253444,9.0,11.0,30000.0,10000.0,19000.0,0.0,26.1833760734037,16.5,19.0,0.0,10000.0,37168.85735965604,25000.0,0.0,27.53895585691772,17.0,20.0,0.0,122.0,10.194349089353928,9.0,11.0,1.0,12654.434185607863,10000.0,19000.0,1.0,16.5,17.111054476927247,19.0,1.0,19666.80838022336,10000.0,25000.0,1.0,18.43704441029541,17.0,20.0,1.0,0.0,211.0,1.0,41.0
91.0,21.0,91.0,24.0,-721.0,911.0,11.0,-711.0,14.261860396691477,12.0,17.0,30000.0,18000.0,36000.0,1.0,24.119978268799667,20.0,25.0,1.0,18000.0,34429.29449159234,36000.0,1.0,24.671231668797283,20.0,26.0,1.0,721.0,14.644254331524177,12.0,17.0,1.0,25835.67089001584,18000.0,36000.0,1.0,20.0,22.863131976959714,25.0,1.0,30339.4087317946,18000.0,36000.0,1.0,23.423650317451887,20.0,26.0,1.0,1.0,91121.0,7.0,18.0
11.0,21.0,11.0,22.0,-121.0,11.0,11.0,-111.0,10.192031601981196,9.0,11.0,30000.0,10000.0,19000.0,0.0,23.958620310946568,16.5,19.0,0.0,10000.0,36956.69375134193,25000.0,0.0,25.274861158534527,17.0,20.0,0.0,122.0,10.204097312291331,9.0,11.0,1.0,17750.610395826374,10000.0,19000.0,1.0,16.5,18.068058131700358,19.0,1.0,24659.202195267284,10000.0,25000.0,1.0,19.375197852200664,17.0,20.0,1.0,0.0,111.0,1.0,29.0
11.0,22.0,11.0,22.0,-121.0,21.0,13.0,-111.0,10.002256018565229,9.0,11.0,30000.0,10000.0,19000.0,0.0,25.779133293376418,16.5,19.0,0.0,10000.0,36514.95073331921,25000.0,0.0,27.079157487756547,17.0,20.0,0.0,121.0,10.021520553441936,9.0,11.0,1.0,14848.994131474785,10000.0,19000.0,1.0,16.5,17.481650048871202,19.0,1.0,21361.591929348655,10000.0,25000.0,1.0,18.781204727343695,17.0,20.0,1.0,0.0,211.0,1.0,5.0
11.0,21.0,11.0,22.0,-121.0,11.0,11.0,-111.0,9.997701592949154,9.0,11.0,30000.0,10000.0,19000.0,0.0,24.885047741281106,16.5,19.0,0.0,10000.0,36423.17320465963,25000.0,0.0,26.1689540206076,17.0,20.0,0.0,121.0,10.003460930132517,9.0,11.0,1.0,13308.093749089196,10000.0,19000.0,1.0,16.5,17.223529229690318,19.0,1.0,19835.210273838937,10000.0,25000.0,1.0,18.528212386286903,17.0,20.0,1.0,0.0,111.0,1.0,35.0
91.0,24.0,91.0,24.0,-721.0,911.0,11.0,-711.0,15.323624739245314,12.0,17.0,30000.0,18000.0,36000.0,1.0,24.88239274292321,20.0,25.0,1.0,18000.0,34077.043987449455,36000.0,1.0,25.381066944654652,20.0,26.0,1.0,722.0,15.179760488813923,12.0,17.0,1.0,26967.591940550446,18000.0,36000.0,1.0,20.0,23.47607101852236,25.0,1.0,31049.012822342364,18000.0,36000.0,1.0,23.975280569957906,20.0,26.0,1.0,1.0,91121.0,7.0,28.0
91.0,24.0,91.0,24.0,-721.0,911.0,12.0,-711.0,14.59043985919596,12.0,17.0,30000.0,18000.0,36000.0,1.0,23.338420340016135,20.0,25.0,1.0,18000.0,34424.319067091135,36000.0,1.0,23.894492039473462,20.0,26.0,1.0,721.0,14.306796079884734,12.0,17.0,1.0,25173.367954185764,18000.0,36000.0,1.0,20.0,22.52077098114289,25.0,1.0,29704.638963545185,18000.0,36000.0,1.0,23.09028496344545,20.0,26.0,1.0,1.0,91121.0,7.0,23.0
11.0,22.0,11.0,22.0,-121.0,21.0,12.0,-111.0,10.17411854307387,9.0,11.0,30000.0,10000.0,19000.0,0.0,23.862457941136313,16.5,19.0,0.0,10000.0,37199.58809860825,25000.0,0.0,25.227421065873912,17.0,20.0,0.0,122.0,10.1768104970902,9.0,11.0,1.0,17302.78792049247,10000.0,19000.0,1.0,16.5,17.977678674529486,19.0,1.0,24149.855149627438,10000.0,25000.0,1.0,19.275807699740685,17.0,20.0,1.0,0.0,211.0,1.0,25.0
11.0,22.0,11.0,22.0,-121.0,11.0,11.0,-111.0,9.99593661035327,9.0,11.0,30000.0,10000.0,19000.0,0.0,25.664249497054392,16.5,19.0,0.0,10000.0,36475.421517776456,25000.0,0.0,26.9598591073257,17.0,20.0,0.0,121.0,9.991861751418696,9.0,11.0,1.0,18468.30233558449,10000.0,19000.0,1.0,16.5,18.240981713411415,19.0,1.0,24917.42716917054,10000.0,25000.0,1.0,19.531329853574274,17.0,20.0,1.0,0.0,111.0,1.0,38.0
11.0,22.0,11.0,22.0,-121.0,21.0,13.0,-111.0,10.182546181560491,9.0,11.0,30000.0,10000.0,19000.0,0.0,25.27146710755221,16.5,19.0,0.0,10000.0,36948.57575095002,25000.0,0.0,26.581087725896207,17.0,20.0,0.0,122.0,10.192765985465908,9.0,11.0,1.0,13953.659201864371,10000.0,19000.0,1.0,16.5,17.33607032470638,19.0,1.0,21067.308850468966,10000.0,25000.0,1.0,18.676802956168935,17.0,20.0,1.0,0.0,211.0,1.0,21.0
91.0,24.0,91.0,21.0,-721.0,911.0,12.0,-711.0,15.209228388140613,12.0,17.0,30000.0,18000.0,36000.0,1.0,26.033911312425015,20.0,25.0,0.0,18000.0,34006.715245056694,36000.0,1.0,26.523121967945816,20.0,26.0,0.0,722.0,15.3416001348487,12.0,17.0,1.0,25657.26798337365,18000.0,36000.0,1.0,20.0,23.38131935245852,25.0,1.0,29643.304230001686,18000.0,36000.0,1.0,23.868005150144892,20.0,26.0,1.0,0.0,91121.0,7.0,29.0
91.0,24.0,91.0,24.0,-721.0,911.0,11.0,-711.0,15.320444019584551,12.0,17.0,30000.0,18000.0,36000.0,1.0,24.136836246465215,20.0,25.0,1.0,18000.0,34007.57546950553,36000.0,1.0,24.6246558610674,20.0,26.0,1.0,722.0,15.112447429914457,12.0,17.0,1.0,23883.541046332004,18000.0,36000.0,1.0,20.0,23.058398142997927,25.0,1.0,27946.70812017824,18000.0,36000.0,1.0,23.552984610828688,20.0,26.0,1.0,1.0,91121.0,7.0,4.0
11.0,22.0,11.0,22.0,-121.0,21.0,12.0,-111.0,9.988116815604476,9.0,11.0,30000.0,10000.0,19000.0,0.0,25.086066250087818,16.5,19.0,0.0,10000.0,36537.446276519695,25000.0,0.0,26.39442944824306,17.0,20.0,0.0,121.0,9.992023083601241,9.0,11.0,1.0,15123.552892163325,10000.0,19000.0,1.0,16.5,17.511204616354846,19.0,1.0,21671.160678429267,10000.0,25000.0,1.0,18.821601474876434,17.0,20.0,1.0,0.0,211.0,1.0,48.0
11.0,22.0,11.0,22.0,-121.0,21.0,13.0,-111.0,9.988273456336968,9.0,11.0,30000.0,10000.0,19000.0,0.0,27.386602377563662,16.5,19.0,0.0,10000.0,36473.96878786165,25000.0,0.0,28.68229287788493,17.0,20.0,0.0,121.0,9.980944369714209,9.0,11.0,1.0,15312.082322875098,10000.0,19000.0,1.0,16.5,17.58266624550603,19.0,1.0,21737.670336360832,10000.0,25000.0,1.0,18.86867388948196,17.0,20.0,1.0,0.0,211.0,1.0,13.0
11.0,22.0,11.0,21.0,-121.0,11.0,12.0,-111.0,10.222829725346454,9.0,11.0,30000.0,10000.0,19000.0,0.0,23.84863567903383,16.5,19.0,0.0,10000.0,36993.12502318106,25000.0,0.0,25.176322025178163,17.0,20.0,0.0,122.0,10.224133888172567,9.0,11.0,1.0,13365.869744520913,10000.0,19000.0,1.0,16.5,17.219748355365965,19.0,1.0,20315.739261653016,10000.0,25000.0,1.0,18.539222386617258,17.0,20.0,1.0,0.0,111.0,1.0,46.0
11.0,22.0,11.0,21.0,-121.0,21.0,13.0,-111.0,9.997989238533307,9.0,11.0,30000.0,10000.0,19000.0,0.0,25.384170564491576,16.5,19.0,0.0,10000.0,36527.61311073866,25000.0,0.0,26.697149400061605,17.0,20.0,0.0,121.0,9.99673592718088,9.0,11.0,1.0,10286.938816804242,10000.0,19000.0,1.0,16.5,16.556984957596185,19.0,1.0,16758.860840964593,10000.0,25000.0,1.0,17.858761962302964,17.0,20.0,1.0,0.0,211.0,1.0,33.0
11.0,21.0,11.0,21.0,-121.0,21.0,12.0,-111.0,10.211301267385274,9.0,11.0,30000.0,10000.0,19000.0,0.0,24.66300370932248,16.5,19.0,0.0,10000.0,36948.713127813324,25000.0,0.0,25.975266961143245,17.0,20.0,0.0,122.0,10.18246056677288,9.0,11.0,1.0,12696.81804398052,10000.0,19000.0,1.0,16.5,17.060047185210912,19.0,1.0,19778.634147509052,10000.0,25000.0,1.0,18.39744691058099,17.0,20.0,1.0,0.0,211.0,1.0,6.0
81.0,23.0,81.0,23.0,-721.0,912.0,11.0,-711.0,15.393072212130107,12.0,17.0,30000.0,12500.0,23000.0,0.0,27.86375431503986,20.0,24.0,0.0,12500.0,34472.94136525209,26000.0,0.0,28.424445187636447,20.0,25.0,0.0,721.0,15.452114632991185,12.0,17.0,1.0,16239.451970339318,12500.0,23000.0,1.0,20.0,22.040449595992328,24.0,1.0,20754.075678867674,12500.0,26000.0,1.0,22.60636542181656,20.0,25.0,1.0,0.0,912.0,7.0,17.0
11.0,22.0,11.0,21.0,-121.0,11.0,12.0,-111.0,10.217619723929483,9.0,11.0,30000.0,10000.0,19000.0,0.0,23.638700593686984,16.5,19.0,0.0,10000.0,37030.595644228975,25000.0,0.0,24.96713758233104,17.0,20.0,0.0,122.0,10.208344483189821,9.0,11.0,1.0,13471.371551707543,10000.0,19000.0,1.0,16.5,17.223624343328247,19.0,1.0,20574.550155961086,10000.0,25000.0,1.0,18.565775943609946,17.0,20.0,1.0,0.0,111.0,1.0,10.0
91.0,24.0,91.0,24.0,-721.0,911.0,12.0,-711.0,15.436648727597944,12.0,17.0,30000.0,18000.0,36000.0,1.0,24.856950647201085,20.0,25.0,1.0,18000.0,34458.52283561398,36000.0,1.0,25.41385900853498,20.0,26.0,1.0,721.0,14.47489387747454,12.0,17.0,1.0,28843.5319540509,18000.0,36000.0,1.0,20.0,23.074763782394264,25.0,1.0,33357.10709154249,18000.0,36000.0,1.0,23.638548656052247,20.0,26.0,1.0,1.0,91121.0,7.0,27.0
11.0,21.0,11.0,22.0,-121.0,11.0,11.0,-111.0,10.198812483114132,9.0,11.0,30000.0,10000.0,19000.0,0.0,26.213507244512495,16.5,19.0,0.0,10000.0,36951.08277673214,25000.0,0.0,27.524831812863905,17.0,20.0,0.0,122.0,10.187210002518446,9.0,11.0,1.0,17334.95702747852,10000.0,19000.0,1.0,16.5,17.998334148361653,19.0,1.0,24370.222652591045,10000.0,25000.0,1.0,19.325539845000662,17.0,20.0,1.0,0.0,111.0,1.0,35.0
91.0,24.0,91.0,21.0,-721.0,911.0,11.0,-711.0,14.694421595324373,12.0,17.0,30000.0,18000.0,36000.0,1.0,24.12677281246299,20.0,25.0,1.0,18000.0,34488.93001554697,36000.0,1.0,24.689342737997176,20.0,26.0,1.0,721.0,15.392787426492902,12.0,17.0,1.0,23606.32194448613,18000.0,36000.0,1.0,20.0,23.246884560691413,25.0,1.0,28024.957950612483,18000.0,36000.0,1.0,23.800644971372773,20.0,26.0,1.0,1.0,91121.0,7.0,2.0
91.0,24.0,91.0,24.0,-721.0,911.0,12.0,-711.0,15.353979375047926,12.0,17.0,30000.0,18000.0,36000.0,1.0,25.041179777813035,20.0,25.0,0.0,18000.0,34042.79808947774,36000.0,1.0,25.535812755408063,20.0,26.0,1.0,722.0,15.21759288817033,12.0,17.0,1.0,27249.820454760895,18000.0,36000.0,1.0,20.0,23.558689997548093,25.0,1.0,31273.57286380104,18000.0,36000.0,1.0,24.05099275201135,20.0,26.0,1.0,0.0,91121.0,7.0,27.0
11.0,22.0,11.0,22.0,-121.0,21.0,12.0,-111.0,10.196829530081436,9.0,11.0,30000.0,10000.0,19000.0,0.0,23.910231865386457,16.5,19.0,0.0,10000.0,37216.58417574892,25000.0,0.0,25.27370323529141,17.0,20.0,0.0,122.0,10.210152819215471,9.0,11.0,1.0,15545.005665497425,10000.0,19000.0,1.0,16.5,17.672965350556957,19.0,1.0,22437.57037301247,10000.0,25000.0,1.0,18.975217831099638,17.0,20.0,1.0,0.0,211.0,1.0,48.0
11.0,22.0,11.0,21.0,-121.0,11.0,12.0,-111.0,9.980200824761855,9.0,11.0,30000.0,10000.0,19000.0,0.0,24.333941523246914,16.5,19.0,0.0,10000.0,36508.6812673449,25000.0,0.0,25.635886357270675,17.0,20.0,0.0,121.0,10.001607246464493,9.0,11.0,1.0,13180.038043371598,10000.0,19000.0,1.0,16.5,17.131085658711143,19.0,1.0,19691.5705879164,10000.0,25000.0,1.0,18.433600839548383,17.0,20.0,1.0,0.0,111.0,1.0,10.0
11.0,22.0,11.0,22.0,-121.0,11.0,11.0,-111.0,9.990399639468466,9.0,11.0,30000.0,10000.0,19000.0,0.0,25.123791301540567,16.5,19.0,0.0,10000.0,36447.87563884354,25000.0,0.0,26.41095804459723,17.0,20.0,0.0,121.0,10.01028104093055,9.0,11.0,1.0,15631.80837445911,10000.0,19000.0,1.0,16.5,17.683133218927665,19.0,1.0,22147.41786172472,10000.0,25000.0,1.0,18.983821431992666,17.0,20.0,1.0,0.0,111.0,1.0,30.0
11.0,22.0,11.0,21.0,-121.0,11.0,11.0,-111.0,9.983756611889083,9.0,11.0,30000.0,10000.0,19000.0,0.0,25.657075807731673,16.5,19.0,0.0,10000.0,36446.062007440385,25000.0,0.0,26.94774945126343,17.0,20.0,0.0,121.0,9.998314092738768,9.0,11.0,1.0,14578.728817904715,10000.0,19000.0,1.0,16.5,17.41657145737099,19.0,1.0,21075.102870362993,10000.0,25000.0,1.0,18.717318915020854,17.0,20.0,1.0,0.0,111.0,1.0,54.0
91.0,24.0,91.0,24.0,-721.0,911.0,12.0,-711.0,15.110661207426695,12.0,17.0,30000.0,18000.0,36000.0,1.0,23.80948728442432,20.0,25.0,1.0,18000.0,34490.54992278694,36000.0,1.0,24.368873759312372,20.0,26.0,1.0,721.0,14.584764811244913,12.0,17.0,1.0,26714.513213454473,18000.0,36000.0,1.0,20.0,23.011758032745053,25.0,1.0,31144.20121506283,18000.0,36000.0,1.0,23.56356295612418,20.0,26.0,1.0,1.0,91121.0,7.0,24.0
91.0,24.0,91.0,24.0,-721.0,911.0,12.0,-711.0,15.369879009254083,12.0,17.0,30000.0,18000.0,36000.0,1.0,24.598138102145896,20.0,25.0,1.0,18000.0,34391.291004221464,36000.0,1.0,25.146498542716472,20.0,26.0,1.0,721.0,15.733105231532146,12.0,17.0,1.0,30537.108394458526,18000.0,36000.0,1.0,20.0,24.57546179825666,25.0,1.0,34960.679663129384,18000.0,36000.0,1.0,25.12785322197506,20.0,26.0,1.0,1.0,91121.0,7.0,24.0
91.0,24.0,91.0,24.0,-721.0,911.0,11.0,-711.0,15.072199403823053,12.0,17.0,30000.0,18000.0,36000.0,1.0,24.91490502288938,20.0,25.0,1.0,18000.0,33941.55612216409,36000.0,1.0,25.393111531975475,20.0,26.0,1.0,722.0,14.918744136816635,12.0,17.0,1.0,28522.031860571642,18000.0,36000.0,1.0,20.0,23.417928365142743,25.0,1.0,32437.826300103832,18000.0,36000.0,1.0,23.89300935630197,20.0,26.0,1.0,1.0,91121.0,7.0,28.0
81.0,21.0,81.0,21.0,-721.0,912.0,12.0,-711.0,15.214110978905378,12.0,17.0,30000.0,12500.0,23000.0,0.0,28.424810478961273,20.0,24.0,0.0,12500.0,34106.25766971115,26000.0,0.0,28.924274972295397,20.0,25.0,0.0,722.0,15.429493575608968,12.0,17.0,1.0,13081.455011644122,12500.0,23000.0,1.0,20.0,21.381091736005484,24.0,1.0,17108.675497245655,12500.0,26000.0,1.0,21.870942544497797,20.0,25.0,1.0,0.0,912.0,7.0,6.0
11.0,21.0,11.0,22.0,-121.0,11.0,11.0,-111.0,10.000424274885194,9.0,11.0,30000.0,10000.0,19000.0,0.0,24.87985225975507,16.5,19.0,0.0,10000.0,36469.63005820724,25000.0,0.0,26.173032459356236,17.0,20.0,0.0,121.0,9.972167267051722,9.0,11.0,1.0,17451.11361684755,10000.0,19000.0,1.0,16.5,18.020681552623138,19.0,1.0,23893.697606467475,10000.0,25000.0,1.0,19.30845565634873,17.0,20.0,1.0,0.0,111.0,1.0,29.0
11.0,22.0,11.0,21.0,-121.0,21.0,13.0,-111.0,10.191460180710328,9.0,11.0,30000.0,10000.0,19000.0,0.0,24.253966268947426,16.5,19.0,0.0,10000.0,37226.56907073272,25000.0,0.0,25.61878309649247,17.0,20.0,0.0,122.0,10.185274633533808,9.0,11.0,1.0,12604.235930117618,10000.0,19000.0,1.0,16.5,17.06084158374596,19.0,1.0,19579.25823785423,10000.0,25000.0,1.0,18.378151046220353,17.0,20.0,1.0,0.0,211.0,1.0,33.0
11.0,21.0,11.0,22.0,-121.0,11.0,12.0,-111.0,10.21794532358623,9.0,11.0,30000.0,10000.0,19000.0,0.0,24.448669937952488,16.5,19.0,0.0,10000.0,36973.432503709875,25000.0,0.0,25.76091692743221,17.0,20.0,0.0,122.0,10.173606174867109,9.0,11.0,1.0,14382.85848508667,10000.0,19000.0,1.0,16.5,17.39700149800507,19.0,1.0,21603.2201923539,10000.0,25000.0,1.0,18.755715145591886,17.0,20.0,1.0,0.0,111.0,1.0,51.0
92.0,24.0,92.0,24.0,-721.0,921.0,13.0,-711.0,14.551979215783485,12.0,17.0,30000.0,15000.0,28000.0,0.0,24.35032134809217,19.5,25.0,1.0,15000.0,34424.59107337526,28000.0,0.0,24.90412957147984,20.0,26.0,1.0,721.0,14.80189005511564,12.0,17.0,1.0,20827.711524201033,15000.0,28000.0,1.0,19.5,21.467776098587564,25.0,1.0,25414.280811109777,15000.0,28000.0,1.0,22.041858481818906,20.0,26.0,1.0,0.0,92122.0,7.0,25.0
81.0,23.0,81.0,23.0,-721.0,912.0,12.0,-711.0,15.149246846916578,12.0,17.0,30000.0,12500.0,23000.0,0.0,26.14509374465389,20.0,24.0,0.0,12500.0,33985.71898133381,26000.0,0.0,26.63113813408695,20.0,25.0,0.0,722.0,15.074861908925214,12.0,17.0,1.0,18971.75352968882,12500.0,23000.0,1.0,20.0,21.896052781239366,24.0,1.0,22979.46549447761,12500.0,26000.0,1.0,22.38477913753091,20.0,25.0,1.0,0.0,912.0,7.0,10.0
11.0,21.0,11.0,22.0,-121.0,11.0,12.0,-111.0,10.201128665865072,9.0,11.0,30000.0,10000.0,19000.0,0.0,23.735108392317315,16.5,19.0,0.0,10000.0,36841.101000055955,25000.0,0.0,25.023596001953234,17.0,20.0,0.0,122.0,10.20914009614652,9.0,11.0,1.0,18263.211003819524,10000.0,19000.0,1.0,16.5,18.193242060955527,19.0,1.0,25197.09852511329,10000.0,25000.0,0.0,19.499205553925893,17.0,20.0,1.0,0.0,111.0,1.0,51.0
11.0,22.0,11.0,22.0,-121.0,21.0,13.0,-111.0,9.981625862239632,9.0,11.0,30000.0,10000.0,19000.0,0.0,26.98207364287045,16.5,19.0,0.0,10000.0,36513.19406032267,25000.0,0.0,28.28851973678258,17.0,20.0,0.0,121.0,9.995954593235902,9.0,11.0,1.0,13489.38385969646,10000.0,19000.0,1.0,16.5,17.208244371667803,19.0,1.0,20063.274830368216,10000.0,25000.0,1.0,18.526865327975198,17.0,20.0,1.0,0.0,211.0,1.0,47.0
91.0,24.0,91.0,21.0,-721.0,911.0,11.0,-711.0,14.244388836567856,12.0,17.0,30000.0,18000.0,36000.0,1.0,23.6111150602501,20.0,25.0,1.0,18000.0,34513.98986380563,36000.0,1.0,24.173116969564077,20.0,26.0,1.0,721.0,15.36938368020713,12.0,17.0,1.0,25770.244662072466,18000.0,36000.0,1.0,20.0,23.58302006608519,25.0,1.0,30265.80875838131,18000.0,36000.0,1.0,24.142727925827455,20.0,26.0,1.0,1.0,91121.0,7.0,3.0
11.0,22.0,11.0,22.0,-121.0,21.0,13.0,-111.0,9.999866294029417,9.0,11.0,30000.0,10000.0,19000.0,0.0,25.750289280959088,16.5,19.0,0.0,10000.0,36472.470738749544,25000.0,0.0,27.044252301161674,17.0,20.0,0.0,121.0,9.99000341247374,9.0,11.0,1.0,15122.204027971511,10000.0,19000.0,1.0,16.5,17.541477640800448,19.0,1.0,21684.94193845503,10000.0,25000.0,1.0,18.853486688073154,17.0,20.0,1.0,0.0,211.0,1.0,21.0
11.0,22.0,11.0,21.0,-121.0,11.0,11.0,-111.0,10.215040513528642,9.0,11.0,30000.0,10000.0,19000.0,0.0,24.601856610373083,16.5,19.0,0.0,10000.0,37054.1313281358,25000.0,0.0,25.935902312986126,17.0,20.0,0.0,122.0,10.215065903771047,9.0,11.0,1.0,11556.916018616916,10000.0,19000.0,1.0,16.5,16.888680596476267,19.0,1.0,18513.122171210787,10000.0,25000.0,1.0,18.204207128757407,17.0,20.0,1.0,0.0,111.0,1.0,54.0
11.0,22.0,11.0,22.0,-121.0,11.0,11.0,-111.0,10.010639152086808,9.0,11.0,30000.0,10000.0,19000.0,0.0,26.900001366703883,16.5,19.0,0.0,10000.0,36492.79643731109,25000.0,0.0,28.198360746646696,17.0,20.0,0.0,121.0,9.994380410760675,9.0,11.0,1.0,16932.686247408994,10000.0,19000.0,1.0,16.5,17.89633268330201,19.0,1.0,23363.573357901296,10000.0,25000.0,1.0,19.18231210401505,17.0,20.0,1.0,0.0,111.0,1.0,57.0
11.0,22.0,11.0,22.0,-121.0,21.0,13.0,-111.0,10.235156118092753,9.0,11.0,30000.0,10000.0,19000.0,0.0,25.391065544145718,16.5,19.0,0.0,10000.0,37178.01847375836,25000.0,0.0,26.749803945117808,17.0,20.0,0.0,122.0,10.201353825291928,9.0,11.0,1.0,10819.346709294865,10000.0,19000.0,1.0,16.5,16.813507819958495,19.0,1.0,17952.228887575628,10000.0,25000.0,1.0,18.163702300603934,17.0,20.0,1.0,0.0,211.0,1.0,5.0
91.0,24.0,91.0,24.0,-721.0,911.0,11.0,-711.0,15.289405948118983,12.0,17.0,30000.0,18000.0,36000.0,1.0,24.381986709234873,20.0,25.0,1.0,18000.0,34024.50232318783,36000.0,1.0,24.870960363417332,20.0,26.0,1.0,722.0,15.345727601646828,12.0,17.0,1.0,23382.32920530676,18000.0,36000.0,1.0,20.0,23.233435014105197,25.0,1.0,27430.042867240678,18000.0,36000.0,1.0,23.725228826462182,20.0,26.0,1.0,1.0,91121.0,7.0,9.0
11.0,22.0,11.0,22.0,-121.0,21.0,13.0,-111.0,10.200605448410062,9.0,11.0,30000.0,10000.0,19000.0,0.0,27.98647981092909,16.5,19.0,0.0,10000.0,37120.45734825235,25000.0,0.0,29.334406145953814,17.0,20.0,0.0,122.0,10.214804231856936,9.0,11.0,1.0,14583.842701077583,10000.0,19000.0,1.0,16.5,17.510454210121573,19.0,1.0,21465.839417148447,10000.0,25000.0,1.0,18.81323915179704,17.0,20.0,1.0,0.0,211.0,1.0,47.0
11.0,22.0,11.0,22.0,-121.0,21.0,13.0,-111.0,9.990335881356796,9.0,11.0,30000.0,10000.0,19000.0,0.0,26.076753197658025,16.5,19.0,0.0,10000.0,36504.56530679073,25000.0,0.0,27.382686050378922,17.0,20.0,0.0,121.0,10.005358380041356,9.0,11.0,1.0,16525.919658294075,10000.0,19000.0,1.0,16.5,17.85293609066811,19.0,1.0,23048.443650136658,10000.0,25000.0,1.0,19.162474539719383,17.0,20.0,1.0,0.0,211.0,1.0,28.0
11.0,22.0,11.0,22.0,-121.0,11.0,11.0,-111.0,10.018605160000643,9.0,11.0,30000.0,10000.0,19000.0,0.0,24.895691337403953,16.5,19.0,0.0,10000.0,36480.56662928972,25000.0,0.0,26.19484118091415,17.0,20.0,0.0,121.0,9.980133342637956,9.0,11.0,1.0,14485.96573072585,10000.0,19000.0,1.0,16.5,17.395893590023125,19.0,1.0,21010.961727744012,10000.0,25000.0,1.0,18.70395012478942,17.0,20.0,1.0,0.0,111.0,1.0,15.0
81.0,23.0,81.0,23.0,-721.0,912.0,12.0,-711.0,15.36957960640849,12.0,17.0,30000.0,12500.0,23000.0,0.0,26.123735713806816,20.0,24.0,0.0,12500.0,33954.210768191195,26000.0,0.0,26.602894873229346,20.0,25.0,0.0,722.0,15.27856079442859,12.0,17.0,1.0,14546.180473477116,12500.0,23000.0,1.0,20.0,21.622024294023685,24.0,1.0,18478.50003671764,12500.0,26000.0,1.0,22.09853074422614,20.0,25.0,1.0,0.0,912.0,7.0,10.0
11.0,22.0,11.0,21.0,-121.0,11.0,11.0,-111.0,9.995533948158661,9.0,11.0,30000.0,10000.0,19000.0,0.0,25.93217783142633,16.5,19.0,0.0,10000.0,36467.04220582775,25000.0,0.0,27.223241384410578,17.0,20.0,0.0,121.0,9.986784152235977,9.0,11.0,1.0,12230.605184050964,10000.0,19000.0,1.0,16.5,16.882780222161934,19.0,1.0,18716.66417216782,10000.0,25000.0,1.0,18.17764023629907,17.0,20.0,1.0,0.0,111.0,1.0,54.0
11.0,22.0,11.0,22.0,-121.0,21.0,13.0,-111.0,10.218937841334506,9.0,11.0,30000.0,10000.0,19000.0,0.0,24.129686734095916,16.5,19.0,0.0,10000.0,37001.01100940482,25000.0,0.0,25.448022546275503,17.0,20.0,0.0,122.0,10.226454056073417,9.0,11.0,1.0,15281.517662636992,10000.0,19000.0,1.0,16.5,17.634419077805035,19.0,1.0,22385.362711703725,10000.0,25000.0,1.0,18.972119207083292,17.0,20.0,1.0,0.0,211.0,1.0,36.0
11.0,22.0,11.0,21.0,-121.0,11.0,12.0,-111.0,9.99674835304024,9.0,11.0,30000.0,10000.0,19000.0,0.0,23.840281328537507,16.5,19.0,0.0,10000.0,36369.255730772886,25000.0,0.0,25.116959550767636,17.0,20.0,0.0,121.0,10.006266720542705,9.0,11.0,1.0,13969.882879618384,10000.0,19000.0,1.0,16.5,17.298152729598595,19.0,1.0,20466.537134759914,10000.0,25000.0,1.0,18.600367204176056,17.0,20.0,1.0,0.0,111.0,1.0,10.0
11.0,21.0,11.0,21.0,-121.0,21.0,12.0,-111.0,10.007142964104837,9.0,11.0,30000.0,10000.0,19000.0,0.0,26.089632520188818,16.5,19.0,0.0,10000.0,36529.49465442424,25000.0,0.0,27.392960756765323,17.0,20.0,0.0,121.0,10.021252917975078,9.0,11.0,1.0,13156.968999999213,10000.0,19000.0,1.0,16.5,17.125450250106592,19.0,1.0,19651.745971753877,10000.0,25000.0,1.0,18.421848618672392,17.0,20.0,1.0,0.0,211.0,1.0,6.0
11.0,22.0,11.0,21.0,-121.0,11.0,12.0,-111.0,10.197318405234304,9.0,11.0,30000.0,10000.0,19000.0,0.0,24.113500140677278,16.5,19.0,0.0,10000.0,36903.64177640762,25000.0,0.0,25.41434673760816,17.0,20.0,0.0,122.0,10.209693812140566,9.0,11.0,1.0,13815.913196795778,10000.0,19000.0,1.0,16.5,17.295437524428007,19.0,1.0,20927.56916406732,10000.0,25000.0,1.0,18.6354800357853,17.0,20.0,1.0,0.0,111.0,1.0,10.0
11.0,21.0,11.0,21.0,-121.0,11.0,11.0,-111.0,10.181057103582189,9.0,11.0,30000.0,10000.0,19000.0,0.0,28.796664503146957,16.5,19.0,0.0,10000.0,37144.96024466121,25000.0,0.0,30.144635038591453,17.0,20.0,0.0,122.0,10.172558456958086,9.0,11.0,1.0,14825.641770107088,10000.0,19000.0,1.0,16.5,17.439210187722875,19.0,1.0,21695.3756205073,10000.0,25000.0,1.0,18.735256421654615,17.0,20.0,1.0,0.0,111.0,1.0,56.0
92.0,24.0,92.0,24.0,-721.0,921.0,13.0,-711.0,15.245368801428803,12.0,17.0,30000.0,15000.0,28000.0,0.0,24.363238817707543,19.5,25.0,1.0,15000.0,33963.91368439159,28000.0,0.0,24.84777015727627,20.0,26.0,1.0,722.0,14.969105013319412,12.0,17.0,1.0,20181.425441279847,15000.0,28000.0,1.0,19.5,21.510985824407964,25.0,1.0,24269.919786807728,15000.0,28000.0,1.0,22.010745354959358,20.0,26.0,1.0,0.0,92122.0,7.0,22.0
11.0,22.0,11.0,22.0,-121.0,11.0,11.0,-111.0,10.20970142217893,9.0,11.0,30000.0,10000.0,19000.0,0.0,24.26525798304033,16.5,19.0,0.0,10000.0,37089.22679607911,25000.0,0.0,25.60449927083447,17.0,20.0,0.0,122.0,10.186926320794447,9.0,11.0,1.0,18275.879131725058,10000.0,19000.0,1.0,16.5,18.196984475386046,19.0,1.0,25380.646384934927,10000.0,25000.0,0.0,19.539161544813275,17.0,20.0,1.0,0.0,111.0,1.0,44.0
11.0,21.0,11.0,22.0,-121.0,21.0,13.0,-111.0,9.976058924809358,9.0,11.0,30000.0,10000.0,19000.0,0.0,28.152856461083832,16.5,19.0,0.0,10000.0,36482.04259409139,25000.0,0.0,29.453429360828714,17.0,20.0,0.0,121.0,9.985092916478798,9.0,11.0,1.0,12784.991652138267,10000.0,19000.0,1.0,16.5,17.080853100572607,19.0,1.0,19317.285629113907,10000.0,25000.0,1.0,18.391508560838385,17.0,20.0,1.0,0.0,211.0,1.0,32.0
92.0,24.0,92.0,24.0,-721.0,921.0,13.0,-711.0,14.926565870836143,12.0,17.0,30000.0,15000.0,28000.0,0.0,24.128461282685073,19.5,25.0,1.0,15000.0,34000.52766996725,28000.0,0.0,24.614597759500157,20.0,26.0,1.0,722.0,14.932131433357739,12.0,17.0,1.0,20805.50728894169,15000.0,28000.0,1.0,19.5,21.51576105267478,25.0,1.0,24756.16269685085,15000.0,28000.0,1.0,21.995837147518323,20.0,26.0,1.0,0.0,92122.0,7.0,22.0
11.0,22.0,11.0,22.0,-121.0,21.0,13.0,-111.0,10.183590767888425,9.0,11.0,30000.0,10000.0,19000.0,0.0,24.758185206304912,16.5,19.0,0.0,10000.0,36833.304934676074,25000.0,0.0,26.05124436652579,17.0,20.0,0.0,122.0,10.219374243002065,9.0,11.0,1.0,14378.103775627069,10000.0,19000.0,1.0,16.5,17.467446027208396,19.0,1.0,21412.885061342364,10000.0,25000.0,1.0,18.798630347036468,17.0,20.0,1.0,0.0,211.0,1.0,22.0
11.0,22.0,11.0,21.0,-121.0,21.0,13.0,-111.0,9.988889190187795,9.0,11.0,30000.0,10000.0,19000.0,0.0,25.48622548002214,16.5,19.0,0.0,10000.0,36540.43968784395,25000.0,0.0,26.79516258954991,17.0,20.0,0.0,121.0,10.003311736668985,9.0,11.0,1.0,12094.560836591885,10000.0,19000.0,1.0,16.5,16.908975465078043,19.0,1.0,18627.959450751237,10000.0,25000.0,1.0,18.216503445697583,17.0,20.0,1.0,0.0,211.0,1.0,58.0
91.0,24.0,91.0,24.0,-721.0,911.0,12.0,-711.0,15.260542042498749,12.0,17.0,30000.0,18000.0,36000.0,1.0,24.82101600052319,20.0,25.0,1.0,18000.0,33879.630273069306,36000.0,1.0,25.293125700442786,20.0,26.0,1.0,722.0,15.279543869548442,12.0,17.0,1.0,26257.52762809317,18000.0,36000.0,1.0,20.0,23.54955527980857,25.0,1.0,30224.421758399003,18000.0,36000.0,1.0,24.032284062103034,20.0,26.0,1.0,1.0,91121.0,7.0,13.0
11.0,22.0,11.0,22.0,-121.0,11.0,11.0,-111.0,10.18783388107013,9.0,11.0,30000.0,10000.0,19000.0,0.0,25.29715671823149,16.5,19.0,0.0,10000.0,36794.642100475176,25000.0,0.0,26.576559224169483,17.0,20.0,0.0,122.0,10.235486606638865,9.0,11.0,1.0,10998.152906813977,10000.0,19000.0,1.0,16.5,16.83950901284805,19.0,1.0,17975.792018756634,10000.0,25000.0,1.0,18.15336908573196,17.0,20.0,1.0,0.0,111.0,1.0,11.0
11.0,22.0,11.0,22.0,-121.0,11.0,11.0,-111.0,9.9884980557047,9.0,11.0,30000.0,10000.0,19000.0,0.0,25.79030603222569,16.5,19.0,0.0,10000.0,36460.598792631936,25000.0,0.0,27.08141976796307,17.0,20.0,0.0,121.0,10.009395429559223,9.0,11.0,1.0,15246.407158236341,10000.0,19000.0,1.0,16.5,17.575097636365882,19.0,1.0,21735.489405285098,10000.0,25000.0,1.0,18.871903627638577,17.0,20.0,1.0,0.0,111.0,1.0,11.0
11.0,21.0,11.0,21.0,-121.0,11.0,11.0,-111.0,9.990284805643869,9.0,11.0,30000.0,10000.0,19000.0,0.0,26.23768398909634,16.5,19.0,0.0,10000.0,36475.51129007273,25000.0,0.0,27.532180409581194,17.0,20.0,0.0,121.0,10.003229611017359,9.0,11.0,1.0,11591.198421622219,10000.0,19000.0,1.0,16.5,16.797510665735075,19.0,1.0,18064.14184344554,10000.0,25000.0,1.0,18.091493752815317,17.0,20.0,1.0,0.0,111.0,1.0,18.0
11.0,22.0,11.0,22.0,-121.0,11.0,11.0,-111.0,10.22595490103255,9.0,11.0,30000.0,10000.0,19000.0,0.0,26.648120511734014,16.5,19.0,0.0,10000.0,36975.37073684886,25000.0,0.0,27.961428581635612,17.0,20.0,0.0,122.0,10.230457745661553,9.0,11.0,1.0,13041.746640539623,10000.0,19000.0,1.0,16.5,17.196152258574752,19.0,1.0,20200.10884418136,10000.0,25000.0,1.0,18.54391357535435,17.0,20.0,1.0,0.0,111.0,1.0,50.0
91.0,21.0,91.0,24.0,-721.0,911.0,12.0,-711.0,15.580028066471131,12.0,17.0,30000.0,18000.0,36000.0,1.0,25.32824470250028,20.0,25.0,0.0,18000.0,33965.439691885826,36000.0,1.0,25.811236060901756,20.0,26.0,1.0,722.0,15.376396212238445,12.0,17.0,1.0,27035.683202332562,18000.0,36000.0,1.0,20.0,23.677702184449107,25.0,1.0,31030.177232795388,18000.0,36000.0,1.0,24.16423236717956,20.0,26.0,1.0,0.0,91121.0,7.0,19.0
11.0,21.0,11.0,21.0,-121.0,11.0,11.0,-111.0,10.004641260374477,9.0,11.0,30000.0,10000.0,19000.0,0.0,24.35601359842797,16.5,19.0,0.0,10000.0,36465.997773806426,25000.0,0.0,25.645532115155156,17.0,20.0,0.0,121.0,10.00740690692467,9.0,11.0,1.0,14857.852225591114,10000.0,19000.0,1.0,16.5,17.45183836110577,19.0,1.0,21390.354267326642,10000.0,25000.0,1.0,18.754619871099575,17.0,20.0,1.0,0.0,111.0,1.0,18.0
81.0,23.0,81.0,21.0,-721.0,912.0,12.0,-711.0,14.755777494051985,12.0,17.0,30000.0,12500.0,23000.0,0.0,25.95407990416129,20.0,24.0,0.0,12500.0,34534.3944255894,26000.0,0.0,26.518309007642678,20.0,25.0,0.0,721.0,14.899500973621938,12.0,17.0,1.0,15034.497758684405,12500.0,23000.0,1.0,20.0,21.22452671664685,24.0,1.0,19520.655524881775,12500.0,26000.0,1.0,21.7827535793593,20.0,25.0,1.0,0.0,912.0,7.0,30.0
11.0,21.0,11.0,22.0,-121.0,11.0,11.0,-111.0,9.999232692323378,9.0,11.0,30000.0,10000.0,19000.0,0.0,24.96790079076525,16.5,19.0,0.0,10000.0,36501.34777259589,25000.0,0.0,26.272050890698747,17.0,20.0,0.0,121.0,10.004602257914382,9.0,11.0,1.0,18207.893329402777,10000.0,19000.0,1.0,16.5,18.20797069125103,19.0,1.0,24700.300615284366,10000.0,25000.0,1.0,19.51032735741514,17.0,20.0,1.0,0.0,111.0,1.0,29.0
11.0,22.0,11.0,22.0,-121.0,11.0,11.0,-111.0,9.994865721550969,9.0,11.0,30000.0,10000.0,19000.0,0.0,24.609574252718716,16.5,19.0,0.0,10000.0,36462.0313638316,25000.0,0.0,25.89943609327684,17.0,20.0,0.0,121.0,9.995596466541421,9.0,11.0,1.0,15720.807410825171,10000.0,19000.0,1.0,16.5,17.681528142582092,19.0,1.0,22250.641584110803,10000.0,25000.0,1.0,18.98492384759759,17.0,20.0,1.0,0.0,111.0,1.0,57.0
11.0,22.0,11.0,22.0,-121.0,21.0,13.0,-111.0,9.99008478349244,9.0,11.0,30000.0,10000.0,19000.0,0.0,26.49722455650501,16.5,19.0,0.0,10000.0,36475.43854640766,25000.0,0.0,27.793053048012585,17.0,20.0,0.0,121.0,9.99945700820817,9.0,11.0,1.0,14588.793165873367,10000.0,19000.0,1.0,16.5,17.456698517342573,19.0,1.0,21147.072533458253,10000.0,25000.0,1.0,18.76910464997391,17.0,20.0,1.0,0.0,211.0,1.0,28.0
11.0,21.0,11.0,22.0,-121.0,21.0,13.0,-111.0,10.195027329337137,9.0,11.0,30000.0,10000.0,19000.0,0.0,28.82157706076175,16.5,19.0,0.0,10000.0,37050.75925500179,25000.0,0.0,30.15226849650293,17.0,20.0,0.0,122.0,10.191436615657167,9.0,11.0,1.0,13960.553827969346,10000.0,19000.0,1.0,16.5,17.309235810618244,19.0,1.0,20885.81405509601,10000.0,25000.0,1.0,18.616241785610104,17.0,20.0,1.0,0.0,211.0,1.0,52.0
11.0,22.0,11.0,22.0,-121.0,21.0,12.0,-111.0,10.210310325581537,9.0,11.0,30000.0,10000.0,19000.0,0.0,24.79049593141751,16.5,19.0,0.0,10000.0,36868.569664421375,25000.0,0.0,26.087992521622585,17.0,20.0,0.0,122.0,10.20128148582824,9.0,11.0,1.0,14621.993154047803,10000.0,19000.0,1.0,16.5,17.548869825687117,19.0,1.0,21703.723881129474,10000.0,25000.0,1.0,18.88663327864221,17.0,20.0,1.0,0.0,211.0,1.0,48.0
91.0,24.0,91.0,24.0,-721.0,911.0,11.0,-711.0,15.19340707466955,12.0,17.0,30000.0,18000.0,36000.0,1.0,25.342619733841165,20.0,25.0,0.0,18000.0,34463.36600343327,36000.0,1.0,25.901346840928085,20.0,26.0,1.0,721.0,14.959042752047294,12.0,17.0,1.0,23162.873537931442,18000.0,36000.0,1.0,20.0,22.841751026656368,25.0,1.0,27685.662219303944,18000.0,36000.0,1.0,23.407916703852663,20.0,26.0,1.0,0.0,91121.0,7.0,0.0
81.0,21.0,81.0,23.0,-721.0,912.0,12.0,-711.0,15.166384211219013,12.0,17.0,30000.0,12500.0,23000.0,0.0,27.545206814257355,20.0,24.0,0.0,12500.0,33925.31066497754,26000.0,0.0,28.024419068206612,20.0,25.0,0.0,722.0,15.327568225227376,12.0,17.0,1.0,16977.288615796562,12500.0,23000.0,1.0,20.0,21.95875451401699,24.0,1.0,20955.535885238296,12500.0,26000.0,1.0,22.44442940792187,20.0,25.0,1.0,0.0,912.0,7.0,7.0
11.0,22.0,11.0,21.0,-121.0,21.0,13.0,-111.0,10.195969362287853,9.0,11.0,30000.0,10000.0,19000.0,0.0,25.34552001068917,16.5,19.0,0.0,10000.0,37040.601282360585,25000.0,0.0,26.677650260251415,17.0,20.0,0.0,122.0,10.20719743366453,9.0,11.0,1.0,14136.258597581022,10000.0,19000.0,1.0,16.5,17.360726829112807,19.0,1.0,20995.85489353977,10000.0,25000.0,1.0,18.65860968870971,17.0,20.0,1.0,0.0,211.0,1.0,58.0
81.0,23.0,81.0,23.0,-721.0,912.0,11.0,-711.0,15.823826415944739,12.0,17.0,30000.0,12500.0,23000.0,0.0,28.92795234424535,20.0,24.0,0.0,12500.0,34403.51553230539,26000.0,0.0,29.47712471808328,20.0,25.0,0.0,721.0,15.041940993159175,12.0,17.0,1.0,14714.697980824549,12500.0,23000.0,1.0,20.0,21.391821278515664,24.0,1.0,19200.8448500699,12500.0,26000.0,1.0,21.951298793127552,20.0,25.0,1.0,0.0,912.0,7.0,17.0
11.0,22.0,11.0,21.0,-121.0,21.0,13.0,-111.0,10.185421296406197,9.0,11.0,30000.0,10000.0,19000.0,0.0,26.19297095332212,16.5,19.0,0.0,10000.0,36870.722741664445,25000.0,0.0,27.490901369890846,17.0,20.0,0.0,122.0,10.178047467417455,9.0,11.0,1.0,13570.949601572835,10000.0,19000.0,1.0,16.5,17.236653868915763,19.0,1.0,20436.260170454458,10000.0,25000.0,1.0,18.53356188595846,17.0,20.0,1.0,0.0,211.0,1.0,20.0
11.0,22.0,11.0,22.0,-121.0,11.0,11.0,-111.0,10.21017838505253,9.0,11.0,30000.0,10000.0,19000.0,0.0,24.53197217067731,16.5,19.0,0.0,10000.0,37194.36415738985,25000.0,0.0,25.892518546493157,17.0,20.0,0.0,122.0,10.184442786230372,9.0,11.0,1.0,16012.587261328177,10000.0,19000.0,1.0,16.5,17.754369878547266,19.0,1.0,23145.955772247704,10000.0,25000.0,1.0,19.103381196652627,17.0,20.0,1.0,0.0,111.0,1.0,11.0
11.0,22.0,11.0,22.0,-121.0,11.0,11.0,-111.0,10.185734244455391,9.0,11.0,30000.0,10000.0,19000.0,0.0,23.077721506144947,16.5,19.0,0.0,10000.0,37190.7996210354,25000.0,0.0,24.438583988577186,17.0,20.0,0.0,122.0,10.173070147512686,9.0,11.0,1.0,15528.612230078681,10000.0,19000.0,1.0,16.5,17.675548945572856,19.0,1.0,22582.859070767096,10000.0,25000.0,1.0,19.01056874493235,17.0,20.0,1.0,0.0,111.0,1.0,44.0
91.0,24.0,91.0,24.0,-721.0,911.0,11.0,-711.0,15.344233170661013,12.0,17.0,30000.0,18000.0,36000.0,1.0,24.81226255116536,20.0,25.0,1.0,18000.0,34476.373354609765,36000.0,1.0,25.37251273948551,20.0,26.0,1.0,721.0,15.602107531653603,12.0,17.0,1.0,30010.982186349396,18000.0,36000.0,1.0,20.0,24.377247662981887,25.0,1.0,34556.91429323853,18000.0,36000.0,1.0,24.946203627379383,20.0,26.0,1.0,1.0,91121.0,7.0,4.0
81.0,23.0,81.0,23.0,-721.0,912.0,12.0,-711.0,15.334455104118605,12.0,17.0,30000.0,12500.0,23000.0,0.0,26.352300899270936,20.0,24.0,0.0,12500.0,34503.76620373745,26000.0,0.0,26.915756859201505,20.0,25.0,0.0,721.0,15.504725931568654,12.0,17.0,1.0,19185.196271207722,12500.0,23000.0,1.0,20.0,22.47604752135985,24.0,1.0,23664.766567788614,12500.0,26000.0,1.0,23.036476386304454,20.0,25.0,1.0,0.0,912.0,7.0,31.0
91.0,24.0,91.0,21.0,-721.0,911.0,11.0,-711.0,15.257672310979304,12.0,17.0,30000.0,18000.0,36000.0,1.0,24.95988529439804,20.0,25.0,1.0,18000.0,34079.914539051315,36000.0,1.0,25.457451603897567,20.0,26.0,1.0,722.0,15.252534906755239,12.0,17.0,1.0,22005.093048910057,18000.0,36000.0,1.0,20.0,22.91151723663522,25.0,1.0,25998.167450987465,18000.0,36000.0,1.0,23.398492950165895,20.0,26.0,1.0,1.0,91121.0,7.0,15.0
11.0,22.0,11.0,21.0,-121.0,11.0,11.0,-111.0,9.997217251302015,9.0,11.0,30000.0,10000.0,19000.0,0.0,26.132661818098516,16.5,19.0,0.0,10000.0,36444.32311485966,25000.0,0.0,27.42294334691787,17.0,20.0,0.0,121.0,9.99786949678456,9.0,11.0,1.0,15119.721893170774,10000.0,19000.0,1.0,16.5,17.49694895650613,19.0,1.0,21593.459246102186,10000.0,25000.0,1.0,18.79311980021424,17.0,20.0,1.0,0.0,111.0,1.0,39.0
11.0,22.0,11.0,22.0,-121.0,21.0,12.0,-111.0,9.999981869665339,9.0,11.0,30000.0,10000.0,19000.0,0.0,24.028260608950255,16.5,19.0,0.0,10000.0,36470.156425411114,25000.0,0.0,25.317397801612874,17.0,20.0,0.0,121.0,10.000052149951172,9.0,11.0,1.0,14865.469746784554,10000.0,19000.0,1.0,16.5,17.504350862119196,19.0,1.0,21249.01247157985,10000.0,25000.0,1.0,18.776230830146645,17.0,20.0,1.0,0.0,211.0,1.0,25.0
91.0,24.0,91.0,24.0,-721.0,911.0,12.0,-711.0,15.241821559252294,12.0,17.0,30000.0,18000.0,36000.0,1.0,25.249896484447426,20.0,25.0,0.0,18000.0,33964.59476648375,36000.0,1.0,25.734604738783815,20.0,26.0,1.0,722.0,15.32949127697324,12.0,17.0,1.0,27880.341376158267,18000.0,36000.0,1.0,20.0,23.681885677473772,25.0,1.0,31769.68252954523,18000.0,36000.0,1.0,24.157393483949765,20.0,26.0,1.0,0.0,91121.0,7.0,23.0
11.0,21.0,11.0,22.0,-121.0,21.0,13.0,-111.0,10.197971553036995,9.0,11.0,30000.0,10000.0,19000.0,0.0,26.771381623545672,16.5,19.0,0.0,10000.0,36926.65285192601,25000.0,0.0,28.081094738907403,17.0,20.0,0.0,122.0,10.200695604020915,9.0,11.0,1.0,14184.59345565907,10000.0,19000.0,1.0,16.5,17.409129264758562,19.0,1.0,21207.39716792539,10000.0,25000.0,1.0,18.737022884547624,17.0,20.0,1.0,0.0,211.0,1.0,9.0
11.0,22.0,11.0,22.0,-121.0,21.0,13.0,-111.0,10.209945046000643,9.0,11.0,30000.0,10000.0,19000.0,0.0,24.929137078758437,16.5,19.0,0.0,10000.0,36944.41935673345,25000.0,0.0,26.23506147697102,17.0,20.0,0.0,122.0,10.189496643864619,9.0,11.0,1.0,14218.82971134403,10000.0,19000.0,1.0,16.5,17.41021724451443,19.0,1.0,21251.116042157333,10000.0,25000.0,1.0,18.73266536045681,17.0,20.0,1.0,0.0,211.0,1.0,16.0
11.0,22.0,11.0,22.0,-121.0,21.0,13.0,-111.0,10.180104627730788,9.0,11.0,30000.0,10000.0,19000.0,0.0,24.429262962090142,16.5,19.0,0.0,10000.0,37047.62703600207,25000.0,0.0,25.758061818068082,17.0,20.0,0.0,122.0,10.211127137703931,9.0,11.0,1.0,14660.032199017909,10000.0,19000.0,1.0,16.5,17.50908151150672,19.0,1.0,21526.22443101565,10000.0,25000.0,1.0,18.803671638963138,17.0,20.0,1.0,0.0,211.0,1.0,3.0
91.0,24.0,91.0,21.0,-721.0,911.0,11.0,-711.0,13.990504347934714,12.0,17.0,30000.0,18000.0,36000.0,1.0,22.775656716951218,20.0,25.0,1.0,18000.0,34498.60028168653,36000.0,1.0,23.33908776857253,20.0,26.0,1.0,721.0,14.032802781770407,12.0,17.0,1.0,25212.692026810535,18000.0,36000.0,1.0,20.0,22.13111369652593,25.0,1.0,29657.26561241208,18000.0,36000.0,1.0,22.68777812824667,20.0,26.0,1.0,1.0,91121.0,7.0,2.0
11.0,22.0,11.0,21.0,-121.0,11.0,11.0,-111.0,10.027627317399071,9.0,11.0,30000.0,10000.0,19000.0,0.0,24.03642363033144,16.5,19.0,0.0,10000.0,36524.76103790736,25000.0,0.0,25.33732256137912,17.0,20.0,0.0,121.0,10.001760865723272,9.0,11.0,1.0,11551.57630526702,10000.0,19000.0,1.0,16.5,16.761268660438052,19.0,1.0,18072.14393368867,10000.0,25000.0,1.0,18.061331514595604,17.0,20.0,1.0,0.0,111.0,1.0,54.0
11.0,22.0,11.0,22.0,-121.0,21.0,12.0,-111.0,10.216857648035715,9.0,11.0,30000.0,10000.0,19000.0,0.0,24.013307787363402,16.5,19.0,0.0,10000.0,36883.07734784646,25000.0,0.0,25.30864219634524,17.0,20.0,0.0,122.0,10.213640473409503,9.0,11.0,1.0,15723.964261595109,10000.0,19000.0,1.0,16.5,17.741186637722777,19.0,1.0,22620.558577669974,10000.0,25000.0,1.0,19.039064820828678,17.0,20.0,1.0,0.0,211.0,1.0,25.0
11.0,22.0,11.0,22.0,-121.0,21.0,12.0,-111.0,9.99495359909764,9.0,11.0,30000.0,10000.0,19000.0,0.0,23.73814941710568,16.5,19.0,0.0,10000.0,36519.01993568838,25000.0,0.0,25.043509991210694,17.0,20.0,0.0,121.0,9.998569586453918,9.0,11.0,1.0,15439.022807539766,10000.0,19000.0,1.0,16.5,17.620506767321473,19.0,1.0,21966.796263041764,10000.0,25000.0,1.0,18.92762013552162,17.0,20.0,1.0,0.0,211.0,1.0,48.0
11.0,21.0,11.0,21.0,-121.0,11.0,11.0,-111.0,10.199658179885907,9.0,11.0,30000.0,10000.0,19000.0,0.0,25.428945269267196,16.5,19.0,0.0,10000.0,37111.917851740574,25000.0,0.0,26.772768644921726,17.0,20.0,0.0,122.0,10.189900046510035,9.0,11.0,1.0,13612.353831430588,10000.0,19000.0,1.0,16.5,17.229896192297133,19.0,1.0,20532.371966788614,10000.0,25000.0,1.0,18.537459401561634,17.0,20.0,1.0,0.0,111.0,1.0,18.0
11.0,22.0,11.0,22.0,-121.0,11.0,11.0,-111.0,9.988053034708491,9.0,11.0,30000.0,10000.0,19000.0,0.0,24.91344982080858,16.5,19.0,0.0,10000.0,36469.65125725079,25000.0,0.0,26.21566046788668,17.0,20.0,0.0,121.0,9.994693094328573,9.0,11.0,1.0,11959.045338084976,10000.0,19000.0,1.0,16.5,16.88902908772318,19.0,1.0,18480.282426491918,10000.0,25000.0,1.0,18.201622924852614,17.0,20.0,1.0,0.0,111.0,1.0,38.0
11.0,22.0,11.0,21.0,-121.0,11.0,11.0,-111.0,9.985508586952202,9.0,11.0,30000.0,10000.0,19000.0,0.0,24.72505986738126,16.5,19.0,0.0,10000.0,36553.83394276693,25000.0,0.0,26.03574335258773,17.0,20.0,0.0,121.0,10.006741456654279,9.0,11.0,1.0,15643.817767242354,10000.0,19000.0,1.0,16.5,17.608223873220453,19.0,1.0,22099.57075982924,10000.0,25000.0,1.0,18.899292415061414,17.0,20.0,1.0,0.0,111.0,1.0,12.0
11.0,22.0,11.0,21.0,-121.0,11.0,11.0,-111.0,10.206842647759878,9.0,11.0,30000.0,10000.0,19000.0,0.0,24.253030950411805,16.5,19.0,0.0,10000.0,36935.40638568136,25000.0,0.0,25.553592014000056,17.0,20.0,0.0,122.0,10.233339250757448,9.0,11.0,1.0,13884.269612102418,10000.0,19000.0,1.0,16.5,17.304830926435613,19.0,1.0,20972.264441862102,10000.0,25000.0,1.0,18.63400611558275,17.0,20.0,1.0,0.0,111.0,1.0,54.0
11.0,21.0,11.0,21.0,-121.0,21.0,13.0,-111.0,10.008265005504699,9.0,11.0,30000.0,10000.0,19000.0,0.0,25.52200822821493,16.5,19.0,0.0,10000.0,36566.78285314957,25000.0,0.0,26.834944733641986,17.0,20.0,0.0,121.0,10.012590817818628,9.0,11.0,1.0,12457.798159469037,10000.0,19000.0,1.0,16.5,16.98994056895536,19.0,1.0,18968.740538496037,10000.0,25000.0,1.0,18.291712551571877,17.0,20.0,1.0,0.0,211.0,1.0,34.0
11.0,22.0,11.0,22.0,-121.0,21.0,13.0,-111.0,9.990353738523858,9.0,11.0,30000.0,10000.0,19000.0,0.0,24.802611035871124,16.5,19.0,0.0,10000.0,36551.21126465632,25000.0,0.0,26.109204348863237,17.0,20.0,0.0,121.0,9.992194635154531,9.0,11.0,1.0,14838.208408424709,10000.0,19000.0,1.0,16.5,17.478775939540288,19.0,1.0,21338.396088270016,10000.0,25000.0,1.0,18.775192955046986,17.0,20.0,1.0,0.0,211.0,1.0,19.0
11.0,22.0,11.0,22.0,-121.0,21.0,13.0,-111.0,10.171303950468927,9.0,11.0,30000.0,10000.0,19000.0,0.0,26.256605116721396,16.5,19.0,0.0,10000.0,36859.68411252258,25000.0,0.0,27.555587465062775,17.0,20.0,0.0,122.0,10.189849630752542,9.0,11.0,1.0,15641.011301065499,10000.0,19000.0,1.0,16.5,17.678868230009705,19.0,1.0,22602.20438050652,10000.0,25000.0,1.0,18.997072798217555,17.0,20.0,1.0,0.0,211.0,1.0,16.0
11.0,22.0,11.0,22.0,-121.0,21.0,13.0,-111.0,10.189660112319642,9.0,11.0,30000.0,10000.0,19000.0,0.0,25.63953989884029,16.5,19.0,0.0,10000.0,37072.364363880864,25000.0,0.0,26.97832104747559,17.0,20.0,0.0,122.0,10.188744564563551,9.0,11.0,1.0,14268.531725936075,10000.0,19000.0,1.0,16.5,17.42702430165784,19.0,1.0,21169.00699944838,10000.0,25000.0,1.0,18.733267269000226,17.0,20.0,1.0,0.0,211.0,1.0,19.0
91.0,24.0,91.0,24.0,-721.0,911.0,12.0,-711.0,14.956718262471984,12.0,17.0,30000.0,18000.0,36000.0,1.0,24.433307100803574,20.0,25.0,1.0,18000.0,34057.18251435536,36000.0,1.0,24.926643327567582,20.0,26.0,1.0,722.0,15.204694509303224,12.0,17.0,1.0,28618.078779771276,18000.0,36000.0,1.0,20.0,23.699078646533124,25.0,1.0,32601.08936302121,18000.0,36000.0,1.0,24.18339588031521,20.0,26.0,1.0,1.0,91121.0,7.0,23.0
11.0,22.0,11.0,21.0,-121.0,11.0,11.0,-111.0,10.189401717496894,9.0,11.0,30000.0,10000.0,19000.0,0.0,24.05358662989739,16.5,19.0,0.0,10000.0,37164.26175137024,25000.0,0.0,25.40246693894784,17.0,20.0,0.0,122.0,10.215226910642814,9.0,11.0,1.0,10896.194907044079,10000.0,19000.0,1.0,16.5,16.774810012877065,19.0,1.0,17782.68640107858,10000.0,25000.0,1.0,18.071392005148624,17.0,20.0,1.0,0.0,111.0,1.0,0.0
91.0,24.0,91.0,24.0,-721.0,911.0,12.0,-711.0,15.264901900930944,12.0,17.0,30000.0,18000.0,36000.0,1.0,24.00462625971717,20.0,25.0,1.0,18000.0,34017.822552486534,36000.0,1.0,24.492918126492178,20.0,26.0,1.0,722.0,15.251584640773066,12.0,17.0,1.0,24107.997890966486,18000.0,36000.0,1.0,20.0,23.216206367784157,25.0,1.0,28121.58078428085,18000.0,36000.0,1.0,23.70398298256268,20.0,26.0,1.0,1.0,91121.0,7.0,23.0
11.0,21.0,11.0,21.0,-121.0,21.0,12.0,-111.0,10.176300367069613,9.0,11.0,30000.0,10000.0,19000.0,0.0,25.00876774161378,16.5,19.0,0.0,10000.0,36872.96105595564,25000.0,0.0,26.306035449586762,17.0,20.0,0.0,122.0,10.192669155726795,9.0,11.0,1.0,13541.106188370137,10000.0,19000.0,1.0,16.5,17.225161661974763,19.0,1.0,20489.381203473327,10000.0,25000.0,1.0,18.536644839287128,17.0,20.0,1.0,0.0,211.0,1.0,6.0
91.0,24.0,91.0,24.0,-721.0,911.0,12.0,-711.0,15.05729843290839,12.0,17.0,30000.0,18000.0,36000.0,1.0,25.468504990232077,20.0,25.0,0.0,18000.0,34441.19019863497,36000.0,1.0,26.02485757000563,20.0,26.0,0.0,721.0,15.627378112758594,12.0,17.0,1.0,26912.073530106536,18000.0,36000.0,1.0,20.0,24.020676458872416,25.0,1.0,31453.1937236409,18000.0,36000.0,1.0,24.58954737449119,20.0,26.0,1.0,0.0,91121.0,7.0,24.0
91.0,24.0,91.0,24.0,-721.0,911.0,12.0,-711.0,15.36668371166369,12.0,17.0,30000.0,18000.0,36000.0,1.0,25.070494279718545,20.0,25.0,0.0,18000.0,33944.547725225224,36000.0,1.0,25.552142830738806,20.0,26.0,1.0,722.0,15.201853770935978,12.0,17.0,1.0,27275.33412594961,18000.0,36000.0,1.0,20.0,23.600619079593933,25.0,1.0,31270.98763121271,18000.0,36000.0,1.0,24.088507896068858,20.0,26.0,1.0,0.0,91121.0,7.0,27.0
81.0,23.0,81.0,21.0,-721.0,912.0,12.0,-711.0,15.371831610790906,12.0,17.0,30000.0,12500.0,23000.0,0.0,26.442345080339123,20.0,24.0,0.0,12500.0,34035.82320065018,26000.0,0.0,26.936124074859972,20.0,25.0,0.0,722.0,15.161994807140097,12.0,17.0,1.0,15408.56776068517,12500.0,23000.0,1.0,20.0,21.43720849590192,24.0,1.0,19366.38180100504,12500.0,26000.0,1.0,21.921443146472047,20.0,25.0,1.0,0.0,912.0,7.0,30.0
11.0,22.0,11.0,22.0,-121.0,21.0,12.0,-111.0,9.994602389158704,9.0,11.0,30000.0,10000.0,19000.0,0.0,23.55599189111219,16.5,19.0,0.0,10000.0,36510.47433093752,25000.0,0.0,24.866250132128503,17.0,20.0,0.0,121.0,10.004201796558073,9.0,11.0,1.0,16657.15440606701,10000.0,19000.0,1.0,16.5,17.885339231391242,19.0,1.0,23132.511813663088,10000.0,25000.0,1.0,19.188530055216674,17.0,20.0,1.0,0.0,211.0,1.0,25.0
11.0,21.0,11.0,22.0,-121.0,11.0,11.0,-111.0,9.998995786106107,9.0,11.0,30000.0,10000.0,19000.0,0.0,25.16712569310331,16.5,19.0,0.0,10000.0,36571.40526558118,25000.0,0.0,26.475249665108496,17.0,20.0,0.0,121.0,9.980420996125437,9.0,11.0,1.0,14862.071869529142,10000.0,19000.0,1.0,16.5,17.462829808649815,19.0,1.0,21259.9324171086,10000.0,25000.0,1.0,18.73640743985603,17.0,20.0,1.0,0.0,111.0,1.0,43.0
92.0,24.0,92.0,24.0,-721.0,921.0,13.0,-711.0,15.367381819291658,12.0,17.0,30000.0,15000.0,28000.0,0.0,24.023482837542282,19.5,25.0,1.0,15000.0,33968.026589587185,28000.0,0.0,24.507253691337283,20.0,26.0,1.0,722.0,15.323516125519049,12.0,17.0,1.0,19650.380785325222,15000.0,28000.0,1.0,19.5,21.811787843278122,25.0,1.0,23613.470972004365,15000.0,28000.0,1.0,22.294956864450388,20.0,26.0,1.0,0.0,92122.0,7.0,22.0
81.0,23.0,81.0,23.0,-721.0,912.0,11.0,-711.0,14.68571625051438,12.0,17.0,30000.0,12500.0,23000.0,0.0,26.741105326672667,20.0,24.0,0.0,12500.0,34485.12876333015,26000.0,0.0,27.30336116472073,20.0,25.0,0.0,721.0,15.299259839911517,12.0,17.0,1.0,18397.280614664895,12500.0,23000.0,1.0,20.0,22.15698601598416,24.0,1.0,22877.016057214816,12500.0,26000.0,1.0,22.71856574722344,20.0,25.0,1.0,0.0,912.0,7.0,17.0
11.0,21.0,11.0,22.0,-121.0,11.0,11.0,-111.0,10.179003120891071,9.0,11.0,30000.0,10000.0,19000.0,0.0,23.73778866601231,16.5,19.0,0.0,10000.0,36859.46617223057,25000.0,0.0,25.03260310119115,17.0,20.0,0.0,122.0,10.193116314587613,9.0,11.0,1.0,15421.999492354415,10000.0,19000.0,1.0,16.5,17.65334286696171,19.0,1.0,22326.276466390456,10000.0,25000.0,1.0,18.956615930198893,17.0,20.0,1.0,0.0,111.0,1.0,43.0
11.0,22.0,11.0,21.0,-121.0,21.0,12.0,-111.0,10.187708898080507,9.0,11.0,30000.0,10000.0,19000.0,0.0,23.797135397823254,16.5,19.0,0.0,10000.0,37099.97663850129,25000.0,0.0,25.140204945712266,17.0,20.0,0.0,122.0,10.199226118925687,9.0,11.0,1.0,14472.23206648046,10000.0,19000.0,1.0,16.5,17.41396813779932,19.0,1.0,21481.35089432729,10000.0,25000.0,1.0,18.73985053636503,17.0,20.0,1.0,0.0,211.0,1.0,53.0
11.0,22.0,11.0,21.0,-121.0,21.0,13.0,-111.0,10.012115394762592,9.0,11.0,30000.0,10000.0,19000.0,0.0,26.438872510384325,16.5,19.0,0.0,10000.0,36461.2893551519,25000.0,0.0,27.728782384437558,17.0,20.0,0.0,121.0,10.017043565226443,9.0,11.0,1.0,13157.834164935057,10000.0,19000.0,1.0,16.5,17.100842682181554,19.0,1.0,19617.66552885765,10000.0,25000.0,1.0,18.39046148781491,17.0,20.0,1.0,0.0,211.0,1.0,2.0
11.0,22.0,11.0,22.0,-121.0,21.0,13.0,-111.0,9.999794669152324,9.0,11.0,30000.0,10000.0,19000.0,0.0,25.91962003576196,16.5,19.0,0.0,10000.0,36426.94792878924,25000.0,0.0,27.208493265474015,17.0,20.0,0.0,121.0,9.977494900936753,9.0,11.0,1.0,14546.012660199234,10000.0,19000.0,1.0,16.5,17.430369618553204,19.0,1.0,21042.11188223851,10000.0,25000.0,1.0,18.733110589478894,17.0,20.0,1.0,0.0,211.0,1.0,8.0
81.0,23.0,81.0,23.0,-721.0,912.0,11.0,-711.0,15.403760590311192,12.0,17.0,30000.0,12500.0,23000.0,0.0,27.205273840929344,20.0,24.0,0.0,12500.0,34015.75113658457,26000.0,0.0,27.693083367627025,20.0,25.0,0.0,722.0,15.317882912037915,12.0,17.0,1.0,18179.662082878895,12500.0,23000.0,1.0,20.0,22.073839384609514,24.0,1.0,22199.386753395644,12500.0,26000.0,1.0,22.562131592539384,20.0,25.0,1.0,0.0,912.0,7.0,17.0
11.0,22.0,11.0,21.0,-121.0,21.0,13.0,-111.0,10.222413169775104,9.0,11.0,30000.0,10000.0,19000.0,0.0,25.783938877491913,16.5,19.0,0.0,10000.0,36951.229820355526,25000.0,0.0,27.09476367491663,17.0,20.0,0.0,122.0,10.21850353579023,9.0,11.0,1.0,12484.274591643773,10000.0,19000.0,1.0,16.5,17.0683301476718,19.0,1.0,19318.06653823817,10000.0,25000.0,1.0,18.35700915491819,17.0,20.0,1.0,0.0,211.0,1.0,2.0
11.0,22.0,11.0,22.0,-121.0,11.0,11.0,-111.0,10.2054198037845,9.0,11.0,30000.0,10000.0,19000.0,0.0,23.482404349276713,16.5,19.0,0.0,10000.0,36940.62494303017,25000.0,0.0,24.790585082079616,17.0,20.0,0.0,122.0,10.178528027427916,9.0,11.0,1.0,14429.903175814596,10000.0,19000.0,1.0,16.5,17.436293661299185,19.0,1.0,21545.55029560688,10000.0,25000.0,1.0,18.777462870115812,17.0,20.0,1.0,0.0,111.0,1.0,57.0
91.0,24.0,91.0,21.0,-721.0,911.0,11.0,-711.0,14.935228162833338,12.0,17.0,30000.0,18000.0,36000.0,1.0,24.47679635377989,20.0,25.0,1.0,18000.0,34532.88935969232,36000.0,1.0,25.043120398538033,20.0,26.0,1.0,721.0,14.19931540136618,12.0,17.0,1.0,22930.332182908594,18000.0,36000.0,1.0,20.0,21.959392859383705,25.0,1.0,27406.654459605972,18000.0,36000.0,1.0,22.51864960187616,20.0,26.0,1.0,1.0,91121.0,7.0,3.0
11.0,22.0,11.0,22.0,-121.0,21.0,13.0,-111.0,10.23481298777885,9.0,11.0,30000.0,10000.0,19000.0,0.0,25.09641568498484,16.5,19.0,0.0,10000.0,37182.532240162574,25000.0,0.0,26.445982972482174,17.0,20.0,0.0,122.0,10.216748855244257,9.0,11.0,1.0,15672.59228725955,10000.0,19000.0,1.0,16.5,17.692936548619414,19.0,1.0,22885.757367095368,10000.0,25000.0,1.0,19.048259616524525,17.0,20.0,1.0,0.0,211.0,1.0,31.0
81.0,23.0,81.0,23.0,-721.0,912.0,12.0,-711.0,15.26749253193014,12.0,17.0,30000.0,12500.0,23000.0,0.0,25.68398430875916,20.0,24.0,0.0,12500.0,34003.93180492171,26000.0,0.0,26.172448202594843,20.0,25.0,0.0,722.0,15.132688828830283,12.0,17.0,1.0,16847.083421760635,12500.0,23000.0,1.0,20.0,21.722600510891873,24.0,1.0,20888.979412347457,12500.0,26000.0,1.0,22.21569588569671,20.0,25.0,1.0,0.0,912.0,7.0,10.0
91.0,24.0,91.0,24.0,-721.0,911.0,12.0,-711.0,15.12464511559626,12.0,17.0,30000.0,18000.0,36000.0,1.0,26.916642911578535,20.0,25.0,0.0,18000.0,33941.37728842301,36000.0,1.0,27.398569292505837,20.0,26.0,0.0,722.0,15.069071403004871,12.0,17.0,1.0,26452.43593471445,18000.0,36000.0,1.0,20.0,23.235932951783166,25.0,1.0,30517.190297484136,18000.0,36000.0,1.0,23.73294509146387,20.0,26.0,1.0,0.0,91121.0,7.0,27.0
11.0,21.0,11.0,22.0,-121.0,11.0,11.0,-111.0,9.989933430814352,9.0,11.0,30000.0,10000.0,19000.0,0.0,24.48730685591555,16.5,19.0,0.0,10000.0,36606.78354558721,25000.0,0.0,25.80631470705815,17.0,20.0,0.0,121.0,9.988887183684872,9.0,11.0,1.0,14498.828604681165,10000.0,19000.0,1.0,16.5,17.412884990836453,19.0,1.0,21038.570946484855,10000.0,25000.0,1.0,18.718508435856112,17.0,20.0,1.0,0.0,111.0,1.0,29.0
92.0,24.0,92.0,24.0,-721.0,921.0,13.0,-711.0,14.942922223447251,12.0,17.0,30000.0,15000.0,28000.0,0.0,24.265125499357026,19.5,25.0,1.0,15000.0,34459.43860999705,28000.0,0.0,24.822258145099386,20.0,26.0,1.0,721.0,15.589455033415902,12.0,17.0,1.0,21962.122374941817,15000.0,28000.0,1.0,19.5,22.30897166542653,25.0,1.0,26379.544693715696,15000.0,28000.0,1.0,22.86085507476479,20.0,26.0,1.0,0.0,92122.0,7.0,25.0
11.0,22.0,11.0,22.0,-121.0,21.0,13.0,-111.0,10.186150609024034,9.0,11.0,30000.0,10000.0,19000.0,0.0,25.541993383427624,16.5,19.0,0.0,10000.0,37121.62955430301,25000.0,0.0,26.88454704450154,17.0,20.0,0.0,122.0,10.191000009325759,9.0,11.0,1.0,14815.630726615636,10000.0,19000.0,1.0,16.5,17.55043928519338,19.0,1.0,21732.00640141838,10000.0,25000.0,1.0,18.854298944385917,17.0,20.0,1.0,0.0,211.0,1.0,41.0
11.0,22.0,11.0,22.0,-121.0,21.0,13.0,-111.0,10.208615634802328,9.0,11.0,30000.0,10000.0,19000.0,0.0,26.147147215723706,16.5,19.0,0.0,10000.0,36959.797238806415,25000.0,0.0,27.457772299751486,17.0,20.0,0.0,122.0,10.174154722574606,9.0,11.0,1.0,11218.605565445068,10000.0,19000.0,1.0,16.5,16.805507865193903,19.0,1.0,18231.030452169565,10000.0,25000.0,1.0,18.126043455678715,17.0,20.0,1.0,0.0,211.0,1.0,8.0
91.0,24.0,91.0,21.0,-721.0,911.0,11.0,-711.0,15.100216530288003,12.0,17.0,30000.0,18000.0,36000.0,1.0,24.733885817642033,20.0,25.0,1.0,18000.0,34016.54111170907,36000.0,1.0,25.222419743932555,20.0,26.0,1.0,722.0,15.129321462063142,12.0,17.0,1.0,21634.940544768204,18000.0,36000.0,1.0,20.0,22.723076243568194,25.0,1.0,25622.6311689058,18000.0,36000.0,1.0,23.208101070467798,20.0,26.0,1.0,1.0,91121.0,7.0,3.0
11.0,22.0,11.0,22.0,-121.0,11.0,12.0,-111.0,10.007665803097668,9.0,11.0,30000.0,10000.0,19000.0,0.0,24.52246723913639,16.5,19.0,0.0,10000.0,36566.57577383913,25000.0,0.0,25.83778069852411,17.0,20.0,0.0,121.0,10.011700693265366,9.0,11.0,1.0,15810.5468499974,10000.0,19000.0,1.0,16.5,17.664990786069332,19.0,1.0,22354.572236720436,10000.0,25000.0,1.0,18.97578730562269,17.0,20.0,1.0,0.0,111.0,1.0,40.0
91.0,24.0,91.0,24.0,-721.0,911.0,11.0,-711.0,14.688376751978103,12.0,17.0,30000.0,18000.0,36000.0,1.0,23.879941272064716,20.0,25.0,1.0,18000.0,34584.8151204984,36000.0,1.0,24.455568481178883,20.0,26.0,1.0,721.0,14.978987591649009,12.0,17.0,1.0,27860.820186568806,18000.0,36000.0,1.0,20.0,23.458359574588947,25.0,1.0,32323.060171330897,18000.0,36000.0,1.0,24.018597377274222,20.0,26.0,1.0,1.0,91121.0,7.0,16.0
11.0,21.0,11.0,22.0,-121.0,21.0,13.0,-111.0,10.002278121066757,9.0,11.0,30000.0,10000.0,19000.0,0.0,26.354564964410514,16.5,19.0,0.0,10000.0,36463.02242742811,25000.0,0.0,27.648863914057678,17.0,20.0,0.0,121.0,9.999140545346787,9.0,11.0,1.0,14468.378129883149,10000.0,19000.0,1.0,16.5,17.40301180209025,19.0,1.0,20991.61395483109,10000.0,25000.0,1.0,18.709369217886916,17.0,20.0,1.0,0.0,211.0,1.0,59.0
91.0,24.0,91.0,21.0,-721.0,911.0,11.0,-711.0,15.503308329874379,12.0,17.0,30000.0,18000.0,36000.0,1.0,24.696087513728813,20.0,25.0,1.0,18000.0,33991.59892416601,36000.0,1.0,25.180272501716114,20.0,26.0,1.0,722.0,15.374130090214074,12.0,17.0,1.0,24587.389738041344,18000.0,36000.0,1.0,20.0,23.322031977871323,25.0,1.0,28602.971855871605,18000.0,36000.0,1.0,23.80912615151501,20.0,26.0,1.0,1.0,91121.0,7.0,21.0
11.0,22.0,11.0,22.0,-121.0,11.0,11.0,-111.0,10.181965580815403,9.0,11.0,30000.0,10000.0,19000.0,0.0,24.562421627304715,16.5,19.0,0.0,10000.0,36977.24607610417,25000.0,0.0,25.87542589475667,17.0,20.0,0.0,122.0,10.205072491676207,9.0,11.0,1.0,17775.422561312105,10000.0,19000.0,1.0,16.5,18.116409036062887,19.0,1.0,24855.565350691577,10000.0,25000.0,1.0,19.448776791940446,17.0,20.0,1.0,0.0,111.0,1.0,27.0
11.0,22.0,11.0,22.0,-121.0,11.0,12.0,-111.0,10.007648514129945,9.0,11.0,30000.0,10000.0,19000.0,0.0,23.50790773403503,16.5,19.0,0.0,10000.0,36444.285239930476,25000.0,0.0,24.79200218820054,17.0,20.0,0.0,121.0,10.0055570121309,9.0,11.0,1.0,16403.018390598285,10000.0,19000.0,1.0,16.5,17.791491285799097,19.0,1.0,22861.10840876153,10000.0,25000.0,1.0,19.07833649330803,17.0,20.0,1.0,0.0,111.0,1.0,42.0
91.0,24.0,91.0,21.0,-721.0,911.0,11.0,-711.0,15.137892943183452,12.0,17.0,30000.0,18000.0,36000.0,1.0,24.42382110781487,20.0,25.0,1.0,18000.0,34051.98505723215,36000.0,1.0,24.91592599441796,20.0,26.0,1.0,722.0,15.211266142496168,12.0,17.0,1.0,25187.090158795316,18000.0,36000.0,1.0,20.0,23.22017658376342,25.0,1.0,29225.263245889062,18000.0,36000.0,1.0,23.710604036244042,20.0,26.0,1.0,1.0,91121.0,7.0,2.0
81.0,21.0,81.0,23.0,-721.0,912.0,12.0,-711.0,14.985639298157723,12.0,17.0,30000.0,12500.0,23000.0,0.0,27.283755650937454,20.0,24.0,0.0,12500.0,34553.53271824903,26000.0,0.0,27.850810652978087,20.0,25.0,0.0,721.0,15.753389746931548,12.0,17.0,1.0,17167.283780729857,12500.0,23000.0,1.0,20.0,22.43385082907133,24.0,1.0,21677.604970726134,12500.0,26000.0,1.0,22.995524665595493,20.0,25.0,1.0,0.0,912.0,7.0,7.0
11.0,22.0,11.0,22.0,-121.0,21.0,13.0,-111.0,10.191814289217877,9.0,11.0,30000.0,10000.0,19000.0,0.0,25.04681833373641,16.5,19.0,0.0,10000.0,36944.35203547235,25000.0,0.0,26.353141930994685,17.0,20.0,0.0,122.0,10.19832954754171,9.0,11.0,1.0,15083.858269593711,10000.0,19000.0,1.0,16.5,17.60431524931448,19.0,1.0,21917.512635963005,10000.0,25000.0,1.0,18.889815164741513,17.0,20.0,1.0,0.0,211.0,1.0,47.0
91.0,24.0,91.0,21.0,-721.0,911.0,12.0,-711.0,14.372604295402589,12.0,17.0,30000.0,18000.0,36000.0,1.0,24.068657393628072,20.0,25.0,1.0,18000.0,34433.18126428624,36000.0,1.0,24.624184148120754,20.0,26.0,1.0,721.0,15.306509561458503,12.0,17.0,1.0,24832.208860759278,18000.0,36000.0,1.0,20.0,23.345785035583674,25.0,1.0,29379.06656803885,18000.0,36000.0,1.0,23.91555670849354,20.0,26.0,1.0,1.0,91121.0,7.0,29.0
91.0,24.0,91.0,24.0,-721.0,911.0,12.0,-711.0,15.113572171539099,12.0,17.0,30000.0,18000.0,36000.0,1.0,24.70209864831181,20.0,25.0,1.0,18000.0,34411.37309300181,36000.0,1.0,25.25300925775005,20.0,26.0,1.0,721.0,15.467071022173352,12.0,17.0,1.0,26597.42036491362,18000.0,36000.0,1.0,20.0,23.81556949388424,25.0,1.0,31091.628741627246,18000.0,36000.0,1.0,24.376824917889415,20.0,26.0,1.0,1.0,91121.0,7.0,24.0
91.0,24.0,91.0,24.0,-721.0,911.0,12.0,-711.0,14.836814615403604,12.0,17.0,30000.0,18000.0,36000.0,1.0,24.03401037875495,20.0,25.0,1.0,18000.0,33995.03448910011,36000.0,1.0,24.52188674384298,20.0,26.0,1.0,722.0,15.097683646771745,12.0,17.0,1.0,27349.12303474029,18000.0,36000.0,1.0,20.0,23.419422455930665,25.0,1.0,31351.880896185183,18000.0,36000.0,1.0,23.908242004572198,20.0,26.0,1.0,1.0,91121.0,7.0,13.0
11.0,22.0,11.0,21.0,-121.0,11.0,12.0,-111.0,10.195550053963073,9.0,11.0,30000.0,10000.0,19000.0,0.0,23.71448856124328,16.5,19.0,0.0,10000.0,37080.45875240036,25000.0,0.0,25.05084455593,17.0,20.0,0.0,122.0,10.195993536909482,9.0,11.0,1.0,13003.869998399163,10000.0,19000.0,1.0,16.5,17.132092159511075,19.0,1.0,20082.62768251931,10000.0,25000.0,1.0,18.46812709692268,17.0,20.0,1.0,0.0,111.0,1.0,46.0
11.0,22.0,11.0,21.0,-121.0,21.0,12.0,-111.0,10.202421130729597,9.0,11.0,30000.0,10000.0,19000.0,0.0,24.364858202293476,16.5,19.0,0.0,10000.0,37084.30838336227,25000.0,0.0,25.700427437159817,17.0,20.0,0.0,122.0,10.188161995135598,9.0,11.0,1.0,12445.695104717184,10000.0,19000.0,1.0,16.5,17.023067655094074,19.0,1.0,19308.518062254174,10000.0,25000.0,1.0,18.316881350153842,17.0,20.0,1.0,0.0,211.0,1.0,53.0
11.0,21.0,11.0,21.0,-121.0,11.0,11.0,-111.0,10.010079540858888,9.0,11.0,30000.0,10000.0,19000.0,0.0,24.25161309327715,16.5,19.0,0.0,10000.0,36503.97030288953,25000.0,0.0,25.55134935230645,17.0,20.0,0.0,121.0,9.993890750030754,9.0,11.0,1.0,14027.057447056122,10000.0,19000.0,1.0,16.5,17.219744073467087,19.0,1.0,20576.88690340353,10000.0,25000.0,1.0,18.528644704684726,17.0,20.0,1.0,0.0,111.0,1.0,18.0
11.0,22.0,11.0,22.0,-121.0,21.0,13.0,-111.0,10.195055642910285,9.0,11.0,30000.0,10000.0,19000.0,0.0,25.709241827249052,16.5,19.0,0.0,10000.0,37068.95646317603,25000.0,0.0,27.04388705230991,17.0,20.0,0.0,122.0,10.18826747970973,9.0,11.0,1.0,14514.76863124263,10000.0,19000.0,1.0,16.5,17.458870838659756,19.0,1.0,21488.887824046094,10000.0,25000.0,1.0,18.775610434973302,17.0,20.0,1.0,0.0,211.0,1.0,5.0
11.0,22.0,11.0,22.0,-121.0,21.0,13.0,-111.0,10.201365391381817,9.0,11.0,30000.0,10000.0,19000.0,0.0,25.533595108978552,16.5,19.0,0.0,10000.0,37172.87277129501,25000.0,0.0,26.882774181797437,17.0,20.0,0.0,122.0,10.187763977514459,9.0,11.0,1.0,14159.85711227046,10000.0,19000.0,1.0,16.5,17.3690172312986,19.0,1.0,21125.113305592084,10000.0,25000.0,1.0,18.679144734250954,17.0,20.0,1.0,0.0,211.0,1.0,19.0
11.0,22.0,11.0,22.0,-121.0,21.0,13.0,-111.0,10.015469473850917,9.0,11.0,30000.0,10000.0,19000.0,0.0,27.128519899983367,16.5,19.0,0.0,10000.0,36497.26524286013,25000.0,0.0,28.425714782242565,17.0,20.0,0.0,121.0,10.011067708551117,9.0,11.0,1.0,14063.113871281825,10000.0,19000.0,1.0,16.5,17.350114329216357,19.0,1.0,20593.807583785718,10000.0,25000.0,1.0,18.653983287124735,17.0,20.0,1.0,0.0,211.0,1.0,4.0
11.0,22.0,11.0,22.0,-121.0,21.0,13.0,-111.0,10.017199846946605,9.0,11.0,30000.0,10000.0,19000.0,0.0,26.087009799163475,16.5,19.0,0.0,10000.0,36451.208570159295,25000.0,0.0,27.38149760430341,17.0,20.0,0.0,121.0,9.983874880903201,9.0,11.0,1.0,13027.676642585771,10000.0,19000.0,1.0,16.5,17.109894221258475,19.0,1.0,19493.093929204493,10000.0,25000.0,1.0,18.407233121659612,17.0,20.0,1.0,0.0,211.0,1.0,41.0
11.0,22.0,11.0,22.0,-121.0,21.0,13.0,-111.0,10.216515887869349,9.0,11.0,30000.0,10000.0,19000.0,0.0,26.343154455196355,16.5,19.0,0.0,10000.0,37152.88388200996,25000.0,0.0,27.696386242847858,17.0,20.0,0.0,122.0,10.193693430331578,9.0,11.0,1.0,13353.537107431845,10000.0,19000.0,1.0,16.5,17.273297207596784,19.0,1.0,20311.417417053915,10000.0,25000.0,1.0,18.58963687771726,17.0,20.0,1.0,0.0,211.0,1.0,47.0
11.0,22.0,11.0,22.0,-121.0,21.0,13.0,-111.0,10.179139284078547,9.0,11.0,30000.0,10000.0,19000.0,0.0,25.842923568663558,16.5,19.0,0.0,10000.0,37128.9365931099,25000.0,0.0,27.195918520854104,17.0,20.0,0.0,122.0,10.21738489472399,9.0,11.0,1.0,15983.726619840305,10000.0,19000.0,1.0,16.5,17.82436243853908,19.0,1.0,23002.009122946656,10000.0,25000.0,1.0,19.156356442936268,17.0,20.0,1.0,0.0,211.0,1.0,22.0
11.0,21.0,11.0,22.0,-121.0,11.0,11.0,-111.0,10.012852725683627,9.0,11.0,30000.0,10000.0,19000.0,0.0,25.475197975763603,16.5,19.0,0.0,10000.0,36503.44767500499,25000.0,0.0,26.771316590646904,17.0,20.0,0.0,121.0,9.990245393036416,9.0,11.0,1.0,11328.556476552863,10000.0,19000.0,1.0,16.5,16.782607618477225,19.0,1.0,17790.888158713547,10000.0,25000.0,1.0,18.07053193298971,17.0,20.0,1.0,0.0,111.0,1.0,35.0
11.0,22.0,11.0,22.0,-121.0,21.0,13.0,-111.0,10.202632064079,9.0,11.0,30000.0,10000.0,19000.0,0.0,26.51997565499341,16.5,19.0,0.0,10000.0,36937.84810690966,25000.0,0.0,27.8268801415403,17.0,20.0,0.0,122.0,10.185517774857633,9.0,11.0,1.0,13696.46021596543,10000.0,19000.0,1.0,16.5,17.330386432414276,19.0,1.0,20636.09228099942,10000.0,25000.0,1.0,18.637626968819937,17.0,20.0,1.0,0.0,211.0,1.0,21.0
81.0,23.0,81.0,23.0,-721.0,912.0,12.0,-711.0,15.226586215897916,12.0,17.0,30000.0,12500.0,23000.0,0.0,26.35384556170031,20.0,24.0,0.0,12500.0,33997.161427379935,26000.0,0.0,26.840667635773848,20.0,25.0,0.0,722.0,15.214187037937378,12.0,17.0,1.0,16719.92911159257,12500.0,23000.0,1.0,20.0,21.81423305538004,24.0,1.0,20789.72491709094,12500.0,26000.0,1.0,22.30990141180846,20.0,25.0,1.0,0.0,912.0,7.0,31.0
81.0,21.0,81.0,21.0,-721.0,912.0,12.0,-711.0,15.239224958930187,12.0,17.0,30000.0,12500.0,23000.0,0.0,27.665849065554873,20.0,24.0,0.0,12500.0,33987.78183193461,26000.0,0.0,28.152958962061657,20.0,25.0,0.0,722.0,15.010811777147836,12.0,17.0,1.0,14886.071693400854,12500.0,23000.0,1.0,20.0,21.276757572046648,24.0,1.0,18873.904116384758,12500.0,26000.0,1.0,21.763873648279862,20.0,25.0,1.0,0.0,912.0,7.0,6.0
11.0,22.0,11.0,21.0,-121.0,21.0,13.0,-111.0,10.205405126725204,9.0,11.0,30000.0,10000.0,19000.0,0.0,25.009143084560865,16.5,19.0,0.0,10000.0,36941.54549023556,25000.0,0.0,26.317134238004215,17.0,20.0,0.0,122.0,10.187029018750701,9.0,11.0,1.0,11734.162143185265,10000.0,19000.0,1.0,16.5,16.856200625223593,19.0,1.0,18960.80148694406,10000.0,25000.0,1.0,18.21791183839053,17.0,20.0,1.0,0.0,211.0,1.0,2.0
11.0,22.0,11.0,22.0,-121.0,21.0,13.0,-111.0,10.005100989372435,9.0,11.0,30000.0,10000.0,19000.0,0.0,27.074818864314587,16.5,19.0,0.0,10000.0,36481.33921964848,25000.0,0.0,28.370612972862506,17.0,20.0,0.0,121.0,10.001403280757309,9.0,11.0,1.0,14363.910870552289,10000.0,19000.0,1.0,16.5,17.40773777029188,19.0,1.0,20809.820197756228,10000.0,25000.0,1.0,18.69644848999989,17.0,20.0,1.0,0.0,211.0,1.0,31.0
11.0,22.0,11.0,21.0,-121.0,11.0,11.0,-111.0,10.217995355010634,9.0,11.0,30000.0,10000.0,19000.0,0.0,24.72088520703652,16.5,19.0,0.0,10000.0,36928.715447735776,25000.0,0.0,26.031918273310954,17.0,20.0,0.0,122.0,10.207940012548242,9.0,11.0,1.0,9529.772307930523,10000.0,19000.0,0.0,16.5,16.45090075195575,19.0,0.0,16413.918022354053,10000.0,25000.0,1.0,17.75350045210797,17.0,20.0,1.0,0.0,111.0,1.0,0.0
91.0,24.0,91.0,24.0,-721.0,911.0,12.0,-711.0,14.322327993780155,12.0,17.0,30000.0,18000.0,36000.0,1.0,23.51639804298659,20.0,25.0,1.0,18000.0,34456.60296788185,36000.0,1.0,24.07611145722326,20.0,26.0,1.0,721.0,16.019861031385258,12.0,17.0,1.0,26275.009122800766,18000.0,36000.0,1.0,20.0,24.38691807133466,25.0,1.0,30771.794689925748,18000.0,36000.0,1.0,24.95167809617976,20.0,26.0,1.0,1.0,91121.0,7.0,13.0
11.0,22.0,11.0,22.0,-121.0,11.0,11.0,-111.0,10.003837812300164,9.0,11.0,30000.0,10000.0,19000.0,0.0,25.295702161395916,16.5,19.0,0.0,10000.0,36519.28316703199,25000.0,0.0,26.599764043529692,17.0,20.0,0.0,121.0,10.006143443545621,9.0,11.0,1.0,14012.592487298567,10000.0,19000.0,1.0,16.5,17.301269165303673,19.0,1.0,20552.82869332775,10000.0,25000.0,1.0,18.60952231490828,17.0,20.0,1.0,0.0,111.0,1.0,15.0
11.0,21.0,11.0,22.0,-121.0,11.0,12.0,-111.0,9.9999058321,9.0,11.0,30000.0,10000.0,19000.0,0.0,25.09821650707141,16.5,19.0,0.0,10000.0,36473.604089898545,25000.0,0.0,26.387457456037005,17.0,20.0,0.0,121.0,10.01869488618052,9.0,11.0,1.0,15928.752846794656,10000.0,19000.0,1.0,16.5,17.69856096840562,19.0,1.0,22430.95940603767,10000.0,25000.0,1.0,18.993498199412617,17.0,20.0,1.0,0.0,111.0,1.0,7.0
11.0,22.0,11.0,21.0,-121.0,21.0,13.0,-111.0,10.195318283962862,9.0,11.0,30000.0,10000.0,19000.0,0.0,26.174033438219325,16.5,19.0,0.0,10000.0,37122.97734443146,25000.0,0.0,27.52198521063879,17.0,20.0,0.0,122.0,10.195464456528782,9.0,11.0,1.0,12471.99199350503,10000.0,19000.0,1.0,16.5,17.055524529377664,19.0,1.0,19474.433479059582,10000.0,25000.0,1.0,18.38066610365151,17.0,20.0,1.0,0.0,211.0,1.0,58.0
11.0,22.0,11.0,22.0,-121.0,21.0,13.0,-111.0,10.210165416188252,9.0,11.0,30000.0,10000.0,19000.0,0.0,25.766030403690536,16.5,19.0,0.0,10000.0,36914.1301204709,25000.0,0.0,27.075138053079986,17.0,20.0,0.0,122.0,10.200358669103755,9.0,11.0,1.0,13590.568808665568,10000.0,19000.0,1.0,16.5,17.28694371180581,19.0,1.0,20430.02064325918,10000.0,25000.0,1.0,18.58191192303285,17.0,20.0,1.0,0.0,211.0,1.0,22.0
11.0,22.0,11.0,21.0,-121.0,11.0,12.0,-111.0,10.20328135208745,9.0,11.0,30000.0,10000.0,19000.0,0.0,24.976241052611027,16.5,19.0,0.0,10000.0,36921.45696063054,25000.0,0.0,26.281658007354064,17.0,20.0,0.0,122.0,10.179137814496574,9.0,11.0,1.0,15908.36317993701,10000.0,19000.0,1.0,16.5,17.648849238410982,19.0,1.0,22926.007907133375,10000.0,25000.0,1.0,18.972407625229394,17.0,20.0,1.0,0.0,111.0,1.0,45.0
81.0,23.0,81.0,21.0,-721.0,912.0,12.0,-711.0,15.127967570171249,12.0,17.0,30000.0,12500.0,23000.0,0.0,26.062022575181565,20.0,24.0,0.0,12500.0,34095.57517178099,26000.0,0.0,26.56190218852505,20.0,25.0,0.0,722.0,15.055160840307725,12.0,17.0,1.0,16202.22403178528,12500.0,23000.0,1.0,20.0,21.519936195245965,24.0,1.0,20223.056476702703,12500.0,26000.0,1.0,22.010693191169988,20.0,25.0,1.0,0.0,912.0,7.0,30.0
11.0,22.0,11.0,22.0,-121.0,21.0,12.0,-111.0,10.196575815007844,9.0,11.0,30000.0,10000.0,19000.0,0.0,24.829088159397067,16.5,19.0,0.0,10000.0,36794.65662426558,25000.0,0.0,26.108438979274812,17.0,20.0,0.0,122.0,10.212442682852453,9.0,11.0,1.0,18125.590367347868,10000.0,19000.0,1.0,16.5,18.184512614863998,19.0,1.0,25197.66721434592,10000.0,25000.0,0.0,19.516098272943267,17.0,20.0,1.0,0.0,211.0,1.0,25.0
11.0,21.0,11.0,22.0,-121.0,21.0,13.0,-111.0,10.18992355539846,9.0,11.0,30000.0,10000.0,19000.0,0.0,26.683170885405346,16.5,19.0,0.0,10000.0,37227.01915904915,25000.0,0.0,28.047005354988237,17.0,20.0,0.0,122.0,10.190555254671288,9.0,11.0,1.0,14250.566847452226,10000.0,19000.0,1.0,16.5,17.412148143953807,19.0,1.0,21169.65122658696,10000.0,25000.0,1.0,18.71787123206833,17.0,20.0,1.0,0.0,211.0,1.0,59.0
11.0,22.0,11.0,21.0,-121.0,11.0,11.0,-111.0,10.198495250101088,9.0,11.0,30000.0,10000.0,19000.0,0.0,24.99712558790126,16.5,19.0,0.0,10000.0,37044.08532476003,25000.0,0.0,26.327787226164617,17.0,20.0,0.0,122.0,10.210064109585378,9.0,11.0,1.0,13126.477193254375,10000.0,19000.0,1.0,16.5,17.15589162882394,19.0,1.0,20187.21122986637,10000.0,25000.0,1.0,18.489698288927116,17.0,20.0,1.0,0.0,111.0,1.0,1.0
91.0,24.0,91.0,24.0,-721.0,911.0,11.0,-711.0,15.296560875234496,12.0,17.0,30000.0,18000.0,36000.0,1.0,25.07663686987693,20.0,25.0,0.0,18000.0,33995.41173113925,36000.0,1.0,25.563762872342355,20.0,26.0,1.0,722.0,15.343534726385968,12.0,17.0,1.0,26465.918675113593,18000.0,36000.0,1.0,20.0,23.578498235910065,25.0,1.0,30429.92956147674,18000.0,36000.0,1.0,24.061795804907522,20.0,26.0,1.0,0.0,91121.0,7.0,4.0
92.0,24.0,92.0,24.0,-721.0,921.0,13.0,-711.0,15.198757510353424,12.0,17.0,30000.0,15000.0,28000.0,0.0,25.186843801153987,19.5,25.0,0.0,15000.0,34063.89130781865,28000.0,0.0,25.681534854733627,20.0,26.0,1.0,722.0,15.372565102156353,12.0,17.0,1.0,23613.791990096146,15000.0,28000.0,1.0,19.5,22.273704556311387,25.0,1.0,27550.802749309216,15000.0,28000.0,1.0,22.752950641629276,20.0,26.0,1.0,0.0,92122.0,7.0,22.0
91.0,24.0,91.0,24.0,-721.0,911.0,11.0,-711.0,15.090039724551682,12.0,17.0,30000.0,18000.0,36000.0,1.0,24.233814443701235,20.0,25.0,1.0,18000.0,34003.26428582318,36000.0,1.0,24.72232416332162,20.0,26.0,1.0,722.0,15.028722405438591,12.0,17.0,1.0,22727.26249809521,18000.0,36000.0,1.0,20.0,22.911003516906646,25.0,1.0,26665.184463694477,18000.0,36000.0,1.0,23.391539653907223,20.0,26.0,1.0,1.0,91121.0,7.0,0.0
81.0,23.0,81.0,23.0,-721.0,912.0,12.0,-711.0,15.312718897014184,12.0,17.0,30000.0,12500.0,23000.0,0.0,25.960040312022244,20.0,24.0,0.0,12500.0,33954.08319428427,26000.0,0.0,26.442230163440062,20.0,25.0,0.0,722.0,15.194720589758132,12.0,17.0,1.0,17694.96105083813,12500.0,23000.0,1.0,20.0,21.97901929954911,24.0,1.0,21660.96020848001,12500.0,26000.0,1.0,22.462662270772096,20.0,25.0,1.0,0.0,912.0,7.0,10.0
11.0,22.0,11.0,22.0,-121.0,21.0,13.0,-111.0,9.990868426071076,9.0,11.0,30000.0,10000.0,19000.0,0.0,27.18666090506902,16.5,19.0,0.0,10000.0,36469.0177545743,25000.0,0.0,28.480896116621558,17.0,20.0,0.0,121.0,10.007515526906891,9.0,11.0,1.0,15518.70301005076,10000.0,19000.0,1.0,16.5,17.647232042624857,19.0,1.0,22048.48349705579,10000.0,25000.0,1.0,18.953623855201776,17.0,20.0,1.0,0.0,211.0,1.0,5.0
91.0,24.0,91.0,21.0,-721.0,911.0,12.0,-711.0,15.360323707094928,12.0,17.0,30000.0,18000.0,36000.0,1.0,24.831114919670902,20.0,25.0,1.0,18000.0,34017.26884416862,36000.0,1.0,25.320585071177785,20.0,26.0,1.0,722.0,15.036511952145746,12.0,17.0,1.0,24219.668463672482,18000.0,36000.0,1.0,20.0,22.970845800827224,25.0,1.0,28217.688434285097,18000.0,36000.0,1.0,23.457970640277267,20.0,26.0,1.0,1.0,91121.0,7.0,29.0
11.0,21.0,11.0,22.0,-121.0,11.0,11.0,-111.0,10.224226982496877,9.0,11.0,30000.0,10000.0,19000.0,0.0,24.238705371938757,16.5,19.0,0.0,10000.0,37022.31102957699,25000.0,0.0,25.564888414551636,17.0,20.0,0.0,122.0,10.190211341584904,9.0,11.0,1.0,13227.95250093951,10000.0,19000.0,1.0,16.5,17.20503783303744,19.0,1.0,20086.229671434856,10000.0,25000.0,1.0,18.500242623417947,17.0,20.0,1.0,0.0,111.0,1.0,43.0
11.0,21.0,11.0,22.0,-121.0,11.0,11.0,-111.0,9.98148201712876,9.0,11.0,30000.0,10000.0,19000.0,0.0,26.30873698367032,16.5,19.0,0.0,10000.0,36542.73462245975,25000.0,0.0,27.61240925846505,17.0,20.0,0.0,121.0,10.010357141195954,9.0,11.0,1.0,20352.323786188896,10000.0,19000.0,0.0,16.5,18.58472555423322,19.0,1.0,26784.387285524692,10000.0,25000.0,0.0,19.86634605967423,17.0,20.0,1.0,0.0,111.0,1.0,29.0
11.0,22.0,11.0,21.0,-121.0,21.0,13.0,-111.0,10.005546917550653,9.0,11.0,30000.0,10000.0,19000.0,0.0,25.99186440488949,16.5,19.0,0.0,10000.0,36545.86135113713,25000.0,0.0,27.30137682491081,17.0,20.0,0.0,121.0,9.993721300131146,9.0,11.0,1.0,13792.011454717438,10000.0,19000.0,1.0,16.5,17.26244553405263,19.0,1.0,20286.908692843444,10000.0,25000.0,1.0,18.56176248316746,17.0,20.0,1.0,0.0,211.0,1.0,20.0
91.0,21.0,91.0,24.0,-721.0,911.0,12.0,-711.0,14.870247606208693,12.0,17.0,30000.0,18000.0,36000.0,1.0,24.99329196545853,20.0,25.0,1.0,18000.0,34443.102473682215,36000.0,1.0,25.551191664775644,20.0,26.0,1.0,721.0,16.03820405679159,12.0,17.0,1.0,25375.436390960695,18000.0,36000.0,1.0,20.0,24.16110109568362,25.0,1.0,29819.839735496593,18000.0,36000.0,1.0,24.719164139299547,20.0,26.0,1.0,1.0,91121.0,7.0,19.0
11.0,21.0,11.0,22.0,-121.0,21.0,13.0,-111.0,10.215446086246466,9.0,11.0,30000.0,10000.0,19000.0,0.0,27.191820745809498,16.5,19.0,0.0,10000.0,36891.99870215134,25000.0,0.0,28.486065434241528,17.0,20.0,0.0,122.0,10.200489969490366,9.0,11.0,1.0,14282.779403076916,10000.0,19000.0,1.0,16.5,17.420222989117466,19.0,1.0,21290.219419066845,10000.0,25000.0,1.0,18.736146339098656,17.0,20.0,1.0,0.0,211.0,1.0,52.0
11.0,21.0,11.0,21.0,-121.0,21.0,13.0,-111.0,10.205306539511712,9.0,11.0,30000.0,10000.0,19000.0,0.0,26.310629189179885,16.5,19.0,0.0,10000.0,37140.99946540226,25000.0,0.0,27.654295654052994,17.0,20.0,0.0,122.0,10.1926368894018,9.0,11.0,1.0,12062.962418989759,10000.0,19000.0,1.0,16.5,16.9476641379324,19.0,1.0,19054.33990659916,10000.0,25000.0,1.0,18.26317739610912,17.0,20.0,1.0,0.0,211.0,1.0,34.0
91.0,24.0,91.0,24.0,-721.0,911.0,12.0,-711.0,15.363674946463732,12.0,17.0,30000.0,18000.0,36000.0,1.0,24.34344902916724,20.0,25.0,1.0,18000.0,34418.085656154246,36000.0,1.0,24.89521847807525,20.0,26.0,1.0,721.0,14.817459377129811,12.0,17.0,1.0,26231.198882359862,18000.0,36000.0,1.0,20.0,22.99868277342326,25.0,1.0,30719.835100019936,18000.0,36000.0,1.0,23.55926319782424,20.0,26.0,1.0,1.0,91121.0,7.0,1.0
11.0,22.0,11.0,22.0,-121.0,21.0,13.0,-111.0,9.990956761754926,9.0,11.0,30000.0,10000.0,19000.0,0.0,26.775272857733007,16.5,19.0,0.0,10000.0,36501.96737901986,25000.0,0.0,28.08060781339787,17.0,20.0,0.0,121.0,10.008641083817158,9.0,11.0,1.0,13688.485675696635,10000.0,19000.0,1.0,16.5,17.278041951546037,19.0,1.0,20173.53911700029,10000.0,25000.0,1.0,18.579981265114917,17.0,20.0,1.0,0.0,211.0,1.0,16.0
92.0,24.0,92.0,24.0,-721.0,921.0,13.0,-711.0,15.368316616294404,12.0,17.0,30000.0,15000.0,28000.0,0.0,24.720308185254297,19.5,25.0,1.0,15000.0,33944.1678009215,28000.0,0.0,25.20062695383407,20.0,26.0,1.0,722.0,15.198011353700872,12.0,17.0,1.0,18184.097943460132,15000.0,28000.0,1.0,19.5,21.52655530277238,25.0,1.0,22121.16912714378,15000.0,28000.0,1.0,22.006009848878666,20.0,26.0,1.0,0.0,92122.0,7.0,20.0
11.0,21.0,11.0,22.0,-121.0,11.0,12.0,-111.0,10.205942079827317,9.0,11.0,30000.0,10000.0,19000.0,0.0,24.763377550347954,16.5,19.0,0.0,10000.0,36957.77788183093,25000.0,0.0,26.077056836523695,17.0,20.0,0.0,122.0,10.19590796363582,9.0,11.0,1.0,14995.989574065125,10000.0,19000.0,1.0,16.5,17.54516724859841,19.0,1.0,22008.399679759612,10000.0,25000.0,1.0,18.869161497692797,17.0,20.0,1.0,0.0,111.0,1.0,7.0
11.0,22.0,11.0,21.0,-121.0,11.0,11.0,-111.0,10.186943260348727,9.0,11.0,30000.0,10000.0,19000.0,0.0,23.214139109152676,16.5,19.0,0.0,10000.0,37049.27338522394,25000.0,0.0,24.5427583045066,17.0,20.0,0.0,122.0,10.191166790109056,9.0,11.0,1.0,13572.801507157508,10000.0,19000.0,1.0,16.5,17.2349660302993,19.0,1.0,20569.598830032122,10000.0,25000.0,1.0,18.553694744759117,17.0,20.0,1.0,0.0,111.0,1.0,39.0
81.0,23.0,81.0,23.0,-721.0,912.0,12.0,-711.0,15.543346546702132,12.0,17.0,30000.0,12500.0,23000.0,0.0,26.917748948616293,20.0,24.0,0.0,12500.0,34428.14513997982,26000.0,0.0,27.470342487683176,20.0,25.0,0.0,721.0,15.0312137846524,12.0,17.0,1.0,16732.837800325688,12500.0,23000.0,1.0,20.0,21.69738876609672,24.0,1.0,21232.998197486217,12500.0,26000.0,1.0,22.258969175416116,20.0,25.0,1.0,0.0,912.0,7.0,5.0
11.0,22.0,11.0,22.0,-121.0,11.0,11.0,-111.0,10.199419556197984,9.0,11.0,30000.0,10000.0,19000.0,0.0,24.402765286955365,16.5,19.0,0.0,10000.0,37085.96850826777,25000.0,0.0,25.73881777394833,17.0,20.0,0.0,122.0,10.214605592936312,9.0,11.0,1.0,16373.460392848523,10000.0,19000.0,1.0,16.5,17.84235154660805,19.0,1.0,23385.30628620892,10000.0,25000.0,1.0,19.164428286478532,17.0,20.0,1.0,0.0,111.0,1.0,50.0
11.0,22.0,11.0,22.0,-121.0,11.0,12.0,-111.0,10.207977975378926,9.0,11.0,30000.0,10000.0,19000.0,0.0,24.07495456714203,16.5,19.0,0.0,10000.0,36982.13245699594,25000.0,0.0,25.391868532215504,17.0,20.0,0.0,122.0,10.21846949184418,9.0,11.0,1.0,17476.395118247514,10000.0,19000.0,1.0,16.5,18.025907595539916,19.0,1.0,24354.82291919102,10000.0,25000.0,1.0,19.323261618054328,17.0,20.0,1.0,0.0,111.0,1.0,40.0
11.0,22.0,11.0,22.0,-121.0,21.0,12.0,-111.0,10.006753246400487,9.0,11.0,30000.0,10000.0,19000.0,0.0,24.11388817184323,16.5,19.0,0.0,10000.0,36423.098865854336,25000.0,0.0,25.40154073913935,17.0,20.0,0.0,121.0,10.015795527922668,9.0,11.0,1.0,15478.976519021007,10000.0,19000.0,1.0,16.5,17.660137929326606,19.0,1.0,21893.52913614364,10000.0,25000.0,1.0,18.946077211594744,17.0,20.0,1.0,0.0,211.0,1.0,23.0
11.0,21.0,11.0,22.0,-121.0,11.0,11.0,-111.0,9.998313450533466,9.0,11.0,30000.0,10000.0,19000.0,0.0,25.626787641901785,16.5,19.0,0.0,10000.0,36544.425395951184,25000.0,0.0,26.93532551212322,17.0,20.0,0.0,121.0,10.003382325101962,9.0,11.0,1.0,14597.458147572603,10000.0,19000.0,1.0,16.5,17.443046437111263,19.0,1.0,21140.005522276748,10000.0,25000.0,1.0,18.751208802720125,17.0,20.0,1.0,0.0,111.0,1.0,43.0
11.0,22.0,11.0,22.0,-121.0,21.0,13.0,-111.0,10.189320463038666,9.0,11.0,30000.0,10000.0,19000.0,0.0,25.35641498019294,16.5,19.0,0.0,10000.0,37070.50587784783,25000.0,0.0,26.698916388358562,17.0,20.0,0.0,122.0,10.224094133882671,9.0,11.0,1.0,13611.36488351048,10000.0,19000.0,1.0,16.5,17.35551020320124,19.0,1.0,20655.801307497128,10000.0,25000.0,1.0,18.693061713987046,17.0,20.0,1.0,0.0,211.0,1.0,13.0
11.0,22.0,11.0,22.0,-121.0,21.0,13.0,-111.0,10.202135980680017,9.0,11.0,30000.0,10000.0,19000.0,0.0,26.270461507816023,16.5,19.0,0.0,10000.0,36875.85096546485,25000.0,0.0,27.563571010055362,17.0,20.0,0.0,122.0,10.230192678238348,9.0,11.0,1.0,16182.205080544554,10000.0,19000.0,1.0,16.5,17.783297682683457,19.0,1.0,23366.96634491601,10000.0,25000.0,1.0,19.134502516666032,17.0,20.0,1.0,0.0,211.0,1.0,4.0
11.0,22.0,11.0,22.0,-121.0,21.0,13.0,-111.0,10.17809789949643,9.0,11.0,30000.0,10000.0,19000.0,0.0,24.314213133115018,16.5,19.0,0.0,10000.0,37009.85455602669,25000.0,0.0,25.637026955934786,17.0,20.0,0.0,122.0,10.17123579252477,9.0,11.0,1.0,13397.238146720714,10000.0,19000.0,1.0,16.5,17.255846453004743,19.0,1.0,20455.084010791146,10000.0,25000.0,1.0,18.587716607186035,17.0,20.0,1.0,0.0,211.0,1.0,4.0
11.0,22.0,11.0,22.0,-121.0,21.0,13.0,-111.0,10.195617707192559,9.0,11.0,30000.0,10000.0,19000.0,0.0,25.636138117415758,16.5,19.0,0.0,10000.0,37148.81981022789,25000.0,0.0,26.978728583684365,17.0,20.0,0.0,122.0,10.186231416849303,9.0,11.0,1.0,14709.7657269196,10000.0,19000.0,1.0,16.5,17.411646753517182,19.0,1.0,21814.534018175415,10000.0,25000.0,1.0,18.745964085063335,17.0,20.0,1.0,0.0,211.0,1.0,47.0
91.0,24.0,91.0,24.0,-721.0,911.0,12.0,-711.0,15.259962139098697,12.0,17.0,30000.0,18000.0,36000.0,1.0,25.35055439175124,20.0,25.0,0.0,18000.0,33973.99886740102,36000.0,1.0,25.83404630226821,20.0,26.0,1.0,722.0,15.395380754224918,12.0,17.0,1.0,27670.83095062317,18000.0,36000.0,1.0,20.0,23.80722795904037,25.0,1.0,31753.47120330056,18000.0,36000.0,1.0,24.3039375962556,20.0,26.0,1.0,0.0,91121.0,7.0,23.0
11.0,22.0,11.0,22.0,-121.0,21.0,13.0,-111.0,10.010176911946207,9.0,11.0,30000.0,10000.0,19000.0,0.0,25.816944099409636,16.5,19.0,0.0,10000.0,36443.75883193285,25000.0,0.0,27.10920810217532,17.0,20.0,0.0,121.0,10.017976968337697,9.0,11.0,1.0,12488.363928957047,10000.0,19000.0,1.0,16.5,17.04357226829069,19.0,1.0,18984.439362530364,10000.0,25000.0,1.0,18.34632810708102,17.0,20.0,1.0,0.0,211.0,1.0,16.0
11.0,22.0,11.0,21.0,-121.0,21.0,12.0,-111.0,10.001906808859342,9.0,11.0,30000.0,10000.0,19000.0,0.0,23.52725559634248,16.5,19.0,0.0,10000.0,36504.713449633215,25000.0,0.0,24.831221702619796,17.0,20.0,0.0,121.0,9.969697763706018,9.0,11.0,1.0,13902.815794380076,10000.0,19000.0,1.0,16.5,17.23372952299412,19.0,1.0,20469.501666629752,10000.0,25000.0,1.0,18.550118918820083,17.0,20.0,1.0,0.0,211.0,1.0,53.0
11.0,22.0,11.0,21.0,-121.0,21.0,13.0,-111.0,10.17966887076256,9.0,11.0,30000.0,10000.0,19000.0,0.0,25.592563152676775,16.5,19.0,0.0,10000.0,36885.523467179955,25000.0,0.0,26.89041373027274,17.0,20.0,0.0,122.0,10.190122973712969,9.0,11.0,1.0,12092.170516467157,10000.0,19000.0,1.0,16.5,16.96812808258458,19.0,1.0,19206.79190498757,10000.0,25000.0,1.0,18.309161269455643,17.0,20.0,1.0,0.0,211.0,1.0,2.0
11.0,22.0,11.0,22.0,-121.0,21.0,13.0,-111.0,10.211677333122601,9.0,11.0,30000.0,10000.0,19000.0,0.0,23.796320890577242,16.5,19.0,0.0,10000.0,36946.91530914807,25000.0,0.0,25.104507117785534,17.0,20.0,0.0,122.0,10.20382460413881,9.0,11.0,1.0,15736.77141340217,10000.0,19000.0,1.0,16.5,17.655621824926765,19.0,1.0,22903.38824416251,10000.0,25000.0,1.0,19.005180444323486,17.0,20.0,1.0,0.0,211.0,1.0,3.0
81.0,23.0,81.0,21.0,-721.0,912.0,12.0,-711.0,15.148203256597581,12.0,17.0,30000.0,12500.0,23000.0,0.0,26.296198207168217,20.0,24.0,0.0,12500.0,34139.99276096774,26000.0,0.0,26.801831908220485,20.0,25.0,0.0,722.0,14.994337584200132,12.0,17.0,1.0,15080.626738485333,12500.0,23000.0,1.0,20.0,21.22893256517301,24.0,1.0,19020.765130815675,12500.0,26000.0,1.0,21.71015726120519,20.0,25.0,1.0,0.0,912.0,7.0,30.0
91.0,24.0,91.0,24.0,-721.0,911.0,11.0,-711.0,15.368322700691564,12.0,17.0,30000.0,18000.0,36000.0,1.0,24.256798661291292,20.0,25.0,1.0,18000.0,34511.42845406347,36000.0,1.0,24.819318496183776,20.0,26.0,1.0,721.0,14.46153983229566,12.0,17.0,1.0,27821.067377575568,18000.0,36000.0,1.0,20.0,22.895622732656065,25.0,1.0,32350.97245614029,18000.0,36000.0,1.0,23.460446376169177,20.0,26.0,1.0,1.0,91121.0,7.0,16.0
11.0,22.0,11.0,22.0,-121.0,21.0,13.0,-111.0,10.001665250155384,9.0,11.0,30000.0,10000.0,19000.0,0.0,27.199281682573744,16.5,19.0,0.0,10000.0,36457.8361160693,25000.0,0.0,28.487179496283005,17.0,20.0,0.0,121.0,10.010126437370323,9.0,11.0,1.0,14252.701424281538,10000.0,19000.0,1.0,16.5,17.403334615330984,19.0,1.0,20762.75542413692,10000.0,25000.0,1.0,18.701646335053944,17.0,20.0,1.0,0.0,211.0,1.0,41.0
11.0,22.0,11.0,22.0,-121.0,11.0,11.0,-111.0,10.023276473804579,9.0,11.0,30000.0,10000.0,19000.0,0.0,23.273902475854406,16.5,19.0,0.0,10000.0,36537.14530696982,25000.0,0.0,24.58417538231001,17.0,20.0,0.0,121.0,10.00268604198732,9.0,11.0,1.0,12891.451242331219,10000.0,19000.0,1.0,16.5,17.09988472675181,19.0,1.0,19392.30968789565,10000.0,25000.0,1.0,18.40288447510443,17.0,20.0,1.0,0.0,111.0,1.0,17.0
11.0,21.0,11.0,22.0,-121.0,21.0,13.0,-111.0,10.010646337456121,9.0,11.0,30000.0,10000.0,19000.0,0.0,28.96085954740498,16.5,19.0,0.0,10000.0,36531.182457482064,25000.0,0.0,30.25916342355815,17.0,20.0,0.0,121.0,10.005693934951038,9.0,11.0,1.0,14445.697838449136,10000.0,19000.0,1.0,16.5,17.39092906057426,19.0,1.0,20933.864477562634,10000.0,25000.0,1.0,18.680682019020352,17.0,20.0,1.0,0.0,211.0,1.0,24.0
11.0,22.0,11.0,22.0,-121.0,21.0,13.0,-111.0,10.006317624721628,9.0,11.0,30000.0,10000.0,19000.0,0.0,25.4466160293309,16.5,19.0,0.0,10000.0,36488.793560662234,25000.0,0.0,26.745669244473696,17.0,20.0,0.0,121.0,9.99550428270144,9.0,11.0,1.0,14735.544164735715,10000.0,19000.0,1.0,16.5,17.464761204841594,19.0,1.0,21298.21665680204,10000.0,25000.0,1.0,18.778604944983307,17.0,20.0,1.0,0.0,211.0,1.0,19.0
11.0,22.0,11.0,22.0,-121.0,11.0,11.0,-111.0,10.214201541782067,9.0,11.0,30000.0,10000.0,19000.0,0.0,25.597348384224034,16.5,19.0,0.0,10000.0,36950.293739842426,25000.0,0.0,26.909662692778472,17.0,20.0,0.0,122.0,10.18264457990753,9.0,11.0,1.0,15596.375996155079,10000.0,19000.0,1.0,16.5,17.672955573363417,19.0,1.0,22687.572679433208,10000.0,25000.0,1.0,19.011874361628998,17.0,20.0,1.0,0.0,111.0,1.0,44.0
11.0,22.0,11.0,22.0,-121.0,11.0,12.0,-111.0,10.026176109512448,9.0,11.0,30000.0,10000.0,19000.0,0.0,25.1050899541453,16.5,19.0,0.0,10000.0,36572.78946084848,25000.0,0.0,26.413665992468413,17.0,20.0,0.0,121.0,9.99877685541228,9.0,11.0,1.0,16396.16224584445,10000.0,19000.0,1.0,16.5,17.78340967750945,19.0,1.0,22949.83780028382,10000.0,25000.0,1.0,19.08818032999529,17.0,20.0,1.0,0.0,111.0,1.0,14.0
11.0,22.0,11.0,22.0,-121.0,11.0,11.0,-111.0,10.205245002351027,9.0,11.0,30000.0,10000.0,19000.0,0.0,23.03241312473273,16.5,19.0,0.0,10000.0,36945.92830692731,25000.0,0.0,24.342670260214646,17.0,20.0,0.0,122.0,10.205603852279719,9.0,11.0,1.0,13461.616415605049,10000.0,19000.0,1.0,16.5,17.301233274742586,19.0,1.0,20470.894757378028,10000.0,25000.0,1.0,18.623440553030722,17.0,20.0,1.0,0.0,111.0,1.0,11.0
11.0,22.0,11.0,22.0,-121.0,21.0,13.0,-111.0,10.186445460746787,9.0,11.0,30000.0,10000.0,19000.0,0.0,26.48309183015966,16.5,19.0,0.0,10000.0,37048.111924576195,25000.0,0.0,27.815562656961372,17.0,20.0,0.0,122.0,10.234766160183035,9.0,11.0,1.0,14546.391639930365,10000.0,19000.0,1.0,16.5,17.54244689099753,19.0,1.0,21338.45215059873,10000.0,25000.0,1.0,18.826510280056404,17.0,20.0,1.0,0.0,211.0,1.0,22.0
11.0,21.0,11.0,21.0,-121.0,21.0,13.0,-111.0,10.21701552312887,9.0,11.0,30000.0,10000.0,19000.0,0.0,28.258330544252857,16.5,19.0,0.0,10000.0,36835.91607261179,25000.0,0.0,29.543570653971077,17.0,20.0,0.0,122.0,10.198496479298036,9.0,11.0,1.0,14440.267734657036,10000.0,19000.0,1.0,16.5,17.424596711309178,19.0,1.0,21518.68566010592,10000.0,25000.0,1.0,18.755430287160774,17.0,20.0,1.0,0.0,211.0,1.0,34.0
11.0,22.0,11.0,22.0,-121.0,21.0,12.0,-111.0,10.012220505576073,9.0,11.0,30000.0,10000.0,19000.0,0.0,24.147432490818893,16.5,19.0,0.0,10000.0,36471.552100176195,25000.0,0.0,25.44050227871518,17.0,20.0,0.0,121.0,9.999815581871312,9.0,11.0,1.0,16395.70796389605,10000.0,19000.0,1.0,16.5,17.77188750151922,19.0,1.0,22936.227767921166,10000.0,25000.0,1.0,19.078737608697054,17.0,20.0,1.0,0.0,211.0,1.0,25.0
11.0,22.0,11.0,22.0,-121.0,21.0,13.0,-111.0,9.997227398549677,9.0,11.0,30000.0,10000.0,19000.0,0.0,26.559334348576705,16.5,19.0,0.0,10000.0,36509.164072729924,25000.0,0.0,27.860743559751384,17.0,20.0,0.0,121.0,9.996002090414441,9.0,11.0,1.0,15782.594624172109,10000.0,19000.0,1.0,16.5,17.68206536612564,19.0,1.0,22345.214929075853,10000.0,25000.0,1.0,18.994162344910475,17.0,20.0,1.0,0.0,211.0,1.0,3.0
81.0,23.0,81.0,23.0,-721.0,912.0,12.0,-711.0,14.6984199428698,12.0,17.0,30000.0,12500.0,23000.0,0.0,26.88485376027361,20.0,24.0,0.0,12500.0,34486.269788327045,26000.0,0.0,27.44491458855983,20.0,25.0,0.0,721.0,14.863723252806015,12.0,17.0,1.0,18885.683662543554,12500.0,23000.0,1.0,20.0,21.813904391101097,24.0,1.0,23471.11947282903,12500.0,26000.0,1.0,22.38634499301136,20.0,25.0,1.0,0.0,912.0,7.0,31.0
91.0,24.0,91.0,24.0,-721.0,911.0,12.0,-711.0,15.688741051769037,12.0,17.0,30000.0,18000.0,36000.0,1.0,24.813873089322318,20.0,25.0,1.0,18000.0,34477.34598365965,36000.0,1.0,25.36828938818402,20.0,26.0,1.0,721.0,15.188471800982914,12.0,17.0,1.0,28326.370694215755,18000.0,36000.0,1.0,20.0,23.679860059641975,25.0,1.0,32784.427291360276,18000.0,36000.0,1.0,24.231887811735557,20.0,26.0,1.0,1.0,91121.0,7.0,24.0
11.0,22.0,11.0,22.0,-121.0,11.0,11.0,-111.0,10.189344598273841,9.0,11.0,30000.0,10000.0,19000.0,0.0,24.181351001996298,16.5,19.0,0.0,10000.0,37054.26032322588,25000.0,0.0,25.517126606424327,17.0,20.0,0.0,122.0,10.19355458053139,9.0,11.0,1.0,13497.370083364165,10000.0,19000.0,1.0,16.5,17.28463264030743,19.0,1.0,20558.888060462796,10000.0,25000.0,1.0,18.621782534390846,17.0,20.0,1.0,0.0,111.0,1.0,57.0
11.0,22.0,11.0,21.0,-121.0,11.0,11.0,-111.0,10.185045028374903,9.0,11.0,30000.0,10000.0,19000.0,0.0,24.885951382140043,16.5,19.0,0.0,10000.0,36881.80358066379,25000.0,0.0,26.178224824484445,17.0,20.0,0.0,122.0,10.217376566152963,9.0,11.0,1.0,14701.179374201034,10000.0,19000.0,1.0,16.5,17.488913121398877,19.0,1.0,21645.341846189945,10000.0,25000.0,1.0,18.792896392163826,17.0,20.0,1.0,0.0,111.0,1.0,0.0
11.0,21.0,11.0,22.0,-121.0,21.0,12.0,-111.0,9.973766233649139,9.0,11.0,30000.0,10000.0,19000.0,0.0,24.864056246509982,16.5,19.0,0.0,10000.0,36538.866449246794,25000.0,0.0,26.17416331602946,17.0,20.0,0.0,121.0,9.996153097403202,9.0,11.0,1.0,14858.010007824174,10000.0,19000.0,1.0,16.5,17.49961029817308,19.0,1.0,21437.396944061962,10000.0,25000.0,1.0,18.817835927213434,17.0,20.0,1.0,0.0,211.0,1.0,37.0
11.0,22.0,11.0,22.0,-121.0,21.0,12.0,-111.0,9.994187965937247,9.0,11.0,30000.0,10000.0,19000.0,0.0,23.662359599795494,16.5,19.0,0.0,10000.0,36504.82573109233,25000.0,0.0,24.962250056749284,17.0,20.0,0.0,121.0,10.003371726354276,9.0,11.0,1.0,13935.914380907569,10000.0,19000.0,1.0,16.5,17.329509542866692,19.0,1.0,20436.899548408906,10000.0,25000.0,1.0,18.62863252161774,17.0,20.0,1.0,0.0,211.0,1.0,48.0
81.0,23.0,81.0,21.0,-721.0,912.0,12.0,-711.0,15.29638935843298,12.0,17.0,30000.0,12500.0,23000.0,0.0,26.287972360266927,20.0,24.0,0.0,12500.0,34008.36352400774,26000.0,0.0,26.775427232542576,20.0,25.0,0.0,722.0,15.159949397646143,12.0,17.0,1.0,16055.29425911542,12500.0,23000.0,1.0,20.0,21.629626979386423,24.0,1.0,20089.75718902282,12500.0,26000.0,1.0,22.120255785985414,20.0,25.0,1.0,0.0,912.0,7.0,30.0
91.0,24.0,91.0,24.0,-721.0,911.0,11.0,-711.0,15.313815068844345,12.0,17.0,30000.0,18000.0,36000.0,1.0,24.73365525948175,20.0,25.0,1.0,18000.0,33967.813894947794,36000.0,1.0,25.216987941798703,20.0,26.0,1.0,722.0,15.203111529591974,12.0,17.0,1.0,26495.779682881584,18000.0,36000.0,1.0,20.0,23.518081063111865,25.0,1.0,30589.834818818348,18000.0,36000.0,1.0,24.016791613252686,20.0,26.0,1.0,1.0,91121.0,7.0,4.0
91.0,24.0,91.0,24.0,-721.0,911.0,12.0,-711.0,14.856640487683704,12.0,17.0,30000.0,18000.0,36000.0,1.0,25.137413373047885,20.0,25.0,0.0,18000.0,34504.318615713375,36000.0,1.0,25.699720281049597,20.0,26.0,1.0,721.0,14.612474932022707,12.0,17.0,1.0,32422.146328334235,18000.0,36000.0,1.0,20.0,23.731805298201042,25.0,1.0,36929.37786081271,18000.0,36000.0,0.0,24.294475846823943,20.0,26.0,1.0,0.0,91121.0,7.0,23.0
81.0,23.0,81.0,23.0,-721.0,912.0,12.0,-711.0,14.902538069129772,12.0,17.0,30000.0,12500.0,23000.0,0.0,26.469446082857317,20.0,24.0,0.0,12500.0,33895.780113069995,26000.0,0.0,26.945751754223938,20.0,25.0,0.0,722.0,14.99694321190842,12.0,17.0,1.0,20367.03301447305,12500.0,23000.0,1.0,20.0,22.099363432604445,24.0,1.0,24384.711028079044,12500.0,26000.0,1.0,22.59057257892803,20.0,25.0,1.0,0.0,912.0,7.0,10.0
91.0,24.0,91.0,21.0,-721.0,911.0,11.0,-711.0,15.301579965697352,12.0,17.0,30000.0,18000.0,36000.0,1.0,24.727643606742788,20.0,25.0,1.0,18000.0,34014.96105449415,36000.0,1.0,25.21932276969019,20.0,26.0,1.0,722.0,15.450088980241597,12.0,17.0,1.0,24696.669036924144,18000.0,36000.0,1.0,20.0,23.389521342189433,25.0,1.0,28708.51478508114,18000.0,36000.0,1.0,23.88081899926632,20.0,26.0,1.0,1.0,91121.0,7.0,3.0
11.0,22.0,11.0,22.0,-121.0,21.0,12.0,-111.0,10.010601720651774,9.0,11.0,30000.0,10000.0,19000.0,0.0,24.51517559237867,16.5,19.0,0.0,10000.0,36572.029350799574,25000.0,0.0,25.82212488956297,17.0,20.0,0.0,121.0,10.003820111401556,9.0,11.0,1.0,16188.307836377393,10000.0,19000.0,1.0,16.5,17.697834541223997,19.0,1.0,22640.223721557984,10000.0,25000.0,1.0,18.980897425080883,17.0,20.0,1.0,0.0,211.0,1.0,23.0
11.0,22.0,11.0,21.0,-121.0,11.0,12.0,-111.0,10.18831791357078,9.0,11.0,30000.0,10000.0,19000.0,0.0,23.7580158093193,16.5,19.0,0.0,10000.0,37014.861873627655,25000.0,0.0,25.08350733777337,17.0,20.0,0.0,122.0,10.170743237098346,9.0,11.0,1.0,13727.049335893505,10000.0,19000.0,1.0,16.5,17.240694651889896,19.0,1.0,20719.479662367445,10000.0,25000.0,1.0,18.56194763277767,17.0,20.0,1.0,0.0,111.0,1.0,46.0
91.0,21.0,91.0,24.0,-721.0,911.0,12.0,-711.0,16.051138860656305,12.0,17.0,30000.0,18000.0,36000.0,1.0,26.40093394843111,20.0,25.0,0.0,18000.0,34488.07558508102,36000.0,1.0,26.96095922226515,20.0,26.0,0.0,721.0,15.49474443529956,12.0,17.0,1.0,26247.328105114764,18000.0,36000.0,1.0,20.0,23.796532171440937,25.0,1.0,30778.92331383939,18000.0,36000.0,1.0,24.36198785496531,20.0,26.0,1.0,0.0,91121.0,7.0,19.0
11.0,22.0,11.0,21.0,-121.0,11.0,11.0,-111.0,10.200113859410246,9.0,11.0,30000.0,10000.0,19000.0,0.0,24.79876506328102,16.5,19.0,0.0,10000.0,37149.30318379999,25000.0,0.0,26.152265902302037,17.0,20.0,0.0,122.0,10.183873730856577,9.0,11.0,1.0,12549.220843517378,10000.0,19000.0,1.0,16.5,17.05403517492646,19.0,1.0,19623.51643598402,10000.0,25000.0,1.0,18.393335631729435,17.0,20.0,1.0,0.0,111.0,1.0,54.0
11.0,22.0,11.0,22.0,-121.0,21.0,13.0,-111.0,10.002098124962341,9.0,11.0,30000.0,10000.0,19000.0,0.0,27.199483558398384,16.5,19.0,0.0,10000.0,36556.05142980905,25000.0,0.0,28.511119691500838,17.0,20.0,0.0,121.0,9.989803854122687,9.0,11.0,1.0,14430.297973053777,10000.0,19000.0,1.0,16.5,17.424409275680983,19.0,1.0,20851.319876657115,10000.0,25000.0,1.0,18.709030732723726,17.0,20.0,1.0,0.0,211.0,1.0,5.0
81.0,23.0,81.0,23.0,-721.0,912.0,12.0,-711.0,14.916754405867481,12.0,17.0,30000.0,12500.0,23000.0,0.0,26.60294637938526,20.0,24.0,0.0,12500.0,34499.138118502065,26000.0,0.0,27.162193304930682,20.0,25.0,0.0,721.0,14.619197008613083,12.0,17.0,1.0,18539.681457072424,12500.0,23000.0,1.0,20.0,21.455942053607703,24.0,1.0,23055.29127838616,12500.0,26000.0,1.0,22.01723642666714,20.0,25.0,1.0,0.0,912.0,7.0,31.0
11.0,21.0,11.0,21.0,-121.0,21.0,12.0,-111.0,10.215757281955877,9.0,11.0,30000.0,10000.0,19000.0,0.0,25.321502192904255,16.5,19.0,0.0,10000.0,37014.31510228594,25000.0,0.0,26.64298225617301,17.0,20.0,0.0,122.0,10.173336515933164,9.0,11.0,1.0,14157.049943272643,10000.0,19000.0,1.0,16.5,17.314126869512354,19.0,1.0,21078.740108412458,10000.0,25000.0,1.0,18.6181566178159,17.0,20.0,1.0,0.0,211.0,1.0,6.0
11.0,21.0,11.0,22.0,-121.0,11.0,11.0,-111.0,9.974338294617548,9.0,11.0,30000.0,10000.0,19000.0,0.0,25.144297943810326,16.5,19.0,0.0,10000.0,36383.45524076727,25000.0,0.0,26.42784535601826,17.0,20.0,0.0,121.0,10.006298809288365,9.0,11.0,1.0,18468.870605589156,10000.0,19000.0,1.0,16.5,18.247739813884593,19.0,1.0,24967.48747648701,10000.0,25000.0,1.0,19.554443245327338,17.0,20.0,1.0,0.0,111.0,1.0,29.0
11.0,21.0,11.0,22.0,-121.0,11.0,11.0,-111.0,10.205639199531909,9.0,11.0,30000.0,10000.0,19000.0,0.0,27.741017316752245,16.5,19.0,0.0,10000.0,36984.241909819124,25000.0,0.0,29.061747647461257,17.0,20.0,0.0,122.0,10.19417290670966,9.0,11.0,1.0,12636.627355887318,10000.0,19000.0,1.0,16.5,17.090215492610987,19.0,1.0,19588.818888362603,10000.0,25000.0,1.0,18.404885050223186,17.0,20.0,1.0,0.0,111.0,1.0,29.0
11.0,22.0,11.0,22.0,-121.0,11.0,11.0,-111.0,9.99317685719118,9.0,11.0,30000.0,10000.0,19000.0,0.0,24.25175179277926,16.5,19.0,0.0,10000.0,36495.30338065869,25000.0,0.0,25.547395408802576,17.0,20.0,0.0,121.0,10.012125947395079,9.0,11.0,1.0,17851.708405094112,10000.0,19000.0,1.0,16.5,18.11207256048068,19.0,1.0,24287.28118987873,10000.0,25000.0,1.0,19.39580148050135,17.0,20.0,1.0,0.0,111.0,1.0,38.0
11.0,22.0,11.0,21.0,-121.0,21.0,13.0,-111.0,10.189281538902328,9.0,11.0,30000.0,10000.0,19000.0,0.0,25.79933861160616,16.5,19.0,0.0,10000.0,37150.230028423466,25000.0,0.0,27.15041588550365,17.0,20.0,0.0,122.0,10.18361320212969,9.0,11.0,1.0,13696.949200060062,10000.0,19000.0,1.0,16.5,17.241326620319644,19.0,1.0,20659.68314292603,10000.0,25000.0,1.0,18.55697542560361,17.0,20.0,1.0,0.0,211.0,1.0,33.0
11.0,22.0,11.0,21.0,-121.0,21.0,13.0,-111.0,10.176251543807522,9.0,11.0,30000.0,10000.0,19000.0,0.0,26.304040737254375,16.5,19.0,0.0,10000.0,36958.89763190793,25000.0,0.0,27.61615462123351,17.0,20.0,0.0,122.0,10.22967688977616,9.0,11.0,1.0,12179.260363231342,10000.0,19000.0,1.0,16.5,17.00728440618943,19.0,1.0,19177.519689453584,10000.0,25000.0,1.0,18.326820015323698,17.0,20.0,1.0,0.0,211.0,1.0,33.0
91.0,24.0,91.0,24.0,-721.0,911.0,11.0,-711.0,15.19222039642276,12.0,17.0,30000.0,18000.0,36000.0,1.0,24.953007750400594,20.0,25.0,1.0,18000.0,34535.804062286086,36000.0,1.0,25.51956413671628,20.0,26.0,1.0,721.0,15.066888450324374,12.0,17.0,1.0,28756.824337545477,18000.0,36000.0,1.0,20.0,23.72015051066041,25.0,1.0,33276.5643434705,18000.0,36000.0,1.0,24.28470037429643,20.0,26.0,1.0,1.0,91121.0,7.0,9.0
11.0,22.0,11.0,21.0,-121.0,11.0,11.0,-111.0,10.000858188595517,9.0,11.0,30000.0,10000.0,19000.0,0.0,24.05391334105741,16.5,19.0,0.0,10000.0,36499.98285673542,25000.0,0.0,25.35154267986427,17.0,20.0,0.0,121.0,9.991594792870183,9.0,11.0,1.0,14178.689004952586,10000.0,19000.0,1.0,16.5,17.31074004413025,19.0,1.0,20659.957720141996,10000.0,25000.0,1.0,18.60463337014201,17.0,20.0,1.0,0.0,111.0,1.0,26.0
11.0,22.0,11.0,22.0,-121.0,21.0,13.0,-111.0,10.18517918424,9.0,11.0,30000.0,10000.0,19000.0,0.0,26.09355750490173,16.5,19.0,0.0,10000.0,36963.0868138378,25000.0,0.0,27.409360233009238,17.0,20.0,0.0,122.0,10.18874617111008,9.0,11.0,1.0,14554.639255333605,10000.0,19000.0,1.0,16.5,17.441044080432025,19.0,1.0,21524.2991748668,10000.0,25000.0,1.0,18.75808891719585,17.0,20.0,1.0,0.0,211.0,1.0,28.0
91.0,24.0,91.0,21.0,-721.0,911.0,11.0,-711.0,15.19995450268948,12.0,17.0,30000.0,18000.0,36000.0,1.0,23.840806059971115,20.0,25.0,1.0,18000.0,33927.66459616378,36000.0,1.0,24.320513500838853,20.0,26.0,1.0,722.0,15.28061591871571,12.0,17.0,1.0,22997.18782971677,18000.0,36000.0,1.0,20.0,23.02460089468959,25.0,1.0,27045.506725698702,18000.0,36000.0,1.0,23.51904451375645,20.0,26.0,1.0,1.0,91121.0,7.0,15.0
11.0,22.0,11.0,22.0,-121.0,21.0,13.0,-111.0,10.193744429959692,9.0,11.0,30000.0,10000.0,19000.0,0.0,26.085865446998554,16.5,19.0,0.0,10000.0,36981.385996932186,25000.0,0.0,27.405683754837163,17.0,20.0,0.0,122.0,10.187928449374878,9.0,11.0,1.0,15473.13731680845,10000.0,19000.0,1.0,16.5,17.654991262283755,19.0,1.0,22422.76026990007,10000.0,25000.0,1.0,18.968804824532896,17.0,20.0,1.0,0.0,211.0,1.0,36.0
91.0,24.0,91.0,24.0,-721.0,911.0,12.0,-711.0,15.131397326449237,12.0,17.0,30000.0,18000.0,36000.0,1.0,24.4250048011479,20.0,25.0,1.0,18000.0,34101.879322757544,36000.0,1.0,24.92646151517642,20.0,26.0,1.0,722.0,15.066966166703965,12.0,17.0,1.0,26020.764208542594,18000.0,36000.0,1.0,20.0,23.184455189520662,25.0,1.0,30055.72661067674,18000.0,36000.0,1.0,23.677731277916795,20.0,26.0,1.0,1.0,91121.0,7.0,1.0
11.0,22.0,11.0,22.0,-121.0,21.0,13.0,-111.0,10.221689421030105,9.0,11.0,30000.0,10000.0,19000.0,0.0,25.169355365663932,16.5,19.0,0.0,10000.0,36980.526457900065,25000.0,0.0,26.48583449159266,17.0,20.0,0.0,122.0,10.200249007421272,9.0,11.0,1.0,13222.16032157646,10000.0,19000.0,1.0,16.5,17.225722867030075,19.0,1.0,20287.98167965845,10000.0,25000.0,1.0,18.558288022617866,17.0,20.0,1.0,0.0,211.0,1.0,16.0
11.0,22.0,11.0,21.0,-121.0,11.0,12.0,-111.0,10.008123373523853,9.0,11.0,30000.0,10000.0,19000.0,0.0,23.913382910909824,16.5,19.0,0.0,10000.0,36511.44882637771,25000.0,0.0,25.220239469788027,17.0,20.0,0.0,121.0,9.993164766516145,9.0,11.0,1.0,14553.92912033437,10000.0,19000.0,1.0,16.5,17.372849306104044,19.0,1.0,21056.313340616383,10000.0,25000.0,1.0,18.67788658631698,17.0,20.0,1.0,0.0,111.0,1.0,46.0
11.0,21.0,11.0,22.0,-121.0,21.0,13.0,-111.0,10.014386367403691,9.0,11.0,30000.0,10000.0,19000.0,0.0,27.081042495503212,16.5,19.0,0.0,10000.0,36504.618177289245,25000.0,0.0,28.383431716442207,17.0,20.0,0.0,121.0,10.003092850418161,9.0,11.0,1.0,13767.496314674336,10000.0,19000.0,1.0,16.5,17.310505272101413,19.0,1.0,20283.370603246425,10000.0,25000.0,1.0,18.615148251463253,17.0,20.0,1.0,0.0,211.0,1.0,59.0
11.0,21.0,11.0,22.0,-121.0,21.0,12.0,-111.0,10.20982262954624,9.0,11.0,30000.0,10000.0,19000.0,0.0,25.11428653644616,16.5,19.0,0.0,10000.0,37020.15679954907,25000.0,0.0,26.437327293831082,17.0,20.0,0.0,122.0,10.23034647295879,9.0,11.0,1.0,15165.110822094222,10000.0,19000.0,1.0,16.5,17.63853881954361,19.0,1.0,22295.64407589387,10000.0,25000.0,1.0,18.982381469507132,17.0,20.0,1.0,0.0,211.0,1.0,37.0
91.0,24.0,91.0,24.0,-721.0,911.0,12.0,-711.0,14.714327049980772,12.0,17.0,30000.0,18000.0,36000.0,1.0,24.576528048573458,20.0,25.0,1.0,18000.0,33998.242781838424,36000.0,1.0,25.06071311777638,20.0,26.0,1.0,722.0,15.22971565202483,12.0,17.0,1.0,29153.954159633613,18000.0,36000.0,1.0,20.0,23.790608840303364,25.0,1.0,33172.38082268767,18000.0,36000.0,1.0,24.277238166760387,20.0,26.0,1.0,1.0,91121.0,7.0,24.0
11.0,22.0,11.0,21.0,-121.0,21.0,12.0,-111.0,9.996784556770843,9.0,11.0,30000.0,10000.0,19000.0,0.0,25.209626160921104,16.5,19.0,0.0,10000.0,36545.72797256696,25000.0,0.0,26.52401615131598,17.0,20.0,0.0,121.0,10.003899567713828,9.0,11.0,1.0,13511.818734963528,10000.0,19000.0,1.0,16.5,17.199752936630716,19.0,1.0,19981.824632941305,10000.0,25000.0,1.0,18.498937844060173,17.0,20.0,1.0,0.0,211.0,1.0,53.0
11.0,22.0,11.0,22.0,-121.0,21.0,13.0,-111.0,9.991866591693388,9.0,11.0,30000.0,10000.0,19000.0,0.0,25.283276973282668,16.5,19.0,0.0,10000.0,36446.82542900126,25000.0,0.0,26.572426481094,17.0,20.0,0.0,121.0,9.995543406788292,9.0,11.0,1.0,15028.855676488993,10000.0,19000.0,1.0,16.5,17.524544310812878,19.0,1.0,21563.13161649728,10000.0,25000.0,1.0,18.831180996532797,17.0,20.0,1.0,0.0,211.0,1.0,19.0
11.0,22.0,11.0,21.0,-121.0,21.0,13.0,-111.0,9.987338528461764,9.0,11.0,30000.0,10000.0,19000.0,0.0,26.04145573974624,16.5,19.0,0.0,10000.0,36535.2009123197,25000.0,0.0,27.352247652280976,17.0,20.0,0.0,121.0,9.983095246128544,9.0,11.0,1.0,12499.645430957848,10000.0,19000.0,1.0,16.5,16.97824976967381,19.0,1.0,19004.430093505245,10000.0,25000.0,1.0,18.282940970884425,17.0,20.0,1.0,0.0,211.0,1.0,20.0
11.0,21.0,11.0,22.0,-121.0,11.0,12.0,-111.0,10.18760684313766,9.0,11.0,30000.0,10000.0,19000.0,0.0,25.376772516335123,16.5,19.0,0.0,10000.0,36948.02348030973,25000.0,0.0,26.68540030249085,17.0,20.0,0.0,122.0,10.177582199229716,9.0,11.0,1.0,16076.173977614495,10000.0,19000.0,1.0,16.5,17.740587226589938,19.0,1.0,23047.311148012956,10000.0,25000.0,1.0,19.053568368369238,17.0,20.0,1.0,0.0,111.0,1.0,51.0
11.0,22.0,11.0,22.0,-121.0,21.0,13.0,-111.0,10.199733013267542,9.0,11.0,30000.0,10000.0,19000.0,0.0,24.191552192656836,16.5,19.0,0.0,10000.0,36965.38894590538,25000.0,0.0,25.516379278466413,17.0,20.0,0.0,122.0,10.197791827904458,9.0,11.0,1.0,17532.30271270948,10000.0,19000.0,1.0,16.5,18.062992513353873,19.0,1.0,24624.943294997593,10000.0,25000.0,1.0,19.41202304507332,17.0,20.0,1.0,0.0,211.0,1.0,16.0
11.0,22.0,11.0,22.0,-121.0,21.0,13.0,-111.0,9.99266483532697,9.0,11.0,30000.0,10000.0,19000.0,0.0,24.579526945603757,16.5,19.0,0.0,10000.0,36482.89423051755,25000.0,0.0,25.87347423340898,17.0,20.0,0.0,121.0,10.018551448377185,9.0,11.0,1.0,12910.727179742202,10000.0,19000.0,1.0,16.5,17.135474638818998,19.0,1.0,19438.937319391196,10000.0,25000.0,1.0,18.438466713663786,17.0,20.0,1.0,0.0,211.0,1.0,19.0
11.0,22.0,11.0,22.0,-121.0,21.0,13.0,-111.0,10.21525752508298,9.0,11.0,30000.0,10000.0,19000.0,0.0,25.59913343068001,16.5,19.0,0.0,10000.0,36964.82413968163,25000.0,0.0,26.918333649689018,17.0,20.0,0.0,122.0,10.20437956066443,9.0,11.0,1.0,13441.195065143831,10000.0,19000.0,1.0,16.5,17.274837806437535,19.0,1.0,20635.967098025223,10000.0,25000.0,1.0,18.637592220783866,17.0,20.0,1.0,0.0,211.0,1.0,36.0
11.0,22.0,11.0,22.0,-121.0,21.0,13.0,-111.0,10.1723539023562,9.0,11.0,30000.0,10000.0,19000.0,0.0,25.43132250989344,16.5,19.0,0.0,10000.0,36931.56192116128,25000.0,0.0,26.743209869632565,17.0,20.0,0.0,122.0,10.220890725640732,9.0,11.0,1.0,14220.883453584745,10000.0,19000.0,1.0,16.5,17.4905203232991,19.0,1.0,21259.674468380173,10000.0,25000.0,1.0,18.82270216992804,17.0,20.0,1.0,0.0,211.0,1.0,5.0
11.0,21.0,11.0,22.0,-121.0,21.0,13.0,-111.0,10.188402836284627,9.0,11.0,30000.0,10000.0,19000.0,0.0,28.006594029394215,16.5,19.0,0.0,10000.0,37077.88121099121,25000.0,0.0,29.349549306981693,17.0,20.0,0.0,122.0,10.17891188758022,9.0,11.0,1.0,15223.681348733822,10000.0,19000.0,1.0,16.5,17.62210659188394,19.0,1.0,22193.2108701664,10000.0,25000.0,1.0,18.944503249032536,17.0,20.0,1.0,0.0,211.0,1.0,9.0
91.0,24.0,91.0,24.0,-721.0,911.0,12.0,-711.0,14.376120163378628,12.0,17.0,30000.0,18000.0,36000.0,1.0,23.960800437440923,20.0,25.0,1.0,18000.0,34538.03463342552,36000.0,1.0,24.524941246163113,20.0,26.0,1.0,721.0,14.624643983516812,12.0,17.0,1.0,26053.821217594865,18000.0,36000.0,1.0,20.0,22.868477982817677,25.0,1.0,30543.828436912692,18000.0,36000.0,1.0,23.42664831611952,20.0,26.0,1.0,1.0,91121.0,7.0,32.0
11.0,21.0,11.0,22.0,-121.0,21.0,13.0,-111.0,10.005393655100107,9.0,11.0,30000.0,10000.0,19000.0,0.0,27.899805742204904,16.5,19.0,0.0,10000.0,36437.815983051194,25000.0,0.0,29.187358192424515,17.0,20.0,0.0,121.0,10.000506269113744,9.0,11.0,1.0,14516.802686557427,10000.0,19000.0,1.0,16.5,17.433893971621316,19.0,1.0,20977.554109682784,10000.0,25000.0,1.0,18.726033471570542,17.0,20.0,1.0,0.0,211.0,1.0,59.0
11.0,22.0,11.0,22.0,-121.0,21.0,13.0,-111.0,9.985371476444051,9.0,11.0,30000.0,10000.0,19000.0,0.0,25.420908555937594,16.5,19.0,0.0,10000.0,36428.59148551665,25000.0,0.0,26.710821759494117,17.0,20.0,0.0,121.0,9.997488803908132,9.0,11.0,1.0,13942.040979052736,10000.0,19000.0,1.0,16.5,17.299775352548668,19.0,1.0,20472.198217606758,10000.0,25000.0,1.0,18.61006798232433,17.0,20.0,1.0,0.0,211.0,1.0,21.0
11.0,21.0,11.0,21.0,-121.0,21.0,13.0,-111.0,10.204264546905147,9.0,11.0,30000.0,10000.0,19000.0,0.0,26.509954502456015,16.5,19.0,0.0,10000.0,37014.33649639829,25000.0,0.0,27.834918092406905,17.0,20.0,0.0,122.0,10.205703727293315,9.0,11.0,1.0,12987.922015342425,10000.0,19000.0,1.0,16.5,17.1371221947774,19.0,1.0,20105.328646800685,10000.0,25000.0,1.0,18.481555078258175,17.0,20.0,1.0,0.0,211.0,1.0,34.0
11.0,21.0,11.0,22.0,-121.0,21.0,13.0,-111.0,9.997637445009513,9.0,11.0,30000.0,10000.0,19000.0,0.0,25.35601948954251,16.5,19.0,0.0,10000.0,36606.55161398404,25000.0,0.0,26.678289422979777,17.0,20.0,0.0,121.0,9.998839133437672,9.0,11.0,1.0,15728.370831391074,10000.0,19000.0,1.0,16.5,17.66025065044615,19.0,1.0,22213.653954416088,10000.0,25000.0,1.0,18.958249271277758,17.0,20.0,1.0,0.0,211.0,1.0,32.0
91.0,24.0,91.0,24.0,-721.0,911.0,12.0,-711.0,14.599027008800128,12.0,17.0,30000.0,18000.0,36000.0,1.0,24.350651924007146,20.0,25.0,1.0,18000.0,34547.31778986304,36000.0,1.0,24.91847909051008,20.0,26.0,1.0,721.0,13.969651840387526,12.0,17.0,1.0,29686.764014584944,18000.0,36000.0,1.0,20.0,22.649308744357178,25.0,1.0,34205.41100920637,18000.0,36000.0,1.0,23.213555765997633,20.0,26.0,1.0,1.0,91121.0,7.0,13.0
11.0,22.0,11.0,22.0,-121.0,11.0,12.0,-111.0,10.217883516541882,9.0,11.0,30000.0,10000.0,19000.0,0.0,23.984130399291992,16.5,19.0,0.0,10000.0,36993.2987372581,25000.0,0.0,25.307656373096556,17.0,20.0,0.0,122.0,10.184285636178911,9.0,11.0,1.0,18494.31518304572,10000.0,19000.0,1.0,16.5,18.229367859285887,19.0,1.0,25510.615312020134,10000.0,25000.0,0.0,19.557246991809095,17.0,20.0,1.0,0.0,111.0,1.0,42.0
11.0,22.0,11.0,21.0,-121.0,11.0,11.0,-111.0,10.21814047523543,9.0,11.0,30000.0,10000.0,19000.0,0.0,23.93790365167872,16.5,19.0,0.0,10000.0,36902.98976546401,25000.0,0.0,25.23934714636501,17.0,20.0,0.0,122.0,10.194106812917433,9.0,11.0,1.0,16330.398337289262,10000.0,19000.0,1.0,16.5,17.72845665912686,19.0,1.0,23528.478728802686,10000.0,25000.0,1.0,19.08553456566413,17.0,20.0,1.0,0.0,111.0,1.0,26.0
91.0,24.0,91.0,24.0,-721.0,911.0,11.0,-711.0,15.03663428143304,12.0,17.0,30000.0,18000.0,36000.0,1.0,23.631816473101438,20.0,25.0,1.0,18000.0,34488.83909013432,36000.0,1.0,24.191745750421376,20.0,26.0,1.0,721.0,15.606845469627695,12.0,17.0,1.0,25790.465456196103,18000.0,36000.0,1.0,20.0,23.844791004397212,25.0,1.0,30316.06922252974,18000.0,36000.0,1.0,24.40930623772088,20.0,26.0,1.0,1.0,91121.0,7.0,28.0
11.0,22.0,11.0,22.0,-121.0,11.0,12.0,-111.0,10.231786493796331,9.0,11.0,30000.0,10000.0,19000.0,0.0,24.274700272475876,16.5,19.0,0.0,10000.0,36968.338204396125,25000.0,0.0,25.591951428664558,17.0,20.0,0.0,122.0,10.2215882560818,9.0,11.0,1.0,16585.389900759918,10000.0,19000.0,1.0,16.5,17.936831737048696,19.0,1.0,23439.12660316411,10000.0,25000.0,1.0,19.232419340669768,17.0,20.0,1.0,0.0,111.0,1.0,40.0
11.0,22.0,11.0,22.0,-121.0,11.0,11.0,-111.0,9.985812276793652,9.0,11.0,30000.0,10000.0,19000.0,0.0,24.012676420965917,16.5,19.0,0.0,10000.0,36556.76308347994,25000.0,0.0,25.32162383295979,17.0,20.0,0.0,121.0,10.003029688119689,9.0,11.0,1.0,20962.899005195504,10000.0,19000.0,0.0,16.5,18.730002675497122,19.0,1.0,27432.699742254616,10000.0,25000.0,0.0,20.02158951843593,17.0,20.0,0.0,0.0,111.0,1.0,50.0
81.0,23.0,81.0,21.0,-721.0,912.0,12.0,-711.0,14.934918187882763,12.0,17.0,30000.0,12500.0,23000.0,0.0,26.362152604754037,20.0,24.0,0.0,12500.0,34542.32578797401,26000.0,0.0,26.929284909690097,20.0,25.0,0.0,721.0,14.5504370894902,12.0,17.0,1.0,13362.67273908304,12500.0,23000.0,1.0,20.0,20.67408330225404,24.0,1.0,17805.479326236236,12500.0,26000.0,1.0,21.22879013258052,20.0,25.0,1.0,0.0,912.0,7.0,11.0
11.0,22.0,11.0,22.0,-121.0,21.0,12.0,-111.0,9.985312266040745,9.0,11.0,30000.0,10000.0,19000.0,0.0,23.866514880793044,16.5,19.0,0.0,10000.0,36444.58913984198,25000.0,0.0,25.15998580561932,17.0,20.0,0.0,121.0,10.014513927716616,9.0,11.0,1.0,16146.797411523767,10000.0,19000.0,1.0,16.5,17.785128771845464,19.0,1.0,22626.660530823836,10000.0,25000.0,1.0,19.08567941360046,17.0,20.0,1.0,0.0,211.0,1.0,25.0
81.0,23.0,81.0,23.0,-721.0,912.0,11.0,-711.0,15.066750416936827,12.0,17.0,30000.0,12500.0,23000.0,0.0,26.354850804590136,20.0,24.0,0.0,12500.0,34077.664734483245,26000.0,0.0,26.8508448190871,20.0,25.0,0.0,722.0,14.968514523091551,12.0,17.0,1.0,17946.605045264296,12500.0,23000.0,1.0,20.0,21.739559720217677,24.0,1.0,21814.261816727754,12500.0,26000.0,1.0,22.210009041995388,20.0,25.0,1.0,0.0,912.0,7.0,17.0
11.0,22.0,11.0,22.0,-121.0,21.0,13.0,-111.0,9.991201919747738,9.0,11.0,30000.0,10000.0,19000.0,0.0,25.707451839696972,16.5,19.0,0.0,10000.0,36407.50587891783,25000.0,0.0,26.991001214959795,17.0,20.0,0.0,121.0,10.010356026272266,9.0,11.0,1.0,15774.108959605612,10000.0,19000.0,1.0,16.5,17.657197692836657,19.0,1.0,22275.334737256686,10000.0,25000.0,1.0,18.959521006000113,17.0,20.0,1.0,0.0,211.0,1.0,8.0
11.0,22.0,11.0,22.0,-121.0,11.0,11.0,-111.0,9.999820297550615,9.0,11.0,30000.0,10000.0,19000.0,0.0,23.854648694984675,16.5,19.0,0.0,10000.0,36504.19536999097,25000.0,0.0,25.15581598262671,17.0,20.0,0.0,121.0,10.001477498469821,9.0,11.0,1.0,14114.186542607287,10000.0,19000.0,1.0,16.5,17.32315256037848,19.0,1.0,20629.17136898879,10000.0,25000.0,1.0,18.62647828375441,17.0,20.0,1.0,0.0,111.0,1.0,44.0
11.0,22.0,11.0,22.0,-121.0,11.0,12.0,-111.0,10.00612671675787,9.0,11.0,30000.0,10000.0,19000.0,0.0,23.578992126831338,16.5,19.0,0.0,10000.0,36516.83407146166,25000.0,0.0,24.88591099582814,17.0,20.0,0.0,121.0,9.989797738819203,9.0,11.0,1.0,15156.794677870937,10000.0,19000.0,1.0,16.5,17.554025997093976,19.0,1.0,21628.175315938184,10000.0,25000.0,1.0,18.85182940463934,17.0,20.0,1.0,0.0,111.0,1.0,40.0
11.0,22.0,11.0,22.0,-121.0,21.0,13.0,-111.0,10.220947736578895,9.0,11.0,30000.0,10000.0,19000.0,0.0,24.989208144913626,16.5,19.0,0.0,10000.0,37045.29558810643,25000.0,0.0,26.319811277690135,17.0,20.0,0.0,122.0,10.219905715295976,9.0,11.0,1.0,15224.076113444413,10000.0,19000.0,1.0,16.5,17.62322986082203,19.0,1.0,22293.138675368555,10000.0,25000.0,1.0,18.958321720781516,17.0,20.0,1.0,0.0,211.0,1.0,5.0
11.0,21.0,11.0,22.0,-121.0,21.0,13.0,-111.0,10.217523447947194,9.0,11.0,30000.0,10000.0,19000.0,0.0,29.652757246846406,16.5,19.0,0.0,10000.0,37087.55061508514,25000.0,0.0,30.985827364431447,17.0,20.0,0.0,122.0,10.187421283886064,9.0,11.0,1.0,13400.849922666053,10000.0,19000.0,1.0,16.5,17.255941366053253,19.0,1.0,20419.197547193013,10000.0,25000.0,1.0,18.57599535948332,17.0,20.0,1.0,0.0,211.0,1.0,24.0
91.0,24.0,91.0,21.0,-721.0,911.0,11.0,-711.0,15.018208898131975,12.0,17.0,30000.0,18000.0,36000.0,1.0,23.811451648320258,20.0,25.0,1.0,18000.0,33985.36543472848,36000.0,1.0,24.296634580139138,20.0,26.0,1.0,722.0,15.340448029893869,12.0,17.0,1.0,21220.14929641182,18000.0,36000.0,1.0,20.0,22.876189453837462,25.0,1.0,25366.577684469332,18000.0,36000.0,1.0,23.380980373225718,20.0,26.0,1.0,1.0,91121.0,7.0,3.0
11.0,22.0,11.0,22.0,-121.0,11.0,11.0,-111.0,10.190864235128231,9.0,11.0,30000.0,10000.0,19000.0,0.0,22.750892059450152,16.5,19.0,0.0,10000.0,37137.80614283038,25000.0,0.0,24.094548950787104,17.0,20.0,0.0,122.0,10.230063159193607,9.0,11.0,1.0,15141.27251950374,10000.0,19000.0,1.0,16.5,17.588793683512037,19.0,1.0,22161.161385368607,10000.0,25000.0,1.0,18.91025322756441,17.0,20.0,1.0,0.0,111.0,1.0,38.0
11.0,22.0,11.0,22.0,-121.0,21.0,13.0,-111.0,10.202430861337216,9.0,11.0,30000.0,10000.0,19000.0,0.0,25.004312211653716,16.5,19.0,0.0,10000.0,37006.3269067332,25000.0,0.0,26.319614674430877,17.0,20.0,0.0,122.0,10.195342908491659,9.0,11.0,1.0,13802.96218916931,10000.0,19000.0,1.0,16.5,17.329115220546726,19.0,1.0,20977.931658459747,10000.0,25000.0,1.0,18.676077065024646,17.0,20.0,1.0,0.0,211.0,1.0,3.0
11.0,22.0,11.0,22.0,-121.0,21.0,13.0,-111.0,10.214658682987661,9.0,11.0,30000.0,10000.0,19000.0,0.0,26.546324942993905,16.5,19.0,0.0,10000.0,37060.79745345567,25000.0,0.0,27.881118083368317,17.0,20.0,0.0,122.0,10.17339759132645,9.0,11.0,1.0,14241.741164218443,10000.0,19000.0,1.0,16.5,17.373044164755257,19.0,1.0,20883.182206313748,10000.0,25000.0,1.0,18.62856098188917,17.0,20.0,1.0,0.0,211.0,1.0,16.0
11.0,21.0,11.0,21.0,-121.0,11.0,11.0,-111.0,9.99739153631202,9.0,11.0,30000.0,10000.0,19000.0,0.0,24.72061122009339,16.5,19.0,0.0,10000.0,36531.47589905899,25000.0,0.0,26.02365706127355,17.0,20.0,0.0,121.0,9.994680745624624,9.0,11.0,1.0,17414.086209046935,10000.0,19000.0,1.0,16.5,17.9430586270741,19.0,1.0,23873.147668473855,10000.0,25000.0,1.0,19.23165760572851,17.0,20.0,1.0,0.0,111.0,1.0,56.0
81.0,23.0,81.0,23.0,-721.0,912.0,12.0,-711.0,14.864947760207038,12.0,17.0,30000.0,12500.0,23000.0,0.0,25.149771532234197,20.0,24.0,0.0,12500.0,34547.555202395866,26000.0,0.0,25.719501222786853,20.0,25.0,0.0,721.0,14.719689843773839,12.0,17.0,1.0,16509.809452893656,12500.0,23000.0,1.0,20.0,21.36951563073962,24.0,1.0,21014.51509718613,12500.0,26000.0,1.0,21.933877015819988,20.0,25.0,1.0,0.0,912.0,7.0,10.0
11.0,21.0,11.0,21.0,-121.0,11.0,11.0,-111.0,10.00547203582745,9.0,11.0,30000.0,10000.0,19000.0,0.0,24.83682039292882,16.5,19.0,0.0,10000.0,36509.30371435892,25000.0,0.0,26.134509101874855,17.0,20.0,0.0,121.0,10.007578827015978,9.0,11.0,1.0,11289.110195972762,10000.0,19000.0,1.0,16.5,16.712182374310043,19.0,1.0,17778.469173282057,10000.0,25000.0,1.0,18.005894919105813,17.0,20.0,1.0,0.0,111.0,1.0,18.0
81.0,23.0,81.0,23.0,-721.0,912.0,11.0,-711.0,15.12685577186695,12.0,17.0,30000.0,12500.0,23000.0,0.0,26.28851045946556,20.0,24.0,0.0,12500.0,34054.949240742986,26000.0,0.0,26.78065816719233,20.0,25.0,0.0,722.0,15.286537605647094,12.0,17.0,1.0,16037.619209664155,12500.0,23000.0,1.0,20.0,21.790504057269153,24.0,1.0,20119.982710090084,12500.0,26000.0,1.0,22.28597902367685,20.0,25.0,1.0,0.0,912.0,7.0,17.0
11.0,21.0,11.0,22.0,-121.0,21.0,13.0,-111.0,10.013339056451144,9.0,11.0,30000.0,10000.0,19000.0,0.0,27.055376431662868,16.5,19.0,0.0,10000.0,36514.431933819564,25000.0,0.0,28.354815281687184,17.0,20.0,0.0,121.0,9.996313591203823,9.0,11.0,1.0,13761.68550136918,10000.0,19000.0,1.0,16.5,17.21125793631796,19.0,1.0,20243.621170609942,10000.0,25000.0,1.0,18.50421473094537,17.0,20.0,1.0,0.0,211.0,1.0,24.0
11.0,22.0,11.0,21.0,-121.0,21.0,13.0,-111.0,10.185284211120896,9.0,11.0,30000.0,10000.0,19000.0,0.0,25.663334203946683,16.5,19.0,0.0,10000.0,36822.983457172144,25000.0,0.0,26.951521814007087,17.0,20.0,0.0,122.0,10.20591264631494,9.0,11.0,1.0,13988.326854739607,10000.0,19000.0,1.0,16.5,17.299147404401058,19.0,1.0,21059.67399185094,10000.0,25000.0,1.0,18.634226380576436,17.0,20.0,1.0,0.0,211.0,1.0,58.0
11.0,22.0,11.0,21.0,-121.0,11.0,11.0,-111.0,9.995756069726918,9.0,11.0,30000.0,10000.0,19000.0,0.0,24.916949164318773,16.5,19.0,0.0,10000.0,36515.63556778273,25000.0,0.0,26.224348404328467,17.0,20.0,0.0,121.0,9.985440344148897,9.0,11.0,1.0,11061.08737078882,10000.0,19000.0,1.0,16.5,16.699984971734363,19.0,1.0,17640.849743414536,10000.0,25000.0,1.0,18.02025161892848,17.0,20.0,1.0,0.0,111.0,1.0,1.0
92.0,24.0,92.0,24.0,-721.0,921.0,13.0,-711.0,14.848691681435248,12.0,17.0,30000.0,15000.0,28000.0,0.0,24.2111020929393,19.5,25.0,1.0,15000.0,34546.18468119822,28000.0,0.0,24.780409694389032,20.0,26.0,1.0,721.0,14.703165890861298,12.0,17.0,1.0,18583.6211525591,15000.0,28000.0,1.0,19.5,21.062077839560907,25.0,1.0,23080.643669020814,15000.0,28000.0,1.0,21.625228983222208,20.0,26.0,1.0,0.0,92122.0,7.0,25.0
11.0,22.0,11.0,21.0,-121.0,11.0,11.0,-111.0,10.011990935857861,9.0,11.0,30000.0,10000.0,19000.0,0.0,24.00356131430186,16.5,19.0,0.0,10000.0,36457.22356393623,25000.0,0.0,25.29319816045151,17.0,20.0,0.0,121.0,10.008997974034445,9.0,11.0,1.0,12733.025777026294,10000.0,19000.0,1.0,16.5,17.02837798666482,19.0,1.0,19157.02985100359,10000.0,25000.0,1.0,18.31138023547753,17.0,20.0,1.0,0.0,111.0,1.0,54.0
11.0,22.0,11.0,22.0,-121.0,21.0,13.0,-111.0,10.000279720364457,9.0,11.0,30000.0,10000.0,19000.0,0.0,25.041826924340178,16.5,19.0,0.0,10000.0,36493.16469843012,25000.0,0.0,26.335340518322983,17.0,20.0,0.0,121.0,9.997992417650648,9.0,11.0,1.0,12493.596801952443,10000.0,19000.0,1.0,16.5,17.005270009575668,19.0,1.0,18984.26092170441,10000.0,25000.0,1.0,18.298285459330927,17.0,20.0,1.0,0.0,211.0,1.0,5.0
11.0,22.0,11.0,21.0,-121.0,11.0,11.0,-111.0,10.002848788280941,9.0,11.0,30000.0,10000.0,19000.0,0.0,25.974732963954487,16.5,19.0,0.0,10000.0,36562.9611187084,25000.0,0.0,27.291969815717444,17.0,20.0,0.0,121.0,9.991287663816324,9.0,11.0,1.0,10843.48868021127,10000.0,19000.0,1.0,16.5,16.626235146459294,19.0,1.0,17241.923839515734,10000.0,25000.0,1.0,17.910450370807645,17.0,20.0,1.0,0.0,111.0,1.0,54.0
11.0,22.0,11.0,22.0,-121.0,21.0,12.0,-111.0,9.974622502805202,9.0,11.0,30000.0,10000.0,19000.0,0.0,24.164717843540267,16.5,19.0,0.0,10000.0,36442.560658485854,25000.0,0.0,25.457381273783515,17.0,20.0,0.0,121.0,9.997399467233524,9.0,11.0,1.0,17555.39025477825,10000.0,19000.0,1.0,16.5,18.093652003350854,19.0,1.0,24091.246197768724,10000.0,25000.0,1.0,19.405034605812435,17.0,20.0,1.0,0.0,211.0,1.0,23.0
11.0,22.0,11.0,22.0,-121.0,21.0,13.0,-111.0,10.1831652491449,9.0,11.0,30000.0,10000.0,19000.0,0.0,26.211356776996638,16.5,19.0,0.0,10000.0,36994.039087021425,25000.0,0.0,27.529691028030143,17.0,20.0,0.0,122.0,10.186926991589795,9.0,11.0,1.0,15106.446539773851,10000.0,19000.0,1.0,16.5,17.57927890631526,19.0,1.0,22176.81289600364,10000.0,25000.0,1.0,18.912000387965186,17.0,20.0,1.0,0.0,211.0,1.0,22.0
11.0,22.0,11.0,21.0,-121.0,11.0,11.0,-111.0,10.213303293791109,9.0,11.0,30000.0,10000.0,19000.0,0.0,23.982602234094035,16.5,19.0,0.0,10000.0,37085.83656419227,25000.0,0.0,25.31618659579446,17.0,20.0,0.0,122.0,10.215670408288151,9.0,11.0,1.0,12574.690195241219,10000.0,19000.0,1.0,16.5,17.04028977914641,19.0,1.0,19579.90388530852,10000.0,25000.0,1.0,18.358700575502166,17.0,20.0,1.0,0.0,111.0,1.0,1.0
11.0,22.0,11.0,22.0,-121.0,21.0,13.0,-111.0,10.00228775939704,9.0,11.0,30000.0,10000.0,19000.0,0.0,27.004139706173987,16.5,19.0,0.0,10000.0,36533.46803523234,25000.0,0.0,28.31280326293747,17.0,20.0,0.0,121.0,10.000785868980033,9.0,11.0,1.0,12248.218848120647,10000.0,19000.0,1.0,16.5,17.00540611125605,19.0,1.0,18776.36733042069,10000.0,25000.0,1.0,18.313004153499033,17.0,20.0,1.0,0.0,211.0,1.0,36.0
11.0,22.0,11.0,21.0,-121.0,21.0,13.0,-111.0,10.172254380724384,9.0,11.0,30000.0,10000.0,19000.0,0.0,25.718335179219423,16.5,19.0,0.0,10000.0,37055.519875752405,25000.0,0.0,27.05040078716646,17.0,20.0,0.0,122.0,10.20353666033955,9.0,11.0,1.0,11737.696618839203,10000.0,19000.0,1.0,16.5,16.847541729269665,19.0,1.0,18719.02284566623,10000.0,25000.0,1.0,18.165599750277398,17.0,20.0,1.0,0.0,211.0,1.0,58.0
11.0,22.0,11.0,22.0,-121.0,21.0,13.0,-111.0,10.212414671301584,9.0,11.0,30000.0,10000.0,19000.0,0.0,24.5543277257211,16.5,19.0,0.0,10000.0,37028.8325057154,25000.0,0.0,25.875290194032544,17.0,20.0,0.0,122.0,10.211247766637799,9.0,11.0,1.0,16089.809186613182,10000.0,19000.0,1.0,16.5,17.748999933078963,19.0,1.0,22983.013158660407,10000.0,25000.0,1.0,19.04447307546578,17.0,20.0,1.0,0.0,211.0,1.0,5.0
11.0,22.0,11.0,21.0,-121.0,21.0,12.0,-111.0,10.199923992391161,9.0,11.0,30000.0,10000.0,19000.0,0.0,23.76458887430241,16.5,19.0,0.0,10000.0,37061.03712170685,25000.0,0.0,25.100320467522124,17.0,20.0,0.0,122.0,10.185311570597191,9.0,11.0,1.0,13984.784621100634,10000.0,19000.0,1.0,16.5,17.30431034249021,19.0,1.0,21079.135838637,10000.0,25000.0,1.0,18.646343940575786,17.0,20.0,1.0,0.0,211.0,1.0,53.0
11.0,21.0,11.0,22.0,-121.0,11.0,11.0,-111.0,10.173277132977361,9.0,11.0,30000.0,10000.0,19000.0,0.0,24.19511546069795,16.5,19.0,0.0,10000.0,36949.87149725403,25000.0,0.0,25.50106265446946,17.0,20.0,0.0,122.0,10.206228249112327,9.0,11.0,1.0,14531.782140048623,10000.0,19000.0,1.0,16.5,17.428287317419056,19.0,1.0,21541.65664572376,10000.0,25000.0,1.0,18.74550964922677,17.0,20.0,1.0,0.0,111.0,1.0,35.0
91.0,24.0,91.0,24.0,-721.0,911.0,12.0,-711.0,15.481127024225398,12.0,17.0,30000.0,18000.0,36000.0,1.0,25.479842002337154,20.0,25.0,0.0,18000.0,34029.68895915349,36000.0,1.0,25.96881174146936,20.0,26.0,1.0,722.0,15.418359501427123,12.0,17.0,1.0,28187.130138832665,18000.0,36000.0,1.0,20.0,23.856645794275522,25.0,1.0,32170.895762193035,18000.0,36000.0,1.0,24.340043112868457,20.0,26.0,1.0,0.0,91121.0,7.0,27.0
11.0,22.0,11.0,22.0,-121.0,11.0,11.0,-111.0,10.008333642027198,9.0,11.0,30000.0,10000.0,19000.0,0.0,23.768591419961457,16.5,19.0,0.0,10000.0,36432.3890874535,25000.0,0.0,25.049847178072422,17.0,20.0,0.0,121.0,9.981667581695797,9.0,11.0,1.0,18594.83482378732,10000.0,19000.0,1.0,16.5,18.181047390240415,19.0,1.0,25076.555578427295,10000.0,25000.0,0.0,19.47212943245524,17.0,20.0,1.0,0.0,111.0,1.0,15.0
11.0,22.0,11.0,22.0,-121.0,21.0,12.0,-111.0,10.014966770277411,9.0,11.0,30000.0,10000.0,19000.0,0.0,23.79420993746293,16.5,19.0,0.0,10000.0,36497.87885105139,25000.0,0.0,25.09056109876863,17.0,20.0,0.0,121.0,10.00632139604144,9.0,11.0,1.0,15313.275537527457,10000.0,19000.0,1.0,16.5,17.58231603819014,19.0,1.0,21817.381046091374,10000.0,25000.0,1.0,18.879909440984555,17.0,20.0,1.0,0.0,211.0,1.0,25.0
11.0,21.0,11.0,22.0,-121.0,11.0,11.0,-111.0,10.19492718123968,9.0,11.0,30000.0,10000.0,19000.0,0.0,24.3984591435666,16.5,19.0,0.0,10000.0,37100.70712462181,25000.0,0.0,25.731483845861273,17.0,20.0,0.0,122.0,10.19265324984354,9.0,11.0,1.0,13433.64112271672,10000.0,19000.0,1.0,16.5,17.27013010466142,19.0,1.0,20467.5430176819,10000.0,25000.0,1.0,18.59061337695316,17.0,20.0,1.0,0.0,111.0,1.0,29.0
11.0,22.0,11.0,22.0,-121.0,21.0,12.0,-111.0,9.992219184079548,9.0,11.0,30000.0,10000.0,19000.0,0.0,24.346238384730743,16.5,19.0,0.0,10000.0,36461.7804496105,25000.0,0.0,25.63781233196106,17.0,20.0,0.0,121.0,9.999345001230534,9.0,11.0,1.0,12415.656614723825,10000.0,19000.0,1.0,16.5,17.027136142513704,19.0,1.0,18932.154472824383,10000.0,25000.0,1.0,18.329646948372513,17.0,20.0,1.0,0.0,211.0,1.0,25.0
11.0,22.0,11.0,22.0,-121.0,21.0,13.0,-111.0,10.201705392879738,9.0,11.0,30000.0,10000.0,19000.0,0.0,26.88047971426258,16.5,19.0,0.0,10000.0,36888.905673333065,25000.0,0.0,28.185138837592348,17.0,20.0,0.0,122.0,10.209151258837835,9.0,11.0,1.0,15566.179680680701,10000.0,19000.0,1.0,16.5,17.720039167131,19.0,1.0,22551.549072315087,10000.0,25000.0,1.0,19.042967123874945,17.0,20.0,1.0,0.0,211.0,1.0,28.0
11.0,21.0,11.0,22.0,-121.0,21.0,13.0,-111.0,10.00729861927413,9.0,11.0,30000.0,10000.0,19000.0,0.0,27.2786265223775,16.5,19.0,0.0,10000.0,36541.26969155773,25000.0,0.0,28.587164939042033,17.0,20.0,0.0,121.0,10.01201351558497,9.0,11.0,1.0,15471.624675538127,10000.0,19000.0,1.0,16.5,17.63011083240205,19.0,1.0,21884.19887903541,10000.0,25000.0,1.0,18.912904554516558,17.0,20.0,1.0,0.0,211.0,1.0,24.0
11.0,21.0,11.0,21.0,-121.0,21.0,13.0,-111.0,9.981137149553533,9.0,11.0,30000.0,10000.0,19000.0,0.0,28.18914580994151,16.5,19.0,0.0,10000.0,36471.02260086986,25000.0,0.0,29.48614104572816,17.0,20.0,0.0,121.0,10.008646072238632,9.0,11.0,1.0,12021.92816747194,10000.0,19000.0,1.0,16.5,16.881731786828116,19.0,1.0,18614.923806059935,10000.0,25000.0,1.0,18.203174232672968,17.0,20.0,1.0,0.0,211.0,1.0,34.0
11.0,22.0,11.0,22.0,-121.0,21.0,13.0,-111.0,10.230844129273407,9.0,11.0,30000.0,10000.0,19000.0,0.0,24.742207277335964,16.5,19.0,0.0,10000.0,36917.126199742685,25000.0,0.0,26.04846502513339,17.0,20.0,0.0,122.0,10.20893529012959,9.0,11.0,1.0,14157.47963782011,10000.0,19000.0,1.0,16.5,17.420487809408797,19.0,1.0,21194.066252070133,10000.0,25000.0,1.0,18.74930493916619,17.0,20.0,1.0,0.0,211.0,1.0,16.0
81.0,23.0,81.0,23.0,-721.0,912.0,12.0,-711.0,15.534961391822751,12.0,17.0,30000.0,12500.0,23000.0,0.0,25.87958357380625,20.0,24.0,0.0,12500.0,34062.805003857175,26000.0,0.0,26.375945215013893,20.0,25.0,0.0,722.0,15.126538906421004,12.0,17.0,1.0,19065.14240290214,12500.0,23000.0,1.0,20.0,22.016854226597236,24.0,1.0,23112.300259898664,12500.0,26000.0,1.0,22.511304222158927,20.0,25.0,1.0,0.0,912.0,7.0,10.0
11.0,21.0,11.0,22.0,-121.0,11.0,11.0,-111.0,9.993669771119444,9.0,11.0,30000.0,10000.0,19000.0,0.0,23.54842324362144,16.5,19.0,0.0,10000.0,36525.466784864504,25000.0,0.0,24.855265381622328,17.0,20.0,0.0,121.0,10.00764344492537,9.0,11.0,1.0,13699.774217111646,10000.0,19000.0,1.0,16.5,17.302145517394248,19.0,1.0,20215.76508837178,10000.0,25000.0,1.0,18.607089933193414,17.0,20.0,1.0,0.0,111.0,1.0,43.0
91.0,24.0,91.0,21.0,-721.0,911.0,12.0,-711.0,14.985444300603088,12.0,17.0,30000.0,18000.0,36000.0,1.0,24.47778955433727,20.0,25.0,1.0,18000.0,34040.72675446862,36000.0,1.0,24.968777853277768,20.0,26.0,1.0,722.0,15.191493863270678,12.0,17.0,1.0,25844.668090232077,18000.0,36000.0,1.0,20.0,23.26854701787672,25.0,1.0,29851.298917116717,18000.0,36000.0,1.0,23.755392324107614,20.0,26.0,1.0,1.0,91121.0,7.0,14.0
91.0,24.0,91.0,24.0,-721.0,911.0,11.0,-711.0,15.15123055719687,12.0,17.0,30000.0,18000.0,36000.0,1.0,24.21791007263371,20.0,25.0,1.0,18000.0,34004.60741485593,36000.0,1.0,24.704780779295238,20.0,26.0,1.0,722.0,15.269097780796875,12.0,17.0,1.0,27111.025506321916,18000.0,36000.0,1.0,20.0,23.60401374952935,25.0,1.0,31158.01049819996,18000.0,36000.0,1.0,24.096036621867547,20.0,26.0,1.0,1.0,91121.0,7.0,9.0
11.0,21.0,11.0,22.0,-121.0,11.0,11.0,-111.0,10.185316685354513,9.0,11.0,30000.0,10000.0,19000.0,0.0,25.598442915696054,16.5,19.0,0.0,10000.0,36901.89949739804,25000.0,0.0,26.901412415915892,17.0,20.0,0.0,122.0,10.194607227681617,9.0,11.0,1.0,22369.584744547992,10000.0,19000.0,0.0,16.5,18.921162698802444,19.0,1.0,29337.01493727061,10000.0,25000.0,0.0,20.236503358203652,17.0,20.0,0.0,0.0,111.0,1.0,29.0
91.0,24.0,91.0,24.0,-721.0,911.0,12.0,-711.0,14.99755880606246,12.0,17.0,30000.0,18000.0,36000.0,1.0,24.613329060307755,20.0,25.0,1.0,18000.0,33977.214149134,36000.0,1.0,25.09703122667304,20.0,26.0,1.0,722.0,15.175276694754041,12.0,17.0,1.0,28697.47802363498,18000.0,36000.0,1.0,20.0,23.660851346198207,25.0,1.0,32626.844011964822,18000.0,36000.0,1.0,24.138734298870258,20.0,26.0,1.0,1.0,91121.0,7.0,24.0
11.0,22.0,11.0,22.0,-121.0,21.0,13.0,-111.0,10.00275480609625,9.0,11.0,30000.0,10000.0,19000.0,0.0,25.850854494084068,16.5,19.0,0.0,10000.0,36439.76697496234,25000.0,0.0,27.149745706436164,17.0,20.0,0.0,121.0,10.010626163469837,9.0,11.0,1.0,14396.674741530513,10000.0,19000.0,1.0,16.5,17.42845834322546,19.0,1.0,20987.013111787932,10000.0,25000.0,1.0,18.757719577185604,17.0,20.0,1.0,0.0,211.0,1.0,16.0
11.0,22.0,11.0,22.0,-121.0,11.0,11.0,-111.0,10.178853334445611,9.0,11.0,30000.0,10000.0,19000.0,0.0,23.828526401075568,16.5,19.0,0.0,10000.0,36774.52876160358,25000.0,0.0,25.108393638753274,17.0,20.0,0.0,122.0,10.222544068345512,9.0,11.0,1.0,15095.815363455962,10000.0,19000.0,1.0,16.5,17.609589247360013,19.0,1.0,22162.646762188397,10000.0,25000.0,1.0,18.944679303024465,17.0,20.0,1.0,0.0,111.0,1.0,44.0
11.0,22.0,11.0,22.0,-121.0,21.0,13.0,-111.0,10.186293811189763,9.0,11.0,30000.0,10000.0,19000.0,0.0,24.480988908846626,16.5,19.0,0.0,10000.0,37128.00289535787,25000.0,0.0,25.824200060782854,17.0,20.0,0.0,122.0,10.211060898583872,9.0,11.0,1.0,14319.161371222062,10000.0,19000.0,1.0,16.5,17.455648045967788,19.0,1.0,21399.224792070563,10000.0,25000.0,1.0,18.78982541414659,17.0,20.0,1.0,0.0,211.0,1.0,31.0
92.0,24.0,92.0,24.0,-721.0,921.0,13.0,-711.0,15.108586852090452,12.0,17.0,30000.0,15000.0,28000.0,0.0,24.90907252721278,19.5,25.0,1.0,15000.0,34012.60663163554,28000.0,0.0,25.398423858988778,20.0,26.0,1.0,722.0,15.145769863169534,12.0,17.0,1.0,24821.60406726343,15000.0,28000.0,1.0,19.5,22.15560042216456,25.0,1.0,28851.952308491695,15000.0,28000.0,0.0,22.64711540492334,20.0,26.0,1.0,0.0,92122.0,7.0,25.0
11.0,22.0,11.0,22.0,-121.0,21.0,13.0,-111.0,10.187157372873209,9.0,11.0,30000.0,10000.0,19000.0,0.0,26.702912029844494,16.5,19.0,0.0,10000.0,37042.131525730416,25000.0,0.0,28.03534745646168,17.0,20.0,0.0,122.0,10.187000421966536,9.0,11.0,1.0,16241.289686680404,10000.0,19000.0,1.0,16.5,17.77785202720916,19.0,1.0,23165.635905591687,10000.0,25000.0,1.0,19.088001400950542,17.0,20.0,1.0,0.0,211.0,1.0,28.0
11.0,22.0,11.0,21.0,-121.0,11.0,11.0,-111.0,10.215623137598412,9.0,11.0,30000.0,10000.0,19000.0,0.0,23.84040575568622,16.5,19.0,0.0,10000.0,37087.991898501794,25000.0,0.0,25.181257168488347,17.0,20.0,0.0,122.0,10.17406897092817,9.0,11.0,1.0,13763.796591646338,10000.0,19000.0,1.0,16.5,17.231227009256337,19.0,1.0,20715.86824158701,10000.0,25000.0,1.0,18.54636608210078,17.0,20.0,1.0,0.0,111.0,1.0,12.0
91.0,24.0,91.0,21.0,-721.0,911.0,11.0,-711.0,15.519342721909888,12.0,17.0,30000.0,18000.0,36000.0,1.0,25.197219324671476,20.0,25.0,0.0,18000.0,34559.22637812922,36000.0,1.0,25.76875426894151,20.0,26.0,1.0,721.0,14.705157155865672,12.0,17.0,1.0,23536.358695805942,18000.0,36000.0,1.0,20.0,22.65997515000202,25.0,1.0,28118.146854846545,18000.0,36000.0,1.0,23.234338391251928,20.0,26.0,1.0,0.0,91121.0,7.0,3.0
11.0,21.0,11.0,22.0,-121.0,21.0,13.0,-111.0,10.20232750301905,9.0,11.0,30000.0,10000.0,19000.0,0.0,27.083932997163743,16.5,19.0,0.0,10000.0,36947.48007117376,25000.0,0.0,28.393696262005143,17.0,20.0,0.0,122.0,10.189761897926475,9.0,11.0,1.0,14178.54832639818,10000.0,19000.0,1.0,16.5,17.39405330834091,19.0,1.0,21189.84439280253,10000.0,25000.0,1.0,18.715847388011003,17.0,20.0,1.0,0.0,211.0,1.0,52.0
11.0,21.0,11.0,21.0,-121.0,11.0,11.0,-111.0,9.97967514131841,9.0,11.0,30000.0,10000.0,19000.0,0.0,27.941661560505384,16.5,19.0,0.0,10000.0,36419.69715383466,25000.0,0.0,29.23133980428251,17.0,20.0,0.0,121.0,9.995186420579996,9.0,11.0,1.0,14802.867949409167,10000.0,19000.0,1.0,16.5,17.44411332393445,19.0,1.0,21331.396381845814,10000.0,25000.0,1.0,18.75565511187761,17.0,20.0,1.0,0.0,111.0,1.0,56.0
11.0,22.0,11.0,21.0,-121.0,21.0,13.0,-111.0,10.01681971181691,9.0,11.0,30000.0,10000.0,19000.0,0.0,25.72107857482213,16.5,19.0,0.0,10000.0,36491.9683041093,25000.0,0.0,27.020036672304474,17.0,20.0,0.0,121.0,10.009683663804038,9.0,11.0,1.0,11449.21238403844,10000.0,19000.0,1.0,16.5,16.770732088685286,19.0,1.0,17925.016403723013,10000.0,25000.0,1.0,18.066455923897706,17.0,20.0,1.0,0.0,211.0,1.0,58.0
11.0,22.0,11.0,22.0,-121.0,21.0,13.0,-111.0,10.015521222727116,9.0,11.0,30000.0,10000.0,19000.0,0.0,26.128052222901456,16.5,19.0,0.0,10000.0,36504.87007040904,25000.0,0.0,27.43088281559322,17.0,20.0,0.0,121.0,9.994347665267373,9.0,11.0,1.0,14970.312839563658,10000.0,19000.0,1.0,16.5,17.5017332733788,19.0,1.0,21505.880011942558,10000.0,25000.0,1.0,18.81071204783598,17.0,20.0,1.0,0.0,211.0,1.0,28.0
11.0,22.0,11.0,21.0,-121.0,11.0,11.0,-111.0,10.00224827578421,9.0,11.0,30000.0,10000.0,19000.0,0.0,27.89288217332286,16.5,19.0,0.0,10000.0,36463.596822027816,25000.0,0.0,29.186776572739,17.0,20.0,0.0,121.0,9.99562844226792,9.0,11.0,1.0,14544.855718077613,10000.0,19000.0,1.0,16.5,17.40563026332954,19.0,1.0,21065.792876372896,10000.0,25000.0,1.0,18.71100315405632,17.0,20.0,1.0,0.0,111.0,1.0,0.0
91.0,24.0,91.0,24.0,-721.0,911.0,12.0,-711.0,15.312995339537569,12.0,17.0,30000.0,18000.0,36000.0,1.0,24.698009400360142,20.0,25.0,1.0,18000.0,34551.09046045646,36000.0,1.0,25.266267631606045,20.0,26.0,1.0,721.0,15.275187799988657,12.0,17.0,1.0,29327.21200875885,18000.0,36000.0,1.0,20.0,23.9729100586122,25.0,1.0,33769.75645473498,18000.0,36000.0,1.0,24.527615018014064,20.0,26.0,1.0,1.0,91121.0,7.0,23.0
11.0,22.0,11.0,21.0,-121.0,11.0,12.0,-111.0,10.205852046208824,9.0,11.0,30000.0,10000.0,19000.0,0.0,23.709883391066676,16.5,19.0,0.0,10000.0,37164.09804843676,25000.0,0.0,25.06304515204727,17.0,20.0,0.0,122.0,10.199195881316342,9.0,11.0,1.0,14433.232113976925,10000.0,19000.0,1.0,16.5,17.400853807070828,19.0,1.0,21533.352267928833,10000.0,25000.0,1.0,18.74193136152889,17.0,20.0,1.0,0.0,111.0,1.0,45.0
91.0,24.0,91.0,24.0,-721.0,911.0,11.0,-711.0,15.282000170835714,12.0,17.0,30000.0,18000.0,36000.0,1.0,24.866675538729705,20.0,25.0,1.0,18000.0,34022.639798087774,36000.0,1.0,25.3565528092869,20.0,26.0,1.0,722.0,15.301908790804088,12.0,17.0,1.0,23357.32594431888,18000.0,36000.0,1.0,20.0,23.2276800401932,25.0,1.0,27433.76932126974,18000.0,36000.0,1.0,23.724109513205157,20.0,26.0,1.0,1.0,91121.0,7.0,16.0
11.0,22.0,11.0,22.0,-121.0,11.0,11.0,-111.0,9.986332521258703,9.0,11.0,30000.0,10000.0,19000.0,0.0,28.264612323221428,16.5,19.0,0.0,10000.0,36532.80419640594,25000.0,0.0,29.57566035703394,17.0,20.0,0.0,121.0,9.995887810139784,9.0,11.0,1.0,18124.175529633554,10000.0,19000.0,1.0,16.5,18.182807675940985,19.0,1.0,24635.797607119526,10000.0,25000.0,1.0,19.48960473658377,17.0,20.0,1.0,0.0,111.0,1.0,11.0
11.0,22.0,11.0,21.0,-121.0,11.0,11.0,-111.0,10.2184037588322,9.0,11.0,30000.0,10000.0,19000.0,0.0,24.489623615528238,16.5,19.0,0.0,10000.0,37109.3885682387,25000.0,0.0,25.828145270634348,17.0,20.0,0.0,122.0,10.189758024491574,9.0,11.0,1.0,14756.870058415998,10000.0,19000.0,1.0,16.5,17.45520352230721,19.0,1.0,21595.82402737335,10000.0,25000.0,1.0,18.742809045322133,17.0,20.0,1.0,0.0,111.0,1.0,54.0
11.0,22.0,11.0,22.0,-121.0,21.0,13.0,-111.0,9.991945099054673,9.0,11.0,30000.0,10000.0,19000.0,0.0,28.453583391232854,16.5,19.0,0.0,10000.0,36502.6169277807,25000.0,0.0,29.75012466594407,17.0,20.0,0.0,121.0,10.000638435811421,9.0,11.0,1.0,16172.22268646627,10000.0,19000.0,1.0,16.5,17.795829288906326,19.0,1.0,22686.11933504493,10000.0,25000.0,1.0,19.09461960023529,17.0,20.0,1.0,0.0,211.0,1.0,28.0
11.0,21.0,11.0,22.0,-121.0,21.0,12.0,-111.0,9.997255454866247,9.0,11.0,30000.0,10000.0,19000.0,0.0,25.86139387700509,16.5,19.0,0.0,10000.0,36500.2748832803,25000.0,0.0,27.164758610315477,17.0,20.0,0.0,121.0,10.003386649080191,9.0,11.0,1.0,16189.606976515908,10000.0,19000.0,1.0,16.5,17.784230758915637,19.0,1.0,22752.9176938228,10000.0,25000.0,1.0,19.100234755100338,17.0,20.0,1.0,0.0,211.0,1.0,37.0
91.0,21.0,91.0,24.0,-721.0,911.0,12.0,-711.0,14.738238234002234,12.0,17.0,30000.0,18000.0,36000.0,1.0,25.125905837251032,20.0,25.0,0.0,18000.0,34549.18818702676,36000.0,1.0,25.694853503483692,20.0,26.0,1.0,721.0,14.087515760209564,12.0,17.0,1.0,29540.58635664231,18000.0,36000.0,1.0,20.0,22.78747311549169,25.0,1.0,34040.350513612335,18000.0,36000.0,1.0,23.350239527970817,20.0,26.0,1.0,0.0,91121.0,7.0,26.0
11.0,21.0,11.0,22.0,-121.0,21.0,12.0,-111.0,9.996662835256371,9.0,11.0,30000.0,10000.0,19000.0,0.0,24.74980006660332,16.5,19.0,0.0,10000.0,36543.17375488762,25000.0,0.0,26.060432149331973,17.0,20.0,0.0,121.0,10.017518274228419,9.0,11.0,1.0,15489.654206306017,10000.0,19000.0,1.0,16.5,17.697671547229163,19.0,1.0,22041.263929978406,10000.0,25000.0,1.0,19.009993398830293,17.0,20.0,1.0,0.0,211.0,1.0,37.0
11.0,22.0,11.0,22.0,-121.0,21.0,13.0,-111.0,10.00487728281532,9.0,11.0,30000.0,10000.0,19000.0,0.0,26.47051658452895,16.5,19.0,0.0,10000.0,36532.618343637834,25000.0,0.0,27.776870010967116,17.0,20.0,0.0,121.0,10.013717108956333,9.0,11.0,1.0,14412.717868351778,10000.0,19000.0,1.0,16.5,17.440940585738606,19.0,1.0,20846.214174964665,10000.0,25000.0,1.0,18.727472187926285,17.0,20.0,1.0,0.0,211.0,1.0,47.0
11.0,22.0,11.0,21.0,-121.0,11.0,12.0,-111.0,10.184717148996302,9.0,11.0,30000.0,10000.0,19000.0,0.0,24.241436648943314,16.5,19.0,0.0,10000.0,37035.055076782126,25000.0,0.0,25.570405083330808,17.0,20.0,0.0,122.0,10.216931223957213,9.0,11.0,1.0,14324.552594920951,10000.0,19000.0,1.0,16.5,17.409865512409198,19.0,1.0,21242.47415347123,10000.0,25000.0,1.0,18.716706650472798,17.0,20.0,1.0,0.0,111.0,1.0,45.0
11.0,22.0,11.0,22.0,-121.0,11.0,11.0,-111.0,10.005349207052241,9.0,11.0,30000.0,10000.0,19000.0,0.0,24.25603756853968,16.5,19.0,0.0,10000.0,36482.88736155043,25000.0,0.0,25.55381911862077,17.0,20.0,0.0,121.0,10.012298818954747,9.0,11.0,1.0,15282.7124143501,10000.0,19000.0,1.0,16.5,17.589918602275045,19.0,1.0,21779.77260933451,10000.0,25000.0,1.0,18.890537351387557,17.0,20.0,1.0,0.0,111.0,1.0,55.0
81.0,23.0,81.0,21.0,-721.0,912.0,12.0,-711.0,14.468597328188297,12.0,17.0,30000.0,12500.0,23000.0,0.0,25.510564880541523,20.0,24.0,0.0,12500.0,34487.55114619641,26000.0,0.0,26.074099030621603,20.0,25.0,0.0,721.0,14.57358637554152,12.0,17.0,1.0,17270.979623487514,12500.0,23000.0,1.0,20.0,21.327782961258524,24.0,1.0,21828.110847498243,12500.0,26000.0,1.0,21.900054783341925,20.0,25.0,1.0,0.0,912.0,7.0,11.0
11.0,22.0,11.0,22.0,-121.0,11.0,12.0,-111.0,10.19700814047725,9.0,11.0,30000.0,10000.0,19000.0,0.0,24.467432629486417,16.5,19.0,0.0,10000.0,37151.63781596401,25000.0,0.0,25.820557964976224,17.0,20.0,0.0,122.0,10.208914717890563,9.0,11.0,1.0,16747.015511070505,10000.0,19000.0,1.0,16.5,17.897289428285596,19.0,1.0,23757.694578144266,10000.0,25000.0,1.0,19.223744669554947,17.0,20.0,1.0,0.0,111.0,1.0,40.0
11.0,22.0,11.0,22.0,-121.0,21.0,13.0,-111.0,10.191163482236849,9.0,11.0,30000.0,10000.0,19000.0,0.0,24.358856353240398,16.5,19.0,0.0,10000.0,36974.59972112749,25000.0,0.0,25.67702750565514,17.0,20.0,0.0,122.0,10.193358674778477,9.0,11.0,1.0,14220.34808448349,10000.0,19000.0,1.0,16.5,17.416805115630208,19.0,1.0,21224.856063832536,10000.0,25000.0,1.0,18.740628807944436,17.0,20.0,1.0,0.0,211.0,1.0,47.0
11.0,22.0,11.0,22.0,-121.0,11.0,12.0,-111.0,9.999311883806318,9.0,11.0,30000.0,10000.0,19000.0,0.0,24.431046281841915,16.5,19.0,0.0,10000.0,36511.93048548864,25000.0,0.0,25.732232069727633,17.0,20.0,0.0,121.0,9.99504570362832,9.0,11.0,1.0,16500.95966384953,10000.0,19000.0,1.0,16.5,17.83767558205263,19.0,1.0,23011.18498317694,10000.0,25000.0,1.0,19.13852065101023,17.0,20.0,1.0,0.0,111.0,1.0,42.0
81.0,23.0,81.0,23.0,-721.0,912.0,12.0,-711.0,14.140428358483552,12.0,17.0,30000.0,12500.0,23000.0,0.0,25.95380271489069,20.0,24.0,0.0,12500.0,34467.52322437005,26000.0,0.0,26.511452860881725,20.0,25.0,0.0,721.0,14.258725313951732,12.0,17.0,1.0,16863.220572197206,12500.0,23000.0,1.0,20.0,20.917283479297573,24.0,1.0,21414.581900953635,12500.0,26000.0,1.0,21.485398558273324,20.0,25.0,1.0,0.0,912.0,7.0,5.0
11.0,21.0,11.0,22.0,-121.0,21.0,13.0,-111.0,10.207233286050416,9.0,11.0,30000.0,10000.0,19000.0,0.0,28.27090932612044,16.5,19.0,0.0,10000.0,37003.50414512548,25000.0,0.0,29.59037790862421,17.0,20.0,0.0,122.0,10.21375125477977,9.0,11.0,1.0,13126.439692501704,10000.0,19000.0,1.0,16.5,17.25890118537083,19.0,1.0,20227.751979012057,10000.0,25000.0,1.0,18.596796939044374,17.0,20.0,1.0,0.0,211.0,1.0,52.0
11.0,22.0,11.0,22.0,-121.0,21.0,12.0,-111.0,10.013452831139151,9.0,11.0,30000.0,10000.0,19000.0,0.0,24.272271239156957,16.5,19.0,0.0,10000.0,36582.06368542653,25000.0,0.0,25.59008395723017,17.0,20.0,0.0,121.0,9.998686292202738,9.0,11.0,1.0,16380.702799549701,10000.0,19000.0,1.0,16.5,17.765232132815385,19.0,1.0,22960.704489615273,10000.0,25000.0,1.0,19.0826320132375,17.0,20.0,1.0,0.0,211.0,1.0,23.0
92.0,24.0,92.0,24.0,-721.0,921.0,13.0,-711.0,15.21047120055657,12.0,17.0,30000.0,15000.0,28000.0,0.0,25.007450446299927,19.5,25.0,0.0,15000.0,34478.80434592326,28000.0,0.0,25.56860269036874,20.0,26.0,1.0,721.0,14.554931458350026,12.0,17.0,1.0,20971.740880818295,15000.0,28000.0,1.0,19.5,21.213333986829984,25.0,1.0,25419.430727461164,15000.0,28000.0,1.0,21.770587875501743,20.0,26.0,1.0,0.0,92122.0,7.0,25.0
11.0,22.0,11.0,22.0,-121.0,11.0,11.0,-111.0,10.185511152280434,9.0,11.0,30000.0,10000.0,19000.0,0.0,23.932170955661036,16.5,19.0,0.0,10000.0,36974.659879114144,25000.0,0.0,25.245007442421535,17.0,20.0,0.0,122.0,10.181299380296545,9.0,11.0,1.0,14320.919496871693,10000.0,19000.0,1.0,16.5,17.402838083358233,19.0,1.0,21323.95393939921,10000.0,25000.0,1.0,18.72101549896553,17.0,20.0,1.0,0.0,111.0,1.0,55.0
11.0,22.0,11.0,21.0,-121.0,11.0,12.0,-111.0,10.230644320903437,9.0,11.0,30000.0,10000.0,19000.0,0.0,23.008862452078343,16.5,19.0,0.0,10000.0,37027.01841258816,25000.0,0.0,24.33188481558804,17.0,20.0,0.0,122.0,10.184295435174187,9.0,11.0,1.0,14997.704606655758,10000.0,19000.0,1.0,16.5,17.50090550528363,19.0,1.0,22020.010891737125,10000.0,25000.0,1.0,18.823040685964827,17.0,20.0,1.0,0.0,111.0,1.0,45.0
11.0,22.0,11.0,22.0,-121.0,21.0,13.0,-111.0,10.194862798906447,9.0,11.0,30000.0,10000.0,19000.0,0.0,24.585590315764293,16.5,19.0,0.0,10000.0,37121.59500090911,25000.0,0.0,25.92747186038949,17.0,20.0,0.0,122.0,10.197796576523569,9.0,11.0,1.0,12724.887958210778,10000.0,19000.0,1.0,16.5,17.089168098760613,19.0,1.0,19760.404959623935,10000.0,25000.0,1.0,18.41483045668576,17.0,20.0,1.0,0.0,211.0,1.0,13.0
11.0,22.0,11.0,22.0,-121.0,11.0,12.0,-111.0,10.247757404591535,9.0,11.0,30000.0,10000.0,19000.0,0.0,23.398433081882455,16.5,19.0,0.0,10000.0,36898.30461734041,25000.0,0.0,24.703923133790536,17.0,20.0,0.0,122.0,10.224874044404007,9.0,11.0,1.0,14809.00788104053,10000.0,19000.0,1.0,16.5,17.536060625209984,19.0,1.0,21681.541693147126,10000.0,25000.0,1.0,18.836673604891097,17.0,20.0,1.0,0.0,111.0,1.0,49.0
11.0,22.0,11.0,22.0,-121.0,21.0,13.0,-111.0,9.997600515384711,9.0,11.0,30000.0,10000.0,19000.0,0.0,25.08749039304089,16.5,19.0,0.0,10000.0,36532.360977331264,25000.0,0.0,26.392085519558496,17.0,20.0,0.0,121.0,9.990999569182202,9.0,11.0,1.0,12963.077981455535,10000.0,19000.0,1.0,16.5,17.100485654523624,19.0,1.0,19464.22831738241,10000.0,25000.0,1.0,18.39884762111437,17.0,20.0,1.0,0.0,211.0,1.0,31.0
11.0,21.0,11.0,22.0,-121.0,11.0,11.0,-111.0,10.00662112354951,9.0,11.0,30000.0,10000.0,19000.0,0.0,26.464501056811457,16.5,19.0,0.0,10000.0,36527.224769946835,25000.0,0.0,27.765209485684277,17.0,20.0,0.0,121.0,9.9890678352215,9.0,11.0,1.0,16643.661634758482,10000.0,19000.0,1.0,16.5,17.82365104758342,19.0,1.0,23176.84160377073,10000.0,25000.0,1.0,19.125546194838556,17.0,20.0,1.0,0.0,111.0,1.0,43.0
11.0,21.0,11.0,21.0,-121.0,21.0,13.0,-111.0,10.200136629892295,9.0,11.0,30000.0,10000.0,19000.0,0.0,28.094339631295377,16.5,19.0,0.0,10000.0,37115.86252217438,25000.0,0.0,29.43609577339315,17.0,20.0,0.0,122.0,10.203097663881577,9.0,11.0,1.0,14005.736179400277,10000.0,19000.0,1.0,16.5,17.322154614346964,19.0,1.0,21190.683608893632,10000.0,25000.0,1.0,18.676937300793032,17.0,20.0,1.0,0.0,211.0,1.0,34.0
11.0,21.0,11.0,22.0,-121.0,11.0,11.0,-111.0,10.017095469811832,9.0,11.0,30000.0,10000.0,19000.0,0.0,23.752654510365673,16.5,19.0,0.0,10000.0,36520.67931324977,25000.0,0.0,25.05669458283942,17.0,20.0,0.0,121.0,10.008377712181908,9.0,11.0,1.0,17548.486529662918,10000.0,19000.0,1.0,16.5,18.05967740226893,19.0,1.0,24020.21740690841,10000.0,25000.0,1.0,19.353928506604838,17.0,20.0,1.0,0.0,111.0,1.0,43.0
11.0,22.0,11.0,22.0,-121.0,21.0,13.0,-111.0,10.203229005034109,9.0,11.0,30000.0,10000.0,19000.0,0.0,24.954081787610782,16.5,19.0,0.0,10000.0,37066.39736565403,25000.0,0.0,26.28888900566615,17.0,20.0,0.0,122.0,10.192209906671227,9.0,11.0,1.0,16128.763263327919,10000.0,19000.0,1.0,16.5,17.747970350923868,19.0,1.0,23088.60532165669,10000.0,25000.0,1.0,19.06264980288004,17.0,20.0,1.0,0.0,211.0,1.0,3.0
11.0,22.0,11.0,22.0,-121.0,11.0,11.0,-111.0,10.010283235977166,9.0,11.0,30000.0,10000.0,19000.0,0.0,24.51058520940736,16.5,19.0,0.0,10000.0,36501.78484583023,25000.0,0.0,25.809901323446855,17.0,20.0,0.0,121.0,9.988176032732987,9.0,11.0,1.0,15321.24011622384,10000.0,19000.0,1.0,16.5,17.571701049372294,19.0,1.0,21849.672582445994,10000.0,25000.0,1.0,18.8763424215366,17.0,20.0,1.0,0.0,111.0,1.0,17.0
11.0,22.0,11.0,22.0,-121.0,11.0,11.0,-111.0,10.014423317375632,9.0,11.0,30000.0,10000.0,19000.0,0.0,26.192639441074952,16.5,19.0,0.0,10000.0,36487.689666575854,25000.0,0.0,27.495551897318716,17.0,20.0,0.0,121.0,9.997380205904522,9.0,11.0,1.0,15377.156341259515,10000.0,19000.0,1.0,16.5,17.617683684434084,19.0,1.0,21855.23250216593,10000.0,25000.0,1.0,18.918665475536848,17.0,20.0,1.0,0.0,111.0,1.0,50.0
11.0,22.0,11.0,22.0,-121.0,11.0,11.0,-111.0,10.202631082054337,9.0,11.0,30000.0,10000.0,19000.0,0.0,23.936194886882927,16.5,19.0,0.0,10000.0,37045.65060307125,25000.0,0.0,25.26257887870579,17.0,20.0,0.0,122.0,10.215139724034893,9.0,11.0,1.0,16007.444543294623,10000.0,19000.0,1.0,16.5,17.748944729596502,19.0,1.0,23000.197118869226,10000.0,25000.0,1.0,19.065370365431633,17.0,20.0,1.0,0.0,111.0,1.0,11.0
11.0,22.0,11.0,21.0,-121.0,21.0,13.0,-111.0,10.00437177119161,9.0,11.0,30000.0,10000.0,19000.0,0.0,26.54250280044915,16.5,19.0,0.0,10000.0,36526.44864952461,25000.0,0.0,27.845659060162163,17.0,20.0,0.0,121.0,10.016127669649814,9.0,11.0,1.0,14642.821823084332,10000.0,19000.0,1.0,16.5,17.43253270548139,19.0,1.0,21088.169026270163,10000.0,25000.0,1.0,18.719495187667956,17.0,20.0,1.0,0.0,211.0,1.0,20.0
11.0,22.0,11.0,21.0,-121.0,21.0,13.0,-111.0,9.990965640051963,9.0,11.0,30000.0,10000.0,19000.0,0.0,25.363148849410777,16.5,19.0,0.0,10000.0,36504.1699984917,25000.0,0.0,26.663970759908977,17.0,20.0,0.0,121.0,10.013680157321463,9.0,11.0,1.0,10866.687386913043,10000.0,19000.0,1.0,16.5,16.67263582883203,19.0,1.0,17420.196763453263,10000.0,25000.0,1.0,17.983325523233596,17.0,20.0,1.0,0.0,211.0,1.0,2.0
11.0,22.0,11.0,22.0,-121.0,11.0,11.0,-111.0,10.208904943674083,9.0,11.0,30000.0,10000.0,19000.0,0.0,24.68717298225872,16.5,19.0,0.0,10000.0,37012.14528791348,25000.0,0.0,26.009709055456902,17.0,20.0,0.0,122.0,10.184288205816864,9.0,11.0,1.0,18942.98078160357,10000.0,19000.0,1.0,16.5,18.280925034749664,19.0,1.0,26111.025868518896,10000.0,25000.0,0.0,19.63286482100834,17.0,20.0,1.0,0.0,111.0,1.0,17.0
91.0,24.0,91.0,21.0,-721.0,911.0,11.0,-711.0,15.14493569365558,12.0,17.0,30000.0,18000.0,36000.0,1.0,24.080021189338403,20.0,25.0,1.0,18000.0,33973.646542670474,36000.0,1.0,24.563110652565683,20.0,26.0,1.0,722.0,15.216667154753027,12.0,17.0,1.0,20666.18376872279,18000.0,36000.0,1.0,20.0,22.612214746313345,25.0,1.0,24600.409244033166,18000.0,36000.0,1.0,23.09051165890324,20.0,26.0,1.0,1.0,91121.0,7.0,2.0
11.0,21.0,11.0,22.0,-121.0,11.0,11.0,-111.0,10.222882982902057,9.0,11.0,30000.0,10000.0,19000.0,0.0,27.017504542903836,16.5,19.0,0.0,10000.0,37006.329362561446,25000.0,0.0,28.336790762663764,17.0,20.0,0.0,122.0,10.202475381993256,9.0,11.0,1.0,15317.306323095974,10000.0,19000.0,1.0,16.5,17.629584858756097,19.0,1.0,22355.089659570138,10000.0,25000.0,1.0,18.954793836666884,17.0,20.0,1.0,0.0,111.0,1.0,35.0
11.0,22.0,11.0,22.0,-121.0,21.0,13.0,-111.0,10.201806776251209,9.0,11.0,30000.0,10000.0,19000.0,0.0,24.64110051753034,16.5,19.0,0.0,10000.0,37045.994592265626,25000.0,0.0,25.972971845556696,17.0,20.0,0.0,122.0,10.18529427889002,9.0,11.0,1.0,14394.05259685967,10000.0,19000.0,1.0,16.5,17.43071782442868,19.0,1.0,21401.71979575457,10000.0,25000.0,1.0,18.7553443049548,17.0,20.0,1.0,0.0,211.0,1.0,47.0
11.0,22.0,11.0,22.0,-121.0,21.0,12.0,-111.0,10.233879365303324,9.0,11.0,30000.0,10000.0,19000.0,0.0,23.992127525028756,16.5,19.0,0.0,10000.0,36870.700907912345,25000.0,0.0,25.283375168340736,17.0,20.0,0.0,122.0,10.196608720870769,9.0,11.0,1.0,14008.149624642045,10000.0,19000.0,1.0,16.5,17.350831202533136,19.0,1.0,21181.643948865705,10000.0,25000.0,1.0,18.698984435313015,17.0,20.0,1.0,0.0,211.0,1.0,48.0
11.0,22.0,11.0,22.0,-121.0,21.0,13.0,-111.0,9.99441425408285,9.0,11.0,30000.0,10000.0,19000.0,0.0,25.993704377535547,16.5,19.0,0.0,10000.0,36460.53647771784,25000.0,0.0,27.293890079225758,17.0,20.0,0.0,121.0,9.998539597557805,9.0,11.0,1.0,13973.052754623559,10000.0,19000.0,1.0,16.5,17.32116631053284,19.0,1.0,20496.027409632858,10000.0,25000.0,1.0,18.63391772184081,17.0,20.0,1.0,0.0,211.0,1.0,28.0
11.0,22.0,11.0,21.0,-121.0,21.0,13.0,-111.0,10.229731963657832,9.0,11.0,30000.0,10000.0,19000.0,0.0,24.941967025680444,16.5,19.0,0.0,10000.0,36874.15552725606,25000.0,0.0,26.252035521333607,17.0,20.0,0.0,122.0,10.168570577102015,9.0,11.0,1.0,11961.968597265459,10000.0,19000.0,1.0,16.5,16.946079792196457,19.0,1.0,19049.169523641165,10000.0,25000.0,1.0,18.296750230069847,17.0,20.0,1.0,0.0,211.0,1.0,33.0
11.0,22.0,11.0,22.0,-121.0,21.0,12.0,-111.0,10.182799015264193,9.0,11.0,30000.0,10000.0,19000.0,0.0,24.02904035405904,16.5,19.0,0.0,10000.0,37032.47222155198,25000.0,0.0,25.3596896328224,17.0,20.0,0.0,122.0,10.217570202114645,9.0,11.0,1.0,15381.582875117316,10000.0,19000.0,1.0,16.5,17.6263992358989,19.0,1.0,22263.575209714443,10000.0,25000.0,1.0,18.928575461838648,17.0,20.0,1.0,0.0,211.0,1.0,48.0
11.0,22.0,11.0,22.0,-121.0,21.0,12.0,-111.0,9.988646460182542,9.0,11.0,30000.0,10000.0,19000.0,0.0,24.58485191675861,16.5,19.0,0.0,10000.0,36519.44693469769,25000.0,0.0,25.88979940592835,17.0,20.0,0.0,121.0,10.000536317771731,9.0,11.0,1.0,16451.618580471033,10000.0,19000.0,1.0,16.5,17.830658411927054,19.0,1.0,22977.39150767992,10000.0,25000.0,1.0,19.136872126303732,17.0,20.0,1.0,0.0,211.0,1.0,48.0
81.0,23.0,81.0,23.0,-721.0,912.0,12.0,-711.0,15.283671557668894,12.0,17.0,30000.0,12500.0,23000.0,0.0,26.705318783056164,20.0,24.0,0.0,12500.0,34489.09614615011,26000.0,0.0,27.26570078048253,20.0,25.0,0.0,721.0,14.68075508852122,12.0,17.0,1.0,18416.358942796905,12500.0,23000.0,1.0,20.0,21.559460069379597,24.0,1.0,22967.864227958777,12500.0,26000.0,1.0,22.127632712592657,20.0,25.0,1.0,0.0,912.0,7.0,10.0
91.0,24.0,91.0,21.0,-721.0,911.0,11.0,-711.0,15.1510750879077,12.0,17.0,30000.0,18000.0,36000.0,1.0,24.303733321477598,20.0,25.0,1.0,18000.0,34039.39094325617,36000.0,1.0,24.797531537404918,20.0,26.0,1.0,722.0,14.924175818189484,12.0,17.0,1.0,21634.39007551281,18000.0,36000.0,1.0,20.0,22.50155069147566,25.0,1.0,25639.243887431792,18000.0,36000.0,1.0,22.991126891243336,20.0,26.0,1.0,1.0,91121.0,7.0,2.0
91.0,24.0,91.0,24.0,-721.0,911.0,11.0,-711.0,15.493820618484992,12.0,17.0,30000.0,18000.0,36000.0,1.0,25.061040251279362,20.0,25.0,0.0,18000.0,33978.51646268871,36000.0,1.0,25.543756860273756,20.0,26.0,1.0,722.0,15.286239796013742,12.0,17.0,1.0,24858.54263957378,18000.0,36000.0,1.0,20.0,23.371460268144478,25.0,1.0,28803.951801740357,18000.0,36000.0,1.0,23.850159941682932,20.0,26.0,1.0,0.0,91121.0,7.0,16.0
11.0,21.0,11.0,22.0,-121.0,21.0,13.0,-111.0,10.180248167749422,9.0,11.0,30000.0,10000.0,19000.0,0.0,28.169598214933565,16.5,19.0,0.0,10000.0,36865.917562753064,25000.0,0.0,29.465961902873968,17.0,20.0,0.0,122.0,10.2091032194694,9.0,11.0,1.0,13985.494849463601,10000.0,19000.0,1.0,16.5,17.389957644848522,19.0,1.0,20960.88248638922,10000.0,25000.0,1.0,18.706990533631547,17.0,20.0,1.0,0.0,211.0,1.0,59.0
81.0,23.0,81.0,23.0,-721.0,912.0,12.0,-711.0,15.322581536258655,12.0,17.0,30000.0,12500.0,23000.0,0.0,26.840253095245345,20.0,24.0,0.0,12500.0,33989.780955492344,26000.0,0.0,27.32662193263785,20.0,25.0,0.0,722.0,15.250615834809446,12.0,17.0,1.0,14744.215121054343,12500.0,23000.0,1.0,20.0,21.59061446853771,24.0,1.0,18728.41584452213,12500.0,26000.0,1.0,22.076303055311836,20.0,25.0,1.0,0.0,912.0,7.0,31.0
81.0,23.0,81.0,21.0,-721.0,912.0,12.0,-711.0,15.125909676715521,12.0,17.0,30000.0,12500.0,23000.0,0.0,25.74756790785249,20.0,24.0,0.0,12500.0,33993.73804406661,26000.0,0.0,26.23495371908777,20.0,25.0,0.0,722.0,15.551864848327225,12.0,17.0,1.0,13087.426049381003,12500.0,23000.0,1.0,20.0,21.59476249486929,24.0,1.0,17078.046392693832,12500.0,26000.0,1.0,22.081767829695174,20.0,25.0,1.0,0.0,912.0,7.0,11.0
11.0,21.0,11.0,22.0,-121.0,21.0,13.0,-111.0,10.197289215106005,9.0,11.0,30000.0,10000.0,19000.0,0.0,28.257524045290225,16.5,19.0,0.0,10000.0,36814.42563141204,25000.0,0.0,29.545111354999097,17.0,20.0,0.0,122.0,10.204349968707898,9.0,11.0,1.0,12136.31821874014,10000.0,19000.0,1.0,16.5,17.04994775732481,19.0,1.0,19192.815910777063,10000.0,25000.0,1.0,18.383274639252196,17.0,20.0,1.0,0.0,211.0,1.0,32.0
11.0,22.0,11.0,22.0,-121.0,11.0,11.0,-111.0,9.995817564881644,9.0,11.0,30000.0,10000.0,19000.0,0.0,24.608545500713902,16.5,19.0,0.0,10000.0,36463.79019121461,25000.0,0.0,25.90254343726344,17.0,20.0,0.0,121.0,10.00121339397432,9.0,11.0,1.0,19081.609686557546,10000.0,19000.0,0.0,16.5,18.35383611456183,19.0,1.0,25573.226486889642,10000.0,25000.0,0.0,19.653404710695604,17.0,20.0,1.0,0.0,111.0,1.0,15.0
11.0,22.0,11.0,22.0,-121.0,11.0,11.0,-111.0,10.009221447205718,9.0,11.0,30000.0,10000.0,19000.0,0.0,24.59663184787748,16.5,19.0,0.0,10000.0,36474.8656964159,25000.0,0.0,25.891137834758858,17.0,20.0,0.0,121.0,10.001008402644649,9.0,11.0,1.0,13815.954620585188,10000.0,19000.0,1.0,16.5,17.29788267543676,19.0,1.0,20311.945841191886,10000.0,25000.0,1.0,18.59661224297961,17.0,20.0,1.0,0.0,111.0,1.0,17.0
11.0,22.0,11.0,21.0,-121.0,11.0,11.0,-111.0,10.008797877994857,9.0,11.0,30000.0,10000.0,19000.0,0.0,24.41233134331195,16.5,19.0,0.0,10000.0,36440.86432522527,25000.0,0.0,25.70100910527793,17.0,20.0,0.0,121.0,9.994262479150738,9.0,11.0,1.0,16435.71138612695,10000.0,19000.0,1.0,16.5,17.766189960317654,19.0,1.0,22913.84915375704,10000.0,25000.0,1.0,19.062325332615664,17.0,20.0,1.0,0.0,111.0,1.0,39.0
11.0,22.0,11.0,22.0,-121.0,11.0,11.0,-111.0,9.979887664174061,9.0,11.0,30000.0,10000.0,19000.0,0.0,25.687919378909967,16.5,19.0,0.0,10000.0,36505.87202549637,25000.0,0.0,26.99708281010757,17.0,20.0,0.0,121.0,10.011769612672826,9.0,11.0,1.0,15847.934595370534,10000.0,19000.0,1.0,16.5,17.7169712618786,19.0,1.0,22292.86221384711,10000.0,25000.0,1.0,19.013870973671082,17.0,20.0,1.0,0.0,111.0,1.0,38.0
91.0,24.0,91.0,21.0,-721.0,911.0,11.0,-711.0,15.695274528359521,12.0,17.0,30000.0,18000.0,36000.0,1.0,24.220335513281263,20.0,25.0,1.0,18000.0,34489.30961959782,36000.0,1.0,24.782095197284097,20.0,26.0,1.0,721.0,15.450693036834766,12.0,17.0,1.0,24804.063918865646,18000.0,36000.0,1.0,20.0,23.503544178295414,25.0,1.0,29309.56288261606,18000.0,36000.0,1.0,24.06732967954544,20.0,26.0,1.0,1.0,91121.0,7.0,15.0
91.0,24.0,91.0,24.0,-721.0,911.0,12.0,-711.0,15.186479099316541,12.0,17.0,30000.0,18000.0,36000.0,1.0,24.154410844006605,20.0,25.0,1.0,18000.0,33984.948201325155,36000.0,1.0,24.63804664352148,20.0,26.0,1.0,722.0,15.20080037479558,12.0,17.0,1.0,27241.23975237253,18000.0,36000.0,1.0,20.0,23.506789868837313,25.0,1.0,31175.483957661247,18000.0,36000.0,1.0,23.984271945286594,20.0,26.0,1.0,1.0,91121.0,7.0,1.0
11.0,22.0,11.0,22.0,-121.0,21.0,13.0,-111.0,10.001664368682444,9.0,11.0,30000.0,10000.0,19000.0,0.0,25.473068426339317,16.5,19.0,0.0,10000.0,36458.979046484914,25000.0,0.0,26.7661795201849,17.0,20.0,0.0,121.0,9.991116993995478,9.0,11.0,1.0,11349.35968559919,10000.0,19000.0,1.0,16.5,16.78418489519251,19.0,1.0,17868.35482401891,10000.0,25000.0,1.0,18.08931142889811,17.0,20.0,1.0,0.0,211.0,1.0,28.0
11.0,22.0,11.0,21.0,-121.0,21.0,12.0,-111.0,10.207344075264166,9.0,11.0,30000.0,10000.0,19000.0,0.0,23.72765896296627,16.5,19.0,0.0,10000.0,37010.47904409108,25000.0,0.0,25.056054684393256,17.0,20.0,0.0,122.0,10.211869080218978,9.0,11.0,1.0,14373.666564717403,10000.0,19000.0,1.0,16.5,17.40313958254034,19.0,1.0,21561.215020806827,10000.0,25000.0,1.0,18.765087682886776,17.0,20.0,1.0,0.0,211.0,1.0,53.0
81.0,23.0,81.0,21.0,-721.0,912.0,12.0,-711.0,15.005333067158993,12.0,17.0,30000.0,12500.0,23000.0,0.0,25.562989172492237,20.0,24.0,0.0,12500.0,33924.33341159326,26000.0,0.0,26.039755162480123,20.0,25.0,0.0,722.0,15.043169752705376,12.0,17.0,1.0,15227.11808981057,12500.0,23000.0,1.0,20.0,21.464440843373588,24.0,1.0,19185.622150991632,12500.0,26000.0,1.0,21.94535821446766,20.0,25.0,1.0,0.0,912.0,7.0,11.0
11.0,22.0,11.0,21.0,-121.0,21.0,13.0,-111.0,10.22655596690433,9.0,11.0,30000.0,10000.0,19000.0,0.0,24.72306850301009,16.5,19.0,0.0,10000.0,37006.408813286966,25000.0,0.0,26.048319957373423,17.0,20.0,0.0,122.0,10.204804489423683,9.0,11.0,1.0,13339.78151861805,10000.0,19000.0,1.0,16.5,17.243963311174237,19.0,1.0,20339.73565358326,10000.0,25000.0,1.0,18.567993873057368,17.0,20.0,1.0,0.0,211.0,1.0,33.0
11.0,21.0,11.0,22.0,-121.0,21.0,13.0,-111.0,10.20988633522695,9.0,11.0,30000.0,10000.0,19000.0,0.0,27.55932294640713,16.5,19.0,0.0,10000.0,36976.87081508234,25000.0,0.0,28.87261145954394,17.0,20.0,0.0,122.0,10.203819623925726,9.0,11.0,1.0,14230.859210726067,10000.0,19000.0,1.0,16.5,17.395713672670112,19.0,1.0,21232.21481049852,10000.0,25000.0,1.0,18.71361106955043,17.0,20.0,1.0,0.0,211.0,1.0,52.0
11.0,21.0,11.0,21.0,-121.0,21.0,12.0,-111.0,10.207118426071439,9.0,11.0,30000.0,10000.0,19000.0,0.0,24.441607109960096,16.5,19.0,0.0,10000.0,36970.10008674642,25000.0,0.0,25.757600886247175,17.0,20.0,0.0,122.0,10.20676101391086,9.0,11.0,1.0,15325.884579847243,10000.0,19000.0,1.0,16.5,17.566286763420315,19.0,1.0,22458.508501546905,10000.0,25000.0,1.0,18.912965946320632,17.0,20.0,1.0,0.0,211.0,1.0,6.0
11.0,21.0,11.0,22.0,-121.0,11.0,11.0,-111.0,10.224875719251322,9.0,11.0,30000.0,10000.0,19000.0,0.0,25.009498378375703,16.5,19.0,0.0,10000.0,37025.42888960557,25000.0,0.0,26.333781637702245,17.0,20.0,0.0,122.0,10.191267750026686,9.0,11.0,1.0,16027.790448795215,10000.0,19000.0,1.0,16.5,17.749636463730962,19.0,1.0,22897.36474620113,10000.0,25000.0,1.0,19.044541356187327,17.0,20.0,1.0,0.0,111.0,1.0,43.0
11.0,22.0,11.0,22.0,-121.0,11.0,11.0,-111.0,10.203621669943807,9.0,11.0,30000.0,10000.0,19000.0,0.0,24.0393176798192,16.5,19.0,0.0,10000.0,37001.239138091994,25000.0,0.0,25.352614209742736,17.0,20.0,0.0,122.0,10.204192479445872,9.0,11.0,1.0,13283.387379001146,10000.0,19000.0,1.0,16.5,17.264913122189377,19.0,1.0,20275.928383986535,10000.0,25000.0,1.0,18.5765780512205,17.0,20.0,1.0,0.0,111.0,1.0,38.0
92.0,24.0,92.0,24.0,-721.0,921.0,13.0,-711.0,15.464494779094256,12.0,17.0,30000.0,15000.0,28000.0,0.0,25.01695758245127,19.5,25.0,0.0,15000.0,34535.7813377552,28000.0,0.0,25.578767201835753,20.0,26.0,1.0,721.0,14.257430145985817,12.0,17.0,1.0,21520.31392099028,15000.0,28000.0,1.0,19.5,20.8741683489719,25.0,1.0,26107.39283958614,15000.0,28000.0,1.0,21.442331774287798,20.0,26.0,1.0,0.0,92122.0,7.0,20.0
11.0,22.0,11.0,22.0,-121.0,21.0,12.0,-111.0,9.988944339412019,9.0,11.0,30000.0,10000.0,19000.0,0.0,24.35420118903253,16.5,19.0,0.0,10000.0,36538.223512216915,25000.0,0.0,25.65555963121036,17.0,20.0,0.0,121.0,10.00758283489019,9.0,11.0,1.0,15595.658659482035,10000.0,19000.0,1.0,16.5,17.655151645281975,19.0,1.0,22059.46630496898,10000.0,25000.0,1.0,18.94169846221939,17.0,20.0,1.0,0.0,211.0,1.0,23.0
11.0,22.0,11.0,22.0,-121.0,11.0,11.0,-111.0,10.210041221060049,9.0,11.0,30000.0,10000.0,19000.0,0.0,23.746461487175896,16.5,19.0,0.0,10000.0,36996.27432819705,25000.0,0.0,25.070743997620877,17.0,20.0,0.0,122.0,10.203664467116765,9.0,11.0,1.0,14587.395981769663,10000.0,19000.0,1.0,16.5,17.488161124554303,19.0,1.0,21671.10698335256,10000.0,25000.0,1.0,18.82899399479145,17.0,20.0,1.0,0.0,111.0,1.0,17.0
11.0,22.0,11.0,21.0,-121.0,11.0,12.0,-111.0,10.165309971077198,9.0,11.0,30000.0,10000.0,19000.0,0.0,24.73159940906461,16.5,19.0,0.0,10000.0,37003.41542855866,25000.0,0.0,26.051577052140473,17.0,20.0,0.0,122.0,10.20395140561579,9.0,11.0,1.0,14384.149097609099,10000.0,19000.0,1.0,16.5,17.39720009130285,19.0,1.0,21230.851177935816,10000.0,25000.0,1.0,18.687640986466516,17.0,20.0,1.0,0.0,111.0,1.0,10.0
11.0,22.0,11.0,22.0,-121.0,11.0,11.0,-111.0,10.000349155630875,9.0,11.0,30000.0,10000.0,19000.0,0.0,24.610398557664546,16.5,19.0,0.0,10000.0,36465.11045146863,25000.0,0.0,25.89897756180341,17.0,20.0,0.0,121.0,9.99268537350392,9.0,11.0,1.0,16531.63259834826,10000.0,19000.0,1.0,16.5,17.773801387078784,19.0,1.0,23036.44484041088,10000.0,25000.0,1.0,19.070293464655474,17.0,20.0,1.0,0.0,111.0,1.0,57.0
91.0,24.0,91.0,21.0,-721.0,911.0,12.0,-711.0,15.31871580036456,12.0,17.0,30000.0,18000.0,36000.0,1.0,25.070027110911184,20.0,25.0,0.0,18000.0,34087.94478490189,36000.0,1.0,25.568922580812558,20.0,26.0,1.0,722.0,15.165051479608508,12.0,17.0,1.0,25494.24436676036,18000.0,36000.0,1.0,20.0,23.21918603888445,25.0,1.0,29566.17891549896,18000.0,36000.0,1.0,23.71612760903566,20.0,26.0,1.0,0.0,91121.0,7.0,14.0
11.0,22.0,11.0,21.0,-121.0,11.0,11.0,-111.0,10.190984205770958,9.0,11.0,30000.0,10000.0,19000.0,0.0,22.270273393913527,16.5,19.0,0.0,10000.0,36794.42690306738,25000.0,0.0,23.558627439000787,17.0,20.0,0.0,122.0,10.176961184046794,9.0,11.0,1.0,10587.009956117454,10000.0,19000.0,1.0,16.5,16.66098763544538,19.0,1.0,17574.0460466788,10000.0,25000.0,1.0,17.9858640877009,17.0,20.0,1.0,0.0,111.0,1.0,54.0
11.0,22.0,11.0,22.0,-121.0,11.0,11.0,-111.0,9.99476778279025,9.0,11.0,30000.0,10000.0,19000.0,0.0,25.68437390411178,16.5,19.0,0.0,10000.0,36552.48081528645,25000.0,0.0,26.999006157507186,17.0,20.0,0.0,121.0,10.02231259938271,9.0,11.0,1.0,13614.930367600613,10000.0,19000.0,1.0,16.5,17.312582250627475,19.0,1.0,20166.602230712095,10000.0,25000.0,1.0,18.62705220295697,17.0,20.0,1.0,0.0,111.0,1.0,30.0
11.0,22.0,11.0,22.0,-121.0,11.0,12.0,-111.0,10.215537094709665,9.0,11.0,30000.0,10000.0,19000.0,0.0,23.900688649670144,16.5,19.0,0.0,10000.0,37023.327066350095,25000.0,0.0,25.221049717425416,17.0,20.0,0.0,122.0,10.175676768925971,9.0,11.0,1.0,17282.597710792827,10000.0,19000.0,1.0,16.5,17.966005171337727,19.0,1.0,24268.17527096856,10000.0,25000.0,1.0,19.27926946319053,17.0,20.0,1.0,0.0,111.0,1.0,14.0
91.0,24.0,91.0,24.0,-721.0,911.0,11.0,-711.0,15.22378003701848,12.0,17.0,30000.0,18000.0,36000.0,1.0,24.350714234316893,20.0,25.0,1.0,18000.0,33926.18449151689,36000.0,1.0,24.829489647668975,20.0,26.0,1.0,722.0,15.012744937666787,12.0,17.0,1.0,27284.118019047146,18000.0,36000.0,1.0,20.0,23.339892175248806,25.0,1.0,31235.06475786687,18000.0,36000.0,1.0,23.821687200953175,20.0,26.0,1.0,1.0,91121.0,7.0,9.0
11.0,22.0,11.0,21.0,-121.0,11.0,11.0,-111.0,9.99208093981251,9.0,11.0,30000.0,10000.0,19000.0,0.0,25.544506261107244,16.5,19.0,0.0,10000.0,36428.81705796018,25000.0,0.0,26.818267937902977,17.0,20.0,0.0,121.0,9.997320864912085,9.0,11.0,1.0,15028.701732727384,10000.0,19000.0,1.0,16.5,17.471495728997546,19.0,1.0,21571.507307483065,10000.0,25000.0,1.0,18.767842307957995,17.0,20.0,1.0,0.0,111.0,1.0,39.0
11.0,22.0,11.0,21.0,-121.0,21.0,13.0,-111.0,10.207018233220099,9.0,11.0,30000.0,10000.0,19000.0,0.0,25.46253829951746,16.5,19.0,0.0,10000.0,36971.298175662545,25000.0,0.0,26.773206156570616,17.0,20.0,0.0,122.0,10.238570155843831,9.0,11.0,1.0,13458.615377077283,10000.0,19000.0,1.0,16.5,17.250386055822943,19.0,1.0,20500.342714225044,10000.0,25000.0,1.0,18.57429523978995,17.0,20.0,1.0,0.0,211.0,1.0,2.0
11.0,21.0,11.0,22.0,-121.0,11.0,12.0,-111.0,10.013219285628846,9.0,11.0,30000.0,10000.0,19000.0,0.0,25.391643021067367,16.5,19.0,0.0,10000.0,36446.13176344452,25000.0,0.0,26.680649833029296,17.0,20.0,0.0,121.0,9.999547041769125,9.0,11.0,1.0,15578.43672908796,10000.0,19000.0,1.0,16.5,17.624302210125528,19.0,1.0,22126.988951373856,10000.0,25000.0,1.0,18.933789625645623,17.0,20.0,1.0,0.0,111.0,1.0,7.0
11.0,22.0,11.0,22.0,-121.0,21.0,13.0,-111.0,9.992717125802777,9.0,11.0,30000.0,10000.0,19000.0,0.0,25.17272933939153,16.5,19.0,0.0,10000.0,36459.55890062568,25000.0,0.0,26.464501707353346,17.0,20.0,0.0,121.0,10.030246749359387,9.0,11.0,1.0,16439.384959611496,10000.0,19000.0,1.0,16.5,17.853691260682268,19.0,1.0,22920.69104399591,10000.0,25000.0,1.0,19.149812596041503,17.0,20.0,1.0,0.0,211.0,1.0,28.0
11.0,22.0,11.0,22.0,-121.0,11.0,11.0,-111.0,10.001803045229545,9.0,11.0,30000.0,10000.0,19000.0,0.0,25.47564169590323,16.5,19.0,0.0,10000.0,36539.950808993905,25000.0,0.0,26.779954944450363,17.0,20.0,0.0,121.0,10.010625075554909,9.0,11.0,1.0,14495.41250507809,10000.0,19000.0,1.0,16.5,17.3973462486178,19.0,1.0,20924.32200020433,10000.0,25000.0,1.0,18.67951366441425,17.0,20.0,1.0,0.0,111.0,1.0,38.0
11.0,22.0,11.0,21.0,-121.0,11.0,11.0,-111.0,10.19255245992551,9.0,11.0,30000.0,10000.0,19000.0,0.0,24.964613916264796,16.5,19.0,0.0,10000.0,37040.05029430917,25000.0,0.0,26.29701933612409,17.0,20.0,0.0,122.0,10.201756808507476,9.0,11.0,1.0,14599.557000865041,10000.0,19000.0,1.0,16.5,17.419374793520426,19.0,1.0,21456.648553570933,10000.0,25000.0,1.0,18.71715329897829,17.0,20.0,1.0,0.0,111.0,1.0,54.0
11.0,22.0,11.0,22.0,-121.0,11.0,11.0,-111.0,10.18782584712517,9.0,11.0,30000.0,10000.0,19000.0,0.0,25.77416484833111,16.5,19.0,0.0,10000.0,37009.022410032005,25000.0,0.0,27.100163381832267,17.0,20.0,0.0,122.0,10.229447546059315,9.0,11.0,1.0,12553.233747445349,10000.0,19000.0,1.0,16.5,17.117456225596563,19.0,1.0,19412.603024330867,10000.0,25000.0,1.0,18.415142703082306,17.0,20.0,1.0,0.0,111.0,1.0,27.0
11.0,22.0,11.0,22.0,-121.0,11.0,11.0,-111.0,10.225511302426455,9.0,11.0,30000.0,10000.0,19000.0,0.0,25.216506546392978,16.5,19.0,0.0,10000.0,37120.31759040663,25000.0,0.0,26.552990822666846,17.0,20.0,0.0,122.0,10.18518465463735,9.0,11.0,1.0,16688.61043082099,10000.0,19000.0,1.0,16.5,17.865903437418627,19.0,1.0,23710.50327310342,10000.0,25000.0,1.0,19.18391337928339,17.0,20.0,1.0,0.0,111.0,1.0,50.0
91.0,21.0,91.0,24.0,-721.0,911.0,12.0,-711.0,14.784806276750666,12.0,17.0,30000.0,18000.0,36000.0,1.0,25.159110433989433,20.0,25.0,0.0,18000.0,34475.52373917167,36000.0,1.0,25.720303665936594,20.0,26.0,1.0,721.0,15.239307374919736,12.0,17.0,1.0,27082.32435681843,18000.0,36000.0,1.0,20.0,23.667221846488097,25.0,1.0,31577.323189457686,18000.0,36000.0,1.0,24.230857092215654,20.0,26.0,1.0,0.0,91121.0,7.0,26.0
81.0,21.0,81.0,23.0,-721.0,912.0,12.0,-711.0,14.776173597970622,12.0,17.0,30000.0,12500.0,23000.0,0.0,27.909104862749786,20.0,24.0,0.0,12500.0,34504.48631081405,26000.0,0.0,28.473391395097423,20.0,25.0,0.0,721.0,15.577160814442886,12.0,17.0,1.0,20884.084326323886,12500.0,23000.0,1.0,20.0,22.851079230470727,24.0,1.0,25408.78109634255,12500.0,26000.0,1.0,23.417897569811394,20.0,25.0,1.0,0.0,912.0,7.0,7.0
11.0,22.0,11.0,22.0,-121.0,11.0,12.0,-111.0,10.006768546143647,9.0,11.0,30000.0,10000.0,19000.0,0.0,23.911919249897934,16.5,19.0,0.0,10000.0,36421.68733455676,25000.0,0.0,25.191410149500104,17.0,20.0,0.0,121.0,9.985866350098336,9.0,11.0,1.0,14734.631505566225,10000.0,19000.0,1.0,16.5,17.440179725948624,19.0,1.0,21271.405785062743,10000.0,25000.0,1.0,18.742601156273,17.0,20.0,1.0,0.0,111.0,1.0,40.0
11.0,21.0,11.0,21.0,-121.0,11.0,11.0,-111.0,10.006111185586475,9.0,11.0,30000.0,10000.0,19000.0,0.0,26.43087600474921,16.5,19.0,0.0,10000.0,36520.23805560279,25000.0,0.0,27.735302103428864,17.0,20.0,0.0,121.0,10.00069114748373,9.0,11.0,1.0,13730.493353076745,10000.0,19000.0,1.0,16.5,17.260026218347054,19.0,1.0,20155.705318447217,10000.0,25000.0,1.0,18.545441582894384,17.0,20.0,1.0,0.0,111.0,1.0,18.0
91.0,24.0,91.0,24.0,-721.0,911.0,12.0,-711.0,15.276321726459654,12.0,17.0,30000.0,18000.0,36000.0,1.0,24.93063984617274,20.0,25.0,1.0,18000.0,34577.87604602161,36000.0,1.0,25.498900959977323,20.0,26.0,1.0,721.0,14.941269037296067,12.0,17.0,1.0,27869.36428932484,18000.0,36000.0,1.0,20.0,23.333308208242023,25.0,1.0,32359.39280964669,18000.0,36000.0,1.0,23.890664629062947,20.0,26.0,1.0,1.0,91121.0,7.0,8.0
11.0,22.0,11.0,21.0,-121.0,11.0,11.0,-111.0,10.206631678420942,9.0,11.0,30000.0,10000.0,19000.0,0.0,24.92073770378783,16.5,19.0,0.0,10000.0,36980.63736953806,25000.0,0.0,26.23038256855585,17.0,20.0,0.0,122.0,10.191307740426218,9.0,11.0,1.0,14067.520723485111,10000.0,19000.0,1.0,16.5,17.297489743980567,19.0,1.0,21189.79105697438,10000.0,25000.0,1.0,18.633706521039866,17.0,20.0,1.0,0.0,111.0,1.0,26.0
11.0,22.0,11.0,22.0,-121.0,21.0,13.0,-111.0,9.993446352331837,9.0,11.0,30000.0,10000.0,19000.0,0.0,25.569160089997766,16.5,19.0,0.0,10000.0,36482.42848134841,25000.0,0.0,26.865809699369752,17.0,20.0,0.0,121.0,9.99511952809402,9.0,11.0,1.0,14518.181938205124,10000.0,19000.0,1.0,16.5,17.443581661472702,19.0,1.0,20916.726140308812,10000.0,25000.0,1.0,18.723452293918356,17.0,20.0,1.0,0.0,211.0,1.0,4.0
91.0,24.0,91.0,24.0,-721.0,911.0,12.0,-711.0,15.104712902163376,12.0,17.0,30000.0,18000.0,36000.0,1.0,25.017985243647885,20.0,25.0,0.0,18000.0,33963.9218734693,36000.0,1.0,25.49998513840225,20.0,26.0,1.0,722.0,15.034318739238467,12.0,17.0,1.0,28906.810775674778,18000.0,36000.0,1.0,20.0,23.583970175715912,25.0,1.0,32975.99833365699,18000.0,36000.0,1.0,24.078770032345425,20.0,26.0,1.0,0.0,91121.0,7.0,8.0
11.0,22.0,11.0,22.0,-121.0,11.0,12.0,-111.0,9.998814332481354,9.0,11.0,30000.0,10000.0,19000.0,0.0,25.130771682907824,16.5,19.0,0.0,10000.0,36492.919135984754,25000.0,0.0,26.427792350621655,17.0,20.0,0.0,121.0,10.001589933520632,9.0,11.0,1.0,14774.828589434703,10000.0,19000.0,1.0,16.5,17.456823567526303,19.0,1.0,21330.765423328296,10000.0,25000.0,1.0,18.76643260341594,17.0,20.0,1.0,0.0,111.0,1.0,14.0
11.0,21.0,11.0,22.0,-121.0,11.0,11.0,-111.0,10.016429975145495,9.0,11.0,30000.0,10000.0,19000.0,0.0,24.261154042201962,16.5,19.0,0.0,10000.0,36448.45881610223,25000.0,0.0,25.551395777555,17.0,20.0,0.0,121.0,10.000368267427001,9.0,11.0,1.0,11611.412226408298,10000.0,19000.0,1.0,16.5,16.839647728660072,19.0,1.0,18096.776552989097,10000.0,25000.0,1.0,18.137273713682976,17.0,20.0,1.0,0.0,111.0,1.0,35.0
91.0,24.0,91.0,21.0,-721.0,911.0,11.0,-711.0,15.294137603112171,12.0,17.0,30000.0,18000.0,36000.0,1.0,24.72288844891541,20.0,25.0,1.0,18000.0,33971.22340048155,36000.0,1.0,25.206553046111786,20.0,26.0,1.0,722.0,15.261216367428789,12.0,17.0,1.0,21777.95954739289,18000.0,36000.0,1.0,20.0,22.92035099596559,25.0,1.0,25781.121450691662,18000.0,36000.0,1.0,23.40790545820916,20.0,26.0,1.0,1.0,91121.0,7.0,21.0
11.0,22.0,11.0,21.0,-121.0,11.0,11.0,-111.0,10.213384266271651,9.0,11.0,30000.0,10000.0,19000.0,0.0,27.12061517049962,16.5,19.0,0.0,10000.0,37095.31194504084,25000.0,0.0,28.459450838665393,17.0,20.0,0.0,122.0,10.204311392760983,9.0,11.0,1.0,14170.874529284672,10000.0,19000.0,1.0,16.5,17.332886452192028,19.0,1.0,21337.91668124077,10000.0,25000.0,1.0,18.685257108001323,17.0,20.0,1.0,0.0,111.0,1.0,39.0
91.0,24.0,91.0,24.0,-721.0,911.0,11.0,-711.0,14.894775133898014,12.0,17.0,30000.0,18000.0,36000.0,1.0,24.165971267989114,20.0,25.0,1.0,18000.0,34047.23984001517,36000.0,1.0,24.657830510889564,20.0,26.0,1.0,722.0,15.3573373996408,12.0,17.0,1.0,24572.228672628968,18000.0,36000.0,1.0,20.0,23.35701440236989,25.0,1.0,28615.161410452754,18000.0,36000.0,1.0,23.848350205072407,20.0,26.0,1.0,1.0,91121.0,7.0,9.0
11.0,22.0,11.0,22.0,-121.0,11.0,11.0,-111.0,10.003219165835317,9.0,11.0,30000.0,10000.0,19000.0,0.0,24.20742662897498,16.5,19.0,0.0,10000.0,36467.25014649101,25000.0,0.0,25.49899163899981,17.0,20.0,0.0,121.0,10.009827490284701,9.0,11.0,1.0,13666.309347926945,10000.0,19000.0,1.0,16.5,17.251847087664963,19.0,1.0,20218.917814046858,10000.0,25000.0,1.0,18.56045888209584,17.0,20.0,1.0,0.0,111.0,1.0,27.0
81.0,21.0,81.0,21.0,-721.0,912.0,12.0,-711.0,13.698490958575519,12.0,17.0,30000.0,12500.0,23000.0,0.0,26.67966728120264,20.0,24.0,0.0,12500.0,34473.41061241583,26000.0,0.0,27.23837359953321,20.0,25.0,0.0,721.0,15.541078293973138,12.0,17.0,1.0,15899.561661522897,12500.0,23000.0,1.0,20.0,21.897678729039185,24.0,1.0,20487.569187740603,12500.0,26000.0,1.0,22.470697621231096,20.0,25.0,1.0,0.0,912.0,7.0,6.0
91.0,24.0,91.0,21.0,-721.0,911.0,11.0,-711.0,14.780719140998292,12.0,17.0,30000.0,18000.0,36000.0,1.0,23.701609626642927,20.0,25.0,1.0,18000.0,34469.20602117239,36000.0,1.0,24.25964852225717,20.0,26.0,1.0,721.0,14.016869947811799,12.0,17.0,1.0,22568.162678198263,18000.0,36000.0,1.0,20.0,21.756818986030986,25.0,1.0,27146.73325261279,18000.0,36000.0,1.0,22.328513478236985,20.0,26.0,1.0,1.0,91121.0,7.0,21.0
11.0,22.0,11.0,22.0,-121.0,21.0,13.0,-111.0,10.006733863945852,9.0,11.0,30000.0,10000.0,19000.0,0.0,25.906184303841535,16.5,19.0,0.0,10000.0,36499.84716420594,25000.0,0.0,27.20514787464515,17.0,20.0,0.0,121.0,9.993136980857223,9.0,11.0,1.0,14923.43504325364,10000.0,19000.0,1.0,16.5,17.487894867511482,19.0,1.0,21424.49457924859,10000.0,25000.0,1.0,18.78710072505637,17.0,20.0,1.0,0.0,211.0,1.0,13.0
11.0,22.0,11.0,22.0,-121.0,21.0,12.0,-111.0,10.014498274228542,9.0,11.0,30000.0,10000.0,19000.0,0.0,24.4301534835731,16.5,19.0,0.0,10000.0,36474.29643159981,25000.0,0.0,25.728877637729138,17.0,20.0,0.0,121.0,10.010041559182433,9.0,11.0,1.0,15928.53760543656,10000.0,19000.0,1.0,16.5,17.72032398227046,19.0,1.0,22500.29312769062,10000.0,25000.0,1.0,19.03859813331218,17.0,20.0,1.0,0.0,211.0,1.0,25.0
11.0,21.0,11.0,22.0,-121.0,21.0,12.0,-111.0,10.181191391480299,9.0,11.0,30000.0,10000.0,19000.0,0.0,25.165629616693842,16.5,19.0,0.0,10000.0,37027.715344262266,25000.0,0.0,26.49143777375209,17.0,20.0,0.0,122.0,10.198709257604074,9.0,11.0,1.0,14933.171776566114,10000.0,19000.0,1.0,16.5,17.56025353149498,19.0,1.0,21910.683867033003,10000.0,25000.0,1.0,18.876590632864108,17.0,20.0,1.0,0.0,211.0,1.0,37.0
11.0,22.0,11.0,22.0,-121.0,21.0,13.0,-111.0,10.196921640108576,9.0,11.0,30000.0,10000.0,19000.0,0.0,24.086879366430463,16.5,19.0,0.0,10000.0,36971.653792306446,25000.0,0.0,25.401177496264854,17.0,20.0,0.0,122.0,10.203117009413669,9.0,11.0,1.0,14532.781697729766,10000.0,19000.0,1.0,16.5,17.455421917636677,19.0,1.0,21583.296078302345,10000.0,25000.0,1.0,18.78458686770678,17.0,20.0,1.0,0.0,211.0,1.0,4.0
11.0,22.0,11.0,22.0,-121.0,21.0,13.0,-111.0,10.208902056043616,9.0,11.0,30000.0,10000.0,19000.0,0.0,26.586048095209065,16.5,19.0,0.0,10000.0,37148.14271598094,25000.0,0.0,27.9314075029728,17.0,20.0,0.0,122.0,10.211350773014775,9.0,11.0,1.0,15496.399426885413,10000.0,19000.0,1.0,16.5,17.669295225737784,19.0,1.0,22450.44833015875,10000.0,25000.0,1.0,18.978124034254932,17.0,20.0,1.0,0.0,211.0,1.0,8.0
11.0,21.0,11.0,22.0,-121.0,21.0,13.0,-111.0,9.982075381633567,9.0,11.0,30000.0,10000.0,19000.0,0.0,26.06828950394752,16.5,19.0,0.0,10000.0,36482.865611402194,25000.0,0.0,27.36164435223512,17.0,20.0,0.0,121.0,10.003245700512117,9.0,11.0,1.0,15178.157050629246,10000.0,19000.0,1.0,16.5,17.5658764607817,19.0,1.0,21653.181605611404,10000.0,25000.0,1.0,18.85766699030281,17.0,20.0,1.0,0.0,211.0,1.0,9.0
11.0,22.0,11.0,21.0,-121.0,11.0,11.0,-111.0,10.011056479700482,9.0,11.0,30000.0,10000.0,19000.0,0.0,24.0031595407069,16.5,19.0,0.0,10000.0,36496.55183371877,25000.0,0.0,25.306991085695113,17.0,20.0,0.0,121.0,10.011225703015663,9.0,11.0,1.0,15386.770608705741,10000.0,19000.0,1.0,16.5,17.596991280986696,19.0,1.0,21919.61532712448,10000.0,25000.0,1.0,18.908106660406098,17.0,20.0,1.0,0.0,111.0,1.0,0.0
11.0,22.0,11.0,22.0,-121.0,21.0,13.0,-111.0,9.991145443269811,9.0,11.0,30000.0,10000.0,19000.0,0.0,26.007093137981425,16.5,19.0,0.0,10000.0,36593.06491398948,25000.0,0.0,27.323665187335784,17.0,20.0,0.0,121.0,10.011826154696239,9.0,11.0,1.0,14230.537407582155,10000.0,19000.0,1.0,16.5,17.37504448158776,19.0,1.0,20700.59728587061,10000.0,25000.0,1.0,18.667053600947277,17.0,20.0,1.0,0.0,211.0,1.0,41.0
11.0,21.0,11.0,21.0,-121.0,11.0,11.0,-111.0,10.213567572068731,9.0,11.0,30000.0,10000.0,19000.0,0.0,23.799596464007223,16.5,19.0,0.0,10000.0,37159.614711913884,25000.0,0.0,25.14724522980885,17.0,20.0,0.0,122.0,10.208585934223876,9.0,11.0,1.0,12913.675657904201,10000.0,19000.0,1.0,16.5,17.128702178287,19.0,1.0,19984.265757105368,10000.0,25000.0,1.0,18.45959390976824,17.0,20.0,1.0,0.0,111.0,1.0,56.0
11.0,22.0,11.0,22.0,-121.0,21.0,13.0,-111.0,9.991176198799954,9.0,11.0,30000.0,10000.0,19000.0,0.0,25.544200667615588,16.5,19.0,0.0,10000.0,36515.82820568206,25000.0,0.0,26.845892480794987,17.0,20.0,0.0,121.0,10.007027502685768,9.0,11.0,1.0,14680.38067353245,10000.0,19000.0,1.0,16.5,17.504787596203045,19.0,1.0,21134.026407017227,10000.0,25000.0,1.0,18.79405698011829,17.0,20.0,1.0,0.0,211.0,1.0,19.0
11.0,22.0,11.0,22.0,-121.0,11.0,11.0,-111.0,9.983175382984426,9.0,11.0,30000.0,10000.0,19000.0,0.0,24.17829212073631,16.5,19.0,0.0,10000.0,36547.98831232479,25000.0,0.0,25.48550960520277,17.0,20.0,0.0,121.0,9.989052462810035,9.0,11.0,1.0,17318.97354219007,10000.0,19000.0,1.0,16.5,17.986906757744528,19.0,1.0,23782.646560567235,10000.0,25000.0,1.0,19.277291831827966,17.0,20.0,1.0,0.0,111.0,1.0,44.0
92.0,24.0,92.0,24.0,-721.0,921.0,13.0,-711.0,14.557385877085634,12.0,17.0,30000.0,15000.0,28000.0,0.0,23.948702060039643,19.5,25.0,1.0,15000.0,34472.550673761005,28000.0,0.0,24.510564745677456,20.0,26.0,1.0,721.0,14.569581323629455,12.0,17.0,1.0,21209.103502882146,15000.0,28000.0,1.0,19.5,21.247314521085205,25.0,1.0,25743.738360217576,15000.0,28000.0,1.0,21.816976511563407,20.0,26.0,1.0,0.0,92122.0,7.0,25.0
11.0,21.0,11.0,22.0,-121.0,21.0,13.0,-111.0,10.189062636417841,9.0,11.0,30000.0,10000.0,19000.0,0.0,27.66457862328907,16.5,19.0,0.0,10000.0,36870.99664613521,25000.0,0.0,28.958227473895782,17.0,20.0,0.0,122.0,10.205165856318075,9.0,11.0,1.0,13144.509944662192,10000.0,19000.0,1.0,16.5,17.230872068373376,19.0,1.0,19928.17849251767,10000.0,25000.0,1.0,18.50807906930624,17.0,20.0,1.0,0.0,211.0,1.0,9.0
11.0,22.0,11.0,22.0,-121.0,21.0,13.0,-111.0,10.011121075945628,9.0,11.0,30000.0,10000.0,19000.0,0.0,26.561276799405295,16.5,19.0,0.0,10000.0,36496.270991068064,25000.0,0.0,27.86009517358968,17.0,20.0,0.0,121.0,9.99309304362462,9.0,11.0,1.0,13663.655430390943,10000.0,19000.0,1.0,16.5,17.299711352907437,19.0,1.0,20189.66297133843,10000.0,25000.0,1.0,18.604475042091973,17.0,20.0,1.0,0.0,211.0,1.0,31.0
11.0,22.0,11.0,22.0,-121.0,21.0,12.0,-111.0,10.17708861184351,9.0,11.0,30000.0,10000.0,19000.0,0.0,23.76328666884291,16.5,19.0,0.0,10000.0,37058.328166230465,25000.0,0.0,25.0889510832544,17.0,20.0,0.0,122.0,10.223261814136698,9.0,11.0,1.0,17425.423755121214,10000.0,19000.0,1.0,16.5,18.019536937200506,19.0,1.0,24685.207921595298,10000.0,25000.0,1.0,19.3830379390167,17.0,20.0,1.0,0.0,211.0,1.0,48.0
11.0,22.0,11.0,22.0,-121.0,21.0,13.0,-111.0,9.995367038096521,9.0,11.0,30000.0,10000.0,19000.0,0.0,27.909334299560648,16.5,19.0,0.0,10000.0,36551.85591734975,25000.0,0.0,29.21203723258399,17.0,20.0,0.0,121.0,9.997469286755589,9.0,11.0,1.0,14536.471111003648,10000.0,19000.0,1.0,16.5,17.411605597758914,19.0,1.0,21000.41419331588,10000.0,25000.0,1.0,18.696828856397094,17.0,20.0,1.0,0.0,211.0,1.0,13.0
11.0,22.0,11.0,21.0,-121.0,11.0,11.0,-111.0,9.990482601531822,9.0,11.0,30000.0,10000.0,19000.0,0.0,25.219816441780463,16.5,19.0,0.0,10000.0,36581.92593768232,25000.0,0.0,26.537256083931126,17.0,20.0,0.0,121.0,9.996931011574755,9.0,11.0,1.0,14523.97029628569,10000.0,19000.0,1.0,16.5,17.40297758404886,19.0,1.0,20963.403801585195,10000.0,25000.0,1.0,18.691895911784112,17.0,20.0,1.0,0.0,111.0,1.0,26.0
81.0,23.0,81.0,23.0,-721.0,912.0,12.0,-711.0,15.434210223217493,12.0,17.0,30000.0,12500.0,23000.0,0.0,26.365882832642942,20.0,24.0,0.0,12500.0,34474.03949143278,26000.0,0.0,26.923776944889674,20.0,25.0,0.0,721.0,14.892687452773327,12.0,17.0,1.0,19162.09393503304,12500.0,23000.0,1.0,20.0,21.81641071273246,24.0,1.0,23592.24347375606,12500.0,26000.0,1.0,22.368831930461734,20.0,25.0,1.0,0.0,912.0,7.0,31.0
11.0,22.0,11.0,21.0,-121.0,21.0,13.0,-111.0,10.209456407737662,9.0,11.0,30000.0,10000.0,19000.0,0.0,25.44435843955815,16.5,19.0,0.0,10000.0,37106.91868672803,25000.0,0.0,26.778933396932693,17.0,20.0,0.0,122.0,10.175360020460644,9.0,11.0,1.0,12043.30663734347,10000.0,19000.0,1.0,16.5,16.908159819955113,19.0,1.0,19098.95414311732,10000.0,25000.0,1.0,18.233106802513472,17.0,20.0,1.0,0.0,211.0,1.0,58.0
11.0,21.0,11.0,22.0,-121.0,11.0,11.0,-111.0,10.189206450394856,9.0,11.0,30000.0,10000.0,19000.0,0.0,25.764514221724713,16.5,19.0,0.0,10000.0,36821.12120740729,25000.0,0.0,27.047462374034712,17.0,20.0,0.0,122.0,10.191725557415243,9.0,11.0,1.0,14805.078288840934,10000.0,19000.0,1.0,16.5,17.50714798953609,19.0,1.0,21920.34533951902,10000.0,25000.0,1.0,18.84542045798991,17.0,20.0,1.0,0.0,111.0,1.0,29.0
11.0,22.0,11.0,21.0,-121.0,11.0,12.0,-111.0,9.986432536526882,9.0,11.0,30000.0,10000.0,19000.0,0.0,24.53238332888366,16.5,19.0,0.0,10000.0,36501.77336963486,25000.0,0.0,25.82153484039401,17.0,20.0,0.0,121.0,10.011020874100907,9.0,11.0,1.0,15863.64098907045,10000.0,19000.0,1.0,16.5,17.651125526025826,19.0,1.0,22375.736717352145,10000.0,25000.0,1.0,18.94232372287806,17.0,20.0,1.0,0.0,111.0,1.0,46.0
11.0,22.0,11.0,21.0,-121.0,11.0,11.0,-111.0,10.20730678756719,9.0,11.0,30000.0,10000.0,19000.0,0.0,23.374245816868367,16.5,19.0,0.0,10000.0,36886.39696682754,25000.0,0.0,24.677762233023305,17.0,20.0,0.0,122.0,10.199147586896576,9.0,11.0,1.0,14195.126757934262,10000.0,19000.0,1.0,16.5,17.328369074458163,19.0,1.0,21197.741220350064,10000.0,25000.0,1.0,18.653884137230985,17.0,20.0,1.0,0.0,111.0,1.0,0.0
11.0,21.0,11.0,21.0,-121.0,21.0,12.0,-111.0,9.99871681663481,9.0,11.0,30000.0,10000.0,19000.0,0.0,25.30449433511807,16.5,19.0,0.0,10000.0,36446.96970399139,25000.0,0.0,26.603852820230358,17.0,20.0,0.0,121.0,10.012213697688637,9.0,11.0,1.0,14476.661678768563,10000.0,19000.0,1.0,16.5,17.41301026423155,19.0,1.0,20940.484118549735,10000.0,25000.0,1.0,18.71576534437239,17.0,20.0,1.0,0.0,211.0,1.0,6.0
11.0,22.0,11.0,21.0,-121.0,21.0,12.0,-111.0,9.986383450577879,9.0,11.0,30000.0,10000.0,19000.0,0.0,24.131599901699133,16.5,19.0,0.0,10000.0,36483.710661751094,25000.0,0.0,25.426862591059763,17.0,20.0,0.0,121.0,9.979995464049642,9.0,11.0,1.0,13156.662316523792,10000.0,19000.0,1.0,16.5,17.041209250924812,19.0,1.0,19674.540030594064,10000.0,25000.0,1.0,18.34329755456455,17.0,20.0,1.0,0.0,211.0,1.0,53.0
11.0,22.0,11.0,22.0,-121.0,21.0,13.0,-111.0,10.211316893850984,9.0,11.0,30000.0,10000.0,19000.0,0.0,26.40450565762801,16.5,19.0,0.0,10000.0,36959.31758600731,25000.0,0.0,27.716911872603706,17.0,20.0,0.0,122.0,10.195631882884323,9.0,11.0,1.0,14271.380512118714,10000.0,19000.0,1.0,16.5,17.436071027627783,19.0,1.0,21258.852581852745,10000.0,25000.0,1.0,18.753786688388317,17.0,20.0,1.0,0.0,211.0,1.0,3.0
91.0,24.0,91.0,24.0,-721.0,911.0,12.0,-711.0,15.409224475970401,12.0,17.0,30000.0,18000.0,36000.0,1.0,24.74828398671319,20.0,25.0,1.0,18000.0,33992.36772172779,36000.0,1.0,25.23496856330274,20.0,26.0,1.0,722.0,15.352874341915314,12.0,17.0,1.0,27499.673416432444,18000.0,36000.0,1.0,20.0,23.808345180579998,25.0,1.0,31511.359207188954,18000.0,36000.0,1.0,24.2973847021298,20.0,26.0,1.0,1.0,91121.0,7.0,32.0
11.0,22.0,11.0,22.0,-121.0,21.0,13.0,-111.0,10.190186930557743,9.0,11.0,30000.0,10000.0,19000.0,0.0,26.31718595600192,16.5,19.0,0.0,10000.0,37037.295736151726,25000.0,0.0,27.640275995515303,17.0,20.0,0.0,122.0,10.20784079056972,9.0,11.0,1.0,11212.524096876385,10000.0,19000.0,1.0,16.5,16.867395051196052,19.0,1.0,18252.258983110074,10000.0,25000.0,1.0,18.190943678112795,17.0,20.0,1.0,0.0,211.0,1.0,4.0
91.0,24.0,91.0,24.0,-721.0,911.0,11.0,-711.0,14.318900682830897,12.0,17.0,30000.0,18000.0,36000.0,1.0,23.640285280844108,20.0,25.0,1.0,18000.0,34419.588422728986,36000.0,1.0,24.189352522873655,20.0,26.0,1.0,721.0,16.480993528668847,12.0,17.0,1.0,25352.403536542144,18000.0,36000.0,1.0,20.0,24.692568291506916,25.0,1.0,29907.937238541723,18000.0,36000.0,1.0,25.258524685289185,20.0,26.0,1.0,1.0,91121.0,7.0,0.0
11.0,22.0,11.0,21.0,-121.0,21.0,13.0,-111.0,10.006271457840015,9.0,11.0,30000.0,10000.0,19000.0,0.0,25.7870611735757,16.5,19.0,0.0,10000.0,36546.896380709164,25000.0,0.0,27.09576622736847,17.0,20.0,0.0,121.0,9.984211426184618,9.0,11.0,1.0,14000.560235651079,10000.0,19000.0,1.0,16.5,17.257947109371607,19.0,1.0,20484.461063428775,10000.0,25000.0,1.0,18.55405954008104,17.0,20.0,1.0,0.0,211.0,1.0,20.0
11.0,21.0,11.0,22.0,-121.0,21.0,13.0,-111.0,10.194244433242632,9.0,11.0,30000.0,10000.0,19000.0,0.0,26.38591310394544,16.5,19.0,0.0,10000.0,36907.201298700886,25000.0,0.0,27.693676475972907,17.0,20.0,0.0,122.0,10.18966246979554,9.0,11.0,1.0,15848.320500552723,10000.0,19000.0,1.0,16.5,17.74200199516673,19.0,1.0,22649.427762513915,10000.0,25000.0,1.0,19.029678230705965,17.0,20.0,1.0,0.0,211.0,1.0,32.0
11.0,21.0,11.0,22.0,-121.0,21.0,13.0,-111.0,10.215430927672285,9.0,11.0,30000.0,10000.0,19000.0,0.0,26.150913367715834,16.5,19.0,0.0,10000.0,36859.06719974431,25000.0,0.0,27.44627135961949,17.0,20.0,0.0,122.0,10.217259046042912,9.0,11.0,1.0,13778.038479061313,10000.0,19000.0,1.0,16.5,17.334922345633345,19.0,1.0,20786.001454341065,10000.0,25000.0,1.0,18.658399807310925,17.0,20.0,1.0,0.0,211.0,1.0,59.0
11.0,22.0,11.0,22.0,-121.0,21.0,13.0,-111.0,10.219910466036358,9.0,11.0,30000.0,10000.0,19000.0,0.0,24.214953135270452,16.5,19.0,0.0,10000.0,37009.642650256836,25000.0,0.0,25.53720612199715,17.0,20.0,0.0,122.0,10.168223525435682,9.0,11.0,1.0,15625.35594912223,10000.0,19000.0,1.0,16.5,17.638396515663942,19.0,1.0,22644.8559801964,10000.0,25000.0,1.0,18.962508934016096,17.0,20.0,1.0,0.0,211.0,1.0,8.0
11.0,21.0,11.0,21.0,-121.0,11.0,11.0,-111.0,10.210677224416443,9.0,11.0,30000.0,10000.0,19000.0,0.0,23.635339967188465,16.5,19.0,0.0,10000.0,37125.706594685566,25000.0,0.0,24.979186700627253,17.0,20.0,0.0,122.0,10.193358900323755,9.0,11.0,1.0,15026.086087719474,10000.0,19000.0,1.0,16.5,17.527499594153383,19.0,1.0,22174.358664584986,10000.0,25000.0,1.0,18.875602076974552,17.0,20.0,1.0,0.0,111.0,1.0,18.0
11.0,22.0,11.0,22.0,-121.0,21.0,13.0,-111.0,10.213907066689485,9.0,11.0,30000.0,10000.0,19000.0,0.0,26.73972498705563,16.5,19.0,0.0,10000.0,36945.01013409684,25000.0,0.0,28.04609529152567,17.0,20.0,0.0,122.0,10.200476720910762,9.0,11.0,1.0,12298.7288758958,10000.0,19000.0,1.0,16.5,17.081920606611178,19.0,1.0,19233.72255294235,10000.0,25000.0,1.0,18.38640679546528,17.0,20.0,1.0,0.0,211.0,1.0,5.0
91.0,21.0,91.0,24.0,-721.0,911.0,12.0,-711.0,15.303440191476358,12.0,17.0,30000.0,18000.0,36000.0,1.0,25.610069979203402,20.0,25.0,0.0,18000.0,34498.98033289469,36000.0,1.0,26.172187085455555,20.0,26.0,0.0,721.0,14.7732670288432,12.0,17.0,1.0,28478.816716342088,18000.0,36000.0,1.0,20.0,23.264631339508583,25.0,1.0,32986.67221641129,18000.0,36000.0,1.0,23.827857337758587,20.0,26.0,1.0,0.0,91121.0,7.0,26.0
11.0,22.0,11.0,21.0,-121.0,11.0,12.0,-111.0,10.000216703518467,9.0,11.0,30000.0,10000.0,19000.0,0.0,23.961609110021833,16.5,19.0,0.0,10000.0,36493.15887924948,25000.0,0.0,25.25979495140166,17.0,20.0,0.0,121.0,9.989162198009994,9.0,11.0,1.0,13996.960046331824,10000.0,19000.0,1.0,16.5,17.30573251230045,19.0,1.0,20488.890370726716,10000.0,25000.0,1.0,18.60367272708354,17.0,20.0,1.0,0.0,111.0,1.0,10.0
11.0,22.0,11.0,22.0,-121.0,21.0,13.0,-111.0,10.206414874602068,9.0,11.0,30000.0,10000.0,19000.0,0.0,25.11533009798913,16.5,19.0,0.0,10000.0,37104.75171745683,25000.0,0.0,26.45236161300813,17.0,20.0,0.0,122.0,10.212771273199868,9.0,11.0,1.0,12325.566934850003,10000.0,19000.0,1.0,16.5,17.078115101334596,19.0,1.0,19438.96030814281,10000.0,25000.0,1.0,18.416772875321417,17.0,20.0,1.0,0.0,211.0,1.0,47.0
11.0,22.0,11.0,22.0,-121.0,21.0,12.0,-111.0,10.202072711705846,9.0,11.0,30000.0,10000.0,19000.0,0.0,24.428545994527298,16.5,19.0,0.0,10000.0,37050.86105595343,25000.0,0.0,25.760547166169566,17.0,20.0,0.0,122.0,10.20420951313131,9.0,11.0,1.0,17355.64181763721,10000.0,19000.0,1.0,16.5,17.97392224731366,19.0,1.0,24414.87885894844,10000.0,25000.0,1.0,19.307505753683802,17.0,20.0,1.0,0.0,211.0,1.0,23.0
81.0,23.0,81.0,23.0,-721.0,912.0,11.0,-711.0,13.900374773152645,12.0,17.0,30000.0,12500.0,23000.0,0.0,26.18644522983353,20.0,24.0,0.0,12500.0,34505.1785521148,26000.0,0.0,26.749681373717902,20.0,25.0,0.0,721.0,14.94074260286312,12.0,17.0,1.0,15628.98783757148,12500.0,23000.0,1.0,20.0,21.43886342987443,24.0,1.0,20201.47057448765,12500.0,26000.0,1.0,22.01051392383978,20.0,25.0,1.0,0.0,912.0,7.0,17.0
11.0,21.0,11.0,22.0,-121.0,21.0,12.0,-111.0,9.987690314122677,9.0,11.0,30000.0,10000.0,19000.0,0.0,24.239756771896023,16.5,19.0,0.0,10000.0,36505.15494655447,25000.0,0.0,25.542587095108292,17.0,20.0,0.0,121.0,9.985243858717114,9.0,11.0,1.0,16513.35943323361,10000.0,19000.0,1.0,16.5,17.82808282591426,19.0,1.0,22986.608779254253,10000.0,25000.0,1.0,19.124523203891208,17.0,20.0,1.0,0.0,211.0,1.0,37.0
11.0,22.0,11.0,21.0,-121.0,11.0,11.0,-111.0,10.179911256112364,9.0,11.0,30000.0,10000.0,19000.0,0.0,23.876449996270644,16.5,19.0,0.0,10000.0,37161.75394504425,25000.0,0.0,25.224882852566925,17.0,20.0,0.0,122.0,10.185807109131549,9.0,11.0,1.0,14375.265065081474,10000.0,19000.0,1.0,16.5,17.36967127048289,19.0,1.0,21125.994663872363,10000.0,25000.0,1.0,18.64071543994649,17.0,20.0,1.0,0.0,111.0,1.0,26.0
11.0,21.0,11.0,22.0,-121.0,11.0,11.0,-111.0,10.193636675300239,9.0,11.0,30000.0,10000.0,19000.0,0.0,24.11129775390567,16.5,19.0,0.0,10000.0,36991.61810135388,25000.0,0.0,25.42886351723888,17.0,20.0,0.0,122.0,10.191643959675691,9.0,11.0,1.0,12981.104494976169,10000.0,19000.0,1.0,16.5,17.154754369871853,19.0,1.0,20131.91433839155,10000.0,25000.0,1.0,18.502319710714165,17.0,20.0,1.0,0.0,111.0,1.0,35.0
11.0,22.0,11.0,22.0,-121.0,21.0,13.0,-111.0,10.200224589406407,9.0,11.0,30000.0,10000.0,19000.0,0.0,24.883727851567453,16.5,19.0,0.0,10000.0,37081.85622703882,25000.0,0.0,26.22129217110716,17.0,20.0,0.0,122.0,10.198120191338091,9.0,11.0,1.0,14828.452466814995,10000.0,19000.0,1.0,16.5,17.515317587085544,19.0,1.0,21842.973571977003,10000.0,25000.0,1.0,18.840164187769222,17.0,20.0,1.0,0.0,211.0,1.0,47.0
11.0,21.0,11.0,21.0,-121.0,21.0,12.0,-111.0,10.007092222378317,9.0,11.0,30000.0,10000.0,19000.0,0.0,24.569489001179445,16.5,19.0,0.0,10000.0,36471.234732350116,25000.0,0.0,25.867009407687366,17.0,20.0,0.0,121.0,9.994518996782423,9.0,11.0,1.0,14652.302605813718,10000.0,19000.0,1.0,16.5,17.435592288698135,19.0,1.0,21180.017148355575,10000.0,25000.0,1.0,18.74443722743375,17.0,20.0,1.0,0.0,211.0,1.0,6.0
91.0,24.0,91.0,24.0,-721.0,911.0,11.0,-711.0,14.960534526831927,12.0,17.0,30000.0,18000.0,36000.0,1.0,24.07886415759814,20.0,25.0,1.0,18000.0,34493.35358650666,36000.0,1.0,24.64277237634743,20.0,26.0,1.0,721.0,14.71644885213692,12.0,17.0,1.0,26831.78478444831,18000.0,36000.0,1.0,20.0,23.018549370086777,25.0,1.0,31274.960375292954,18000.0,36000.0,1.0,23.576160335880246,20.0,26.0,1.0,1.0,91121.0,7.0,4.0
11.0,22.0,11.0,21.0,-121.0,11.0,12.0,-111.0,9.99629781536265,9.0,11.0,30000.0,10000.0,19000.0,0.0,24.85238611109324,16.5,19.0,0.0,10000.0,36449.916414175954,25000.0,0.0,26.146510196019502,17.0,20.0,0.0,121.0,9.989196235931129,9.0,11.0,1.0,13679.858125810348,10000.0,19000.0,1.0,16.5,17.22478240917355,19.0,1.0,20093.264129118572,10000.0,25000.0,1.0,18.51158097249295,17.0,20.0,1.0,0.0,111.0,1.0,45.0
11.0,22.0,11.0,21.0,-121.0,11.0,11.0,-111.0,10.007489828641408,9.0,11.0,30000.0,10000.0,19000.0,0.0,24.384377682266372,16.5,19.0,0.0,10000.0,36452.156303284966,25000.0,0.0,25.678745844496753,17.0,20.0,0.0,121.0,10.020712261199366,9.0,11.0,1.0,12702.056724073185,10000.0,19000.0,1.0,16.5,17.056434503939478,19.0,1.0,19235.294744809995,10000.0,25000.0,1.0,18.36706848315808,17.0,20.0,1.0,0.0,111.0,1.0,54.0
81.0,23.0,81.0,23.0,-721.0,912.0,12.0,-711.0,15.126089909062475,12.0,17.0,30000.0,12500.0,23000.0,0.0,25.75511590905572,20.0,24.0,0.0,12500.0,33978.639580498006,26000.0,0.0,26.240154838146598,20.0,25.0,0.0,722.0,15.366479331234393,12.0,17.0,1.0,12718.391259290622,12500.0,23000.0,1.0,20.0,21.506065273230888,24.0,1.0,16664.728942820853,12500.0,26000.0,1.0,21.98716625388591,20.0,25.0,1.0,0.0,912.0,7.0,5.0
11.0,22.0,11.0,22.0,-121.0,21.0,13.0,-111.0,10.168851626265797,9.0,11.0,30000.0,10000.0,19000.0,0.0,25.031869667128717,16.5,19.0,0.0,10000.0,37074.09729732798,25000.0,0.0,26.367753535134334,17.0,20.0,0.0,122.0,10.187536992488283,9.0,11.0,1.0,13585.049087165035,10000.0,19000.0,1.0,16.5,17.243618185475274,19.0,1.0,20428.689181049867,10000.0,25000.0,1.0,18.5359821459357,17.0,20.0,1.0,0.0,211.0,1.0,3.0
81.0,23.0,81.0,23.0,-721.0,912.0,12.0,-711.0,15.135466958215183,12.0,17.0,30000.0,12500.0,23000.0,0.0,26.49228802992637,20.0,24.0,0.0,12500.0,34049.19155540285,26000.0,0.0,26.98661747367211,20.0,25.0,0.0,722.0,15.40275461320904,12.0,17.0,1.0,16024.716561183635,12500.0,23000.0,1.0,20.0,21.945526405060146,24.0,1.0,20111.931314577425,12500.0,26000.0,1.0,22.444497759679972,20.0,25.0,1.0,0.0,912.0,7.0,31.0
81.0,23.0,81.0,23.0,-721.0,912.0,12.0,-711.0,15.276869802217375,12.0,17.0,30000.0,12500.0,23000.0,0.0,26.853842742333992,20.0,24.0,0.0,12500.0,34567.06979237822,26000.0,0.0,27.424254120222365,20.0,25.0,0.0,721.0,14.433322315160442,12.0,17.0,1.0,16888.861699584155,12500.0,23000.0,1.0,20.0,21.09658883983372,24.0,1.0,21359.90908963834,12500.0,26000.0,1.0,21.655007348484755,20.0,25.0,1.0,0.0,912.0,7.0,5.0
11.0,22.0,11.0,21.0,-121.0,11.0,11.0,-111.0,9.991495250649177,9.0,11.0,30000.0,10000.0,19000.0,0.0,24.079914290183247,16.5,19.0,0.0,10000.0,36384.26335072238,25000.0,0.0,25.360186008555363,17.0,20.0,0.0,121.0,10.01944050181849,9.0,11.0,1.0,10945.660897708027,10000.0,19000.0,1.0,16.5,16.6538555697663,19.0,1.0,17475.399452243593,10000.0,25000.0,1.0,17.963300237143624,17.0,20.0,1.0,0.0,111.0,1.0,54.0
91.0,24.0,91.0,21.0,-721.0,911.0,11.0,-711.0,14.217588231522113,12.0,17.0,30000.0,18000.0,36000.0,1.0,25.210286528663744,20.0,25.0,0.0,18000.0,34542.14378636368,36000.0,1.0,25.77458703036521,20.0,26.0,1.0,721.0,15.126042692963482,12.0,17.0,1.0,22831.403379788528,18000.0,36000.0,1.0,20.0,22.900807745680144,25.0,1.0,27394.05138469792,18000.0,36000.0,1.0,23.467655621783777,20.0,26.0,1.0,0.0,91121.0,7.0,2.0
11.0,22.0,11.0,22.0,-121.0,11.0,11.0,-111.0,10.208525716437087,9.0,11.0,30000.0,10000.0,19000.0,0.0,23.406440107100334,16.5,19.0,0.0,10000.0,37060.7874946736,25000.0,0.0,24.735414918559332,17.0,20.0,0.0,122.0,10.220869530197394,9.0,11.0,1.0,15156.47803617791,10000.0,19000.0,1.0,16.5,17.563395246689854,19.0,1.0,22136.91859044408,10000.0,25000.0,1.0,18.877247232251626,17.0,20.0,1.0,0.0,111.0,1.0,30.0
11.0,21.0,11.0,22.0,-121.0,11.0,11.0,-111.0,10.174264331858685,9.0,11.0,30000.0,10000.0,19000.0,0.0,24.85577790538158,16.5,19.0,0.0,10000.0,37018.102829189935,25000.0,0.0,26.16861597571008,17.0,20.0,0.0,122.0,10.159004476630786,9.0,11.0,1.0,14568.571384492758,10000.0,19000.0,1.0,16.5,17.404779824814696,19.0,1.0,21455.735617004735,10000.0,25000.0,1.0,18.69312392878533,17.0,20.0,1.0,0.0,111.0,1.0,35.0
11.0,22.0,11.0,22.0,-121.0,11.0,12.0,-111.0,10.181434668269475,9.0,11.0,30000.0,10000.0,19000.0,0.0,23.64180550816566,16.5,19.0,0.0,10000.0,37161.47007141841,25000.0,0.0,24.98966370265178,17.0,20.0,0.0,122.0,10.192187107050534,9.0,11.0,1.0,16761.57856589583,10000.0,19000.0,1.0,16.5,17.837562200127966,19.0,1.0,23782.86260489337,10000.0,25000.0,1.0,19.159036022318084,17.0,20.0,1.0,0.0,111.0,1.0,49.0
11.0,22.0,11.0,22.0,-121.0,21.0,13.0,-111.0,10.184862218138461,9.0,11.0,30000.0,10000.0,19000.0,0.0,26.438219395120953,16.5,19.0,0.0,10000.0,37037.03943257623,25000.0,0.0,27.765815729725013,17.0,20.0,0.0,122.0,10.216426070278038,9.0,11.0,1.0,16544.381564664298,10000.0,19000.0,1.0,16.5,17.893614696120167,19.0,1.0,23660.37464855775,10000.0,25000.0,1.0,19.23610629727725,17.0,20.0,1.0,0.0,211.0,1.0,16.0
11.0,22.0,11.0,22.0,-121.0,21.0,12.0,-111.0,9.994210883962117,9.0,11.0,30000.0,10000.0,19000.0,0.0,24.54249417438679,16.5,19.0,0.0,10000.0,36546.1663142959,25000.0,0.0,25.85726703092627,17.0,20.0,0.0,121.0,9.992472601148455,9.0,11.0,1.0,15983.382102946716,10000.0,19000.0,1.0,16.5,17.73528078606418,19.0,1.0,22503.695941756443,10000.0,25000.0,1.0,19.044861270242247,17.0,20.0,1.0,0.0,211.0,1.0,48.0
81.0,21.0,81.0,21.0,-721.0,912.0,12.0,-711.0,15.349325504269084,12.0,17.0,30000.0,12500.0,23000.0,0.0,27.841740357885868,20.0,24.0,0.0,12500.0,33889.532646845895,26000.0,0.0,28.319996240118343,20.0,25.0,0.0,722.0,15.175951679489815,12.0,17.0,1.0,16341.472743886337,12500.0,23000.0,1.0,20.0,21.574502275127408,24.0,1.0,20298.749375083065,12500.0,26000.0,1.0,22.061087939352564,20.0,25.0,1.0,0.0,912.0,7.0,6.0
11.0,21.0,11.0,22.0,-121.0,11.0,11.0,-111.0,9.988490481938728,9.0,11.0,30000.0,10000.0,19000.0,0.0,24.885927707470216,16.5,19.0,0.0,10000.0,36456.48368039556,25000.0,0.0,26.181081384680347,17.0,20.0,0.0,121.0,10.007513956732883,9.0,11.0,1.0,14412.98028511774,10000.0,19000.0,1.0,16.5,17.416963568468272,19.0,1.0,20825.505334473663,10000.0,25000.0,1.0,18.703299259688755,17.0,20.0,1.0,0.0,111.0,1.0,35.0
11.0,22.0,11.0,22.0,-121.0,11.0,11.0,-111.0,10.204516457210582,9.0,11.0,30000.0,10000.0,19000.0,0.0,22.857117220540683,16.5,19.0,0.0,10000.0,37093.71210882841,25000.0,0.0,24.19024530891487,17.0,20.0,0.0,122.0,10.202431951505304,9.0,11.0,1.0,17164.163991172234,10000.0,19000.0,1.0,16.5,17.972857993531836,19.0,1.0,24109.97957889148,10000.0,25000.0,1.0,19.278191747509783,17.0,20.0,1.0,0.0,111.0,1.0,27.0
11.0,21.0,11.0,22.0,-121.0,21.0,13.0,-111.0,10.227462040887685,9.0,11.0,30000.0,10000.0,19000.0,0.0,26.457957617671404,16.5,19.0,0.0,10000.0,36911.644950391696,25000.0,0.0,27.763905865982206,17.0,20.0,0.0,122.0,10.17997438462033,9.0,11.0,1.0,12814.355633921514,10000.0,19000.0,1.0,16.5,17.13305648933241,19.0,1.0,19661.739875811443,10000.0,25000.0,1.0,18.426862742458937,17.0,20.0,1.0,0.0,211.0,1.0,59.0
92.0,24.0,92.0,24.0,-721.0,921.0,13.0,-711.0,14.95428866130973,12.0,17.0,30000.0,15000.0,28000.0,0.0,24.950028050513836,19.5,25.0,1.0,15000.0,34484.48710203326,28000.0,0.0,25.510502920175234,20.0,26.0,1.0,721.0,14.541782219585121,12.0,17.0,1.0,19940.13506414026,15000.0,28000.0,1.0,19.5,21.04403639861395,25.0,1.0,24341.01796851381,15000.0,28000.0,1.0,21.594062347201362,20.0,26.0,1.0,0.0,92122.0,7.0,20.0
11.0,22.0,11.0,22.0,-121.0,11.0,11.0,-111.0,10.000810653657275,9.0,11.0,30000.0,10000.0,19000.0,0.0,24.66180192692265,16.5,19.0,0.0,10000.0,36568.44926247536,25000.0,0.0,25.977298383893604,17.0,20.0,0.0,121.0,10.007675788344292,9.0,11.0,1.0,14726.495622087114,10000.0,19000.0,1.0,16.5,17.491339741357642,19.0,1.0,21195.25469133836,10000.0,25000.0,1.0,18.786870740616944,17.0,20.0,1.0,0.0,111.0,1.0,50.0
11.0,22.0,11.0,22.0,-121.0,11.0,11.0,-111.0,10.175564672411056,9.0,11.0,30000.0,10000.0,19000.0,0.0,25.21367101877146,16.5,19.0,0.0,10000.0,37146.814034211275,25000.0,0.0,26.555780303291012,17.0,20.0,0.0,122.0,10.179088187996944,9.0,11.0,1.0,18075.771558564353,10000.0,19000.0,1.0,16.5,18.097097438146093,19.0,1.0,25026.735948679212,10000.0,25000.0,0.0,19.402427869255803,17.0,20.0,1.0,0.0,111.0,1.0,38.0
91.0,24.0,91.0,24.0,-721.0,911.0,12.0,-711.0,13.88808598285145,12.0,17.0,30000.0,18000.0,36000.0,1.0,22.959317801971206,20.0,25.0,1.0,18000.0,34507.86501034966,36000.0,1.0,23.52491581608121,20.0,26.0,1.0,721.0,14.306209259019058,12.0,17.0,1.0,24476.440872694064,18000.0,36000.0,1.0,20.0,22.423246745072355,25.0,1.0,28941.314537510963,18000.0,36000.0,1.0,22.98345067138217,20.0,26.0,1.0,1.0,91121.0,7.0,13.0
11.0,22.0,11.0,22.0,-121.0,21.0,13.0,-111.0,10.198750877920821,9.0,11.0,30000.0,10000.0,19000.0,0.0,25.076877274403987,16.5,19.0,0.0,10000.0,36959.67651770668,25000.0,0.0,26.39093831583315,17.0,20.0,0.0,122.0,10.22645855544241,9.0,11.0,1.0,16371.147673751122,10000.0,19000.0,1.0,16.5,17.810188060715213,19.0,1.0,23338.132320696626,10000.0,25000.0,1.0,19.125628954770292,17.0,20.0,1.0,0.0,211.0,1.0,3.0
11.0,22.0,11.0,22.0,-121.0,11.0,11.0,-111.0,10.012868861640593,9.0,11.0,30000.0,10000.0,19000.0,0.0,25.362149727053392,16.5,19.0,0.0,10000.0,36503.65702837437,25000.0,0.0,26.664868811794292,17.0,20.0,0.0,121.0,9.989853289765446,9.0,11.0,1.0,15901.46495286871,10000.0,19000.0,1.0,16.5,17.69693428130332,19.0,1.0,22412.42649374943,10000.0,25000.0,1.0,19.001116500985876,17.0,20.0,1.0,0.0,111.0,1.0,57.0
11.0,22.0,11.0,22.0,-121.0,21.0,13.0,-111.0,10.215226343877672,9.0,11.0,30000.0,10000.0,19000.0,0.0,25.950924681404793,16.5,19.0,0.0,10000.0,36962.99329888676,25000.0,0.0,27.26138781722159,17.0,20.0,0.0,122.0,10.195899811751824,9.0,11.0,1.0,14797.347694227688,10000.0,19000.0,1.0,16.5,17.49834270882894,19.0,1.0,21740.15046626321,10000.0,25000.0,1.0,18.80500590688973,17.0,20.0,1.0,0.0,211.0,1.0,41.0
81.0,23.0,81.0,21.0,-721.0,912.0,12.0,-711.0,15.470648126945806,12.0,17.0,30000.0,12500.0,23000.0,0.0,26.20171231645797,20.0,24.0,0.0,12500.0,34567.89892057105,26000.0,0.0,26.77644910441365,20.0,25.0,0.0,721.0,16.08768500436866,12.0,17.0,1.0,15161.748500751062,12500.0,23000.0,1.0,20.0,22.479383707287557,24.0,1.0,19614.77305734641,12500.0,26000.0,1.0,23.039666908568513,20.0,25.0,1.0,0.0,912.0,7.0,11.0
11.0,22.0,11.0,22.0,-121.0,21.0,13.0,-111.0,10.21215070773838,9.0,11.0,30000.0,10000.0,19000.0,0.0,25.678102195673155,16.5,19.0,0.0,10000.0,36889.087648736044,25000.0,0.0,26.98130975640948,17.0,20.0,0.0,122.0,10.18862792845243,9.0,11.0,1.0,14591.154418823207,10000.0,19000.0,1.0,16.5,17.467830946474706,19.0,1.0,21534.35815897979,10000.0,25000.0,1.0,18.781275639193186,17.0,20.0,1.0,0.0,211.0,1.0,36.0
11.0,22.0,11.0,21.0,-121.0,21.0,13.0,-111.0,10.002596029620527,9.0,11.0,30000.0,10000.0,19000.0,0.0,26.90698179828258,16.5,19.0,0.0,10000.0,36453.859411598714,25000.0,0.0,28.199261068831703,17.0,20.0,0.0,121.0,9.998738114391786,9.0,11.0,1.0,13278.8933613393,10000.0,19000.0,1.0,16.5,17.15385870053057,19.0,1.0,19779.88589032767,10000.0,25000.0,1.0,18.45557560314982,17.0,20.0,1.0,0.0,211.0,1.0,58.0
11.0,22.0,11.0,22.0,-121.0,21.0,13.0,-111.0,10.00417154911143,9.0,11.0,30000.0,10000.0,19000.0,0.0,24.402736967317022,16.5,19.0,0.0,10000.0,36575.771102554245,25000.0,0.0,25.719157100860556,17.0,20.0,0.0,121.0,10.001419868106696,9.0,11.0,1.0,15380.890367981141,10000.0,19000.0,1.0,16.5,17.586483982387634,19.0,1.0,21815.605423692403,10000.0,25000.0,1.0,18.874665751619787,17.0,20.0,1.0,0.0,211.0,1.0,41.0
11.0,21.0,11.0,22.0,-121.0,21.0,13.0,-111.0,10.00790445586128,9.0,11.0,30000.0,10000.0,19000.0,0.0,28.785171681974177,16.5,19.0,0.0,10000.0,36530.584410245654,25000.0,0.0,30.084010983978146,17.0,20.0,0.0,121.0,9.989026815566477,9.0,11.0,1.0,12796.193254759904,10000.0,19000.0,1.0,16.5,17.04670826472873,19.0,1.0,19396.835172944473,10000.0,25000.0,1.0,18.359480997340956,17.0,20.0,1.0,0.0,211.0,1.0,59.0
11.0,22.0,11.0,22.0,-121.0,11.0,12.0,-111.0,10.00748637947407,9.0,11.0,30000.0,10000.0,19000.0,0.0,23.704327444988223,16.5,19.0,0.0,10000.0,36422.63138695404,25000.0,0.0,24.99281629487608,17.0,20.0,0.0,121.0,9.988926203431747,9.0,11.0,1.0,17418.622959332526,10000.0,19000.0,1.0,16.5,18.00014717705122,19.0,1.0,23942.621267823684,10000.0,25000.0,1.0,19.30897195162149,17.0,20.0,1.0,0.0,111.0,1.0,49.0
91.0,24.0,91.0,21.0,-721.0,911.0,12.0,-711.0,15.19837826284615,12.0,17.0,30000.0,18000.0,36000.0,1.0,24.539873298736612,20.0,25.0,1.0,18000.0,34544.173236481445,36000.0,1.0,25.107146847724238,20.0,26.0,1.0,721.0,14.47775587382272,12.0,17.0,1.0,21560.501978099022,18000.0,36000.0,1.0,20.0,22.173714229454124,25.0,1.0,26072.545288676778,18000.0,36000.0,1.0,22.736976827241698,20.0,26.0,1.0,1.0,91121.0,7.0,29.0
11.0,22.0,11.0,22.0,-121.0,21.0,13.0,-111.0,10.180359364066083,9.0,11.0,30000.0,10000.0,19000.0,0.0,25.744319670166362,16.5,19.0,0.0,10000.0,37082.677719639054,25000.0,0.0,27.08174024498735,17.0,20.0,0.0,122.0,10.1729296952413,9.0,11.0,1.0,14651.659879794714,10000.0,19000.0,1.0,16.5,17.455659836791117,19.0,1.0,21796.885276112218,10000.0,25000.0,1.0,18.804891276514944,17.0,20.0,1.0,0.0,211.0,1.0,21.0
11.0,22.0,11.0,22.0,-121.0,21.0,13.0,-111.0,10.195219387187207,9.0,11.0,30000.0,10000.0,19000.0,0.0,25.32760745587079,16.5,19.0,0.0,10000.0,36959.98733476199,25000.0,0.0,26.643786048942143,17.0,20.0,0.0,122.0,10.21899500819787,9.0,11.0,1.0,13394.72770082783,10000.0,19000.0,1.0,16.5,17.30280525885083,19.0,1.0,20291.92968580428,10000.0,25000.0,1.0,18.607110736444877,17.0,20.0,1.0,0.0,211.0,1.0,21.0
11.0,22.0,11.0,22.0,-121.0,11.0,11.0,-111.0,9.990391932626114,9.0,11.0,30000.0,10000.0,19000.0,0.0,25.735961510599303,16.5,19.0,0.0,10000.0,36567.63704099532,25000.0,0.0,27.058982819112405,17.0,20.0,0.0,121.0,10.004896756803815,9.0,11.0,1.0,17450.868228850522,10000.0,19000.0,1.0,16.5,18.07561077022243,19.0,1.0,23960.27106508798,10000.0,25000.0,1.0,19.386901056862968,17.0,20.0,1.0,0.0,111.0,1.0,50.0
91.0,24.0,91.0,24.0,-721.0,911.0,12.0,-711.0,14.789416162794948,12.0,17.0,30000.0,18000.0,36000.0,1.0,24.263333889352115,20.0,25.0,1.0,18000.0,34514.55974307606,36000.0,1.0,24.82756291549454,20.0,26.0,1.0,721.0,14.770281253470216,12.0,17.0,1.0,27123.905975886733,18000.0,36000.0,1.0,20.0,23.218387996825477,25.0,1.0,31647.203717322365,18000.0,36000.0,1.0,23.783709096743735,20.0,26.0,1.0,1.0,91121.0,7.0,1.0
11.0,22.0,11.0,22.0,-121.0,21.0,13.0,-111.0,10.192329413478166,9.0,11.0,30000.0,10000.0,19000.0,0.0,25.0095285703863,16.5,19.0,0.0,10000.0,36902.8281957339,25000.0,0.0,26.31378317235633,17.0,20.0,0.0,122.0,10.173452298029847,9.0,11.0,1.0,14840.915831477534,10000.0,19000.0,1.0,16.5,17.533412384718954,19.0,1.0,21649.65641502093,10000.0,25000.0,1.0,18.819889606503907,17.0,20.0,1.0,0.0,211.0,1.0,28.0
11.0,22.0,11.0,22.0,-121.0,11.0,11.0,-111.0,10.182499522573059,9.0,11.0,30000.0,10000.0,19000.0,0.0,24.718053952387102,16.5,19.0,0.0,10000.0,37081.89131969582,25000.0,0.0,26.053924685614405,17.0,20.0,0.0,122.0,10.203350125223384,9.0,11.0,1.0,16865.26065952415,10000.0,19000.0,1.0,16.5,17.91668473881247,19.0,1.0,23779.63024661716,10000.0,25000.0,1.0,19.220955526536343,17.0,20.0,1.0,0.0,111.0,1.0,50.0
11.0,22.0,11.0,22.0,-121.0,11.0,11.0,-111.0,10.210877864404486,9.0,11.0,30000.0,10000.0,19000.0,0.0,24.006922049598586,16.5,19.0,0.0,10000.0,37169.38866572819,25000.0,0.0,25.356830706087777,17.0,20.0,0.0,122.0,10.207537626145976,9.0,11.0,1.0,18465.89077864797,10000.0,19000.0,1.0,16.5,18.195406464375274,19.0,1.0,25333.64936605083,10000.0,25000.0,0.0,19.48852184702017,17.0,20.0,1.0,0.0,111.0,1.0,55.0
92.0,24.0,92.0,24.0,-721.0,921.0,13.0,-711.0,15.185944034304478,12.0,17.0,30000.0,15000.0,28000.0,0.0,24.510216897133972,19.5,25.0,1.0,15000.0,33976.33438660446,28000.0,0.0,24.993931807028265,20.0,26.0,1.0,722.0,15.113872408987902,12.0,17.0,1.0,21017.97483240837,15000.0,28000.0,1.0,19.5,21.71097297664423,25.0,1.0,24991.041458570606,15000.0,28000.0,1.0,22.194290368549794,20.0,26.0,1.0,0.0,92122.0,7.0,22.0
11.0,22.0,11.0,22.0,-121.0,21.0,13.0,-111.0,10.010054434551353,9.0,11.0,30000.0,10000.0,19000.0,0.0,27.197203045213563,16.5,19.0,0.0,10000.0,36566.194378775916,25000.0,0.0,28.511257520000512,17.0,20.0,0.0,121.0,10.008641784182787,9.0,11.0,1.0,15895.108852492438,10000.0,19000.0,1.0,16.5,17.750135216668042,19.0,1.0,22424.103507734544,10000.0,25000.0,1.0,19.056745126102427,17.0,20.0,1.0,0.0,211.0,1.0,47.0
91.0,24.0,91.0,24.0,-721.0,911.0,11.0,-711.0,14.923907037375223,12.0,17.0,30000.0,18000.0,36000.0,1.0,25.130359479350474,20.0,25.0,0.0,18000.0,34564.11809580827,36000.0,1.0,25.701369405869166,20.0,26.0,1.0,721.0,14.647321642574878,12.0,17.0,1.0,24572.014889830887,18000.0,36000.0,1.0,20.0,22.711523664180458,25.0,1.0,29011.930585966787,18000.0,36000.0,1.0,23.266994815930044,20.0,26.0,1.0,0.0,91121.0,7.0,0.0
11.0,21.0,11.0,22.0,-121.0,21.0,13.0,-111.0,10.199212288378682,9.0,11.0,30000.0,10000.0,19000.0,0.0,26.02426395058148,16.5,19.0,0.0,10000.0,36926.59753889778,25000.0,0.0,27.335614513044387,17.0,20.0,0.0,122.0,10.200325339391497,9.0,11.0,1.0,15769.832865010772,10000.0,19000.0,1.0,16.5,17.72844783281785,19.0,1.0,22745.114001481088,10000.0,25000.0,1.0,19.049015223990803,17.0,20.0,1.0,0.0,211.0,1.0,24.0
91.0,24.0,91.0,24.0,-721.0,911.0,12.0,-711.0,14.473903525586849,12.0,17.0,30000.0,18000.0,36000.0,1.0,23.934383993839276,20.0,25.0,1.0,18000.0,34492.10626133721,36000.0,1.0,24.496988586648005,20.0,26.0,1.0,721.0,14.618323125931088,12.0,17.0,1.0,29265.679149060077,18000.0,36000.0,1.0,20.0,23.310615979994513,25.0,1.0,33832.15613608332,18000.0,36000.0,1.0,23.882534981102438,20.0,26.0,1.0,1.0,91121.0,7.0,8.0
11.0,22.0,11.0,22.0,-121.0,21.0,12.0,-111.0,10.210900974144046,9.0,11.0,30000.0,10000.0,19000.0,0.0,24.31107454518638,16.5,19.0,0.0,10000.0,37045.39178474554,25000.0,0.0,25.641059055825362,17.0,20.0,0.0,122.0,10.193155968879042,9.0,11.0,1.0,14306.077565292588,10000.0,19000.0,1.0,16.5,17.416079423222023,19.0,1.0,21289.20514122716,10000.0,25000.0,1.0,18.73431009024012,17.0,20.0,1.0,0.0,211.0,1.0,25.0
11.0,22.0,11.0,21.0,-121.0,11.0,11.0,-111.0,10.007159799326208,9.0,11.0,30000.0,10000.0,19000.0,0.0,23.76991455893129,16.5,19.0,0.0,10000.0,36549.63140129417,25000.0,0.0,25.07971232606931,17.0,20.0,0.0,121.0,10.011796559814622,9.0,11.0,1.0,11942.566955979992,10000.0,19000.0,1.0,16.5,16.862446465969537,19.0,1.0,18419.565085111055,10000.0,25000.0,1.0,18.157719003843454,17.0,20.0,1.0,0.0,111.0,1.0,26.0
11.0,22.0,11.0,22.0,-121.0,21.0,13.0,-111.0,9.994563678199349,9.0,11.0,30000.0,10000.0,19000.0,0.0,26.3419800033312,16.5,19.0,0.0,10000.0,36484.33109357136,25000.0,0.0,27.640198623099042,17.0,20.0,0.0,121.0,9.979415529462534,9.0,11.0,1.0,14803.094080056964,10000.0,19000.0,1.0,16.5,17.477988958427197,19.0,1.0,21356.33730582462,10000.0,25000.0,1.0,18.79000437725637,17.0,20.0,1.0,0.0,211.0,1.0,16.0
11.0,21.0,11.0,22.0,-121.0,21.0,13.0,-111.0,10.199747374127492,9.0,11.0,30000.0,10000.0,19000.0,0.0,27.535826099083046,16.5,19.0,0.0,10000.0,36940.55984876568,25000.0,0.0,28.852687279258763,17.0,20.0,0.0,122.0,10.205945284240105,9.0,11.0,1.0,13055.859508873496,10000.0,19000.0,1.0,16.5,17.215033402859316,19.0,1.0,19979.580274939843,10000.0,25000.0,1.0,18.528699634097237,17.0,20.0,1.0,0.0,211.0,1.0,24.0
11.0,22.0,11.0,21.0,-121.0,11.0,11.0,-111.0,10.215057194428692,9.0,11.0,30000.0,10000.0,19000.0,0.0,23.759593951685865,16.5,19.0,0.0,10000.0,37013.98116612602,25000.0,0.0,25.081371865008084,17.0,20.0,0.0,122.0,10.21644025443107,9.0,11.0,1.0,13331.018413611171,10000.0,19000.0,1.0,16.5,17.201037591808678,19.0,1.0,20266.802362620117,10000.0,25000.0,1.0,18.50807931579412,17.0,20.0,1.0,0.0,111.0,1.0,12.0
91.0,24.0,91.0,24.0,-721.0,911.0,12.0,-711.0,15.246142311558751,12.0,17.0,30000.0,18000.0,36000.0,1.0,25.840971435286477,20.0,25.0,0.0,18000.0,33846.90698667841,36000.0,1.0,26.31383471140011,20.0,26.0,0.0,722.0,15.383634294116021,12.0,17.0,1.0,26696.066577577018,18000.0,36000.0,1.0,20.0,23.639374358928812,25.0,1.0,30692.05082873175,18000.0,36000.0,1.0,24.13056226933135,20.0,26.0,1.0,0.0,91121.0,7.0,23.0
11.0,21.0,11.0,22.0,-121.0,11.0,12.0,-111.0,10.190419237999958,9.0,11.0,30000.0,10000.0,19000.0,0.0,25.52280985632508,16.5,19.0,0.0,10000.0,36893.65862009931,25000.0,0.0,26.824658207413787,17.0,20.0,0.0,122.0,10.193043533047234,9.0,11.0,1.0,16028.988053655923,10000.0,19000.0,1.0,16.5,17.708797132863722,19.0,1.0,23052.807084596512,10000.0,25000.0,1.0,19.035225917299783,17.0,20.0,1.0,0.0,111.0,1.0,51.0
91.0,24.0,91.0,21.0,-721.0,911.0,12.0,-711.0,15.25475647189295,12.0,17.0,30000.0,18000.0,36000.0,1.0,24.657752915811507,20.0,25.0,1.0,18000.0,33972.991919936365,36000.0,1.0,25.143326652450778,20.0,26.0,1.0,722.0,15.417714351545149,12.0,17.0,1.0,23966.72213168079,18000.0,36000.0,1.0,20.0,23.250689714723332,25.0,1.0,27934.38488933147,18000.0,36000.0,1.0,23.735612128305227,20.0,26.0,1.0,1.0,91121.0,7.0,29.0
11.0,22.0,11.0,22.0,-121.0,11.0,11.0,-111.0,9.987608857127524,9.0,11.0,30000.0,10000.0,19000.0,0.0,23.40356143909529,16.5,19.0,0.0,10000.0,36531.3546845904,25000.0,0.0,24.71491667020618,17.0,20.0,0.0,121.0,9.987085987531213,9.0,11.0,1.0,15638.84012082674,10000.0,19000.0,1.0,16.5,17.671304494409405,19.0,1.0,22202.563292707036,10000.0,25000.0,1.0,18.98915862003461,17.0,20.0,1.0,0.0,111.0,1.0,27.0
81.0,23.0,81.0,23.0,-721.0,912.0,12.0,-711.0,14.950788348493969,12.0,17.0,30000.0,12500.0,23000.0,0.0,25.619823305288257,20.0,24.0,0.0,12500.0,33999.79716162167,26000.0,0.0,26.108737409629587,20.0,25.0,0.0,722.0,15.374683642493283,12.0,17.0,1.0,17739.065035898755,12500.0,23000.0,1.0,20.0,22.11234087661117,24.0,1.0,21699.162003693884,12500.0,26000.0,1.0,22.596402238695187,20.0,25.0,1.0,0.0,912.0,7.0,31.0
11.0,22.0,11.0,22.0,-121.0,11.0,11.0,-111.0,10.221388646641453,9.0,11.0,30000.0,10000.0,19000.0,0.0,23.69073781331661,16.5,19.0,0.0,10000.0,37006.449356825666,25000.0,0.0,25.009276344393204,17.0,20.0,0.0,122.0,10.191790492338782,9.0,11.0,1.0,16186.244466101565,10000.0,19000.0,1.0,16.5,17.775866229469354,19.0,1.0,23025.347786016384,10000.0,25000.0,1.0,19.062912033423764,17.0,20.0,1.0,0.0,111.0,1.0,44.0
81.0,23.0,81.0,23.0,-721.0,912.0,11.0,-711.0,15.321403883301778,12.0,17.0,30000.0,12500.0,23000.0,0.0,25.652516993600905,20.0,24.0,0.0,12500.0,33950.307589380296,26000.0,0.0,26.133866137476,20.0,25.0,0.0,722.0,15.246514072421485,12.0,17.0,1.0,18423.52580321597,12500.0,23000.0,1.0,20.0,22.127965426879356,24.0,1.0,22385.168526185822,12500.0,26000.0,1.0,22.610695768730963,20.0,25.0,1.0,0.0,912.0,7.0,17.0
11.0,22.0,11.0,21.0,-121.0,21.0,13.0,-111.0,9.999514691804048,9.0,11.0,30000.0,10000.0,19000.0,0.0,26.20285830258169,16.5,19.0,0.0,10000.0,36539.475283895634,25000.0,0.0,27.500455165384878,17.0,20.0,0.0,121.0,9.996862543010028,9.0,11.0,1.0,12661.60292381391,10000.0,19000.0,1.0,16.5,17.000684879333143,19.0,1.0,19114.75859783579,10000.0,25000.0,1.0,18.281153754016792,17.0,20.0,1.0,0.0,211.0,1.0,58.0
81.0,21.0,81.0,21.0,-721.0,912.0,12.0,-711.0,14.543705498973793,12.0,17.0,30000.0,12500.0,23000.0,0.0,27.061229336859114,20.0,24.0,0.0,12500.0,34515.87210762909,26000.0,0.0,27.62256446936166,20.0,25.0,0.0,721.0,15.975403537874438,12.0,17.0,1.0,14913.984118648086,12500.0,23000.0,1.0,20.0,22.281860656086607,24.0,1.0,19436.458401854852,12500.0,26000.0,1.0,22.84401645689294,20.0,25.0,1.0,0.0,912.0,7.0,6.0
11.0,21.0,11.0,22.0,-121.0,11.0,12.0,-111.0,10.207147989346781,9.0,11.0,30000.0,10000.0,19000.0,0.0,24.17484778697814,16.5,19.0,0.0,10000.0,37002.68137058354,25000.0,0.0,25.4915180345541,17.0,20.0,0.0,122.0,10.215019312692988,9.0,11.0,1.0,15120.356483709369,10000.0,19000.0,1.0,16.5,17.56038253483004,19.0,1.0,22176.96283023909,10000.0,25000.0,1.0,18.88719195734088,17.0,20.0,1.0,0.0,111.0,1.0,7.0
11.0,22.0,11.0,22.0,-121.0,21.0,12.0,-111.0,10.19811588576089,9.0,11.0,30000.0,10000.0,19000.0,0.0,23.20144996733164,16.5,19.0,0.0,10000.0,36940.46442752962,25000.0,0.0,24.50980756612299,17.0,20.0,0.0,122.0,10.215502696034,9.0,11.0,1.0,14829.947589560214,10000.0,19000.0,1.0,16.5,17.56313556154388,19.0,1.0,21816.429816511343,10000.0,25000.0,1.0,18.880168046314616,17.0,20.0,1.0,0.0,211.0,1.0,25.0
11.0,21.0,11.0,22.0,-121.0,21.0,12.0,-111.0,10.002628775096392,9.0,11.0,30000.0,10000.0,19000.0,0.0,25.005456200589574,16.5,19.0,0.0,10000.0,36453.6679384266,25000.0,0.0,26.296876849353126,17.0,20.0,0.0,121.0,10.005771518726045,9.0,11.0,1.0,14114.13849147629,10000.0,19000.0,1.0,16.5,17.378979014585735,19.0,1.0,20584.705730143123,10000.0,25000.0,1.0,18.673781322506237,17.0,20.0,1.0,0.0,211.0,1.0,37.0
11.0,22.0,11.0,22.0,-121.0,21.0,13.0,-111.0,10.18649101464188,9.0,11.0,30000.0,10000.0,19000.0,0.0,25.249081191921526,16.5,19.0,0.0,10000.0,36930.72744745153,25000.0,0.0,26.556887386893116,17.0,20.0,0.0,122.0,10.216184723804432,9.0,11.0,1.0,13361.516645702599,10000.0,19000.0,1.0,16.5,17.28046359315146,19.0,1.0,20537.58548607649,10000.0,25000.0,1.0,18.634564927555317,17.0,20.0,1.0,0.0,211.0,1.0,8.0
11.0,22.0,11.0,22.0,-121.0,21.0,13.0,-111.0,10.006329543370748,9.0,11.0,30000.0,10000.0,19000.0,0.0,24.777417420717228,16.5,19.0,0.0,10000.0,36488.47176662707,25000.0,0.0,26.07926366927744,17.0,20.0,0.0,121.0,9.998463153677609,9.0,11.0,1.0,14024.227477781575,10000.0,19000.0,1.0,16.5,17.343646806735997,19.0,1.0,20545.10478113786,10000.0,25000.0,1.0,18.651994898556207,17.0,20.0,1.0,0.0,211.0,1.0,21.0
91.0,24.0,91.0,24.0,-721.0,911.0,12.0,-711.0,15.075195759220012,12.0,17.0,30000.0,18000.0,36000.0,1.0,24.736863440544234,20.0,25.0,1.0,18000.0,33969.0615880214,36000.0,1.0,25.221157787836535,20.0,26.0,1.0,722.0,15.329964343700206,12.0,17.0,1.0,24062.722813413126,18000.0,36000.0,1.0,20.0,23.265992529407246,25.0,1.0,27994.798606796205,18000.0,36000.0,1.0,23.745773968326567,20.0,26.0,1.0,1.0,91121.0,7.0,1.0
81.0,23.0,81.0,23.0,-721.0,912.0,12.0,-711.0,15.328793674328939,12.0,17.0,30000.0,12500.0,23000.0,0.0,25.847358847399605,20.0,24.0,0.0,12500.0,33972.38766163096,26000.0,0.0,26.331134459592928,20.0,25.0,0.0,722.0,15.15767804614507,12.0,17.0,1.0,16526.338573499816,12500.0,23000.0,1.0,20.0,21.668589973182456,24.0,1.0,20575.12244525957,12500.0,26000.0,1.0,22.161669466686583,20.0,25.0,1.0,0.0,912.0,7.0,10.0
81.0,21.0,81.0,23.0,-721.0,912.0,12.0,-711.0,15.287723215525498,12.0,17.0,30000.0,12500.0,23000.0,0.0,27.63201088919932,20.0,24.0,0.0,12500.0,34015.21273282787,26000.0,0.0,28.121674161529853,20.0,25.0,0.0,722.0,15.279659975664057,12.0,17.0,1.0,19122.20860159207,12500.0,23000.0,1.0,20.0,22.242470725647024,24.0,1.0,22986.51407932803,12500.0,26000.0,1.0,22.713730554557838,20.0,25.0,1.0,0.0,912.0,7.0,7.0
11.0,22.0,11.0,22.0,-121.0,21.0,13.0,-111.0,10.17358179136128,9.0,11.0,30000.0,10000.0,19000.0,0.0,26.958059643560112,16.5,19.0,0.0,10000.0,36862.67669957069,25000.0,0.0,28.2545878897058,17.0,20.0,0.0,122.0,10.216874509552161,9.0,11.0,1.0,14156.078307243704,10000.0,19000.0,1.0,16.5,17.428156466866525,19.0,1.0,21136.789308621373,10000.0,25000.0,1.0,18.746984292754387,17.0,20.0,1.0,0.0,211.0,1.0,22.0
11.0,22.0,11.0,22.0,-121.0,21.0,12.0,-111.0,10.207038748808362,9.0,11.0,30000.0,10000.0,19000.0,0.0,24.103970125778623,16.5,19.0,0.0,10000.0,36988.65307613283,25000.0,0.0,25.422152839205026,17.0,20.0,0.0,122.0,10.214205229925065,9.0,11.0,1.0,14841.409641128947,10000.0,19000.0,1.0,16.5,17.570769184161634,19.0,1.0,21847.869380574113,10000.0,25000.0,1.0,18.89231054703113,17.0,20.0,1.0,0.0,211.0,1.0,48.0
11.0,22.0,11.0,22.0,-121.0,11.0,11.0,-111.0,9.98604229803286,9.0,11.0,30000.0,10000.0,19000.0,0.0,25.077322798949528,16.5,19.0,0.0,10000.0,36506.555055081255,25000.0,0.0,26.38051285293057,17.0,20.0,0.0,121.0,9.990432343913952,9.0,11.0,1.0,18077.183554450316,10000.0,19000.0,1.0,16.5,18.20769084388695,19.0,1.0,24546.89948384867,10000.0,25000.0,1.0,19.503502433875774,17.0,20.0,1.0,0.0,111.0,1.0,17.0
11.0,21.0,11.0,21.0,-121.0,21.0,12.0,-111.0,10.218335091735714,9.0,11.0,30000.0,10000.0,19000.0,0.0,25.173255796923254,16.5,19.0,0.0,10000.0,36960.85439892748,25000.0,0.0,26.48907367500099,17.0,20.0,0.0,122.0,10.192943641410572,9.0,11.0,1.0,13976.75884189619,10000.0,19000.0,1.0,16.5,17.276389097941465,19.0,1.0,20760.96312997832,10000.0,25000.0,1.0,18.558814613430705,17.0,20.0,1.0,0.0,211.0,1.0,6.0
11.0,21.0,11.0,22.0,-121.0,21.0,13.0,-111.0,9.9784608245458,9.0,11.0,30000.0,10000.0,19000.0,0.0,25.693798611905613,16.5,19.0,0.0,10000.0,36491.31505265519,25000.0,0.0,26.9898212935445,17.0,20.0,0.0,121.0,9.992980201767033,9.0,11.0,1.0,15505.953693463318,10000.0,19000.0,1.0,16.5,17.62472429900741,19.0,1.0,22017.099493425896,10000.0,25000.0,1.0,18.924706285979003,17.0,20.0,1.0,0.0,211.0,1.0,52.0
11.0,22.0,11.0,21.0,-121.0,11.0,12.0,-111.0,10.000607942491312,9.0,11.0,30000.0,10000.0,19000.0,0.0,24.70446908010758,16.5,19.0,0.0,10000.0,36471.42274362255,25000.0,0.0,26.004993444828425,17.0,20.0,0.0,121.0,9.994251813865594,9.0,11.0,1.0,15192.481176254232,10000.0,19000.0,1.0,16.5,17.532838418246126,19.0,1.0,21728.31172910404,10000.0,25000.0,1.0,18.846306447520625,17.0,20.0,1.0,0.0,111.0,1.0,46.0
11.0,22.0,11.0,22.0,-121.0,11.0,11.0,-111.0,10.208969129020973,9.0,11.0,30000.0,10000.0,19000.0,0.0,24.086741918742497,16.5,19.0,0.0,10000.0,36792.75505955677,25000.0,0.0,25.367634618178805,17.0,20.0,0.0,122.0,10.194599952280882,9.0,11.0,1.0,14892.635461276388,10000.0,19000.0,1.0,16.5,17.52643133784414,19.0,1.0,21938.170931317967,10000.0,25000.0,1.0,18.854990202115136,17.0,20.0,1.0,0.0,111.0,1.0,38.0
81.0,21.0,81.0,23.0,-721.0,912.0,12.0,-711.0,15.101240101278684,12.0,17.0,30000.0,12500.0,23000.0,0.0,28.07764729119218,20.0,24.0,0.0,12500.0,34540.822751628715,26000.0,0.0,28.64507908872198,20.0,25.0,0.0,721.0,14.862277612902819,12.0,17.0,1.0,19590.81943824613,12500.0,23000.0,1.0,20.0,21.945173884472712,24.0,1.0,24125.142247058222,12500.0,26000.0,1.0,22.511793433994168,20.0,25.0,1.0,0.0,912.0,7.0,7.0
11.0,22.0,11.0,22.0,-121.0,21.0,12.0,-111.0,10.209651355227319,9.0,11.0,30000.0,10000.0,19000.0,0.0,23.91399077181146,16.5,19.0,0.0,10000.0,37093.736845532345,25000.0,0.0,25.250380354019075,17.0,20.0,0.0,122.0,10.211531780238321,9.0,11.0,1.0,18209.0907221758,10000.0,19000.0,1.0,16.5,18.222106081511114,19.0,1.0,25342.77652426598,10000.0,25000.0,0.0,19.566021650448498,17.0,20.0,1.0,0.0,211.0,1.0,25.0
11.0,22.0,11.0,22.0,-121.0,21.0,13.0,-111.0,9.993886333796295,9.0,11.0,30000.0,10000.0,19000.0,0.0,26.13346241656012,16.5,19.0,0.0,10000.0,36483.62677232295,25000.0,0.0,27.426831140607092,17.0,20.0,0.0,121.0,10.006778119819502,9.0,11.0,1.0,15557.46701375925,10000.0,19000.0,1.0,16.5,17.687748453116242,19.0,1.0,22059.19372945783,10000.0,25000.0,1.0,18.984727795338983,17.0,20.0,1.0,0.0,211.0,1.0,36.0
11.0,22.0,11.0,21.0,-121.0,11.0,12.0,-111.0,10.192010898547943,9.0,11.0,30000.0,10000.0,19000.0,0.0,23.732384295576907,16.5,19.0,0.0,10000.0,36939.86742255469,25000.0,0.0,25.04190346365737,17.0,20.0,0.0,122.0,10.208650274266606,9.0,11.0,1.0,13720.526440459907,10000.0,19000.0,1.0,16.5,17.26729128807404,19.0,1.0,20721.925050811857,10000.0,25000.0,1.0,18.588421091480676,17.0,20.0,1.0,0.0,111.0,1.0,45.0
11.0,21.0,11.0,22.0,-121.0,11.0,12.0,-111.0,9.99321033685659,9.0,11.0,30000.0,10000.0,19000.0,0.0,25.061822470512098,16.5,19.0,0.0,10000.0,36549.16369818819,25000.0,0.0,26.36743291582636,17.0,20.0,0.0,121.0,10.00298864297784,9.0,11.0,1.0,15193.665571770242,10000.0,19000.0,1.0,16.5,17.557226507117235,19.0,1.0,21673.101262522425,10000.0,25000.0,1.0,18.848936305106925,17.0,20.0,1.0,0.0,111.0,1.0,51.0
91.0,21.0,91.0,24.0,-721.0,911.0,12.0,-711.0,15.25093359416026,12.0,17.0,30000.0,18000.0,36000.0,1.0,24.56919596370495,20.0,25.0,1.0,18000.0,34473.900281244605,36000.0,1.0,25.12870893091399,20.0,26.0,1.0,721.0,14.315517400045703,12.0,17.0,1.0,25319.08624745283,18000.0,36000.0,1.0,20.0,22.46733657628655,25.0,1.0,29836.764877207625,18000.0,36000.0,1.0,23.032324532237993,20.0,26.0,1.0,1.0,91121.0,7.0,26.0
81.0,21.0,81.0,21.0,-721.0,912.0,12.0,-711.0,15.30576673793888,12.0,17.0,30000.0,12500.0,23000.0,0.0,27.99114746453882,20.0,24.0,0.0,12500.0,34082.135821738426,26000.0,0.0,28.491678883106555,20.0,25.0,0.0,722.0,15.22721648580135,12.0,17.0,1.0,16275.661698213002,12500.0,23000.0,1.0,20.0,21.733077625748145,24.0,1.0,20297.254830097176,12500.0,26000.0,1.0,22.226185597434156,20.0,25.0,1.0,0.0,912.0,7.0,6.0
11.0,22.0,11.0,22.0,-121.0,21.0,13.0,-111.0,10.001351583127915,9.0,11.0,30000.0,10000.0,19000.0,0.0,26.89219654875822,16.5,19.0,0.0,10000.0,36445.99341446161,25000.0,0.0,28.1818934906521,17.0,20.0,0.0,121.0,10.010407113973152,9.0,11.0,1.0,12738.89998653443,10000.0,19000.0,1.0,16.5,17.065401692206514,19.0,1.0,19339.11322934107,10000.0,25000.0,1.0,18.385954520572408,17.0,20.0,1.0,0.0,211.0,1.0,4.0
11.0,22.0,11.0,21.0,-121.0,11.0,11.0,-111.0,10.176735466924919,9.0,11.0,30000.0,10000.0,19000.0,0.0,23.365707093938006,16.5,19.0,0.0,10000.0,36948.23960081339,25000.0,0.0,24.675756796307173,17.0,20.0,0.0,122.0,10.233724110946628,9.0,11.0,1.0,14786.396376357765,10000.0,19000.0,1.0,16.5,17.489982967823266,19.0,1.0,21786.432059743354,10000.0,25000.0,1.0,18.80979851686094,17.0,20.0,1.0,0.0,111.0,1.0,0.0
81.0,23.0,81.0,21.0,-721.0,912.0,11.0,-711.0,14.513982065043141,12.0,17.0,30000.0,12500.0,23000.0,0.0,25.839967198798934,20.0,24.0,0.0,12500.0,34513.756954829376,26000.0,0.0,26.403103865350136,20.0,25.0,0.0,721.0,15.029802106338883,12.0,17.0,1.0,12793.367672931627,12500.0,23000.0,1.0,20.0,21.091159309120627,24.0,1.0,17296.905518111525,12500.0,26000.0,1.0,21.65302103876213,20.0,25.0,1.0,0.0,912.0,7.0,12.0
11.0,21.0,11.0,21.0,-121.0,11.0,11.0,-111.0,10.222868707386397,9.0,11.0,30000.0,10000.0,19000.0,0.0,26.939562553158357,16.5,19.0,0.0,10000.0,36979.03602421884,25000.0,0.0,28.254305228534413,17.0,20.0,0.0,122.0,10.201037768471753,9.0,11.0,1.0,13429.408267238312,10000.0,19000.0,1.0,16.5,17.206001070109842,19.0,1.0,20469.689466348493,10000.0,25000.0,1.0,18.532281391202456,17.0,20.0,1.0,0.0,111.0,1.0,56.0
11.0,22.0,11.0,22.0,-121.0,21.0,13.0,-111.0,10.191658905818699,9.0,11.0,30000.0,10000.0,19000.0,0.0,26.856754684362937,16.5,19.0,0.0,10000.0,36843.15346025103,25000.0,0.0,28.146100729829946,17.0,20.0,0.0,122.0,10.199853075528567,9.0,11.0,1.0,13604.324218878448,10000.0,19000.0,1.0,16.5,17.30575880953632,19.0,1.0,20667.04901593808,10000.0,25000.0,1.0,18.636475173008982,17.0,20.0,1.0,0.0,211.0,1.0,8.0
91.0,24.0,91.0,24.0,-721.0,911.0,12.0,-711.0,15.05453811872057,12.0,17.0,30000.0,18000.0,36000.0,1.0,25.277581270147373,20.0,25.0,0.0,18000.0,34469.3284373348,36000.0,1.0,25.836143747927757,20.0,26.0,1.0,721.0,14.092079549447467,12.0,17.0,1.0,26842.705412480853,18000.0,36000.0,1.0,20.0,22.378860145474686,25.0,1.0,31317.885375240505,18000.0,36000.0,1.0,22.938153928323814,20.0,26.0,1.0,0.0,91121.0,7.0,24.0
92.0,24.0,92.0,24.0,-721.0,921.0,13.0,-711.0,15.251519146325958,12.0,17.0,30000.0,15000.0,28000.0,0.0,24.48047904523805,19.5,25.0,1.0,15000.0,33956.37223100331,28000.0,0.0,24.95956871714649,20.0,26.0,1.0,722.0,15.384920078156219,12.0,17.0,1.0,23285.453519375656,15000.0,28000.0,1.0,19.5,22.2201872485099,25.0,1.0,27249.67526164512,15000.0,28000.0,1.0,22.700227442653755,20.0,26.0,1.0,0.0,92122.0,7.0,25.0
11.0,21.0,11.0,22.0,-121.0,11.0,12.0,-111.0,9.989986621882224,9.0,11.0,30000.0,10000.0,19000.0,0.0,25.22576645941107,16.5,19.0,0.0,10000.0,36478.86505334052,25000.0,0.0,26.5122302839433,17.0,20.0,0.0,121.0,9.985002409023897,9.0,11.0,1.0,16911.858400379726,10000.0,19000.0,1.0,16.5,17.86774843303124,19.0,1.0,23406.265404001868,10000.0,25000.0,1.0,19.157298316099244,17.0,20.0,1.0,0.0,111.0,1.0,51.0
11.0,22.0,11.0,21.0,-121.0,21.0,12.0,-111.0,10.181653596760615,9.0,11.0,30000.0,10000.0,19000.0,0.0,23.93554101757045,16.5,19.0,0.0,10000.0,36882.26899370987,25000.0,0.0,25.24108956523241,17.0,20.0,0.0,122.0,10.210878743991085,9.0,11.0,1.0,14552.493332649963,10000.0,19000.0,1.0,16.5,17.44190875800918,19.0,1.0,21360.906550568245,10000.0,25000.0,1.0,18.733447056884106,17.0,20.0,1.0,0.0,211.0,1.0,53.0
11.0,22.0,11.0,21.0,-121.0,11.0,11.0,-111.0,10.206686532893656,9.0,11.0,30000.0,10000.0,19000.0,0.0,24.531871896046134,16.5,19.0,0.0,10000.0,36950.86751114261,25000.0,0.0,25.840848044270025,17.0,20.0,0.0,122.0,10.20142793389159,9.0,11.0,1.0,13553.7234354853,10000.0,19000.0,1.0,16.5,17.228468715756875,19.0,1.0,20430.496890767296,10000.0,25000.0,1.0,18.523491590998475,17.0,20.0,1.0,0.0,111.0,1.0,26.0
11.0,22.0,11.0,21.0,-121.0,11.0,11.0,-111.0,10.170278137321095,9.0,11.0,30000.0,10000.0,19000.0,0.0,24.47616399236413,16.5,19.0,0.0,10000.0,37201.08441002008,25000.0,0.0,25.840975544401214,17.0,20.0,0.0,122.0,10.205566293806664,9.0,11.0,1.0,13608.755710293419,10000.0,19000.0,1.0,16.5,17.263739238066783,19.0,1.0,20706.93897426982,10000.0,25000.0,1.0,18.609048078450765,17.0,20.0,1.0,0.0,111.0,1.0,12.0
91.0,24.0,91.0,24.0,-721.0,911.0,12.0,-711.0,14.287393910800999,12.0,17.0,30000.0,18000.0,36000.0,1.0,23.337709734980443,20.0,25.0,1.0,18000.0,34496.067560352254,36000.0,1.0,23.89806004577826,20.0,26.0,1.0,721.0,14.879979410649131,12.0,17.0,1.0,25837.62282516064,18000.0,36000.0,1.0,20.0,23.170798140039977,25.0,1.0,30371.275397610203,18000.0,36000.0,1.0,23.73583271612682,20.0,26.0,1.0,1.0,91121.0,7.0,23.0
11.0,21.0,11.0,21.0,-121.0,21.0,12.0,-111.0,10.205836752725181,9.0,11.0,30000.0,10000.0,19000.0,0.0,25.101349556694764,16.5,19.0,0.0,10000.0,36945.55807970229,25000.0,0.0,26.419096531330325,17.0,20.0,0.0,122.0,10.188802034970799,9.0,11.0,1.0,14100.735793456666,10000.0,19000.0,1.0,16.5,17.344553602929523,19.0,1.0,21166.650712608232,10000.0,25000.0,1.0,18.685135295703063,17.0,20.0,1.0,0.0,211.0,1.0,6.0
11.0,22.0,11.0,21.0,-121.0,21.0,12.0,-111.0,10.005820481911002,9.0,11.0,30000.0,10000.0,19000.0,0.0,24.87753717009329,16.5,19.0,0.0,10000.0,36368.98446710764,25000.0,0.0,26.148664825112036,17.0,20.0,0.0,121.0,9.986292566457605,9.0,11.0,1.0,15867.61964192204,10000.0,19000.0,1.0,16.5,17.60978027403953,19.0,1.0,22417.36606863697,10000.0,25000.0,1.0,18.916984563727247,17.0,20.0,1.0,0.0,211.0,1.0,53.0
11.0,21.0,11.0,22.0,-121.0,21.0,13.0,-111.0,10.014733023164572,9.0,11.0,30000.0,10000.0,19000.0,0.0,26.39833405906453,16.5,19.0,0.0,10000.0,36486.90365322241,25000.0,0.0,27.694823197903595,17.0,20.0,0.0,121.0,9.991871407856312,9.0,11.0,1.0,13843.768749747633,10000.0,19000.0,1.0,16.5,17.273717387643714,19.0,1.0,20394.385273009968,10000.0,25000.0,1.0,18.58294034348189,17.0,20.0,1.0,0.0,211.0,1.0,9.0
91.0,24.0,91.0,24.0,-721.0,911.0,11.0,-711.0,15.192831670319897,12.0,17.0,30000.0,18000.0,36000.0,1.0,24.328093949137763,20.0,25.0,1.0,18000.0,34521.37028486826,36000.0,1.0,24.892513725643884,20.0,26.0,1.0,721.0,15.24995997018161,12.0,17.0,1.0,26949.498573438068,18000.0,36000.0,1.0,20.0,23.626471640921146,25.0,1.0,31483.83931127955,18000.0,36000.0,1.0,24.192510568195082,20.0,26.0,1.0,1.0,91121.0,7.0,16.0
91.0,24.0,91.0,24.0,-721.0,911.0,11.0,-711.0,14.611934186988883,12.0,17.0,30000.0,18000.0,36000.0,1.0,23.948668748133457,20.0,25.0,1.0,18000.0,34488.663540452086,36000.0,1.0,24.51274333276597,20.0,26.0,1.0,721.0,15.10586166218561,12.0,17.0,1.0,26618.834054461517,18000.0,36000.0,1.0,20.0,23.439600741286,25.0,1.0,31119.383563963052,18000.0,36000.0,1.0,24.005168993909912,20.0,26.0,1.0,1.0,91121.0,7.0,9.0
11.0,22.0,11.0,22.0,-121.0,21.0,13.0,-111.0,10.181080536984847,9.0,11.0,30000.0,10000.0,19000.0,0.0,25.19947567283183,16.5,19.0,0.0,10000.0,37011.15741466095,25000.0,0.0,26.521239007601533,17.0,20.0,0.0,122.0,10.19802686701039,9.0,11.0,1.0,13597.098353116804,10000.0,19000.0,1.0,16.5,17.321869141070433,19.0,1.0,20599.401574559146,10000.0,25000.0,1.0,18.641963258154213,17.0,20.0,1.0,0.0,211.0,1.0,47.0
92.0,24.0,92.0,24.0,-721.0,921.0,13.0,-711.0,15.063262754083794,12.0,17.0,30000.0,15000.0,28000.0,0.0,24.116388341637126,19.5,25.0,1.0,15000.0,34500.161780328126,28000.0,0.0,24.67872871543746,20.0,26.0,1.0,721.0,15.548960589461068,12.0,17.0,1.0,20724.503139906294,15000.0,28000.0,1.0,19.5,22.193223125730867,25.0,1.0,25201.45375966934,15000.0,28000.0,1.0,22.75266303209344,20.0,26.0,1.0,0.0,92122.0,7.0,25.0
11.0,21.0,11.0,22.0,-121.0,11.0,12.0,-111.0,10.020136070696019,9.0,11.0,30000.0,10000.0,19000.0,0.0,25.094769841244915,16.5,19.0,0.0,10000.0,36431.005381078765,25000.0,0.0,26.379595581617597,17.0,20.0,0.0,121.0,9.991485438261254,9.0,11.0,1.0,17150.458294778207,10000.0,19000.0,1.0,16.5,17.914881936323546,19.0,1.0,23633.73654374642,10000.0,25000.0,1.0,19.2101510711902,17.0,20.0,1.0,0.0,111.0,1.0,7.0
91.0,24.0,91.0,24.0,-721.0,911.0,11.0,-711.0,14.9848257563271,12.0,17.0,30000.0,18000.0,36000.0,1.0,25.03666204118746,20.0,25.0,0.0,18000.0,34469.68798763827,36000.0,1.0,25.5953035094601,20.0,26.0,1.0,721.0,16.291595960421457,12.0,17.0,1.0,23943.50000356444,18000.0,36000.0,1.0,20.0,24.269718745965687,25.0,1.0,28508.540400787897,18000.0,36000.0,1.0,24.840277782140454,20.0,26.0,1.0,0.0,91121.0,7.0,16.0
81.0,23.0,81.0,21.0,-721.0,912.0,11.0,-711.0,15.129608103147032,12.0,17.0,30000.0,12500.0,23000.0,0.0,28.09529148963349,20.0,24.0,0.0,12500.0,34015.933721015805,26000.0,0.0,28.583166109057036,20.0,25.0,0.0,722.0,15.252834367156131,12.0,17.0,1.0,14977.858347979398,12500.0,23000.0,1.0,20.0,21.562003086465396,24.0,1.0,18929.844743356956,12500.0,26000.0,1.0,22.042109082369173,20.0,25.0,1.0,0.0,912.0,7.0,12.0
91.0,24.0,91.0,21.0,-721.0,911.0,11.0,-711.0,15.041965489027627,12.0,17.0,30000.0,18000.0,36000.0,1.0,24.60966074290203,20.0,25.0,1.0,18000.0,33980.93650213169,36000.0,1.0,25.0932336054271,20.0,26.0,1.0,722.0,15.23705457478575,12.0,17.0,1.0,25415.610292565827,18000.0,36000.0,1.0,20.0,23.31486530932674,25.0,1.0,29468.807577743642,18000.0,36000.0,1.0,23.80721584355976,20.0,26.0,1.0,1.0,91121.0,7.0,15.0
91.0,24.0,91.0,24.0,-721.0,911.0,11.0,-711.0,14.900929015811942,12.0,17.0,30000.0,18000.0,36000.0,1.0,24.719445970788836,20.0,25.0,1.0,18000.0,34573.83010536846,36000.0,1.0,25.289306896916152,20.0,26.0,1.0,721.0,15.070296868379817,12.0,17.0,1.0,27502.975479843797,18000.0,36000.0,1.0,20.0,23.58926570728496,25.0,1.0,31915.12411004118,18000.0,36000.0,1.0,24.13898247565913,20.0,26.0,1.0,1.0,91121.0,7.0,16.0
11.0,21.0,11.0,22.0,-121.0,11.0,12.0,-111.0,10.006958673853571,9.0,11.0,30000.0,10000.0,19000.0,0.0,25.4300970782477,16.5,19.0,0.0,10000.0,36411.28026647016,25000.0,0.0,26.71155123904425,17.0,20.0,0.0,121.0,10.006211405051054,9.0,11.0,1.0,15047.977997655074,10000.0,19000.0,1.0,16.5,17.53082149578826,19.0,1.0,21557.24691082592,10000.0,25000.0,1.0,18.831861129970232,17.0,20.0,1.0,0.0,111.0,1.0,51.0
11.0,22.0,11.0,22.0,-121.0,11.0,11.0,-111.0,10.200791210640457,9.0,11.0,30000.0,10000.0,19000.0,0.0,24.71883071553527,16.5,19.0,0.0,10000.0,37030.57340283159,25000.0,0.0,26.040909101265285,17.0,20.0,0.0,122.0,10.22477551113413,9.0,11.0,1.0,14490.890048768486,10000.0,19000.0,1.0,16.5,17.4878216137992,19.0,1.0,21438.943883087846,10000.0,25000.0,1.0,18.794382440479783,17.0,20.0,1.0,0.0,111.0,1.0,11.0
92.0,24.0,92.0,24.0,-721.0,921.0,13.0,-711.0,15.93360724708114,12.0,17.0,30000.0,15000.0,28000.0,0.0,25.18290624721039,19.5,25.0,0.0,15000.0,34437.82438957184,28000.0,0.0,25.736403907798525,20.0,26.0,1.0,721.0,14.08117731952953,12.0,17.0,1.0,20249.330233420344,15000.0,28000.0,1.0,19.5,20.7124001840337,25.0,1.0,24722.701231255272,15000.0,28000.0,1.0,21.2703313153472,20.0,26.0,1.0,0.0,92122.0,7.0,22.0
11.0,22.0,11.0,21.0,-121.0,11.0,12.0,-111.0,10.17909725898463,9.0,11.0,30000.0,10000.0,19000.0,0.0,23.375878911142934,16.5,19.0,0.0,10000.0,36838.310329714564,25000.0,0.0,24.659392105366564,17.0,20.0,0.0,122.0,10.19479734572209,9.0,11.0,1.0,15680.776112006588,10000.0,19000.0,1.0,16.5,17.61088358834433,19.0,1.0,22758.17992042127,10000.0,25000.0,1.0,18.939273311968932,17.0,20.0,1.0,0.0,111.0,1.0,45.0
91.0,24.0,91.0,24.0,-721.0,911.0,11.0,-711.0,15.217537544285065,12.0,17.0,30000.0,18000.0,36000.0,1.0,24.711795098614655,20.0,25.0,1.0,18000.0,34000.69117992324,36000.0,1.0,25.196579199125914,20.0,26.0,1.0,722.0,15.108457255559786,12.0,17.0,1.0,21761.20588293917,18000.0,36000.0,1.0,20.0,22.782683202903037,25.0,1.0,25782.75368382014,18000.0,36000.0,1.0,23.26999460626672,20.0,26.0,1.0,1.0,91121.0,7.0,28.0
11.0,21.0,11.0,22.0,-121.0,21.0,12.0,-111.0,10.199843189522657,9.0,11.0,30000.0,10000.0,19000.0,0.0,26.574647801744423,16.5,19.0,0.0,10000.0,37026.786507356286,25000.0,0.0,27.90782508737417,17.0,20.0,0.0,122.0,10.177048105433467,9.0,11.0,1.0,16584.163912531934,10000.0,19000.0,1.0,16.5,17.85166364013936,19.0,1.0,23431.533791176822,10000.0,25000.0,1.0,19.150800589719065,17.0,20.0,1.0,0.0,211.0,1.0,37.0
81.0,23.0,81.0,21.0,-721.0,912.0,12.0,-711.0,15.238529054917924,12.0,17.0,30000.0,12500.0,23000.0,0.0,26.6721569566365,20.0,24.0,0.0,12500.0,34004.29028123538,26000.0,0.0,27.161505446754802,20.0,25.0,0.0,722.0,15.136361917981706,12.0,17.0,1.0,13170.560659522442,12500.0,23000.0,1.0,20.0,21.181861426204414,24.0,1.0,17188.045963272907,12500.0,26000.0,1.0,21.67282242787691,20.0,25.0,1.0,0.0,912.0,7.0,30.0
11.0,22.0,11.0,22.0,-121.0,11.0,11.0,-111.0,10.173742357870736,9.0,11.0,30000.0,10000.0,19000.0,0.0,23.959259918243987,16.5,19.0,0.0,10000.0,36922.48818304778,25000.0,0.0,25.26374450723164,17.0,20.0,0.0,122.0,10.174422876978761,9.0,11.0,1.0,16223.809247652387,10000.0,19000.0,1.0,16.5,17.741554272058778,19.0,1.0,23251.460458471505,10000.0,25000.0,1.0,19.06585594782672,17.0,20.0,1.0,0.0,111.0,1.0,38.0
11.0,22.0,11.0,21.0,-121.0,21.0,13.0,-111.0,10.005308970898971,9.0,11.0,30000.0,10000.0,19000.0,0.0,26.42305131785858,16.5,19.0,0.0,10000.0,36423.64428896019,25000.0,0.0,27.70871496653194,17.0,20.0,0.0,121.0,9.995606561317036,9.0,11.0,1.0,12085.7693905898,10000.0,19000.0,1.0,16.5,16.88523936995819,19.0,1.0,18596.802221240032,10000.0,25000.0,1.0,18.188393444051673,17.0,20.0,1.0,0.0,211.0,1.0,20.0
11.0,22.0,11.0,21.0,-121.0,11.0,11.0,-111.0,10.005322026524478,9.0,11.0,30000.0,10000.0,19000.0,0.0,23.9137219106763,16.5,19.0,0.0,10000.0,36544.64991002589,25000.0,0.0,25.22410812939627,17.0,20.0,0.0,121.0,9.99103688668827,9.0,11.0,1.0,12946.259899134058,10000.0,19000.0,1.0,16.5,17.078772571133694,19.0,1.0,19441.572518067747,10000.0,25000.0,1.0,18.379280353695126,17.0,20.0,1.0,0.0,111.0,1.0,1.0
81.0,23.0,81.0,23.0,-721.0,912.0,12.0,-711.0,15.290308434406072,12.0,17.0,30000.0,12500.0,23000.0,0.0,26.982448678634874,20.0,24.0,0.0,12500.0,34127.76159901176,26000.0,0.0,27.4863492371616,20.0,25.0,0.0,722.0,15.375309325923896,12.0,17.0,1.0,18731.447612036038,12500.0,23000.0,1.0,20.0,22.285655656113722,24.0,1.0,22639.66571980717,12500.0,26000.0,1.0,22.762755226937198,20.0,25.0,1.0,0.0,912.0,7.0,10.0
91.0,24.0,91.0,21.0,-721.0,911.0,11.0,-711.0,14.496674507532212,12.0,17.0,30000.0,18000.0,36000.0,1.0,24.729779652404915,20.0,25.0,1.0,18000.0,34506.19547833026,36000.0,1.0,25.2923960953503,20.0,26.0,1.0,721.0,14.704265377283921,12.0,17.0,1.0,20279.966532019345,18000.0,36000.0,1.0,20.0,22.13911172839441,25.0,1.0,24736.969783766923,18000.0,36000.0,1.0,22.695586326035123,20.0,26.0,1.0,1.0,91121.0,7.0,21.0
11.0,22.0,11.0,22.0,-121.0,11.0,11.0,-111.0,10.185494609596338,9.0,11.0,30000.0,10000.0,19000.0,0.0,23.8811065080788,16.5,19.0,0.0,10000.0,36997.48008179023,25000.0,0.0,25.20485807082492,17.0,20.0,0.0,122.0,10.188211305227332,9.0,11.0,1.0,15146.349230879461,10000.0,19000.0,1.0,16.5,17.576204157407464,19.0,1.0,22227.0037803592,10000.0,25000.0,1.0,18.91569028892657,17.0,20.0,1.0,0.0,111.0,1.0,17.0
91.0,24.0,91.0,21.0,-721.0,911.0,12.0,-711.0,15.027409664144267,12.0,17.0,30000.0,18000.0,36000.0,1.0,25.788840445498707,20.0,25.0,0.0,18000.0,34517.22714695421,36000.0,1.0,26.352290596422,20.0,26.0,0.0,721.0,14.382741447005436,12.0,17.0,1.0,26187.432015236885,18000.0,36000.0,1.0,20.0,22.59802145693795,25.0,1.0,30702.54450553596,18000.0,36000.0,1.0,23.161207839055134,20.0,26.0,1.0,0.0,91121.0,7.0,29.0
11.0,22.0,11.0,22.0,-121.0,21.0,13.0,-111.0,10.202192907321795,9.0,11.0,30000.0,10000.0,19000.0,0.0,24.807476093095694,16.5,19.0,0.0,10000.0,37049.65510821743,25000.0,0.0,26.138570141495986,17.0,20.0,0.0,122.0,10.195060400861331,9.0,11.0,1.0,13361.832147469599,10000.0,19000.0,1.0,16.5,17.240370216323058,19.0,1.0,20249.16996005465,10000.0,25000.0,1.0,18.540816015574702,17.0,20.0,1.0,0.0,211.0,1.0,5.0
11.0,22.0,11.0,22.0,-121.0,21.0,13.0,-111.0,10.00380309460684,9.0,11.0,30000.0,10000.0,19000.0,0.0,26.447003632057644,16.5,19.0,0.0,10000.0,36523.55167387521,25000.0,0.0,27.74798022104629,17.0,20.0,0.0,121.0,10.00878187309226,9.0,11.0,1.0,14766.260094000607,10000.0,19000.0,1.0,16.5,17.461822990850763,19.0,1.0,21226.569976158135,10000.0,25000.0,1.0,18.750187417847975,17.0,20.0,1.0,0.0,211.0,1.0,4.0
11.0,22.0,11.0,22.0,-121.0,21.0,13.0,-111.0,9.99003483151313,9.0,11.0,30000.0,10000.0,19000.0,0.0,25.392728213186793,16.5,19.0,0.0,10000.0,36532.10734867155,25000.0,0.0,26.701330322024884,17.0,20.0,0.0,121.0,9.98497254134091,9.0,11.0,1.0,12718.621088807384,10000.0,19000.0,1.0,16.5,17.0414313443545,19.0,1.0,19219.267885319558,10000.0,25000.0,1.0,18.343730840160774,17.0,20.0,1.0,0.0,211.0,1.0,36.0
11.0,21.0,11.0,22.0,-121.0,21.0,13.0,-111.0,9.99975652176469,9.0,11.0,30000.0,10000.0,19000.0,0.0,26.34057114231325,16.5,19.0,0.0,10000.0,36489.38181063432,25000.0,0.0,27.640576054794245,17.0,20.0,0.0,121.0,9.996313178314406,9.0,11.0,1.0,14007.224029626823,10000.0,19000.0,1.0,16.5,17.33894688121473,19.0,1.0,20536.06282844137,10000.0,25000.0,1.0,18.646856133425274,17.0,20.0,1.0,0.0,211.0,1.0,52.0
91.0,24.0,91.0,21.0,-721.0,911.0,11.0,-711.0,15.507522495148548,12.0,17.0,30000.0,18000.0,36000.0,1.0,25.081194394823463,20.0,25.0,0.0,18000.0,33965.585105906415,36000.0,1.0,25.565214351592804,20.0,26.0,1.0,722.0,15.293051470301327,12.0,17.0,1.0,19882.339169365492,18000.0,36000.0,1.0,20.0,22.63775935296506,25.0,1.0,23974.514356628282,18000.0,36000.0,1.0,23.137230277011408,20.0,26.0,1.0,0.0,91121.0,7.0,2.0
81.0,21.0,81.0,21.0,-721.0,912.0,12.0,-711.0,15.405393138318406,12.0,17.0,30000.0,12500.0,23000.0,0.0,28.013064813174672,20.0,24.0,0.0,12500.0,34063.686485455604,26000.0,0.0,28.508002042928723,20.0,25.0,0.0,722.0,15.060883014481206,12.0,17.0,1.0,13632.130955651954,12500.0,23000.0,1.0,20.0,21.18102463383339,24.0,1.0,17618.356602239346,12500.0,26000.0,1.0,21.666527510533612,20.0,25.0,1.0,0.0,912.0,7.0,6.0
81.0,23.0,81.0,21.0,-721.0,912.0,12.0,-711.0,14.583245169661364,12.0,17.0,30000.0,12500.0,23000.0,0.0,26.02876091543727,20.0,24.0,0.0,12500.0,34494.71710562828,26000.0,0.0,26.59363547606437,20.0,25.0,0.0,721.0,14.12514023154623,12.0,17.0,1.0,14665.793407609493,12500.0,23000.0,1.0,20.0,20.34279651683834,24.0,1.0,19216.04711643861,12500.0,26000.0,1.0,20.91465065228507,20.0,25.0,1.0,0.0,912.0,7.0,11.0
11.0,22.0,11.0,21.0,-121.0,11.0,11.0,-111.0,10.180468843685265,9.0,11.0,30000.0,10000.0,19000.0,0.0,24.950918500583036,16.5,19.0,0.0,10000.0,37077.59430413054,25000.0,0.0,26.290997121640963,17.0,20.0,0.0,122.0,10.20032510553058,9.0,11.0,1.0,14842.464895209554,10000.0,19000.0,1.0,16.5,17.455340315906867,19.0,1.0,21958.518174786048,10000.0,25000.0,1.0,18.802700796953975,17.0,20.0,1.0,0.0,111.0,1.0,12.0
11.0,21.0,11.0,22.0,-121.0,21.0,13.0,-111.0,10.190568293677282,9.0,11.0,30000.0,10000.0,19000.0,0.0,28.65369796212996,16.5,19.0,0.0,10000.0,37005.89101547895,25000.0,0.0,29.979954658024354,17.0,20.0,0.0,122.0,10.18912359529222,9.0,11.0,1.0,13298.665029037866,10000.0,19000.0,1.0,16.5,17.260700723259465,19.0,1.0,20370.902511525826,10000.0,25000.0,1.0,18.5995171986202,17.0,20.0,1.0,0.0,211.0,1.0,52.0
11.0,22.0,11.0,21.0,-121.0,11.0,12.0,-111.0,10.17317383835635,9.0,11.0,30000.0,10000.0,19000.0,0.0,23.394677311356933,16.5,19.0,0.0,10000.0,36974.16162140385,25000.0,0.0,24.70669893227208,17.0,20.0,0.0,122.0,10.194365612900981,9.0,11.0,1.0,13098.025410181068,10000.0,19000.0,1.0,16.5,17.11600926336523,19.0,1.0,19895.213568037718,10000.0,25000.0,1.0,18.394737561999232,17.0,20.0,1.0,0.0,111.0,1.0,10.0
91.0,24.0,91.0,24.0,-721.0,911.0,12.0,-711.0,14.978276773135796,12.0,17.0,30000.0,18000.0,36000.0,1.0,24.281170708228863,20.0,25.0,1.0,18000.0,33984.08103941938,36000.0,1.0,24.765920688368848,20.0,26.0,1.0,722.0,15.436882016349202,12.0,17.0,1.0,27349.38951030862,18000.0,36000.0,1.0,20.0,23.673760379654148,25.0,1.0,31314.27388167912,18000.0,36000.0,1.0,24.156174668234804,20.0,26.0,1.0,1.0,91121.0,7.0,24.0
11.0,21.0,11.0,22.0,-121.0,11.0,11.0,-111.0,9.989859435691494,9.0,11.0,30000.0,10000.0,19000.0,0.0,26.006686036177577,16.5,19.0,0.0,10000.0,36386.751380223184,25000.0,0.0,27.28326341544828,17.0,20.0,0.0,121.0,10.01269732109326,9.0,11.0,1.0,16755.407003107128,10000.0,19000.0,1.0,16.5,17.909178092987187,19.0,1.0,23231.43190475194,10000.0,25000.0,1.0,19.20359937305033,17.0,20.0,1.0,0.0,111.0,1.0,43.0
11.0,22.0,11.0,21.0,-121.0,21.0,13.0,-111.0,10.207693560310714,9.0,11.0,30000.0,10000.0,19000.0,0.0,24.528649479402063,16.5,19.0,0.0,10000.0,37024.419739087854,25000.0,0.0,25.86183896124579,17.0,20.0,0.0,122.0,10.20122855011835,9.0,11.0,1.0,12216.1743041217,10000.0,19000.0,1.0,16.5,17.013454817814512,19.0,1.0,19145.63414678839,10000.0,25000.0,1.0,18.328621524851492,17.0,20.0,1.0,0.0,211.0,1.0,2.0
11.0,22.0,11.0,22.0,-121.0,21.0,13.0,-111.0,10.001021908403207,9.0,11.0,30000.0,10000.0,19000.0,0.0,25.05707668299552,16.5,19.0,0.0,10000.0,36465.29232840553,25000.0,0.0,26.344540532775746,17.0,20.0,0.0,121.0,10.005485591079571,9.0,11.0,1.0,15773.58673063121,10000.0,19000.0,1.0,16.5,17.659264514437567,19.0,1.0,22371.498167747246,10000.0,25000.0,1.0,18.973137426574446,17.0,20.0,1.0,0.0,211.0,1.0,5.0
11.0,22.0,11.0,21.0,-121.0,11.0,11.0,-111.0,10.012753711677734,9.0,11.0,30000.0,10000.0,19000.0,0.0,23.010286331428446,16.5,19.0,0.0,10000.0,36538.58601573318,25000.0,0.0,24.31960286557399,17.0,20.0,0.0,121.0,10.011250321948053,9.0,11.0,1.0,14897.639505407573,10000.0,19000.0,1.0,16.5,17.497214565110934,19.0,1.0,21463.317760565016,10000.0,25000.0,1.0,18.811956173873508,17.0,20.0,1.0,0.0,111.0,1.0,39.0
11.0,21.0,11.0,22.0,-121.0,21.0,13.0,-111.0,10.188021309641432,9.0,11.0,30000.0,10000.0,19000.0,0.0,26.4189363500124,16.5,19.0,0.0,10000.0,36939.08072112617,25000.0,0.0,27.725707564679315,17.0,20.0,0.0,122.0,10.182776336393456,9.0,11.0,1.0,12950.295291328724,10000.0,19000.0,1.0,16.5,17.144052703081865,19.0,1.0,19951.9184572213,10000.0,25000.0,1.0,18.462601942792762,17.0,20.0,1.0,0.0,211.0,1.0,32.0
91.0,21.0,91.0,24.0,-721.0,911.0,12.0,-711.0,15.103800906308429,12.0,17.0,30000.0,18000.0,36000.0,1.0,25.778440440497057,20.0,25.0,0.0,18000.0,34470.645932297666,36000.0,1.0,26.33979016703784,20.0,26.0,0.0,721.0,15.044590600436885,12.0,17.0,1.0,27122.74191443949,18000.0,36000.0,1.0,20.0,23.46429959757517,25.0,1.0,31716.675024219476,18000.0,36000.0,1.0,24.041129687449068,20.0,26.0,1.0,0.0,91121.0,7.0,19.0
11.0,22.0,11.0,22.0,-121.0,11.0,11.0,-111.0,10.00268040953102,9.0,11.0,30000.0,10000.0,19000.0,0.0,24.49269791295289,16.5,19.0,0.0,10000.0,36477.62152211222,25000.0,0.0,25.7960281570129,17.0,20.0,0.0,121.0,10.008335255436862,9.0,11.0,1.0,10625.174257780925,10000.0,19000.0,1.0,16.5,16.692048614370545,19.0,1.0,17056.392043613363,10000.0,25000.0,1.0,17.986042191766042,17.0,20.0,1.0,0.0,111.0,1.0,55.0
11.0,21.0,11.0,22.0,-121.0,21.0,13.0,-111.0,10.190109595633892,9.0,11.0,30000.0,10000.0,19000.0,0.0,24.8421092897618,16.5,19.0,0.0,10000.0,37048.78757400216,25000.0,0.0,26.171814201962032,17.0,20.0,0.0,122.0,10.188836867567831,9.0,11.0,1.0,14327.42237573032,10000.0,19000.0,1.0,16.5,17.429767982993887,19.0,1.0,21341.53110762188,10000.0,25000.0,1.0,18.752930972030768,17.0,20.0,1.0,0.0,211.0,1.0,59.0
11.0,21.0,11.0,22.0,-121.0,21.0,13.0,-111.0,10.197120121344302,9.0,11.0,30000.0,10000.0,19000.0,0.0,25.96871079451204,16.5,19.0,0.0,10000.0,37083.470603022986,25000.0,0.0,27.308688782770048,17.0,20.0,0.0,122.0,10.225797194531923,9.0,11.0,1.0,13713.204181069787,10000.0,19000.0,1.0,16.5,17.315136020859942,19.0,1.0,20770.967936482113,10000.0,25000.0,1.0,18.650251052542526,17.0,20.0,1.0,0.0,211.0,1.0,24.0
11.0,22.0,11.0,22.0,-121.0,11.0,12.0,-111.0,9.981437084461334,9.0,11.0,30000.0,10000.0,19000.0,0.0,26.027182117314194,16.5,19.0,0.0,10000.0,36483.193165040764,25000.0,0.0,27.329263887960366,17.0,20.0,0.0,121.0,10.003272093441355,9.0,11.0,1.0,17385.345209601906,10000.0,19000.0,1.0,16.5,18.023920364422448,19.0,1.0,23956.12495778345,10000.0,25000.0,1.0,19.343592987347364,17.0,20.0,1.0,0.0,111.0,1.0,42.0
92.0,24.0,92.0,24.0,-721.0,921.0,13.0,-711.0,15.141524505787036,12.0,17.0,30000.0,15000.0,28000.0,0.0,24.781747782126928,19.5,25.0,1.0,15000.0,34097.7249164517,28000.0,0.0,25.28162913153353,20.0,26.0,1.0,722.0,15.0558742567724,12.0,17.0,1.0,21019.011204449776,15000.0,28000.0,1.0,19.5,21.662054186609495,25.0,1.0,24969.2574988384,15000.0,28000.0,1.0,22.143944622982982,20.0,26.0,1.0,0.0,92122.0,7.0,22.0
11.0,21.0,11.0,21.0,-121.0,21.0,12.0,-111.0,10.199931689122492,9.0,11.0,30000.0,10000.0,19000.0,0.0,24.98298093138646,16.5,19.0,0.0,10000.0,37057.62374427075,25000.0,0.0,26.314138991629257,17.0,20.0,0.0,122.0,10.223037201086271,9.0,11.0,1.0,14797.38786612206,10000.0,19000.0,1.0,16.5,17.52141416946214,19.0,1.0,21712.60638398975,10000.0,25000.0,1.0,18.825712783549136,17.0,20.0,1.0,0.0,211.0,1.0,6.0
11.0,22.0,11.0,22.0,-121.0,11.0,11.0,-111.0,10.003654097105025,9.0,11.0,30000.0,10000.0,19000.0,0.0,27.24804885937909,16.5,19.0,0.0,10000.0,36540.18892891317,25000.0,0.0,28.549087818132392,17.0,20.0,0.0,121.0,9.998644938973708,9.0,11.0,1.0,15374.96255741165,10000.0,19000.0,1.0,16.5,17.590378423207,19.0,1.0,21850.57768787338,10000.0,25000.0,1.0,18.878571724378666,17.0,20.0,1.0,0.0,111.0,1.0,11.0
11.0,22.0,11.0,21.0,-121.0,21.0,13.0,-111.0,10.214998250944848,9.0,11.0,30000.0,10000.0,19000.0,0.0,24.56134292025137,16.5,19.0,0.0,10000.0,37127.55808356535,25000.0,0.0,25.903626490557468,17.0,20.0,0.0,122.0,10.217098825423344,9.0,11.0,1.0,13497.921102057315,10000.0,19000.0,1.0,16.5,17.231801509399986,19.0,1.0,20417.48330368307,10000.0,25000.0,1.0,18.534914658119117,17.0,20.0,1.0,0.0,211.0,1.0,2.0
11.0,22.0,11.0,21.0,-121.0,21.0,13.0,-111.0,10.16278031358065,9.0,11.0,30000.0,10000.0,19000.0,0.0,24.878493768449225,16.5,19.0,0.0,10000.0,37081.506969730115,25000.0,0.0,26.2166954697256,17.0,20.0,0.0,122.0,10.18667469642302,9.0,11.0,1.0,13789.330404925762,10000.0,19000.0,1.0,16.5,17.251560147466257,19.0,1.0,20861.00733567645,10000.0,25000.0,1.0,18.587904253326556,17.0,20.0,1.0,0.0,211.0,1.0,2.0
11.0,22.0,11.0,22.0,-121.0,11.0,11.0,-111.0,9.995359554259622,9.0,11.0,30000.0,10000.0,19000.0,0.0,25.94280233882303,16.5,19.0,0.0,10000.0,36425.87021701393,25000.0,0.0,27.227170344410965,17.0,20.0,0.0,121.0,10.009626451028689,9.0,11.0,1.0,16265.278396154774,10000.0,19000.0,1.0,16.5,17.78923328452862,19.0,1.0,22707.387119340394,10000.0,25000.0,1.0,19.076846954451675,17.0,20.0,1.0,0.0,111.0,1.0,50.0
91.0,24.0,91.0,24.0,-721.0,911.0,12.0,-711.0,14.809190443880482,12.0,17.0,30000.0,18000.0,36000.0,1.0,24.2280561302427,20.0,25.0,1.0,18000.0,34517.88414350301,36000.0,1.0,24.794262161328586,20.0,26.0,1.0,721.0,15.397331215749352,12.0,17.0,1.0,27652.240614627983,18000.0,36000.0,1.0,20.0,23.908658266768295,25.0,1.0,32113.927036227517,18000.0,36000.0,1.0,24.46782129098098,20.0,26.0,1.0,1.0,91121.0,7.0,32.0
11.0,21.0,11.0,22.0,-121.0,11.0,12.0,-111.0,9.99276978472784,9.0,11.0,30000.0,10000.0,19000.0,0.0,24.906788689307373,16.5,19.0,0.0,10000.0,36500.83965239424,25000.0,0.0,26.20904834197823,17.0,20.0,0.0,121.0,10.002564511907755,9.0,11.0,1.0,14602.169453590303,10000.0,19000.0,1.0,16.5,17.430975831951006,19.0,1.0,21056.057347391346,10000.0,25000.0,1.0,18.723830025618525,17.0,20.0,1.0,0.0,111.0,1.0,51.0
11.0,22.0,11.0,22.0,-121.0,11.0,11.0,-111.0,10.210565951785856,9.0,11.0,30000.0,10000.0,19000.0,0.0,24.810270527879364,16.5,19.0,0.0,10000.0,37003.0509877672,25000.0,0.0,26.127346538088396,17.0,20.0,0.0,122.0,10.197363973865075,9.0,11.0,1.0,15963.5964903907,10000.0,19000.0,1.0,16.5,17.747161257982565,19.0,1.0,23107.898728675533,10000.0,25000.0,1.0,19.0908026371706,17.0,20.0,1.0,0.0,111.0,1.0,27.0
11.0,22.0,11.0,22.0,-121.0,11.0,11.0,-111.0,10.026058558322559,9.0,11.0,30000.0,10000.0,19000.0,0.0,23.159930069266835,16.5,19.0,0.0,10000.0,36598.15098288179,25000.0,0.0,24.485612437101477,17.0,20.0,0.0,121.0,9.999160589290392,9.0,11.0,1.0,15525.348757808326,10000.0,19000.0,1.0,16.5,17.63507535960997,19.0,1.0,22040.810595087216,10000.0,25000.0,1.0,18.94414405148881,17.0,20.0,1.0,0.0,111.0,1.0,55.0
11.0,21.0,11.0,22.0,-121.0,11.0,11.0,-111.0,10.190783680305495,9.0,11.0,30000.0,10000.0,19000.0,0.0,24.836830130071835,16.5,19.0,0.0,10000.0,37183.4384164074,25000.0,0.0,26.191326890410377,17.0,20.0,0.0,122.0,10.181943923800699,9.0,11.0,1.0,13066.472139688225,10000.0,19000.0,1.0,16.5,17.108914670989392,19.0,1.0,20093.432239077858,10000.0,25000.0,1.0,18.43390614970964,17.0,20.0,1.0,0.0,111.0,1.0,35.0
11.0,22.0,11.0,22.0,-121.0,21.0,12.0,-111.0,10.003376543560957,9.0,11.0,30000.0,10000.0,19000.0,0.0,24.192144090724774,16.5,19.0,0.0,10000.0,36514.94448180791,25000.0,0.0,25.497592166740837,17.0,20.0,0.0,121.0,10.005311496653016,9.0,11.0,1.0,16845.438931848177,10000.0,19000.0,1.0,16.5,17.928343087585255,19.0,1.0,23345.8834029214,10000.0,25000.0,1.0,19.230885688171917,17.0,20.0,1.0,0.0,211.0,1.0,25.0
11.0,21.0,11.0,22.0,-121.0,21.0,13.0,-111.0,10.188937332109827,9.0,11.0,30000.0,10000.0,19000.0,0.0,28.10062410492719,16.5,19.0,0.0,10000.0,36905.912853512986,25000.0,0.0,29.40334030869288,17.0,20.0,0.0,122.0,10.197890101090886,9.0,11.0,1.0,13990.485757603488,10000.0,19000.0,1.0,16.5,17.340410480587458,19.0,1.0,21008.055466946877,10000.0,25000.0,1.0,18.66418938792865,17.0,20.0,1.0,0.0,211.0,1.0,59.0
11.0,21.0,11.0,21.0,-121.0,11.0,11.0,-111.0,10.1918032168543,9.0,11.0,30000.0,10000.0,19000.0,0.0,27.713706319492168,16.5,19.0,0.0,10000.0,37061.27235215653,25000.0,0.0,29.04317518200458,17.0,20.0,0.0,122.0,10.198724990582827,9.0,11.0,1.0,15608.176203177281,10000.0,19000.0,1.0,16.5,17.642354966373667,19.0,1.0,22669.1316568544,10000.0,25000.0,1.0,18.971764164474347,17.0,20.0,1.0,0.0,111.0,1.0,18.0
11.0,22.0,11.0,22.0,-121.0,11.0,12.0,-111.0,10.230189548413607,9.0,11.0,30000.0,10000.0,19000.0,0.0,24.961768928386483,16.5,19.0,0.0,10000.0,37023.0485232394,25000.0,0.0,26.282802310124424,17.0,20.0,0.0,122.0,10.193024038269293,9.0,11.0,1.0,18288.500879562147,10000.0,19000.0,1.0,16.5,18.174410018386414,19.0,1.0,25303.12504732039,10000.0,25000.0,0.0,19.493858781311967,17.0,20.0,1.0,0.0,111.0,1.0,49.0
11.0,22.0,11.0,21.0,-121.0,21.0,13.0,-111.0,10.216003950388576,9.0,11.0,30000.0,10000.0,19000.0,0.0,24.458319285732635,16.5,19.0,0.0,10000.0,37028.64641923776,25000.0,0.0,25.779309269483036,17.0,20.0,0.0,122.0,10.174030758928044,9.0,11.0,1.0,11832.388517251708,10000.0,19000.0,1.0,16.5,16.88589915280617,19.0,1.0,18893.588718392195,10000.0,25000.0,1.0,18.21300741556247,17.0,20.0,1.0,0.0,211.0,1.0,33.0
11.0,22.0,11.0,22.0,-121.0,21.0,13.0,-111.0,10.001695880796674,9.0,11.0,30000.0,10000.0,19000.0,0.0,25.880491613606203,16.5,19.0,0.0,10000.0,36498.10962797177,25000.0,0.0,27.185468984336346,17.0,20.0,0.0,121.0,10.010700054268783,9.0,11.0,1.0,14103.68920913985,10000.0,19000.0,1.0,16.5,17.408624585499638,19.0,1.0,20497.7599935755,10000.0,25000.0,1.0,18.69270844345998,17.0,20.0,1.0,0.0,211.0,1.0,21.0
91.0,24.0,91.0,21.0,-721.0,911.0,11.0,-711.0,16.097242012285733,12.0,17.0,30000.0,18000.0,36000.0,1.0,25.478156082021123,20.0,25.0,0.0,18000.0,34488.48704642841,36000.0,1.0,26.037319947522672,20.0,26.0,0.0,721.0,15.202035654338095,12.0,17.0,1.0,24237.182716987456,18000.0,36000.0,1.0,20.0,23.214010848760214,25.0,1.0,28766.688099592462,18000.0,36000.0,1.0,23.778284670283846,20.0,26.0,1.0,0.0,91121.0,7.0,21.0
11.0,21.0,11.0,22.0,-121.0,11.0,11.0,-111.0,10.204362937332341,9.0,11.0,30000.0,10000.0,19000.0,0.0,25.538273564021512,16.5,19.0,0.0,10000.0,37105.665758448195,25000.0,0.0,26.87537790538929,17.0,20.0,0.0,122.0,10.20221033741856,9.0,11.0,1.0,15211.244726658726,10000.0,19000.0,1.0,16.5,17.615803168190872,19.0,1.0,21993.468213717588,10000.0,25000.0,1.0,18.892043956450717,17.0,20.0,1.0,0.0,111.0,1.0,35.0
11.0,22.0,11.0,22.0,-121.0,21.0,12.0,-111.0,10.012182235312546,9.0,11.0,30000.0,10000.0,19000.0,0.0,24.148320692784218,16.5,19.0,0.0,10000.0,36367.19435109624,25000.0,0.0,25.416664933936357,17.0,20.0,0.0,121.0,9.988783985120087,9.0,11.0,1.0,16118.06483237173,10000.0,19000.0,1.0,16.5,17.70747042292966,19.0,1.0,22632.35893064052,10000.0,25000.0,1.0,19.00511691353632,17.0,20.0,1.0,0.0,211.0,1.0,23.0
11.0,22.0,11.0,21.0,-121.0,21.0,13.0,-111.0,9.980574732030473,9.0,11.0,30000.0,10000.0,19000.0,0.0,26.959674054260745,16.5,19.0,0.0,10000.0,36488.82635895342,25000.0,0.0,28.251795225995394,17.0,20.0,0.0,121.0,9.995756179877478,9.0,11.0,1.0,11719.756965316503,10000.0,19000.0,1.0,16.5,16.81148108834656,19.0,1.0,18258.05540028849,10000.0,25000.0,1.0,18.113453643566768,17.0,20.0,1.0,0.0,211.0,1.0,2.0
81.0,21.0,81.0,23.0,-721.0,912.0,12.0,-711.0,14.621631252277988,12.0,17.0,30000.0,12500.0,23000.0,0.0,28.238017535201557,20.0,24.0,0.0,12500.0,34488.08469617716,26000.0,0.0,28.796637804187696,20.0,25.0,0.0,721.0,14.906299126808415,12.0,17.0,1.0,17977.15228981551,12500.0,23000.0,1.0,20.0,21.73558784648735,24.0,1.0,22456.83578243395,12500.0,26000.0,1.0,22.293162439442515,20.0,25.0,1.0,0.0,912.0,7.0,7.0
11.0,21.0,11.0,21.0,-121.0,21.0,12.0,-111.0,9.998721054565346,9.0,11.0,30000.0,10000.0,19000.0,0.0,26.003886081729377,16.5,19.0,0.0,10000.0,36437.03813528545,25000.0,0.0,27.28695212149663,17.0,20.0,0.0,121.0,9.994025749999112,9.0,11.0,1.0,14805.754383310024,10000.0,19000.0,1.0,16.5,17.424350649157876,19.0,1.0,21308.255601791796,10000.0,25000.0,1.0,18.720465152697194,17.0,20.0,1.0,0.0,211.0,1.0,6.0
11.0,22.0,11.0,22.0,-121.0,21.0,13.0,-111.0,10.201139746039509,9.0,11.0,30000.0,10000.0,19000.0,0.0,26.2098993295833,16.5,19.0,0.0,10000.0,36911.0189499309,25000.0,0.0,27.509650003972848,17.0,20.0,0.0,122.0,10.193288498608451,9.0,11.0,1.0,13068.8255578631,10000.0,19000.0,1.0,16.5,17.218486272864602,19.0,1.0,20086.513521358775,10000.0,25000.0,1.0,18.53829811671725,17.0,20.0,1.0,0.0,211.0,1.0,3.0
11.0,22.0,11.0,22.0,-121.0,21.0,13.0,-111.0,9.9722103530223,9.0,11.0,30000.0,10000.0,19000.0,0.0,27.635598903659705,16.5,19.0,0.0,10000.0,36493.393003762794,25000.0,0.0,28.927678582343898,17.0,20.0,0.0,121.0,9.990656323065286,9.0,11.0,1.0,15123.343628124201,10000.0,19000.0,1.0,16.5,17.557813952334502,19.0,1.0,21688.360944729495,10000.0,25000.0,1.0,18.86414570525321,17.0,20.0,1.0,0.0,211.0,1.0,13.0
81.0,23.0,81.0,23.0,-721.0,912.0,12.0,-711.0,15.19406798319223,12.0,17.0,30000.0,12500.0,23000.0,0.0,27.066375989412474,20.0,24.0,0.0,12500.0,34531.57723369211,26000.0,0.0,27.633094262848406,20.0,25.0,0.0,721.0,15.804166445413307,12.0,17.0,1.0,17902.801153565957,12500.0,23000.0,1.0,20.0,22.600779740847333,24.0,1.0,22434.404766748557,12500.0,26000.0,1.0,23.167501313297834,20.0,25.0,1.0,0.0,912.0,7.0,31.0
11.0,21.0,11.0,21.0,-121.0,11.0,11.0,-111.0,10.000638163981437,9.0,11.0,30000.0,10000.0,19000.0,0.0,26.157281095574213,16.5,19.0,0.0,10000.0,36446.435482485365,25000.0,0.0,27.445020700581797,17.0,20.0,0.0,121.0,10.007499358580816,9.0,11.0,1.0,15796.412869155336,10000.0,19000.0,1.0,16.5,17.687448098724108,19.0,1.0,22341.044698037455,10000.0,25000.0,1.0,18.994803400602574,17.0,20.0,1.0,0.0,111.0,1.0,18.0
11.0,22.0,11.0,21.0,-121.0,11.0,12.0,-111.0,10.008515433138237,9.0,11.0,30000.0,10000.0,19000.0,0.0,25.03050937562964,16.5,19.0,0.0,10000.0,36526.93645931562,25000.0,0.0,26.332581209913403,17.0,20.0,0.0,121.0,10.011384422473128,9.0,11.0,1.0,13653.902731470345,10000.0,19000.0,1.0,16.5,17.188156267543746,19.0,1.0,20205.28805832064,10000.0,25000.0,1.0,18.49510545615683,17.0,20.0,1.0,0.0,111.0,1.0,45.0
11.0,21.0,11.0,22.0,-121.0,21.0,13.0,-111.0,10.20337956802891,9.0,11.0,30000.0,10000.0,19000.0,0.0,26.903558987661953,16.5,19.0,0.0,10000.0,36857.606437097056,25000.0,0.0,28.197784423094568,17.0,20.0,0.0,122.0,10.188668005269982,9.0,11.0,1.0,12042.659220179263,10000.0,19000.0,1.0,16.5,16.96326568429548,19.0,1.0,19074.66901552578,10000.0,25000.0,1.0,18.29040599525234,17.0,20.0,1.0,0.0,211.0,1.0,59.0
92.0,24.0,92.0,24.0,-721.0,921.0,13.0,-711.0,15.487252935400432,12.0,17.0,30000.0,15000.0,28000.0,0.0,24.264634543516735,19.5,25.0,1.0,15000.0,34548.486054417706,28000.0,0.0,24.832139843916995,20.0,26.0,1.0,721.0,14.667446325778052,12.0,17.0,1.0,22249.109976297084,15000.0,28000.0,1.0,19.5,21.531565601240978,25.0,1.0,26748.268914480224,15000.0,28000.0,1.0,22.092916458254653,20.0,26.0,1.0,0.0,92122.0,7.0,20.0
11.0,22.0,11.0,21.0,-121.0,11.0,11.0,-111.0,10.183779715856772,9.0,11.0,30000.0,10000.0,19000.0,0.0,23.108649638084394,16.5,19.0,0.0,10000.0,37039.51142477065,25000.0,0.0,24.432278277220593,17.0,20.0,0.0,122.0,10.221268369631431,9.0,11.0,1.0,15431.449014409842,10000.0,19000.0,1.0,16.5,17.582415124127447,19.0,1.0,22382.461934192124,10000.0,25000.0,1.0,18.88940352381306,17.0,20.0,1.0,0.0,111.0,1.0,54.0
11.0,22.0,11.0,22.0,-121.0,21.0,12.0,-111.0,10.01071271158673,9.0,11.0,30000.0,10000.0,19000.0,0.0,24.807614093597998,16.5,19.0,0.0,10000.0,36432.16762756691,25000.0,0.0,26.09804296873384,17.0,20.0,0.0,121.0,9.996529916436934,9.0,11.0,1.0,15343.433312992101,10000.0,19000.0,1.0,16.5,17.59868625356711,19.0,1.0,21824.550418159353,10000.0,25000.0,1.0,18.898935429257243,17.0,20.0,1.0,0.0,211.0,1.0,23.0
11.0,22.0,11.0,22.0,-121.0,21.0,13.0,-111.0,10.203930362597005,9.0,11.0,30000.0,10000.0,19000.0,0.0,25.335246655960695,16.5,19.0,0.0,10000.0,36930.46801348127,25000.0,0.0,26.644150502012284,17.0,20.0,0.0,122.0,10.189523173030418,9.0,11.0,1.0,13684.203072511247,10000.0,19000.0,1.0,16.5,17.331340231110204,19.0,1.0,20766.990354491467,10000.0,25000.0,1.0,18.66901143832387,17.0,20.0,1.0,0.0,211.0,1.0,31.0
11.0,22.0,11.0,22.0,-121.0,21.0,13.0,-111.0,10.010022634942844,9.0,11.0,30000.0,10000.0,19000.0,0.0,26.03087381014405,16.5,19.0,0.0,10000.0,36544.18381783154,25000.0,0.0,27.338705635865615,17.0,20.0,0.0,121.0,10.002889031875277,9.0,11.0,1.0,15531.16667157508,10000.0,19000.0,1.0,16.5,17.630922572810604,19.0,1.0,21985.12579395292,10000.0,25000.0,1.0,18.920723314524587,17.0,20.0,1.0,0.0,211.0,1.0,41.0
11.0,21.0,11.0,22.0,-121.0,11.0,12.0,-111.0,10.01035916360616,9.0,11.0,30000.0,10000.0,19000.0,0.0,24.99866008785422,16.5,19.0,0.0,10000.0,36455.306587032675,25000.0,0.0,26.282682776556143,17.0,20.0,0.0,121.0,9.998121634204693,9.0,11.0,1.0,14272.677969584396,10000.0,19000.0,1.0,16.5,17.356925831105666,19.0,1.0,20798.88915101168,10000.0,25000.0,1.0,18.65505212692654,17.0,20.0,1.0,0.0,111.0,1.0,7.0
11.0,21.0,11.0,22.0,-121.0,21.0,13.0,-111.0,10.206202752095704,9.0,11.0,30000.0,10000.0,19000.0,0.0,26.2062738720454,16.5,19.0,0.0,10000.0,36812.762501430916,25000.0,0.0,27.495648163285612,17.0,20.0,0.0,122.0,10.210055867235287,9.0,11.0,1.0,16294.397413446382,10000.0,19000.0,1.0,16.5,17.8774567817022,19.0,1.0,23280.163637439313,10000.0,25000.0,1.0,19.19957352537833,17.0,20.0,1.0,0.0,211.0,1.0,59.0
81.0,21.0,81.0,21.0,-721.0,912.0,12.0,-711.0,14.882977198679354,12.0,17.0,30000.0,12500.0,23000.0,0.0,26.965960893538384,20.0,24.0,0.0,12500.0,34603.02667525302,26000.0,0.0,27.543103686415755,20.0,25.0,0.0,721.0,14.10835010919718,12.0,17.0,1.0,15144.160491588927,12500.0,23000.0,1.0,20.0,20.42654522277801,24.0,1.0,19624.74106400953,12500.0,26000.0,1.0,20.988335316061963,20.0,25.0,1.0,0.0,912.0,7.0,6.0
81.0,23.0,81.0,23.0,-721.0,912.0,11.0,-711.0,15.104591406103065,12.0,17.0,30000.0,12500.0,23000.0,0.0,26.01797804750232,20.0,24.0,0.0,12500.0,33975.21760415438,26000.0,0.0,26.504691815093935,20.0,25.0,0.0,722.0,15.162671214780534,12.0,17.0,1.0,15983.376183015553,12500.0,23000.0,1.0,20.0,21.68546968084239,24.0,1.0,20040.87688961125,12500.0,26000.0,1.0,22.182257945678252,20.0,25.0,1.0,0.0,912.0,7.0,17.0
11.0,22.0,11.0,22.0,-121.0,21.0,13.0,-111.0,9.99717418400701,9.0,11.0,30000.0,10000.0,19000.0,0.0,24.8624263764845,16.5,19.0,0.0,10000.0,36634.13185974311,25000.0,0.0,26.18974342812377,17.0,20.0,0.0,121.0,9.994875080728184,9.0,11.0,1.0,14022.181633419288,10000.0,19000.0,1.0,16.5,17.34010019197787,19.0,1.0,20503.399680067334,10000.0,25000.0,1.0,18.63682317104769,17.0,20.0,1.0,0.0,211.0,1.0,3.0
81.0,23.0,81.0,23.0,-721.0,912.0,12.0,-711.0,15.53834444951946,12.0,17.0,30000.0,12500.0,23000.0,0.0,26.09095640068813,20.0,24.0,0.0,12500.0,34478.142715343,26000.0,0.0,26.65119543162297,20.0,25.0,0.0,721.0,15.38884875084394,12.0,17.0,1.0,18873.955158649784,12500.0,23000.0,1.0,20.0,22.35704001422578,24.0,1.0,23357.42247139911,12500.0,26000.0,1.0,22.917945180092147,20.0,25.0,1.0,0.0,912.0,7.0,10.0
11.0,21.0,11.0,22.0,-121.0,21.0,13.0,-111.0,10.217845649498928,9.0,11.0,30000.0,10000.0,19000.0,0.0,27.87816033877094,16.5,19.0,0.0,10000.0,37194.000353701216,25000.0,0.0,29.236216315118817,17.0,20.0,0.0,122.0,10.200945855252545,9.0,11.0,1.0,15151.228827173009,10000.0,19000.0,1.0,16.5,17.542251568632768,19.0,1.0,22084.783268839754,10000.0,25000.0,1.0,18.85114155805213,17.0,20.0,1.0,0.0,211.0,1.0,52.0
11.0,22.0,11.0,22.0,-121.0,21.0,13.0,-111.0,9.998899450361586,9.0,11.0,30000.0,10000.0,19000.0,0.0,26.039198347249723,16.5,19.0,0.0,10000.0,36519.248467993864,25000.0,0.0,27.348892761291925,17.0,20.0,0.0,121.0,9.98581748099593,9.0,11.0,1.0,12605.040746818913,10000.0,19000.0,1.0,16.5,17.035121961245196,19.0,1.0,19065.084564428304,10000.0,25000.0,1.0,18.332922366296245,17.0,20.0,1.0,0.0,211.0,1.0,21.0
91.0,24.0,91.0,21.0,-721.0,911.0,12.0,-711.0,14.42504015835848,12.0,17.0,30000.0,18000.0,36000.0,1.0,23.49023880056543,20.0,25.0,1.0,18000.0,34551.02635839952,36000.0,1.0,24.057528097544296,20.0,26.0,1.0,721.0,15.160625946913237,12.0,17.0,1.0,23011.56542938986,18000.0,36000.0,1.0,20.0,22.930561281958667,25.0,1.0,27488.14507608737,18000.0,36000.0,1.0,23.48857073315816,20.0,26.0,1.0,1.0,91121.0,7.0,14.0
11.0,22.0,11.0,22.0,-121.0,21.0,13.0,-111.0,10.014834678392065,9.0,11.0,30000.0,10000.0,19000.0,0.0,26.00181956876826,16.5,19.0,0.0,10000.0,36573.77494973313,25000.0,0.0,27.3225624514224,17.0,20.0,0.0,121.0,9.991546528575055,9.0,11.0,1.0,15562.022184547914,10000.0,19000.0,1.0,16.5,17.683994865972625,19.0,1.0,22087.99651326529,10000.0,25000.0,1.0,18.995134083993317,17.0,20.0,1.0,0.0,211.0,1.0,31.0
11.0,22.0,11.0,21.0,-121.0,11.0,11.0,-111.0,10.185958314216874,9.0,11.0,30000.0,10000.0,19000.0,0.0,24.763695500922335,16.5,19.0,0.0,10000.0,37037.263806446266,25000.0,0.0,26.097004684459915,17.0,20.0,0.0,122.0,10.197979779789643,9.0,11.0,1.0,14177.159262401943,10000.0,19000.0,1.0,16.5,17.346116280776698,19.0,1.0,21366.732593387398,10000.0,25000.0,1.0,18.70828265844452,17.0,20.0,1.0,0.0,111.0,1.0,39.0
11.0,22.0,11.0,22.0,-121.0,21.0,13.0,-111.0,10.012893282586038,9.0,11.0,30000.0,10000.0,19000.0,0.0,26.411208130006486,16.5,19.0,0.0,10000.0,36509.64322019771,25000.0,0.0,27.707419006691897,17.0,20.0,0.0,121.0,9.99984226793669,9.0,11.0,1.0,13619.358586124581,10000.0,19000.0,1.0,16.5,17.26616753976612,19.0,1.0,20137.4117399077,10000.0,25000.0,1.0,18.564053016274727,17.0,20.0,1.0,0.0,211.0,1.0,36.0
11.0,21.0,11.0,22.0,-121.0,21.0,13.0,-111.0,10.196173619967555,9.0,11.0,30000.0,10000.0,19000.0,0.0,26.247763744380563,16.5,19.0,0.0,10000.0,37149.34169006147,25000.0,0.0,27.59823935438528,17.0,20.0,0.0,122.0,10.199790102962304,9.0,11.0,1.0,12968.845260401147,10000.0,19000.0,1.0,16.5,17.17749459115133,19.0,1.0,19908.185301323774,10000.0,25000.0,1.0,18.488301918743836,17.0,20.0,1.0,0.0,211.0,1.0,9.0
81.0,21.0,81.0,21.0,-721.0,912.0,12.0,-711.0,15.416240355589562,12.0,17.0,30000.0,12500.0,23000.0,0.0,28.257559138382394,20.0,24.0,0.0,12500.0,33991.63649663033,26000.0,0.0,28.742899120928737,20.0,25.0,0.0,722.0,15.345083505030402,12.0,17.0,1.0,14105.271963711053,12500.0,23000.0,1.0,20.0,21.531099829331552,24.0,1.0,18118.90997015332,12500.0,26000.0,1.0,22.019114958374107,20.0,25.0,1.0,0.0,912.0,7.0,6.0
81.0,23.0,81.0,21.0,-721.0,912.0,11.0,-711.0,14.636110262830574,12.0,17.0,30000.0,12500.0,23000.0,0.0,25.121675018260227,20.0,24.0,0.0,12500.0,34491.404450141075,26000.0,0.0,25.680641918445048,20.0,25.0,0.0,721.0,15.427007056127731,12.0,17.0,1.0,14138.200778018056,12500.0,23000.0,1.0,20.0,21.584766161131686,24.0,1.0,18634.83372149844,12500.0,26000.0,1.0,22.14438376083532,20.0,25.0,1.0,0.0,912.0,7.0,12.0
91.0,24.0,91.0,24.0,-721.0,911.0,12.0,-711.0,15.330294812088404,12.0,17.0,30000.0,18000.0,36000.0,1.0,25.042669557621863,20.0,25.0,0.0,18000.0,33979.29853195669,36000.0,1.0,25.526437390966116,20.0,26.0,1.0,722.0,15.28618733915491,12.0,17.0,1.0,28448.402057289393,18000.0,36000.0,1.0,20.0,23.674125614839312,25.0,1.0,32426.649497967897,18000.0,36000.0,1.0,24.15776566582539,20.0,26.0,1.0,0.0,91121.0,7.0,32.0
11.0,22.0,11.0,22.0,-121.0,21.0,13.0,-111.0,10.222409271950122,9.0,11.0,30000.0,10000.0,19000.0,0.0,26.467155124960243,16.5,19.0,0.0,10000.0,36833.990622522964,25000.0,0.0,27.754098967957923,17.0,20.0,0.0,122.0,10.177405565031899,9.0,11.0,1.0,16260.466898081713,10000.0,19000.0,1.0,16.5,17.764795763450678,19.0,1.0,23369.369148430196,10000.0,25000.0,1.0,19.103509625803152,17.0,20.0,1.0,0.0,211.0,1.0,28.0
81.0,23.0,81.0,23.0,-721.0,912.0,12.0,-711.0,14.574118219768057,12.0,17.0,30000.0,12500.0,23000.0,0.0,25.355746992814147,20.0,24.0,0.0,12500.0,34495.33550538266,26000.0,0.0,25.919699749943813,20.0,25.0,0.0,721.0,14.105059865716942,12.0,17.0,1.0,18266.089365914355,12500.0,23000.0,1.0,20.0,20.970806971726997,24.0,1.0,22753.877394764713,12500.0,26000.0,1.0,21.53381287623695,20.0,25.0,1.0,0.0,912.0,7.0,10.0
11.0,22.0,11.0,22.0,-121.0,11.0,11.0,-111.0,10.172714535880377,9.0,11.0,30000.0,10000.0,19000.0,0.0,22.589591152492595,16.5,19.0,0.0,10000.0,36923.692781162084,25000.0,0.0,23.90173744726741,17.0,20.0,0.0,122.0,10.20504714732255,9.0,11.0,1.0,13587.131497808241,10000.0,19000.0,1.0,16.5,17.317182910403353,19.0,1.0,20702.175663876376,10000.0,25000.0,1.0,18.665593236330395,17.0,20.0,1.0,0.0,111.0,1.0,44.0
11.0,22.0,11.0,22.0,-121.0,11.0,11.0,-111.0,10.193734457877287,9.0,11.0,30000.0,10000.0,19000.0,0.0,24.230399929064404,16.5,19.0,0.0,10000.0,36900.20928840314,25000.0,0.0,25.534916261281012,17.0,20.0,0.0,122.0,10.219859151410317,9.0,11.0,1.0,13316.374396084677,10000.0,19000.0,1.0,16.5,17.25536103548299,19.0,1.0,20141.45387053302,10000.0,25000.0,1.0,18.54567373049904,17.0,20.0,1.0,0.0,111.0,1.0,57.0
11.0,22.0,11.0,22.0,-121.0,11.0,11.0,-111.0,10.217105797431305,9.0,11.0,30000.0,10000.0,19000.0,0.0,23.744053787984974,16.5,19.0,0.0,10000.0,36991.104199442,25000.0,0.0,25.059805671482906,17.0,20.0,0.0,122.0,10.205286001280893,9.0,11.0,1.0,13906.202034669115,10000.0,19000.0,1.0,16.5,17.34998830334252,19.0,1.0,20911.54128851535,10000.0,25000.0,1.0,18.66841927716864,17.0,20.0,1.0,0.0,111.0,1.0,17.0
11.0,22.0,11.0,22.0,-121.0,21.0,13.0,-111.0,10.222891067091517,9.0,11.0,30000.0,10000.0,19000.0,0.0,24.878068342858306,16.5,19.0,0.0,10000.0,36920.13213626964,25000.0,0.0,26.18366057160409,17.0,20.0,0.0,122.0,10.189582943516669,9.0,11.0,1.0,14105.91295232783,10000.0,19000.0,1.0,16.5,17.38399501049149,19.0,1.0,21175.072292875735,10000.0,25000.0,1.0,18.717703575160634,17.0,20.0,1.0,0.0,211.0,1.0,4.0
11.0,22.0,11.0,22.0,-121.0,11.0,11.0,-111.0,10.000006887652406,9.0,11.0,30000.0,10000.0,19000.0,0.0,24.12351158112989,16.5,19.0,0.0,10000.0,36485.93736027765,25000.0,0.0,25.414220718828254,17.0,20.0,0.0,121.0,10.01606905247773,9.0,11.0,1.0,16967.037161008495,10000.0,19000.0,1.0,16.5,17.913912076219283,19.0,1.0,23439.80052269116,10000.0,25000.0,1.0,19.201999572754307,17.0,20.0,1.0,0.0,111.0,1.0,38.0
91.0,24.0,91.0,21.0,-721.0,911.0,11.0,-711.0,14.638011763681472,12.0,17.0,30000.0,18000.0,36000.0,1.0,23.869639643276194,20.0,25.0,1.0,18000.0,34592.36690027083,36000.0,1.0,24.440367873987462,20.0,26.0,1.0,721.0,15.785031117387984,12.0,17.0,1.0,23494.62519178929,18000.0,36000.0,1.0,20.0,23.662119775524047,25.0,1.0,28005.27110272382,18000.0,36000.0,1.0,24.222691919696775,20.0,26.0,1.0,1.0,91121.0,7.0,3.0
11.0,22.0,11.0,22.0,-121.0,11.0,11.0,-111.0,10.212169584819781,9.0,11.0,30000.0,10000.0,19000.0,0.0,24.04074190075859,16.5,19.0,0.0,10000.0,36928.5849268407,25000.0,0.0,25.34649029030429,17.0,20.0,0.0,122.0,10.19281344236179,9.0,11.0,1.0,17794.769154188856,10000.0,19000.0,1.0,16.5,18.074356748472812,19.0,1.0,24823.269128188975,10000.0,25000.0,1.0,19.398934944291707,17.0,20.0,1.0,0.0,111.0,1.0,38.0
11.0,22.0,11.0,22.0,-121.0,21.0,13.0,-111.0,9.987676459240294,9.0,11.0,30000.0,10000.0,19000.0,0.0,24.58917404414303,16.5,19.0,0.0,10000.0,36412.33557252022,25000.0,0.0,25.87596840926293,17.0,20.0,0.0,121.0,10.003247823027937,9.0,11.0,1.0,13594.252263346922,10000.0,19000.0,1.0,16.5,17.282938890412595,19.0,1.0,20187.18529076899,10000.0,25000.0,1.0,18.605974619493328,17.0,20.0,1.0,0.0,211.0,1.0,47.0
11.0,21.0,11.0,22.0,-121.0,21.0,13.0,-111.0,10.209068098197603,9.0,11.0,30000.0,10000.0,19000.0,0.0,26.45723787663586,16.5,19.0,0.0,10000.0,36944.58464638036,25000.0,0.0,27.772053926653662,17.0,20.0,0.0,122.0,10.194273939503924,9.0,11.0,1.0,15324.292447653115,10000.0,19000.0,1.0,16.5,17.633723443385772,19.0,1.0,22270.453029055185,10000.0,25000.0,1.0,18.948837864690823,17.0,20.0,1.0,0.0,211.0,1.0,32.0
11.0,21.0,11.0,22.0,-121.0,11.0,12.0,-111.0,10.00310668538418,9.0,11.0,30000.0,10000.0,19000.0,0.0,24.93201298053581,16.5,19.0,0.0,10000.0,36511.61905298642,25000.0,0.0,26.23559742844079,17.0,20.0,0.0,121.0,10.000394169988951,9.0,11.0,1.0,17705.077013016093,10000.0,19000.0,1.0,16.5,18.052107639805687,19.0,1.0,24208.11262679556,10000.0,25000.0,1.0,19.35397373813145,17.0,20.0,1.0,0.0,111.0,1.0,51.0
91.0,24.0,91.0,21.0,-721.0,911.0,11.0,-711.0,14.181803459910233,12.0,17.0,30000.0,18000.0,36000.0,1.0,23.818214278398585,20.0,25.0,1.0,18000.0,34459.970766922364,36000.0,1.0,24.37568021662259,20.0,26.0,1.0,721.0,14.731887842426675,12.0,17.0,1.0,22843.824553312123,18000.0,36000.0,1.0,20.0,22.567905781556156,25.0,1.0,27266.18959589976,18000.0,36000.0,1.0,23.120671260630445,20.0,26.0,1.0,1.0,91121.0,7.0,15.0
11.0,21.0,11.0,22.0,-121.0,21.0,13.0,-111.0,10.004916969353825,9.0,11.0,30000.0,10000.0,19000.0,0.0,28.79191754792976,16.5,19.0,0.0,10000.0,36509.36017063741,25000.0,0.0,30.09734302506312,17.0,20.0,0.0,121.0,9.988154581131557,9.0,11.0,1.0,14157.585131082691,10000.0,19000.0,1.0,16.5,17.32619636712665,19.0,1.0,20749.74786028495,10000.0,25000.0,1.0,18.648227557677124,17.0,20.0,1.0,0.0,211.0,1.0,32.0
11.0,22.0,11.0,22.0,-121.0,21.0,13.0,-111.0,10.006761712882168,9.0,11.0,30000.0,10000.0,19000.0,0.0,25.20536419728475,16.5,19.0,0.0,10000.0,36446.48956990047,25000.0,0.0,26.49335021468371,17.0,20.0,0.0,121.0,9.981448559756778,9.0,11.0,1.0,14404.830831948128,10000.0,19000.0,1.0,16.5,17.37187857758701,19.0,1.0,20875.73216229769,10000.0,25000.0,1.0,18.664741979146385,17.0,20.0,1.0,0.0,211.0,1.0,13.0
11.0,22.0,11.0,21.0,-121.0,11.0,12.0,-111.0,10.006331719200148,9.0,11.0,30000.0,10000.0,19000.0,0.0,24.55162559109906,16.5,19.0,0.0,10000.0,36474.64475954611,25000.0,0.0,25.845459048703564,17.0,20.0,0.0,121.0,10.01065942411086,9.0,11.0,1.0,14923.932557317117,10000.0,19000.0,1.0,16.5,17.499963223920076,19.0,1.0,21366.7425658661,10000.0,25000.0,1.0,18.787435117688375,17.0,20.0,1.0,0.0,111.0,1.0,10.0
91.0,24.0,91.0,24.0,-721.0,911.0,12.0,-711.0,15.136452740491041,12.0,17.0,30000.0,18000.0,36000.0,1.0,24.69376887209231,20.0,25.0,1.0,18000.0,34481.58115879864,36000.0,1.0,25.25340115819907,20.0,26.0,1.0,721.0,14.920694447539317,12.0,17.0,1.0,27275.62358063338,18000.0,36000.0,1.0,20.0,23.38342674242837,25.0,1.0,31787.716520717026,18000.0,36000.0,1.0,23.946869152084982,20.0,26.0,1.0,1.0,91121.0,7.0,1.0
81.0,23.0,81.0,21.0,-721.0,912.0,12.0,-711.0,14.647582809364142,12.0,17.0,30000.0,12500.0,23000.0,0.0,26.58236524219926,20.0,24.0,0.0,12500.0,34518.28696935501,26000.0,0.0,27.14703969185917,20.0,25.0,0.0,721.0,14.589248449958726,12.0,17.0,1.0,16198.503644300914,12500.0,23000.0,1.0,20.0,21.020320314622353,24.0,1.0,20698.920250847244,12500.0,26000.0,1.0,21.582761409616513,20.0,25.0,1.0,0.0,912.0,7.0,11.0
11.0,22.0,11.0,21.0,-121.0,21.0,13.0,-111.0,10.186686450428695,9.0,11.0,30000.0,10000.0,19000.0,0.0,26.850709274304407,16.5,19.0,0.0,10000.0,37082.39901190071,25000.0,0.0,28.179772758338494,17.0,20.0,0.0,122.0,10.208168323333693,9.0,11.0,1.0,9352.353587536993,10000.0,19000.0,0.0,16.5,16.428879214398584,19.0,0.0,16371.672807187511,10000.0,25000.0,1.0,17.746105318426363,17.0,20.0,1.0,0.0,211.0,1.0,33.0
91.0,24.0,91.0,24.0,-721.0,911.0,12.0,-711.0,15.254855996085517,12.0,17.0,30000.0,18000.0,36000.0,1.0,24.70112452751121,20.0,25.0,1.0,18000.0,34556.00051713552,36000.0,1.0,25.269612135885946,20.0,26.0,1.0,721.0,15.053652639253388,12.0,17.0,1.0,25051.46033300944,18000.0,36000.0,1.0,20.0,23.193275319968755,25.0,1.0,29521.644912303065,18000.0,36000.0,1.0,23.751055006542188,20.0,26.0,1.0,1.0,91121.0,7.0,8.0
11.0,22.0,11.0,21.0,-121.0,11.0,11.0,-111.0,9.999098315136068,9.0,11.0,30000.0,10000.0,19000.0,0.0,25.451737070992024,16.5,19.0,0.0,10000.0,36391.32461193379,25000.0,0.0,26.73188296448198,17.0,20.0,0.0,121.0,10.00802358876984,9.0,11.0,1.0,12689.518229368789,10000.0,19000.0,1.0,16.5,17.02033341013114,19.0,1.0,19255.62108449397,10000.0,25000.0,1.0,18.33548638961311,17.0,20.0,1.0,0.0,111.0,1.0,26.0
11.0,22.0,11.0,22.0,-121.0,21.0,13.0,-111.0,10.181629419186416,9.0,11.0,30000.0,10000.0,19000.0,0.0,25.519192432675794,16.5,19.0,0.0,10000.0,36985.322633987256,25000.0,0.0,26.83639606673371,17.0,20.0,0.0,122.0,10.179481860272656,9.0,11.0,1.0,16778.46040784451,10000.0,19000.0,1.0,16.5,17.856863270808148,19.0,1.0,23966.344595489103,10000.0,25000.0,1.0,19.21226339607746,17.0,20.0,1.0,0.0,211.0,1.0,31.0
11.0,22.0,11.0,22.0,-121.0,11.0,11.0,-111.0,9.994746200016975,9.0,11.0,30000.0,10000.0,19000.0,0.0,23.832213067171523,16.5,19.0,0.0,10000.0,36507.889662006055,25000.0,0.0,25.13985375300013,17.0,20.0,0.0,121.0,10.008481531619159,9.0,11.0,1.0,13128.969560317368,10000.0,19000.0,1.0,16.5,17.167351444955305,19.0,1.0,19634.114676591525,10000.0,25000.0,1.0,18.474440664817287,17.0,20.0,1.0,0.0,111.0,1.0,50.0
11.0,22.0,11.0,21.0,-121.0,11.0,11.0,-111.0,10.21387408306265,9.0,11.0,30000.0,10000.0,19000.0,0.0,27.704109709025857,16.5,19.0,0.0,10000.0,37150.13071276059,25000.0,0.0,29.054507661158087,17.0,20.0,0.0,122.0,10.181200785055013,9.0,11.0,1.0,12354.43048311571,10000.0,19000.0,1.0,16.5,17.018136698140243,19.0,1.0,19398.397597352832,10000.0,25000.0,1.0,18.34848423276315,17.0,20.0,1.0,0.0,111.0,1.0,12.0
11.0,22.0,11.0,22.0,-121.0,11.0,11.0,-111.0,9.981735864937159,9.0,11.0,30000.0,10000.0,19000.0,0.0,24.221993924111594,16.5,19.0,0.0,10000.0,36475.81127213646,25000.0,0.0,25.514377878785336,17.0,20.0,0.0,121.0,10.012774282062422,9.0,11.0,1.0,14194.766666986272,10000.0,19000.0,1.0,16.5,17.367610559245872,19.0,1.0,20659.688856782916,10000.0,25000.0,1.0,18.657821369165127,17.0,20.0,1.0,0.0,111.0,1.0,15.0
11.0,22.0,11.0,22.0,-121.0,21.0,13.0,-111.0,9.994803539483362,9.0,11.0,30000.0,10000.0,19000.0,0.0,25.490634383786272,16.5,19.0,0.0,10000.0,36552.65992186999,25000.0,0.0,26.799311530626948,17.0,20.0,0.0,121.0,9.994747302483432,9.0,11.0,1.0,13489.620166515388,10000.0,19000.0,1.0,16.5,17.172424385018783,19.0,1.0,19999.44105768927,10000.0,25000.0,1.0,18.472545852008334,17.0,20.0,1.0,0.0,211.0,1.0,41.0
11.0,22.0,11.0,22.0,-121.0,21.0,13.0,-111.0,10.208696888714405,9.0,11.0,30000.0,10000.0,19000.0,0.0,27.148006488267605,16.5,19.0,0.0,10000.0,36845.5034067108,25000.0,0.0,28.439190245761306,17.0,20.0,0.0,122.0,10.216143646304415,9.0,11.0,1.0,13788.621316602193,10000.0,19000.0,1.0,16.5,17.34655454136568,19.0,1.0,20918.313031414255,10000.0,25000.0,1.0,18.69134127086729,17.0,20.0,1.0,0.0,211.0,1.0,3.0
11.0,22.0,11.0,22.0,-121.0,21.0,13.0,-111.0,10.208338263430544,9.0,11.0,30000.0,10000.0,19000.0,0.0,25.105983821148463,16.5,19.0,0.0,10000.0,37109.433892828,25000.0,0.0,26.443755300330203,17.0,20.0,0.0,122.0,10.202662713879235,9.0,11.0,1.0,16878.91393383237,10000.0,19000.0,1.0,16.5,17.91206868021561,19.0,1.0,23895.402970981013,10000.0,25000.0,1.0,19.232350865743474,17.0,20.0,1.0,0.0,211.0,1.0,47.0
11.0,22.0,11.0,22.0,-121.0,21.0,13.0,-111.0,10.201839016703012,9.0,11.0,30000.0,10000.0,19000.0,0.0,25.862960887823444,16.5,19.0,0.0,10000.0,37211.37182686932,25000.0,0.0,27.228505348324113,17.0,20.0,0.0,122.0,10.203286584490492,9.0,11.0,1.0,12847.874680788831,10000.0,19000.0,1.0,16.5,17.11976821873175,19.0,1.0,19909.788277833257,10000.0,25000.0,1.0,18.457011287664564,17.0,20.0,1.0,0.0,211.0,1.0,3.0
11.0,22.0,11.0,22.0,-121.0,21.0,13.0,-111.0,10.197253062816662,9.0,11.0,30000.0,10000.0,19000.0,0.0,27.57596419204465,16.5,19.0,0.0,10000.0,37156.49386372009,25000.0,0.0,28.927259411268327,17.0,20.0,0.0,122.0,10.194562143128538,9.0,11.0,1.0,14521.900347433251,10000.0,19000.0,1.0,16.5,17.47656040758117,19.0,1.0,21419.69482664206,10000.0,25000.0,1.0,18.779007790397355,17.0,20.0,1.0,0.0,211.0,1.0,5.0
81.0,23.0,81.0,23.0,-721.0,912.0,12.0,-711.0,15.245536883257882,12.0,17.0,30000.0,12500.0,23000.0,0.0,25.472170964410815,20.0,24.0,0.0,12500.0,33976.457631780286,26000.0,0.0,25.958567845235642,20.0,25.0,0.0,722.0,14.887725508683419,12.0,17.0,1.0,20046.61828591502,12500.0,23000.0,1.0,20.0,21.917119905895063,24.0,1.0,23982.83312003637,12500.0,26000.0,1.0,22.398594322288098,20.0,25.0,1.0,0.0,912.0,7.0,31.0
81.0,23.0,81.0,23.0,-721.0,912.0,12.0,-711.0,14.158001905773695,12.0,17.0,30000.0,12500.0,23000.0,0.0,25.079384171930368,20.0,24.0,0.0,12500.0,34532.14161949625,26000.0,0.0,25.643955099495674,20.0,25.0,0.0,721.0,14.672016176571363,12.0,17.0,1.0,16821.431055551697,12500.0,23000.0,1.0,20.0,21.248970249019365,24.0,1.0,21342.549847063587,12500.0,26000.0,1.0,21.81216805792643,20.0,25.0,1.0,0.0,912.0,7.0,10.0
92.0,24.0,92.0,24.0,-721.0,921.0,13.0,-711.0,15.376282044467787,12.0,17.0,30000.0,15000.0,28000.0,0.0,25.135186182901506,19.5,25.0,0.0,15000.0,34065.96115773257,28000.0,0.0,25.631903316975404,20.0,26.0,1.0,722.0,15.334047593468133,12.0,17.0,1.0,22162.246210890145,15000.0,28000.0,1.0,19.5,22.062414889697898,25.0,1.0,26104.858751797015,15000.0,28000.0,1.0,22.544063170660614,20.0,26.0,1.0,0.0,92122.0,7.0,25.0
11.0,22.0,11.0,22.0,-121.0,21.0,13.0,-111.0,10.000764713973307,9.0,11.0,30000.0,10000.0,19000.0,0.0,24.242590584910747,16.5,19.0,0.0,10000.0,36547.632761340356,25000.0,0.0,25.55400032223052,17.0,20.0,0.0,121.0,10.010722225551714,9.0,11.0,1.0,14105.852345901576,10000.0,19000.0,1.0,16.5,17.372857204664133,19.0,1.0,20621.215758945873,10000.0,25000.0,1.0,18.67780379123693,17.0,20.0,1.0,0.0,211.0,1.0,19.0
11.0,22.0,11.0,21.0,-121.0,11.0,11.0,-111.0,10.191387488912499,9.0,11.0,30000.0,10000.0,19000.0,0.0,23.229849413901746,16.5,19.0,0.0,10000.0,36930.74578826065,25000.0,0.0,24.533663290096904,17.0,20.0,0.0,122.0,10.194361774902108,9.0,11.0,1.0,13285.983595507734,10000.0,19000.0,1.0,16.5,17.167083812336724,19.0,1.0,20327.218548713543,10000.0,25000.0,1.0,18.49168294178251,17.0,20.0,1.0,0.0,111.0,1.0,26.0
91.0,24.0,91.0,21.0,-721.0,911.0,11.0,-711.0,15.086399181404056,12.0,17.0,30000.0,18000.0,36000.0,1.0,24.765597177831985,20.0,25.0,1.0,18000.0,34056.74399721515,36000.0,1.0,25.258891320283492,20.0,26.0,1.0,722.0,15.311145145992644,12.0,17.0,1.0,26656.86155349749,18000.0,36000.0,1.0,20.0,23.51141022107397,25.0,1.0,30577.284354065083,18000.0,36000.0,1.0,23.988127905202155,20.0,26.0,1.0,1.0,91121.0,7.0,3.0
11.0,22.0,11.0,22.0,-121.0,11.0,11.0,-111.0,9.999734745716196,9.0,11.0,30000.0,10000.0,19000.0,0.0,25.47630099199401,16.5,19.0,0.0,10000.0,36539.35330016273,25000.0,0.0,26.789662733964896,17.0,20.0,0.0,121.0,9.996961424753032,9.0,11.0,1.0,14698.47151587227,10000.0,19000.0,1.0,16.5,17.519911592778012,19.0,1.0,21176.62397118346,10000.0,25000.0,1.0,18.820981775551097,17.0,20.0,1.0,0.0,111.0,1.0,50.0
91.0,24.0,91.0,24.0,-721.0,911.0,11.0,-711.0,16.207590132304897,12.0,17.0,30000.0,18000.0,36000.0,1.0,26.13436208158665,20.0,25.0,0.0,18000.0,34497.11561511989,36000.0,1.0,26.696916440810174,20.0,26.0,0.0,721.0,14.871792450944206,12.0,17.0,1.0,26007.234315265672,18000.0,36000.0,1.0,20.0,23.194393396818498,25.0,1.0,30519.24861393551,18000.0,36000.0,1.0,23.75881146604973,20.0,26.0,1.0,0.0,91121.0,7.0,0.0
91.0,21.0,91.0,24.0,-721.0,911.0,12.0,-711.0,14.698908983981857,12.0,17.0,30000.0,18000.0,36000.0,1.0,24.8556297713038,20.0,25.0,1.0,18000.0,34491.550910337,36000.0,1.0,25.418845084688208,20.0,26.0,1.0,721.0,14.791317118701633,12.0,17.0,1.0,26861.736532340183,18000.0,36000.0,1.0,20.0,23.17155829947536,25.0,1.0,31290.378725326016,18000.0,36000.0,1.0,23.726885212246074,20.0,26.0,1.0,1.0,91121.0,7.0,26.0
11.0,22.0,11.0,21.0,-121.0,21.0,13.0,-111.0,10.016533508061954,9.0,11.0,30000.0,10000.0,19000.0,0.0,26.068370719435798,16.5,19.0,0.0,10000.0,36525.12172936753,25000.0,0.0,27.374336093898272,17.0,20.0,0.0,121.0,10.014474738554192,9.0,11.0,1.0,14212.158558413053,10000.0,19000.0,1.0,16.5,17.33188383148726,19.0,1.0,20745.406578963815,10000.0,25000.0,1.0,18.639475636129625,17.0,20.0,1.0,0.0,211.0,1.0,58.0
11.0,22.0,11.0,22.0,-121.0,11.0,11.0,-111.0,10.204332475225172,9.0,11.0,30000.0,10000.0,19000.0,0.0,23.341825080523826,16.5,19.0,0.0,10000.0,37020.300475302465,25000.0,0.0,24.668807839892636,17.0,20.0,0.0,122.0,10.208787017980383,9.0,11.0,1.0,19362.03083778813,10000.0,19000.0,0.0,16.5,18.432023126611437,19.0,1.0,26448.94568063038,10000.0,25000.0,0.0,19.771597386523926,17.0,20.0,1.0,0.0,111.0,1.0,57.0
11.0,22.0,11.0,22.0,-121.0,21.0,13.0,-111.0,10.00955304929837,9.0,11.0,30000.0,10000.0,19000.0,0.0,24.944800949120722,16.5,19.0,0.0,10000.0,36566.33873933152,25000.0,0.0,26.256674817619636,17.0,20.0,0.0,121.0,10.010271905442632,9.0,11.0,1.0,16037.147850895766,10000.0,19000.0,1.0,16.5,17.746258678119077,19.0,1.0,22553.70490504175,10000.0,25000.0,1.0,19.04818677706249,17.0,20.0,1.0,0.0,211.0,1.0,21.0
81.0,21.0,81.0,23.0,-721.0,912.0,12.0,-711.0,15.185651226538898,12.0,17.0,30000.0,12500.0,23000.0,0.0,27.697816299809766,20.0,24.0,0.0,12500.0,34038.48365258568,26000.0,0.0,28.190397810473538,20.0,25.0,0.0,722.0,15.308778640161302,12.0,17.0,1.0,17394.403968494225,12500.0,23000.0,1.0,20.0,21.995876542648812,24.0,1.0,21439.917595560917,12500.0,26000.0,1.0,22.48931551263338,20.0,25.0,1.0,0.0,912.0,7.0,7.0
11.0,22.0,11.0,21.0,-121.0,11.0,12.0,-111.0,10.213677116042945,9.0,11.0,30000.0,10000.0,19000.0,0.0,24.847788189951917,16.5,19.0,0.0,10000.0,36978.0513644631,25000.0,0.0,26.163175259824303,17.0,20.0,0.0,122.0,10.200946526061065,9.0,11.0,1.0,13541.354261979262,10000.0,19000.0,1.0,16.5,17.203518720116136,19.0,1.0,20561.571868961983,10000.0,25000.0,1.0,18.526854274070754,17.0,20.0,1.0,0.0,111.0,1.0,10.0
91.0,24.0,91.0,24.0,-721.0,911.0,12.0,-711.0,15.156925941045035,12.0,17.0,30000.0,18000.0,36000.0,1.0,24.54662127588553,20.0,25.0,1.0,18000.0,33985.661256448344,36000.0,1.0,25.03544714364705,20.0,26.0,1.0,722.0,15.218522710921008,12.0,17.0,1.0,28657.659111479807,18000.0,36000.0,1.0,20.0,23.75147010739464,25.0,1.0,32588.26231771398,18000.0,36000.0,1.0,24.23354331921239,20.0,26.0,1.0,1.0,91121.0,7.0,32.0
11.0,22.0,11.0,21.0,-121.0,11.0,12.0,-111.0,10.193975208442094,9.0,11.0,30000.0,10000.0,19000.0,0.0,24.706632365283312,16.5,19.0,0.0,10000.0,37140.666882778925,25000.0,0.0,26.052686034767728,17.0,20.0,0.0,122.0,10.196616981912525,9.0,11.0,1.0,16416.939468330664,10000.0,19000.0,1.0,16.5,17.77513993592722,19.0,1.0,23388.61700033689,10000.0,25000.0,1.0,19.089338214389272,17.0,20.0,1.0,0.0,111.0,1.0,10.0
91.0,21.0,91.0,24.0,-721.0,911.0,12.0,-711.0,15.15101124393385,12.0,17.0,30000.0,18000.0,36000.0,1.0,24.87105732383312,20.0,25.0,1.0,18000.0,34081.309315982544,36000.0,1.0,25.36865789544875,20.0,26.0,1.0,722.0,15.339167258909983,12.0,17.0,1.0,29488.918814095785,18000.0,36000.0,1.0,20.0,23.956411748614258,25.0,1.0,33541.45825522496,18000.0,36000.0,1.0,24.45050464534813,20.0,26.0,1.0,1.0,91121.0,7.0,26.0
91.0,21.0,91.0,24.0,-721.0,911.0,12.0,-711.0,15.160500426790815,12.0,17.0,30000.0,18000.0,36000.0,1.0,24.575421674366822,20.0,25.0,1.0,18000.0,34019.63519343328,36000.0,1.0,25.06629436594799,20.0,26.0,1.0,722.0,15.181548692117712,12.0,17.0,1.0,26142.926521210426,18000.0,36000.0,1.0,20.0,23.355643994510654,25.0,1.0,30044.851505438033,18000.0,36000.0,1.0,23.83214206639654,20.0,26.0,1.0,1.0,91121.0,7.0,26.0
81.0,23.0,81.0,21.0,-721.0,912.0,12.0,-711.0,14.151916022359341,12.0,17.0,30000.0,12500.0,23000.0,0.0,24.96751013565374,20.0,24.0,0.0,12500.0,34441.270264885345,26000.0,0.0,25.52411813567066,20.0,25.0,0.0,721.0,15.49483131855485,12.0,17.0,1.0,14515.27701548087,12500.0,23000.0,1.0,20.0,21.752417795192102,24.0,1.0,19051.040944264252,12500.0,26000.0,1.0,22.320868337126004,20.0,25.0,1.0,0.0,912.0,7.0,11.0
81.0,23.0,81.0,21.0,-721.0,912.0,12.0,-711.0,15.206937406792788,12.0,17.0,30000.0,12500.0,23000.0,0.0,27.529326798438554,20.0,24.0,0.0,12500.0,34520.56516572776,26000.0,0.0,28.09337242981081,20.0,25.0,0.0,721.0,14.397125975890068,12.0,17.0,1.0,14158.846578242714,12500.0,23000.0,1.0,20.0,20.643330383241047,24.0,1.0,18707.422726075325,12500.0,26000.0,1.0,21.210871036033737,20.0,25.0,1.0,0.0,912.0,7.0,11.0
11.0,22.0,11.0,22.0,-121.0,11.0,11.0,-111.0,10.008413226674516,9.0,11.0,30000.0,10000.0,19000.0,0.0,23.336047042597816,16.5,19.0,0.0,10000.0,36425.82953591541,25000.0,0.0,24.6178220317233,17.0,20.0,0.0,121.0,9.992432246582439,9.0,11.0,1.0,15649.541609833548,10000.0,19000.0,1.0,16.5,17.611321962457236,19.0,1.0,22142.38742762729,10000.0,25000.0,1.0,18.90646484338497,17.0,20.0,1.0,0.0,111.0,1.0,50.0
11.0,21.0,11.0,22.0,-121.0,21.0,12.0,-111.0,10.183386478692986,9.0,11.0,30000.0,10000.0,19000.0,0.0,25.203614845376485,16.5,19.0,0.0,10000.0,37133.5236687523,25000.0,0.0,26.552672866540668,17.0,20.0,0.0,122.0,10.199115860254697,9.0,11.0,1.0,15015.679592785855,10000.0,19000.0,1.0,16.5,17.548063742610655,19.0,1.0,21904.054946465538,10000.0,25000.0,1.0,18.850760482004333,17.0,20.0,1.0,0.0,211.0,1.0,37.0
11.0,21.0,11.0,22.0,-121.0,11.0,12.0,-111.0,10.18462073821462,9.0,11.0,30000.0,10000.0,19000.0,0.0,25.200377883534927,16.5,19.0,0.0,10000.0,36932.29830594189,25000.0,0.0,26.504580870900114,17.0,20.0,0.0,122.0,10.207202797339798,9.0,11.0,1.0,13792.528354582482,10000.0,19000.0,1.0,16.5,17.322582889924306,19.0,1.0,20819.836073535178,10000.0,25000.0,1.0,18.64466040530429,17.0,20.0,1.0,0.0,111.0,1.0,7.0
11.0,22.0,11.0,21.0,-121.0,11.0,12.0,-111.0,10.011445119734327,9.0,11.0,30000.0,10000.0,19000.0,0.0,24.654460048999223,16.5,19.0,0.0,10000.0,36512.46593778806,25000.0,0.0,25.959497937646134,17.0,20.0,0.0,121.0,9.970998508218644,9.0,11.0,1.0,14203.781037382625,10000.0,19000.0,1.0,16.5,17.293835277690306,19.0,1.0,20713.268966715357,10000.0,25000.0,1.0,18.598276401009915,17.0,20.0,1.0,0.0,111.0,1.0,46.0
11.0,22.0,11.0,22.0,-121.0,21.0,13.0,-111.0,10.001565448025223,9.0,11.0,30000.0,10000.0,19000.0,0.0,25.740099582105774,16.5,19.0,0.0,10000.0,36462.585289310526,25000.0,0.0,27.034077402701996,17.0,20.0,0.0,121.0,10.00903759970279,9.0,11.0,1.0,14083.779977337164,10000.0,19000.0,1.0,16.5,17.390504667500785,19.0,1.0,20567.90667316879,10000.0,25000.0,1.0,18.688795638487278,17.0,20.0,1.0,0.0,211.0,1.0,28.0
11.0,22.0,11.0,22.0,-121.0,11.0,12.0,-111.0,9.99176452001606,9.0,11.0,30000.0,10000.0,19000.0,0.0,23.475588738479267,16.5,19.0,0.0,10000.0,36512.220681211555,25000.0,0.0,24.771717505412163,17.0,20.0,0.0,121.0,10.017627025137257,9.0,11.0,1.0,14914.960581281759,10000.0,19000.0,1.0,16.5,17.49658583562073,19.0,1.0,21423.633811917283,10000.0,25000.0,1.0,18.79200855265668,17.0,20.0,1.0,0.0,111.0,1.0,40.0
11.0,21.0,11.0,22.0,-121.0,21.0,13.0,-111.0,10.184784638976767,9.0,11.0,30000.0,10000.0,19000.0,0.0,26.135543897457516,16.5,19.0,0.0,10000.0,36918.587498391054,25000.0,0.0,27.436795860642924,17.0,20.0,0.0,122.0,10.215100313472488,9.0,11.0,1.0,12073.277031716614,10000.0,19000.0,1.0,16.5,16.93844821038546,19.0,1.0,19069.306233009258,10000.0,25000.0,1.0,18.254265454122216,17.0,20.0,1.0,0.0,211.0,1.0,24.0
11.0,21.0,11.0,21.0,-121.0,21.0,13.0,-111.0,10.20671313381084,9.0,11.0,30000.0,10000.0,19000.0,0.0,26.379205997721073,16.5,19.0,0.0,10000.0,37014.99872406666,25000.0,0.0,27.707696077151695,17.0,20.0,0.0,122.0,10.214906483347432,9.0,11.0,1.0,12257.37872368539,10000.0,19000.0,1.0,16.5,16.986100124047102,19.0,1.0,19191.549322147534,10000.0,25000.0,1.0,18.299283092638746,17.0,20.0,1.0,0.0,211.0,1.0,34.0
81.0,23.0,81.0,23.0,-721.0,912.0,12.0,-711.0,14.962636326614003,12.0,17.0,30000.0,12500.0,23000.0,0.0,25.05111945245053,20.0,24.0,0.0,12500.0,33987.76511324619,26000.0,0.0,25.537528372608335,20.0,25.0,0.0,722.0,15.320902234475197,12.0,17.0,1.0,18281.04410348093,12500.0,23000.0,1.0,20.0,22.099068347630382,24.0,1.0,22234.045243203167,12500.0,26000.0,1.0,22.581236921042084,20.0,25.0,1.0,0.0,912.0,7.0,10.0
11.0,21.0,11.0,22.0,-121.0,11.0,11.0,-111.0,10.194601169047814,9.0,11.0,30000.0,10000.0,19000.0,0.0,26.315482194472075,16.5,19.0,0.0,10000.0,37010.87262515027,25000.0,0.0,27.634779843797915,17.0,20.0,0.0,122.0,10.195538795487085,9.0,11.0,1.0,15709.20378160063,10000.0,19000.0,1.0,16.5,17.694435620673733,19.0,1.0,22717.214485115677,10000.0,25000.0,1.0,19.01319471699943,17.0,20.0,1.0,0.0,111.0,1.0,43.0
81.0,23.0,81.0,23.0,-721.0,912.0,12.0,-711.0,15.367458047104064,12.0,17.0,30000.0,12500.0,23000.0,0.0,26.011590663124174,20.0,24.0,0.0,12500.0,33998.13559907487,26000.0,0.0,26.499680478729516,20.0,25.0,0.0,722.0,15.611387322912801,12.0,17.0,1.0,18183.677533244383,12500.0,23000.0,1.0,20.0,22.381289127996286,24.0,1.0,22175.42877265314,12500.0,26000.0,1.0,22.868599545090756,20.0,25.0,1.0,0.0,912.0,7.0,31.0
11.0,22.0,11.0,22.0,-121.0,21.0,13.0,-111.0,10.003353843204406,9.0,11.0,30000.0,10000.0,19000.0,0.0,25.31828996851469,16.5,19.0,0.0,10000.0,36485.77622783362,25000.0,0.0,26.61253601659636,17.0,20.0,0.0,121.0,10.00042695719811,9.0,11.0,1.0,14864.314372567376,10000.0,19000.0,1.0,16.5,17.50669921954431,19.0,1.0,21385.940912632323,10000.0,25000.0,1.0,18.808099249400552,17.0,20.0,1.0,0.0,211.0,1.0,16.0
81.0,23.0,81.0,23.0,-721.0,912.0,12.0,-711.0,15.276650568975802,12.0,17.0,30000.0,12500.0,23000.0,0.0,26.890768724171156,20.0,24.0,0.0,12500.0,34567.503315574926,26000.0,0.0,27.459388202694804,20.0,25.0,0.0,721.0,15.171300279286456,12.0,17.0,1.0,18625.214874500183,12500.0,23000.0,1.0,20.0,22.019139988169467,24.0,1.0,23104.498827673287,12500.0,26000.0,1.0,22.57677682598576,20.0,25.0,1.0,0.0,912.0,7.0,5.0
11.0,22.0,11.0,22.0,-121.0,11.0,11.0,-111.0,10.196491062007143,9.0,11.0,30000.0,10000.0,19000.0,0.0,24.764063309176557,16.5,19.0,0.0,10000.0,36827.01573863648,25000.0,0.0,26.054749953188345,17.0,20.0,0.0,122.0,10.172858788911125,9.0,11.0,1.0,17507.96992907879,10000.0,19000.0,1.0,16.5,17.989147408919525,19.0,1.0,24733.93252972417,10000.0,25000.0,1.0,19.355257254836534,17.0,20.0,1.0,0.0,111.0,1.0,57.0
11.0,22.0,11.0,21.0,-121.0,11.0,11.0,-111.0,10.19930222539379,9.0,11.0,30000.0,10000.0,19000.0,0.0,24.0503124254162,16.5,19.0,0.0,10000.0,36947.60156392106,25000.0,0.0,25.361501068436652,17.0,20.0,0.0,122.0,10.208932508794122,9.0,11.0,1.0,12034.822436084585,10000.0,19000.0,1.0,16.5,16.953524782591256,19.0,1.0,18895.930174549132,10000.0,25000.0,1.0,18.248389846807342,17.0,20.0,1.0,0.0,111.0,1.0,1.0
81.0,23.0,81.0,21.0,-721.0,912.0,12.0,-711.0,15.198327020495737,12.0,17.0,30000.0,12500.0,23000.0,0.0,26.137752785350465,20.0,24.0,0.0,12500.0,33906.20601983354,26000.0,0.0,26.615742005078722,20.0,25.0,0.0,722.0,15.388856738564424,12.0,17.0,1.0,18871.74463694118,12500.0,23000.0,1.0,20.0,22.110931405225802,24.0,1.0,22743.14585559109,12500.0,26000.0,1.0,22.584661679144215,20.0,25.0,1.0,0.0,912.0,7.0,30.0
11.0,21.0,11.0,22.0,-121.0,21.0,13.0,-111.0,9.994808504591262,9.0,11.0,30000.0,10000.0,19000.0,0.0,26.537400935234015,16.5,19.0,0.0,10000.0,36463.94073461752,25000.0,0.0,27.82933479475919,17.0,20.0,0.0,121.0,10.000560066623738,9.0,11.0,1.0,14490.443421321439,10000.0,19000.0,1.0,16.5,17.398706401141872,19.0,1.0,21044.63456832423,10000.0,25000.0,1.0,18.70867841546822,17.0,20.0,1.0,0.0,211.0,1.0,9.0
81.0,23.0,81.0,23.0,-721.0,912.0,12.0,-711.0,14.585341255119431,12.0,17.0,30000.0,12500.0,23000.0,0.0,26.351846011375713,20.0,24.0,0.0,12500.0,34458.21067022081,26000.0,0.0,26.90874605214224,20.0,25.0,0.0,721.0,15.723592313263172,12.0,17.0,1.0,16554.916852838087,12500.0,23000.0,1.0,20.0,22.3775583253555,24.0,1.0,20995.98162704811,12500.0,26000.0,1.0,22.93231657631134,20.0,25.0,1.0,0.0,912.0,7.0,5.0
11.0,22.0,11.0,22.0,-121.0,21.0,13.0,-111.0,10.000308006197395,9.0,11.0,30000.0,10000.0,19000.0,0.0,24.879088407476047,16.5,19.0,0.0,10000.0,36540.98132235405,25000.0,0.0,26.188170782043063,17.0,20.0,0.0,121.0,10.008879563103557,9.0,11.0,1.0,14584.627509699074,10000.0,19000.0,1.0,16.5,17.455525957181283,19.0,1.0,21101.322414399663,10000.0,25000.0,1.0,18.759747758124146,17.0,20.0,1.0,0.0,211.0,1.0,21.0
11.0,21.0,11.0,22.0,-121.0,11.0,12.0,-111.0,10.213136993876727,9.0,11.0,30000.0,10000.0,19000.0,0.0,25.326769346710606,16.5,19.0,0.0,10000.0,37114.68221478819,25000.0,0.0,26.664871658054718,17.0,20.0,0.0,122.0,10.214126907499203,9.0,11.0,1.0,15534.66143229739,10000.0,19000.0,1.0,16.5,17.639538977385925,19.0,1.0,22433.239903635484,10000.0,25000.0,1.0,18.93699732040217,17.0,20.0,1.0,0.0,111.0,1.0,51.0
81.0,23.0,81.0,21.0,-721.0,912.0,11.0,-711.0,15.279209589607204,12.0,17.0,30000.0,12500.0,23000.0,0.0,26.359316371113035,20.0,24.0,0.0,12500.0,34002.0597340289,26000.0,0.0,26.848830147549762,20.0,25.0,0.0,722.0,15.183883404576518,12.0,17.0,1.0,13230.001981964671,12500.0,23000.0,1.0,20.0,21.251198309285286,24.0,1.0,17210.572683216713,12500.0,26000.0,1.0,21.738083644797676,20.0,25.0,1.0,0.0,912.0,7.0,12.0
11.0,22.0,11.0,22.0,-121.0,21.0,13.0,-111.0,9.996482269599076,9.0,11.0,30000.0,10000.0,19000.0,0.0,27.4149879078919,16.5,19.0,0.0,10000.0,36522.71150527897,25000.0,0.0,28.725830352368373,17.0,20.0,0.0,121.0,9.981009633407844,9.0,11.0,1.0,15301.893471827969,10000.0,19000.0,1.0,16.5,17.583906872743242,19.0,1.0,21772.197141320063,10000.0,25000.0,1.0,18.884217130487713,17.0,20.0,1.0,0.0,211.0,1.0,28.0
11.0,22.0,11.0,22.0,-121.0,11.0,11.0,-111.0,9.996991254517512,9.0,11.0,30000.0,10000.0,19000.0,0.0,27.318135518793603,16.5,19.0,0.0,10000.0,36502.60211230385,25000.0,0.0,28.626549152731073,17.0,20.0,0.0,121.0,10.01079372695809,9.0,11.0,1.0,15456.498377476528,10000.0,19000.0,1.0,16.5,17.653378448232836,19.0,1.0,21986.886140975475,10000.0,25000.0,1.0,18.967382940141253,17.0,20.0,1.0,0.0,111.0,1.0,27.0
11.0,22.0,11.0,22.0,-121.0,21.0,13.0,-111.0,10.200970833906197,9.0,11.0,30000.0,10000.0,19000.0,0.0,28.82396582602211,16.5,19.0,0.0,10000.0,36983.16318101161,25000.0,0.0,30.149064372316065,17.0,20.0,0.0,122.0,10.199417210149946,9.0,11.0,1.0,14724.026795672915,10000.0,19000.0,1.0,16.5,17.499696564525873,19.0,1.0,21741.32676081811,10000.0,25000.0,1.0,18.831272777438528,17.0,20.0,1.0,0.0,211.0,1.0,28.0
11.0,22.0,11.0,21.0,-121.0,11.0,12.0,-111.0,9.992688051425151,9.0,11.0,30000.0,10000.0,19000.0,0.0,24.86110908351258,16.5,19.0,0.0,10000.0,36469.542141913116,25000.0,0.0,26.154442942171237,17.0,20.0,0.0,121.0,10.007429487045428,9.0,11.0,1.0,12417.032442114489,10000.0,19000.0,1.0,16.5,16.943677968325837,19.0,1.0,18874.747978222327,10000.0,25000.0,1.0,18.234647556162006,17.0,20.0,1.0,0.0,111.0,1.0,45.0
81.0,23.0,81.0,23.0,-721.0,912.0,11.0,-711.0,15.359993214474997,12.0,17.0,30000.0,12500.0,23000.0,0.0,26.573896173956072,20.0,24.0,0.0,12500.0,33965.404718055746,26000.0,0.0,27.058701515078894,20.0,25.0,0.0,722.0,15.281862512609905,12.0,17.0,1.0,22170.985614956156,12500.0,23000.0,1.0,20.0,22.57279713442273,24.0,1.0,26210.830125718672,12500.0,26000.0,0.0,23.066703389994963,20.0,25.0,1.0,0.0,912.0,7.0,17.0
11.0,22.0,11.0,21.0,-121.0,11.0,11.0,-111.0,10.172257900868715,9.0,11.0,30000.0,10000.0,19000.0,0.0,24.085318180937342,16.5,19.0,0.0,10000.0,36975.64614130897,25000.0,0.0,25.401207405438132,17.0,20.0,0.0,122.0,10.203606977116232,9.0,11.0,1.0,15188.72164522135,10000.0,19000.0,1.0,16.5,17.581679669825583,19.0,1.0,22236.552076737655,10000.0,25000.0,1.0,18.91118577335634,17.0,20.0,1.0,0.0,111.0,1.0,12.0
11.0,22.0,11.0,21.0,-121.0,11.0,11.0,-111.0,10.184841957997197,9.0,11.0,30000.0,10000.0,19000.0,0.0,24.52396543047994,16.5,19.0,0.0,10000.0,36974.710293471595,25000.0,0.0,25.847402259337724,17.0,20.0,0.0,122.0,10.204796855707487,9.0,11.0,1.0,15446.61221236693,10000.0,19000.0,1.0,16.5,17.596021446962524,19.0,1.0,22406.05339740704,10000.0,25000.0,1.0,18.91656099412805,17.0,20.0,1.0,0.0,111.0,1.0,12.0
11.0,21.0,11.0,22.0,-121.0,11.0,12.0,-111.0,9.991945196911859,9.0,11.0,30000.0,10000.0,19000.0,0.0,26.22523122359845,16.5,19.0,0.0,10000.0,36493.66042601801,25000.0,0.0,27.52170333268713,17.0,20.0,0.0,121.0,10.01307649140871,9.0,11.0,1.0,15643.914530877659,10000.0,19000.0,1.0,16.5,17.653455856514377,19.0,1.0,22139.241807573497,10000.0,25000.0,1.0,18.9502607556278,17.0,20.0,1.0,0.0,111.0,1.0,51.0
11.0,22.0,11.0,22.0,-121.0,11.0,11.0,-111.0,9.993799666699129,9.0,11.0,30000.0,10000.0,19000.0,0.0,24.15330698289724,16.5,19.0,0.0,10000.0,36475.67399459952,25000.0,0.0,25.44371531659004,17.0,20.0,0.0,121.0,9.990620710933126,9.0,11.0,1.0,17647.391553577356,10000.0,19000.0,1.0,16.5,17.98191630040442,19.0,1.0,24215.852330185815,10000.0,25000.0,1.0,19.290814267278375,17.0,20.0,1.0,0.0,111.0,1.0,15.0
11.0,22.0,11.0,22.0,-121.0,21.0,13.0,-111.0,10.243917258582762,9.0,11.0,30000.0,10000.0,19000.0,0.0,26.557266851755852,16.5,19.0,0.0,10000.0,37106.95496921909,25000.0,0.0,27.901243512025417,17.0,20.0,0.0,122.0,10.216971662774881,9.0,11.0,1.0,14239.832579356831,10000.0,19000.0,1.0,16.5,17.428733681839475,19.0,1.0,21429.46071167937,10000.0,25000.0,1.0,18.78834443605264,17.0,20.0,1.0,0.0,211.0,1.0,31.0
91.0,24.0,91.0,24.0,-721.0,911.0,12.0,-711.0,14.559835042671748,12.0,17.0,30000.0,18000.0,36000.0,1.0,23.905718908205074,20.0,25.0,1.0,18000.0,34429.378022956276,36000.0,1.0,24.46063345609042,20.0,26.0,1.0,721.0,14.326509404049785,12.0,17.0,1.0,26753.529086383794,18000.0,36000.0,1.0,20.0,22.68030300639243,25.0,1.0,31272.263958899184,18000.0,36000.0,1.0,23.2464122221333,20.0,26.0,1.0,1.0,91121.0,7.0,24.0
11.0,22.0,11.0,21.0,-121.0,21.0,13.0,-111.0,10.202299744334098,9.0,11.0,30000.0,10000.0,19000.0,0.0,25.397567180509817,16.5,19.0,0.0,10000.0,36883.89153904835,25000.0,0.0,26.6973545816212,17.0,20.0,0.0,122.0,10.189076477166994,9.0,11.0,1.0,13548.377922377775,10000.0,19000.0,1.0,16.5,17.211033639322206,19.0,1.0,20592.39995481614,10000.0,25000.0,1.0,18.541056205624887,17.0,20.0,1.0,0.0,211.0,1.0,2.0
11.0,22.0,11.0,22.0,-121.0,11.0,11.0,-111.0,9.990666553805347,9.0,11.0,30000.0,10000.0,19000.0,0.0,25.99114859165095,16.5,19.0,0.0,10000.0,36560.41660639898,25000.0,0.0,27.29853650684433,17.0,20.0,0.0,121.0,9.995905769533787,9.0,11.0,1.0,15894.677776063672,10000.0,19000.0,1.0,16.5,17.736468439909864,19.0,1.0,22436.436517853715,10000.0,25000.0,1.0,19.040138135944833,17.0,20.0,1.0,0.0,111.0,1.0,44.0
11.0,22.0,11.0,22.0,-121.0,11.0,11.0,-111.0,10.187477993754907,9.0,11.0,30000.0,10000.0,19000.0,0.0,24.474559972886752,16.5,19.0,0.0,10000.0,36988.92302011498,25000.0,0.0,25.79990531230671,17.0,20.0,0.0,122.0,10.226621968885901,9.0,11.0,1.0,15976.31511411176,10000.0,19000.0,1.0,16.5,17.821755115675906,19.0,1.0,23078.219218344464,10000.0,25000.0,1.0,19.168525637895428,17.0,20.0,1.0,0.0,111.0,1.0,55.0
91.0,24.0,91.0,24.0,-721.0,911.0,11.0,-711.0,15.184783041854832,12.0,17.0,30000.0,18000.0,36000.0,1.0,25.154069596778328,20.0,25.0,0.0,18000.0,33972.35069743682,36000.0,1.0,25.639725333881607,20.0,26.0,1.0,722.0,15.300943484517529,12.0,17.0,1.0,27600.8585186746,18000.0,36000.0,1.0,20.0,23.75464931560746,25.0,1.0,31529.470252306368,18000.0,36000.0,1.0,24.23495756948863,20.0,26.0,1.0,0.0,91121.0,7.0,16.0
91.0,24.0,91.0,24.0,-721.0,911.0,11.0,-711.0,15.016045653988163,12.0,17.0,30000.0,18000.0,36000.0,1.0,24.72185043344105,20.0,25.0,1.0,18000.0,34490.11849190018,36000.0,1.0,25.28294974594561,20.0,26.0,1.0,721.0,14.428869616006097,12.0,17.0,1.0,24718.13924016489,18000.0,36000.0,1.0,20.0,22.464226617005995,25.0,1.0,29287.31193951715,18000.0,36000.0,1.0,23.035204791623435,20.0,26.0,1.0,1.0,91121.0,7.0,9.0
91.0,21.0,91.0,24.0,-721.0,911.0,11.0,-711.0,15.303224585471906,12.0,17.0,30000.0,18000.0,36000.0,1.0,25.291328797484006,20.0,25.0,0.0,18000.0,33914.33376028162,36000.0,1.0,25.768116534642278,20.0,26.0,1.0,722.0,15.33278232318411,12.0,17.0,1.0,21674.466094691445,18000.0,36000.0,1.0,20.0,23.0134344355347,25.0,1.0,25702.756906950086,18000.0,36000.0,1.0,23.504102778761023,20.0,26.0,1.0,0.0,91121.0,7.0,18.0
11.0,22.0,11.0,22.0,-121.0,21.0,13.0,-111.0,10.215821216549775,9.0,11.0,30000.0,10000.0,19000.0,0.0,25.566041737017578,16.5,19.0,0.0,10000.0,36949.798914757426,25000.0,0.0,26.877563977703936,17.0,20.0,0.0,122.0,10.192546662133486,9.0,11.0,1.0,14204.336467343488,10000.0,19000.0,1.0,16.5,17.40347042693991,19.0,1.0,21326.957083404755,10000.0,25000.0,1.0,18.74760648965383,17.0,20.0,1.0,0.0,211.0,1.0,19.0
11.0,22.0,11.0,22.0,-121.0,11.0,12.0,-111.0,10.000723922884514,9.0,11.0,30000.0,10000.0,19000.0,0.0,24.121280452586984,16.5,19.0,0.0,10000.0,36509.39430945594,25000.0,0.0,25.412921317038247,17.0,20.0,0.0,121.0,9.981953795529705,9.0,11.0,1.0,16585.69778354287,10000.0,19000.0,1.0,16.5,17.809398627565702,19.0,1.0,23010.418805179303,10000.0,25000.0,1.0,19.08423800888723,17.0,20.0,1.0,0.0,111.0,1.0,14.0
11.0,21.0,11.0,21.0,-121.0,11.0,11.0,-111.0,10.232431446130441,9.0,11.0,30000.0,10000.0,19000.0,0.0,24.924755983758548,16.5,19.0,0.0,10000.0,37176.31727334125,25000.0,0.0,26.27717583800905,17.0,20.0,0.0,122.0,10.192388448521287,9.0,11.0,1.0,11699.48489264401,10000.0,19000.0,1.0,16.5,16.88240731498599,19.0,1.0,18765.11502857349,10000.0,25000.0,1.0,18.213967517057803,17.0,20.0,1.0,0.0,111.0,1.0,18.0
91.0,24.0,91.0,24.0,-721.0,911.0,12.0,-711.0,15.144487054942262,12.0,17.0,30000.0,18000.0,36000.0,1.0,24.663702944307133,20.0,25.0,1.0,18000.0,34520.1852776237,36000.0,1.0,25.22552351990469,20.0,26.0,1.0,721.0,14.810366325193685,12.0,17.0,1.0,26657.925870563166,18000.0,36000.0,1.0,20.0,23.184052541971052,25.0,1.0,31139.162621269475,18000.0,36000.0,1.0,23.741032147018192,20.0,26.0,1.0,1.0,91121.0,7.0,23.0
81.0,23.0,81.0,21.0,-721.0,912.0,12.0,-711.0,15.828394942166378,12.0,17.0,30000.0,12500.0,23000.0,0.0,26.745962173230843,20.0,24.0,0.0,12500.0,34521.58340638787,26000.0,0.0,27.31187002783519,20.0,25.0,0.0,721.0,15.104935563847857,12.0,17.0,1.0,15574.613516089617,12500.0,23000.0,1.0,20.0,21.565481288162133,24.0,1.0,20080.1345787103,12500.0,26000.0,1.0,22.129378827864763,20.0,25.0,1.0,0.0,912.0,7.0,30.0
91.0,24.0,91.0,24.0,-721.0,911.0,11.0,-711.0,15.194141780561308,12.0,17.0,30000.0,18000.0,36000.0,1.0,24.412039919531956,20.0,25.0,1.0,18000.0,33991.69557721947,36000.0,1.0,24.89783296876117,20.0,26.0,1.0,722.0,15.433773279558148,12.0,17.0,1.0,27541.271299186767,18000.0,36000.0,1.0,20.0,23.780583366680425,25.0,1.0,31543.591392714527,18000.0,36000.0,1.0,24.267669429385776,20.0,26.0,1.0,1.0,91121.0,7.0,16.0
11.0,22.0,11.0,22.0,-121.0,11.0,12.0,-111.0,10.025522043638276,9.0,11.0,30000.0,10000.0,19000.0,0.0,23.911876118753774,16.5,19.0,0.0,10000.0,36629.89208323704,25000.0,0.0,25.23351214191516,17.0,20.0,0.0,121.0,10.001140659078986,9.0,11.0,1.0,15595.624377934764,10000.0,19000.0,1.0,16.5,17.5886432368551,19.0,1.0,22090.004354194032,10000.0,25000.0,1.0,18.883265595252748,17.0,20.0,1.0,0.0,111.0,1.0,40.0
91.0,24.0,91.0,24.0,-721.0,911.0,11.0,-711.0,15.80716145165167,12.0,17.0,30000.0,18000.0,36000.0,1.0,25.594091036210415,20.0,25.0,0.0,18000.0,34513.467920639676,36000.0,1.0,26.15677893174747,20.0,26.0,0.0,721.0,15.126768999134287,12.0,17.0,1.0,23908.1755068583,18000.0,36000.0,1.0,20.0,23.203331543223186,25.0,1.0,28514.878945568802,18000.0,36000.0,1.0,23.77764298375381,20.0,26.0,1.0,0.0,91121.0,7.0,0.0
81.0,23.0,81.0,23.0,-721.0,912.0,12.0,-711.0,15.320159121290212,12.0,17.0,30000.0,12500.0,23000.0,0.0,26.850074223729113,20.0,24.0,0.0,12500.0,33956.172579276834,26000.0,0.0,27.331216977286648,20.0,25.0,0.0,722.0,15.163315936341311,12.0,17.0,1.0,18713.57828699654,12500.0,23000.0,1.0,20.0,22.013930491581927,24.0,1.0,22697.84592536074,12500.0,26000.0,1.0,22.498490116830414,20.0,25.0,1.0,0.0,912.0,7.0,10.0
11.0,22.0,11.0,22.0,-121.0,21.0,13.0,-111.0,10.000602624599082,9.0,11.0,30000.0,10000.0,19000.0,0.0,26.90641966541298,16.5,19.0,0.0,10000.0,36378.47718640022,25000.0,0.0,28.17895322175812,17.0,20.0,0.0,121.0,10.013591804753116,9.0,11.0,1.0,13483.705492334493,10000.0,19000.0,1.0,16.5,17.24319423685829,19.0,1.0,19972.017260162214,10000.0,25000.0,1.0,18.537640263285102,17.0,20.0,1.0,0.0,211.0,1.0,36.0
11.0,22.0,11.0,22.0,-121.0,21.0,13.0,-111.0,10.203324431128374,9.0,11.0,30000.0,10000.0,19000.0,0.0,24.964296694659986,16.5,19.0,0.0,10000.0,36995.15227387304,25000.0,0.0,26.28624866425621,17.0,20.0,0.0,122.0,10.205474310454958,9.0,11.0,1.0,14628.812250150819,10000.0,19000.0,1.0,16.5,17.510341010853168,19.0,1.0,21516.06410105586,10000.0,25000.0,1.0,18.811901833684,17.0,20.0,1.0,0.0,211.0,1.0,21.0
11.0,22.0,11.0,22.0,-121.0,21.0,13.0,-111.0,10.212304585948665,9.0,11.0,30000.0,10000.0,19000.0,0.0,26.5173275755667,16.5,19.0,0.0,10000.0,36921.05538172308,25000.0,0.0,27.82429048808168,17.0,20.0,0.0,122.0,10.19791797942751,9.0,11.0,1.0,12597.93812108825,10000.0,19000.0,1.0,16.5,17.04729680160922,19.0,1.0,19444.111382514027,10000.0,25000.0,1.0,18.340119073912373,17.0,20.0,1.0,0.0,211.0,1.0,22.0
11.0,22.0,11.0,21.0,-121.0,11.0,11.0,-111.0,10.006538428034002,9.0,11.0,30000.0,10000.0,19000.0,0.0,24.510783790837902,16.5,19.0,0.0,10000.0,36592.51073258078,25000.0,0.0,25.82274998869464,17.0,20.0,0.0,121.0,9.98392567241032,9.0,11.0,1.0,13106.075720070845,10000.0,19000.0,1.0,16.5,17.02630509371403,19.0,1.0,19630.505893322064,10000.0,25000.0,1.0,18.324722676150223,17.0,20.0,1.0,0.0,111.0,1.0,1.0
11.0,22.0,11.0,21.0,-121.0,11.0,11.0,-111.0,10.024705776829947,9.0,11.0,30000.0,10000.0,19000.0,0.0,25.20825557556921,16.5,19.0,0.0,10000.0,36470.63540512,25000.0,0.0,26.504967086332112,17.0,20.0,0.0,121.0,9.982408914442708,9.0,11.0,1.0,14037.23064146039,10000.0,19000.0,1.0,16.5,17.291844822010912,19.0,1.0,20492.51542390087,10000.0,25000.0,1.0,18.58548007706171,17.0,20.0,1.0,0.0,111.0,1.0,39.0
11.0,22.0,11.0,22.0,-121.0,11.0,12.0,-111.0,9.986737598617664,9.0,11.0,30000.0,10000.0,19000.0,0.0,25.864774813557478,16.5,19.0,0.0,10000.0,36509.736956512206,25000.0,0.0,27.168179261147664,17.0,20.0,0.0,121.0,10.000438009138987,9.0,11.0,1.0,16027.24120006803,10000.0,19000.0,1.0,16.5,17.735349541251175,19.0,1.0,22518.50273408469,10000.0,25000.0,1.0,19.035054769039903,17.0,20.0,1.0,0.0,111.0,1.0,40.0
11.0,22.0,11.0,21.0,-121.0,21.0,13.0,-111.0,10.178361311536012,9.0,11.0,30000.0,10000.0,19000.0,0.0,26.62278888068221,16.5,19.0,0.0,10000.0,36997.44399213322,25000.0,0.0,27.93609427857497,17.0,20.0,0.0,122.0,10.20645149904629,9.0,11.0,1.0,12767.603833445977,10000.0,19000.0,1.0,16.5,17.06449632899294,19.0,1.0,19767.6061403664,10000.0,25000.0,1.0,18.378281880585156,17.0,20.0,1.0,0.0,211.0,1.0,33.0
11.0,22.0,11.0,21.0,-121.0,21.0,13.0,-111.0,9.97898659037218,9.0,11.0,30000.0,10000.0,19000.0,0.0,23.74151696105173,16.5,19.0,0.0,10000.0,36472.727533305835,25000.0,0.0,25.027891999391947,17.0,20.0,0.0,121.0,10.012170450062023,9.0,11.0,1.0,13811.133831580713,10000.0,19000.0,1.0,16.5,17.250213309400586,19.0,1.0,20215.204987720568,10000.0,25000.0,1.0,18.52294373666228,17.0,20.0,1.0,0.0,211.0,1.0,33.0
81.0,23.0,81.0,23.0,-721.0,912.0,11.0,-711.0,15.142720064547852,12.0,17.0,30000.0,12500.0,23000.0,0.0,26.251116213089198,20.0,24.0,0.0,12500.0,34078.22959511853,26000.0,0.0,26.74670936935938,20.0,25.0,0.0,722.0,14.978667669481762,12.0,17.0,1.0,17567.487106275446,12500.0,23000.0,1.0,20.0,21.718413022784418,24.0,1.0,21498.06748561765,12500.0,26000.0,1.0,22.196063603934505,20.0,25.0,1.0,0.0,912.0,7.0,17.0
11.0,21.0,11.0,21.0,-121.0,11.0,11.0,-111.0,10.211110436249559,9.0,11.0,30000.0,10000.0,19000.0,0.0,24.77598914716817,16.5,19.0,0.0,10000.0,37186.3387555077,25000.0,0.0,26.13156250746878,17.0,20.0,0.0,122.0,10.196166639660456,9.0,11.0,1.0,11771.069409916425,10000.0,19000.0,1.0,16.5,16.893123992360778,19.0,1.0,18822.710727210753,10000.0,25000.0,1.0,18.22328910721751,17.0,20.0,1.0,0.0,111.0,1.0,18.0
11.0,22.0,11.0,21.0,-121.0,11.0,11.0,-111.0,10.190410566070007,9.0,11.0,30000.0,10000.0,19000.0,0.0,23.82083178538254,16.5,19.0,0.0,10000.0,36853.40822158477,25000.0,0.0,25.11485439790959,17.0,20.0,0.0,122.0,10.202103260145458,9.0,11.0,1.0,13882.291219946974,10000.0,19000.0,1.0,16.5,17.29818228627437,19.0,1.0,20853.070232783026,10000.0,25000.0,1.0,18.61436620205649,17.0,20.0,1.0,0.0,111.0,1.0,12.0
11.0,21.0,11.0,21.0,-121.0,11.0,11.0,-111.0,10.216237511881552,9.0,11.0,30000.0,10000.0,19000.0,0.0,26.78023332120793,16.5,19.0,0.0,10000.0,36994.06245996701,25000.0,0.0,28.10403315631673,17.0,20.0,0.0,122.0,10.212191494380527,9.0,11.0,1.0,14869.128605057787,10000.0,19000.0,1.0,16.5,17.50493023447789,19.0,1.0,21973.493808587,10000.0,25000.0,1.0,18.849607600288696,17.0,20.0,1.0,0.0,111.0,1.0,18.0
11.0,22.0,11.0,22.0,-121.0,11.0,12.0,-111.0,10.179979312772979,9.0,11.0,30000.0,10000.0,19000.0,0.0,23.536656072281644,16.5,19.0,0.0,10000.0,37000.888393367,25000.0,0.0,24.860950525763066,17.0,20.0,0.0,122.0,10.168943462648599,9.0,11.0,1.0,14324.859233579618,10000.0,19000.0,1.0,16.5,17.426439487374736,19.0,1.0,21391.275214533925,10000.0,25000.0,1.0,18.763129199274232,17.0,20.0,1.0,0.0,111.0,1.0,14.0
81.0,23.0,81.0,21.0,-721.0,912.0,11.0,-711.0,15.717644117388332,12.0,17.0,30000.0,12500.0,23000.0,0.0,26.281162003774064,20.0,24.0,0.0,12500.0,34513.24181757975,26000.0,0.0,26.845105731903537,20.0,25.0,0.0,721.0,15.812090558496202,12.0,17.0,1.0,12696.12900784378,12500.0,23000.0,1.0,20.0,21.939399487666208,24.0,1.0,17191.06679291804,12500.0,26000.0,1.0,22.501056069494158,20.0,25.0,1.0,0.0,912.0,7.0,12.0
11.0,21.0,11.0,22.0,-121.0,11.0,12.0,-111.0,10.00083054483177,9.0,11.0,30000.0,10000.0,19000.0,0.0,25.120037217505857,16.5,19.0,0.0,10000.0,36479.513944426246,25000.0,0.0,26.418856784355278,17.0,20.0,0.0,121.0,10.014174619350472,9.0,11.0,1.0,16483.01630869692,10000.0,19000.0,1.0,16.5,17.85951189015449,19.0,1.0,22918.33819773379,10000.0,25000.0,1.0,19.14947315270342,17.0,20.0,1.0,0.0,111.0,1.0,51.0
91.0,21.0,91.0,24.0,-721.0,911.0,12.0,-711.0,15.973615523136077,12.0,17.0,30000.0,18000.0,36000.0,1.0,26.541385686432147,20.0,25.0,0.0,18000.0,34427.041516666875,36000.0,1.0,27.094589100282462,20.0,26.0,0.0,721.0,15.034418918441258,12.0,17.0,1.0,27407.978203879393,18000.0,36000.0,1.0,20.0,23.507751168408223,25.0,1.0,31890.377486001,18000.0,36000.0,1.0,24.06787209245522,20.0,26.0,1.0,0.0,91121.0,7.0,19.0
11.0,22.0,11.0,22.0,-121.0,11.0,11.0,-111.0,10.187527063545886,9.0,11.0,30000.0,10000.0,19000.0,0.0,23.517568669069426,16.5,19.0,0.0,10000.0,37070.42220152361,25000.0,0.0,24.853335802984482,17.0,20.0,0.0,122.0,10.202920248861748,9.0,11.0,1.0,14238.76605419251,10000.0,19000.0,1.0,16.5,17.414407753700957,19.0,1.0,21339.38250301275,10000.0,25000.0,1.0,18.755879282915554,17.0,20.0,1.0,0.0,111.0,1.0,15.0
91.0,21.0,91.0,24.0,-721.0,911.0,11.0,-711.0,15.426336779140525,12.0,17.0,30000.0,18000.0,36000.0,1.0,25.481238426466007,20.0,25.0,0.0,18000.0,33946.39826703165,36000.0,1.0,25.96166651755556,20.0,26.0,1.0,722.0,15.281571171601703,12.0,17.0,1.0,26346.30383032436,18000.0,36000.0,1.0,20.0,23.46595904903598,25.0,1.0,30379.612686549895,18000.0,36000.0,1.0,23.956967493560896,20.0,26.0,1.0,0.0,91121.0,7.0,18.0
11.0,22.0,11.0,21.0,-121.0,21.0,13.0,-111.0,10.224421936360223,9.0,11.0,30000.0,10000.0,19000.0,0.0,26.18392884269043,16.5,19.0,0.0,10000.0,36962.76323582472,25000.0,0.0,27.490809672713404,17.0,20.0,0.0,122.0,10.168681028208157,9.0,11.0,1.0,12156.604498379042,10000.0,19000.0,1.0,16.5,16.933756718148988,19.0,1.0,19164.63436285867,10000.0,25000.0,1.0,18.249133900442633,17.0,20.0,1.0,0.0,211.0,1.0,33.0
11.0,21.0,11.0,22.0,-121.0,21.0,13.0,-111.0,10.019998625194143,9.0,11.0,30000.0,10000.0,19000.0,0.0,27.548211754577103,16.5,19.0,0.0,10000.0,36423.87083749258,25000.0,0.0,28.82734695213157,17.0,20.0,0.0,121.0,10.001785004801526,9.0,11.0,1.0,14069.408061759355,10000.0,19000.0,1.0,16.5,17.349005431497794,19.0,1.0,20538.984830963884,10000.0,25000.0,1.0,18.63724169404388,17.0,20.0,1.0,0.0,211.0,1.0,59.0
11.0,22.0,11.0,22.0,-121.0,21.0,13.0,-111.0,10.203732887383946,9.0,11.0,30000.0,10000.0,19000.0,0.0,27.669717073484353,16.5,19.0,0.0,10000.0,37060.66117432806,25000.0,0.0,28.997788819238483,17.0,20.0,0.0,122.0,10.207483038109292,9.0,11.0,1.0,13025.086561736854,10000.0,19000.0,1.0,16.5,17.17991064024428,19.0,1.0,19901.54093637927,10000.0,25000.0,1.0,18.473334094571005,17.0,20.0,1.0,0.0,211.0,1.0,41.0
11.0,22.0,11.0,22.0,-121.0,21.0,13.0,-111.0,10.196645723870432,9.0,11.0,30000.0,10000.0,19000.0,0.0,24.290537870314125,16.5,19.0,0.0,10000.0,37241.97466925029,25000.0,0.0,25.66095614815773,17.0,20.0,0.0,122.0,10.208763451967453,9.0,11.0,1.0,12176.552450697092,10000.0,19000.0,1.0,16.5,17.030388770820096,19.0,1.0,19298.312854396736,10000.0,25000.0,1.0,18.378058580974677,17.0,20.0,1.0,0.0,211.0,1.0,3.0
11.0,21.0,11.0,21.0,-121.0,21.0,13.0,-111.0,10.208025465634599,9.0,11.0,30000.0,10000.0,19000.0,0.0,26.885565312483372,16.5,19.0,0.0,10000.0,37026.226986967326,25000.0,0.0,28.20959749186024,17.0,20.0,0.0,122.0,10.226404448865702,9.0,11.0,1.0,12030.823416053365,10000.0,19000.0,1.0,16.5,16.985367685173166,19.0,1.0,18994.961284589826,10000.0,25000.0,1.0,18.29769970300614,17.0,20.0,1.0,0.0,211.0,1.0,34.0
11.0,21.0,11.0,21.0,-121.0,11.0,11.0,-111.0,10.221708906609868,9.0,11.0,30000.0,10000.0,19000.0,0.0,26.51446561774104,16.5,19.0,0.0,10000.0,37012.02456134171,25000.0,0.0,27.83999180005806,17.0,20.0,0.0,122.0,10.220006780873307,9.0,11.0,1.0,13915.976703049044,10000.0,19000.0,1.0,16.5,17.32140308275113,19.0,1.0,20954.260727911264,10000.0,25000.0,1.0,18.651893253161106,17.0,20.0,1.0,0.0,111.0,1.0,56.0
11.0,22.0,11.0,22.0,-121.0,21.0,13.0,-111.0,10.202239339497803,9.0,11.0,30000.0,10000.0,19000.0,0.0,26.698446271653722,16.5,19.0,0.0,10000.0,37102.06712247601,25000.0,0.0,28.038730474128137,17.0,20.0,0.0,122.0,10.186514180805364,9.0,11.0,1.0,12980.723569744714,10000.0,19000.0,1.0,16.5,17.231299406735765,19.0,1.0,19890.106609565362,10000.0,25000.0,1.0,18.535220754903445,17.0,20.0,1.0,0.0,211.0,1.0,41.0
11.0,21.0,11.0,22.0,-121.0,21.0,13.0,-111.0,10.181246406585155,9.0,11.0,30000.0,10000.0,19000.0,0.0,26.54826608872606,16.5,19.0,0.0,10000.0,37135.20073890673,25000.0,0.0,27.889179428936192,17.0,20.0,0.0,122.0,10.204512360334519,9.0,11.0,1.0,12852.620412423385,10000.0,19000.0,1.0,16.5,17.150050322315572,19.0,1.0,19820.583346458952,10000.0,25000.0,1.0,18.45953477751671,17.0,20.0,1.0,0.0,211.0,1.0,24.0
81.0,21.0,81.0,23.0,-721.0,912.0,12.0,-711.0,14.962372226450585,12.0,17.0,30000.0,12500.0,23000.0,0.0,26.915364093620134,20.0,24.0,0.0,12500.0,34518.090471410855,26000.0,0.0,27.478452426538166,20.0,25.0,0.0,721.0,14.69813915216708,12.0,17.0,1.0,17073.646473768375,12500.0,23000.0,1.0,20.0,21.468162080416818,24.0,1.0,21550.237097666755,12500.0,26000.0,1.0,22.026078299119778,20.0,25.0,1.0,0.0,912.0,7.0,7.0
91.0,24.0,91.0,24.0,-721.0,911.0,12.0,-711.0,14.81858767437139,12.0,17.0,30000.0,18000.0,36000.0,1.0,23.727577442590594,20.0,25.0,1.0,18000.0,34535.189141383635,36000.0,1.0,24.294507490064742,20.0,26.0,1.0,721.0,14.865724251243988,12.0,17.0,1.0,26558.730590469957,18000.0,36000.0,1.0,20.0,23.11204787394697,25.0,1.0,31017.235664546428,18000.0,36000.0,1.0,23.669391881993953,20.0,26.0,1.0,1.0,91121.0,7.0,1.0
81.0,23.0,81.0,23.0,-721.0,912.0,12.0,-711.0,14.816138783827052,12.0,17.0,30000.0,12500.0,23000.0,0.0,25.065558907606565,20.0,24.0,0.0,12500.0,34515.74053278628,26000.0,0.0,25.62895310097772,20.0,25.0,0.0,721.0,14.610874071731656,12.0,17.0,1.0,18774.23515031314,12500.0,23000.0,1.0,20.0,21.60600616644811,24.0,1.0,23174.885930641372,12500.0,26000.0,1.0,22.155041497129833,20.0,25.0,1.0,0.0,912.0,7.0,10.0
11.0,22.0,11.0,22.0,-121.0,21.0,13.0,-111.0,10.19421695026787,9.0,11.0,30000.0,10000.0,19000.0,0.0,25.671147400927758,16.5,19.0,0.0,10000.0,37086.60613661058,25000.0,0.0,27.012422388235244,17.0,20.0,0.0,122.0,10.191541907235068,9.0,11.0,1.0,13283.458231942028,10000.0,19000.0,1.0,16.5,17.28457379036614,19.0,1.0,20353.851284859724,10000.0,25000.0,1.0,18.622780143237733,17.0,20.0,1.0,0.0,211.0,1.0,8.0
91.0,24.0,91.0,24.0,-721.0,911.0,11.0,-711.0,15.41103722296918,12.0,17.0,30000.0,18000.0,36000.0,1.0,24.467930449553997,20.0,25.0,1.0,18000.0,33981.85930394496,36000.0,1.0,24.952113066788176,20.0,26.0,1.0,722.0,15.256893043492832,12.0,17.0,1.0,23192.50850658569,18000.0,36000.0,1.0,20.0,23.071945344668542,25.0,1.0,27175.053254241822,18000.0,36000.0,1.0,23.556211309882826,20.0,26.0,1.0,1.0,91121.0,7.0,0.0
11.0,22.0,11.0,22.0,-121.0,21.0,12.0,-111.0,9.994328045445485,9.0,11.0,30000.0,10000.0,19000.0,0.0,24.40670831023867,16.5,19.0,0.0,10000.0,36544.10880453682,25000.0,0.0,25.715891971243106,17.0,20.0,0.0,121.0,9.976750224893822,9.0,11.0,1.0,14839.008828883847,10000.0,19000.0,1.0,16.5,17.482780239317155,19.0,1.0,21401.123861461896,10000.0,25000.0,1.0,18.795566141704185,17.0,20.0,1.0,0.0,211.0,1.0,25.0
11.0,22.0,11.0,22.0,-121.0,11.0,11.0,-111.0,9.994116481508005,9.0,11.0,30000.0,10000.0,19000.0,0.0,23.746467857161882,16.5,19.0,0.0,10000.0,36439.40825865567,25000.0,0.0,25.034451354600208,17.0,20.0,0.0,121.0,9.9873911788926,9.0,11.0,1.0,18550.15385507599,10000.0,19000.0,1.0,16.5,18.25728874941122,19.0,1.0,25133.461633662202,10000.0,25000.0,0.0,19.574054426751047,17.0,20.0,1.0,0.0,111.0,1.0,38.0
81.0,23.0,81.0,21.0,-721.0,912.0,12.0,-711.0,15.188622943108335,12.0,17.0,30000.0,12500.0,23000.0,0.0,25.35010905412777,20.0,24.0,0.0,12500.0,34059.06032334541,26000.0,0.0,25.845432896554335,20.0,25.0,0.0,722.0,15.199026329676595,12.0,17.0,1.0,15870.75298031973,12500.0,23000.0,1.0,20.0,21.449146606330515,24.0,1.0,19972.375111350884,12500.0,26000.0,1.0,21.9496642316635,20.0,25.0,1.0,0.0,912.0,7.0,11.0
11.0,22.0,11.0,22.0,-121.0,11.0,11.0,-111.0,10.210545323561432,9.0,11.0,30000.0,10000.0,19000.0,0.0,24.740665648428546,16.5,19.0,0.0,10000.0,37053.89070513075,25000.0,0.0,26.073572767837785,17.0,20.0,0.0,122.0,10.198209031544573,9.0,11.0,1.0,14668.805848906492,10000.0,19000.0,1.0,16.5,17.51755254059546,19.0,1.0,21489.92047027853,10000.0,25000.0,1.0,18.806474161470607,17.0,20.0,1.0,0.0,111.0,1.0,17.0
11.0,22.0,11.0,22.0,-121.0,21.0,13.0,-111.0,10.205358636200584,9.0,11.0,30000.0,10000.0,19000.0,0.0,27.027793357069022,16.5,19.0,0.0,10000.0,36968.78008367633,25000.0,0.0,28.340957229297583,17.0,20.0,0.0,122.0,10.208554636440448,9.0,11.0,1.0,14170.508709835654,10000.0,19000.0,1.0,16.5,17.417763630850395,19.0,1.0,21196.466057596546,10000.0,25000.0,1.0,18.741701715582032,17.0,20.0,1.0,0.0,211.0,1.0,21.0
81.0,23.0,81.0,23.0,-721.0,912.0,12.0,-711.0,15.046579400837842,12.0,17.0,30000.0,12500.0,23000.0,0.0,26.125030765330187,20.0,24.0,0.0,12500.0,34588.28949336716,26000.0,0.0,26.699205675355476,20.0,25.0,0.0,721.0,15.326472875641583,12.0,17.0,1.0,17790.260041079702,12500.0,23000.0,1.0,20.0,22.069170629825905,24.0,1.0,22284.71811420852,12500.0,26000.0,1.0,22.631603550303502,20.0,25.0,1.0,0.0,912.0,7.0,5.0
11.0,21.0,11.0,21.0,-121.0,21.0,13.0,-111.0,10.208458856718742,9.0,11.0,30000.0,10000.0,19000.0,0.0,26.65665913677015,16.5,19.0,0.0,10000.0,36950.71937645831,25000.0,0.0,27.968078979930457,17.0,20.0,0.0,122.0,10.211765559085345,9.0,11.0,1.0,12912.19800331577,10000.0,19000.0,1.0,16.5,17.109508894286897,19.0,1.0,19838.8909667868,10000.0,25000.0,1.0,18.41639557864091,17.0,20.0,1.0,0.0,211.0,1.0,34.0
11.0,22.0,11.0,22.0,-121.0,21.0,13.0,-111.0,10.191810149288978,9.0,11.0,30000.0,10000.0,19000.0,0.0,25.219961500458826,16.5,19.0,0.0,10000.0,36969.29941145788,25000.0,0.0,26.53605684012549,17.0,20.0,0.0,122.0,10.194685560481135,9.0,11.0,1.0,15353.187707253033,10000.0,19000.0,1.0,16.5,17.610542025749037,19.0,1.0,22412.92301798994,10000.0,25000.0,1.0,18.943715447236094,17.0,20.0,1.0,0.0,211.0,1.0,4.0
91.0,21.0,91.0,24.0,-721.0,911.0,12.0,-711.0,15.127531026394864,12.0,17.0,30000.0,18000.0,36000.0,1.0,24.63218749081077,20.0,25.0,1.0,18000.0,33954.440356087056,36000.0,1.0,25.11440076426015,20.0,26.0,1.0,722.0,15.053891783967337,12.0,17.0,1.0,26243.84901302453,18000.0,36000.0,1.0,20.0,23.251109485127458,25.0,1.0,30233.067756484324,18000.0,36000.0,1.0,23.737563712671513,20.0,26.0,1.0,1.0,91121.0,7.0,19.0
11.0,22.0,11.0,22.0,-121.0,11.0,12.0,-111.0,10.201744232580273,9.0,11.0,30000.0,10000.0,19000.0,0.0,24.066538870173147,16.5,19.0,0.0,10000.0,36894.78110252376,25000.0,0.0,25.367690162043115,17.0,20.0,0.0,122.0,10.208795634886634,9.0,11.0,1.0,17366.12820280389,10000.0,19000.0,1.0,16.5,18.024468127197242,19.0,1.0,24289.581624936003,10000.0,25000.0,1.0,19.331030326990835,17.0,20.0,1.0,0.0,111.0,1.0,40.0
81.0,23.0,81.0,23.0,-721.0,912.0,12.0,-711.0,14.9753323814608,12.0,17.0,30000.0,12500.0,23000.0,0.0,27.494693144556752,20.0,24.0,0.0,12500.0,33992.9715930446,26000.0,0.0,27.981715628628542,20.0,25.0,0.0,722.0,15.354515485118114,12.0,17.0,1.0,18193.31086616089,12500.0,23000.0,1.0,20.0,22.127493327109555,24.0,1.0,22226.639416919767,12500.0,26000.0,1.0,22.619438146674497,20.0,25.0,1.0,0.0,912.0,7.0,31.0
11.0,22.0,11.0,22.0,-121.0,21.0,12.0,-111.0,10.22181434652679,9.0,11.0,30000.0,10000.0,19000.0,0.0,24.819133301145214,16.5,19.0,0.0,10000.0,36938.77082918355,25000.0,0.0,26.126894871952405,17.0,20.0,0.0,122.0,10.192080164271701,9.0,11.0,1.0,15485.617823541595,10000.0,19000.0,1.0,16.5,17.635146086325882,19.0,1.0,22583.946476796104,10000.0,25000.0,1.0,18.972979783130373,17.0,20.0,1.0,0.0,211.0,1.0,25.0
11.0,22.0,11.0,21.0,-121.0,11.0,11.0,-111.0,10.218231396361196,9.0,11.0,30000.0,10000.0,19000.0,0.0,24.194254169134478,16.5,19.0,0.0,10000.0,37028.583035065545,25000.0,0.0,25.518384258300703,17.0,20.0,0.0,122.0,10.201591370463492,9.0,11.0,1.0,12626.083185472673,10000.0,19000.0,1.0,16.5,17.050576457505887,19.0,1.0,19638.537331816126,10000.0,25000.0,1.0,18.371667990144402,17.0,20.0,1.0,0.0,111.0,1.0,54.0
11.0,21.0,11.0,22.0,-121.0,21.0,13.0,-111.0,10.188422974174909,9.0,11.0,30000.0,10000.0,19000.0,0.0,27.165198777880406,16.5,19.0,0.0,10000.0,37000.219425798176,25000.0,0.0,28.488174104097702,17.0,20.0,0.0,122.0,10.202198349463902,9.0,11.0,1.0,15402.99487384667,10000.0,19000.0,1.0,16.5,17.645910746814565,19.0,1.0,22458.55293262532,10000.0,25000.0,1.0,18.979344551768964,17.0,20.0,1.0,0.0,211.0,1.0,52.0
81.0,23.0,81.0,21.0,-721.0,912.0,12.0,-711.0,15.196992996872734,12.0,17.0,30000.0,12500.0,23000.0,0.0,26.102395278043456,20.0,24.0,0.0,12500.0,33980.70512930941,26000.0,0.0,26.587323488040525,20.0,25.0,0.0,722.0,15.207534757232196,12.0,17.0,1.0,14624.700484767098,12500.0,23000.0,1.0,20.0,21.40971914052626,24.0,1.0,18649.701092988547,12500.0,26000.0,1.0,21.900043411422597,20.0,25.0,1.0,0.0,912.0,7.0,30.0
11.0,22.0,11.0,22.0,-121.0,11.0,12.0,-111.0,9.994267678965683,9.0,11.0,30000.0,10000.0,19000.0,0.0,24.26891508049604,16.5,19.0,0.0,10000.0,36489.51544873633,25000.0,0.0,25.571146065655043,17.0,20.0,0.0,121.0,9.999014419953657,9.0,11.0,1.0,15359.946982572746,10000.0,19000.0,1.0,16.5,17.610969573003587,19.0,1.0,21837.203415692064,10000.0,25000.0,1.0,18.91074057943072,17.0,20.0,1.0,0.0,111.0,1.0,42.0
11.0,22.0,11.0,22.0,-121.0,21.0,13.0,-111.0,10.196552344610037,9.0,11.0,30000.0,10000.0,19000.0,0.0,25.188733808981635,16.5,19.0,0.0,10000.0,37006.92143214848,25000.0,0.0,26.50304579757172,17.0,20.0,0.0,122.0,10.206525146642928,9.0,11.0,1.0,14672.630840533975,10000.0,19000.0,1.0,16.5,17.465847607968637,19.0,1.0,21669.13861080893,10000.0,25000.0,1.0,18.778206270725395,17.0,20.0,1.0,0.0,211.0,1.0,5.0
91.0,24.0,91.0,21.0,-721.0,911.0,11.0,-711.0,15.19575546446658,12.0,17.0,30000.0,18000.0,36000.0,1.0,24.914564671916562,20.0,25.0,1.0,18000.0,33975.956737555614,36000.0,1.0,25.399670197857617,20.0,26.0,1.0,722.0,15.169209947418464,12.0,17.0,1.0,27501.49675723192,18000.0,36000.0,1.0,20.0,23.50826618341537,25.0,1.0,31480.767966426927,18000.0,36000.0,1.0,23.993776107244525,20.0,26.0,1.0,1.0,91121.0,7.0,3.0
91.0,21.0,91.0,24.0,-721.0,911.0,12.0,-711.0,14.534684425634497,12.0,17.0,30000.0,18000.0,36000.0,1.0,23.942030129555533,20.0,25.0,1.0,18000.0,34468.667807226055,36000.0,1.0,24.49819352684458,20.0,26.0,1.0,721.0,14.43072803363108,12.0,17.0,1.0,28705.199615912432,18000.0,36000.0,1.0,20.0,23.01205472940953,25.0,1.0,33196.60146123355,18000.0,36000.0,1.0,23.57104756947806,20.0,26.0,1.0,1.0,91121.0,7.0,19.0
81.0,23.0,81.0,23.0,-721.0,912.0,12.0,-711.0,15.624174958717745,12.0,17.0,30000.0,12500.0,23000.0,0.0,27.04264691815279,20.0,24.0,0.0,12500.0,34482.45926386287,26000.0,0.0,27.602166672035455,20.0,25.0,0.0,721.0,15.240064768439138,12.0,17.0,1.0,17741.420203852253,12500.0,23000.0,1.0,20.0,22.116997961724586,24.0,1.0,22263.230427267503,12500.0,26000.0,1.0,22.681429670832657,20.0,25.0,1.0,0.0,912.0,7.0,31.0
11.0,22.0,11.0,21.0,-121.0,11.0,11.0,-111.0,10.20989381778929,9.0,11.0,30000.0,10000.0,19000.0,0.0,24.892994969186567,16.5,19.0,0.0,10000.0,36960.31531413963,25000.0,0.0,26.210194310475504,17.0,20.0,0.0,122.0,10.21457900001041,9.0,11.0,1.0,14722.354921773342,10000.0,19000.0,1.0,16.5,17.455268979127386,19.0,1.0,21660.949289313994,10000.0,25000.0,1.0,18.76835775713563,17.0,20.0,1.0,0.0,111.0,1.0,0.0
11.0,22.0,11.0,22.0,-121.0,11.0,12.0,-111.0,10.220512543635277,9.0,11.0,30000.0,10000.0,19000.0,0.0,24.449065339770137,16.5,19.0,0.0,10000.0,36890.955451024296,25000.0,0.0,25.74784563959481,17.0,20.0,0.0,122.0,10.205756520543533,9.0,11.0,1.0,17022.106143347613,10000.0,19000.0,1.0,16.5,17.987089659250508,19.0,1.0,23834.262183768915,10000.0,25000.0,1.0,19.271018154727244,17.0,20.0,1.0,0.0,111.0,1.0,49.0
81.0,23.0,81.0,23.0,-721.0,912.0,12.0,-711.0,15.250294401731948,12.0,17.0,30000.0,12500.0,23000.0,0.0,26.304489649769465,20.0,24.0,0.0,12500.0,34005.351519783435,26000.0,0.0,26.79524348841945,20.0,25.0,0.0,722.0,15.542283087487515,12.0,17.0,1.0,16921.176043228017,12500.0,23000.0,1.0,20.0,22.228100014855812,24.0,1.0,20781.416155113635,12500.0,26000.0,1.0,22.701074145506137,20.0,25.0,1.0,0.0,912.0,7.0,5.0
11.0,22.0,11.0,21.0,-121.0,21.0,13.0,-111.0,10.201570200812366,9.0,11.0,30000.0,10000.0,19000.0,0.0,27.586896988405734,16.5,19.0,0.0,10000.0,37006.513909053,25000.0,0.0,28.906478110715607,17.0,20.0,0.0,122.0,10.195035505699478,9.0,11.0,1.0,13392.237504418092,10000.0,19000.0,1.0,16.5,17.188781139063074,19.0,1.0,20422.121400161108,10000.0,25000.0,1.0,18.51276367892026,17.0,20.0,1.0,0.0,211.0,1.0,2.0
91.0,24.0,91.0,24.0,-721.0,911.0,11.0,-711.0,15.133707178693351,12.0,17.0,30000.0,18000.0,36000.0,1.0,24.705733573941103,20.0,25.0,1.0,18000.0,34447.05767250943,36000.0,1.0,25.261661129043965,20.0,26.0,1.0,721.0,14.278617509391864,12.0,17.0,1.0,21196.657767926314,18000.0,36000.0,1.0,20.0,21.986568932756967,25.0,1.0,25741.993064562215,18000.0,36000.0,1.0,22.554782192999134,20.0,26.0,1.0,1.0,91121.0,7.0,28.0
11.0,22.0,11.0,22.0,-121.0,11.0,11.0,-111.0,9.988698701372721,9.0,11.0,30000.0,10000.0,19000.0,0.0,25.375163087870135,16.5,19.0,0.0,10000.0,36482.21447935092,25000.0,0.0,26.669858039910586,17.0,20.0,0.0,121.0,9.996492892241454,9.0,11.0,1.0,16509.149033325742,10000.0,19000.0,1.0,16.5,17.859485270816997,19.0,1.0,23022.412300536656,10000.0,25000.0,1.0,19.16038160805341,17.0,20.0,1.0,0.0,111.0,1.0,44.0
11.0,22.0,11.0,21.0,-121.0,21.0,12.0,-111.0,10.194908397448648,9.0,11.0,30000.0,10000.0,19000.0,0.0,24.13855056947319,16.5,19.0,0.0,10000.0,36995.27370351523,25000.0,0.0,25.456936171794986,17.0,20.0,0.0,122.0,10.2032947687908,9.0,11.0,1.0,14684.045104663184,10000.0,19000.0,1.0,16.5,17.435961416668235,19.0,1.0,21694.388835449026,10000.0,25000.0,1.0,18.757187237660844,17.0,20.0,1.0,0.0,211.0,1.0,53.0
11.0,22.0,11.0,22.0,-121.0,21.0,13.0,-111.0,10.202219898027636,9.0,11.0,30000.0,10000.0,19000.0,0.0,25.517834989222308,16.5,19.0,0.0,10000.0,36869.798310939856,25000.0,0.0,26.812783071635515,17.0,20.0,0.0,122.0,10.216159036538082,9.0,11.0,1.0,13451.644123309527,10000.0,19000.0,1.0,16.5,17.291998304163936,19.0,1.0,20655.58173043954,10000.0,25000.0,1.0,18.649931211061915,17.0,20.0,1.0,0.0,211.0,1.0,19.0
91.0,24.0,91.0,24.0,-721.0,911.0,12.0,-711.0,15.112393006646059,12.0,17.0,30000.0,18000.0,36000.0,1.0,24.54136164791738,20.0,25.0,1.0,18000.0,34075.626219963604,36000.0,1.0,25.03577847507333,20.0,26.0,1.0,722.0,15.147547551617572,12.0,17.0,1.0,28304.209658331947,18000.0,36000.0,1.0,20.0,23.597111565290007,25.0,1.0,32369.25376381661,18000.0,36000.0,1.0,24.09024466936074,20.0,26.0,1.0,1.0,91121.0,7.0,8.0
81.0,21.0,81.0,23.0,-721.0,912.0,12.0,-711.0,15.43792180862225,12.0,17.0,30000.0,12500.0,23000.0,0.0,27.89515426454441,20.0,24.0,0.0,12500.0,34507.384257746206,26000.0,0.0,28.454907106753986,20.0,25.0,0.0,721.0,15.230027816016397,12.0,17.0,1.0,15879.24582838968,12500.0,23000.0,1.0,20.0,21.73677718969379,24.0,1.0,20434.86987051794,12500.0,26000.0,1.0,22.302520725146135,20.0,25.0,1.0,0.0,912.0,7.0,7.0
11.0,22.0,11.0,22.0,-121.0,21.0,13.0,-111.0,10.004237497781196,9.0,11.0,30000.0,10000.0,19000.0,0.0,25.01877839214072,16.5,19.0,0.0,10000.0,36497.91820729829,25000.0,0.0,26.31801536215122,17.0,20.0,0.0,121.0,9.982784435036882,9.0,11.0,1.0,13871.901048278129,10000.0,19000.0,1.0,16.5,17.299699587254445,19.0,1.0,20408.126885727477,10000.0,25000.0,1.0,18.606596039538793,17.0,20.0,1.0,0.0,211.0,1.0,19.0
11.0,21.0,11.0,22.0,-121.0,21.0,13.0,-111.0,10.187896637134955,9.0,11.0,30000.0,10000.0,19000.0,0.0,26.380989554581575,16.5,19.0,0.0,10000.0,37137.708765837124,25000.0,0.0,27.732937112495687,17.0,20.0,0.0,122.0,10.213812824893301,9.0,11.0,1.0,13686.989934514457,10000.0,19000.0,1.0,16.5,17.301409622274758,19.0,1.0,20713.380040918135,10000.0,25000.0,1.0,18.632272404288287,17.0,20.0,1.0,0.0,211.0,1.0,59.0
11.0,22.0,11.0,22.0,-121.0,11.0,11.0,-111.0,10.197843698497183,9.0,11.0,30000.0,10000.0,19000.0,0.0,25.052565513122264,16.5,19.0,0.0,10000.0,37027.623453612265,25000.0,0.0,26.376837159463342,17.0,20.0,0.0,122.0,10.194649715311526,9.0,11.0,1.0,14402.265946558464,10000.0,19000.0,1.0,16.5,17.397888891914562,19.0,1.0,21475.764850347536,10000.0,25000.0,1.0,18.73080521854241,17.0,20.0,1.0,0.0,111.0,1.0,27.0
11.0,22.0,11.0,22.0,-121.0,11.0,11.0,-111.0,10.226611521234966,9.0,11.0,30000.0,10000.0,19000.0,0.0,23.6137279093088,16.5,19.0,0.0,10000.0,36956.32673199589,25000.0,0.0,24.9277349405364,17.0,20.0,0.0,122.0,10.180631857840181,9.0,11.0,1.0,15939.36712148503,10000.0,19000.0,1.0,16.5,17.748128771204932,19.0,1.0,22842.778579942766,10000.0,25000.0,1.0,19.052140435025674,17.0,20.0,1.0,0.0,111.0,1.0,27.0
11.0,22.0,11.0,22.0,-121.0,11.0,11.0,-111.0,9.997446741138662,9.0,11.0,30000.0,10000.0,19000.0,0.0,23.818552442635117,16.5,19.0,0.0,10000.0,36555.71106360574,25000.0,0.0,25.131705043537412,17.0,20.0,0.0,121.0,9.976903184480953,9.0,11.0,1.0,14606.024451884125,10000.0,19000.0,1.0,16.5,17.436144089725666,19.0,1.0,21125.152230042662,10000.0,25000.0,1.0,18.741968814831047,17.0,20.0,1.0,0.0,111.0,1.0,30.0
11.0,22.0,11.0,21.0,-121.0,11.0,11.0,-111.0,10.008565618457244,9.0,11.0,30000.0,10000.0,19000.0,0.0,25.305002172996108,16.5,19.0,0.0,10000.0,36482.183068687256,25000.0,0.0,26.602387578987095,17.0,20.0,0.0,121.0,9.999928084138272,9.0,11.0,1.0,15011.283783381907,10000.0,19000.0,1.0,16.5,17.465888295025664,19.0,1.0,21634.841601727232,10000.0,25000.0,1.0,18.791569343863895,17.0,20.0,1.0,0.0,111.0,1.0,12.0
91.0,24.0,91.0,24.0,-721.0,911.0,12.0,-711.0,15.17439086630461,12.0,17.0,30000.0,18000.0,36000.0,1.0,25.34967713611502,20.0,25.0,0.0,18000.0,33922.3426098067,36000.0,1.0,25.827319813417866,20.0,26.0,1.0,722.0,15.219289473879561,12.0,17.0,1.0,25819.114433433908,18000.0,36000.0,1.0,20.0,23.35619243064457,25.0,1.0,29831.269302028104,18000.0,36000.0,1.0,23.844771982159937,20.0,26.0,1.0,0.0,91121.0,7.0,23.0
92.0,24.0,92.0,24.0,-721.0,921.0,13.0,-711.0,15.456875579619528,12.0,17.0,30000.0,15000.0,28000.0,0.0,25.169379171488053,19.5,25.0,0.0,15000.0,34061.15568696703,28000.0,0.0,25.66352995301772,20.0,26.0,1.0,722.0,15.120487142579616,12.0,17.0,1.0,21236.476048234268,15000.0,28000.0,1.0,19.5,21.812173769317486,25.0,1.0,25305.846119165777,15000.0,28000.0,1.0,22.307324055561747,20.0,26.0,1.0,0.0,92122.0,7.0,20.0
91.0,24.0,91.0,24.0,-721.0,911.0,12.0,-711.0,15.865618740310849,12.0,17.0,30000.0,18000.0,36000.0,1.0,25.23697082353457,20.0,25.0,0.0,18000.0,34477.82919367933,36000.0,1.0,25.796393228196916,20.0,26.0,1.0,721.0,15.217771058367175,12.0,17.0,1.0,27121.088168730435,18000.0,36000.0,1.0,20.0,23.61305353559772,25.0,1.0,31537.508300055273,18000.0,36000.0,1.0,24.164804007311194,20.0,26.0,1.0,0.0,91121.0,7.0,8.0
81.0,21.0,81.0,23.0,-721.0,912.0,12.0,-711.0,15.252123684199704,12.0,17.0,30000.0,12500.0,23000.0,0.0,28.30249778995425,20.0,24.0,0.0,12500.0,34533.358631050236,26000.0,0.0,28.86918571327015,20.0,25.0,0.0,721.0,15.575675815479975,12.0,17.0,1.0,19085.39025303012,12500.0,23000.0,1.0,20.0,22.555075749836465,24.0,1.0,23499.93495461686,12500.0,26000.0,1.0,23.10691145773585,20.0,25.0,1.0,0.0,912.0,7.0,7.0
11.0,22.0,11.0,22.0,-121.0,11.0,11.0,-111.0,9.99920012828724,9.0,11.0,30000.0,10000.0,19000.0,0.0,24.931430556082695,16.5,19.0,0.0,10000.0,36551.44528330366,25000.0,0.0,26.239711972334064,17.0,20.0,0.0,121.0,10.000698570397486,9.0,11.0,1.0,16843.34999267517,10000.0,19000.0,1.0,16.5,17.893023597296377,19.0,1.0,23331.02530676384,10000.0,25000.0,1.0,19.18857056152515,17.0,20.0,1.0,0.0,111.0,1.0,15.0
11.0,22.0,11.0,22.0,-121.0,21.0,13.0,-111.0,10.174913374172323,9.0,11.0,30000.0,10000.0,19000.0,0.0,23.993369959596023,16.5,19.0,0.0,10000.0,36997.1045509238,25000.0,0.0,25.307828577363686,17.0,20.0,0.0,122.0,10.234964625365288,9.0,11.0,1.0,15797.842951261124,10000.0,19000.0,1.0,16.5,17.713336803975423,19.0,1.0,22906.887048881283,10000.0,25000.0,1.0,19.048824105929974,17.0,20.0,1.0,0.0,211.0,1.0,36.0
11.0,22.0,11.0,22.0,-121.0,11.0,11.0,-111.0,10.182906028866585,9.0,11.0,30000.0,10000.0,19000.0,0.0,24.780989320229942,16.5,19.0,0.0,10000.0,36903.01269337295,25000.0,0.0,26.082634934570002,17.0,20.0,0.0,122.0,10.217085663123111,9.0,11.0,1.0,14056.618939003274,10000.0,19000.0,1.0,16.5,17.409443070156215,19.0,1.0,21253.44184396548,10000.0,25000.0,1.0,18.76649011432859,17.0,20.0,1.0,0.0,111.0,1.0,57.0
11.0,22.0,11.0,21.0,-121.0,11.0,11.0,-111.0,10.181769159161107,9.0,11.0,30000.0,10000.0,19000.0,0.0,26.435291727263504,16.5,19.0,0.0,10000.0,37026.76941625329,25000.0,0.0,27.760474564091872,17.0,20.0,0.0,122.0,10.186523690568404,9.0,11.0,1.0,12576.836855989175,10000.0,19000.0,1.0,16.5,17.047517300293173,19.0,1.0,19548.38479339321,10000.0,25000.0,1.0,18.362285883904967,17.0,20.0,1.0,0.0,111.0,1.0,26.0
81.0,23.0,81.0,23.0,-721.0,912.0,12.0,-711.0,14.99445039164501,12.0,17.0,30000.0,12500.0,23000.0,0.0,26.2467465253852,20.0,24.0,0.0,12500.0,34515.46015900246,26000.0,0.0,26.81213124499483,20.0,25.0,0.0,721.0,15.072378797879374,12.0,17.0,1.0,19460.44087887339,12500.0,23000.0,1.0,20.0,22.047926706567573,24.0,1.0,24003.965960845206,12500.0,26000.0,1.0,22.61682545975189,20.0,25.0,1.0,0.0,912.0,7.0,10.0
11.0,22.0,11.0,22.0,-121.0,11.0,11.0,-111.0,10.011699194285626,9.0,11.0,30000.0,10000.0,19000.0,0.0,22.896125236491613,16.5,19.0,0.0,10000.0,36456.055045378744,25000.0,0.0,24.187445629580303,17.0,20.0,0.0,121.0,9.978178396000573,9.0,11.0,1.0,12796.510118415985,10000.0,19000.0,1.0,16.5,17.050361031119596,19.0,1.0,19292.71461190556,10000.0,25000.0,1.0,18.349711994076785,17.0,20.0,1.0,0.0,111.0,1.0,50.0
11.0,21.0,11.0,22.0,-121.0,21.0,13.0,-111.0,10.20992295183012,9.0,11.0,30000.0,10000.0,19000.0,0.0,27.22920231374046,16.5,19.0,0.0,10000.0,36990.54854686306,25000.0,0.0,28.55131410706999,17.0,20.0,0.0,122.0,10.176314133581153,9.0,11.0,1.0,11677.575680916203,10000.0,19000.0,1.0,16.5,16.904781233651367,19.0,1.0,18781.0591021322,10000.0,25000.0,1.0,18.248252227658682,17.0,20.0,1.0,0.0,211.0,1.0,59.0
11.0,22.0,11.0,21.0,-121.0,21.0,13.0,-111.0,10.183478139079961,9.0,11.0,30000.0,10000.0,19000.0,0.0,27.736464160291092,16.5,19.0,0.0,10000.0,37025.90090652423,25000.0,0.0,29.06354478106755,17.0,20.0,0.0,122.0,10.179908170967481,9.0,11.0,1.0,11414.061509489782,10000.0,19000.0,1.0,16.5,16.815763099234672,19.0,1.0,18578.31974480636,10000.0,25000.0,1.0,18.16897721267286,17.0,20.0,1.0,0.0,211.0,1.0,33.0
11.0,22.0,11.0,22.0,-121.0,21.0,13.0,-111.0,9.988743220764139,9.0,11.0,30000.0,10000.0,19000.0,0.0,27.7461246061881,16.5,19.0,0.0,10000.0,36451.112902366884,25000.0,0.0,29.037388970857396,17.0,20.0,0.0,121.0,10.00015840110766,9.0,11.0,1.0,12393.958724364353,10000.0,19000.0,1.0,16.5,16.963404270482663,19.0,1.0,18829.62366055391,10000.0,25000.0,1.0,18.251576547238866,17.0,20.0,1.0,0.0,211.0,1.0,22.0
91.0,24.0,91.0,24.0,-721.0,911.0,11.0,-711.0,15.458052845156207,12.0,17.0,30000.0,18000.0,36000.0,1.0,23.52419063180163,20.0,25.0,1.0,18000.0,33975.18842483124,36000.0,1.0,24.01079963010848,20.0,26.0,1.0,722.0,15.243686146098398,12.0,17.0,1.0,28401.48539538231,18000.0,36000.0,1.0,20.0,23.688142249083903,25.0,1.0,32312.826141062076,18000.0,36000.0,1.0,24.16693555367368,20.0,26.0,1.0,1.0,91121.0,7.0,0.0
11.0,21.0,11.0,22.0,-121.0,11.0,11.0,-111.0,9.992891359296966,9.0,11.0,30000.0,10000.0,19000.0,0.0,28.156275226890752,16.5,19.0,0.0,10000.0,36512.38268335699,25000.0,0.0,29.458591421115532,17.0,20.0,0.0,121.0,10.002767799777875,9.0,11.0,1.0,15794.197564858057,10000.0,19000.0,1.0,16.5,17.667943239351946,19.0,1.0,22344.465884266443,10000.0,25000.0,1.0,18.977835627998516,17.0,20.0,1.0,0.0,111.0,1.0,29.0
91.0,24.0,91.0,24.0,-721.0,911.0,12.0,-711.0,15.051079924708937,12.0,17.0,30000.0,18000.0,36000.0,1.0,24.475472636093237,20.0,25.0,1.0,18000.0,34034.09755319478,36000.0,1.0,24.967727264497015,20.0,26.0,1.0,722.0,15.279976156012426,12.0,17.0,1.0,29894.58351721852,18000.0,36000.0,1.0,20.0,24.02733500043767,25.0,1.0,33827.24604198342,18000.0,36000.0,1.0,24.50721217352004,20.0,26.0,1.0,1.0,91121.0,7.0,32.0
11.0,22.0,11.0,22.0,-121.0,21.0,13.0,-111.0,10.21284525173042,9.0,11.0,30000.0,10000.0,19000.0,0.0,25.746043121248963,16.5,19.0,0.0,10000.0,37210.137784616876,25000.0,0.0,27.106769411775304,17.0,20.0,0.0,122.0,10.19689661111353,9.0,11.0,1.0,12969.420944072215,10000.0,19000.0,1.0,16.5,17.234032009415504,19.0,1.0,20065.97350818796,10000.0,25000.0,1.0,18.573322038892734,17.0,20.0,1.0,0.0,211.0,1.0,8.0
11.0,22.0,11.0,22.0,-121.0,21.0,13.0,-111.0,10.184309516852247,9.0,11.0,30000.0,10000.0,19000.0,0.0,24.906808093149316,16.5,19.0,0.0,10000.0,37083.576578005035,25000.0,0.0,26.239021334953488,17.0,20.0,0.0,122.0,10.20957761544096,9.0,11.0,1.0,17232.598782168454,10000.0,19000.0,1.0,16.5,17.980101836288846,19.0,1.0,24195.17215503809,10000.0,25000.0,1.0,19.289557919981302,17.0,20.0,1.0,0.0,211.0,1.0,4.0
11.0,22.0,11.0,22.0,-121.0,21.0,13.0,-111.0,10.181840612476561,9.0,11.0,30000.0,10000.0,19000.0,0.0,26.704091873553814,16.5,19.0,0.0,10000.0,37110.236705126015,25000.0,0.0,28.043236296511065,17.0,20.0,0.0,122.0,10.191120709696584,9.0,11.0,1.0,13776.366137416173,10000.0,19000.0,1.0,16.5,17.331098628153637,19.0,1.0,20742.286635815384,10000.0,25000.0,1.0,18.64306248717253,17.0,20.0,1.0,0.0,211.0,1.0,28.0
11.0,22.0,11.0,21.0,-121.0,11.0,11.0,-111.0,10.19542613231241,9.0,11.0,30000.0,10000.0,19000.0,0.0,23.460229704051272,16.5,19.0,0.0,10000.0,37128.31334111197,25000.0,0.0,24.803636091599092,17.0,20.0,0.0,122.0,10.201188572096408,9.0,11.0,1.0,15079.906537563464,10000.0,19000.0,1.0,16.5,17.516172178272743,19.0,1.0,22305.627216230005,10000.0,25000.0,1.0,18.877936013536857,17.0,20.0,1.0,0.0,111.0,1.0,54.0
11.0,21.0,11.0,21.0,-121.0,11.0,11.0,-111.0,10.007663164412394,9.0,11.0,30000.0,10000.0,19000.0,0.0,25.786012278262103,16.5,19.0,0.0,10000.0,36478.74040048167,25000.0,0.0,27.081534027947257,17.0,20.0,0.0,121.0,10.00555094012323,9.0,11.0,1.0,11967.563564084781,10000.0,19000.0,1.0,16.5,16.86426013701137,19.0,1.0,18458.043813099135,10000.0,25000.0,1.0,18.162129446279398,17.0,20.0,1.0,0.0,111.0,1.0,56.0
11.0,21.0,11.0,22.0,-121.0,11.0,11.0,-111.0,10.187311510819079,9.0,11.0,30000.0,10000.0,19000.0,0.0,26.016385903276536,16.5,19.0,0.0,10000.0,36844.75602642472,25000.0,0.0,27.311485556631293,17.0,20.0,0.0,122.0,10.200004555375756,9.0,11.0,1.0,13656.053670642925,10000.0,19000.0,1.0,16.5,17.315768773336842,19.0,1.0,20708.76157315251,10000.0,25000.0,1.0,18.650215103416418,17.0,20.0,1.0,0.0,111.0,1.0,35.0
81.0,23.0,81.0,23.0,-721.0,912.0,11.0,-711.0,15.301015767741069,12.0,17.0,30000.0,12500.0,23000.0,0.0,27.479680312576605,20.0,24.0,0.0,12500.0,33986.26556080052,26000.0,0.0,27.962134006642486,20.0,25.0,0.0,722.0,15.27927500310552,12.0,17.0,1.0,18859.007988753405,12500.0,23000.0,1.0,20.0,22.111985826270015,24.0,1.0,22936.944548322022,12500.0,26000.0,1.0,22.605534368714615,20.0,25.0,1.0,0.0,912.0,7.0,17.0
11.0,22.0,11.0,22.0,-121.0,11.0,11.0,-111.0,10.233474970453203,9.0,11.0,30000.0,10000.0,19000.0,0.0,23.587411231900496,16.5,19.0,0.0,10000.0,37134.426975664974,25000.0,0.0,24.931554106721954,17.0,20.0,0.0,122.0,10.229310478222542,9.0,11.0,1.0,13596.307916397263,10000.0,19000.0,1.0,16.5,17.33164137014353,19.0,1.0,20520.50364349623,10000.0,25000.0,1.0,18.636176181726178,17.0,20.0,1.0,0.0,111.0,1.0,57.0
11.0,22.0,11.0,22.0,-121.0,11.0,11.0,-111.0,10.195205581211322,9.0,11.0,30000.0,10000.0,19000.0,0.0,23.296589166112483,16.5,19.0,0.0,10000.0,36902.68489141291,25000.0,0.0,24.600375273536923,17.0,20.0,0.0,122.0,10.176933477911296,9.0,11.0,1.0,15866.879803942664,10000.0,19000.0,1.0,16.5,17.705805732522403,19.0,1.0,22747.667856683842,10000.0,25000.0,1.0,19.00545594290014,17.0,20.0,1.0,0.0,111.0,1.0,38.0
11.0,21.0,11.0,22.0,-121.0,21.0,13.0,-111.0,10.00648819752784,9.0,11.0,30000.0,10000.0,19000.0,0.0,26.67955878260613,16.5,19.0,0.0,10000.0,36506.29649284526,25000.0,0.0,27.982748339792547,17.0,20.0,0.0,121.0,10.013532664305302,9.0,11.0,1.0,14134.37633835514,10000.0,19000.0,1.0,16.5,17.371690101085548,19.0,1.0,20702.822385736254,10000.0,25000.0,1.0,18.687328007427894,17.0,20.0,1.0,0.0,211.0,1.0,24.0
11.0,22.0,11.0,22.0,-121.0,21.0,13.0,-111.0,10.194473902546612,9.0,11.0,30000.0,10000.0,19000.0,0.0,24.78844597294212,16.5,19.0,0.0,10000.0,37063.76191084661,25000.0,0.0,26.115005148261695,17.0,20.0,0.0,122.0,10.198562379335405,9.0,11.0,1.0,14700.604784816524,10000.0,19000.0,1.0,16.5,17.470575864351687,19.0,1.0,21689.45331478038,10000.0,25000.0,1.0,18.783066469125075,17.0,20.0,1.0,0.0,211.0,1.0,41.0
91.0,24.0,91.0,24.0,-721.0,911.0,11.0,-711.0,15.227898689109093,12.0,17.0,30000.0,18000.0,36000.0,1.0,24.40802305796211,20.0,25.0,1.0,18000.0,33967.54534245943,36000.0,1.0,24.891240317731462,20.0,26.0,1.0,722.0,15.107280611804908,12.0,17.0,1.0,25624.360162487323,18000.0,36000.0,1.0,20.0,23.306155854959826,25.0,1.0,29557.476008736343,18000.0,36000.0,1.0,23.785179860367094,20.0,26.0,1.0,1.0,91121.0,7.0,4.0
81.0,23.0,81.0,23.0,-721.0,912.0,12.0,-711.0,14.997345720194268,12.0,17.0,30000.0,12500.0,23000.0,0.0,25.395390706492293,20.0,24.0,0.0,12500.0,34452.18258030062,26000.0,0.0,25.95043037994084,20.0,25.0,0.0,721.0,15.810520416315546,12.0,17.0,1.0,18173.802030857743,12500.0,23000.0,1.0,20.0,22.72275597692421,24.0,1.0,22691.921371871875,12500.0,26000.0,1.0,23.286015780045023,20.0,25.0,1.0,0.0,912.0,7.0,5.0
11.0,22.0,11.0,21.0,-121.0,11.0,12.0,-111.0,10.21116590293697,9.0,11.0,30000.0,10000.0,19000.0,0.0,25.552463377400255,16.5,19.0,0.0,10000.0,36972.953801411466,25000.0,0.0,26.862360902695123,17.0,20.0,0.0,122.0,10.198442251180987,9.0,11.0,1.0,15182.875098392584,10000.0,19000.0,1.0,16.5,17.541165893413705,19.0,1.0,22360.789855922132,10000.0,25000.0,1.0,18.889566161856937,17.0,20.0,1.0,0.0,111.0,1.0,45.0
11.0,21.0,11.0,22.0,-121.0,21.0,13.0,-111.0,9.97043467095891,9.0,11.0,30000.0,10000.0,19000.0,0.0,26.378099564626666,16.5,19.0,0.0,10000.0,36444.73190137527,25000.0,0.0,27.66910559383578,17.0,20.0,0.0,121.0,9.996711414032443,9.0,11.0,1.0,14093.137427153539,10000.0,19000.0,1.0,16.5,17.368083751994078,19.0,1.0,20571.62281570796,10000.0,25000.0,1.0,18.665851265795876,17.0,20.0,1.0,0.0,211.0,1.0,32.0
81.0,21.0,81.0,23.0,-721.0,912.0,12.0,-711.0,15.041144178873816,12.0,17.0,30000.0,12500.0,23000.0,0.0,27.35953189179294,20.0,24.0,0.0,12500.0,34531.61188460433,26000.0,0.0,27.92647616484007,20.0,25.0,0.0,721.0,15.246412810065483,12.0,17.0,1.0,20527.72553644927,12500.0,23000.0,1.0,20.0,22.482280095835208,24.0,1.0,24969.801510147296,12500.0,26000.0,1.0,23.038022643489033,20.0,25.0,1.0,0.0,912.0,7.0,7.0
11.0,22.0,11.0,22.0,-121.0,21.0,13.0,-111.0,10.202779506576801,9.0,11.0,30000.0,10000.0,19000.0,0.0,25.837999653549566,16.5,19.0,0.0,10000.0,37042.008268897116,25000.0,0.0,27.16342748426414,17.0,20.0,0.0,122.0,10.222523649460438,9.0,11.0,1.0,14215.564270854056,10000.0,19000.0,1.0,16.5,17.403827951577554,19.0,1.0,21295.25466490812,10000.0,25000.0,1.0,18.736348210403026,17.0,20.0,1.0,0.0,211.0,1.0,36.0
91.0,24.0,91.0,24.0,-721.0,911.0,11.0,-711.0,15.169665188551956,12.0,17.0,30000.0,18000.0,36000.0,1.0,24.23502122091797,20.0,25.0,1.0,18000.0,34498.818574693076,36000.0,1.0,24.79672101978455,20.0,26.0,1.0,721.0,14.047332616339471,12.0,17.0,1.0,19997.10853429116,18000.0,36000.0,1.0,20.0,21.47258723201785,25.0,1.0,24494.20224060591,18000.0,36000.0,1.0,22.03407167251754,20.0,26.0,1.0,1.0,91121.0,7.0,0.0
11.0,22.0,11.0,22.0,-121.0,21.0,12.0,-111.0,9.9989197662356,9.0,11.0,30000.0,10000.0,19000.0,0.0,24.07148118557927,16.5,19.0,0.0,10000.0,36460.09448943865,25000.0,0.0,25.36630200218799,17.0,20.0,0.0,121.0,9.992041300756718,9.0,11.0,1.0,16329.108413162352,10000.0,19000.0,1.0,16.5,17.769078960361117,19.0,1.0,22928.151651956265,10000.0,25000.0,1.0,19.091749792693456,17.0,20.0,1.0,0.0,211.0,1.0,23.0
11.0,22.0,11.0,22.0,-121.0,11.0,11.0,-111.0,10.208414715803768,9.0,11.0,30000.0,10000.0,19000.0,0.0,23.93675203627612,16.5,19.0,0.0,10000.0,37075.55814668912,25000.0,0.0,25.275237921373353,17.0,20.0,0.0,122.0,10.188263387047432,9.0,11.0,1.0,14797.051351824453,10000.0,19000.0,1.0,16.5,17.51056057959941,19.0,1.0,21912.697231282804,10000.0,25000.0,1.0,18.856629875554805,17.0,20.0,1.0,0.0,111.0,1.0,38.0
11.0,22.0,11.0,21.0,-121.0,21.0,13.0,-111.0,10.207705150366323,9.0,11.0,30000.0,10000.0,19000.0,0.0,24.057746785740974,16.5,19.0,0.0,10000.0,36934.623435191774,25000.0,0.0,25.36230575814747,17.0,20.0,0.0,122.0,10.205146328372257,9.0,11.0,1.0,11634.719832517907,10000.0,19000.0,1.0,16.5,16.866961945167834,19.0,1.0,18650.872070902908,10000.0,25000.0,1.0,18.186858323088742,17.0,20.0,1.0,0.0,211.0,1.0,20.0
11.0,22.0,11.0,22.0,-121.0,21.0,13.0,-111.0,10.01600481663444,9.0,11.0,30000.0,10000.0,19000.0,0.0,25.527101287549005,16.5,19.0,0.0,10000.0,36446.79159239438,25000.0,0.0,26.822009841120924,17.0,20.0,0.0,121.0,10.005529342014006,9.0,11.0,1.0,15627.492784045717,10000.0,19000.0,1.0,16.5,17.69745653706489,19.0,1.0,22142.142073269933,10000.0,25000.0,1.0,19.005995050717154,17.0,20.0,1.0,0.0,211.0,1.0,31.0
11.0,22.0,11.0,22.0,-121.0,21.0,13.0,-111.0,10.198691483784343,9.0,11.0,30000.0,10000.0,19000.0,0.0,24.85613930586635,16.5,19.0,0.0,10000.0,36953.50324627383,25000.0,0.0,26.162766336027858,17.0,20.0,0.0,122.0,10.191093349798091,9.0,11.0,1.0,15800.159487330817,10000.0,19000.0,1.0,16.5,17.685850936138607,19.0,1.0,22739.084438294238,10000.0,25000.0,1.0,18.98973857091456,17.0,20.0,1.0,0.0,211.0,1.0,21.0
11.0,22.0,11.0,22.0,-121.0,11.0,11.0,-111.0,10.219392956425896,9.0,11.0,30000.0,10000.0,19000.0,0.0,24.416698761928167,16.5,19.0,0.0,10000.0,37044.77690919908,25000.0,0.0,25.741688130698286,17.0,20.0,0.0,122.0,10.178783423845516,9.0,11.0,1.0,15870.559356417587,10000.0,19000.0,1.0,16.5,17.664711027114166,19.0,1.0,22935.077778568204,10000.0,25000.0,1.0,18.993413401295438,17.0,20.0,1.0,0.0,111.0,1.0,57.0
11.0,22.0,11.0,22.0,-121.0,21.0,13.0,-111.0,10.00805220050742,9.0,11.0,30000.0,10000.0,19000.0,0.0,27.819680760040136,16.5,19.0,0.0,10000.0,36588.11537513571,25000.0,0.0,29.141109540193803,17.0,20.0,0.0,121.0,10.001646656514945,9.0,11.0,1.0,13502.766467777012,10000.0,19000.0,1.0,16.5,17.20869925653526,19.0,1.0,19944.742076556482,10000.0,25000.0,1.0,18.500815664000843,17.0,20.0,1.0,0.0,211.0,1.0,36.0
11.0,22.0,11.0,21.0,-121.0,21.0,13.0,-111.0,10.007610859858186,9.0,11.0,30000.0,10000.0,19000.0,0.0,25.29611170860948,16.5,19.0,0.0,10000.0,36479.364854490945,25000.0,0.0,26.591502351044518,17.0,20.0,0.0,121.0,10.004894143383966,9.0,11.0,1.0,10667.189796323124,10000.0,19000.0,1.0,16.5,16.587348391740946,19.0,1.0,17033.745357503358,10000.0,25000.0,1.0,17.860185573116738,17.0,20.0,1.0,0.0,211.0,1.0,20.0
11.0,22.0,11.0,22.0,-121.0,21.0,13.0,-111.0,10.005779076734912,9.0,11.0,30000.0,10000.0,19000.0,0.0,25.830641177913176,16.5,19.0,0.0,10000.0,36433.44983231572,25000.0,0.0,27.117038900610098,17.0,20.0,0.0,121.0,10.016439594827764,9.0,11.0,1.0,14799.732126822923,10000.0,19000.0,1.0,16.5,17.513115230877943,19.0,1.0,21286.029821514272,10000.0,25000.0,1.0,18.810080125400457,17.0,20.0,1.0,0.0,211.0,1.0,16.0
92.0,24.0,92.0,24.0,-721.0,921.0,13.0,-711.0,15.827598468303137,12.0,17.0,30000.0,15000.0,28000.0,0.0,25.53581748430709,19.5,25.0,0.0,15000.0,34466.06563389397,28000.0,0.0,26.096603082307716,20.0,26.0,0.0,721.0,15.790194302432331,12.0,17.0,1.0,21431.776293100276,15000.0,28000.0,1.0,19.5,22.587308052437493,25.0,1.0,25898.34366764948,15000.0,28000.0,1.0,23.148156651960367,20.0,26.0,1.0,0.0,92122.0,7.0,25.0
92.0,24.0,92.0,24.0,-721.0,921.0,13.0,-711.0,14.798710674450817,12.0,17.0,30000.0,15000.0,28000.0,0.0,23.97830502802688,19.5,25.0,1.0,15000.0,34448.75415530192,28000.0,0.0,24.536579786133633,20.0,26.0,1.0,721.0,14.253479401199073,12.0,17.0,1.0,21642.151267034817,15000.0,28000.0,1.0,19.5,20.98076979662382,25.0,1.0,26174.937139759684,15000.0,28000.0,1.0,21.549589706267366,20.0,26.0,1.0,0.0,92122.0,7.0,25.0
91.0,21.0,91.0,24.0,-721.0,911.0,12.0,-711.0,15.261067346715832,12.0,17.0,30000.0,18000.0,36000.0,1.0,25.468475156790053,20.0,25.0,0.0,18000.0,34015.51093312907,36000.0,1.0,25.957299784834998,20.0,26.0,1.0,722.0,15.300024654904409,12.0,17.0,1.0,28234.080064696565,18000.0,36000.0,1.0,20.0,23.721774893102207,25.0,1.0,32248.361315470425,18000.0,36000.0,1.0,24.21044982686667,20.0,26.0,1.0,0.0,91121.0,7.0,19.0
81.0,23.0,81.0,21.0,-721.0,912.0,11.0,-711.0,15.2895135576376,12.0,17.0,30000.0,12500.0,23000.0,0.0,26.443699294949937,20.0,24.0,0.0,12500.0,33894.27267864376,26000.0,0.0,26.918826892587013,20.0,25.0,0.0,722.0,15.510072288230866,12.0,17.0,1.0,14630.674726555078,12500.0,23000.0,1.0,20.0,21.725252384763113,24.0,1.0,18672.423388181738,12500.0,26000.0,1.0,22.218373049472273,20.0,25.0,1.0,0.0,912.0,7.0,12.0
11.0,22.0,11.0,22.0,-121.0,21.0,13.0,-111.0,10.003667703657399,9.0,11.0,30000.0,10000.0,19000.0,0.0,24.9082522687829,16.5,19.0,0.0,10000.0,36500.75149353077,25000.0,0.0,26.214340127238415,17.0,20.0,0.0,121.0,9.992270529863378,9.0,11.0,1.0,14885.562162575729,10000.0,19000.0,1.0,16.5,17.548737090749547,19.0,1.0,21330.522099412185,10000.0,25000.0,1.0,18.843615679803627,17.0,20.0,1.0,0.0,211.0,1.0,3.0
11.0,22.0,11.0,21.0,-121.0,21.0,13.0,-111.0,10.012259923614867,9.0,11.0,30000.0,10000.0,19000.0,0.0,25.869814040926027,16.5,19.0,0.0,10000.0,36421.56747913166,25000.0,0.0,27.15487023836223,17.0,20.0,0.0,121.0,9.992886812755183,9.0,11.0,1.0,12905.382610156545,10000.0,19000.0,1.0,16.5,17.028009601128943,19.0,1.0,19399.727143634605,10000.0,25000.0,1.0,18.327629626637172,17.0,20.0,1.0,0.0,211.0,1.0,58.0
11.0,21.0,11.0,22.0,-121.0,21.0,13.0,-111.0,10.224348357145011,9.0,11.0,30000.0,10000.0,19000.0,0.0,26.542599555177652,16.5,19.0,0.0,10000.0,36980.38965147701,25000.0,0.0,27.857868170589985,17.0,20.0,0.0,122.0,10.212518857079429,9.0,11.0,1.0,12203.83681371337,10000.0,19000.0,1.0,16.5,17.014082009909618,19.0,1.0,19262.02845096761,10000.0,25000.0,1.0,18.34401033849253,17.0,20.0,1.0,0.0,211.0,1.0,24.0
91.0,24.0,91.0,24.0,-721.0,911.0,11.0,-711.0,14.556761070052103,12.0,17.0,30000.0,18000.0,36000.0,1.0,24.207252421156007,20.0,25.0,1.0,18000.0,34480.925594358494,36000.0,1.0,24.770773361676934,20.0,26.0,1.0,721.0,15.29884072338261,12.0,17.0,1.0,24919.530548746923,18000.0,36000.0,1.0,20.0,23.425615571633376,25.0,1.0,29444.874445145564,18000.0,36000.0,1.0,23.994722555219496,20.0,26.0,1.0,1.0,91121.0,7.0,9.0
11.0,21.0,11.0,22.0,-121.0,21.0,13.0,-111.0,9.998150872357284,9.0,11.0,30000.0,10000.0,19000.0,0.0,27.91186689267972,16.5,19.0,0.0,10000.0,36491.01723697256,25000.0,0.0,29.208297900071983,17.0,20.0,0.0,121.0,10.007880062063053,9.0,11.0,1.0,13332.859864076929,10000.0,19000.0,1.0,16.5,17.169925936489204,19.0,1.0,19884.00134133042,10000.0,25000.0,1.0,18.47836537438634,17.0,20.0,1.0,0.0,211.0,1.0,52.0
11.0,21.0,11.0,22.0,-121.0,21.0,13.0,-111.0,10.213812010803037,9.0,11.0,30000.0,10000.0,19000.0,0.0,27.522722498130292,16.5,19.0,0.0,10000.0,37084.82351949398,25000.0,0.0,28.86241904687782,17.0,20.0,0.0,122.0,10.201527582180352,9.0,11.0,1.0,15752.614620894945,10000.0,19000.0,1.0,16.5,17.749603972617614,19.0,1.0,22690.90913640375,10000.0,25000.0,1.0,19.061592788012263,17.0,20.0,1.0,0.0,211.0,1.0,9.0
11.0,22.0,11.0,21.0,-121.0,21.0,13.0,-111.0,9.988179738268546,9.0,11.0,30000.0,10000.0,19000.0,0.0,24.186729842168226,16.5,19.0,0.0,10000.0,36502.958288468784,25000.0,0.0,25.483921815887108,17.0,20.0,0.0,121.0,10.01050814905074,9.0,11.0,1.0,11948.076851036003,10000.0,19000.0,1.0,16.5,16.87696622071103,19.0,1.0,18452.431255135372,10000.0,25000.0,1.0,18.174436687680217,17.0,20.0,1.0,0.0,211.0,1.0,58.0
92.0,24.0,92.0,24.0,-721.0,921.0,13.0,-711.0,15.278582817975618,12.0,17.0,30000.0,15000.0,28000.0,0.0,24.695690672136784,19.5,25.0,1.0,15000.0,34549.71877642079,28000.0,0.0,25.261971170137254,20.0,26.0,1.0,721.0,14.811358297245148,12.0,17.0,1.0,22259.475116620124,15000.0,28000.0,1.0,19.5,21.654768305456358,25.0,1.0,26715.74129835478,15000.0,28000.0,1.0,22.209417231384162,20.0,26.0,1.0,0.0,92122.0,7.0,22.0
91.0,21.0,91.0,24.0,-721.0,911.0,12.0,-711.0,15.988366302442767,12.0,17.0,30000.0,18000.0,36000.0,1.0,25.448733002697537,20.0,25.0,0.0,18000.0,34568.97195797509,36000.0,1.0,26.016807683883684,20.0,26.0,0.0,721.0,14.191663267319168,12.0,17.0,1.0,29314.099167978697,18000.0,36000.0,1.0,20.0,22.81967967235917,25.0,1.0,33811.15536760575,18000.0,36000.0,1.0,23.37881284069044,20.0,26.0,1.0,0.0,91121.0,7.0,26.0
92.0,24.0,92.0,24.0,-721.0,921.0,13.0,-711.0,15.46297873261686,12.0,17.0,30000.0,15000.0,28000.0,0.0,24.63984954217442,19.5,25.0,1.0,15000.0,33969.61645245895,28000.0,0.0,25.126675383745706,20.0,26.0,1.0,722.0,15.162939780513984,12.0,17.0,1.0,18978.44386092198,15000.0,28000.0,1.0,19.5,21.56751418984401,25.0,1.0,22950.048482269885,15000.0,28000.0,1.0,22.054583856481056,20.0,26.0,1.0,0.0,92122.0,7.0,22.0
11.0,21.0,11.0,22.0,-121.0,21.0,13.0,-111.0,10.006025117761881,9.0,11.0,30000.0,10000.0,19000.0,0.0,26.787369526734388,16.5,19.0,0.0,10000.0,36462.99989953058,25000.0,0.0,28.079145288595214,17.0,20.0,0.0,121.0,9.99460512008161,9.0,11.0,1.0,13483.301712384839,10000.0,19000.0,1.0,16.5,17.221310602200397,19.0,1.0,20074.95653963789,10000.0,25000.0,1.0,18.538800942408642,17.0,20.0,1.0,0.0,211.0,1.0,59.0
11.0,22.0,11.0,22.0,-121.0,21.0,13.0,-111.0,10.20930305975267,9.0,11.0,30000.0,10000.0,19000.0,0.0,24.581648056282866,16.5,19.0,0.0,10000.0,36994.0970597561,25000.0,0.0,25.88810406480751,17.0,20.0,0.0,122.0,10.178515592015891,9.0,11.0,1.0,14573.394185218378,10000.0,19000.0,1.0,16.5,17.464807216896133,19.0,1.0,21383.329656124435,10000.0,25000.0,1.0,18.736862928679546,17.0,20.0,1.0,0.0,211.0,1.0,8.0
11.0,22.0,11.0,22.0,-121.0,21.0,13.0,-111.0,10.184976757819877,9.0,11.0,30000.0,10000.0,19000.0,0.0,25.7555168524735,16.5,19.0,0.0,10000.0,37245.53694308347,25000.0,0.0,27.12949899470493,17.0,20.0,0.0,122.0,10.213209235332656,9.0,11.0,1.0,11433.750338280066,10000.0,19000.0,1.0,16.5,16.924038389546187,19.0,1.0,18509.730283186,10000.0,25000.0,1.0,18.265867181457775,17.0,20.0,1.0,0.0,211.0,1.0,3.0
11.0,21.0,11.0,21.0,-121.0,11.0,11.0,-111.0,10.197498279009466,9.0,11.0,30000.0,10000.0,19000.0,0.0,24.150520178129796,16.5,19.0,0.0,10000.0,37024.60247621582,25000.0,0.0,25.472732723390838,17.0,20.0,0.0,122.0,10.22641792080499,9.0,11.0,1.0,14115.556203853936,10000.0,19000.0,1.0,16.5,17.372658059029696,19.0,1.0,21020.578918329324,10000.0,25000.0,1.0,18.672362588831092,17.0,20.0,1.0,0.0,111.0,1.0,18.0
81.0,23.0,81.0,23.0,-721.0,912.0,12.0,-711.0,15.055784802642819,12.0,17.0,30000.0,12500.0,23000.0,0.0,25.82636713349237,20.0,24.0,0.0,12500.0,34027.27969943872,26000.0,0.0,26.316106089155497,20.0,25.0,0.0,722.0,15.007402087205765,12.0,17.0,1.0,19908.719445302548,12500.0,23000.0,1.0,20.0,21.95986847627934,24.0,1.0,23935.89781550577,12500.0,26000.0,1.0,22.44959510976033,20.0,25.0,1.0,0.0,912.0,7.0,10.0
81.0,23.0,81.0,23.0,-721.0,912.0,12.0,-711.0,16.091856593713274,12.0,17.0,30000.0,12500.0,23000.0,0.0,27.129159829516684,20.0,24.0,0.0,12500.0,34534.30551277007,26000.0,0.0,27.69699352106319,20.0,25.0,0.0,721.0,15.097402937956732,12.0,17.0,1.0,16459.807851554422,12500.0,23000.0,1.0,20.0,21.71270741654753,24.0,1.0,20956.794869094294,12500.0,26000.0,1.0,22.27586769143743,20.0,25.0,1.0,0.0,912.0,7.0,31.0
11.0,22.0,11.0,21.0,-121.0,11.0,11.0,-111.0,10.006378826082011,9.0,11.0,30000.0,10000.0,19000.0,0.0,25.175278220558557,16.5,19.0,0.0,10000.0,36460.16952852488,25000.0,0.0,26.461171008885884,17.0,20.0,0.0,121.0,9.997926928901249,9.0,11.0,1.0,14215.582714554259,10000.0,19000.0,1.0,16.5,17.30510342250038,19.0,1.0,20720.744172175862,10000.0,25000.0,1.0,18.599951826760535,17.0,20.0,1.0,0.0,111.0,1.0,1.0
11.0,21.0,11.0,22.0,-121.0,11.0,12.0,-111.0,10.17169454809414,9.0,11.0,30000.0,10000.0,19000.0,0.0,25.72292775486373,16.5,19.0,0.0,10000.0,36915.88938874195,25000.0,0.0,27.02635061581748,17.0,20.0,0.0,122.0,10.21172097605839,9.0,11.0,1.0,16970.509023913808,10000.0,19000.0,1.0,16.5,17.95201716232034,19.0,1.0,24087.987902097622,10000.0,25000.0,1.0,19.293433162593853,17.0,20.0,1.0,0.0,111.0,1.0,51.0
11.0,22.0,11.0,22.0,-121.0,21.0,13.0,-111.0,10.190284931305701,9.0,11.0,30000.0,10000.0,19000.0,0.0,26.629515394149315,16.5,19.0,0.0,10000.0,37137.115265492685,25000.0,0.0,27.98509255600013,17.0,20.0,0.0,122.0,10.20529498031321,9.0,11.0,1.0,14370.52168209305,10000.0,19000.0,1.0,16.5,17.45785489232488,19.0,1.0,21208.421438516896,10000.0,25000.0,1.0,18.756601010332762,17.0,20.0,1.0,0.0,211.0,1.0,16.0
81.0,23.0,81.0,21.0,-721.0,912.0,11.0,-711.0,16.261019720020638,12.0,17.0,30000.0,12500.0,23000.0,0.0,27.602329057705667,20.0,24.0,0.0,12500.0,34550.41905107129,26000.0,0.0,28.168239995987935,20.0,25.0,0.0,721.0,15.54346790704338,12.0,17.0,1.0,13846.112084309661,12500.0,23000.0,1.0,20.0,21.76155875781563,24.0,1.0,18266.511459404886,12500.0,26000.0,1.0,22.311299854155664,20.0,25.0,1.0,0.0,912.0,7.0,12.0
11.0,22.0,11.0,22.0,-121.0,11.0,11.0,-111.0,9.98825402068508,9.0,11.0,30000.0,10000.0,19000.0,0.0,24.51962543155483,16.5,19.0,0.0,10000.0,36557.35175139663,25000.0,0.0,25.827854995496978,17.0,20.0,0.0,121.0,10.00195234513331,9.0,11.0,1.0,17475.902647443505,10000.0,19000.0,1.0,16.5,18.022521062310517,19.0,1.0,23941.944725399942,10000.0,25000.0,1.0,19.3125338187979,17.0,20.0,1.0,0.0,111.0,1.0,57.0
91.0,21.0,91.0,24.0,-721.0,911.0,11.0,-711.0,15.106702871042346,12.0,17.0,30000.0,18000.0,36000.0,1.0,25.161050297015073,20.0,25.0,0.0,18000.0,33981.07723365566,36000.0,1.0,25.6476007655007,20.0,26.0,1.0,722.0,14.947829748437332,12.0,17.0,1.0,27742.413650661372,18000.0,36000.0,1.0,20.0,23.401341952207723,25.0,1.0,31741.43469930903,18000.0,36000.0,1.0,23.890085438079947,20.0,26.0,1.0,0.0,91121.0,7.0,18.0
81.0,23.0,81.0,23.0,-721.0,912.0,11.0,-711.0,15.30568768608137,12.0,17.0,30000.0,12500.0,23000.0,0.0,26.326273176281333,20.0,24.0,0.0,12500.0,33950.39340547349,26000.0,0.0,26.805486310910123,20.0,25.0,0.0,722.0,15.276205915283851,12.0,17.0,1.0,19742.52561598757,12500.0,23000.0,1.0,20.0,22.2169591060366,24.0,1.0,23801.086238045886,12500.0,26000.0,1.0,22.709293756829293,20.0,25.0,1.0,0.0,912.0,7.0,17.0
11.0,22.0,11.0,22.0,-121.0,21.0,13.0,-111.0,10.01247313505352,9.0,11.0,30000.0,10000.0,19000.0,0.0,26.980552932687125,16.5,19.0,0.0,10000.0,36551.807675274664,25000.0,0.0,28.29403986320424,17.0,20.0,0.0,121.0,10.001267671554713,9.0,11.0,1.0,13699.625370065016,10000.0,19000.0,1.0,16.5,17.244331917951996,19.0,1.0,20208.179845023096,10000.0,25000.0,1.0,18.549147575419802,17.0,20.0,1.0,0.0,211.0,1.0,41.0
92.0,24.0,92.0,24.0,-721.0,921.0,13.0,-711.0,14.51010473052321,12.0,17.0,30000.0,15000.0,28000.0,0.0,23.940093732450798,19.5,25.0,1.0,15000.0,34441.135158339814,28000.0,0.0,24.497616079655266,20.0,26.0,1.0,721.0,15.144150622011393,12.0,17.0,1.0,17253.764563594355,15000.0,28000.0,1.0,19.5,21.37218358137685,25.0,1.0,21728.666220493324,15000.0,28000.0,1.0,21.933944839774604,20.0,26.0,1.0,0.0,92122.0,7.0,25.0
81.0,21.0,81.0,21.0,-721.0,912.0,12.0,-711.0,15.403342050057631,12.0,17.0,30000.0,12500.0,23000.0,0.0,27.153916227712166,20.0,24.0,0.0,12500.0,34060.66795457712,26000.0,0.0,27.647553696763474,20.0,25.0,0.0,722.0,15.166398327540078,12.0,17.0,1.0,14548.589868403713,12500.0,23000.0,1.0,20.0,21.436322683639656,24.0,1.0,18608.20300997894,12500.0,26000.0,1.0,21.92983192373297,20.0,25.0,1.0,0.0,912.0,7.0,6.0
91.0,24.0,91.0,21.0,-721.0,911.0,12.0,-711.0,15.215032003836624,12.0,17.0,30000.0,18000.0,36000.0,1.0,24.904760575747304,20.0,25.0,1.0,18000.0,34468.237047359326,36000.0,1.0,25.46385209620403,20.0,26.0,1.0,721.0,15.263778612115482,12.0,17.0,1.0,25603.864273426763,18000.0,36000.0,1.0,20.0,23.396202462491594,25.0,1.0,30031.257088129412,18000.0,36000.0,1.0,23.950183317624195,20.0,26.0,1.0,1.0,91121.0,7.0,29.0
91.0,24.0,91.0,24.0,-721.0,911.0,11.0,-711.0,15.261518872810548,12.0,17.0,30000.0,18000.0,36000.0,1.0,24.04204368879023,20.0,25.0,1.0,18000.0,33998.86505597499,36000.0,1.0,24.529341565765,20.0,26.0,1.0,722.0,15.07789450309967,12.0,17.0,1.0,29528.394981369547,18000.0,36000.0,1.0,20.0,23.734728791000293,25.0,1.0,33527.14890150593,18000.0,36000.0,1.0,24.222013125067903,20.0,26.0,1.0,1.0,91121.0,7.0,28.0
11.0,22.0,11.0,22.0,-121.0,21.0,13.0,-111.0,10.19999223013373,9.0,11.0,30000.0,10000.0,19000.0,0.0,24.802402851620908,16.5,19.0,0.0,10000.0,36962.393613418346,25000.0,0.0,26.115372340776197,17.0,20.0,0.0,122.0,10.214854082175334,9.0,11.0,1.0,13181.265199261505,10000.0,19000.0,1.0,16.5,17.206786717659845,19.0,1.0,20335.5433569862,10000.0,25000.0,1.0,18.555941830050962,17.0,20.0,1.0,0.0,211.0,1.0,16.0
92.0,24.0,92.0,24.0,-721.0,921.0,13.0,-711.0,15.142607311692215,12.0,17.0,30000.0,15000.0,28000.0,0.0,24.127052468951394,19.5,25.0,1.0,15000.0,34004.557061692736,28000.0,0.0,24.615231141012096,20.0,26.0,1.0,722.0,15.058580631951004,12.0,17.0,1.0,19359.48438239981,15000.0,28000.0,1.0,19.5,21.396853737049142,25.0,1.0,23322.17232140546,15000.0,28000.0,1.0,21.879928320842694,20.0,26.0,1.0,0.0,92122.0,7.0,22.0
11.0,22.0,11.0,21.0,-121.0,21.0,13.0,-111.0,9.984165024379061,9.0,11.0,30000.0,10000.0,19000.0,0.0,23.902071141278434,16.5,19.0,0.0,10000.0,36513.98758593881,25000.0,0.0,25.205900976729566,17.0,20.0,0.0,121.0,10.000491827891882,9.0,11.0,1.0,10324.240282897743,10000.0,19000.0,1.0,16.5,16.539862103957432,19.0,1.0,16919.903262595515,10000.0,25000.0,1.0,17.860039961844933,17.0,20.0,1.0,0.0,211.0,1.0,58.0
11.0,22.0,11.0,22.0,-121.0,21.0,13.0,-111.0,10.001352315987091,9.0,11.0,30000.0,10000.0,19000.0,0.0,26.420640166595163,16.5,19.0,0.0,10000.0,36498.483547188414,25000.0,0.0,27.716768123213008,17.0,20.0,0.0,121.0,10.002308559613134,9.0,11.0,1.0,14107.503770614318,10000.0,19000.0,1.0,16.5,17.323185078149894,19.0,1.0,20572.841029738243,10000.0,25000.0,1.0,18.61270198000296,17.0,20.0,1.0,0.0,211.0,1.0,19.0
91.0,24.0,91.0,24.0,-721.0,911.0,11.0,-711.0,15.2721761635127,12.0,17.0,30000.0,18000.0,36000.0,1.0,25.209517907831646,20.0,25.0,0.0,18000.0,34009.709575861445,36000.0,1.0,25.699123396196768,20.0,26.0,1.0,722.0,15.277523968290879,12.0,17.0,1.0,21877.598959582763,18000.0,36000.0,1.0,20.0,22.946637465359686,25.0,1.0,25863.717929373237,18000.0,36000.0,1.0,23.433362423355295,20.0,26.0,1.0,0.0,91121.0,7.0,16.0
91.0,24.0,91.0,21.0,-721.0,911.0,11.0,-711.0,15.12080195185946,12.0,17.0,30000.0,18000.0,36000.0,1.0,25.11841534840859,20.0,25.0,0.0,18000.0,34474.076339468564,36000.0,1.0,25.675540989251186,20.0,26.0,1.0,721.0,14.824201434696167,12.0,17.0,1.0,20919.783237976997,18000.0,36000.0,1.0,20.0,22.40304285287411,25.0,1.0,25412.336901110837,18000.0,36000.0,1.0,22.962469346453002,20.0,26.0,1.0,0.0,91121.0,7.0,3.0
11.0,22.0,11.0,21.0,-121.0,11.0,11.0,-111.0,10.206366713067279,9.0,11.0,30000.0,10000.0,19000.0,0.0,25.50641364678185,16.5,19.0,0.0,10000.0,36821.157242029054,25000.0,0.0,26.797637996995118,17.0,20.0,0.0,122.0,10.21657839824768,9.0,11.0,1.0,14021.63384135186,10000.0,19000.0,1.0,16.5,17.368185553722114,19.0,1.0,21005.187449718316,10000.0,25000.0,1.0,18.690151042888896,17.0,20.0,1.0,0.0,111.0,1.0,26.0
11.0,22.0,11.0,22.0,-121.0,11.0,11.0,-111.0,9.9974479973664,9.0,11.0,30000.0,10000.0,19000.0,0.0,23.059880330544658,16.5,19.0,0.0,10000.0,36509.74166935771,25000.0,0.0,24.360238705075428,17.0,20.0,0.0,121.0,10.00467885669341,9.0,11.0,1.0,13758.606224899027,10000.0,19000.0,1.0,16.5,17.271803603975762,19.0,1.0,20261.540639466017,10000.0,25000.0,1.0,18.57080219017325,17.0,20.0,1.0,0.0,111.0,1.0,11.0
11.0,22.0,11.0,21.0,-121.0,11.0,11.0,-111.0,10.158647284355213,9.0,11.0,30000.0,10000.0,19000.0,0.0,25.511375838411894,16.5,19.0,0.0,10000.0,37218.1638875934,25000.0,0.0,26.879117327839662,17.0,20.0,0.0,122.0,10.202922824498357,9.0,11.0,1.0,12716.691068922848,10000.0,19000.0,1.0,16.5,17.097651099009095,19.0,1.0,19851.506284507373,10000.0,25000.0,1.0,18.449599176348894,17.0,20.0,1.0,0.0,111.0,1.0,39.0
11.0,21.0,11.0,22.0,-121.0,11.0,11.0,-111.0,10.020852388704066,9.0,11.0,30000.0,10000.0,19000.0,0.0,25.380167269903506,16.5,19.0,0.0,10000.0,36574.312818157,25000.0,0.0,26.696161417041456,17.0,20.0,0.0,121.0,9.998475256785346,9.0,11.0,1.0,18721.721710650127,10000.0,19000.0,1.0,16.5,18.271047113661265,19.0,1.0,25267.321564863283,10000.0,25000.0,0.0,19.581293725879256,17.0,20.0,1.0,0.0,111.0,1.0,35.0
11.0,21.0,11.0,22.0,-121.0,11.0,12.0,-111.0,10.186309481007045,9.0,11.0,30000.0,10000.0,19000.0,0.0,24.370659767735958,16.5,19.0,0.0,10000.0,37163.86543960413,25000.0,0.0,25.724770800520997,17.0,20.0,0.0,122.0,10.193581769019369,9.0,11.0,1.0,14737.78325959795,10000.0,19000.0,1.0,16.5,17.51953249920563,19.0,1.0,21722.384613271242,10000.0,25000.0,1.0,18.839759104848987,17.0,20.0,1.0,0.0,111.0,1.0,7.0
11.0,22.0,11.0,21.0,-121.0,11.0,12.0,-111.0,10.214500025336323,9.0,11.0,30000.0,10000.0,19000.0,0.0,24.292701968714454,16.5,19.0,0.0,10000.0,36991.039703438204,25000.0,0.0,25.60633254756356,17.0,20.0,0.0,122.0,10.206550519818432,9.0,11.0,1.0,13568.454138904946,10000.0,19000.0,1.0,16.5,17.235603377214577,19.0,1.0,20511.060699576625,10000.0,25000.0,1.0,18.54013327003317,17.0,20.0,1.0,0.0,111.0,1.0,10.0
91.0,24.0,91.0,21.0,-721.0,911.0,12.0,-711.0,14.757628542286087,12.0,17.0,30000.0,18000.0,36000.0,1.0,24.186584161302086,20.0,25.0,1.0,18000.0,34452.007420336755,36000.0,1.0,24.741827036333508,20.0,26.0,1.0,721.0,15.411414854647361,12.0,17.0,1.0,26820.195646431435,18000.0,36000.0,1.0,20.0,23.71577753507585,25.0,1.0,31361.00975040788,18000.0,36000.0,1.0,24.28209615048472,20.0,26.0,1.0,1.0,91121.0,7.0,14.0
91.0,24.0,91.0,21.0,-721.0,911.0,11.0,-711.0,14.53859209652704,12.0,17.0,30000.0,18000.0,36000.0,1.0,23.810820628082006,20.0,25.0,1.0,18000.0,34468.9717690183,36000.0,1.0,24.370991457719143,20.0,26.0,1.0,721.0,15.398635549853505,12.0,17.0,1.0,23507.54999912261,18000.0,36000.0,1.0,20.0,23.297632194159952,25.0,1.0,28040.044308811874,18000.0,36000.0,1.0,23.865765364162495,20.0,26.0,1.0,1.0,91121.0,7.0,21.0
81.0,21.0,81.0,21.0,-721.0,912.0,12.0,-711.0,15.248539783106873,12.0,17.0,30000.0,12500.0,23000.0,0.0,27.0072971934055,20.0,24.0,0.0,12500.0,34039.77893371984,26000.0,0.0,27.50371564282151,20.0,25.0,0.0,722.0,15.321905540887963,12.0,17.0,1.0,17054.896245489308,12500.0,23000.0,1.0,20.0,21.87419339424093,24.0,1.0,21097.596197831455,12500.0,26000.0,1.0,22.37097078595527,20.0,25.0,1.0,0.0,912.0,7.0,6.0
91.0,24.0,91.0,21.0,-721.0,911.0,11.0,-711.0,15.001938690082254,12.0,17.0,30000.0,18000.0,36000.0,1.0,23.985914309478105,20.0,25.0,1.0,18000.0,34074.86902594985,36000.0,1.0,24.48302598805659,20.0,26.0,1.0,722.0,15.307545872507072,12.0,17.0,1.0,20494.376720683355,18000.0,36000.0,1.0,20.0,22.76014453685011,25.0,1.0,24615.458847799946,18000.0,36000.0,1.0,23.26289396038359,20.0,26.0,1.0,1.0,91121.0,7.0,15.0
11.0,22.0,11.0,22.0,-121.0,11.0,11.0,-111.0,10.214016471317537,9.0,11.0,30000.0,10000.0,19000.0,0.0,23.86276323150308,16.5,19.0,0.0,10000.0,36788.05915119677,25000.0,0.0,25.143974995738223,17.0,20.0,0.0,122.0,10.216765227052969,9.0,11.0,1.0,13661.789804204813,10000.0,19000.0,1.0,16.5,17.313796173126295,19.0,1.0,20915.604493791107,10000.0,25000.0,1.0,18.682916934874687,17.0,20.0,1.0,0.0,111.0,1.0,50.0
91.0,24.0,91.0,21.0,-721.0,911.0,12.0,-711.0,15.249830699215467,12.0,17.0,30000.0,18000.0,36000.0,1.0,24.670677036917976,20.0,25.0,1.0,18000.0,33981.71247666883,36000.0,1.0,25.15580313353521,20.0,26.0,1.0,722.0,15.21676030190935,12.0,17.0,1.0,25408.99498005804,18000.0,36000.0,1.0,20.0,23.216035768792445,25.0,1.0,29475.9480670255,18000.0,36000.0,1.0,23.711547458239334,20.0,26.0,1.0,1.0,91121.0,7.0,29.0
11.0,22.0,11.0,22.0,-121.0,21.0,13.0,-111.0,10.234106122881764,9.0,11.0,30000.0,10000.0,19000.0,0.0,25.001733008346413,16.5,19.0,0.0,10000.0,36934.5899451977,25000.0,0.0,26.309844400677257,17.0,20.0,0.0,122.0,10.232873514396442,9.0,11.0,1.0,12195.396629255209,10000.0,19000.0,1.0,16.5,17.030463054043224,19.0,1.0,19148.500234160885,10000.0,25000.0,1.0,18.342066783969965,17.0,20.0,1.0,0.0,211.0,1.0,22.0
81.0,21.0,81.0,23.0,-721.0,912.0,12.0,-711.0,14.945686717968396,12.0,17.0,30000.0,12500.0,23000.0,0.0,27.02773317405193,20.0,24.0,0.0,12500.0,34518.93493182196,26000.0,0.0,27.593638323846402,20.0,25.0,0.0,721.0,15.596842878940652,12.0,17.0,1.0,17699.177914363587,12500.0,23000.0,1.0,20.0,22.35756063289307,24.0,1.0,22181.93740497047,12500.0,26000.0,1.0,22.9189355407636,20.0,25.0,1.0,0.0,912.0,7.0,7.0
11.0,22.0,11.0,22.0,-121.0,21.0,13.0,-111.0,10.23553502203148,9.0,11.0,30000.0,10000.0,19000.0,0.0,25.129044881617723,16.5,19.0,0.0,10000.0,37080.283258343276,25000.0,0.0,26.477354694542683,17.0,20.0,0.0,122.0,10.230027762098667,9.0,11.0,1.0,14412.40431397662,10000.0,19000.0,1.0,16.5,17.48332087280027,19.0,1.0,21482.457129458933,10000.0,25000.0,1.0,18.829682485915036,17.0,20.0,1.0,0.0,211.0,1.0,41.0
11.0,21.0,11.0,22.0,-121.0,21.0,13.0,-111.0,9.992809675813294,9.0,11.0,30000.0,10000.0,19000.0,0.0,26.24827127417635,16.5,19.0,0.0,10000.0,36564.982575048074,25000.0,0.0,27.565239709300293,17.0,20.0,0.0,121.0,9.994175780238393,9.0,11.0,1.0,11934.090081699378,10000.0,19000.0,1.0,16.5,16.924557723068524,19.0,1.0,18462.675597322206,10000.0,25000.0,1.0,18.23422472550069,17.0,20.0,1.0,0.0,211.0,1.0,24.0
11.0,21.0,11.0,21.0,-121.0,21.0,12.0,-111.0,9.995294322511258,9.0,11.0,30000.0,10000.0,19000.0,0.0,26.30658179568058,16.5,19.0,0.0,10000.0,36430.75751324472,25000.0,0.0,27.59926808470382,17.0,20.0,0.0,121.0,10.007969840948101,9.0,11.0,1.0,13250.301399717571,10000.0,19000.0,1.0,16.5,17.164964728039283,19.0,1.0,19711.457371008437,10000.0,25000.0,1.0,18.463761598878552,17.0,20.0,1.0,0.0,211.0,1.0,6.0
91.0,24.0,91.0,24.0,-721.0,911.0,12.0,-711.0,15.319414008159164,12.0,17.0,30000.0,18000.0,36000.0,1.0,25.434754974444623,20.0,25.0,0.0,18000.0,34041.62878821927,36000.0,1.0,25.928085251640447,20.0,26.0,1.0,722.0,15.015486607267349,12.0,17.0,1.0,30740.173454966953,18000.0,36000.0,1.0,20.0,23.83175107765454,25.0,1.0,34747.33721923624,18000.0,36000.0,1.0,24.3208744767055,20.0,26.0,1.0,0.0,91121.0,7.0,32.0
11.0,22.0,11.0,22.0,-121.0,11.0,11.0,-111.0,10.203731359721779,9.0,11.0,30000.0,10000.0,19000.0,0.0,25.521941044289008,16.5,19.0,0.0,10000.0,36997.819504942214,25000.0,0.0,26.83983612864774,17.0,20.0,0.0,122.0,10.197124285186378,9.0,11.0,1.0,15566.237581595376,10000.0,19000.0,1.0,16.5,17.659775565987964,19.0,1.0,22587.99177613203,10000.0,25000.0,1.0,18.982178255857225,17.0,20.0,1.0,0.0,111.0,1.0,44.0
81.0,23.0,81.0,21.0,-721.0,912.0,12.0,-711.0,14.173361493877394,12.0,17.0,30000.0,12500.0,23000.0,0.0,25.28282185621581,20.0,24.0,0.0,12500.0,34448.62804129173,26000.0,0.0,25.838991136354913,20.0,25.0,0.0,721.0,14.22768351385822,12.0,17.0,1.0,15217.189908235341,12500.0,23000.0,1.0,20.0,20.545909252015065,24.0,1.0,19723.856922248786,12500.0,26000.0,1.0,21.109334588039044,20.0,25.0,1.0,0.0,912.0,7.0,30.0
91.0,24.0,91.0,24.0,-721.0,911.0,12.0,-711.0,14.352739183213894,12.0,17.0,30000.0,18000.0,36000.0,1.0,24.419577164967443,20.0,25.0,1.0,18000.0,34474.131648892995,36000.0,1.0,24.979692831548707,20.0,26.0,1.0,721.0,15.725949561314755,12.0,17.0,1.0,30837.038612389108,18000.0,36000.0,1.0,20.0,24.62068751563844,25.0,1.0,35318.7599055404,18000.0,36000.0,1.0,25.18175332830088,20.0,26.0,1.0,1.0,91121.0,7.0,32.0
81.0,23.0,81.0,21.0,-721.0,912.0,12.0,-711.0,14.981236674127015,12.0,17.0,30000.0,12500.0,23000.0,0.0,27.34669614968838,20.0,24.0,0.0,12500.0,33967.231052862015,26000.0,0.0,27.829976181377056,20.0,25.0,0.0,722.0,15.294603361852712,12.0,17.0,1.0,14843.31687654398,12500.0,23000.0,1.0,20.0,21.540464442607707,24.0,1.0,18825.43334471024,12500.0,26000.0,1.0,22.025557785365002,20.0,25.0,1.0,0.0,912.0,7.0,30.0
11.0,22.0,11.0,22.0,-121.0,11.0,11.0,-111.0,9.985843755189238,9.0,11.0,30000.0,10000.0,19000.0,0.0,25.52545578834478,16.5,19.0,0.0,10000.0,36530.38692135389,25000.0,0.0,26.831143944344607,17.0,20.0,0.0,121.0,10.016653328018034,9.0,11.0,1.0,16536.131702185565,10000.0,19000.0,1.0,16.5,17.84722672876351,19.0,1.0,23019.01211539962,10000.0,25000.0,1.0,19.143416414648453,17.0,20.0,1.0,0.0,111.0,1.0,57.0
11.0,22.0,11.0,21.0,-121.0,11.0,11.0,-111.0,10.206855004832196,9.0,11.0,30000.0,10000.0,19000.0,0.0,25.200753968640363,16.5,19.0,0.0,10000.0,36921.762655446,25000.0,0.0,26.505751331274247,17.0,20.0,0.0,122.0,10.20187899374271,9.0,11.0,1.0,13418.672933706479,10000.0,19000.0,1.0,16.5,17.212941273015595,19.0,1.0,20520.946619414914,10000.0,25000.0,1.0,18.55197135681386,17.0,20.0,1.0,0.0,111.0,1.0,39.0
11.0,21.0,11.0,22.0,-121.0,21.0,13.0,-111.0,10.211789541618085,9.0,11.0,30000.0,10000.0,19000.0,0.0,26.535716681319784,16.5,19.0,0.0,10000.0,36830.68795639594,25000.0,0.0,27.819652352145994,17.0,20.0,0.0,122.0,10.201900549217344,9.0,11.0,1.0,13226.211307210193,10000.0,19000.0,1.0,16.5,17.244357509635584,19.0,1.0,20254.329202699624,10000.0,25000.0,1.0,18.565403255304815,17.0,20.0,1.0,0.0,211.0,1.0,32.0
11.0,22.0,11.0,21.0,-121.0,11.0,12.0,-111.0,9.996859898216114,9.0,11.0,30000.0,10000.0,19000.0,0.0,24.38992273993859,16.5,19.0,0.0,10000.0,36362.05101411576,25000.0,0.0,25.66648085846192,17.0,20.0,0.0,121.0,10.009773890291303,9.0,11.0,1.0,15235.703290118026,10000.0,19000.0,1.0,16.5,17.54905431532601,19.0,1.0,21771.82857004316,10000.0,25000.0,1.0,18.860540779559223,17.0,20.0,1.0,0.0,111.0,1.0,10.0
81.0,23.0,81.0,23.0,-721.0,912.0,11.0,-711.0,15.146684348431469,12.0,17.0,30000.0,12500.0,23000.0,0.0,26.391161161795644,20.0,24.0,0.0,12500.0,34494.84479566527,26000.0,0.0,26.951777558905707,20.0,25.0,0.0,721.0,14.470765476667342,12.0,17.0,1.0,16699.179627849102,12500.0,23000.0,1.0,20.0,21.125215807956835,24.0,1.0,21193.505925864152,12500.0,26000.0,1.0,21.685767535807383,20.0,25.0,1.0,0.0,912.0,7.0,17.0
11.0,22.0,11.0,22.0,-121.0,21.0,13.0,-111.0,10.224128691697944,9.0,11.0,30000.0,10000.0,19000.0,0.0,25.361387834821976,16.5,19.0,0.0,10000.0,36973.664257468365,25000.0,0.0,26.675152845094726,17.0,20.0,0.0,122.0,10.209287910092833,9.0,11.0,1.0,15895.383270103472,10000.0,19000.0,1.0,16.5,17.72926637578571,19.0,1.0,22785.282767322395,10000.0,25000.0,1.0,19.027250986107063,17.0,20.0,1.0,0.0,211.0,1.0,19.0
11.0,22.0,11.0,22.0,-121.0,11.0,11.0,-111.0,10.007008303237964,9.0,11.0,30000.0,10000.0,19000.0,0.0,25.72809829031057,16.5,19.0,0.0,10000.0,36459.73313426768,25000.0,0.0,27.022575483749378,17.0,20.0,0.0,121.0,9.982024831290408,9.0,11.0,1.0,18050.7382734565,10000.0,19000.0,1.0,16.5,18.106369779909542,19.0,1.0,24564.638547217302,10000.0,25000.0,1.0,19.41170162093986,17.0,20.0,1.0,0.0,111.0,1.0,55.0
11.0,22.0,11.0,22.0,-121.0,11.0,12.0,-111.0,10.210825366939854,9.0,11.0,30000.0,10000.0,19000.0,0.0,23.354807610068526,16.5,19.0,0.0,10000.0,37040.035141863584,25000.0,0.0,24.682223160591864,17.0,20.0,0.0,122.0,10.19329186175265,9.0,11.0,1.0,16384.914989918252,10000.0,19000.0,1.0,16.5,17.81234604499421,19.0,1.0,23414.027098956332,10000.0,25000.0,1.0,19.137702031418897,17.0,20.0,1.0,0.0,111.0,1.0,42.0
91.0,21.0,91.0,24.0,-721.0,911.0,11.0,-711.0,14.872101201619804,12.0,17.0,30000.0,18000.0,36000.0,1.0,24.205333894887687,20.0,25.0,1.0,18000.0,34466.73007693535,36000.0,1.0,24.762498617594453,20.0,26.0,1.0,721.0,15.127047670007006,12.0,17.0,1.0,25129.06212957739,18000.0,36000.0,1.0,20.0,23.276153302707655,25.0,1.0,29738.665648796617,18000.0,36000.0,1.0,23.851139572828558,20.0,26.0,1.0,1.0,91121.0,7.0,18.0
11.0,22.0,11.0,22.0,-121.0,11.0,11.0,-111.0,9.988472942064003,9.0,11.0,30000.0,10000.0,19000.0,0.0,24.50832588595963,16.5,19.0,0.0,10000.0,36465.06000132056,25000.0,0.0,25.796091946973956,17.0,20.0,0.0,121.0,10.00956401264438,9.0,11.0,1.0,15604.43557967126,10000.0,19000.0,1.0,16.5,17.6450154508555,19.0,1.0,22076.480873602588,10000.0,25000.0,1.0,18.93417290232074,17.0,20.0,1.0,0.0,111.0,1.0,27.0
11.0,22.0,11.0,22.0,-121.0,21.0,13.0,-111.0,9.983651059437642,9.0,11.0,30000.0,10000.0,19000.0,0.0,26.203866810585545,16.5,19.0,0.0,10000.0,36389.748692340734,25000.0,0.0,27.480215785752108,17.0,20.0,0.0,121.0,9.991374396087863,9.0,11.0,1.0,13698.114219414683,10000.0,19000.0,1.0,16.5,17.241834561326446,19.0,1.0,20256.317974266352,10000.0,25000.0,1.0,18.55183234754174,17.0,20.0,1.0,0.0,211.0,1.0,13.0
11.0,22.0,11.0,22.0,-121.0,21.0,12.0,-111.0,10.20918649921557,9.0,11.0,30000.0,10000.0,19000.0,0.0,24.949017273860683,16.5,19.0,0.0,10000.0,36975.04855943291,25000.0,0.0,26.258292886484455,17.0,20.0,0.0,122.0,10.218089850617627,9.0,11.0,1.0,16090.924126715645,10000.0,19000.0,1.0,16.5,17.760270253641217,19.0,1.0,23044.152200899283,10000.0,25000.0,1.0,19.06544997661647,17.0,20.0,1.0,0.0,211.0,1.0,23.0
11.0,21.0,11.0,21.0,-121.0,21.0,13.0,-111.0,9.982055953133877,9.0,11.0,30000.0,10000.0,19000.0,0.0,28.073363538701273,16.5,19.0,0.0,10000.0,36493.8271978696,25000.0,0.0,29.366911730348384,17.0,20.0,0.0,121.0,9.993277922349485,9.0,11.0,1.0,12274.006923640867,10000.0,19000.0,1.0,16.5,16.879079783696188,19.0,1.0,18797.466946109875,10000.0,25000.0,1.0,18.17853073276292,17.0,20.0,1.0,0.0,211.0,1.0,34.0
92.0,24.0,92.0,24.0,-721.0,921.0,13.0,-711.0,14.519787365334121,12.0,17.0,30000.0,15000.0,28000.0,0.0,24.71679065718064,19.5,25.0,1.0,15000.0,34474.261378322015,28000.0,0.0,25.27662389319339,20.0,26.0,1.0,721.0,15.577061864049522,12.0,17.0,1.0,21543.571284928687,15000.0,28000.0,1.0,19.5,22.30866128095135,25.0,1.0,26053.154633035094,15000.0,28000.0,1.0,22.87291410960179,20.0,26.0,1.0,0.0,92122.0,7.0,20.0
91.0,24.0,91.0,24.0,-721.0,911.0,12.0,-711.0,14.71152342199058,12.0,17.0,30000.0,18000.0,36000.0,1.0,24.63576242110284,20.0,25.0,1.0,18000.0,34496.279856055684,36000.0,1.0,25.197936659933735,20.0,26.0,1.0,721.0,15.450862854527285,12.0,17.0,1.0,27144.116556977897,18000.0,36000.0,1.0,20.0,23.839702569000828,25.0,1.0,31678.822193792996,18000.0,36000.0,1.0,24.40668122053322,20.0,26.0,1.0,1.0,91121.0,7.0,13.0
91.0,24.0,91.0,24.0,-721.0,911.0,12.0,-711.0,15.276469077375452,12.0,17.0,30000.0,18000.0,36000.0,1.0,24.544325364497524,20.0,25.0,1.0,18000.0,34056.75974453225,36000.0,1.0,25.03964850889501,20.0,26.0,1.0,722.0,15.305953416601673,12.0,17.0,1.0,26590.935773332127,18000.0,36000.0,1.0,20.0,23.637352557242167,25.0,1.0,30643.252959363574,18000.0,36000.0,1.0,24.132133273153777,20.0,26.0,1.0,1.0,91121.0,7.0,8.0
11.0,22.0,11.0,21.0,-121.0,11.0,12.0,-111.0,9.993491472960066,9.0,11.0,30000.0,10000.0,19000.0,0.0,24.641185381984997,16.5,19.0,0.0,10000.0,36519.354043908505,25000.0,0.0,25.946084795813192,17.0,20.0,0.0,121.0,10.002355297534884,9.0,11.0,1.0,11901.96819907007,10000.0,19000.0,1.0,16.5,16.886412675641466,19.0,1.0,18449.91528410317,10000.0,25000.0,1.0,18.19703520902288,17.0,20.0,1.0,0.0,111.0,1.0,46.0
81.0,23.0,81.0,21.0,-721.0,912.0,12.0,-711.0,15.778504740058207,12.0,17.0,30000.0,12500.0,23000.0,0.0,26.668402082104606,20.0,24.0,0.0,12500.0,34552.872270084175,26000.0,0.0,27.23511784848649,20.0,25.0,0.0,721.0,15.963921558169066,12.0,17.0,1.0,15549.839158453919,12500.0,23000.0,1.0,20.0,22.38732233241383,24.0,1.0,20066.91698366226,12500.0,26000.0,1.0,22.94958260892983,20.0,25.0,1.0,0.0,912.0,7.0,11.0
11.0,21.0,11.0,22.0,-121.0,21.0,13.0,-111.0,10.003569543751674,9.0,11.0,30000.0,10000.0,19000.0,0.0,24.77490743086539,16.5,19.0,0.0,10000.0,36529.90860954526,25000.0,0.0,26.07319338444167,17.0,20.0,0.0,121.0,10.00160566219211,9.0,11.0,1.0,13657.44689343812,10000.0,19000.0,1.0,16.5,17.22606984837751,19.0,1.0,20145.713889792492,10000.0,25000.0,1.0,18.51607655568517,17.0,20.0,1.0,0.0,211.0,1.0,9.0
11.0,22.0,11.0,21.0,-121.0,21.0,13.0,-111.0,9.98847309993001,9.0,11.0,30000.0,10000.0,19000.0,0.0,24.776890263793877,16.5,19.0,0.0,10000.0,36450.948103844676,25000.0,0.0,26.06910356586852,17.0,20.0,0.0,121.0,9.994246666304727,9.0,11.0,1.0,13206.178882045791,10000.0,19000.0,1.0,16.5,17.095123681455966,19.0,1.0,19668.93478235916,10000.0,25000.0,1.0,18.389702246964667,17.0,20.0,1.0,0.0,211.0,1.0,58.0
11.0,22.0,11.0,22.0,-121.0,21.0,13.0,-111.0,10.1734155254292,9.0,11.0,30000.0,10000.0,19000.0,0.0,24.88262016816569,16.5,19.0,0.0,10000.0,36935.573065268596,25000.0,0.0,26.189996144387226,17.0,20.0,0.0,122.0,10.18538681554223,9.0,11.0,1.0,14840.278325923751,10000.0,19000.0,1.0,16.5,17.533945795065865,19.0,1.0,21919.662079359226,10000.0,25000.0,1.0,18.86843051011315,17.0,20.0,1.0,0.0,211.0,1.0,36.0
81.0,23.0,81.0,23.0,-721.0,912.0,12.0,-711.0,15.154711101242105,12.0,17.0,30000.0,12500.0,23000.0,0.0,27.069390959260993,20.0,24.0,0.0,12500.0,33859.28366557065,26000.0,0.0,27.541418547574768,20.0,25.0,0.0,722.0,15.486319513606924,12.0,17.0,1.0,18533.899244599124,12500.0,23000.0,1.0,20.0,22.298643435545262,24.0,1.0,22558.58047519734,12500.0,26000.0,1.0,22.790900740173864,20.0,25.0,1.0,0.0,912.0,7.0,10.0
11.0,22.0,11.0,22.0,-121.0,11.0,11.0,-111.0,10.201430847344772,9.0,11.0,30000.0,10000.0,19000.0,0.0,25.729122454867117,16.5,19.0,0.0,10000.0,36995.27681400593,25000.0,0.0,27.043597918380836,17.0,20.0,0.0,122.0,10.229225192720463,9.0,11.0,1.0,15898.857809822792,10000.0,19000.0,1.0,16.5,17.741294845422082,19.0,1.0,22877.988086379242,10000.0,25000.0,1.0,19.052736229247127,17.0,20.0,1.0,0.0,111.0,1.0,55.0
11.0,21.0,11.0,22.0,-121.0,21.0,12.0,-111.0,9.991696699380963,9.0,11.0,30000.0,10000.0,19000.0,0.0,25.303881236616892,16.5,19.0,0.0,10000.0,36457.16747888703,25000.0,0.0,26.597015133287858,17.0,20.0,0.0,121.0,9.979801393363307,9.0,11.0,1.0,19435.7749739352,10000.0,19000.0,0.0,16.5,18.42024876046301,19.0,1.0,25936.287055265482,10000.0,25000.0,0.0,19.722062991791606,17.0,20.0,1.0,0.0,211.0,1.0,37.0
11.0,22.0,11.0,21.0,-121.0,11.0,11.0,-111.0,10.2143829821885,9.0,11.0,30000.0,10000.0,19000.0,0.0,23.816025845363036,16.5,19.0,0.0,10000.0,37093.3570587686,25000.0,0.0,25.160649719972263,17.0,20.0,0.0,122.0,10.198772663410264,9.0,11.0,1.0,13469.736319839105,10000.0,19000.0,1.0,16.5,17.232511368725067,19.0,1.0,20506.88497399882,10000.0,25000.0,1.0,18.566480321811998,17.0,20.0,1.0,0.0,111.0,1.0,26.0
11.0,22.0,11.0,22.0,-121.0,21.0,13.0,-111.0,10.204257019378552,9.0,11.0,30000.0,10000.0,19000.0,0.0,25.110489318079246,16.5,19.0,0.0,10000.0,37037.79197578073,25000.0,0.0,26.44136739141347,17.0,20.0,0.0,122.0,10.193798102679157,9.0,11.0,1.0,13884.921396350877,10000.0,19000.0,1.0,16.5,17.35213483169743,19.0,1.0,20856.028067787458,10000.0,25000.0,1.0,18.670402414458664,17.0,20.0,1.0,0.0,211.0,1.0,21.0
81.0,23.0,81.0,23.0,-721.0,912.0,11.0,-711.0,15.341466877215558,12.0,17.0,30000.0,12500.0,23000.0,0.0,26.510273070641293,20.0,24.0,0.0,12500.0,34042.65089937658,26000.0,0.0,27.00266289349728,20.0,25.0,0.0,722.0,15.223855851008917,12.0,17.0,1.0,18185.415061468702,12500.0,23000.0,1.0,20.0,22.013842738780934,24.0,1.0,22147.534901070652,12500.0,26000.0,1.0,22.496423979287414,20.0,25.0,1.0,0.0,912.0,7.0,17.0
11.0,22.0,11.0,22.0,-121.0,21.0,13.0,-111.0,10.00684766895557,9.0,11.0,30000.0,10000.0,19000.0,0.0,26.816697068877083,16.5,19.0,0.0,10000.0,36425.02625665578,25000.0,0.0,28.103980192344487,17.0,20.0,0.0,121.0,10.008158165746757,9.0,11.0,1.0,13229.177223443083,10000.0,19000.0,1.0,16.5,17.20820538728203,19.0,1.0,19891.30287708279,10000.0,25000.0,1.0,18.54299244927506,17.0,20.0,1.0,0.0,211.0,1.0,41.0
11.0,22.0,11.0,21.0,-121.0,21.0,12.0,-111.0,10.00430008587671,9.0,11.0,30000.0,10000.0,19000.0,0.0,24.605755025844964,16.5,19.0,0.0,10000.0,36458.17146098891,25000.0,0.0,25.898857557598408,17.0,20.0,0.0,121.0,9.9824085208115,9.0,11.0,1.0,13435.773133213834,10000.0,19000.0,1.0,16.5,17.149092482174737,19.0,1.0,19962.472008087152,10000.0,25000.0,1.0,18.45591607613963,17.0,20.0,1.0,0.0,211.0,1.0,53.0
91.0,24.0,91.0,24.0,-721.0,911.0,12.0,-711.0,15.14314393527352,12.0,17.0,30000.0,18000.0,36000.0,1.0,25.101435291652272,20.0,25.0,0.0,18000.0,33960.13110579767,36000.0,1.0,25.58376616502687,20.0,26.0,1.0,722.0,15.43171735112168,12.0,17.0,1.0,28442.197193055123,18000.0,36000.0,1.0,20.0,23.97918841962863,25.0,1.0,32522.207985388624,18000.0,36000.0,1.0,24.476120242406658,20.0,26.0,1.0,0.0,91121.0,7.0,24.0
11.0,22.0,11.0,22.0,-121.0,11.0,11.0,-111.0,10.004772238590874,9.0,11.0,30000.0,10000.0,19000.0,0.0,25.060069062862453,16.5,19.0,0.0,10000.0,36527.29309368662,25000.0,0.0,26.365696303462613,17.0,20.0,0.0,121.0,9.994499576899814,9.0,11.0,1.0,14567.809290314226,10000.0,19000.0,1.0,16.5,17.4275824305298,19.0,1.0,21101.475067390547,10000.0,25000.0,1.0,18.734484372435674,17.0,20.0,1.0,0.0,111.0,1.0,17.0
11.0,22.0,11.0,22.0,-121.0,11.0,11.0,-111.0,10.19004609238805,9.0,11.0,30000.0,10000.0,19000.0,0.0,24.9724342731038,16.5,19.0,0.0,10000.0,36988.514603316864,25000.0,0.0,26.284587189928455,17.0,20.0,0.0,122.0,10.220239932001345,9.0,11.0,1.0,15812.643920033675,10000.0,19000.0,1.0,16.5,17.714622562295943,19.0,1.0,22906.59581521296,10000.0,25000.0,1.0,19.046572225340988,17.0,20.0,1.0,0.0,111.0,1.0,50.0
11.0,22.0,11.0,22.0,-121.0,11.0,11.0,-111.0,10.22380806176513,9.0,11.0,30000.0,10000.0,19000.0,0.0,25.260229838469066,16.5,19.0,0.0,10000.0,37041.63387262414,25000.0,0.0,26.591926340599816,17.0,20.0,0.0,122.0,10.214176907489316,9.0,11.0,1.0,15382.232284078395,10000.0,19000.0,1.0,16.5,17.650240092120157,19.0,1.0,22390.65466773206,10000.0,25000.0,1.0,18.97565571903181,17.0,20.0,1.0,0.0,111.0,1.0,11.0
11.0,22.0,11.0,22.0,-121.0,21.0,13.0,-111.0,9.97983372952941,9.0,11.0,30000.0,10000.0,19000.0,0.0,27.38239384123244,16.5,19.0,0.0,10000.0,36519.50305792173,25000.0,0.0,28.685699439867946,17.0,20.0,0.0,121.0,10.00101748230828,9.0,11.0,1.0,14688.212699215304,10000.0,19000.0,1.0,16.5,17.48929164083548,19.0,1.0,21163.737840622056,10000.0,25000.0,1.0,18.783805669883385,17.0,20.0,1.0,0.0,211.0,1.0,31.0
92.0,24.0,92.0,24.0,-721.0,921.0,13.0,-711.0,15.044896182291726,12.0,17.0,30000.0,15000.0,28000.0,0.0,24.45431547558219,19.5,25.0,1.0,15000.0,34504.555040423584,28000.0,0.0,25.018324912343807,20.0,26.0,1.0,721.0,15.682249969903307,12.0,17.0,1.0,21789.484568725897,15000.0,28000.0,1.0,19.5,22.497127163420522,25.0,1.0,26303.89388077636,15000.0,28000.0,1.0,23.062370440625887,20.0,26.0,1.0,0.0,92122.0,7.0,22.0
11.0,22.0,11.0,22.0,-121.0,21.0,12.0,-111.0,10.181686992908704,9.0,11.0,30000.0,10000.0,19000.0,0.0,24.860998735445012,16.5,19.0,0.0,10000.0,36934.85792725218,25000.0,0.0,26.171490253099844,17.0,20.0,0.0,122.0,10.176385524653515,9.0,11.0,1.0,16323.000330347522,10000.0,19000.0,1.0,16.5,17.76358194140144,19.0,1.0,23357.606087534594,10000.0,25000.0,1.0,19.092922970669257,17.0,20.0,1.0,0.0,211.0,1.0,25.0
91.0,24.0,91.0,24.0,-721.0,911.0,12.0,-711.0,15.429902081921293,12.0,17.0,30000.0,18000.0,36000.0,1.0,24.68180286898044,20.0,25.0,1.0,18000.0,34428.99345064668,36000.0,1.0,25.234598534602206,20.0,26.0,1.0,721.0,14.977645814973304,12.0,17.0,1.0,26553.527635462327,18000.0,36000.0,1.0,20.0,23.3612543010036,25.0,1.0,30999.729683247147,18000.0,36000.0,1.0,23.916197822117905,20.0,26.0,1.0,1.0,91121.0,7.0,23.0
11.0,22.0,11.0,22.0,-121.0,11.0,11.0,-111.0,9.994079138029496,9.0,11.0,30000.0,10000.0,19000.0,0.0,25.32915800326994,16.5,19.0,0.0,10000.0,36518.57729804113,25000.0,0.0,26.63492507072716,17.0,20.0,0.0,121.0,10.004354458412417,9.0,11.0,1.0,13818.57870806939,10000.0,19000.0,1.0,16.5,17.293870358462954,19.0,1.0,20277.137800921864,10000.0,25000.0,1.0,18.587614895205263,17.0,20.0,1.0,0.0,111.0,1.0,27.0
91.0,24.0,91.0,24.0,-721.0,911.0,12.0,-711.0,15.113584503651646,12.0,17.0,30000.0,18000.0,36000.0,1.0,24.745165563163617,20.0,25.0,1.0,18000.0,34534.97113134422,36000.0,1.0,25.313347850470304,20.0,26.0,1.0,721.0,13.689900303483071,12.0,17.0,1.0,25246.964909784874,18000.0,36000.0,1.0,20.0,21.78035642686534,25.0,1.0,29715.38706247411,18000.0,36000.0,1.0,22.340200854940957,20.0,26.0,1.0,1.0,91121.0,7.0,27.0
11.0,22.0,11.0,22.0,-121.0,11.0,11.0,-111.0,10.20880936989299,9.0,11.0,30000.0,10000.0,19000.0,0.0,23.840187907410822,16.5,19.0,0.0,10000.0,37126.1435291653,25000.0,0.0,25.19381356992054,17.0,20.0,0.0,122.0,10.1893449567521,9.0,11.0,1.0,17548.030961712397,10000.0,19000.0,1.0,16.5,18.060903815649695,19.0,1.0,24448.963745750152,10000.0,25000.0,1.0,19.371750232578698,17.0,20.0,1.0,0.0,111.0,1.0,50.0
11.0,22.0,11.0,22.0,-121.0,11.0,11.0,-111.0,10.195374353857135,9.0,11.0,30000.0,10000.0,19000.0,0.0,23.862082307637962,16.5,19.0,0.0,10000.0,36872.5067264746,25000.0,0.0,25.156223571921096,17.0,20.0,0.0,122.0,10.188914568925101,9.0,11.0,1.0,17932.3327855501,10000.0,19000.0,1.0,16.5,18.101442515101073,19.0,1.0,24851.73324061116,10000.0,25000.0,1.0,19.404414197689373,17.0,20.0,1.0,0.0,111.0,1.0,17.0
11.0,22.0,11.0,22.0,-121.0,21.0,13.0,-111.0,10.008961925763908,9.0,11.0,30000.0,10000.0,19000.0,0.0,25.844913033984675,16.5,19.0,0.0,10000.0,36467.9748647264,25000.0,0.0,27.13402532362807,17.0,20.0,0.0,121.0,9.995043710834874,9.0,11.0,1.0,15815.416078436961,10000.0,19000.0,1.0,16.5,17.684288861819663,19.0,1.0,22276.38367268371,10000.0,25000.0,1.0,18.9720045538137,17.0,20.0,1.0,0.0,211.0,1.0,47.0
11.0,21.0,11.0,21.0,-121.0,21.0,12.0,-111.0,10.203096587416985,9.0,11.0,30000.0,10000.0,19000.0,0.0,25.08273644925901,16.5,19.0,0.0,10000.0,37022.90263391647,25000.0,0.0,26.40890726912044,17.0,20.0,0.0,122.0,10.186773749475906,9.0,11.0,1.0,13664.473532275353,10000.0,19000.0,1.0,16.5,17.257874468538617,19.0,1.0,20885.672267685408,10000.0,25000.0,1.0,18.621490560989056,17.0,20.0,1.0,0.0,211.0,1.0,6.0
91.0,21.0,91.0,24.0,-721.0,911.0,12.0,-711.0,15.588760611081796,12.0,17.0,30000.0,18000.0,36000.0,1.0,24.915964570173994,20.0,25.0,1.0,18000.0,34523.40546529176,36000.0,1.0,25.47836267604392,20.0,26.0,1.0,721.0,15.630248870315706,12.0,17.0,1.0,30997.653742469913,18000.0,36000.0,1.0,20.0,24.520000819678998,25.0,1.0,35408.90390597722,18000.0,36000.0,1.0,25.06845457990694,20.0,26.0,1.0,1.0,91121.0,7.0,19.0
11.0,22.0,11.0,22.0,-121.0,11.0,11.0,-111.0,9.991194163332896,9.0,11.0,30000.0,10000.0,19000.0,0.0,24.960361234868714,16.5,19.0,0.0,10000.0,36532.64309177909,25000.0,0.0,26.26579795130835,17.0,20.0,0.0,121.0,10.000996179189748,9.0,11.0,1.0,13840.679991980702,10000.0,19000.0,1.0,16.5,17.30988251134813,19.0,1.0,20321.77814919075,10000.0,25000.0,1.0,18.605018856377978,17.0,20.0,1.0,0.0,111.0,1.0,27.0
11.0,21.0,11.0,21.0,-121.0,11.0,11.0,-111.0,9.994162163707186,9.0,11.0,30000.0,10000.0,19000.0,0.0,25.20005829698798,16.5,19.0,0.0,10000.0,36523.501375597974,25000.0,0.0,26.50325510530993,17.0,20.0,0.0,121.0,9.997515294084529,9.0,11.0,1.0,12671.149475319233,10000.0,19000.0,1.0,16.5,17.009454329264106,19.0,1.0,19138.034453801247,10000.0,25000.0,1.0,18.30134090650429,17.0,20.0,1.0,0.0,111.0,1.0,56.0
91.0,24.0,91.0,24.0,-721.0,911.0,11.0,-711.0,16.068654337767576,12.0,17.0,30000.0,18000.0,36000.0,1.0,25.144538217010762,20.0,25.0,0.0,18000.0,34557.32325515339,36000.0,1.0,25.714160765420665,20.0,26.0,1.0,721.0,15.145941064872613,12.0,17.0,1.0,25474.50384565183,18000.0,36000.0,1.0,20.0,23.357803803633892,25.0,1.0,30013.615623203965,18000.0,36000.0,1.0,23.925150088610035,20.0,26.0,1.0,0.0,91121.0,7.0,9.0
11.0,21.0,11.0,22.0,-121.0,11.0,12.0,-111.0,10.012098610071815,9.0,11.0,30000.0,10000.0,19000.0,0.0,26.63408768393746,16.5,19.0,0.0,10000.0,36474.73627872126,25000.0,0.0,27.929159890535253,17.0,20.0,0.0,121.0,9.992743549808427,9.0,11.0,1.0,14845.70333128455,10000.0,19000.0,1.0,16.5,17.518282192502646,19.0,1.0,21299.199366875,10000.0,25000.0,1.0,18.8091059405755,17.0,20.0,1.0,0.0,111.0,1.0,7.0
81.0,23.0,81.0,23.0,-721.0,912.0,11.0,-711.0,13.942812871139711,12.0,17.0,30000.0,12500.0,23000.0,0.0,25.1665941975086,20.0,24.0,0.0,12500.0,34452.42167435885,26000.0,0.0,25.725802271298324,20.0,25.0,0.0,721.0,15.718031788253743,12.0,17.0,1.0,18461.26283177953,12500.0,23000.0,1.0,20.0,22.590400952907213,24.0,1.0,22980.37743067634,12500.0,26000.0,1.0,23.157985417028755,20.0,25.0,1.0,0.0,912.0,7.0,17.0
11.0,22.0,11.0,22.0,-121.0,11.0,12.0,-111.0,10.216547829330542,9.0,11.0,30000.0,10000.0,19000.0,0.0,23.93864873197178,16.5,19.0,0.0,10000.0,37019.806435376166,25000.0,0.0,25.26664720878519,17.0,20.0,0.0,122.0,10.200102917450787,9.0,11.0,1.0,14477.985473786286,10000.0,19000.0,1.0,16.5,17.48407590179461,19.0,1.0,21577.670897310472,10000.0,25000.0,1.0,18.82718578881093,17.0,20.0,1.0,0.0,111.0,1.0,49.0
91.0,24.0,91.0,21.0,-721.0,911.0,11.0,-711.0,15.232703067978388,12.0,17.0,30000.0,18000.0,36000.0,1.0,24.418912119615836,20.0,25.0,1.0,18000.0,33970.115529895236,36000.0,1.0,24.905020232010617,20.0,26.0,1.0,722.0,15.438505537812773,12.0,17.0,1.0,21227.70953601312,18000.0,36000.0,1.0,20.0,22.98310601250852,25.0,1.0,25252.20207444297,18000.0,36000.0,1.0,23.4758721439905,20.0,26.0,1.0,1.0,91121.0,7.0,2.0
11.0,21.0,11.0,22.0,-121.0,21.0,13.0,-111.0,10.20628293270711,9.0,11.0,30000.0,10000.0,19000.0,0.0,25.78033841758029,16.5,19.0,0.0,10000.0,37009.88284194091,25000.0,0.0,27.103693288206564,17.0,20.0,0.0,122.0,10.194926806505357,9.0,11.0,1.0,13875.355487431447,10000.0,19000.0,1.0,16.5,17.382129060618485,19.0,1.0,20823.303737424038,10000.0,25000.0,1.0,18.693791661093726,17.0,20.0,1.0,0.0,211.0,1.0,9.0
91.0,24.0,91.0,24.0,-721.0,911.0,12.0,-711.0,14.54447731977741,12.0,17.0,30000.0,18000.0,36000.0,1.0,24.151203354312678,20.0,25.0,1.0,18000.0,34548.28058152358,36000.0,1.0,24.718899306957397,20.0,26.0,1.0,721.0,15.11842370979843,12.0,17.0,1.0,28116.78867052799,18000.0,36000.0,1.0,20.0,23.607494381988467,25.0,1.0,32584.028403014017,18000.0,36000.0,1.0,24.16507517986802,20.0,26.0,1.0,1.0,91121.0,7.0,32.0
11.0,21.0,11.0,21.0,-121.0,11.0,11.0,-111.0,10.005812308456951,9.0,11.0,30000.0,10000.0,19000.0,0.0,25.419241739250133,16.5,19.0,0.0,10000.0,36487.59526555357,25000.0,0.0,26.710833166813607,17.0,20.0,0.0,121.0,9.990961695837933,9.0,11.0,1.0,14670.455981892552,10000.0,19000.0,1.0,16.5,17.375744214339697,19.0,1.0,21167.345974845077,10000.0,25000.0,1.0,18.669186094919834,17.0,20.0,1.0,0.0,111.0,1.0,56.0
11.0,22.0,11.0,22.0,-121.0,11.0,11.0,-111.0,10.202095526340438,9.0,11.0,30000.0,10000.0,19000.0,0.0,24.354325848115867,16.5,19.0,0.0,10000.0,36979.96298455176,25000.0,0.0,25.672982821069557,17.0,20.0,0.0,122.0,10.18354969534419,9.0,11.0,1.0,14640.680589795185,10000.0,19000.0,1.0,16.5,17.502267120721676,19.0,1.0,21711.213467270136,10000.0,25000.0,1.0,18.838034588545774,17.0,20.0,1.0,0.0,111.0,1.0,57.0
91.0,24.0,91.0,24.0,-721.0,911.0,11.0,-711.0,14.23368173272605,12.0,17.0,30000.0,18000.0,36000.0,1.0,23.431041536721846,20.0,25.0,1.0,18000.0,34501.71312646063,36000.0,1.0,23.996181184041347,20.0,26.0,1.0,721.0,15.244916393140574,12.0,17.0,1.0,25455.258339522086,18000.0,36000.0,1.0,20.0,23.31413014303016,25.0,1.0,29894.573322038006,18000.0,36000.0,1.0,23.871436402465605,20.0,26.0,1.0,1.0,91121.0,7.0,0.0
91.0,24.0,91.0,21.0,-721.0,911.0,11.0,-711.0,15.253378600399072,12.0,17.0,30000.0,18000.0,36000.0,1.0,25.762464317982364,20.0,25.0,0.0,18000.0,33965.15352564435,36000.0,1.0,26.247024030221496,20.0,26.0,0.0,722.0,15.073270090940145,12.0,17.0,1.0,24675.350054068833,18000.0,36000.0,1.0,20.0,23.022920396349956,25.0,1.0,28746.354532844154,18000.0,36000.0,1.0,23.5204155742798,20.0,26.0,1.0,0.0,91121.0,7.0,3.0
11.0,22.0,11.0,21.0,-121.0,11.0,12.0,-111.0,10.208430198068662,9.0,11.0,30000.0,10000.0,19000.0,0.0,24.41272812382674,16.5,19.0,0.0,10000.0,37112.95747721786,25000.0,0.0,25.75558351532125,17.0,20.0,0.0,122.0,10.247386042087788,9.0,11.0,1.0,13391.603191413662,10000.0,19000.0,1.0,16.5,17.231766153674155,19.0,1.0,20385.813064322796,10000.0,25000.0,1.0,18.552203182457546,17.0,20.0,1.0,0.0,111.0,1.0,46.0
11.0,22.0,11.0,21.0,-121.0,21.0,13.0,-111.0,9.990822415482361,9.0,11.0,30000.0,10000.0,19000.0,0.0,25.489377501537724,16.5,19.0,0.0,10000.0,36497.65988562464,25000.0,0.0,26.78686100627562,17.0,20.0,0.0,121.0,10.003841388251914,9.0,11.0,1.0,13228.450126581443,10000.0,19000.0,1.0,16.5,17.096556326903073,19.0,1.0,19716.101172336443,10000.0,25000.0,1.0,18.39204121908491,17.0,20.0,1.0,0.0,211.0,1.0,20.0
11.0,21.0,11.0,22.0,-121.0,11.0,11.0,-111.0,10.210813551459903,9.0,11.0,30000.0,10000.0,19000.0,0.0,25.17644179231133,16.5,19.0,0.0,10000.0,36889.08211684542,25000.0,0.0,26.470642892031467,17.0,20.0,0.0,122.0,10.233310162904278,9.0,11.0,1.0,16089.151029755463,10000.0,19000.0,1.0,16.5,17.766808907945116,19.0,1.0,23144.83983804379,10000.0,25000.0,1.0,19.092309179257196,17.0,20.0,1.0,0.0,111.0,1.0,35.0
11.0,22.0,11.0,21.0,-121.0,11.0,11.0,-111.0,9.991477335316626,9.0,11.0,30000.0,10000.0,19000.0,0.0,25.400434574939133,16.5,19.0,0.0,10000.0,36410.63819286921,25000.0,0.0,26.680901235334712,17.0,20.0,0.0,121.0,10.010166596206862,9.0,11.0,1.0,15170.220752647618,10000.0,19000.0,1.0,16.5,17.50110396758614,19.0,1.0,21683.749237737877,10000.0,25000.0,1.0,18.802122027842962,17.0,20.0,1.0,0.0,111.0,1.0,26.0
11.0,22.0,11.0,22.0,-121.0,11.0,11.0,-111.0,10.006713167192606,9.0,11.0,30000.0,10000.0,19000.0,0.0,25.922845344646277,16.5,19.0,0.0,10000.0,36502.274920288495,25000.0,0.0,27.22612246851819,17.0,20.0,0.0,121.0,10.006956435354834,9.0,11.0,1.0,15160.073246453101,10000.0,19000.0,1.0,16.5,17.59065111371889,19.0,1.0,21722.16569450139,10000.0,25000.0,1.0,18.905917705352724,17.0,20.0,1.0,0.0,111.0,1.0,38.0
11.0,22.0,11.0,22.0,-121.0,21.0,13.0,-111.0,10.194780985375372,9.0,11.0,30000.0,10000.0,19000.0,0.0,25.73826093421008,16.5,19.0,0.0,10000.0,37090.93040038564,25000.0,0.0,27.075276126738554,17.0,20.0,0.0,122.0,10.19758492306189,9.0,11.0,1.0,15228.790636335025,10000.0,19000.0,1.0,16.5,17.5501816405177,19.0,1.0,22188.13544329351,10000.0,25000.0,1.0,18.86238599334023,17.0,20.0,1.0,0.0,211.0,1.0,22.0
81.0,23.0,81.0,23.0,-721.0,912.0,11.0,-711.0,14.776596048707654,12.0,17.0,30000.0,12500.0,23000.0,0.0,26.748789576267942,20.0,24.0,0.0,12500.0,34530.72272410161,26000.0,0.0,27.316715043154623,20.0,25.0,0.0,721.0,15.291848290692787,12.0,17.0,1.0,19292.41900952394,12500.0,23000.0,1.0,20.0,22.28352372017304,24.0,1.0,23799.818970835142,12500.0,26000.0,1.0,22.848525681969384,20.0,25.0,1.0,0.0,912.0,7.0,17.0
11.0,21.0,11.0,22.0,-121.0,21.0,13.0,-111.0,10.013605499340173,9.0,11.0,30000.0,10000.0,19000.0,0.0,26.657514407477848,16.5,19.0,0.0,10000.0,36524.20016916874,25000.0,0.0,27.959694582839397,17.0,20.0,0.0,121.0,10.01826844999956,9.0,11.0,1.0,13743.615050103515,10000.0,19000.0,1.0,16.5,17.32859963861932,19.0,1.0,20222.954506354443,10000.0,25000.0,1.0,18.621825960711586,17.0,20.0,1.0,0.0,211.0,1.0,24.0
11.0,22.0,11.0,22.0,-121.0,11.0,11.0,-111.0,9.978564731325362,9.0,11.0,30000.0,10000.0,19000.0,0.0,25.09010478499909,16.5,19.0,0.0,10000.0,36479.41409937375,25000.0,0.0,26.387990813191156,17.0,20.0,0.0,121.0,9.999536911829008,9.0,11.0,1.0,14649.65375304279,10000.0,19000.0,1.0,16.5,17.499808812391677,19.0,1.0,21148.153460025766,10000.0,25000.0,1.0,18.80151786270822,17.0,20.0,1.0,0.0,111.0,1.0,30.0
11.0,21.0,11.0,22.0,-121.0,21.0,13.0,-111.0,10.001142327406683,9.0,11.0,30000.0,10000.0,19000.0,0.0,26.04173222478871,16.5,19.0,0.0,10000.0,36522.856872148775,25000.0,0.0,27.346650730856688,17.0,20.0,0.0,121.0,10.008019907873608,9.0,11.0,1.0,14368.072073249039,10000.0,19000.0,1.0,16.5,17.429813047074497,19.0,1.0,20921.858237431854,10000.0,25000.0,1.0,18.740919057536004,17.0,20.0,1.0,0.0,211.0,1.0,24.0
91.0,24.0,91.0,24.0,-721.0,911.0,12.0,-711.0,15.395454527985468,12.0,17.0,30000.0,18000.0,36000.0,1.0,24.258371734836526,20.0,25.0,1.0,18000.0,34027.663765372075,36000.0,1.0,24.7501057965759,20.0,26.0,1.0,722.0,15.172860380036564,12.0,17.0,1.0,28030.251819896028,18000.0,36000.0,1.0,20.0,23.57281449859628,25.0,1.0,32096.218619573665,18000.0,36000.0,1.0,24.069224945389927,20.0,26.0,1.0,1.0,91121.0,7.0,1.0
11.0,22.0,11.0,21.0,-121.0,11.0,11.0,-111.0,10.204335205945904,9.0,11.0,30000.0,10000.0,19000.0,0.0,22.987971425478023,16.5,19.0,0.0,10000.0,36936.8103983622,25000.0,0.0,24.294546193073515,17.0,20.0,0.0,122.0,10.169597199281023,9.0,11.0,1.0,14294.863182732874,10000.0,19000.0,1.0,16.5,17.30776747435962,19.0,1.0,21407.490677751844,10000.0,25000.0,1.0,18.64745806450345,17.0,20.0,1.0,0.0,111.0,1.0,12.0
11.0,22.0,11.0,22.0,-121.0,21.0,12.0,-111.0,10.003069713363619,9.0,11.0,30000.0,10000.0,19000.0,0.0,24.286673223775566,16.5,19.0,0.0,10000.0,36440.25215336408,25000.0,0.0,25.571291500263357,17.0,20.0,0.0,121.0,10.005260768880113,9.0,11.0,1.0,17910.24001070913,10000.0,19000.0,1.0,16.5,18.129081641756265,19.0,1.0,24369.642090614496,10000.0,25000.0,1.0,19.417519698128835,17.0,20.0,1.0,0.0,211.0,1.0,48.0
11.0,22.0,11.0,22.0,-121.0,21.0,13.0,-111.0,9.991589259351214,9.0,11.0,30000.0,10000.0,19000.0,0.0,27.397871818656526,16.5,19.0,0.0,10000.0,36491.21967987986,25000.0,0.0,28.69749959034931,17.0,20.0,0.0,121.0,10.009065395051943,9.0,11.0,1.0,13538.335181169412,10000.0,19000.0,1.0,16.5,17.227362148612116,19.0,1.0,20099.763946097486,10000.0,25000.0,1.0,18.541046704892953,17.0,20.0,1.0,0.0,211.0,1.0,16.0
11.0,22.0,11.0,22.0,-121.0,21.0,13.0,-111.0,9.989421840431557,9.0,11.0,30000.0,10000.0,19000.0,0.0,27.00356614875187,16.5,19.0,0.0,10000.0,36443.00382788287,25000.0,0.0,28.293966094410614,17.0,20.0,0.0,121.0,10.03177796467649,9.0,11.0,1.0,15132.753619288947,10000.0,19000.0,1.0,16.5,17.597041432524605,19.0,1.0,21755.643209905513,10000.0,25000.0,1.0,18.923468763027017,17.0,20.0,1.0,0.0,211.0,1.0,5.0
91.0,24.0,91.0,24.0,-721.0,911.0,12.0,-711.0,15.10863155455996,12.0,17.0,30000.0,18000.0,36000.0,1.0,24.39888437908664,20.0,25.0,1.0,18000.0,33917.73901551257,36000.0,1.0,24.876198756016883,20.0,26.0,1.0,722.0,15.177400882507905,12.0,17.0,1.0,26425.83338726013,18000.0,36000.0,1.0,20.0,23.401391218908586,25.0,1.0,30458.00532778626,18000.0,36000.0,1.0,23.892647433232,20.0,26.0,1.0,1.0,91121.0,7.0,24.0
11.0,22.0,11.0,22.0,-121.0,21.0,13.0,-111.0,10.195846269445111,9.0,11.0,30000.0,10000.0,19000.0,0.0,25.46202861344987,16.5,19.0,0.0,10000.0,37022.57353034652,25000.0,0.0,26.786824073806475,17.0,20.0,0.0,122.0,10.191197757443689,9.0,11.0,1.0,13666.540747101677,10000.0,19000.0,1.0,16.5,17.268482643514396,19.0,1.0,20655.73153001182,10000.0,25000.0,1.0,18.586980510536186,17.0,20.0,1.0,0.0,211.0,1.0,21.0
81.0,23.0,81.0,23.0,-721.0,912.0,12.0,-711.0,15.276261396709412,12.0,17.0,30000.0,12500.0,23000.0,0.0,27.470919073232096,20.0,24.0,0.0,12500.0,34002.02857638412,26000.0,0.0,27.96183655387504,20.0,25.0,0.0,722.0,15.290002565097701,12.0,17.0,1.0,18031.515119427026,12500.0,23000.0,1.0,20.0,22.129072647557912,24.0,1.0,22022.073080933307,12500.0,26000.0,1.0,22.618583060447648,20.0,25.0,1.0,0.0,912.0,7.0,5.0
11.0,22.0,11.0,21.0,-121.0,11.0,12.0,-111.0,9.998392092621012,9.0,11.0,30000.0,10000.0,19000.0,0.0,25.283788190680085,16.5,19.0,0.0,10000.0,36643.17862008658,25000.0,0.0,26.60903568588876,17.0,20.0,0.0,121.0,9.994614809923009,9.0,11.0,1.0,14807.598073786268,10000.0,19000.0,1.0,16.5,17.416891110711045,19.0,1.0,21249.83199562617,10000.0,25000.0,1.0,18.70205215434943,17.0,20.0,1.0,0.0,111.0,1.0,45.0
11.0,22.0,11.0,21.0,-121.0,11.0,11.0,-111.0,10.196699129084095,9.0,11.0,30000.0,10000.0,19000.0,0.0,25.796931158592276,16.5,19.0,0.0,10000.0,37205.42464038773,25000.0,0.0,27.152436500851287,17.0,20.0,0.0,122.0,10.213288623892359,9.0,11.0,1.0,14558.016189012316,10000.0,19000.0,1.0,16.5,17.469946862433403,19.0,1.0,21586.602834495887,10000.0,25000.0,1.0,18.79218492916456,17.0,20.0,1.0,0.0,111.0,1.0,1.0
11.0,21.0,11.0,21.0,-121.0,21.0,12.0,-111.0,9.99454547564706,9.0,11.0,30000.0,10000.0,19000.0,0.0,25.594166493935106,16.5,19.0,0.0,10000.0,36446.901841413375,25000.0,0.0,26.88171449408218,17.0,20.0,0.0,121.0,10.004505257589297,9.0,11.0,1.0,13597.895219169299,10000.0,19000.0,1.0,16.5,17.167233440340972,19.0,1.0,20054.469081316154,10000.0,25000.0,1.0,18.45671309560846,17.0,20.0,1.0,0.0,211.0,1.0,6.0
11.0,22.0,11.0,22.0,-121.0,21.0,13.0,-111.0,10.209006573364789,9.0,11.0,30000.0,10000.0,19000.0,0.0,24.908156444449666,16.5,19.0,0.0,10000.0,36976.558865334155,25000.0,0.0,26.223380566573812,17.0,20.0,0.0,122.0,10.205572254394529,9.0,11.0,1.0,13613.692853825056,10000.0,19000.0,1.0,16.5,17.307660781843627,19.0,1.0,20546.70294259533,10000.0,25000.0,1.0,18.614675068355204,17.0,20.0,1.0,0.0,211.0,1.0,41.0
11.0,22.0,11.0,22.0,-121.0,21.0,13.0,-111.0,10.006725168185998,9.0,11.0,30000.0,10000.0,19000.0,0.0,27.717097143013827,16.5,19.0,0.0,10000.0,36483.591471117405,25000.0,0.0,29.01209190608186,17.0,20.0,0.0,121.0,9.986147412234194,9.0,11.0,1.0,13717.455675081368,10000.0,19000.0,1.0,16.5,17.224923537639718,19.0,1.0,20226.278754746778,10000.0,25000.0,1.0,18.5249579151065,17.0,20.0,1.0,0.0,211.0,1.0,47.0
11.0,22.0,11.0,22.0,-121.0,21.0,12.0,-111.0,10.213445729620128,9.0,11.0,30000.0,10000.0,19000.0,0.0,23.889531638904895,16.5,19.0,0.0,10000.0,37099.91700389906,25000.0,0.0,25.23124850004485,17.0,20.0,0.0,122.0,10.193254957118842,9.0,11.0,1.0,15715.781603494404,10000.0,19000.0,1.0,16.5,17.73203995870514,19.0,1.0,22785.696953325107,10000.0,25000.0,1.0,19.068087214819638,17.0,20.0,1.0,0.0,211.0,1.0,23.0
11.0,22.0,11.0,22.0,-121.0,21.0,13.0,-111.0,10.189554685478686,9.0,11.0,30000.0,10000.0,19000.0,0.0,24.91011626957871,16.5,19.0,0.0,10000.0,36999.730512097376,25000.0,0.0,26.231214914694895,17.0,20.0,0.0,122.0,10.176640592473897,9.0,11.0,1.0,14287.40128691181,10000.0,19000.0,1.0,16.5,17.41434281153371,19.0,1.0,21240.86501368523,10000.0,25000.0,1.0,18.726709265131987,17.0,20.0,1.0,0.0,211.0,1.0,41.0
11.0,22.0,11.0,22.0,-121.0,11.0,11.0,-111.0,10.217178888750313,9.0,11.0,30000.0,10000.0,19000.0,0.0,23.660635204571605,16.5,19.0,0.0,10000.0,37136.40312123243,25000.0,0.0,25.008709817834053,17.0,20.0,0.0,122.0,10.19204925038058,9.0,11.0,1.0,15885.094430126172,10000.0,19000.0,1.0,16.5,17.733203379528412,19.0,1.0,22797.808139591598,10000.0,25000.0,1.0,19.03902281015389,17.0,20.0,1.0,0.0,111.0,1.0,17.0
11.0,22.0,11.0,22.0,-121.0,11.0,11.0,-111.0,10.182853355849312,9.0,11.0,30000.0,10000.0,19000.0,0.0,23.98496618120314,16.5,19.0,0.0,10000.0,37052.18289597771,25000.0,0.0,25.314854292700524,17.0,20.0,0.0,122.0,10.223366576390761,9.0,11.0,1.0,14255.590988461432,10000.0,19000.0,1.0,16.5,17.41410366509744,19.0,1.0,21269.96513238998,10000.0,25000.0,1.0,18.736861869358666,17.0,20.0,1.0,0.0,111.0,1.0,44.0
11.0,22.0,11.0,22.0,-121.0,11.0,11.0,-111.0,10.175781237148348,9.0,11.0,30000.0,10000.0,19000.0,0.0,24.28966069325554,16.5,19.0,0.0,10000.0,37032.31396994341,25000.0,0.0,25.620784647428604,17.0,20.0,0.0,122.0,10.189925812600881,9.0,11.0,1.0,14865.010431223109,10000.0,19000.0,1.0,16.5,17.54779063766608,19.0,1.0,21748.215761464548,10000.0,25000.0,1.0,18.85069029995886,17.0,20.0,1.0,0.0,111.0,1.0,17.0
91.0,24.0,91.0,21.0,-721.0,911.0,11.0,-711.0,15.432908233658408,12.0,17.0,30000.0,18000.0,36000.0,1.0,24.380037074868874,20.0,25.0,1.0,18000.0,33973.82750659756,36000.0,1.0,24.863655619725797,20.0,26.0,1.0,722.0,15.25889518405445,12.0,17.0,1.0,21725.850125107547,18000.0,36000.0,1.0,20.0,22.81775727025673,25.0,1.0,25704.51522937678,18000.0,36000.0,1.0,23.30196455529996,20.0,26.0,1.0,1.0,91121.0,7.0,21.0
11.0,21.0,11.0,21.0,-121.0,11.0,11.0,-111.0,10.01701862579873,9.0,11.0,30000.0,10000.0,19000.0,0.0,25.241912029656937,16.5,19.0,0.0,10000.0,36535.02237452347,25000.0,0.0,26.537544183514633,17.0,20.0,0.0,121.0,9.995581291942669,9.0,11.0,1.0,16143.519389507861,10000.0,19000.0,1.0,16.5,17.656842658159697,19.0,1.0,22752.30999420264,10000.0,25000.0,1.0,18.967100085729648,17.0,20.0,1.0,0.0,111.0,1.0,18.0
91.0,24.0,91.0,21.0,-721.0,911.0,11.0,-711.0,14.508690513168673,12.0,17.0,30000.0,18000.0,36000.0,1.0,23.65044635472425,20.0,25.0,1.0,18000.0,34425.33003190585,36000.0,1.0,24.201903666874195,20.0,26.0,1.0,721.0,14.98374056108448,12.0,17.0,1.0,19210.98814353244,18000.0,36000.0,1.0,20.0,22.322016852670714,25.0,1.0,23764.972363615638,18000.0,36000.0,1.0,22.88950625560205,20.0,26.0,1.0,1.0,91121.0,7.0,3.0
11.0,21.0,11.0,22.0,-121.0,11.0,11.0,-111.0,10.169332340950827,9.0,11.0,30000.0,10000.0,19000.0,0.0,25.986275335647022,16.5,19.0,0.0,10000.0,37063.495361513626,25000.0,0.0,27.318220311338997,17.0,20.0,0.0,122.0,10.164089852310378,9.0,11.0,1.0,16167.737452297686,10000.0,19000.0,1.0,16.5,17.730850269732848,19.0,1.0,23227.42605921025,10000.0,25000.0,1.0,19.06207741559624,17.0,20.0,1.0,0.0,111.0,1.0,35.0
91.0,21.0,91.0,24.0,-721.0,911.0,12.0,-711.0,14.918584093839636,12.0,17.0,30000.0,18000.0,36000.0,1.0,25.09994654527251,20.0,25.0,0.0,18000.0,34388.09852184438,36000.0,1.0,25.647049863280603,20.0,26.0,1.0,721.0,14.67423955469116,12.0,17.0,1.0,26357.19322242046,18000.0,36000.0,1.0,20.0,22.960505448961428,25.0,1.0,30879.49396289311,18000.0,36000.0,1.0,23.524340952614413,20.0,26.0,1.0,0.0,91121.0,7.0,19.0
11.0,21.0,11.0,22.0,-121.0,21.0,13.0,-111.0,10.198716386059973,9.0,11.0,30000.0,10000.0,19000.0,0.0,26.97008275156106,16.5,19.0,0.0,10000.0,37087.59539158583,25000.0,0.0,28.31152008025538,17.0,20.0,0.0,122.0,10.184044585771227,9.0,11.0,1.0,15773.311073232986,10000.0,19000.0,1.0,16.5,17.698498733642634,19.0,1.0,22790.71754029519,10000.0,25000.0,1.0,19.02665172001563,17.0,20.0,1.0,0.0,211.0,1.0,59.0
91.0,24.0,91.0,24.0,-721.0,911.0,11.0,-711.0,14.68090906537844,12.0,17.0,30000.0,18000.0,36000.0,1.0,24.488697859091467,20.0,25.0,1.0,18000.0,34478.74775773211,36000.0,1.0,25.049289291154405,20.0,26.0,1.0,721.0,15.341190785047157,12.0,17.0,1.0,23158.16786288673,18000.0,36000.0,1.0,20.0,23.234487364425753,25.0,1.0,27657.697822687867,18000.0,36000.0,1.0,23.797680042428293,20.0,26.0,1.0,1.0,91121.0,7.0,28.0
91.0,24.0,91.0,24.0,-721.0,911.0,12.0,-711.0,15.094895928606974,12.0,17.0,30000.0,18000.0,36000.0,1.0,24.761049977037413,20.0,25.0,1.0,18000.0,34063.40717617502,36000.0,1.0,25.256538157606407,20.0,26.0,1.0,722.0,15.177430144532222,12.0,17.0,1.0,29097.128812582196,18000.0,36000.0,1.0,20.0,23.69465256101111,25.0,1.0,33167.50640589971,18000.0,36000.0,1.0,24.190990707915745,20.0,26.0,1.0,1.0,91121.0,7.0,32.0
11.0,22.0,11.0,21.0,-121.0,21.0,13.0,-111.0,10.002572262654567,9.0,11.0,30000.0,10000.0,19000.0,0.0,25.703816858124842,16.5,19.0,0.0,10000.0,36512.25588122983,25000.0,0.0,27.0048507265975,17.0,20.0,0.0,121.0,10.005698317717007,9.0,11.0,1.0,10870.778752371878,10000.0,19000.0,1.0,16.5,16.639353067763274,19.0,1.0,17420.455495835668,10000.0,25000.0,1.0,17.947862964518873,17.0,20.0,1.0,0.0,211.0,1.0,20.0
11.0,22.0,11.0,21.0,-121.0,11.0,12.0,-111.0,10.003281049937568,9.0,11.0,30000.0,10000.0,19000.0,0.0,24.695177591554497,16.5,19.0,0.0,10000.0,36448.24792630822,25000.0,0.0,25.99113138520383,17.0,20.0,0.0,121.0,9.97828685121961,9.0,11.0,1.0,15577.52498518451,10000.0,19000.0,1.0,16.5,17.612894835909746,19.0,1.0,22049.63864507165,10000.0,25000.0,1.0,18.913645108900955,17.0,20.0,1.0,0.0,111.0,1.0,45.0
91.0,24.0,91.0,24.0,-721.0,911.0,12.0,-711.0,13.873856966163494,12.0,17.0,30000.0,18000.0,36000.0,1.0,23.36998877118103,20.0,25.0,1.0,18000.0,34546.475525035494,36000.0,1.0,23.93895347088631,20.0,26.0,1.0,721.0,15.444108425559717,12.0,17.0,1.0,27958.798624716186,18000.0,36000.0,1.0,20.0,23.934665694659195,25.0,1.0,32462.474656859267,18000.0,36000.0,1.0,24.4982742892921,20.0,26.0,1.0,1.0,91121.0,7.0,8.0
92.0,24.0,92.0,24.0,-721.0,921.0,13.0,-711.0,15.365192596719195,12.0,17.0,30000.0,15000.0,28000.0,0.0,24.398406660141475,19.5,25.0,1.0,15000.0,33999.88294451504,28000.0,0.0,24.88621016389103,20.0,26.0,1.0,722.0,15.335351508666747,12.0,17.0,1.0,21072.470752739704,15000.0,28000.0,1.0,19.5,21.86076271931848,25.0,1.0,25093.25914465175,15000.0,28000.0,1.0,22.35111573529856,20.0,26.0,1.0,0.0,92122.0,7.0,22.0
11.0,22.0,11.0,21.0,-121.0,11.0,11.0,-111.0,10.217603224964048,9.0,11.0,30000.0,10000.0,19000.0,0.0,24.311707217212827,16.5,19.0,0.0,10000.0,37059.81665006126,25000.0,0.0,25.639421417137193,17.0,20.0,0.0,122.0,10.181853702430988,9.0,11.0,1.0,13707.25102361102,10000.0,19000.0,1.0,16.5,17.262750441832317,19.0,1.0,20627.161698174208,10000.0,25000.0,1.0,18.564153030629864,17.0,20.0,1.0,0.0,111.0,1.0,54.0
11.0,21.0,11.0,21.0,-121.0,11.0,11.0,-111.0,10.206364379765407,9.0,11.0,30000.0,10000.0,19000.0,0.0,25.006537258489665,16.5,19.0,0.0,10000.0,37055.06566241154,25000.0,0.0,26.33457238848941,17.0,20.0,0.0,122.0,10.199645908044069,9.0,11.0,1.0,14461.25427351842,10000.0,19000.0,1.0,16.5,17.43141774041012,19.0,1.0,21271.230838721298,10000.0,25000.0,1.0,18.713317661093924,17.0,20.0,1.0,0.0,111.0,1.0,56.0
91.0,24.0,91.0,24.0,-721.0,911.0,11.0,-711.0,15.262665729452316,12.0,17.0,30000.0,18000.0,36000.0,1.0,25.095048031831162,20.0,25.0,0.0,18000.0,34475.08128479192,36000.0,1.0,25.653765352024056,20.0,26.0,1.0,721.0,15.028426829716105,12.0,17.0,1.0,28591.823946798715,18000.0,36000.0,1.0,20.0,23.58404745294758,25.0,1.0,33062.55508203483,18000.0,36000.0,1.0,24.14222165364217,20.0,26.0,1.0,0.0,91121.0,7.0,0.0
11.0,21.0,11.0,22.0,-121.0,21.0,12.0,-111.0,10.015631825270031,9.0,11.0,30000.0,10000.0,19000.0,0.0,25.62559660122931,16.5,19.0,0.0,10000.0,36441.63112215554,25000.0,0.0,26.91743517895769,17.0,20.0,0.0,121.0,10.004854095648348,9.0,11.0,1.0,16159.352725975872,10000.0,19000.0,1.0,16.5,17.750700426546565,19.0,1.0,22613.957741239392,10000.0,25000.0,1.0,19.04514085702037,17.0,20.0,1.0,0.0,211.0,1.0,37.0
91.0,24.0,91.0,24.0,-721.0,911.0,11.0,-711.0,15.061938267669348,12.0,17.0,30000.0,18000.0,36000.0,1.0,24.226236500999835,20.0,25.0,1.0,18000.0,33900.66945737142,36000.0,1.0,24.70196790721893,20.0,26.0,1.0,722.0,15.148000116070708,12.0,17.0,1.0,27116.729201400773,18000.0,36000.0,1.0,20.0,23.472172067151508,25.0,1.0,31005.68478703689,18000.0,36000.0,1.0,23.946474832278653,20.0,26.0,1.0,1.0,91121.0,7.0,9.0
92.0,24.0,92.0,24.0,-721.0,921.0,13.0,-711.0,15.325724359430394,12.0,17.0,30000.0,15000.0,28000.0,0.0,24.57168793937845,19.5,25.0,1.0,15000.0,34042.12354509615,28000.0,0.0,25.064548707321855,20.0,26.0,1.0,722.0,15.197334667794548,12.0,17.0,1.0,18872.684677143436,15000.0,28000.0,1.0,19.5,21.538516383582063,25.0,1.0,22822.195607512826,15000.0,28000.0,1.0,22.020084789007047,20.0,26.0,1.0,0.0,92122.0,7.0,25.0
11.0,22.0,11.0,22.0,-121.0,11.0,11.0,-111.0,10.212036291838382,9.0,11.0,30000.0,10000.0,19000.0,0.0,23.854846624640302,16.5,19.0,0.0,10000.0,36945.01777125984,25000.0,0.0,25.16981530715387,17.0,20.0,0.0,122.0,10.185782740856085,9.0,11.0,1.0,12553.495813418718,10000.0,19000.0,1.0,16.5,17.093325439613423,19.0,1.0,19663.085401021286,10000.0,25000.0,1.0,18.439454126556438,17.0,20.0,1.0,0.0,111.0,1.0,30.0
11.0,22.0,11.0,22.0,-121.0,11.0,12.0,-111.0,10.192587621437406,9.0,11.0,30000.0,10000.0,19000.0,0.0,24.52567590601946,16.5,19.0,0.0,10000.0,36996.556449566015,25000.0,0.0,25.8468576406581,17.0,20.0,0.0,122.0,10.234780482108008,9.0,11.0,1.0,15559.99460567571,10000.0,19000.0,1.0,16.5,17.682290313722614,19.0,1.0,22544.019747773986,10000.0,25000.0,1.0,19.001105722203974,17.0,20.0,1.0,0.0,111.0,1.0,14.0
11.0,22.0,11.0,22.0,-121.0,21.0,13.0,-111.0,10.213017883570947,9.0,11.0,30000.0,10000.0,19000.0,0.0,24.5321374223397,16.5,19.0,0.0,10000.0,36986.68747034746,25000.0,0.0,25.849341021343534,17.0,20.0,0.0,122.0,10.189350985615949,9.0,11.0,1.0,14070.01337401799,10000.0,19000.0,1.0,16.5,17.362848276456003,19.0,1.0,21264.021987189106,10000.0,25000.0,1.0,18.719138231710335,17.0,20.0,1.0,0.0,211.0,1.0,28.0
11.0,22.0,11.0,22.0,-121.0,11.0,12.0,-111.0,10.157620831966348,9.0,11.0,30000.0,10000.0,19000.0,0.0,24.252064183546693,16.5,19.0,0.0,10000.0,37009.316978118135,25000.0,0.0,25.575374482798242,17.0,20.0,0.0,122.0,10.189885387681949,9.0,11.0,1.0,15895.050355140873,10000.0,19000.0,1.0,16.5,17.749114433565033,19.0,1.0,22950.146091458068,10000.0,25000.0,1.0,19.0810674439967,17.0,20.0,1.0,0.0,111.0,1.0,49.0
91.0,24.0,91.0,21.0,-721.0,911.0,12.0,-711.0,15.285879091987754,12.0,17.0,30000.0,18000.0,36000.0,1.0,23.914868918670976,20.0,25.0,1.0,18000.0,33989.13246722179,36000.0,1.0,24.3973762645473,20.0,26.0,1.0,722.0,15.341463684657537,12.0,17.0,1.0,26229.6365523262,18000.0,36000.0,1.0,20.0,23.49573598569966,25.0,1.0,30215.501248940454,18000.0,36000.0,1.0,23.977848076884463,20.0,26.0,1.0,1.0,91121.0,7.0,14.0
11.0,22.0,11.0,22.0,-121.0,11.0,11.0,-111.0,10.00268306299156,9.0,11.0,30000.0,10000.0,19000.0,0.0,23.085092703023577,16.5,19.0,0.0,10000.0,36466.52315233985,25000.0,0.0,24.37577342621342,17.0,20.0,0.0,121.0,10.008701903665925,9.0,11.0,1.0,13468.748461152618,10000.0,19000.0,1.0,16.5,17.2023517427917,19.0,1.0,19962.137210070698,10000.0,25000.0,1.0,18.498394684101488,17.0,20.0,1.0,0.0,111.0,1.0,17.0
92.0,24.0,92.0,24.0,-721.0,921.0,13.0,-711.0,15.308632730104234,12.0,17.0,30000.0,15000.0,28000.0,0.0,25.072614551717628,19.5,25.0,0.0,15000.0,34533.87976633309,28000.0,0.0,25.639778292818008,20.0,26.0,1.0,721.0,14.971741767372972,12.0,17.0,1.0,22791.35306223733,15000.0,28000.0,1.0,19.5,21.823381833019294,25.0,1.0,27201.516208032273,15000.0,28000.0,1.0,22.37506929663615,20.0,26.0,1.0,0.0,92122.0,7.0,25.0
91.0,24.0,91.0,21.0,-721.0,911.0,11.0,-711.0,14.936312469630249,12.0,17.0,30000.0,18000.0,36000.0,1.0,24.725853629875072,20.0,25.0,1.0,18000.0,34538.052236623334,36000.0,1.0,25.292209743217516,20.0,26.0,1.0,721.0,14.617867261189712,12.0,17.0,1.0,26166.548980590596,18000.0,36000.0,1.0,20.0,22.803349053793927,25.0,1.0,30692.376422831036,18000.0,36000.0,1.0,23.36817949341732,20.0,26.0,1.0,1.0,91121.0,7.0,21.0
11.0,22.0,11.0,21.0,-121.0,21.0,13.0,-111.0,10.18350746565506,9.0,11.0,30000.0,10000.0,19000.0,0.0,24.70911466875102,16.5,19.0,0.0,10000.0,37066.20856338976,25000.0,0.0,26.04342555338567,17.0,20.0,0.0,122.0,10.203379319905734,9.0,11.0,1.0,12431.357497042214,10000.0,19000.0,1.0,16.5,16.998107823579925,19.0,1.0,19338.017236174306,10000.0,25000.0,1.0,18.302291132594938,17.0,20.0,1.0,0.0,211.0,1.0,20.0
11.0,22.0,11.0,22.0,-121.0,21.0,13.0,-111.0,10.210564299515273,9.0,11.0,30000.0,10000.0,19000.0,0.0,27.059767211663246,16.5,19.0,0.0,10000.0,36950.09067060491,25000.0,0.0,28.36648103014524,17.0,20.0,0.0,122.0,10.212386379449912,9.0,11.0,1.0,14033.179508321236,10000.0,19000.0,1.0,16.5,17.397448634717875,19.0,1.0,21149.66739581539,10000.0,25000.0,1.0,18.735447446874232,17.0,20.0,1.0,0.0,211.0,1.0,5.0
11.0,22.0,11.0,22.0,-121.0,11.0,11.0,-111.0,10.188968144985187,9.0,11.0,30000.0,10000.0,19000.0,0.0,22.89338643529936,16.5,19.0,0.0,10000.0,37137.84549648384,25000.0,0.0,24.239542413169396,17.0,20.0,0.0,122.0,10.199471475757148,9.0,11.0,1.0,14234.930755786156,10000.0,19000.0,1.0,16.5,17.402082829453253,19.0,1.0,21095.02453343268,10000.0,25000.0,1.0,18.695856455133026,17.0,20.0,1.0,0.0,111.0,1.0,38.0
11.0,22.0,11.0,21.0,-121.0,11.0,11.0,-111.0,10.193717872498206,9.0,11.0,30000.0,10000.0,19000.0,0.0,24.413158081629867,16.5,19.0,0.0,10000.0,37026.594928785045,25000.0,0.0,25.734519128192566,17.0,20.0,0.0,122.0,10.204149370972692,9.0,11.0,1.0,10692.240393018781,10000.0,19000.0,1.0,16.5,16.691860173948527,19.0,1.0,17665.2764615948,10000.0,25000.0,1.0,18.003149401615197,17.0,20.0,1.0,0.0,111.0,1.0,54.0
11.0,22.0,11.0,21.0,-121.0,11.0,11.0,-111.0,10.028496053168801,9.0,11.0,30000.0,10000.0,19000.0,0.0,25.20257041447261,16.5,19.0,0.0,10000.0,36501.03991073976,25000.0,0.0,26.50393128207054,17.0,20.0,0.0,121.0,10.001948287861426,9.0,11.0,1.0,17005.86524867787,10000.0,19000.0,1.0,16.5,17.924429278340853,19.0,1.0,23468.354012580923,10000.0,25000.0,1.0,19.21807307996424,17.0,20.0,1.0,0.0,111.0,1.0,26.0
11.0,22.0,11.0,21.0,-121.0,11.0,11.0,-111.0,10.011419232892491,9.0,11.0,30000.0,10000.0,19000.0,0.0,25.367128844436856,16.5,19.0,0.0,10000.0,36470.264443306645,25000.0,0.0,26.663763494433528,17.0,20.0,0.0,121.0,10.000852545705941,9.0,11.0,1.0,13099.302525548364,10000.0,19000.0,1.0,16.5,17.102532187704536,19.0,1.0,19628.35964401144,10000.0,25000.0,1.0,18.41094883215318,17.0,20.0,1.0,0.0,111.0,1.0,39.0
92.0,24.0,92.0,24.0,-721.0,921.0,13.0,-711.0,15.242784038321872,12.0,17.0,30000.0,15000.0,28000.0,0.0,24.192914401074418,19.5,25.0,1.0,15000.0,34514.88724075301,28000.0,0.0,24.7592753812187,20.0,26.0,1.0,721.0,15.042098105327545,12.0,17.0,1.0,18236.68552183242,15000.0,28000.0,1.0,19.5,21.37690228774249,25.0,1.0,22717.17046277422,15000.0,28000.0,1.0,21.93894774034393,20.0,26.0,1.0,0.0,92122.0,7.0,20.0
11.0,22.0,11.0,22.0,-121.0,11.0,11.0,-111.0,10.000012047855732,9.0,11.0,30000.0,10000.0,19000.0,0.0,25.51560646486868,16.5,19.0,0.0,10000.0,36527.82729375056,25000.0,0.0,26.820918176084113,17.0,20.0,0.0,121.0,9.996206005740737,9.0,11.0,1.0,16766.789584283997,10000.0,19000.0,1.0,16.5,17.89126255058929,19.0,1.0,23211.920945432747,10000.0,25000.0,1.0,19.180038289813194,17.0,20.0,1.0,0.0,111.0,1.0,55.0
11.0,22.0,11.0,22.0,-121.0,21.0,13.0,-111.0,10.184534207734043,9.0,11.0,30000.0,10000.0,19000.0,0.0,25.09673909486687,16.5,19.0,0.0,10000.0,37041.571377292465,25000.0,0.0,26.42803592892393,17.0,20.0,0.0,122.0,10.22716572785643,9.0,11.0,1.0,13756.489559494536,10000.0,19000.0,1.0,16.5,17.343510543395105,19.0,1.0,20829.67260496065,10000.0,25000.0,1.0,18.68078395732389,17.0,20.0,1.0,0.0,211.0,1.0,22.0
11.0,22.0,11.0,22.0,-121.0,21.0,13.0,-111.0,10.206457370806095,9.0,11.0,30000.0,10000.0,19000.0,0.0,25.822332390773838,16.5,19.0,0.0,10000.0,36822.61381203418,25000.0,0.0,27.1085808700145,17.0,20.0,0.0,122.0,10.207278028395462,9.0,11.0,1.0,15133.075405384532,10000.0,19000.0,1.0,16.5,17.612802324071914,19.0,1.0,22099.076064565175,10000.0,25000.0,1.0,18.926083128337325,17.0,20.0,1.0,0.0,211.0,1.0,36.0
91.0,24.0,91.0,24.0,-721.0,911.0,11.0,-711.0,15.345364784001909,12.0,17.0,30000.0,18000.0,36000.0,1.0,24.270220052807773,20.0,25.0,1.0,18000.0,34491.280843138076,36000.0,1.0,24.82899602669036,20.0,26.0,1.0,721.0,15.092776098687331,12.0,17.0,1.0,26103.039855102328,18000.0,36000.0,1.0,20.0,23.378705278345876,25.0,1.0,30655.593455618757,18000.0,36000.0,1.0,23.945104410492743,20.0,26.0,1.0,1.0,91121.0,7.0,4.0
11.0,22.0,11.0,22.0,-121.0,21.0,13.0,-111.0,9.98656800153508,9.0,11.0,30000.0,10000.0,19000.0,0.0,25.76814523452491,16.5,19.0,0.0,10000.0,36507.8665433182,25000.0,0.0,27.066678095614947,17.0,20.0,0.0,121.0,10.001169459709606,9.0,11.0,1.0,13222.797470411859,10000.0,19000.0,1.0,16.5,17.160622710417776,19.0,1.0,19718.873625240245,10000.0,25000.0,1.0,18.456803002229215,17.0,20.0,1.0,0.0,211.0,1.0,19.0
11.0,22.0,11.0,22.0,-121.0,11.0,12.0,-111.0,10.207612430463183,9.0,11.0,30000.0,10000.0,19000.0,0.0,23.610294796432044,16.5,19.0,0.0,10000.0,37069.15055347846,25000.0,0.0,24.946389716589525,17.0,20.0,0.0,122.0,10.200646738367725,9.0,11.0,1.0,16747.359506927347,10000.0,19000.0,1.0,16.5,17.885271147904945,19.0,1.0,23654.637181686987,10000.0,25000.0,1.0,19.190771510861907,17.0,20.0,1.0,0.0,111.0,1.0,40.0
11.0,22.0,11.0,22.0,-121.0,11.0,12.0,-111.0,10.187153851132617,9.0,11.0,30000.0,10000.0,19000.0,0.0,24.675055481572002,16.5,19.0,0.0,10000.0,37170.406204986626,25000.0,0.0,26.03108372160738,17.0,20.0,0.0,122.0,10.196171838479058,9.0,11.0,1.0,15463.572460450765,10000.0,19000.0,1.0,16.5,17.649455013087813,19.0,1.0,22394.210526720748,10000.0,25000.0,1.0,18.96013960621315,17.0,20.0,1.0,0.0,111.0,1.0,40.0
11.0,22.0,11.0,22.0,-121.0,21.0,13.0,-111.0,10.01297508529895,9.0,11.0,30000.0,10000.0,19000.0,0.0,28.765486159752143,16.5,19.0,0.0,10000.0,36526.36780848349,25000.0,0.0,30.066446270311577,17.0,20.0,0.0,121.0,10.017471255417378,9.0,11.0,1.0,13568.53757224878,10000.0,19000.0,1.0,16.5,17.256838605382434,19.0,1.0,20037.414069029503,10000.0,25000.0,1.0,18.546338451147747,17.0,20.0,1.0,0.0,211.0,1.0,8.0
11.0,22.0,11.0,22.0,-121.0,11.0,11.0,-111.0,10.225837495783479,9.0,11.0,30000.0,10000.0,19000.0,0.0,23.77266887326744,16.5,19.0,0.0,10000.0,37090.44052880771,25000.0,0.0,25.115520365166834,17.0,20.0,0.0,122.0,10.203929464671644,9.0,11.0,1.0,14925.752804649743,10000.0,19000.0,1.0,16.5,17.52176898288289,19.0,1.0,21971.843045396556,10000.0,25000.0,1.0,18.856221017760287,17.0,20.0,1.0,0.0,111.0,1.0,44.0
11.0,22.0,11.0,22.0,-121.0,11.0,11.0,-111.0,10.000740749983956,9.0,11.0,30000.0,10000.0,19000.0,0.0,24.801625472430672,16.5,19.0,0.0,10000.0,36411.73294957746,25000.0,0.0,26.088572237894795,17.0,20.0,0.0,121.0,10.000825706390863,9.0,11.0,1.0,16880.026550285933,10000.0,19000.0,1.0,16.5,17.904644063990016,19.0,1.0,23397.237968733185,10000.0,25000.0,1.0,19.212762200034543,17.0,20.0,1.0,0.0,111.0,1.0,50.0
11.0,22.0,11.0,22.0,-121.0,11.0,11.0,-111.0,10.204172630833975,9.0,11.0,30000.0,10000.0,19000.0,0.0,24.0662634708521,16.5,19.0,0.0,10000.0,36912.269237205655,25000.0,0.0,25.367773790472636,17.0,20.0,0.0,122.0,10.204080903406926,9.0,11.0,1.0,17151.35868323622,10000.0,19000.0,1.0,16.5,17.96625755582323,19.0,1.0,24052.811565261793,10000.0,25000.0,1.0,19.265731265264897,17.0,20.0,1.0,0.0,111.0,1.0,44.0
11.0,21.0,11.0,21.0,-121.0,11.0,11.0,-111.0,10.003568129113436,9.0,11.0,30000.0,10000.0,19000.0,0.0,24.061271698322663,16.5,19.0,0.0,10000.0,36481.354553239005,25000.0,0.0,25.351941594597605,17.0,20.0,0.0,121.0,9.997681278892406,9.0,11.0,1.0,14500.302120980372,10000.0,19000.0,1.0,16.5,17.356285394433172,19.0,1.0,20996.95348624947,10000.0,25000.0,1.0,18.650001434015667,17.0,20.0,1.0,0.0,111.0,1.0,56.0
91.0,24.0,91.0,24.0,-721.0,911.0,12.0,-711.0,14.965692313180606,12.0,17.0,30000.0,18000.0,36000.0,1.0,24.6520589283901,20.0,25.0,1.0,18000.0,34499.440721651816,36000.0,1.0,25.21382205161075,20.0,26.0,1.0,721.0,15.15740637417445,12.0,17.0,1.0,25379.86415566397,18000.0,36000.0,1.0,20.0,23.30722671201471,25.0,1.0,29930.338337470486,18000.0,36000.0,1.0,23.87536145289604,20.0,26.0,1.0,1.0,91121.0,7.0,23.0
11.0,22.0,11.0,22.0,-121.0,21.0,13.0,-111.0,10.207464386808805,9.0,11.0,30000.0,10000.0,19000.0,0.0,25.81428305897137,16.5,19.0,0.0,10000.0,36958.99549627535,25000.0,0.0,27.122898477351875,17.0,20.0,0.0,122.0,10.175261653266038,9.0,11.0,1.0,14083.427372638193,10000.0,19000.0,1.0,16.5,17.366340161270173,19.0,1.0,20950.486878374137,10000.0,25000.0,1.0,18.657667329530625,17.0,20.0,1.0,0.0,211.0,1.0,31.0
11.0,22.0,11.0,22.0,-121.0,11.0,12.0,-111.0,10.17403738260051,9.0,11.0,30000.0,10000.0,19000.0,0.0,23.902641239240666,16.5,19.0,0.0,10000.0,36937.00293778872,25000.0,0.0,25.207665899125686,17.0,20.0,0.0,122.0,10.198100186250779,9.0,11.0,1.0,16005.162515736023,10000.0,19000.0,1.0,16.5,17.728617305601105,19.0,1.0,23069.74869365995,10000.0,25000.0,1.0,19.057643580601134,17.0,20.0,1.0,0.0,111.0,1.0,14.0
11.0,22.0,11.0,22.0,-121.0,21.0,13.0,-111.0,10.18995486040815,9.0,11.0,30000.0,10000.0,19000.0,0.0,24.50513741961001,16.5,19.0,0.0,10000.0,36989.4332992469,25000.0,0.0,25.816445801019476,17.0,20.0,0.0,122.0,10.184305520438798,9.0,11.0,1.0,14471.029099145773,10000.0,19000.0,1.0,16.5,17.43073638548162,19.0,1.0,21488.29764369648,10000.0,25000.0,1.0,18.74726702009857,17.0,20.0,1.0,0.0,211.0,1.0,16.0
81.0,21.0,81.0,23.0,-721.0,912.0,12.0,-711.0,15.29578785327298,12.0,17.0,30000.0,12500.0,23000.0,0.0,27.67212373494049,20.0,24.0,0.0,12500.0,34495.709708453636,26000.0,0.0,28.23402585897965,20.0,25.0,0.0,721.0,15.465846826427951,12.0,17.0,1.0,17361.017860036045,12500.0,23000.0,1.0,20.0,22.138009026383127,24.0,1.0,21897.3950976262,12500.0,26000.0,1.0,22.70499403443463,20.0,25.0,1.0,0.0,912.0,7.0,7.0
11.0,22.0,11.0,22.0,-121.0,11.0,11.0,-111.0,10.004980043673728,9.0,11.0,30000.0,10000.0,19000.0,0.0,26.651771696092403,16.5,19.0,0.0,10000.0,36518.114734824034,25000.0,0.0,27.956069997163464,17.0,20.0,0.0,121.0,10.019829295043001,9.0,11.0,1.0,12586.045520279253,10000.0,19000.0,1.0,16.5,17.07331828879773,19.0,1.0,19116.485937224243,10000.0,25000.0,1.0,18.38008300338005,17.0,20.0,1.0,0.0,111.0,1.0,27.0
11.0,22.0,11.0,21.0,-121.0,11.0,11.0,-111.0,9.986239674765063,9.0,11.0,30000.0,10000.0,19000.0,0.0,24.313567740940197,16.5,19.0,0.0,10000.0,36534.74501767343,25000.0,0.0,25.623191777622274,17.0,20.0,0.0,121.0,10.02263653665215,9.0,11.0,1.0,14700.805421286572,10000.0,19000.0,1.0,16.5,17.44015435765756,19.0,1.0,21228.39813394968,10000.0,25000.0,1.0,18.748345005502905,17.0,20.0,1.0,0.0,111.0,1.0,54.0
92.0,24.0,92.0,24.0,-721.0,921.0,13.0,-711.0,15.450484627840483,12.0,17.0,30000.0,15000.0,28000.0,0.0,24.861222569066648,19.5,25.0,1.0,15000.0,34432.769192762375,28000.0,0.0,25.41561160693764,20.0,26.0,1.0,721.0,15.53001103269519,12.0,17.0,1.0,21466.95972745523,15000.0,28000.0,1.0,19.5,22.23951827148198,25.0,1.0,25943.426268777694,15000.0,28000.0,1.0,22.799372365161723,20.0,26.0,1.0,0.0,92122.0,7.0,22.0
81.0,23.0,81.0,21.0,-721.0,912.0,12.0,-711.0,14.79551219723258,12.0,17.0,30000.0,12500.0,23000.0,0.0,26.07288879250088,20.0,24.0,0.0,12500.0,34487.61948149899,26000.0,0.0,26.63163141784801,20.0,25.0,0.0,721.0,15.152688722051348,12.0,17.0,1.0,13343.15617006489,12500.0,23000.0,1.0,20.0,21.22329986725174,24.0,1.0,17877.42774259556,12500.0,26000.0,1.0,21.78785103138618,20.0,25.0,1.0,0.0,912.0,7.0,11.0
11.0,21.0,11.0,22.0,-121.0,21.0,13.0,-111.0,10.005507511932526,9.0,11.0,30000.0,10000.0,19000.0,0.0,26.563260644286544,16.5,19.0,0.0,10000.0,36449.16417289192,25000.0,0.0,27.853125034540057,17.0,20.0,0.0,121.0,10.003062010425136,9.0,11.0,1.0,14404.769248116572,10000.0,19000.0,1.0,16.5,17.36769648501653,19.0,1.0,20793.81352439362,10000.0,25000.0,1.0,18.64553660178121,17.0,20.0,1.0,0.0,211.0,1.0,24.0
92.0,24.0,92.0,24.0,-721.0,921.0,13.0,-711.0,15.265269794920917,12.0,17.0,30000.0,15000.0,28000.0,0.0,24.357954555077065,19.5,25.0,1.0,15000.0,33893.43068287454,28000.0,0.0,24.835390561262724,20.0,26.0,1.0,722.0,15.070216797254984,12.0,17.0,1.0,22478.38199451821,15000.0,28000.0,1.0,19.5,21.881785185732625,25.0,1.0,26422.231723673067,15000.0,28000.0,1.0,22.365403880157128,20.0,26.0,1.0,0.0,92122.0,7.0,25.0
92.0,24.0,92.0,24.0,-721.0,921.0,13.0,-711.0,15.535193431016557,12.0,17.0,30000.0,15000.0,28000.0,0.0,24.19910659441929,19.5,25.0,1.0,15000.0,34529.97778807701,28000.0,0.0,24.767127620836035,20.0,26.0,1.0,721.0,15.086106531943091,12.0,17.0,1.0,22790.720936974,15000.0,28000.0,1.0,19.5,22.045429120721387,25.0,1.0,27308.234806991903,15000.0,28000.0,1.0,22.61188727688571,20.0,26.0,1.0,0.0,92122.0,7.0,20.0
81.0,23.0,81.0,21.0,-721.0,912.0,12.0,-711.0,15.20431821258391,12.0,17.0,30000.0,12500.0,23000.0,0.0,26.69019317380718,20.0,24.0,0.0,12500.0,34544.074341086474,26000.0,0.0,27.255597099626883,20.0,25.0,0.0,721.0,14.032453321522569,12.0,17.0,1.0,14083.685356190674,12500.0,23000.0,1.0,20.0,20.231134176091814,24.0,1.0,18598.665766508897,12500.0,26000.0,1.0,20.792918041710223,20.0,25.0,1.0,0.0,912.0,7.0,30.0
11.0,22.0,11.0,22.0,-121.0,21.0,13.0,-111.0,10.202062111406406,9.0,11.0,30000.0,10000.0,19000.0,0.0,24.246107795251465,16.5,19.0,0.0,10000.0,36929.67505507107,25000.0,0.0,25.55118673378135,17.0,20.0,0.0,122.0,10.209493816180677,9.0,11.0,1.0,14432.968074956236,10000.0,19000.0,1.0,16.5,17.45622268371956,19.0,1.0,21482.395250295274,10000.0,25000.0,1.0,18.783854767781374,17.0,20.0,1.0,0.0,211.0,1.0,8.0
11.0,22.0,11.0,22.0,-121.0,11.0,11.0,-111.0,9.998563533911563,9.0,11.0,30000.0,10000.0,19000.0,0.0,24.98159572000467,16.5,19.0,0.0,10000.0,36435.14678537033,25000.0,0.0,26.27234486606083,17.0,20.0,0.0,121.0,9.992497498113194,9.0,11.0,1.0,18443.40898886734,10000.0,19000.0,1.0,16.5,18.2093737820936,19.0,1.0,25004.533113946225,10000.0,25000.0,0.0,19.525391216360518,17.0,20.0,1.0,0.0,111.0,1.0,30.0
81.0,23.0,81.0,23.0,-721.0,912.0,12.0,-711.0,15.093091335132403,12.0,17.0,30000.0,12500.0,23000.0,0.0,25.406881520477796,20.0,24.0,0.0,12500.0,33925.34544865001,26000.0,0.0,25.884151124514418,20.0,25.0,0.0,722.0,15.234050866061466,12.0,17.0,1.0,18072.693009301962,12500.0,23000.0,1.0,20.0,22.0140521636299,24.0,1.0,22042.298747887493,12500.0,26000.0,1.0,22.496703228057306,20.0,25.0,1.0,0.0,912.0,7.0,31.0
81.0,23.0,81.0,23.0,-721.0,912.0,12.0,-711.0,15.20212025045021,12.0,17.0,30000.0,12500.0,23000.0,0.0,26.052311625088052,20.0,24.0,0.0,12500.0,33977.46251779563,26000.0,0.0,26.534964610026826,20.0,25.0,0.0,722.0,15.218209124055491,12.0,17.0,1.0,17784.557206367415,12500.0,23000.0,1.0,20.0,21.99386446410592,24.0,1.0,21707.385329410852,12500.0,26000.0,1.0,22.46988773133158,20.0,25.0,1.0,0.0,912.0,7.0,31.0
11.0,22.0,11.0,22.0,-121.0,21.0,13.0,-111.0,9.997255506562816,9.0,11.0,30000.0,10000.0,19000.0,0.0,25.049767486086047,16.5,19.0,0.0,10000.0,36468.289193425284,25000.0,0.0,26.343255692212235,17.0,20.0,0.0,121.0,10.007233383725428,9.0,11.0,1.0,14887.316899137095,10000.0,19000.0,1.0,16.5,17.47458419350827,19.0,1.0,21456.156809282023,10000.0,25000.0,1.0,18.78817990600981,17.0,20.0,1.0,0.0,211.0,1.0,36.0
11.0,22.0,11.0,21.0,-121.0,11.0,12.0,-111.0,10.013348135867151,9.0,11.0,30000.0,10000.0,19000.0,0.0,24.161803077278602,16.5,19.0,0.0,10000.0,36437.91473235684,25000.0,0.0,25.447052074540476,17.0,20.0,0.0,121.0,9.985492462524379,9.0,11.0,1.0,13958.946194988563,10000.0,19000.0,1.0,16.5,17.233371406399495,19.0,1.0,20474.09243744505,10000.0,25000.0,1.0,18.53403870679821,17.0,20.0,1.0,0.0,111.0,1.0,10.0
11.0,22.0,11.0,22.0,-121.0,11.0,12.0,-111.0,10.005682573140021,9.0,11.0,30000.0,10000.0,19000.0,0.0,23.692032788537773,16.5,19.0,0.0,10000.0,36538.230210037604,25000.0,0.0,24.999775620425183,17.0,20.0,0.0,121.0,10.007744975599586,9.0,11.0,1.0,15687.728181577815,10000.0,19000.0,1.0,16.5,17.67133733157542,19.0,1.0,22298.751969175115,10000.0,25000.0,1.0,18.993639956587728,17.0,20.0,1.0,0.0,111.0,1.0,14.0
11.0,22.0,11.0,21.0,-121.0,21.0,13.0,-111.0,10.20195275162502,9.0,11.0,30000.0,10000.0,19000.0,0.0,25.518609157739093,16.5,19.0,0.0,10000.0,37111.60046720062,25000.0,0.0,26.86543483906483,17.0,20.0,0.0,122.0,10.21833279274301,9.0,11.0,1.0,12825.236420808491,10000.0,19000.0,1.0,16.5,17.12574234564606,19.0,1.0,19969.345420698028,10000.0,25000.0,1.0,18.47872463361605,17.0,20.0,1.0,0.0,211.0,1.0,33.0
11.0,22.0,11.0,22.0,-121.0,21.0,13.0,-111.0,10.184017578476816,9.0,11.0,30000.0,10000.0,19000.0,0.0,25.75251369272445,16.5,19.0,0.0,10000.0,36924.03014754116,25000.0,0.0,27.061875854889497,17.0,20.0,0.0,122.0,10.19395225915216,9.0,11.0,1.0,15073.911295657765,10000.0,19000.0,1.0,16.5,17.586071860343345,19.0,1.0,22055.503148169453,10000.0,25000.0,1.0,18.906319174200704,17.0,20.0,1.0,0.0,211.0,1.0,22.0
11.0,22.0,11.0,22.0,-121.0,21.0,13.0,-111.0,9.982065129706738,9.0,11.0,30000.0,10000.0,19000.0,0.0,25.579114816382326,16.5,19.0,0.0,10000.0,36512.45783388162,25000.0,0.0,26.878218348869666,17.0,20.0,0.0,121.0,10.009625058401337,9.0,11.0,1.0,13068.612118868057,10000.0,19000.0,1.0,16.5,17.174507571223383,19.0,1.0,19678.775550414364,10000.0,25000.0,1.0,18.493101392985167,17.0,20.0,1.0,0.0,211.0,1.0,19.0
11.0,22.0,11.0,21.0,-121.0,11.0,12.0,-111.0,10.192463039083977,9.0,11.0,30000.0,10000.0,19000.0,0.0,24.536787352101534,16.5,19.0,0.0,10000.0,37073.114182310186,25000.0,0.0,25.868095166978467,17.0,20.0,0.0,122.0,10.215214954458595,9.0,11.0,1.0,14239.345074667903,10000.0,19000.0,1.0,16.5,17.351180713425947,19.0,1.0,21206.785092486596,10000.0,25000.0,1.0,18.662598443484235,17.0,20.0,1.0,0.0,111.0,1.0,10.0
91.0,21.0,91.0,24.0,-721.0,911.0,12.0,-711.0,14.515164740216518,12.0,17.0,30000.0,18000.0,36000.0,1.0,24.06971058893513,20.0,25.0,1.0,18000.0,34424.87571749225,36000.0,1.0,24.6250053150571,20.0,26.0,1.0,721.0,15.937957523510795,12.0,17.0,1.0,27314.955022598726,18000.0,36000.0,1.0,20.0,24.380502397416237,25.0,1.0,31853.744958936077,18000.0,36000.0,1.0,24.950092658372082,20.0,26.0,1.0,1.0,91121.0,7.0,26.0
91.0,24.0,91.0,24.0,-721.0,911.0,11.0,-711.0,15.165101383520463,12.0,17.0,30000.0,18000.0,36000.0,1.0,24.838379041709857,20.0,25.0,1.0,18000.0,34051.24944914053,36000.0,1.0,25.333047547460943,20.0,26.0,1.0,722.0,15.163743691488046,12.0,17.0,1.0,27826.88407127638,18000.0,36000.0,1.0,20.0,23.58412865149741,25.0,1.0,31843.44040800928,18000.0,36000.0,1.0,24.07456103446959,20.0,26.0,1.0,1.0,91121.0,7.0,16.0
11.0,22.0,11.0,22.0,-121.0,21.0,13.0,-111.0,10.200932308414965,9.0,11.0,30000.0,10000.0,19000.0,0.0,25.05802301148083,16.5,19.0,0.0,10000.0,36866.66406688181,25000.0,0.0,26.355429498162202,17.0,20.0,0.0,122.0,10.230986939135413,9.0,11.0,1.0,13103.888119472338,10000.0,19000.0,1.0,16.5,17.202683575759817,19.0,1.0,20124.769706114253,10000.0,25000.0,1.0,18.529228346846523,17.0,20.0,1.0,0.0,211.0,1.0,16.0
11.0,22.0,11.0,22.0,-121.0,21.0,13.0,-111.0,9.985520622434507,9.0,11.0,30000.0,10000.0,19000.0,0.0,26.838859735224162,16.5,19.0,0.0,10000.0,36553.17433072389,25000.0,0.0,28.148976108317516,17.0,20.0,0.0,121.0,9.991968816866802,9.0,11.0,1.0,15440.352802506004,10000.0,19000.0,1.0,16.5,17.59523194991776,19.0,1.0,21869.352756880762,10000.0,25000.0,1.0,18.88052327252971,17.0,20.0,1.0,0.0,211.0,1.0,8.0
91.0,24.0,91.0,24.0,-721.0,911.0,12.0,-711.0,15.263104192834081,12.0,17.0,30000.0,18000.0,36000.0,1.0,24.528947470497368,20.0,25.0,1.0,18000.0,33963.333945645834,36000.0,1.0,25.010076526501287,20.0,26.0,1.0,722.0,15.34857330358318,12.0,17.0,1.0,26298.649167832256,18000.0,36000.0,1.0,20.0,23.571110116309992,25.0,1.0,30323.306624801546,18000.0,36000.0,1.0,24.059683542008347,20.0,26.0,1.0,1.0,91121.0,7.0,27.0
81.0,23.0,81.0,21.0,-721.0,912.0,12.0,-711.0,15.162205604902057,12.0,17.0,30000.0,12500.0,23000.0,0.0,26.031258118936712,20.0,24.0,0.0,12500.0,34472.246087746185,26000.0,0.0,26.58918863116732,20.0,25.0,0.0,721.0,14.540470099762649,12.0,17.0,1.0,15119.70828676862,12500.0,23000.0,1.0,20.0,20.82960474178821,24.0,1.0,19648.885538642535,12500.0,26000.0,1.0,21.39463764349839,20.0,25.0,1.0,0.0,912.0,7.0,11.0
11.0,22.0,11.0,21.0,-121.0,21.0,13.0,-111.0,9.997236435708134,9.0,11.0,30000.0,10000.0,19000.0,0.0,27.04146039053424,16.5,19.0,0.0,10000.0,36499.26562341172,25000.0,0.0,28.340213746507423,17.0,20.0,0.0,121.0,9.989129173589433,9.0,11.0,1.0,12167.205562955352,10000.0,19000.0,1.0,16.5,16.906249302360784,19.0,1.0,18671.11825492557,10000.0,25000.0,1.0,18.205931285695197,17.0,20.0,1.0,0.0,211.0,1.0,33.0
81.0,23.0,81.0,23.0,-721.0,912.0,12.0,-711.0,14.794085059449271,12.0,17.0,30000.0,12500.0,23000.0,0.0,25.817907788414054,20.0,24.0,0.0,12500.0,34520.1241789324,26000.0,0.0,26.387697202654284,20.0,25.0,0.0,721.0,14.64295433566267,12.0,17.0,1.0,18266.674932293347,12500.0,23000.0,1.0,20.0,21.56607573571429,24.0,1.0,22770.59531053819,12500.0,26000.0,1.0,22.133822561358112,20.0,25.0,1.0,0.0,912.0,7.0,5.0
91.0,24.0,91.0,24.0,-721.0,911.0,12.0,-711.0,15.332232202600437,12.0,17.0,30000.0,18000.0,36000.0,1.0,24.021815724391924,20.0,25.0,1.0,18000.0,34079.0853090989,36000.0,1.0,24.518447319568278,20.0,26.0,1.0,722.0,15.230027613081628,12.0,17.0,1.0,26188.26491151333,18000.0,36000.0,1.0,20.0,23.420104688706825,25.0,1.0,30157.848388936254,18000.0,36000.0,1.0,23.903404356448696,20.0,26.0,1.0,1.0,91121.0,7.0,23.0
91.0,24.0,91.0,21.0,-721.0,911.0,11.0,-711.0,14.984933540024494,12.0,17.0,30000.0,18000.0,36000.0,1.0,24.924583119491402,20.0,25.0,1.0,18000.0,34079.07029809131,36000.0,1.0,25.42146602536752,20.0,26.0,1.0,722.0,15.125241018165891,12.0,17.0,1.0,25556.179314450714,18000.0,36000.0,1.0,20.0,23.14162523539388,25.0,1.0,29519.29119765167,18000.0,36000.0,1.0,23.624382924016825,20.0,26.0,1.0,1.0,91121.0,7.0,15.0
11.0,21.0,11.0,22.0,-121.0,11.0,12.0,-111.0,10.20514183083948,9.0,11.0,30000.0,10000.0,19000.0,0.0,25.059052400907014,16.5,19.0,0.0,10000.0,36914.10646808419,25000.0,0.0,26.366455492069424,17.0,20.0,0.0,122.0,10.194286275350434,9.0,11.0,1.0,16953.526062151832,10000.0,19000.0,1.0,16.5,17.941380935480495,19.0,1.0,23960.655562952867,10000.0,25000.0,1.0,19.26637394966256,17.0,20.0,1.0,0.0,111.0,1.0,51.0
11.0,22.0,11.0,22.0,-121.0,21.0,13.0,-111.0,10.001834700804329,9.0,11.0,30000.0,10000.0,19000.0,0.0,26.628813145315632,16.5,19.0,0.0,10000.0,36530.69783530881,25000.0,0.0,27.939211528615452,17.0,20.0,0.0,121.0,10.00062996178872,9.0,11.0,1.0,12248.071020081577,10000.0,19000.0,1.0,16.5,16.96102682351878,19.0,1.0,18850.361934852976,10000.0,25000.0,1.0,18.28579051018266,17.0,20.0,1.0,0.0,211.0,1.0,31.0
92.0,24.0,92.0,24.0,-721.0,921.0,13.0,-711.0,15.266328608268907,12.0,17.0,30000.0,15000.0,28000.0,0.0,24.76869415833663,19.5,25.0,1.0,15000.0,33984.748136695045,28000.0,0.0,25.254566215399638,20.0,26.0,1.0,722.0,15.40103771611516,12.0,17.0,1.0,22871.79600511555,15000.0,28000.0,1.0,19.5,22.29702823419486,25.0,1.0,26839.316080957244,15000.0,28000.0,1.0,22.78079962314062,20.0,26.0,1.0,0.0,92122.0,7.0,20.0
11.0,22.0,11.0,22.0,-121.0,21.0,13.0,-111.0,10.171977498119661,9.0,11.0,30000.0,10000.0,19000.0,0.0,25.194470029554758,16.5,19.0,0.0,10000.0,37041.066152310785,25000.0,0.0,26.526876239804643,17.0,20.0,0.0,122.0,10.192418606113959,9.0,11.0,1.0,14437.176137396182,10000.0,19000.0,1.0,16.5,17.459866862454426,19.0,1.0,21293.33355832001,10000.0,25000.0,1.0,18.757282130040245,17.0,20.0,1.0,0.0,211.0,1.0,16.0
11.0,22.0,11.0,21.0,-121.0,11.0,11.0,-111.0,10.008875933426609,9.0,11.0,30000.0,10000.0,19000.0,0.0,24.80640166079234,16.5,19.0,0.0,10000.0,36484.28540605647,25000.0,0.0,26.102728633659414,17.0,20.0,0.0,121.0,9.973043383271065,9.0,11.0,1.0,15613.444162990529,10000.0,19000.0,1.0,16.5,17.623092894695144,19.0,1.0,22113.804956314103,10000.0,25000.0,1.0,18.92263363080808,17.0,20.0,1.0,0.0,111.0,1.0,26.0
91.0,24.0,91.0,24.0,-721.0,911.0,12.0,-711.0,15.54997813666397,12.0,17.0,30000.0,18000.0,36000.0,1.0,24.92824802228815,20.0,25.0,1.0,18000.0,34525.225214877835,36000.0,1.0,25.4911216687068,20.0,26.0,1.0,721.0,15.095119720644107,12.0,17.0,1.0,25986.428047497786,18000.0,36000.0,1.0,20.0,23.287371351997656,25.0,1.0,30451.71807357114,18000.0,36000.0,1.0,23.842789913493622,20.0,26.0,1.0,1.0,91121.0,7.0,32.0
11.0,22.0,11.0,22.0,-121.0,11.0,11.0,-111.0,10.16998278922638,9.0,11.0,30000.0,10000.0,19000.0,0.0,24.83185920321064,16.5,19.0,0.0,10000.0,36989.96273985709,25000.0,0.0,26.150407135438353,17.0,20.0,0.0,122.0,10.187486396420066,9.0,11.0,1.0,14313.430402566913,10000.0,19000.0,1.0,16.5,17.4173061328064,19.0,1.0,21342.004255118725,10000.0,25000.0,1.0,18.743137451898868,17.0,20.0,1.0,0.0,111.0,1.0,38.0
91.0,21.0,91.0,24.0,-721.0,911.0,12.0,-711.0,15.283370165188051,12.0,17.0,30000.0,18000.0,36000.0,1.0,25.355499666390983,20.0,25.0,0.0,18000.0,34063.35908013442,36000.0,1.0,25.85238498432263,20.0,26.0,1.0,722.0,15.51438735675553,12.0,17.0,1.0,28187.771686550434,18000.0,36000.0,1.0,20.0,24.085823813214265,25.0,1.0,32205.60177064134,18000.0,36000.0,1.0,24.57714164640532,20.0,26.0,1.0,0.0,91121.0,7.0,19.0
91.0,24.0,91.0,24.0,-721.0,911.0,12.0,-711.0,15.016288165784275,12.0,17.0,30000.0,18000.0,36000.0,1.0,24.202176019528665,20.0,25.0,1.0,18000.0,33973.57760102581,36000.0,1.0,24.68585461150987,20.0,26.0,1.0,722.0,15.004380629439948,12.0,17.0,1.0,28647.39756191406,18000.0,36000.0,1.0,20.0,23.494617671493145,25.0,1.0,32624.20687788863,18000.0,36000.0,1.0,23.978689639794897,20.0,26.0,1.0,1.0,91121.0,7.0,27.0
91.0,24.0,91.0,24.0,-721.0,911.0,12.0,-711.0,15.076971459739982,12.0,17.0,30000.0,18000.0,36000.0,1.0,24.407593270514237,20.0,25.0,1.0,18000.0,33978.9847784411,36000.0,1.0,24.894029413349106,20.0,26.0,1.0,722.0,15.26670515200059,12.0,17.0,1.0,27435.47349755663,18000.0,36000.0,1.0,20.0,23.616928667749136,25.0,1.0,31379.888361988644,18000.0,36000.0,1.0,24.099138592951853,20.0,26.0,1.0,1.0,91121.0,7.0,13.0
11.0,21.0,11.0,22.0,-121.0,21.0,13.0,-111.0,10.184357410395704,9.0,11.0,30000.0,10000.0,19000.0,0.0,27.64850306816674,16.5,19.0,0.0,10000.0,36769.773516069734,25000.0,0.0,28.922366222154974,17.0,20.0,0.0,122.0,10.207442964177513,9.0,11.0,1.0,17511.590513383948,10000.0,19000.0,1.0,16.5,18.029904057154155,19.0,1.0,24572.126770440005,10000.0,25000.0,1.0,19.35847981584266,17.0,20.0,1.0,0.0,211.0,1.0,32.0
81.0,23.0,81.0,21.0,-721.0,912.0,11.0,-711.0,15.418122058588917,12.0,17.0,30000.0,12500.0,23000.0,0.0,27.365938996659267,20.0,24.0,0.0,12500.0,34498.27507485557,26000.0,0.0,27.93021442528788,20.0,25.0,0.0,721.0,14.980275811148347,12.0,17.0,1.0,14383.45480534057,12500.0,23000.0,1.0,20.0,21.164971119786536,24.0,1.0,18793.70581104742,12500.0,26000.0,1.0,21.718204578210575,20.0,25.0,1.0,0.0,912.0,7.0,12.0
11.0,22.0,11.0,21.0,-121.0,11.0,12.0,-111.0,10.219575484378959,9.0,11.0,30000.0,10000.0,19000.0,0.0,24.590713788902384,16.5,19.0,0.0,10000.0,36900.46503887657,25000.0,0.0,25.89753541010496,17.0,20.0,0.0,122.0,10.209072820001667,9.0,11.0,1.0,13003.212362721291,10000.0,19000.0,1.0,16.5,17.144647605394,19.0,1.0,20121.126318236613,10000.0,25000.0,1.0,18.49265006646311,17.0,20.0,1.0,0.0,111.0,1.0,46.0
11.0,22.0,11.0,22.0,-121.0,21.0,13.0,-111.0,9.991527215309429,9.0,11.0,30000.0,10000.0,19000.0,0.0,26.27117317281727,16.5,19.0,0.0,10000.0,36499.771117094126,25000.0,0.0,27.571287893700802,17.0,20.0,0.0,121.0,10.004841170267785,9.0,11.0,1.0,14249.767883984248,10000.0,19000.0,1.0,16.5,17.401231247144235,19.0,1.0,20758.069143448905,10000.0,25000.0,1.0,18.703052207134863,17.0,20.0,1.0,0.0,211.0,1.0,28.0
11.0,22.0,11.0,22.0,-121.0,11.0,11.0,-111.0,10.00785047111201,9.0,11.0,30000.0,10000.0,19000.0,0.0,25.6071518330054,16.5,19.0,0.0,10000.0,36451.367560683706,25000.0,0.0,26.892315100149407,17.0,20.0,0.0,121.0,10.006265515151192,9.0,11.0,1.0,13159.910653460805,10000.0,19000.0,1.0,16.5,17.15621450859095,19.0,1.0,19671.88689357672,10000.0,25000.0,1.0,18.45345150238961,17.0,20.0,1.0,0.0,111.0,1.0,44.0
11.0,21.0,11.0,22.0,-121.0,11.0,12.0,-111.0,9.999495479478567,9.0,11.0,30000.0,10000.0,19000.0,0.0,25.156745019304857,16.5,19.0,0.0,10000.0,36521.525248566766,25000.0,0.0,26.463053159852148,17.0,20.0,0.0,121.0,10.000231827055291,9.0,11.0,1.0,15180.066897786022,10000.0,19000.0,1.0,16.5,17.59334747390792,19.0,1.0,21662.910153498055,10000.0,25000.0,1.0,18.891907334684333,17.0,20.0,1.0,0.0,111.0,1.0,7.0
11.0,22.0,11.0,22.0,-121.0,11.0,11.0,-111.0,9.991966922074225,9.0,11.0,30000.0,10000.0,19000.0,0.0,26.141385647023547,16.5,19.0,0.0,10000.0,36480.14225059194,25000.0,0.0,27.43626054628607,17.0,20.0,0.0,121.0,10.003019138271652,9.0,11.0,1.0,16231.522023918013,10000.0,19000.0,1.0,16.5,17.79059108284386,19.0,1.0,22761.68895479613,10000.0,25000.0,1.0,19.095462013110225,17.0,20.0,1.0,0.0,111.0,1.0,27.0
81.0,23.0,81.0,23.0,-721.0,912.0,12.0,-711.0,15.24960397490418,12.0,17.0,30000.0,12500.0,23000.0,0.0,27.693845157509266,20.0,24.0,0.0,12500.0,33914.28098891913,26000.0,0.0,28.169411906436846,20.0,25.0,0.0,722.0,14.950105775445273,12.0,17.0,1.0,16947.127388979417,12500.0,23000.0,1.0,20.0,21.590251403728644,24.0,1.0,20972.585487876077,12500.0,26000.0,1.0,22.0793256491535,20.0,25.0,1.0,0.0,912.0,7.0,31.0
11.0,22.0,11.0,22.0,-121.0,11.0,12.0,-111.0,10.191110518035213,9.0,11.0,30000.0,10000.0,19000.0,0.0,23.9324443757012,16.5,19.0,0.0,10000.0,37131.92431043791,25000.0,0.0,25.28253628041482,17.0,20.0,0.0,122.0,10.168523795901496,9.0,11.0,1.0,16312.767011270818,10000.0,19000.0,1.0,16.5,17.798369480100003,19.0,1.0,23380.324719425545,10000.0,25000.0,1.0,19.136276618838295,17.0,20.0,1.0,0.0,111.0,1.0,40.0
11.0,22.0,11.0,22.0,-121.0,11.0,11.0,-111.0,10.224798594398592,9.0,11.0,30000.0,10000.0,19000.0,0.0,27.80310109615787,16.5,19.0,0.0,10000.0,36898.40883006275,25000.0,0.0,29.098289677965976,17.0,20.0,0.0,122.0,10.175958769723938,9.0,11.0,1.0,13878.718101830758,10000.0,19000.0,1.0,16.5,17.265193533732003,19.0,1.0,20841.920683119653,10000.0,25000.0,1.0,18.57254725808644,17.0,20.0,1.0,0.0,111.0,1.0,57.0
11.0,21.0,11.0,22.0,-121.0,11.0,12.0,-111.0,9.99314602129452,9.0,11.0,30000.0,10000.0,19000.0,0.0,26.935847983416316,16.5,19.0,0.0,10000.0,36416.54338153012,25000.0,0.0,28.215605726311566,17.0,20.0,0.0,121.0,10.017480444416366,9.0,11.0,1.0,15658.916320939548,10000.0,19000.0,1.0,16.5,17.655802586473747,19.0,1.0,22180.867682432072,10000.0,25000.0,1.0,18.956583592284684,17.0,20.0,1.0,0.0,111.0,1.0,51.0
11.0,21.0,11.0,22.0,-121.0,21.0,13.0,-111.0,10.191240511895732,9.0,11.0,30000.0,10000.0,19000.0,0.0,26.07036549107446,16.5,19.0,0.0,10000.0,37054.904063575654,25000.0,0.0,27.40070864493181,17.0,20.0,0.0,122.0,10.17832919169689,9.0,11.0,1.0,14851.029078208736,10000.0,19000.0,1.0,16.5,17.50114980840424,19.0,1.0,21748.27710141881,10000.0,25000.0,1.0,18.80176376508547,17.0,20.0,1.0,0.0,211.0,1.0,9.0
11.0,22.0,11.0,22.0,-121.0,11.0,11.0,-111.0,10.220006613491972,9.0,11.0,30000.0,10000.0,19000.0,0.0,24.95053568255149,16.5,19.0,0.0,10000.0,36871.80391013267,25000.0,0.0,26.253083993924825,17.0,20.0,0.0,122.0,10.213211574156968,9.0,11.0,1.0,13755.789432970698,10000.0,19000.0,1.0,16.5,17.35909963240497,19.0,1.0,20675.894642826475,10000.0,25000.0,1.0,18.670803440240988,17.0,20.0,1.0,0.0,111.0,1.0,50.0
11.0,22.0,11.0,22.0,-121.0,11.0,12.0,-111.0,10.019265909375495,9.0,11.0,30000.0,10000.0,19000.0,0.0,23.58825838210437,16.5,19.0,0.0,10000.0,36567.94827500103,25000.0,0.0,24.902722210692655,17.0,20.0,0.0,121.0,9.97763754993749,9.0,11.0,1.0,16250.38929931222,10000.0,19000.0,1.0,16.5,17.740194978927008,19.0,1.0,22750.806962151935,10000.0,25000.0,1.0,19.041143696967552,17.0,20.0,1.0,0.0,111.0,1.0,49.0
91.0,21.0,91.0,24.0,-721.0,911.0,11.0,-711.0,15.335139482476237,12.0,17.0,30000.0,18000.0,36000.0,1.0,25.246662824637276,20.0,25.0,0.0,18000.0,33892.81507396343,36000.0,1.0,25.722966333704015,20.0,26.0,1.0,722.0,15.449797534834229,12.0,17.0,1.0,24516.183388361707,18000.0,36000.0,1.0,20.0,23.47088063252871,25.0,1.0,28540.57974914324,18000.0,36000.0,1.0,23.963283706421468,20.0,26.0,1.0,0.0,91121.0,7.0,18.0
11.0,22.0,11.0,22.0,-121.0,11.0,12.0,-111.0,9.986546003483719,9.0,11.0,30000.0,10000.0,19000.0,0.0,24.018110460112638,16.5,19.0,0.0,10000.0,36453.84167165178,25000.0,0.0,25.313444927808387,17.0,20.0,0.0,121.0,9.992350185916214,9.0,11.0,1.0,16944.389377483723,10000.0,19000.0,1.0,16.5,17.910300681991178,19.0,1.0,23448.86016476121,10000.0,25000.0,1.0,19.215796793228165,17.0,20.0,1.0,0.0,111.0,1.0,14.0
81.0,21.0,81.0,23.0,-721.0,912.0,12.0,-711.0,15.112830983514723,12.0,17.0,30000.0,12500.0,23000.0,0.0,26.746260642635363,20.0,24.0,0.0,12500.0,34062.22144281185,26000.0,0.0,27.242241995723433,20.0,25.0,0.0,722.0,15.218633515457263,12.0,17.0,1.0,17279.35625479468,12500.0,23000.0,1.0,20.0,21.85345403274895,24.0,1.0,21298.44950477536,12500.0,26000.0,1.0,22.344169602142607,20.0,25.0,1.0,0.0,912.0,7.0,7.0
91.0,24.0,91.0,24.0,-721.0,911.0,12.0,-711.0,14.985251715120109,12.0,17.0,30000.0,18000.0,36000.0,1.0,24.309287971887745,20.0,25.0,1.0,18000.0,34045.66528773662,36000.0,1.0,24.80330507521661,20.0,26.0,1.0,722.0,15.102792099668973,12.0,17.0,1.0,25739.136947482948,18000.0,36000.0,1.0,20.0,23.286788556939936,25.0,1.0,29692.03982552348,18000.0,36000.0,1.0,23.769478421439928,20.0,26.0,1.0,1.0,91121.0,7.0,13.0
11.0,22.0,11.0,22.0,-121.0,11.0,11.0,-111.0,9.981492707735178,9.0,11.0,30000.0,10000.0,19000.0,0.0,23.54580099985354,16.5,19.0,0.0,10000.0,36374.14231195807,25000.0,0.0,24.822588809337702,17.0,20.0,0.0,121.0,10.000545114368064,9.0,11.0,1.0,14637.673741606437,10000.0,19000.0,1.0,16.5,17.453167328604838,19.0,1.0,21111.13505732836,10000.0,25000.0,1.0,18.749849468502347,17.0,20.0,1.0,0.0,111.0,1.0,50.0
11.0,21.0,11.0,21.0,-121.0,21.0,13.0,-111.0,10.191704217668486,9.0,11.0,30000.0,10000.0,19000.0,0.0,26.673448246745757,16.5,19.0,0.0,10000.0,37041.39432052086,25000.0,0.0,28.003054431361857,17.0,20.0,0.0,122.0,10.205972857590686,9.0,11.0,1.0,12967.625053971602,10000.0,19000.0,1.0,16.5,17.142498593607602,19.0,1.0,19985.527454044073,10000.0,25000.0,1.0,18.467668866627946,17.0,20.0,1.0,0.0,211.0,1.0,34.0
11.0,22.0,11.0,22.0,-121.0,21.0,12.0,-111.0,10.008906208252121,9.0,11.0,30000.0,10000.0,19000.0,0.0,23.731882724520233,16.5,19.0,0.0,10000.0,36489.47654986758,25000.0,0.0,25.03245351516988,17.0,20.0,0.0,121.0,9.994185210943725,9.0,11.0,1.0,16525.872163144704,10000.0,19000.0,1.0,16.5,17.857144994931588,19.0,1.0,22992.119761098653,10000.0,25000.0,1.0,19.153060418368774,17.0,20.0,1.0,0.0,211.0,1.0,23.0
11.0,22.0,11.0,22.0,-121.0,21.0,13.0,-111.0,10.199393320776306,9.0,11.0,30000.0,10000.0,19000.0,0.0,25.05827192292323,16.5,19.0,0.0,10000.0,37101.75532319638,25000.0,0.0,26.3994232092247,17.0,20.0,0.0,122.0,10.204855243115253,9.0,11.0,1.0,13041.50732940191,10000.0,19000.0,1.0,16.5,17.187464568792276,19.0,1.0,19834.868359927197,10000.0,25000.0,1.0,18.470376253265602,17.0,20.0,1.0,0.0,211.0,1.0,36.0
11.0,22.0,11.0,22.0,-121.0,11.0,11.0,-111.0,10.192408298590186,9.0,11.0,30000.0,10000.0,19000.0,0.0,24.01921347878306,16.5,19.0,0.0,10000.0,37077.947969399116,25000.0,0.0,25.36097405899774,17.0,20.0,0.0,122.0,10.201613296542126,9.0,11.0,1.0,14170.326609883212,10000.0,19000.0,1.0,16.5,17.3985621932391,19.0,1.0,21222.274326234263,10000.0,25000.0,1.0,18.735393927584,17.0,20.0,1.0,0.0,111.0,1.0,11.0
11.0,22.0,11.0,22.0,-121.0,21.0,13.0,-111.0,9.99515411664528,9.0,11.0,30000.0,10000.0,19000.0,0.0,26.23422422129635,16.5,19.0,0.0,10000.0,36475.30150395825,25000.0,0.0,27.538825085378754,17.0,20.0,0.0,121.0,9.992189246773581,9.0,11.0,1.0,14045.836847258339,10000.0,19000.0,1.0,16.5,17.31280109942982,19.0,1.0,20493.680564487644,10000.0,25000.0,1.0,18.61186995048233,17.0,20.0,1.0,0.0,211.0,1.0,16.0
11.0,21.0,11.0,22.0,-121.0,11.0,11.0,-111.0,10.00441105936713,9.0,11.0,30000.0,10000.0,19000.0,0.0,23.645637145337986,16.5,19.0,0.0,10000.0,36530.779027032826,25000.0,0.0,24.961380458570442,17.0,20.0,0.0,121.0,9.994665505595785,9.0,11.0,1.0,17634.934302041092,10000.0,19000.0,1.0,16.5,18.080662150250618,19.0,1.0,24242.630000525583,10000.0,25000.0,1.0,19.41190171526555,17.0,20.0,1.0,0.0,111.0,1.0,29.0
11.0,22.0,11.0,22.0,-121.0,21.0,13.0,-111.0,9.989975977807024,9.0,11.0,30000.0,10000.0,19000.0,0.0,24.419669810672083,16.5,19.0,0.0,10000.0,36572.85461394306,25000.0,0.0,25.7366366586816,17.0,20.0,0.0,121.0,9.997304760151435,9.0,11.0,1.0,13254.166466479275,10000.0,19000.0,1.0,16.5,17.200095835140424,19.0,1.0,19735.42654437735,10000.0,25000.0,1.0,18.498710388064307,17.0,20.0,1.0,0.0,211.0,1.0,36.0
11.0,22.0,11.0,22.0,-121.0,11.0,11.0,-111.0,10.210746912084957,9.0,11.0,30000.0,10000.0,19000.0,0.0,24.905921773517818,16.5,19.0,0.0,10000.0,37078.36431618671,25000.0,0.0,26.24600295548734,17.0,20.0,0.0,122.0,10.188309324883727,9.0,11.0,1.0,15985.675182413228,10000.0,19000.0,1.0,16.5,17.722253489732285,19.0,1.0,22897.15743337582,10000.0,25000.0,1.0,19.030740435346434,17.0,20.0,1.0,0.0,111.0,1.0,30.0
11.0,22.0,11.0,22.0,-121.0,11.0,11.0,-111.0,10.183177763851985,9.0,11.0,30000.0,10000.0,19000.0,0.0,24.310767798723056,16.5,19.0,0.0,10000.0,37110.46285670676,25000.0,0.0,25.651971972663148,17.0,20.0,0.0,122.0,10.203009555423064,9.0,11.0,1.0,15763.055285771128,10000.0,19000.0,1.0,16.5,17.735815628147588,19.0,1.0,22730.446780958453,10000.0,25000.0,1.0,19.050033105003653,17.0,20.0,1.0,0.0,111.0,1.0,11.0
91.0,24.0,91.0,21.0,-721.0,911.0,11.0,-711.0,15.212269991441248,12.0,17.0,30000.0,18000.0,36000.0,1.0,24.87985623136276,20.0,25.0,1.0,18000.0,34005.17402559864,36000.0,1.0,25.367721005899714,20.0,26.0,1.0,722.0,15.188680321086839,12.0,17.0,1.0,21372.654344624196,18000.0,36000.0,1.0,20.0,22.748621651893018,25.0,1.0,25389.30292412824,18000.0,36000.0,1.0,23.23788412615992,20.0,26.0,1.0,1.0,91121.0,7.0,15.0
81.0,21.0,81.0,23.0,-721.0,912.0,12.0,-711.0,13.851542617781485,12.0,17.0,30000.0,12500.0,23000.0,0.0,26.3939400000283,20.0,24.0,0.0,12500.0,34511.79722900351,26000.0,0.0,26.959207023606673,20.0,25.0,0.0,721.0,14.866155563924648,12.0,17.0,1.0,17572.750157780247,12500.0,23000.0,1.0,20.0,21.62615049091417,24.0,1.0,22110.5217799523,12500.0,26000.0,1.0,22.194671753805707,20.0,25.0,1.0,0.0,912.0,7.0,7.0
81.0,23.0,81.0,23.0,-721.0,912.0,12.0,-711.0,14.607555433061048,12.0,17.0,30000.0,12500.0,23000.0,0.0,26.060978032810773,20.0,24.0,0.0,12500.0,34393.00784520803,26000.0,0.0,26.60929063614917,20.0,25.0,0.0,721.0,15.398856606035265,12.0,17.0,1.0,16013.442011970936,12500.0,23000.0,1.0,20.0,22.056040452188192,24.0,1.0,20493.382424195453,12500.0,26000.0,1.0,22.615203530603182,20.0,25.0,1.0,0.0,912.0,7.0,10.0
11.0,22.0,11.0,22.0,-121.0,21.0,13.0,-111.0,10.210011216624025,9.0,11.0,30000.0,10000.0,19000.0,0.0,26.300545131037662,16.5,19.0,0.0,10000.0,37153.288108773784,25000.0,0.0,27.655879221332718,17.0,20.0,0.0,122.0,10.194212442232754,9.0,11.0,1.0,12509.734561001458,10000.0,19000.0,1.0,16.5,17.061581539359004,19.0,1.0,19566.916426637392,10000.0,25000.0,1.0,18.398706371808686,17.0,20.0,1.0,0.0,211.0,1.0,4.0
11.0,22.0,11.0,21.0,-121.0,11.0,11.0,-111.0,10.203000434294308,9.0,11.0,30000.0,10000.0,19000.0,0.0,25.54383793966006,16.5,19.0,0.0,10000.0,37048.20519438859,25000.0,0.0,26.876335653735953,17.0,20.0,0.0,122.0,10.19819562534225,9.0,11.0,1.0,11730.001267815464,10000.0,19000.0,1.0,16.5,16.913806237077353,19.0,1.0,18673.16740258557,10000.0,25000.0,1.0,18.22644580245154,17.0,20.0,1.0,0.0,111.0,1.0,1.0
11.0,22.0,11.0,22.0,-121.0,11.0,11.0,-111.0,9.995480159666725,9.0,11.0,30000.0,10000.0,19000.0,0.0,24.42832037401041,16.5,19.0,0.0,10000.0,36499.705196212526,25000.0,0.0,25.725102636791142,17.0,20.0,0.0,121.0,9.989331959813692,9.0,11.0,1.0,14381.499003709967,10000.0,19000.0,1.0,16.5,17.382295784008477,19.0,1.0,20874.64893804318,10000.0,25000.0,1.0,18.67777018018967,17.0,20.0,1.0,0.0,111.0,1.0,17.0
11.0,21.0,11.0,22.0,-121.0,21.0,13.0,-111.0,9.99053779140863,9.0,11.0,30000.0,10000.0,19000.0,0.0,26.55777413043733,16.5,19.0,0.0,10000.0,36399.939957489856,25000.0,0.0,27.834660603079627,17.0,20.0,0.0,121.0,10.005738058008983,9.0,11.0,1.0,13324.640435742696,10000.0,19000.0,1.0,16.5,17.20362296058043,19.0,1.0,19830.281020858187,10000.0,25000.0,1.0,18.50159833444078,17.0,20.0,1.0,0.0,211.0,1.0,9.0
81.0,23.0,81.0,23.0,-721.0,912.0,11.0,-711.0,15.368719893588171,12.0,17.0,30000.0,12500.0,23000.0,0.0,26.414141375272102,20.0,24.0,0.0,12500.0,34048.85480557154,26000.0,0.0,26.908471129171843,20.0,25.0,0.0,722.0,15.173057074030277,12.0,17.0,1.0,17922.080026157768,12500.0,23000.0,1.0,20.0,21.949352595118963,24.0,1.0,21914.703959346814,12500.0,26000.0,1.0,22.436817051387347,20.0,25.0,1.0,0.0,912.0,7.0,17.0
11.0,22.0,11.0,21.0,-121.0,11.0,12.0,-111.0,10.19362370166081,9.0,11.0,30000.0,10000.0,19000.0,0.0,24.191963220388125,16.5,19.0,0.0,10000.0,36951.31598802249,25000.0,0.0,25.498608207111992,17.0,20.0,0.0,122.0,10.241080069923553,9.0,11.0,1.0,13916.134732531702,10000.0,19000.0,1.0,16.5,17.37587868984682,19.0,1.0,20961.50684068243,10000.0,25000.0,1.0,18.70020348828519,17.0,20.0,1.0,0.0,111.0,1.0,46.0
11.0,22.0,11.0,22.0,-121.0,11.0,11.0,-111.0,10.000696652176355,9.0,11.0,30000.0,10000.0,19000.0,0.0,24.11748925349532,16.5,19.0,0.0,10000.0,36564.58175852925,25000.0,0.0,25.42858307337132,17.0,20.0,0.0,121.0,9.985127482844051,9.0,11.0,1.0,15301.398684858437,10000.0,19000.0,1.0,16.5,17.53776207825414,19.0,1.0,21701.45524651571,10000.0,25000.0,1.0,18.815996536061494,17.0,20.0,1.0,0.0,111.0,1.0,30.0
11.0,22.0,11.0,22.0,-121.0,11.0,11.0,-111.0,10.181004642282204,9.0,11.0,30000.0,10000.0,19000.0,0.0,24.77878858056132,16.5,19.0,0.0,10000.0,37235.14964120407,25000.0,0.0,26.145098504925336,17.0,20.0,0.0,122.0,10.181422263827242,9.0,11.0,1.0,14552.412211393501,10000.0,19000.0,1.0,16.5,17.4545859357874,19.0,1.0,21606.770049093506,10000.0,25000.0,1.0,18.786754529616314,17.0,20.0,1.0,0.0,111.0,1.0,44.0
11.0,22.0,11.0,22.0,-121.0,11.0,11.0,-111.0,10.009035783065308,9.0,11.0,30000.0,10000.0,19000.0,0.0,26.195797445428255,16.5,19.0,0.0,10000.0,36485.740984330376,25000.0,0.0,27.492178805202744,17.0,20.0,0.0,121.0,9.993008468508025,9.0,11.0,1.0,12057.20063539998,10000.0,19000.0,1.0,16.5,16.98277735911345,19.0,1.0,18535.85309630527,10000.0,25000.0,1.0,18.27774185230958,17.0,20.0,1.0,0.0,111.0,1.0,57.0
11.0,22.0,11.0,22.0,-121.0,11.0,11.0,-111.0,10.20470415255215,9.0,11.0,30000.0,10000.0,19000.0,0.0,23.219683377879292,16.5,19.0,0.0,10000.0,36829.28197043885,25000.0,0.0,24.50097624340908,17.0,20.0,0.0,122.0,10.203989762399413,9.0,11.0,1.0,16151.124049983691,10000.0,19000.0,1.0,16.5,17.776846393829864,19.0,1.0,23219.061783101777,10000.0,25000.0,1.0,19.102915258851564,17.0,20.0,1.0,0.0,111.0,1.0,27.0
11.0,22.0,11.0,22.0,-121.0,21.0,13.0,-111.0,10.005445230851043,9.0,11.0,30000.0,10000.0,19000.0,0.0,25.41142693500675,16.5,19.0,0.0,10000.0,36667.070702215926,25000.0,0.0,26.7454394096395,17.0,20.0,0.0,121.0,10.005893316991239,9.0,11.0,1.0,14596.80862484292,10000.0,19000.0,1.0,16.5,17.434059152148645,19.0,1.0,21121.564135990615,10000.0,25000.0,1.0,18.73959581653512,17.0,20.0,1.0,0.0,211.0,1.0,5.0
11.0,22.0,11.0,21.0,-121.0,11.0,11.0,-111.0,9.993601801298906,9.0,11.0,30000.0,10000.0,19000.0,0.0,24.17465000212308,16.5,19.0,0.0,10000.0,36556.17764635994,25000.0,0.0,25.47874068444215,17.0,20.0,0.0,121.0,9.98236339479855,9.0,11.0,1.0,14073.580002113426,10000.0,19000.0,1.0,16.5,17.28262424072367,19.0,1.0,20529.54125021856,10000.0,25000.0,1.0,18.566780858069347,17.0,20.0,1.0,0.0,111.0,1.0,26.0
11.0,22.0,11.0,21.0,-121.0,11.0,11.0,-111.0,9.994058744794794,9.0,11.0,30000.0,10000.0,19000.0,0.0,24.985311025187666,16.5,19.0,0.0,10000.0,36537.35419199572,25000.0,0.0,26.29359017847132,17.0,20.0,0.0,121.0,9.987214338318903,9.0,11.0,1.0,14390.752145452596,10000.0,19000.0,1.0,16.5,17.35516499815931,19.0,1.0,20915.983797447123,10000.0,25000.0,1.0,18.661018144544357,17.0,20.0,1.0,0.0,111.0,1.0,1.0
91.0,21.0,91.0,24.0,-721.0,911.0,12.0,-711.0,15.333138494024375,12.0,17.0,30000.0,18000.0,36000.0,1.0,24.73602484059566,20.0,25.0,1.0,18000.0,33935.649549431844,36000.0,1.0,25.215085276623686,20.0,26.0,1.0,722.0,14.89658811229958,12.0,17.0,1.0,30742.87576149189,18000.0,36000.0,1.0,20.0,23.674935694289182,25.0,1.0,34763.69937173888,18000.0,36000.0,1.0,24.164363802082665,20.0,26.0,1.0,1.0,91121.0,7.0,26.0
11.0,21.0,11.0,22.0,-121.0,11.0,12.0,-111.0,9.979948531667098,9.0,11.0,30000.0,10000.0,19000.0,0.0,24.733560243615038,16.5,19.0,0.0,10000.0,36480.44563739719,25000.0,0.0,26.02768469308487,17.0,20.0,0.0,121.0,10.005578059286023,9.0,11.0,1.0,16569.48383660795,10000.0,19000.0,1.0,16.5,17.777878156382606,19.0,1.0,23072.664520013153,10000.0,25000.0,1.0,19.07654272246556,17.0,20.0,1.0,0.0,111.0,1.0,51.0
81.0,23.0,81.0,21.0,-721.0,912.0,12.0,-711.0,16.406939894391304,12.0,17.0,30000.0,12500.0,23000.0,0.0,26.964820124199157,20.0,24.0,0.0,12500.0,34547.33871114522,26000.0,0.0,27.534658644345747,20.0,25.0,0.0,721.0,15.166089267140169,12.0,17.0,1.0,16050.482495848712,12500.0,23000.0,1.0,20.0,21.58033049879311,24.0,1.0,20548.064323979903,12500.0,26000.0,1.0,22.14393385802804,20.0,25.0,1.0,0.0,912.0,7.0,11.0
11.0,22.0,11.0,22.0,-121.0,21.0,13.0,-111.0,10.199352491009586,9.0,11.0,30000.0,10000.0,19000.0,0.0,24.679465187070697,16.5,19.0,0.0,10000.0,37059.39272705451,25000.0,0.0,26.01166934817952,17.0,20.0,0.0,122.0,10.19336390082266,9.0,11.0,1.0,14092.0407084894,10000.0,19000.0,1.0,16.5,17.363702713876435,19.0,1.0,21094.56500754854,10000.0,25000.0,1.0,18.685175023204184,17.0,20.0,1.0,0.0,211.0,1.0,16.0
11.0,22.0,11.0,22.0,-121.0,21.0,13.0,-111.0,10.18206872668255,9.0,11.0,30000.0,10000.0,19000.0,0.0,25.38717705322334,16.5,19.0,0.0,10000.0,37067.04481332881,25000.0,0.0,26.721550789757554,17.0,20.0,0.0,122.0,10.173858750319202,9.0,11.0,1.0,10107.272697262628,10000.0,19000.0,1.0,16.5,16.64688795651338,19.0,1.0,17086.26951326928,10000.0,25000.0,1.0,17.964636789953794,17.0,20.0,1.0,0.0,211.0,1.0,31.0
11.0,22.0,11.0,22.0,-121.0,21.0,13.0,-111.0,9.996179126711972,9.0,11.0,30000.0,10000.0,19000.0,0.0,24.85056431877735,16.5,19.0,0.0,10000.0,36433.799039063706,25000.0,0.0,26.13854585166996,17.0,20.0,0.0,121.0,9.994470153116398,9.0,11.0,1.0,16049.946981058642,10000.0,19000.0,1.0,16.5,17.74693011259467,19.0,1.0,22602.894787964786,10000.0,25000.0,1.0,19.05876402441864,17.0,20.0,1.0,0.0,211.0,1.0,28.0
11.0,21.0,11.0,22.0,-121.0,11.0,12.0,-111.0,10.033743846364484,9.0,11.0,30000.0,10000.0,19000.0,0.0,25.51846607629806,16.5,19.0,0.0,10000.0,36539.336756740115,25000.0,0.0,26.819095961133172,17.0,20.0,0.0,121.0,10.016698599241598,9.0,11.0,1.0,17302.080208385883,10000.0,19000.0,1.0,16.5,17.914907182820933,19.0,1.0,23832.149012886202,10000.0,25000.0,1.0,19.213693734592965,17.0,20.0,1.0,0.0,111.0,1.0,51.0
91.0,24.0,91.0,24.0,-721.0,911.0,11.0,-711.0,15.077175887180987,12.0,17.0,30000.0,18000.0,36000.0,1.0,24.173797424372868,20.0,25.0,1.0,18000.0,34537.12138748384,36000.0,1.0,24.742460787183518,20.0,26.0,1.0,721.0,15.353472016921817,12.0,17.0,1.0,24590.533942864076,18000.0,36000.0,1.0,20.0,23.388784628905555,25.0,1.0,29102.56862242331,18000.0,36000.0,1.0,23.954303731188016,20.0,26.0,1.0,1.0,91121.0,7.0,16.0
11.0,22.0,11.0,22.0,-121.0,21.0,13.0,-111.0,10.181774859257695,9.0,11.0,30000.0,10000.0,19000.0,0.0,26.191230714024236,16.5,19.0,0.0,10000.0,37026.31141658402,25000.0,0.0,27.517059823415487,17.0,20.0,0.0,122.0,10.190128378473268,9.0,11.0,1.0,14537.544501937256,10000.0,19000.0,1.0,16.5,17.453141121202336,19.0,1.0,21580.72823568048,10000.0,25000.0,1.0,18.78215395074293,17.0,20.0,1.0,0.0,211.0,1.0,22.0
11.0,21.0,11.0,22.0,-121.0,11.0,12.0,-111.0,10.192627764491833,9.0,11.0,30000.0,10000.0,19000.0,0.0,24.602005664214417,16.5,19.0,0.0,10000.0,36841.93030317579,25000.0,0.0,25.895009878887226,17.0,20.0,0.0,122.0,10.204556684920895,9.0,11.0,1.0,11728.74162857804,10000.0,19000.0,1.0,16.5,16.954191918819575,19.0,1.0,18827.12610065982,10000.0,25000.0,1.0,18.29566145052608,17.0,20.0,1.0,0.0,111.0,1.0,51.0
11.0,22.0,11.0,21.0,-121.0,11.0,11.0,-111.0,10.000608448495582,9.0,11.0,30000.0,10000.0,19000.0,0.0,23.333976039726693,16.5,19.0,0.0,10000.0,36534.44185322091,25000.0,0.0,24.641220036883496,17.0,20.0,0.0,121.0,9.99321727401915,9.0,11.0,1.0,11088.270298820065,10000.0,19000.0,1.0,16.5,16.705086150249915,19.0,1.0,17576.086858790914,10000.0,25000.0,1.0,18.00300255124994,17.0,20.0,1.0,0.0,111.0,1.0,1.0
81.0,23.0,81.0,23.0,-721.0,912.0,12.0,-711.0,15.050193537624223,12.0,17.0,30000.0,12500.0,23000.0,0.0,27.973579597960175,20.0,24.0,0.0,12500.0,34048.41937162515,26000.0,0.0,28.469641444415902,20.0,25.0,0.0,722.0,15.367202265914264,12.0,17.0,1.0,18993.737489580366,12500.0,23000.0,1.0,20.0,22.358946658862834,24.0,1.0,22912.259322389877,12500.0,26000.0,1.0,22.839091870444573,20.0,25.0,1.0,0.0,912.0,7.0,31.0
91.0,24.0,91.0,21.0,-721.0,911.0,12.0,-711.0,14.762437899694566,12.0,17.0,30000.0,18000.0,36000.0,1.0,25.186127160842965,20.0,25.0,0.0,18000.0,34515.42841945544,36000.0,1.0,25.750253932339444,20.0,26.0,1.0,721.0,14.118422042338729,12.0,17.0,1.0,28467.146666753022,18000.0,36000.0,1.0,20.0,22.612289004197102,25.0,1.0,32954.33347266402,18000.0,36000.0,1.0,23.172887461480464,20.0,26.0,1.0,0.0,91121.0,7.0,14.0
11.0,21.0,11.0,22.0,-121.0,11.0,11.0,-111.0,9.992049063524824,9.0,11.0,30000.0,10000.0,19000.0,0.0,24.812638555307064,16.5,19.0,0.0,10000.0,36550.23164004166,25000.0,0.0,26.12036082802064,17.0,20.0,0.0,121.0,10.01163169847249,9.0,11.0,1.0,13341.687906951662,10000.0,19000.0,1.0,16.5,17.210003290384556,19.0,1.0,19912.973421985043,10000.0,25000.0,1.0,18.521928868075207,17.0,20.0,1.0,0.0,111.0,1.0,35.0
11.0,22.0,11.0,21.0,-121.0,11.0,12.0,-111.0,9.982196186976847,9.0,11.0,30000.0,10000.0,19000.0,0.0,24.89214905084779,16.5,19.0,0.0,10000.0,36502.696215769,25000.0,0.0,26.19490812626492,17.0,20.0,0.0,121.0,9.992153820598768,9.0,11.0,1.0,16398.382204753707,10000.0,19000.0,1.0,16.5,17.740584537779547,19.0,1.0,22943.684576351352,10000.0,25000.0,1.0,19.051879388870745,17.0,20.0,1.0,0.0,111.0,1.0,10.0
11.0,22.0,11.0,22.0,-121.0,11.0,11.0,-111.0,9.992300722462012,9.0,11.0,30000.0,10000.0,19000.0,0.0,23.917923375057114,16.5,19.0,0.0,10000.0,36488.31014623511,25000.0,0.0,25.218464197199392,17.0,20.0,0.0,121.0,10.00795693070165,9.0,11.0,1.0,15069.157045594402,10000.0,19000.0,1.0,16.5,17.56533530932151,19.0,1.0,21512.992817641963,10000.0,25000.0,1.0,18.85696152382844,17.0,20.0,1.0,0.0,111.0,1.0,55.0
91.0,24.0,91.0,21.0,-721.0,911.0,11.0,-711.0,15.484393320030392,12.0,17.0,30000.0,18000.0,36000.0,1.0,24.848702140059345,20.0,25.0,1.0,18000.0,34414.077169587414,36000.0,1.0,25.40119043979485,20.0,26.0,1.0,721.0,15.430184900757398,12.0,17.0,1.0,22085.669958087296,18000.0,36000.0,1.0,20.0,23.146910888108046,25.0,1.0,26622.64775743114,18000.0,36000.0,1.0,23.71478205437755,20.0,26.0,1.0,1.0,91121.0,7.0,15.0
11.0,21.0,11.0,22.0,-121.0,21.0,12.0,-111.0,10.007233377945784,9.0,11.0,30000.0,10000.0,19000.0,0.0,24.94431244222729,16.5,19.0,0.0,10000.0,36563.998175375404,25000.0,0.0,26.249100999397523,17.0,20.0,0.0,121.0,9.995256529081471,9.0,11.0,1.0,16411.34999560669,10000.0,19000.0,1.0,16.5,17.78436993473366,19.0,1.0,22899.606699859407,10000.0,25000.0,1.0,19.07410263689241,17.0,20.0,1.0,0.0,211.0,1.0,37.0
11.0,22.0,11.0,21.0,-121.0,21.0,12.0,-111.0,9.988064603700323,9.0,11.0,30000.0,10000.0,19000.0,0.0,24.607140345174518,16.5,19.0,0.0,10000.0,36512.947374181174,25000.0,0.0,25.900986289244184,17.0,20.0,0.0,121.0,10.005381528283717,9.0,11.0,1.0,14252.2770651275,10000.0,19000.0,1.0,16.5,17.314299022335938,19.0,1.0,20767.60886053507,10000.0,25000.0,1.0,18.60861864960239,17.0,20.0,1.0,0.0,211.0,1.0,53.0
91.0,24.0,91.0,24.0,-721.0,911.0,12.0,-711.0,15.18465578413154,12.0,17.0,30000.0,18000.0,36000.0,1.0,24.514801565122248,20.0,25.0,1.0,18000.0,33989.457719486796,36000.0,1.0,24.998001930175718,20.0,26.0,1.0,722.0,15.487367757264401,12.0,17.0,1.0,28437.823306816,18000.0,36000.0,1.0,20.0,23.970889686056974,25.0,1.0,32498.516775922657,18000.0,36000.0,1.0,24.46271807593022,20.0,26.0,1.0,1.0,91121.0,7.0,24.0
91.0,24.0,91.0,24.0,-721.0,911.0,12.0,-711.0,14.862007829468983,12.0,17.0,30000.0,18000.0,36000.0,1.0,24.220903317655203,20.0,25.0,1.0,18000.0,34023.00399372251,36000.0,1.0,24.70988086389394,20.0,26.0,1.0,722.0,14.948458406228486,12.0,17.0,1.0,25977.931606233895,18000.0,36000.0,1.0,20.0,23.149365246472584,25.0,1.0,29879.885774945546,18000.0,36000.0,1.0,23.623629745819297,20.0,26.0,1.0,1.0,91121.0,7.0,24.0
11.0,22.0,11.0,21.0,-121.0,11.0,11.0,-111.0,10.000067160528168,9.0,11.0,30000.0,10000.0,19000.0,0.0,25.22434071893281,16.5,19.0,0.0,10000.0,36463.771252346,25000.0,0.0,26.508182964966768,17.0,20.0,0.0,121.0,9.986647946217253,9.0,11.0,1.0,11921.601412320571,10000.0,19000.0,1.0,16.5,16.847790788353933,19.0,1.0,18387.081044039405,10000.0,25000.0,1.0,18.131972354813296,17.0,20.0,1.0,0.0,111.0,1.0,0.0
11.0,22.0,11.0,22.0,-121.0,21.0,13.0,-111.0,9.986876581834148,9.0,11.0,30000.0,10000.0,19000.0,0.0,25.027036907065707,16.5,19.0,0.0,10000.0,36448.82083552806,25000.0,0.0,26.312652512967688,17.0,20.0,0.0,121.0,9.995048635097403,9.0,11.0,1.0,13113.863275227932,10000.0,19000.0,1.0,16.5,17.119480971679668,19.0,1.0,19573.147631535452,10000.0,25000.0,1.0,18.407182550498224,17.0,20.0,1.0,0.0,211.0,1.0,21.0
92.0,24.0,92.0,24.0,-721.0,921.0,13.0,-711.0,14.396521829046184,12.0,17.0,30000.0,15000.0,28000.0,0.0,23.50849316651736,19.5,25.0,1.0,15000.0,34540.70428139174,28000.0,0.0,24.07528455500907,20.0,26.0,1.0,721.0,14.956185761650694,12.0,17.0,1.0,22925.475736324825,15000.0,28000.0,1.0,19.5,21.901530821455562,25.0,1.0,27400.619162765746,15000.0,28000.0,1.0,22.460138605443326,20.0,26.0,1.0,0.0,92122.0,7.0,20.0
11.0,22.0,11.0,21.0,-121.0,21.0,13.0,-111.0,10.187916964026696,9.0,11.0,30000.0,10000.0,19000.0,0.0,24.749021871795804,16.5,19.0,0.0,10000.0,36926.92238246023,25000.0,0.0,26.050273384504763,17.0,20.0,0.0,122.0,10.20349096692828,9.0,11.0,1.0,12154.930983271097,10000.0,19000.0,1.0,16.5,16.977173518549396,19.0,1.0,19107.00244992457,10000.0,25000.0,1.0,18.283149392532064,17.0,20.0,1.0,0.0,211.0,1.0,58.0
11.0,22.0,11.0,22.0,-121.0,21.0,13.0,-111.0,10.189103132396788,9.0,11.0,30000.0,10000.0,19000.0,0.0,26.095791988079874,16.5,19.0,0.0,10000.0,36906.21431750967,25000.0,0.0,27.396822467715747,17.0,20.0,0.0,122.0,10.187537031645233,9.0,11.0,1.0,15438.647642994121,10000.0,19000.0,1.0,16.5,17.63751407425304,19.0,1.0,22671.556960360147,10000.0,25000.0,1.0,19.0000891473256,17.0,20.0,1.0,0.0,211.0,1.0,19.0
81.0,23.0,81.0,23.0,-721.0,912.0,12.0,-711.0,14.624863499097787,12.0,17.0,30000.0,12500.0,23000.0,0.0,25.563814202395207,20.0,24.0,0.0,12500.0,34582.57301271429,26000.0,0.0,26.135611888140122,20.0,25.0,0.0,721.0,15.531260018694532,12.0,17.0,1.0,15263.140369607912,12500.0,23000.0,1.0,20.0,22.082442759745142,24.0,1.0,19774.783685661783,12500.0,26000.0,1.0,22.64539008210501,20.0,25.0,1.0,0.0,912.0,7.0,5.0
11.0,21.0,11.0,22.0,-121.0,21.0,13.0,-111.0,10.204782655500617,9.0,11.0,30000.0,10000.0,19000.0,0.0,26.981681877426624,16.5,19.0,0.0,10000.0,36990.997238931486,25000.0,0.0,28.29958841320687,17.0,20.0,0.0,122.0,10.214451421815395,9.0,11.0,1.0,12083.202077756425,10000.0,19000.0,1.0,16.5,16.99458532219084,19.0,1.0,19105.746855725003,10000.0,25000.0,1.0,18.318439036386952,17.0,20.0,1.0,0.0,211.0,1.0,59.0
11.0,21.0,11.0,22.0,-121.0,21.0,12.0,-111.0,10.224971284766312,9.0,11.0,30000.0,10000.0,19000.0,0.0,25.641538422955477,16.5,19.0,0.0,10000.0,37171.551536511535,25000.0,0.0,26.99648947460143,17.0,20.0,0.0,122.0,10.198198710775966,9.0,11.0,1.0,17391.924206834432,10000.0,19000.0,1.0,16.5,18.022174008507402,19.0,1.0,24339.042632406632,10000.0,25000.0,1.0,19.33472197929376,17.0,20.0,1.0,0.0,211.0,1.0,37.0
11.0,22.0,11.0,22.0,-121.0,21.0,13.0,-111.0,10.202266272713576,9.0,11.0,30000.0,10000.0,19000.0,0.0,25.65492557705982,16.5,19.0,0.0,10000.0,37042.31073236115,25000.0,0.0,26.990810278981368,17.0,20.0,0.0,122.0,10.19884273593433,9.0,11.0,1.0,13712.966566943127,10000.0,19000.0,1.0,16.5,17.314986642598864,19.0,1.0,20700.248990906395,10000.0,25000.0,1.0,18.640432799821788,17.0,20.0,1.0,0.0,211.0,1.0,31.0
11.0,21.0,11.0,22.0,-121.0,21.0,12.0,-111.0,10.0092512318041,9.0,11.0,30000.0,10000.0,19000.0,0.0,25.759868319016682,16.5,19.0,0.0,10000.0,36452.458624566185,25000.0,0.0,27.04379530141417,17.0,20.0,0.0,121.0,10.000727299295296,9.0,11.0,1.0,15688.141449940502,10000.0,19000.0,1.0,16.5,17.653019409209033,19.0,1.0,22193.847042626425,10000.0,25000.0,1.0,18.947541611673415,17.0,20.0,1.0,0.0,211.0,1.0,37.0
81.0,21.0,81.0,21.0,-721.0,912.0,12.0,-711.0,15.248245723276575,12.0,17.0,30000.0,12500.0,23000.0,0.0,26.732757314416716,20.0,24.0,0.0,12500.0,33965.50070304337,26000.0,0.0,27.216337606331763,20.0,25.0,0.0,722.0,15.47140102504165,12.0,17.0,1.0,15629.147418359458,12500.0,23000.0,1.0,20.0,21.761992411132027,24.0,1.0,19641.04955450458,12500.0,26000.0,1.0,22.251231211327607,20.0,25.0,1.0,0.0,912.0,7.0,6.0
11.0,22.0,11.0,21.0,-121.0,11.0,11.0,-111.0,10.182145468771708,9.0,11.0,30000.0,10000.0,19000.0,0.0,23.929821504114692,16.5,19.0,0.0,10000.0,37128.77069612075,25000.0,0.0,25.276848888867136,17.0,20.0,0.0,122.0,10.184355689411257,9.0,11.0,1.0,13818.821879900594,10000.0,19000.0,1.0,16.5,17.274265169912585,19.0,1.0,20844.757799501935,10000.0,25000.0,1.0,18.60186125774424,17.0,20.0,1.0,0.0,111.0,1.0,26.0
11.0,21.0,11.0,22.0,-121.0,21.0,13.0,-111.0,10.187024994686611,9.0,11.0,30000.0,10000.0,19000.0,0.0,24.936124199604194,16.5,19.0,0.0,10000.0,37008.520636595145,25000.0,0.0,26.256975952157294,17.0,20.0,0.0,122.0,10.211414609896678,9.0,11.0,1.0,13707.20203643083,10000.0,19000.0,1.0,16.5,17.333723106486403,19.0,1.0,20941.026954991474,10000.0,25000.0,1.0,18.69703653834711,17.0,20.0,1.0,0.0,211.0,1.0,52.0
11.0,22.0,11.0,22.0,-121.0,11.0,11.0,-111.0,10.2230321929306,9.0,11.0,30000.0,10000.0,19000.0,0.0,26.544415380825242,16.5,19.0,0.0,10000.0,37148.2141925639,25000.0,0.0,27.891354667339492,17.0,20.0,0.0,122.0,10.191036017177971,9.0,11.0,1.0,14165.10488524696,10000.0,19000.0,1.0,16.5,17.36846868411262,19.0,1.0,21046.66405565793,10000.0,25000.0,1.0,18.66516211682219,17.0,20.0,1.0,0.0,111.0,1.0,11.0
11.0,22.0,11.0,22.0,-121.0,11.0,12.0,-111.0,10.184985075545987,9.0,11.0,30000.0,10000.0,19000.0,0.0,24.320914145348915,16.5,19.0,0.0,10000.0,37224.38487394743,25000.0,0.0,25.68318949775958,17.0,20.0,0.0,122.0,10.205398979560892,9.0,11.0,1.0,14407.605007910433,10000.0,19000.0,1.0,16.5,17.482664686038092,19.0,1.0,21511.328613634094,10000.0,25000.0,1.0,18.82218739243669,17.0,20.0,1.0,0.0,111.0,1.0,14.0
11.0,22.0,11.0,21.0,-121.0,21.0,13.0,-111.0,9.990516703613007,9.0,11.0,30000.0,10000.0,19000.0,0.0,24.631277499959424,16.5,19.0,0.0,10000.0,36438.00225556924,25000.0,0.0,25.923334335421295,17.0,20.0,0.0,121.0,10.003588922143624,9.0,11.0,1.0,12108.331265233292,10000.0,19000.0,1.0,16.5,16.90115689695743,19.0,1.0,18628.56132347542,10000.0,25000.0,1.0,18.2097162110285,17.0,20.0,1.0,0.0,211.0,1.0,58.0
11.0,22.0,11.0,21.0,-121.0,11.0,12.0,-111.0,10.208468727108079,9.0,11.0,30000.0,10000.0,19000.0,0.0,23.7178107933348,16.5,19.0,0.0,10000.0,36880.377622788714,25000.0,0.0,25.01274252272374,17.0,20.0,0.0,122.0,10.20475371291212,9.0,11.0,1.0,12935.16259962585,10000.0,19000.0,1.0,16.5,17.123616200164413,19.0,1.0,19948.45380304905,10000.0,25000.0,1.0,18.443563128175626,17.0,20.0,1.0,0.0,111.0,1.0,10.0
11.0,22.0,11.0,22.0,-121.0,11.0,11.0,-111.0,9.990387966238176,9.0,11.0,30000.0,10000.0,19000.0,0.0,25.052049258017988,16.5,19.0,0.0,10000.0,36431.06244373118,25000.0,0.0,26.333114819134344,17.0,20.0,0.0,121.0,9.991084124603976,9.0,11.0,1.0,14471.939647462272,10000.0,19000.0,1.0,16.5,17.412281867534105,19.0,1.0,20946.303427742325,10000.0,25000.0,1.0,18.70197304090169,17.0,20.0,1.0,0.0,111.0,1.0,15.0
11.0,22.0,11.0,21.0,-121.0,21.0,13.0,-111.0,9.98153085262491,9.0,11.0,30000.0,10000.0,19000.0,0.0,25.07120411619112,16.5,19.0,0.0,10000.0,36547.31959737954,25000.0,0.0,26.383666207494628,17.0,20.0,0.0,121.0,9.994109101851569,9.0,11.0,1.0,11598.443144365792,10000.0,19000.0,1.0,16.5,16.810462946408606,19.0,1.0,18087.78484255755,10000.0,25000.0,1.0,18.111302908429188,17.0,20.0,1.0,0.0,211.0,1.0,33.0
11.0,22.0,11.0,22.0,-121.0,21.0,13.0,-111.0,10.183107629633016,9.0,11.0,30000.0,10000.0,19000.0,0.0,24.73743717944074,16.5,19.0,0.0,10000.0,37084.49322285218,25000.0,0.0,26.077249387991607,17.0,20.0,0.0,122.0,10.230302980632338,9.0,11.0,1.0,12715.448551702195,10000.0,19000.0,1.0,16.5,17.18343342885427,19.0,1.0,19601.890502548795,10000.0,25000.0,1.0,18.48579038071914,17.0,20.0,1.0,0.0,211.0,1.0,31.0
92.0,24.0,92.0,24.0,-721.0,921.0,13.0,-711.0,14.750961386485946,12.0,17.0,30000.0,15000.0,28000.0,0.0,24.101447975792265,19.5,25.0,1.0,15000.0,34534.72381098657,28000.0,0.0,24.6677021457237,20.0,26.0,1.0,721.0,15.17202059706395,12.0,17.0,1.0,20498.100713678636,15000.0,28000.0,1.0,19.5,21.772510160675463,25.0,1.0,24980.254540352806,15000.0,28000.0,1.0,22.332199879480235,20.0,26.0,1.0,0.0,92122.0,7.0,25.0
91.0,24.0,91.0,24.0,-721.0,911.0,11.0,-711.0,14.938337335359712,12.0,17.0,30000.0,18000.0,36000.0,1.0,25.10106761097005,20.0,25.0,0.0,18000.0,33975.8568076623,36000.0,1.0,25.586020593858134,20.0,26.0,1.0,722.0,14.998989036495077,12.0,17.0,1.0,25323.933459430074,18000.0,36000.0,1.0,20.0,23.11630423486187,25.0,1.0,29296.511772824506,18000.0,36000.0,1.0,23.600857325185537,20.0,26.0,1.0,0.0,91121.0,7.0,4.0
91.0,24.0,91.0,24.0,-721.0,911.0,12.0,-711.0,15.377154417785901,12.0,17.0,30000.0,18000.0,36000.0,1.0,25.0113576959224,20.0,25.0,0.0,18000.0,34017.89176195866,36000.0,1.0,25.50376908123837,20.0,26.0,1.0,722.0,15.094901838262633,12.0,17.0,1.0,25082.28815694788,18000.0,36000.0,1.0,20.0,23.158599569417518,25.0,1.0,29098.94978636147,18000.0,36000.0,1.0,23.650860196249557,20.0,26.0,1.0,0.0,91121.0,7.0,8.0
91.0,21.0,91.0,24.0,-721.0,911.0,12.0,-711.0,15.146060559030852,12.0,17.0,30000.0,18000.0,36000.0,1.0,25.177461081545395,20.0,25.0,0.0,18000.0,33945.68254670285,36000.0,1.0,25.658059099965993,20.0,26.0,1.0,722.0,14.986064890593719,12.0,17.0,1.0,25163.18914611971,18000.0,36000.0,1.0,20.0,23.131275912397918,25.0,1.0,29206.727758342193,18000.0,36000.0,1.0,23.62379314393881,20.0,26.0,1.0,0.0,91121.0,7.0,26.0
11.0,22.0,11.0,21.0,-121.0,11.0,12.0,-111.0,9.996084785652917,9.0,11.0,30000.0,10000.0,19000.0,0.0,23.686781833992182,16.5,19.0,0.0,10000.0,36488.215032435095,25000.0,0.0,24.982538979123806,17.0,20.0,0.0,121.0,9.999096056221305,9.0,11.0,1.0,14922.67242441419,10000.0,19000.0,1.0,16.5,17.447550483581658,19.0,1.0,21424.881025549446,10000.0,25000.0,1.0,18.74610227508959,17.0,20.0,1.0,0.0,111.0,1.0,10.0
91.0,24.0,91.0,21.0,-721.0,911.0,12.0,-711.0,15.078008176256395,12.0,17.0,30000.0,18000.0,36000.0,1.0,25.0740665155975,20.0,25.0,0.0,18000.0,34029.25203484474,36000.0,1.0,25.563878250867454,20.0,26.0,1.0,722.0,15.272930946231106,12.0,17.0,1.0,26663.830138786863,18000.0,36000.0,1.0,20.0,23.407487281150324,25.0,1.0,30645.953626925468,18000.0,36000.0,1.0,23.891569884799008,20.0,26.0,1.0,0.0,91121.0,7.0,14.0
11.0,22.0,11.0,22.0,-121.0,21.0,13.0,-111.0,10.187657683826524,9.0,11.0,30000.0,10000.0,19000.0,0.0,27.033503543400506,16.5,19.0,0.0,10000.0,37136.70837002848,25000.0,0.0,28.378124099814077,17.0,20.0,0.0,122.0,10.170102080920877,9.0,11.0,1.0,14676.432581826695,10000.0,19000.0,1.0,16.5,17.47727845327161,19.0,1.0,21666.624940015205,10000.0,25000.0,1.0,18.79429406477933,17.0,20.0,1.0,0.0,211.0,1.0,3.0
11.0,21.0,11.0,22.0,-121.0,21.0,13.0,-111.0,10.19944773100898,9.0,11.0,30000.0,10000.0,19000.0,0.0,25.574814126557094,16.5,19.0,0.0,10000.0,37094.49847627705,25000.0,0.0,26.91488978985721,17.0,20.0,0.0,122.0,10.196247273206264,9.0,11.0,1.0,13905.100425373823,10000.0,19000.0,1.0,16.5,17.36679252626777,19.0,1.0,20830.8581023426,10000.0,25000.0,1.0,18.67499483878559,17.0,20.0,1.0,0.0,211.0,1.0,59.0
11.0,22.0,11.0,21.0,-121.0,11.0,12.0,-111.0,9.996522916743922,9.0,11.0,30000.0,10000.0,19000.0,0.0,24.978194111310653,16.5,19.0,0.0,10000.0,36491.761640187666,25000.0,0.0,26.280778346909695,17.0,20.0,0.0,121.0,9.997396639023144,9.0,11.0,1.0,14079.98671059949,10000.0,19000.0,1.0,16.5,17.283219898127875,19.0,1.0,20651.879258556462,10000.0,25000.0,1.0,18.601882551732654,17.0,20.0,1.0,0.0,111.0,1.0,46.0
11.0,22.0,11.0,22.0,-121.0,11.0,11.0,-111.0,10.001999228182813,9.0,11.0,30000.0,10000.0,19000.0,0.0,23.562919220566616,16.5,19.0,0.0,10000.0,36570.877011421144,25000.0,0.0,24.88144194329105,17.0,20.0,0.0,121.0,9.999161445603143,9.0,11.0,1.0,15505.711511476436,10000.0,19000.0,1.0,16.5,17.64478323800862,19.0,1.0,22015.48096161038,10000.0,25000.0,1.0,18.951044019450727,17.0,20.0,1.0,0.0,111.0,1.0,27.0
91.0,24.0,91.0,24.0,-721.0,911.0,12.0,-711.0,15.109193427237187,12.0,17.0,30000.0,18000.0,36000.0,1.0,24.50609522973157,20.0,25.0,1.0,18000.0,33950.299019918704,36000.0,1.0,24.98918549253213,20.0,26.0,1.0,722.0,14.98200904376967,12.0,17.0,1.0,25297.061935511236,18000.0,36000.0,1.0,20.0,23.069937111125185,25.0,1.0,29225.69912864707,18000.0,36000.0,1.0,23.550378304186843,20.0,26.0,1.0,1.0,91121.0,7.0,8.0
11.0,22.0,11.0,22.0,-121.0,21.0,13.0,-111.0,10.012283919841023,9.0,11.0,30000.0,10000.0,19000.0,0.0,25.428097421793012,16.5,19.0,0.0,10000.0,36498.57203748617,25000.0,0.0,26.73212876660065,17.0,20.0,0.0,121.0,10.002255046459014,9.0,11.0,1.0,14535.386731362587,10000.0,19000.0,1.0,16.5,17.41223081442103,19.0,1.0,21029.27017414542,10000.0,25000.0,1.0,18.715321325700778,17.0,20.0,1.0,0.0,211.0,1.0,19.0
11.0,22.0,11.0,22.0,-121.0,21.0,13.0,-111.0,9.991358418305426,9.0,11.0,30000.0,10000.0,19000.0,0.0,26.667439908677423,16.5,19.0,0.0,10000.0,36450.96683449291,25000.0,0.0,27.959774061438413,17.0,20.0,0.0,121.0,9.997405046904799,9.0,11.0,1.0,13639.211905731445,10000.0,19000.0,1.0,16.5,17.267583133866836,19.0,1.0,20082.44063637078,10000.0,25000.0,1.0,18.55836709792834,17.0,20.0,1.0,0.0,211.0,1.0,13.0
11.0,22.0,11.0,21.0,-121.0,11.0,11.0,-111.0,10.01470649912542,9.0,11.0,30000.0,10000.0,19000.0,0.0,24.849856942954133,16.5,19.0,0.0,10000.0,36418.41351679989,25000.0,0.0,26.129758813097233,17.0,20.0,0.0,121.0,10.001726371808159,9.0,11.0,1.0,14632.899877781441,10000.0,19000.0,1.0,16.5,17.388399043377508,19.0,1.0,21036.3525711041,10000.0,25000.0,1.0,18.665317561653783,17.0,20.0,1.0,0.0,111.0,1.0,26.0
11.0,22.0,11.0,21.0,-121.0,21.0,13.0,-111.0,10.199904387041643,9.0,11.0,30000.0,10000.0,19000.0,0.0,24.526681748450137,16.5,19.0,0.0,10000.0,36927.90429818424,25000.0,0.0,25.837983716581235,17.0,20.0,0.0,122.0,10.206692530427377,9.0,11.0,1.0,13589.678286988546,10000.0,19000.0,1.0,16.5,17.24807213580865,19.0,1.0,20746.422009535097,10000.0,25000.0,1.0,18.60268844181692,17.0,20.0,1.0,0.0,211.0,1.0,20.0
81.0,23.0,81.0,23.0,-721.0,912.0,12.0,-711.0,14.924306573009611,12.0,17.0,30000.0,12500.0,23000.0,0.0,26.937012787096656,20.0,24.0,0.0,12500.0,34481.2569252953,26000.0,0.0,27.494195941966897,20.0,25.0,0.0,721.0,14.991802578930095,12.0,17.0,1.0,19439.518151767094,12500.0,23000.0,1.0,20.0,22.033129028572514,24.0,1.0,23937.73140507408,12500.0,26000.0,1.0,22.592420471473115,20.0,25.0,1.0,0.0,912.0,7.0,10.0
11.0,21.0,11.0,21.0,-121.0,11.0,11.0,-111.0,9.99193012474744,9.0,11.0,30000.0,10000.0,19000.0,0.0,28.815697829284648,16.5,19.0,0.0,10000.0,36444.789877731106,25000.0,0.0,30.096796281892683,17.0,20.0,0.0,121.0,10.007275047989136,9.0,11.0,1.0,10656.185070842714,10000.0,19000.0,1.0,16.5,16.59416433486964,19.0,1.0,17082.309519827773,10000.0,25000.0,1.0,17.87155246451331,17.0,20.0,1.0,0.0,111.0,1.0,56.0
91.0,24.0,91.0,21.0,-721.0,911.0,12.0,-711.0,14.993238438765255,12.0,17.0,30000.0,18000.0,36000.0,1.0,24.327460453345008,20.0,25.0,1.0,18000.0,33954.25086597194,36000.0,1.0,24.811441204950064,20.0,26.0,1.0,722.0,15.460920587193932,12.0,17.0,1.0,25900.12986515815,18000.0,36000.0,1.0,20.0,23.579362029311994,25.0,1.0,29862.975150090733,18000.0,36000.0,1.0,24.064394695297086,20.0,26.0,1.0,1.0,91121.0,7.0,14.0
81.0,23.0,81.0,23.0,-721.0,912.0,12.0,-711.0,15.019585970378273,12.0,17.0,30000.0,12500.0,23000.0,0.0,25.613664366569843,20.0,24.0,0.0,12500.0,34453.35465691937,26000.0,0.0,26.170443604945692,20.0,25.0,0.0,721.0,14.916417199729027,12.0,17.0,1.0,17290.534712704335,12500.0,23000.0,1.0,20.0,21.604281466172125,24.0,1.0,21814.91515613148,12500.0,26000.0,1.0,22.169940680737476,20.0,25.0,1.0,0.0,912.0,7.0,10.0
11.0,22.0,11.0,22.0,-121.0,11.0,11.0,-111.0,10.006459423791286,9.0,11.0,30000.0,10000.0,19000.0,0.0,25.672297418152574,16.5,19.0,0.0,10000.0,36525.15855730375,25000.0,0.0,26.979901375439095,17.0,20.0,0.0,121.0,9.98944926751947,9.0,11.0,1.0,15968.656177794397,10000.0,19000.0,1.0,16.5,17.684488924288313,19.0,1.0,22506.641338225883,10000.0,25000.0,1.0,18.99466325850301,17.0,20.0,1.0,0.0,111.0,1.0,44.0
91.0,24.0,91.0,24.0,-721.0,911.0,11.0,-711.0,14.77071604277024,12.0,17.0,30000.0,18000.0,36000.0,1.0,23.529094579492586,20.0,25.0,1.0,18000.0,34589.205957735714,36000.0,1.0,24.10315578958374,20.0,26.0,1.0,721.0,14.725157080568273,12.0,17.0,1.0,21951.188261779873,18000.0,36000.0,1.0,20.0,22.45099959450277,25.0,1.0,26469.423923713188,18000.0,36000.0,1.0,23.01618316993031,20.0,26.0,1.0,1.0,91121.0,7.0,0.0
91.0,24.0,91.0,24.0,-721.0,911.0,11.0,-711.0,15.190644048211011,12.0,17.0,30000.0,18000.0,36000.0,1.0,24.708554787251945,20.0,25.0,1.0,18000.0,33923.10361903855,36000.0,1.0,25.18402516982971,20.0,26.0,1.0,722.0,14.951506722981705,12.0,17.0,1.0,24193.195812223283,18000.0,36000.0,1.0,20.0,22.874557769526433,25.0,1.0,28314.523861248592,18000.0,36000.0,1.0,23.37405245905971,20.0,26.0,1.0,1.0,91121.0,7.0,4.0
91.0,24.0,91.0,24.0,-721.0,911.0,11.0,-711.0,15.125000735873689,12.0,17.0,30000.0,18000.0,36000.0,1.0,23.45975370307918,20.0,25.0,1.0,18000.0,33998.95837713409,36000.0,1.0,23.94956414756098,20.0,26.0,1.0,722.0,15.11341448622257,12.0,17.0,1.0,24978.502390886704,18000.0,36000.0,1.0,20.0,23.269621901603895,25.0,1.0,28948.830160637834,18000.0,36000.0,1.0,23.755925540261405,20.0,26.0,1.0,1.0,91121.0,7.0,9.0
11.0,22.0,11.0,22.0,-121.0,21.0,13.0,-111.0,10.003839765642402,9.0,11.0,30000.0,10000.0,19000.0,0.0,25.827376519053285,16.5,19.0,0.0,10000.0,36455.951554365354,25000.0,0.0,27.116480745670437,17.0,20.0,0.0,121.0,10.017476884144637,9.0,11.0,1.0,15034.737393008589,10000.0,19000.0,1.0,16.5,17.538331516228254,19.0,1.0,21551.422489712546,10000.0,25000.0,1.0,18.839562826741066,17.0,20.0,1.0,0.0,211.0,1.0,22.0
11.0,22.0,11.0,22.0,-121.0,21.0,13.0,-111.0,9.977609013796387,9.0,11.0,30000.0,10000.0,19000.0,0.0,26.567581201853116,16.5,19.0,0.0,10000.0,36622.580812472166,25000.0,0.0,27.898012072090996,17.0,20.0,0.0,121.0,10.006427372371917,9.0,11.0,1.0,12532.34473774641,10000.0,19000.0,1.0,16.5,17.02100759903382,19.0,1.0,19055.021275428662,10000.0,25000.0,1.0,18.3313683885867,17.0,20.0,1.0,0.0,211.0,1.0,16.0
11.0,21.0,11.0,22.0,-121.0,11.0,12.0,-111.0,10.196656567293015,9.0,11.0,30000.0,10000.0,19000.0,0.0,25.285790013821043,16.5,19.0,0.0,10000.0,37103.65414582424,25000.0,0.0,26.62773880178523,17.0,20.0,0.0,122.0,10.17422043611049,9.0,11.0,1.0,14742.797111528671,10000.0,19000.0,1.0,16.5,17.486472523507476,19.0,1.0,21680.501868357293,10000.0,25000.0,1.0,18.797071871190006,17.0,20.0,1.0,0.0,111.0,1.0,51.0
11.0,22.0,11.0,22.0,-121.0,11.0,11.0,-111.0,10.186682590399768,9.0,11.0,30000.0,10000.0,19000.0,0.0,23.94219631055946,16.5,19.0,0.0,10000.0,36989.06286088078,25000.0,0.0,25.255030163039606,17.0,20.0,0.0,122.0,10.204153018469764,9.0,11.0,1.0,16335.41365462062,10000.0,19000.0,1.0,16.5,17.780019474118763,19.0,1.0,23495.50192582866,10000.0,25000.0,1.0,19.12497894240481,17.0,20.0,1.0,0.0,111.0,1.0,30.0
11.0,22.0,11.0,21.0,-121.0,21.0,13.0,-111.0,9.987620143226337,9.0,11.0,30000.0,10000.0,19000.0,0.0,25.466655733799584,16.5,19.0,0.0,10000.0,36516.56746869311,25000.0,0.0,26.769656058777493,17.0,20.0,0.0,121.0,9.996400188317262,9.0,11.0,1.0,13183.303944446643,10000.0,19000.0,1.0,16.5,17.088070270393864,19.0,1.0,19777.868090267184,10000.0,25000.0,1.0,18.406666182486077,17.0,20.0,1.0,0.0,211.0,1.0,33.0
81.0,23.0,81.0,23.0,-721.0,912.0,12.0,-711.0,15.201879910271222,12.0,17.0,30000.0,12500.0,23000.0,0.0,26.573076382690132,20.0,24.0,0.0,12500.0,34112.31537190913,26000.0,0.0,27.073663292034176,20.0,25.0,0.0,722.0,15.121275473080539,12.0,17.0,1.0,17665.172180435813,12500.0,23000.0,1.0,20.0,21.828848513197038,24.0,1.0,21614.904360364402,12500.0,26000.0,1.0,22.309644377782995,20.0,25.0,1.0,0.0,912.0,7.0,5.0
11.0,22.0,11.0,22.0,-121.0,21.0,13.0,-111.0,10.000315574128539,9.0,11.0,30000.0,10000.0,19000.0,0.0,25.41432228642308,16.5,19.0,0.0,10000.0,36444.70269313821,25000.0,0.0,26.70045607167179,17.0,20.0,0.0,121.0,9.996960345710223,9.0,11.0,1.0,12875.528257091324,10000.0,19000.0,1.0,16.5,17.10733647871382,19.0,1.0,19331.93306652038,10000.0,25000.0,1.0,18.395805590794065,17.0,20.0,1.0,0.0,211.0,1.0,47.0
11.0,21.0,11.0,22.0,-121.0,21.0,13.0,-111.0,9.998459563539557,9.0,11.0,30000.0,10000.0,19000.0,0.0,25.82374717785644,16.5,19.0,0.0,10000.0,36469.41109870522,25000.0,0.0,27.11356506631746,17.0,20.0,0.0,121.0,10.005166568840766,9.0,11.0,1.0,14754.756430698168,10000.0,19000.0,1.0,16.5,17.438708047322823,19.0,1.0,21279.876563282367,10000.0,25000.0,1.0,18.739632744015644,17.0,20.0,1.0,0.0,211.0,1.0,24.0
11.0,22.0,11.0,22.0,-121.0,21.0,13.0,-111.0,10.200156550532743,9.0,11.0,30000.0,10000.0,19000.0,0.0,25.11355923828374,16.5,19.0,0.0,10000.0,36997.79873326382,25000.0,0.0,26.434037452393017,17.0,20.0,0.0,122.0,10.194078932494154,9.0,11.0,1.0,13855.18781725048,10000.0,19000.0,1.0,16.5,17.292776351752437,19.0,1.0,20641.02123447653,10000.0,25000.0,1.0,18.573256904790927,17.0,20.0,1.0,0.0,211.0,1.0,13.0
11.0,21.0,11.0,22.0,-121.0,21.0,13.0,-111.0,10.218718500425753,9.0,11.0,30000.0,10000.0,19000.0,0.0,27.50321382214795,16.5,19.0,0.0,10000.0,37108.777560453025,25000.0,0.0,28.844967451231277,17.0,20.0,0.0,122.0,10.200356161752095,9.0,11.0,1.0,15293.812266342658,10000.0,19000.0,1.0,16.5,17.628094450272265,19.0,1.0,22217.256703302286,10000.0,25000.0,1.0,18.934867185816316,17.0,20.0,1.0,0.0,211.0,1.0,9.0
11.0,22.0,11.0,22.0,-121.0,11.0,11.0,-111.0,10.204458574206736,9.0,11.0,30000.0,10000.0,19000.0,0.0,26.204680134442306,16.5,19.0,0.0,10000.0,37124.578114301374,25000.0,0.0,27.552287208050252,17.0,20.0,0.0,122.0,10.20445810357459,9.0,11.0,1.0,13751.544448976983,10000.0,19000.0,1.0,16.5,17.3617064249877,19.0,1.0,20810.39161046183,10000.0,25000.0,1.0,18.696880552314553,17.0,20.0,1.0,0.0,111.0,1.0,50.0
81.0,23.0,81.0,21.0,-721.0,912.0,12.0,-711.0,14.31017845926777,12.0,17.0,30000.0,12500.0,23000.0,0.0,25.95511837401061,20.0,24.0,0.0,12500.0,34555.175085769704,26000.0,0.0,26.52494398370828,20.0,25.0,0.0,721.0,15.568899226904602,12.0,17.0,1.0,15286.194244110211,12500.0,23000.0,1.0,20.0,21.921623559747292,24.0,1.0,19774.846340953816,12500.0,26000.0,1.0,22.483127534818415,20.0,25.0,1.0,0.0,912.0,7.0,30.0
11.0,22.0,11.0,21.0,-121.0,21.0,13.0,-111.0,9.994404179003938,9.0,11.0,30000.0,10000.0,19000.0,0.0,25.009858210902024,16.5,19.0,0.0,10000.0,36514.438630447614,25000.0,0.0,26.311077264915617,17.0,20.0,0.0,121.0,10.001492398011527,9.0,11.0,1.0,15102.744839245574,10000.0,19000.0,1.0,16.5,17.510727844229258,19.0,1.0,21624.90008221712,10000.0,25000.0,1.0,18.813488244138973,17.0,20.0,1.0,0.0,211.0,1.0,33.0
11.0,21.0,11.0,22.0,-121.0,21.0,13.0,-111.0,10.211064622775876,9.0,11.0,30000.0,10000.0,19000.0,0.0,25.853862319808954,16.5,19.0,0.0,10000.0,37176.21079810764,25000.0,0.0,27.207527815673263,17.0,20.0,0.0,122.0,10.180962471890926,9.0,11.0,1.0,12888.775538645332,10000.0,19000.0,1.0,16.5,17.10467881564496,19.0,1.0,19956.229405157203,10000.0,25000.0,1.0,18.43782923609146,17.0,20.0,1.0,0.0,211.0,1.0,32.0
11.0,22.0,11.0,22.0,-121.0,21.0,13.0,-111.0,9.990055279468319,9.0,11.0,30000.0,10000.0,19000.0,0.0,25.45436950348116,16.5,19.0,0.0,10000.0,36462.72104286712,25000.0,0.0,26.743476127069655,17.0,20.0,0.0,121.0,10.005476004295234,9.0,11.0,1.0,15367.266430204987,10000.0,19000.0,1.0,16.5,17.633382435985364,19.0,1.0,21935.65432876531,10000.0,25000.0,1.0,18.943566225471066,17.0,20.0,1.0,0.0,211.0,1.0,47.0
11.0,22.0,11.0,22.0,-121.0,21.0,13.0,-111.0,10.215871259842608,9.0,11.0,30000.0,10000.0,19000.0,0.0,25.17947446540962,16.5,19.0,0.0,10000.0,36933.05628156939,25000.0,0.0,26.491819682986062,17.0,20.0,0.0,122.0,10.183112021291896,9.0,11.0,1.0,13796.147662156747,10000.0,19000.0,1.0,16.5,17.31358704596295,19.0,1.0,20768.043893405626,10000.0,25000.0,1.0,18.633284204753007,17.0,20.0,1.0,0.0,211.0,1.0,21.0
91.0,24.0,91.0,24.0,-721.0,911.0,11.0,-711.0,15.244821967754916,12.0,17.0,30000.0,18000.0,36000.0,1.0,24.522734093712316,20.0,25.0,1.0,18000.0,34020.4995483679,36000.0,1.0,25.0158692281782,20.0,26.0,1.0,722.0,15.049014396626342,12.0,17.0,1.0,23824.383496845858,18000.0,36000.0,1.0,20.0,23.020976126093466,25.0,1.0,27818.487533981628,18000.0,36000.0,1.0,23.510873714124095,20.0,26.0,1.0,1.0,91121.0,7.0,28.0
11.0,22.0,11.0,22.0,-121.0,21.0,13.0,-111.0,9.992486783931371,9.0,11.0,30000.0,10000.0,19000.0,0.0,26.057021885899978,16.5,19.0,0.0,10000.0,36496.970593082,25000.0,0.0,27.35214857497974,17.0,20.0,0.0,121.0,10.013078851825084,9.0,11.0,1.0,14384.746043198167,10000.0,19000.0,1.0,16.5,17.415728522851147,19.0,1.0,20873.866171510894,10000.0,25000.0,1.0,18.70929027542724,17.0,20.0,1.0,0.0,211.0,1.0,28.0
11.0,22.0,11.0,21.0,-121.0,11.0,11.0,-111.0,10.206382174948821,9.0,11.0,30000.0,10000.0,19000.0,0.0,25.28945646290708,16.5,19.0,0.0,10000.0,37171.209596682915,25000.0,0.0,26.637132919541074,17.0,20.0,0.0,122.0,10.205069730784663,9.0,11.0,1.0,19169.899760035358,10000.0,19000.0,0.0,16.5,18.27440449897736,19.0,1.0,26110.9893506405,10000.0,25000.0,0.0,19.578834790482542,17.0,20.0,1.0,0.0,111.0,1.0,26.0
11.0,21.0,11.0,22.0,-121.0,21.0,13.0,-111.0,10.169666665316168,9.0,11.0,30000.0,10000.0,19000.0,0.0,27.835804731016776,16.5,19.0,0.0,10000.0,36939.72456214071,25000.0,0.0,29.143837608328635,17.0,20.0,0.0,122.0,10.189193031484233,9.0,11.0,1.0,12400.114697269055,10000.0,19000.0,1.0,16.5,17.04237263641194,19.0,1.0,19339.423206181884,10000.0,25000.0,1.0,18.350327093997496,17.0,20.0,1.0,0.0,211.0,1.0,24.0
91.0,24.0,91.0,24.0,-721.0,911.0,11.0,-711.0,15.653190191195172,12.0,17.0,30000.0,18000.0,36000.0,1.0,25.22529515802797,20.0,25.0,0.0,18000.0,34455.13854211028,36000.0,1.0,25.780805153944318,20.0,26.0,1.0,721.0,15.203097501339565,12.0,17.0,1.0,25377.97267457703,18000.0,36000.0,1.0,20.0,23.416187092589418,25.0,1.0,29880.479386915635,18000.0,36000.0,1.0,23.977603412585562,20.0,26.0,1.0,0.0,91121.0,7.0,0.0
91.0,24.0,91.0,21.0,-721.0,911.0,11.0,-711.0,15.288633475946456,12.0,17.0,30000.0,18000.0,36000.0,1.0,24.275712825666204,20.0,25.0,1.0,18000.0,33957.730988433184,36000.0,1.0,24.75800660309484,20.0,26.0,1.0,722.0,15.43756728547685,12.0,17.0,1.0,25560.777613959697,18000.0,36000.0,1.0,20.0,23.490131126427073,25.0,1.0,29567.204744665218,18000.0,36000.0,1.0,23.978359073325883,20.0,26.0,1.0,1.0,91121.0,7.0,21.0
11.0,21.0,11.0,22.0,-121.0,11.0,12.0,-111.0,10.189209147441336,9.0,11.0,30000.0,10000.0,19000.0,0.0,25.169588796992976,16.5,19.0,0.0,10000.0,37062.19069724864,25000.0,0.0,26.505848195562084,17.0,20.0,0.0,122.0,10.198288570214805,9.0,11.0,1.0,15307.306645164115,10000.0,19000.0,1.0,16.5,17.610638140496626,19.0,1.0,22248.928958985194,10000.0,25000.0,1.0,18.924084414579006,17.0,20.0,1.0,0.0,111.0,1.0,51.0
11.0,22.0,11.0,22.0,-121.0,21.0,13.0,-111.0,10.193085932783747,9.0,11.0,30000.0,10000.0,19000.0,0.0,25.640046481085363,16.5,19.0,0.0,10000.0,37144.188401377236,25000.0,0.0,26.98390135132125,17.0,20.0,0.0,122.0,10.16936492799665,9.0,11.0,1.0,13625.063486330102,10000.0,19000.0,1.0,16.5,17.277250979277824,19.0,1.0,20636.684250461138,10000.0,25000.0,1.0,18.596169264006722,17.0,20.0,1.0,0.0,211.0,1.0,16.0
11.0,22.0,11.0,22.0,-121.0,11.0,12.0,-111.0,10.20153061143671,9.0,11.0,30000.0,10000.0,19000.0,0.0,24.888606560073242,16.5,19.0,0.0,10000.0,37092.79206745424,25000.0,0.0,26.229583492640103,17.0,20.0,0.0,122.0,10.192057201436763,9.0,11.0,1.0,13825.571412719597,10000.0,19000.0,1.0,16.5,17.34039604153611,19.0,1.0,20669.853681580134,10000.0,25000.0,1.0,18.634389232825665,17.0,20.0,1.0,0.0,111.0,1.0,42.0
11.0,21.0,11.0,22.0,-121.0,11.0,11.0,-111.0,10.180688469715859,9.0,11.0,30000.0,10000.0,19000.0,0.0,25.412001723817774,16.5,19.0,0.0,10000.0,37035.231222970964,25000.0,0.0,26.73799632721832,17.0,20.0,0.0,122.0,10.193039088069431,9.0,11.0,1.0,16802.945655673288,10000.0,19000.0,1.0,16.5,17.89003723993188,19.0,1.0,24021.673434389264,10000.0,25000.0,1.0,19.250617123467357,17.0,20.0,1.0,0.0,111.0,1.0,29.0
11.0,21.0,11.0,22.0,-121.0,11.0,12.0,-111.0,10.008809047915754,9.0,11.0,30000.0,10000.0,19000.0,0.0,24.30204196583585,16.5,19.0,0.0,10000.0,36573.27108158989,25000.0,0.0,25.62025510193434,17.0,20.0,0.0,121.0,9.975452687602242,9.0,11.0,1.0,16326.135704253928,10000.0,19000.0,1.0,16.5,17.82673703858681,19.0,1.0,22827.27805475579,10000.0,25000.0,1.0,19.13048537631776,17.0,20.0,1.0,0.0,111.0,1.0,51.0
11.0,22.0,11.0,22.0,-121.0,11.0,11.0,-111.0,10.204995023666934,9.0,11.0,30000.0,10000.0,19000.0,0.0,24.07656351897871,16.5,19.0,0.0,10000.0,37000.621406522645,25000.0,0.0,25.400744752199724,17.0,20.0,0.0,122.0,10.192724858798035,9.0,11.0,1.0,15942.993994659886,10000.0,19000.0,1.0,16.5,17.74764285309608,19.0,1.0,23088.006744482067,10000.0,25000.0,1.0,19.09913599135151,17.0,20.0,1.0,0.0,111.0,1.0,15.0
11.0,22.0,11.0,21.0,-121.0,11.0,12.0,-111.0,10.004695968477447,9.0,11.0,30000.0,10000.0,19000.0,0.0,24.363261910426157,16.5,19.0,0.0,10000.0,36583.82613935915,25000.0,0.0,25.68546653626487,17.0,20.0,0.0,121.0,10.001151765293226,9.0,11.0,1.0,13980.179667069357,10000.0,19000.0,1.0,16.5,17.28026068576052,19.0,1.0,20473.791844181993,10000.0,25000.0,1.0,18.584347986555592,17.0,20.0,1.0,0.0,111.0,1.0,46.0
11.0,21.0,11.0,22.0,-121.0,11.0,12.0,-111.0,10.01133954364123,9.0,11.0,30000.0,10000.0,19000.0,0.0,25.539797353447298,16.5,19.0,0.0,10000.0,36468.297041740814,25000.0,0.0,26.834912452337708,17.0,20.0,0.0,121.0,10.008283157244808,9.0,11.0,1.0,14384.338778073681,10000.0,19000.0,1.0,16.5,17.42581096884617,19.0,1.0,20804.89409283655,10000.0,25000.0,1.0,18.71136697806317,17.0,20.0,1.0,0.0,111.0,1.0,51.0
11.0,22.0,11.0,21.0,-121.0,11.0,11.0,-111.0,10.234277244638232,9.0,11.0,30000.0,10000.0,19000.0,0.0,24.910971737551982,16.5,19.0,0.0,10000.0,37163.67774614828,25000.0,0.0,26.262990849797873,17.0,20.0,0.0,122.0,10.228806822682836,9.0,11.0,1.0,13491.862804452252,10000.0,19000.0,1.0,16.5,17.271297017885637,19.0,1.0,20596.643053561704,10000.0,25000.0,1.0,18.612200255788526,17.0,20.0,1.0,0.0,111.0,1.0,54.0
11.0,22.0,11.0,21.0,-121.0,11.0,11.0,-111.0,10.207072661629962,9.0,11.0,30000.0,10000.0,19000.0,0.0,23.97599181819629,16.5,19.0,0.0,10000.0,36987.16498732498,25000.0,0.0,25.28830237071191,17.0,20.0,0.0,122.0,10.166883530816259,9.0,11.0,1.0,12208.683804883312,10000.0,19000.0,1.0,16.5,16.94365444411411,19.0,1.0,19284.119199687644,10000.0,25000.0,1.0,18.272543707368655,17.0,20.0,1.0,0.0,111.0,1.0,54.0
11.0,22.0,11.0,21.0,-121.0,21.0,13.0,-111.0,10.187954167541431,9.0,11.0,30000.0,10000.0,19000.0,0.0,24.966940018442628,16.5,19.0,0.0,10000.0,37010.2675423803,25000.0,0.0,26.286720515403903,17.0,20.0,0.0,122.0,10.187471545676402,9.0,11.0,1.0,12911.980787373592,10000.0,19000.0,1.0,16.5,17.09961519391518,19.0,1.0,19903.106111461257,10000.0,25000.0,1.0,18.415791901688884,17.0,20.0,1.0,0.0,211.0,1.0,33.0
11.0,22.0,11.0,22.0,-121.0,21.0,12.0,-111.0,10.210022440405329,9.0,11.0,30000.0,10000.0,19000.0,0.0,23.577338014184242,16.5,19.0,0.0,10000.0,36997.3508881707,25000.0,0.0,24.8957864110268,17.0,20.0,0.0,122.0,10.233141593833283,9.0,11.0,1.0,13542.999082483002,10000.0,19000.0,1.0,16.5,17.32852543597164,19.0,1.0,20763.241948923715,10000.0,25000.0,1.0,18.688971379616657,17.0,20.0,1.0,0.0,211.0,1.0,23.0
81.0,23.0,81.0,23.0,-721.0,912.0,12.0,-711.0,15.184543281147096,12.0,17.0,30000.0,12500.0,23000.0,0.0,26.260733970454282,20.0,24.0,0.0,12500.0,33965.65338855601,26000.0,0.0,26.742321226763494,20.0,25.0,0.0,722.0,15.05101873407108,12.0,17.0,1.0,19446.749419965312,12500.0,23000.0,1.0,20.0,22.0124918301608,24.0,1.0,23385.845061643224,12500.0,26000.0,1.0,22.49085392501498,20.0,25.0,1.0,0.0,912.0,7.0,5.0
11.0,21.0,11.0,22.0,-121.0,21.0,13.0,-111.0,10.186950610961011,9.0,11.0,30000.0,10000.0,19000.0,0.0,26.168653354623956,16.5,19.0,0.0,10000.0,36907.14304304095,25000.0,0.0,27.47137719839902,17.0,20.0,0.0,122.0,10.208657413187813,9.0,11.0,1.0,14089.17304213774,10000.0,19000.0,1.0,16.5,17.408265955410183,19.0,1.0,20994.80876476219,10000.0,25000.0,1.0,18.71070551055324,17.0,20.0,1.0,0.0,211.0,1.0,9.0
11.0,22.0,11.0,22.0,-121.0,11.0,11.0,-111.0,10.223081030617013,9.0,11.0,30000.0,10000.0,19000.0,0.0,25.12788185959986,16.5,19.0,0.0,10000.0,37077.00611288455,25000.0,0.0,26.459468786683775,17.0,20.0,0.0,122.0,10.18929237842082,9.0,11.0,1.0,15401.94567026851,10000.0,19000.0,1.0,16.5,17.667334833935602,19.0,1.0,22330.4820321838,10000.0,25000.0,1.0,18.97098616561313,17.0,20.0,1.0,0.0,111.0,1.0,11.0
11.0,21.0,11.0,22.0,-121.0,21.0,13.0,-111.0,9.992696289981431,9.0,11.0,30000.0,10000.0,19000.0,0.0,27.93235945308526,16.5,19.0,0.0,10000.0,36569.42651867346,25000.0,0.0,29.24615989007827,17.0,20.0,0.0,121.0,9.995249318557985,9.0,11.0,1.0,15055.256170847215,10000.0,19000.0,1.0,16.5,17.57482063000183,19.0,1.0,21500.125535269563,10000.0,25000.0,1.0,18.86371124522873,17.0,20.0,1.0,0.0,211.0,1.0,59.0
11.0,21.0,11.0,22.0,-121.0,21.0,13.0,-111.0,10.19508281913231,9.0,11.0,30000.0,10000.0,19000.0,0.0,28.393926276045526,16.5,19.0,0.0,10000.0,36962.6854886991,25000.0,0.0,29.713852880509,17.0,20.0,0.0,122.0,10.215230493840101,9.0,11.0,1.0,12064.075073140666,10000.0,19000.0,1.0,16.5,17.008662721279205,19.0,1.0,19125.764582509764,10000.0,25000.0,1.0,18.34735766463193,17.0,20.0,1.0,0.0,211.0,1.0,9.0
91.0,24.0,91.0,24.0,-721.0,911.0,11.0,-711.0,15.44507547701839,12.0,17.0,30000.0,18000.0,36000.0,1.0,24.529158139052825,20.0,25.0,1.0,18000.0,33998.05933560763,36000.0,1.0,25.016577713169543,20.0,26.0,1.0,722.0,15.300838141409542,12.0,17.0,1.0,25273.151834521897,18000.0,36000.0,1.0,20.0,23.307967521979712,25.0,1.0,29292.62787503512,18000.0,36000.0,1.0,23.797998093159705,20.0,26.0,1.0,1.0,91121.0,7.0,0.0
11.0,22.0,11.0,22.0,-121.0,11.0,11.0,-111.0,10.021154058677082,9.0,11.0,30000.0,10000.0,19000.0,0.0,25.884869043882446,16.5,19.0,0.0,10000.0,36540.63267566037,25000.0,0.0,27.197661690614847,17.0,20.0,0.0,121.0,10.001559041100432,9.0,11.0,1.0,13187.977627538154,10000.0,19000.0,1.0,16.5,17.16836588727943,19.0,1.0,19594.117425969675,10000.0,25000.0,1.0,18.45416401084881,17.0,20.0,1.0,0.0,111.0,1.0,44.0
11.0,22.0,11.0,22.0,-121.0,21.0,12.0,-111.0,10.187883855382818,9.0,11.0,30000.0,10000.0,19000.0,0.0,25.239298196198327,16.5,19.0,0.0,10000.0,37066.769074820404,25000.0,0.0,26.576646923937954,17.0,20.0,0.0,122.0,10.205810734420718,9.0,11.0,1.0,13359.811799901921,10000.0,19000.0,1.0,16.5,17.25607623888509,19.0,1.0,20351.36434340766,10000.0,25000.0,1.0,18.579190635292587,17.0,20.0,1.0,0.0,211.0,1.0,23.0
11.0,22.0,11.0,22.0,-121.0,21.0,13.0,-111.0,10.1924207301585,9.0,11.0,30000.0,10000.0,19000.0,0.0,26.05057490075562,16.5,19.0,0.0,10000.0,36913.895136940126,25000.0,0.0,27.356687185867504,17.0,20.0,0.0,122.0,10.219346911783848,9.0,11.0,1.0,13535.46621068804,10000.0,19000.0,1.0,16.5,17.303477064998173,19.0,1.0,20511.078056258953,10000.0,25000.0,1.0,18.621248328116337,17.0,20.0,1.0,0.0,211.0,1.0,19.0
11.0,22.0,11.0,22.0,-121.0,11.0,12.0,-111.0,10.217429664970021,9.0,11.0,30000.0,10000.0,19000.0,0.0,24.518564195577714,16.5,19.0,0.0,10000.0,37108.35386358382,25000.0,0.0,25.85966552087277,17.0,20.0,0.0,122.0,10.210513444123224,9.0,11.0,1.0,14913.563328019487,10000.0,19000.0,1.0,16.5,17.55583447492201,19.0,1.0,21762.840988645887,10000.0,25000.0,1.0,18.84805705194335,17.0,20.0,1.0,0.0,111.0,1.0,40.0
11.0,22.0,11.0,22.0,-121.0,21.0,12.0,-111.0,9.984306651685097,9.0,11.0,30000.0,10000.0,19000.0,0.0,23.869057167883383,16.5,19.0,0.0,10000.0,36413.63364780988,25000.0,0.0,25.14987098979179,17.0,20.0,0.0,121.0,10.012997117581326,9.0,11.0,1.0,19504.0379642621,10000.0,19000.0,0.0,16.5,18.44720014408555,19.0,1.0,25998.273947073576,10000.0,25000.0,0.0,19.744110392827345,17.0,20.0,1.0,0.0,211.0,1.0,23.0
11.0,21.0,11.0,21.0,-121.0,21.0,13.0,-111.0,9.993614059914972,9.0,11.0,30000.0,10000.0,19000.0,0.0,26.488544184560485,16.5,19.0,0.0,10000.0,36488.0379531467,25000.0,0.0,27.785196820984606,17.0,20.0,0.0,121.0,9.99412834307156,9.0,11.0,1.0,9960.283194326366,10000.0,19000.0,0.0,16.5,16.4549171895415,19.0,0.0,16512.010702342657,10000.0,25000.0,1.0,17.76429836267128,17.0,20.0,1.0,0.0,211.0,1.0,34.0
92.0,24.0,92.0,24.0,-721.0,921.0,13.0,-711.0,14.81971447662116,12.0,17.0,30000.0,15000.0,28000.0,0.0,24.156500123953705,19.5,25.0,1.0,15000.0,34502.92915299976,28000.0,0.0,24.71769545600535,20.0,26.0,1.0,721.0,14.757947651088339,12.0,17.0,1.0,21534.64626153474,15000.0,28000.0,1.0,19.5,21.484012487509762,25.0,1.0,26072.047545119254,15000.0,28000.0,1.0,22.049504044998834,20.0,26.0,1.0,0.0,92122.0,7.0,25.0
11.0,22.0,11.0,22.0,-121.0,21.0,13.0,-111.0,10.01456222478285,9.0,11.0,30000.0,10000.0,19000.0,0.0,25.659026143342473,16.5,19.0,0.0,10000.0,36523.15163233033,25000.0,0.0,26.954505276974178,17.0,20.0,0.0,121.0,9.99096087624459,9.0,11.0,1.0,13998.80960934494,10000.0,19000.0,1.0,16.5,17.31783503015052,19.0,1.0,20534.63156736959,10000.0,25000.0,1.0,18.61583045398648,17.0,20.0,1.0,0.0,211.0,1.0,16.0
81.0,23.0,81.0,21.0,-721.0,912.0,12.0,-711.0,15.310030729831185,12.0,17.0,30000.0,12500.0,23000.0,0.0,25.920588757494176,20.0,24.0,0.0,12500.0,33964.480430794625,26000.0,0.0,26.40303746506818,20.0,25.0,0.0,722.0,15.259528412493987,12.0,17.0,1.0,16205.057919074161,12500.0,23000.0,1.0,20.0,21.740745700430438,24.0,1.0,20278.43683310367,12500.0,26000.0,1.0,22.23644656888922,20.0,25.0,1.0,0.0,912.0,7.0,30.0
81.0,23.0,81.0,23.0,-721.0,912.0,12.0,-711.0,14.612617497545582,12.0,17.0,30000.0,12500.0,23000.0,0.0,25.415482930486043,20.0,24.0,0.0,12500.0,34480.88900296988,26000.0,0.0,25.977171024882242,20.0,25.0,0.0,721.0,14.909948625600208,12.0,17.0,1.0,18242.24511656847,12500.0,23000.0,1.0,20.0,21.850727153190867,24.0,1.0,22827.30193250667,12500.0,26000.0,1.0,22.425472884213374,20.0,25.0,1.0,0.0,912.0,7.0,10.0
11.0,22.0,11.0,21.0,-121.0,11.0,11.0,-111.0,10.009187113519173,9.0,11.0,30000.0,10000.0,19000.0,0.0,23.27214474330406,16.5,19.0,0.0,10000.0,36490.4865026824,25000.0,0.0,24.572994733667688,17.0,20.0,0.0,121.0,9.997022224067686,9.0,11.0,1.0,11861.562779867036,10000.0,19000.0,1.0,16.5,16.84948096767477,19.0,1.0,18324.46746839252,10000.0,25000.0,1.0,18.14480289744303,17.0,20.0,1.0,0.0,111.0,1.0,0.0
11.0,22.0,11.0,22.0,-121.0,21.0,13.0,-111.0,10.196690151569822,9.0,11.0,30000.0,10000.0,19000.0,0.0,25.359620319107055,16.5,19.0,0.0,10000.0,37007.09641955243,25000.0,0.0,26.683344856903197,17.0,20.0,0.0,122.0,10.199958363426294,9.0,11.0,1.0,12884.604386632549,10000.0,19000.0,1.0,16.5,17.176721397514978,19.0,1.0,19773.987808659476,10000.0,25000.0,1.0,18.47820853854757,17.0,20.0,1.0,0.0,211.0,1.0,8.0
81.0,21.0,81.0,21.0,-721.0,912.0,12.0,-711.0,15.071226376526921,12.0,17.0,30000.0,12500.0,23000.0,0.0,26.70672316715426,20.0,24.0,0.0,12500.0,33988.34709867528,26000.0,0.0,27.191500420222482,20.0,25.0,0.0,722.0,15.151285914798606,12.0,17.0,1.0,14847.304675136544,12500.0,23000.0,1.0,20.0,21.416745571121172,24.0,1.0,18993.787147685056,12500.0,26000.0,1.0,21.920743927634643,20.0,25.0,1.0,0.0,912.0,7.0,6.0
11.0,22.0,11.0,21.0,-121.0,11.0,11.0,-111.0,10.190393139112,9.0,11.0,30000.0,10000.0,19000.0,0.0,26.16590501289789,16.5,19.0,0.0,10000.0,37031.12232579965,25000.0,0.0,27.494587289888763,17.0,20.0,0.0,122.0,10.220710027581124,9.0,11.0,1.0,15259.432709513796,10000.0,19000.0,1.0,16.5,17.589745839892444,19.0,1.0,22162.018094151368,10000.0,25000.0,1.0,18.89413828835423,17.0,20.0,1.0,0.0,111.0,1.0,12.0
11.0,21.0,11.0,22.0,-121.0,11.0,12.0,-111.0,10.007693237679991,9.0,11.0,30000.0,10000.0,19000.0,0.0,25.508018444440772,16.5,19.0,0.0,10000.0,36555.85003214756,25000.0,0.0,26.82208636820322,17.0,20.0,0.0,121.0,10.020559697891057,9.0,11.0,1.0,16981.12093955734,10000.0,19000.0,1.0,16.5,17.982630329427487,19.0,1.0,23443.88390743226,10000.0,25000.0,1.0,19.278039692564224,17.0,20.0,1.0,0.0,111.0,1.0,7.0
11.0,21.0,11.0,22.0,-121.0,21.0,13.0,-111.0,10.198390040510152,9.0,11.0,30000.0,10000.0,19000.0,0.0,28.040002375092882,16.5,19.0,0.0,10000.0,36933.035395069026,25000.0,0.0,29.347958500025943,17.0,20.0,0.0,122.0,10.20248529204835,9.0,11.0,1.0,12727.746977823452,10000.0,19000.0,1.0,16.5,17.116583702229512,19.0,1.0,20013.90557498172,10000.0,25000.0,1.0,18.491158505520552,17.0,20.0,1.0,0.0,211.0,1.0,59.0
11.0,21.0,11.0,21.0,-121.0,21.0,12.0,-111.0,10.206443415625326,9.0,11.0,30000.0,10000.0,19000.0,0.0,24.132114671263004,16.5,19.0,0.0,10000.0,36863.30189063714,25000.0,0.0,25.427677968645224,17.0,20.0,0.0,122.0,10.197055235430222,9.0,11.0,1.0,12340.323951130787,10000.0,19000.0,1.0,16.5,17.017994841075584,19.0,1.0,19268.98076908339,10000.0,25000.0,1.0,18.325894976685554,17.0,20.0,1.0,0.0,211.0,1.0,6.0
11.0,22.0,11.0,21.0,-121.0,21.0,12.0,-111.0,10.203739779124026,9.0,11.0,30000.0,10000.0,19000.0,0.0,24.29045296444149,16.5,19.0,0.0,10000.0,37039.587804062685,25000.0,0.0,25.615951004410267,17.0,20.0,0.0,122.0,10.19577900853655,9.0,11.0,1.0,14328.106875139456,10000.0,19000.0,1.0,16.5,17.393112371119162,19.0,1.0,21483.15837284587,10000.0,25000.0,1.0,18.74035130045138,17.0,20.0,1.0,0.0,211.0,1.0,53.0
11.0,21.0,11.0,22.0,-121.0,11.0,11.0,-111.0,10.001474121500229,9.0,11.0,30000.0,10000.0,19000.0,0.0,24.910608948414644,16.5,19.0,0.0,10000.0,36400.17602076453,25000.0,0.0,26.19024180225798,17.0,20.0,0.0,121.0,10.00570116208699,9.0,11.0,1.0,14247.929762466638,10000.0,19000.0,1.0,16.5,17.356297024772164,19.0,1.0,20798.68345483255,10000.0,25000.0,1.0,18.66603594679413,17.0,20.0,1.0,0.0,111.0,1.0,35.0
81.0,23.0,81.0,23.0,-721.0,912.0,11.0,-711.0,15.3307144697211,12.0,17.0,30000.0,12500.0,23000.0,0.0,26.61284484116141,20.0,24.0,0.0,12500.0,33947.26437833669,26000.0,0.0,27.094233189915713,20.0,25.0,0.0,722.0,15.392745811964573,12.0,17.0,1.0,16988.1176797219,12500.0,23000.0,1.0,20.0,22.038641597256422,24.0,1.0,20999.049244940023,12500.0,26000.0,1.0,22.527794473294705,20.0,25.0,1.0,0.0,912.0,7.0,17.0
11.0,22.0,11.0,21.0,-121.0,11.0,11.0,-111.0,10.215686421398944,9.0,11.0,30000.0,10000.0,19000.0,0.0,26.435010308489844,16.5,19.0,0.0,10000.0,37019.70492667425,25000.0,0.0,27.759975856752014,17.0,20.0,0.0,122.0,10.238000584876044,9.0,11.0,1.0,13081.986918753182,10000.0,19000.0,1.0,16.5,17.174542826990844,19.0,1.0,20022.020446555936,10000.0,25000.0,1.0,18.484470441352762,17.0,20.0,1.0,0.0,111.0,1.0,12.0
92.0,24.0,92.0,24.0,-721.0,921.0,13.0,-711.0,15.138624923536671,12.0,17.0,30000.0,15000.0,28000.0,0.0,24.10229161629239,19.5,25.0,1.0,15000.0,34058.06793017037,28000.0,0.0,24.597953440052493,20.0,26.0,1.0,722.0,14.864159235761859,12.0,17.0,1.0,17781.300258726034,15000.0,28000.0,1.0,19.5,21.10269268233443,25.0,1.0,21778.603407819195,15000.0,28000.0,1.0,21.59093255487849,20.0,26.0,1.0,0.0,92122.0,7.0,22.0
11.0,21.0,11.0,22.0,-121.0,21.0,13.0,-111.0,10.0094027712467,9.0,11.0,30000.0,10000.0,19000.0,0.0,27.863654329986346,16.5,19.0,0.0,10000.0,36511.58439412838,25000.0,0.0,29.166033801602236,17.0,20.0,0.0,121.0,10.017590062191857,9.0,11.0,1.0,14535.090572148069,10000.0,19000.0,1.0,16.5,17.45507971639533,19.0,1.0,20992.965648269204,10000.0,25000.0,1.0,18.746716808127424,17.0,20.0,1.0,0.0,211.0,1.0,24.0
91.0,24.0,91.0,24.0,-721.0,911.0,12.0,-711.0,15.440773956436686,12.0,17.0,30000.0,18000.0,36000.0,1.0,25.142920768364945,20.0,25.0,0.0,18000.0,34019.20170878227,36000.0,1.0,25.630811487664083,20.0,26.0,1.0,722.0,15.306690941942835,12.0,17.0,1.0,27293.84531811071,18000.0,36000.0,1.0,20.0,23.631371684651317,25.0,1.0,31292.217750856194,18000.0,36000.0,1.0,24.116733939045133,20.0,26.0,1.0,0.0,91121.0,7.0,27.0
81.0,23.0,81.0,23.0,-721.0,912.0,12.0,-711.0,15.102629019710548,12.0,17.0,30000.0,12500.0,23000.0,0.0,26.221180815542027,20.0,24.0,0.0,12500.0,34561.42983031515,26000.0,0.0,26.796251147026535,20.0,25.0,0.0,721.0,14.59910252231347,12.0,17.0,1.0,17842.77097740515,12500.0,23000.0,1.0,20.0,21.42003395383239,24.0,1.0,22353.738096334346,12500.0,26000.0,1.0,21.988742331007867,20.0,25.0,1.0,0.0,912.0,7.0,10.0
11.0,22.0,11.0,22.0,-121.0,11.0,11.0,-111.0,10.23424103418394,9.0,11.0,30000.0,10000.0,19000.0,0.0,23.827232265844536,16.5,19.0,0.0,10000.0,37155.063662202694,25000.0,0.0,25.17190878472548,17.0,20.0,0.0,122.0,10.209942782691385,9.0,11.0,1.0,14105.383113937738,10000.0,19000.0,1.0,16.5,17.3756378515351,19.0,1.0,21240.075257827528,10000.0,25000.0,1.0,18.71648587864818,17.0,20.0,1.0,0.0,111.0,1.0,44.0
11.0,22.0,11.0,22.0,-121.0,11.0,11.0,-111.0,10.175496396833093,9.0,11.0,30000.0,10000.0,19000.0,0.0,25.01335039689834,16.5,19.0,0.0,10000.0,37020.57094580923,25000.0,0.0,26.340195344588704,17.0,20.0,0.0,122.0,10.208529662192976,9.0,11.0,1.0,14889.627051562575,10000.0,19000.0,1.0,16.5,17.564220151413224,19.0,1.0,21991.96685788947,10000.0,25000.0,1.0,18.906518913372217,17.0,20.0,1.0,0.0,111.0,1.0,55.0
11.0,21.0,11.0,22.0,-121.0,21.0,13.0,-111.0,10.196871149069965,9.0,11.0,30000.0,10000.0,19000.0,0.0,27.126050354722572,16.5,19.0,0.0,10000.0,36998.72661436522,25000.0,0.0,28.44874576909733,17.0,20.0,0.0,122.0,10.211246965853078,9.0,11.0,1.0,14854.613776035447,10000.0,19000.0,1.0,16.5,17.55957476439248,19.0,1.0,21776.96390629845,10000.0,25000.0,1.0,18.867835720778732,17.0,20.0,1.0,0.0,211.0,1.0,32.0
11.0,22.0,11.0,22.0,-121.0,21.0,12.0,-111.0,10.206080821982349,9.0,11.0,30000.0,10000.0,19000.0,0.0,23.78280961786742,16.5,19.0,0.0,10000.0,36921.101858431684,25000.0,0.0,25.081453068696348,17.0,20.0,0.0,122.0,10.210797604480213,9.0,11.0,1.0,16382.613668951371,10000.0,19000.0,1.0,16.5,17.78169801137892,19.0,1.0,23434.309643570414,10000.0,25000.0,1.0,19.104845536439452,17.0,20.0,1.0,0.0,211.0,1.0,48.0
11.0,22.0,11.0,22.0,-121.0,21.0,13.0,-111.0,10.223059378326493,9.0,11.0,30000.0,10000.0,19000.0,0.0,26.14458897191681,16.5,19.0,0.0,10000.0,37060.90390541019,25000.0,0.0,27.476771199050965,17.0,20.0,0.0,122.0,10.170864722151824,9.0,11.0,1.0,13320.637007955911,10000.0,19000.0,1.0,16.5,17.231201176609545,19.0,1.0,20407.838995735612,10000.0,25000.0,1.0,18.56834506848375,17.0,20.0,1.0,0.0,211.0,1.0,41.0
11.0,22.0,11.0,21.0,-121.0,11.0,11.0,-111.0,10.205812593662047,9.0,11.0,30000.0,10000.0,19000.0,0.0,24.94486817849006,16.5,19.0,0.0,10000.0,37108.528907938125,25000.0,0.0,26.287932179479483,17.0,20.0,0.0,122.0,10.219054971555417,9.0,11.0,1.0,13552.879841885202,10000.0,19000.0,1.0,16.5,17.256463765529354,19.0,1.0,20620.52134242417,10000.0,25000.0,1.0,18.59180262314765,17.0,20.0,1.0,0.0,111.0,1.0,1.0
91.0,24.0,91.0,24.0,-721.0,911.0,11.0,-711.0,15.054640511420562,12.0,17.0,30000.0,18000.0,36000.0,1.0,24.36232460775645,20.0,25.0,1.0,18000.0,34482.44882556342,36000.0,1.0,24.921094334505394,20.0,26.0,1.0,721.0,14.872872143674936,12.0,17.0,1.0,23549.570750374976,18000.0,36000.0,1.0,20.0,22.77643934436954,25.0,1.0,28061.74228737207,18000.0,36000.0,1.0,23.338914222474884,20.0,26.0,1.0,1.0,91121.0,7.0,4.0
11.0,21.0,11.0,22.0,-121.0,11.0,11.0,-111.0,10.003867475726343,9.0,11.0,30000.0,10000.0,19000.0,0.0,24.31772658128746,16.5,19.0,0.0,10000.0,36517.11366802053,25000.0,0.0,25.622454676055018,17.0,20.0,0.0,121.0,9.988797711877867,9.0,11.0,1.0,14071.117211396697,10000.0,19000.0,1.0,16.5,17.34520729116127,19.0,1.0,20544.91601442422,10000.0,25000.0,1.0,18.641263737073793,17.0,20.0,1.0,0.0,111.0,1.0,43.0
11.0,22.0,11.0,22.0,-121.0,11.0,12.0,-111.0,9.995972607113577,9.0,11.0,30000.0,10000.0,19000.0,0.0,24.277716768005913,16.5,19.0,0.0,10000.0,36478.6509882661,25000.0,0.0,25.572716796510285,17.0,20.0,0.0,121.0,9.992463830672197,9.0,11.0,1.0,15555.17004182396,10000.0,19000.0,1.0,16.5,17.614353421435098,19.0,1.0,22098.717338075185,10000.0,25000.0,1.0,18.922325397470335,17.0,20.0,1.0,0.0,111.0,1.0,40.0
91.0,24.0,91.0,24.0,-721.0,911.0,12.0,-711.0,15.248218392865615,12.0,17.0,30000.0,18000.0,36000.0,1.0,24.16771867102291,20.0,25.0,1.0,18000.0,33942.976328546356,36000.0,1.0,24.64966488585401,20.0,26.0,1.0,722.0,15.272443065228119,12.0,17.0,1.0,25552.203233153305,18000.0,36000.0,1.0,20.0,23.3930573965052,25.0,1.0,29563.43744017744,18000.0,36000.0,1.0,23.8833467063548,20.0,26.0,1.0,1.0,91121.0,7.0,8.0
11.0,22.0,11.0,22.0,-121.0,21.0,13.0,-111.0,9.989438187974836,9.0,11.0,30000.0,10000.0,19000.0,0.0,26.251277812451875,16.5,19.0,0.0,10000.0,36476.14516866991,25000.0,0.0,27.54798986130381,17.0,20.0,0.0,121.0,10.003182716320843,9.0,11.0,1.0,13257.785051821586,10000.0,19000.0,1.0,16.5,17.184292192735985,19.0,1.0,19753.685350477455,10000.0,25000.0,1.0,18.48495979144239,17.0,20.0,1.0,0.0,211.0,1.0,13.0
11.0,21.0,11.0,21.0,-121.0,11.0,11.0,-111.0,9.993578232949606,9.0,11.0,30000.0,10000.0,19000.0,0.0,26.391842011803917,16.5,19.0,0.0,10000.0,36517.1235983661,25000.0,0.0,27.700103477559157,17.0,20.0,0.0,121.0,10.017424629751972,9.0,11.0,1.0,13727.023638111848,10000.0,19000.0,1.0,16.5,17.285737623394812,19.0,1.0,20314.637826700404,10000.0,25000.0,1.0,18.60814952246537,17.0,20.0,1.0,0.0,111.0,1.0,18.0
11.0,22.0,11.0,22.0,-121.0,21.0,12.0,-111.0,10.199610747113232,9.0,11.0,30000.0,10000.0,19000.0,0.0,24.069093039053044,16.5,19.0,0.0,10000.0,36893.753074393775,25000.0,0.0,25.36989457633898,17.0,20.0,0.0,122.0,10.189214618512125,9.0,11.0,1.0,16716.116167473414,10000.0,19000.0,1.0,16.5,17.890127615363312,19.0,1.0,23634.357765679924,10000.0,25000.0,1.0,19.195549960658713,17.0,20.0,1.0,0.0,211.0,1.0,48.0
11.0,22.0,11.0,22.0,-121.0,11.0,11.0,-111.0,9.997318566460716,9.0,11.0,30000.0,10000.0,19000.0,0.0,24.619065746164452,16.5,19.0,0.0,10000.0,36551.10337159761,25000.0,0.0,25.92903549276893,17.0,20.0,0.0,121.0,10.003404880580577,9.0,11.0,1.0,13486.297216629444,10000.0,19000.0,1.0,16.5,17.223466501898645,19.0,1.0,19935.750358708265,10000.0,25000.0,1.0,18.51311009612056,17.0,20.0,1.0,0.0,111.0,1.0,17.0
11.0,22.0,11.0,22.0,-121.0,11.0,11.0,-111.0,9.9980009051203,9.0,11.0,30000.0,10000.0,19000.0,0.0,24.305041047771688,16.5,19.0,0.0,10000.0,36516.96794164446,25000.0,0.0,25.607884743876657,17.0,20.0,0.0,121.0,10.001075598627967,9.0,11.0,1.0,16803.50153037602,10000.0,19000.0,1.0,16.5,17.89084014373601,19.0,1.0,23339.14760510299,10000.0,25000.0,1.0,19.197417890423928,17.0,20.0,1.0,0.0,111.0,1.0,57.0
11.0,21.0,11.0,22.0,-121.0,11.0,11.0,-111.0,9.996375733499173,9.0,11.0,30000.0,10000.0,19000.0,0.0,24.718716902566634,16.5,19.0,0.0,10000.0,36430.80027817286,25000.0,0.0,26.006494953634302,17.0,20.0,0.0,121.0,10.00979080114466,9.0,11.0,1.0,16186.460641995865,10000.0,19000.0,1.0,16.5,17.75970709684463,19.0,1.0,22571.37720214022,10000.0,25000.0,1.0,19.038296859919736,17.0,20.0,1.0,0.0,111.0,1.0,43.0
11.0,22.0,11.0,22.0,-121.0,21.0,12.0,-111.0,9.991795559954422,9.0,11.0,30000.0,10000.0,19000.0,0.0,24.40222141586723,16.5,19.0,0.0,10000.0,36430.95485748253,25000.0,0.0,25.68167728169078,17.0,20.0,0.0,121.0,9.977193062794482,9.0,11.0,1.0,16838.305116215688,10000.0,19000.0,1.0,16.5,17.840484545049886,19.0,1.0,23278.502630529118,10000.0,25000.0,1.0,19.121779262453046,17.0,20.0,1.0,0.0,211.0,1.0,25.0
11.0,22.0,11.0,22.0,-121.0,11.0,11.0,-111.0,10.003997705524432,9.0,11.0,30000.0,10000.0,19000.0,0.0,24.485684322266998,16.5,19.0,0.0,10000.0,36454.061048823794,25000.0,0.0,25.777812982903455,17.0,20.0,0.0,121.0,9.991672085152713,9.0,11.0,1.0,16795.80980651547,10000.0,19000.0,1.0,16.5,17.877925688318992,19.0,1.0,23344.292859125206,10000.0,25000.0,1.0,19.188958009203407,17.0,20.0,1.0,0.0,111.0,1.0,15.0
91.0,21.0,91.0,24.0,-721.0,911.0,12.0,-711.0,14.643533759951556,12.0,17.0,30000.0,18000.0,36000.0,1.0,24.638070689084067,20.0,25.0,1.0,18000.0,34550.92663285057,36000.0,1.0,25.206127156245476,20.0,26.0,1.0,721.0,14.153412611043482,12.0,17.0,1.0,28999.369537922405,18000.0,36000.0,1.0,20.0,22.794621843909823,25.0,1.0,33475.85175236727,18000.0,36000.0,1.0,23.353385998377338,20.0,26.0,1.0,1.0,91121.0,7.0,19.0
11.0,21.0,11.0,22.0,-121.0,11.0,12.0,-111.0,10.170391450261373,9.0,11.0,30000.0,10000.0,19000.0,0.0,24.40859873924648,16.5,19.0,0.0,10000.0,36972.33737744934,25000.0,0.0,25.725638013391993,17.0,20.0,0.0,122.0,10.199650451672268,9.0,11.0,1.0,16710.801476286382,10000.0,19000.0,1.0,16.5,17.88353523009795,19.0,1.0,23818.42955951708,10000.0,25000.0,1.0,19.226130234451993,17.0,20.0,1.0,0.0,111.0,1.0,51.0
11.0,22.0,11.0,21.0,-121.0,21.0,13.0,-111.0,10.004466171305607,9.0,11.0,30000.0,10000.0,19000.0,0.0,25.06026465079922,16.5,19.0,0.0,10000.0,36500.46797784503,25000.0,0.0,26.363731567037004,17.0,20.0,0.0,121.0,10.000889509017528,9.0,11.0,1.0,11358.950077078613,10000.0,19000.0,1.0,16.5,16.737619162748306,19.0,1.0,17812.157634544994,10000.0,25000.0,1.0,18.031609469821795,17.0,20.0,1.0,0.0,211.0,1.0,58.0
91.0,24.0,91.0,24.0,-721.0,911.0,11.0,-711.0,14.724403676788587,12.0,17.0,30000.0,18000.0,36000.0,1.0,23.842454455983976,20.0,25.0,1.0,18000.0,34527.796977572754,36000.0,1.0,24.40673260487478,20.0,26.0,1.0,721.0,15.211346796426362,12.0,17.0,1.0,25144.650028385637,18000.0,36000.0,1.0,20.0,23.369045125161968,25.0,1.0,29663.732030782914,18000.0,36000.0,1.0,23.932237167479528,20.0,26.0,1.0,1.0,91121.0,7.0,9.0
11.0,22.0,11.0,22.0,-121.0,21.0,12.0,-111.0,9.994539246903766,9.0,11.0,30000.0,10000.0,19000.0,0.0,23.373483489580124,16.5,19.0,0.0,10000.0,36416.27520618546,25000.0,0.0,24.654235906907466,17.0,20.0,0.0,121.0,9.99559558649406,9.0,11.0,1.0,16478.076676819463,10000.0,19000.0,1.0,16.5,17.82450372212255,19.0,1.0,22954.1071755618,10000.0,25000.0,1.0,19.117183890821366,17.0,20.0,1.0,0.0,211.0,1.0,23.0
11.0,22.0,11.0,22.0,-121.0,11.0,12.0,-111.0,9.998843363551401,9.0,11.0,30000.0,10000.0,19000.0,0.0,24.08953884172125,16.5,19.0,0.0,10000.0,36403.49977332848,25000.0,0.0,25.37048655478433,17.0,20.0,0.0,121.0,10.00418115111503,9.0,11.0,1.0,17749.47088965882,10000.0,19000.0,1.0,16.5,18.09154439676524,19.0,1.0,24275.62638884108,10000.0,25000.0,1.0,19.39702800068302,17.0,20.0,1.0,0.0,111.0,1.0,40.0
11.0,21.0,11.0,22.0,-121.0,21.0,13.0,-111.0,10.194493019278347,9.0,11.0,30000.0,10000.0,19000.0,0.0,27.309000848394103,16.5,19.0,0.0,10000.0,36853.63627809292,25000.0,0.0,28.602541366170342,17.0,20.0,0.0,122.0,10.194958218899204,9.0,11.0,1.0,12307.905237059134,10000.0,19000.0,1.0,16.5,17.075944951738954,19.0,1.0,19400.298182300132,10000.0,25000.0,1.0,18.41454788752422,17.0,20.0,1.0,0.0,211.0,1.0,52.0
91.0,24.0,91.0,24.0,-721.0,911.0,12.0,-711.0,15.112725659466808,12.0,17.0,30000.0,18000.0,36000.0,1.0,25.497537895811192,20.0,25.0,0.0,18000.0,34085.61693627704,36000.0,1.0,25.99661970252534,20.0,26.0,1.0,722.0,15.42045720574303,12.0,17.0,1.0,25000.002933620643,18000.0,36000.0,1.0,20.0,23.54089262512901,25.0,1.0,28801.956755470448,18000.0,36000.0,1.0,24.005323337074714,20.0,26.0,1.0,0.0,91121.0,7.0,1.0
11.0,21.0,11.0,22.0,-121.0,11.0,12.0,-111.0,10.220735696449813,9.0,11.0,30000.0,10000.0,19000.0,0.0,25.843478269796698,16.5,19.0,0.0,10000.0,37064.012462461,25000.0,0.0,27.177296223460676,17.0,20.0,0.0,122.0,10.185065152913332,9.0,11.0,1.0,16485.0745293189,10000.0,19000.0,1.0,16.5,17.81189091657661,19.0,1.0,23462.123811311612,10000.0,25000.0,1.0,19.129288591817705,17.0,20.0,1.0,0.0,111.0,1.0,51.0
81.0,23.0,81.0,23.0,-721.0,912.0,12.0,-711.0,15.059883581649554,12.0,17.0,30000.0,12500.0,23000.0,0.0,25.956573877960803,20.0,24.0,0.0,12500.0,34036.43129555277,26000.0,0.0,26.44476674117567,20.0,25.0,0.0,722.0,15.002478336944305,12.0,17.0,1.0,18654.535796440876,12500.0,23000.0,1.0,20.0,21.84156809860881,24.0,1.0,22724.45999366403,12500.0,26000.0,1.0,22.333811816245962,20.0,25.0,1.0,0.0,912.0,7.0,31.0
11.0,22.0,11.0,22.0,-121.0,11.0,11.0,-111.0,10.193992476223002,9.0,11.0,30000.0,10000.0,19000.0,0.0,23.15325956621706,16.5,19.0,0.0,10000.0,37139.07447446688,25000.0,0.0,24.50097883302594,17.0,20.0,0.0,122.0,10.219413805519846,9.0,11.0,1.0,13592.467301514765,10000.0,19000.0,1.0,16.5,17.35037304022303,19.0,1.0,20538.58802409421,10000.0,25000.0,1.0,18.661666368354307,17.0,20.0,1.0,0.0,111.0,1.0,17.0
11.0,22.0,11.0,22.0,-121.0,11.0,11.0,-111.0,10.001013621491571,9.0,11.0,30000.0,10000.0,19000.0,0.0,23.86021117863622,16.5,19.0,0.0,10000.0,36536.20233364082,25000.0,0.0,25.16899213595228,17.0,20.0,0.0,121.0,10.000827778855239,9.0,11.0,1.0,13344.365528396065,10000.0,19000.0,1.0,16.5,17.25276063870417,19.0,1.0,19808.23503978633,10000.0,25000.0,1.0,18.547057983745376,17.0,20.0,1.0,0.0,111.0,1.0,57.0
11.0,21.0,11.0,22.0,-121.0,21.0,13.0,-111.0,10.215331425945891,9.0,11.0,30000.0,10000.0,19000.0,0.0,28.05269821876864,16.5,19.0,0.0,10000.0,37035.054356604975,25000.0,0.0,29.380608413402427,17.0,20.0,0.0,122.0,10.220620071049035,9.0,11.0,1.0,14342.804415650893,10000.0,19000.0,1.0,16.5,17.46590673578963,19.0,1.0,21352.130101262406,10000.0,25000.0,1.0,18.788960484008825,17.0,20.0,1.0,0.0,211.0,1.0,32.0
91.0,21.0,91.0,24.0,-721.0,911.0,12.0,-711.0,15.24518631268573,12.0,17.0,30000.0,18000.0,36000.0,1.0,25.723444228726095,20.0,25.0,0.0,18000.0,33961.70296946499,36000.0,1.0,26.20666535274511,20.0,26.0,0.0,722.0,15.395545643335577,12.0,17.0,1.0,27859.882401938616,18000.0,36000.0,1.0,20.0,23.78688084529334,25.0,1.0,31809.353876691704,18000.0,36000.0,1.0,24.26861005619603,20.0,26.0,1.0,0.0,91121.0,7.0,26.0
11.0,22.0,11.0,22.0,-121.0,21.0,12.0,-111.0,10.207537482560305,9.0,11.0,30000.0,10000.0,19000.0,0.0,24.55446666432514,16.5,19.0,0.0,10000.0,36819.62677355419,25000.0,0.0,25.840054255031827,17.0,20.0,0.0,122.0,10.20935325238659,9.0,11.0,1.0,16758.82867476712,10000.0,19000.0,1.0,16.5,17.928223068204048,19.0,1.0,23813.237949227747,10000.0,25000.0,1.0,19.258070188017356,17.0,20.0,1.0,0.0,211.0,1.0,48.0
11.0,21.0,11.0,22.0,-121.0,11.0,12.0,-111.0,10.019077366920191,9.0,11.0,30000.0,10000.0,19000.0,0.0,25.953883101833526,16.5,19.0,0.0,10000.0,36483.874298163144,25000.0,0.0,27.25327034012691,17.0,20.0,0.0,121.0,10.013005838800224,9.0,11.0,1.0,14551.859833737137,10000.0,19000.0,1.0,16.5,17.443882138237104,19.0,1.0,21124.039892187517,10000.0,25000.0,1.0,18.760966107328855,17.0,20.0,1.0,0.0,111.0,1.0,51.0
11.0,22.0,11.0,22.0,-121.0,21.0,12.0,-111.0,10.201138061508061,9.0,11.0,30000.0,10000.0,19000.0,0.0,24.477601661673063,16.5,19.0,0.0,10000.0,36937.983930955925,25000.0,0.0,25.795060199017612,17.0,20.0,0.0,122.0,10.235084173885019,9.0,11.0,1.0,15329.826157266521,10000.0,19000.0,1.0,16.5,17.664389430683684,19.0,1.0,22320.395010452143,10000.0,25000.0,1.0,18.991833355053707,17.0,20.0,1.0,0.0,211.0,1.0,25.0
11.0,22.0,11.0,22.0,-121.0,11.0,12.0,-111.0,10.17639414109096,9.0,11.0,30000.0,10000.0,19000.0,0.0,24.57998896643237,16.5,19.0,0.0,10000.0,36922.79155164718,25000.0,0.0,25.884613366591992,17.0,20.0,0.0,122.0,10.21732240863548,9.0,11.0,1.0,16201.994490259247,10000.0,19000.0,1.0,16.5,17.772595049337006,19.0,1.0,23168.90338290471,10000.0,25000.0,1.0,19.085533517471536,17.0,20.0,1.0,0.0,111.0,1.0,49.0
11.0,21.0,11.0,22.0,-121.0,11.0,12.0,-111.0,10.19202205966494,9.0,11.0,30000.0,10000.0,19000.0,0.0,25.373375018406193,16.5,19.0,0.0,10000.0,37040.06853858948,25000.0,0.0,26.700288522974013,17.0,20.0,0.0,122.0,10.18875539489157,9.0,11.0,1.0,15505.762835788773,10000.0,19000.0,1.0,16.5,17.649048377188876,19.0,1.0,22410.363051951288,10000.0,25000.0,1.0,18.95042878566762,17.0,20.0,1.0,0.0,111.0,1.0,51.0
11.0,22.0,11.0,21.0,-121.0,11.0,12.0,-111.0,10.181869346035706,9.0,11.0,30000.0,10000.0,19000.0,0.0,23.36186445145458,16.5,19.0,0.0,10000.0,36952.726703883745,25000.0,0.0,24.67083155750656,17.0,20.0,0.0,122.0,10.207192158881057,9.0,11.0,1.0,13457.655343735976,10000.0,19000.0,1.0,16.5,17.206727922802816,19.0,1.0,20549.0515639676,10000.0,25000.0,1.0,18.541801884947688,17.0,20.0,1.0,0.0,111.0,1.0,45.0
11.0,22.0,11.0,21.0,-121.0,11.0,11.0,-111.0,9.993505943660944,9.0,11.0,30000.0,10000.0,19000.0,0.0,26.970848015551844,16.5,19.0,0.0,10000.0,36448.95809990069,25000.0,0.0,28.257605050500107,17.0,20.0,0.0,121.0,9.996819466420387,9.0,11.0,1.0,13097.132606415415,10000.0,19000.0,1.0,16.5,17.102155736005997,19.0,1.0,19618.545431139428,10000.0,25000.0,1.0,18.403369622035846,17.0,20.0,1.0,0.0,111.0,1.0,26.0
11.0,22.0,11.0,22.0,-121.0,21.0,13.0,-111.0,10.220576319432851,9.0,11.0,30000.0,10000.0,19000.0,0.0,25.173855894091933,16.5,19.0,0.0,10000.0,37173.25413756979,25000.0,0.0,26.521331865927785,17.0,20.0,0.0,122.0,10.21651706086677,9.0,11.0,1.0,13486.961728769862,10000.0,19000.0,1.0,16.5,17.279787987318265,19.0,1.0,20549.438602048464,10000.0,25000.0,1.0,18.606454756106885,17.0,20.0,1.0,0.0,211.0,1.0,16.0
81.0,23.0,81.0,23.0,-721.0,912.0,11.0,-711.0,15.285711933299934,12.0,17.0,30000.0,12500.0,23000.0,0.0,26.310921479226316,20.0,24.0,0.0,12500.0,34070.46063236302,26000.0,0.0,26.80913408691829,20.0,25.0,0.0,722.0,15.348195399995042,12.0,17.0,1.0,16301.322621006617,12500.0,23000.0,1.0,20.0,21.914584705301962,24.0,1.0,20335.545892380906,12500.0,26000.0,1.0,22.40836196482461,20.0,25.0,1.0,0.0,912.0,7.0,17.0
11.0,22.0,11.0,22.0,-121.0,21.0,13.0,-111.0,10.187238299815785,9.0,11.0,30000.0,10000.0,19000.0,0.0,24.726722587859243,16.5,19.0,0.0,10000.0,36986.949743562494,25000.0,0.0,26.042022086192148,17.0,20.0,0.0,122.0,10.20462448559414,9.0,11.0,1.0,15205.085106718407,10000.0,19000.0,1.0,16.5,17.609515568568533,19.0,1.0,22498.205707969304,10000.0,25000.0,1.0,18.982452002946776,17.0,20.0,1.0,0.0,211.0,1.0,5.0
91.0,24.0,91.0,21.0,-721.0,911.0,11.0,-711.0,14.990948127169379,12.0,17.0,30000.0,18000.0,36000.0,1.0,24.475717229397684,20.0,25.0,1.0,18000.0,34481.922778367414,36000.0,1.0,25.034256470650213,20.0,26.0,1.0,721.0,15.068944239797759,12.0,17.0,1.0,23383.501884139198,18000.0,36000.0,1.0,20.0,22.920500351447835,25.0,1.0,27883.7339016074,18000.0,36000.0,1.0,23.48132129834791,20.0,26.0,1.0,1.0,91121.0,7.0,15.0
11.0,21.0,11.0,22.0,-121.0,21.0,13.0,-111.0,10.191527064369442,9.0,11.0,30000.0,10000.0,19000.0,0.0,28.175465818286238,16.5,19.0,0.0,10000.0,37019.21550441377,25000.0,0.0,29.500117860665895,17.0,20.0,0.0,122.0,10.208389117393112,9.0,11.0,1.0,14077.990726881106,10000.0,19000.0,1.0,16.5,17.414923302069248,19.0,1.0,21100.787421431844,10000.0,25000.0,1.0,18.740251179351837,17.0,20.0,1.0,0.0,211.0,1.0,59.0
11.0,21.0,11.0,21.0,-121.0,21.0,13.0,-111.0,10.213619641354219,9.0,11.0,30000.0,10000.0,19000.0,0.0,26.091083781342135,16.5,19.0,0.0,10000.0,37125.91323691176,25000.0,0.0,27.44217843066302,17.0,20.0,0.0,122.0,10.195930209258984,9.0,11.0,1.0,12489.565757939976,10000.0,19000.0,1.0,16.5,17.046016218765367,19.0,1.0,19653.01271516068,10000.0,25000.0,1.0,18.404227374699868,17.0,20.0,1.0,0.0,211.0,1.0,34.0
91.0,24.0,91.0,24.0,-721.0,911.0,11.0,-711.0,15.088073672072971,12.0,17.0,30000.0,18000.0,36000.0,1.0,24.385275539569466,20.0,25.0,1.0,18000.0,34447.46239915503,36000.0,1.0,24.937493286504456,20.0,26.0,1.0,721.0,15.12304871841281,12.0,17.0,1.0,22842.464075859603,18000.0,36000.0,1.0,20.0,22.936205525004894,25.0,1.0,27336.858831834103,18000.0,36000.0,1.0,23.49425061302007,20.0,26.0,1.0,1.0,91121.0,7.0,0.0
11.0,22.0,11.0,21.0,-121.0,21.0,13.0,-111.0,10.183592181766011,9.0,11.0,30000.0,10000.0,19000.0,0.0,27.25896988606783,16.5,19.0,0.0,10000.0,37137.62960770172,25000.0,0.0,28.604684000162273,17.0,20.0,0.0,122.0,10.170036667549324,9.0,11.0,1.0,12175.838374272107,10000.0,19000.0,1.0,16.5,16.95144968977607,19.0,1.0,19085.992267215406,10000.0,25000.0,1.0,18.254275997023008,17.0,20.0,1.0,0.0,211.0,1.0,58.0
91.0,24.0,91.0,21.0,-721.0,911.0,12.0,-711.0,15.36300396401064,12.0,17.0,30000.0,18000.0,36000.0,1.0,24.041704807323203,20.0,25.0,1.0,18000.0,34059.5525276711,36000.0,1.0,24.537649118585204,20.0,26.0,1.0,722.0,15.106651554563767,12.0,17.0,1.0,25260.991224606907,18000.0,36000.0,1.0,20.0,23.141631180507733,25.0,1.0,29175.91037203753,18000.0,36000.0,1.0,23.61990603148811,20.0,26.0,1.0,1.0,91121.0,7.0,14.0
11.0,22.0,11.0,21.0,-121.0,11.0,11.0,-111.0,10.214816899605546,9.0,11.0,30000.0,10000.0,19000.0,0.0,24.738129343889604,16.5,19.0,0.0,10000.0,36876.28557073916,25000.0,0.0,26.033335385556974,17.0,20.0,0.0,122.0,10.191868237495266,9.0,11.0,1.0,13260.879675659988,10000.0,19000.0,1.0,16.5,17.160507757966716,19.0,1.0,20344.405185118718,10000.0,25000.0,1.0,18.49474917970128,17.0,20.0,1.0,0.0,111.0,1.0,54.0
11.0,22.0,11.0,22.0,-121.0,11.0,11.0,-111.0,10.190068807731043,9.0,11.0,30000.0,10000.0,19000.0,0.0,24.485015603137555,16.5,19.0,0.0,10000.0,37089.64915472406,25000.0,0.0,25.82350003609733,17.0,20.0,0.0,122.0,10.208183223945346,9.0,11.0,1.0,12733.59576742948,10000.0,19000.0,1.0,16.5,17.124008832641636,19.0,1.0,19718.529498559255,10000.0,25000.0,1.0,18.442723604040886,17.0,20.0,1.0,0.0,111.0,1.0,27.0
81.0,23.0,81.0,23.0,-721.0,912.0,11.0,-711.0,14.994082539439516,12.0,17.0,30000.0,12500.0,23000.0,0.0,27.614603418393802,20.0,24.0,0.0,12500.0,34477.85835584,26000.0,0.0,28.1770529815837,20.0,25.0,0.0,721.0,15.510961062400979,12.0,17.0,1.0,15143.923246832286,12500.0,23000.0,1.0,20.0,21.959609306908334,24.0,1.0,19632.695040118964,12500.0,26000.0,1.0,22.52342967230701,20.0,25.0,1.0,0.0,912.0,7.0,17.0
11.0,22.0,11.0,21.0,-121.0,11.0,11.0,-111.0,10.192967751812297,9.0,11.0,30000.0,10000.0,19000.0,0.0,23.982069262021277,16.5,19.0,0.0,10000.0,36950.310783802124,25000.0,0.0,25.291228503261067,17.0,20.0,0.0,122.0,10.186348747126404,9.0,11.0,1.0,16062.296033301513,10000.0,19000.0,1.0,16.5,17.696558081752393,19.0,1.0,23080.188574252024,10000.0,25000.0,1.0,19.0184470101475,17.0,20.0,1.0,0.0,111.0,1.0,1.0
11.0,22.0,11.0,21.0,-121.0,11.0,11.0,-111.0,10.002036463116884,9.0,11.0,30000.0,10000.0,19000.0,0.0,23.74664456374098,16.5,19.0,0.0,10000.0,36485.67880819098,25000.0,0.0,25.04059142647101,17.0,20.0,0.0,121.0,9.996131333951636,9.0,11.0,1.0,14748.208864640943,10000.0,19000.0,1.0,16.5,17.413020336923722,19.0,1.0,21291.51869069664,10000.0,25000.0,1.0,18.71846506702699,17.0,20.0,1.0,0.0,111.0,1.0,12.0
11.0,21.0,11.0,22.0,-121.0,21.0,13.0,-111.0,9.98881794568689,9.0,11.0,30000.0,10000.0,19000.0,0.0,28.992899609316417,16.5,19.0,0.0,10000.0,36363.18051661494,25000.0,0.0,30.267690771146224,17.0,20.0,0.0,121.0,9.997290389162627,9.0,11.0,1.0,14987.875339314904,10000.0,19000.0,1.0,16.5,17.526090334903557,19.0,1.0,21497.215458633877,10000.0,25000.0,1.0,18.830162918069306,17.0,20.0,1.0,0.0,211.0,1.0,32.0
11.0,21.0,11.0,21.0,-121.0,21.0,13.0,-111.0,9.988488810252367,9.0,11.0,30000.0,10000.0,19000.0,0.0,26.4261936282824,16.5,19.0,0.0,10000.0,36583.44356102326,25000.0,0.0,27.747060077947786,17.0,20.0,0.0,121.0,10.002695026488055,9.0,11.0,1.0,13947.13752123716,10000.0,19000.0,1.0,16.5,17.290423463598547,19.0,1.0,20474.97365177624,10000.0,25000.0,1.0,18.600133139670017,17.0,20.0,1.0,0.0,211.0,1.0,34.0
11.0,21.0,11.0,21.0,-121.0,11.0,11.0,-111.0,9.992863778292651,9.0,11.0,30000.0,10000.0,19000.0,0.0,26.836313890805865,16.5,19.0,0.0,10000.0,36562.11899390579,25000.0,0.0,28.143897431178512,17.0,20.0,0.0,121.0,9.98951021031564,9.0,11.0,1.0,10795.182923559047,10000.0,19000.0,1.0,16.5,16.640516021191168,19.0,1.0,17277.31351973972,10000.0,25000.0,1.0,17.932160881941687,17.0,20.0,1.0,0.0,111.0,1.0,56.0
11.0,21.0,11.0,21.0,-121.0,21.0,12.0,-111.0,9.991753825252893,9.0,11.0,30000.0,10000.0,19000.0,0.0,25.552121177312642,16.5,19.0,0.0,10000.0,36491.47664284847,25000.0,0.0,26.849862596384767,17.0,20.0,0.0,121.0,9.994784854449842,9.0,11.0,1.0,15121.474411272087,10000.0,19000.0,1.0,16.5,17.489731014864198,19.0,1.0,21615.017942824834,10000.0,25000.0,1.0,18.787885635312175,17.0,20.0,1.0,0.0,211.0,1.0,6.0
91.0,24.0,91.0,21.0,-721.0,911.0,11.0,-711.0,15.172889767003136,12.0,17.0,30000.0,18000.0,36000.0,1.0,24.296583744847986,20.0,25.0,1.0,18000.0,34528.06093800401,36000.0,1.0,24.863352544436854,20.0,26.0,1.0,721.0,14.740307693768,12.0,17.0,1.0,23142.041206579877,18000.0,36000.0,1.0,20.0,22.62472115158242,25.0,1.0,27660.418238033337,18000.0,36000.0,1.0,23.19027783495507,20.0,26.0,1.0,1.0,91121.0,7.0,15.0
11.0,22.0,11.0,22.0,-121.0,21.0,13.0,-111.0,10.014485453530984,9.0,11.0,30000.0,10000.0,19000.0,0.0,25.25008945253478,16.5,19.0,0.0,10000.0,36454.97109811011,25000.0,0.0,26.539182423828525,17.0,20.0,0.0,121.0,10.005740198094172,9.0,11.0,1.0,14134.167249323651,10000.0,19000.0,1.0,16.5,17.373982179740427,19.0,1.0,20707.093073410593,10000.0,25000.0,1.0,18.6866313538237,17.0,20.0,1.0,0.0,211.0,1.0,13.0
11.0,22.0,11.0,21.0,-121.0,11.0,12.0,-111.0,10.191453072499593,9.0,11.0,30000.0,10000.0,19000.0,0.0,23.72797975367443,16.5,19.0,0.0,10000.0,36985.215019184165,25000.0,0.0,25.040792070672712,17.0,20.0,0.0,122.0,10.227303064856695,9.0,11.0,1.0,15693.28867804479,10000.0,19000.0,1.0,16.5,17.647139735056555,19.0,1.0,22605.920603549628,10000.0,25000.0,1.0,18.94631067106279,17.0,20.0,1.0,0.0,111.0,1.0,46.0
11.0,21.0,11.0,22.0,-121.0,21.0,13.0,-111.0,10.183106889660237,9.0,11.0,30000.0,10000.0,19000.0,0.0,26.09824787534331,16.5,19.0,0.0,10000.0,37130.48139876619,25000.0,0.0,27.446913162230064,17.0,20.0,0.0,122.0,10.176803792042316,9.0,11.0,1.0,13474.703726585585,10000.0,19000.0,1.0,16.5,17.231611847219323,19.0,1.0,20436.342830135636,10000.0,25000.0,1.0,18.548342159483507,17.0,20.0,1.0,0.0,211.0,1.0,9.0
11.0,22.0,11.0,21.0,-121.0,21.0,13.0,-111.0,9.996767393391197,9.0,11.0,30000.0,10000.0,19000.0,0.0,25.918363762876126,16.5,19.0,0.0,10000.0,36526.040612658224,25000.0,0.0,27.234880635942808,17.0,20.0,0.0,121.0,10.00851801961389,9.0,11.0,1.0,12773.07789970768,10000.0,19000.0,1.0,16.5,17.054860106884803,19.0,1.0,19312.34750450717,10000.0,25000.0,1.0,18.374045702443627,17.0,20.0,1.0,0.0,211.0,1.0,58.0
11.0,22.0,11.0,21.0,-121.0,21.0,13.0,-111.0,9.99274699249691,9.0,11.0,30000.0,10000.0,19000.0,0.0,25.61731062910353,16.5,19.0,0.0,10000.0,36549.71431474116,25000.0,0.0,26.923609192357528,17.0,20.0,0.0,121.0,10.001022033385896,9.0,11.0,1.0,14099.120155273586,10000.0,19000.0,1.0,16.5,17.307564631365878,19.0,1.0,20546.82590398407,10000.0,25000.0,1.0,18.593518239581826,17.0,20.0,1.0,0.0,211.0,1.0,2.0
11.0,22.0,11.0,22.0,-121.0,21.0,13.0,-111.0,10.18759420242991,9.0,11.0,30000.0,10000.0,19000.0,0.0,25.208008954013863,16.5,19.0,0.0,10000.0,37047.65383610242,25000.0,0.0,26.536872497180426,17.0,20.0,0.0,122.0,10.216390781294953,9.0,11.0,1.0,13715.708272170157,10000.0,19000.0,1.0,16.5,17.30579968500492,19.0,1.0,20855.00181079517,10000.0,25000.0,1.0,18.651942263524365,17.0,20.0,1.0,0.0,211.0,1.0,5.0
11.0,21.0,11.0,21.0,-121.0,11.0,11.0,-111.0,10.00956088200538,9.0,11.0,30000.0,10000.0,19000.0,0.0,26.095466039653154,16.5,19.0,0.0,10000.0,36492.297470063975,25000.0,0.0,27.388172683842473,17.0,20.0,0.0,121.0,10.007361115978945,9.0,11.0,1.0,15950.03532374089,10000.0,19000.0,1.0,16.5,17.677974380421425,19.0,1.0,22568.08348433031,10000.0,25000.0,1.0,18.995719734544046,17.0,20.0,1.0,0.0,111.0,1.0,56.0
11.0,22.0,11.0,22.0,-121.0,21.0,13.0,-111.0,10.213481956476917,9.0,11.0,30000.0,10000.0,19000.0,0.0,25.814095573368263,16.5,19.0,0.0,10000.0,36921.981049955226,25000.0,0.0,27.12480617861725,17.0,20.0,0.0,122.0,10.205076724478971,9.0,11.0,1.0,13396.084446599063,10000.0,19000.0,1.0,16.5,17.273210183751182,19.0,1.0,20451.684580457702,10000.0,25000.0,1.0,18.609222209080908,17.0,20.0,1.0,0.0,211.0,1.0,8.0
11.0,22.0,11.0,21.0,-121.0,11.0,12.0,-111.0,10.175486171955564,9.0,11.0,30000.0,10000.0,19000.0,0.0,24.459079749024962,16.5,19.0,0.0,10000.0,37043.08834934806,25000.0,0.0,25.79302819494723,17.0,20.0,0.0,122.0,10.179836438867175,9.0,11.0,1.0,15502.586630758255,10000.0,19000.0,1.0,16.5,17.599812727740254,19.0,1.0,22517.920687855723,10000.0,25000.0,1.0,18.92850455991881,17.0,20.0,1.0,0.0,111.0,1.0,10.0
11.0,22.0,11.0,21.0,-121.0,21.0,12.0,-111.0,10.198580412440933,9.0,11.0,30000.0,10000.0,19000.0,0.0,23.940688087041273,16.5,19.0,0.0,10000.0,37006.63958236136,25000.0,0.0,25.259278689863653,17.0,20.0,0.0,122.0,10.2092160366275,9.0,11.0,1.0,14461.827784936128,10000.0,19000.0,1.0,16.5,17.446777526814827,19.0,1.0,21557.066243656864,10000.0,25000.0,1.0,18.782041692536346,17.0,20.0,1.0,0.0,211.0,1.0,53.0
91.0,24.0,91.0,24.0,-721.0,911.0,11.0,-711.0,15.321012198045453,12.0,17.0,30000.0,18000.0,36000.0,1.0,23.879820159825556,20.0,25.0,1.0,18000.0,34000.007271249866,36000.0,1.0,24.36839707597873,20.0,26.0,1.0,722.0,15.29676442897182,12.0,17.0,1.0,26120.484681815975,18000.0,36000.0,1.0,20.0,23.495272699058567,25.0,1.0,30077.771014453003,18000.0,36000.0,1.0,23.978631508586624,20.0,26.0,1.0,1.0,91121.0,7.0,0.0
11.0,22.0,11.0,22.0,-121.0,11.0,11.0,-111.0,10.217612913916799,9.0,11.0,30000.0,10000.0,19000.0,0.0,24.80724395760825,16.5,19.0,0.0,10000.0,37042.112151708854,25000.0,0.0,26.136861348334715,17.0,20.0,0.0,122.0,10.195093816518757,9.0,11.0,1.0,15282.947405348323,10000.0,19000.0,1.0,16.5,17.587563845341876,19.0,1.0,22400.11734572911,10000.0,25000.0,1.0,18.931352856596064,17.0,20.0,1.0,0.0,111.0,1.0,27.0
11.0,21.0,11.0,22.0,-121.0,21.0,12.0,-111.0,9.994144343272932,9.0,11.0,30000.0,10000.0,19000.0,0.0,25.835683101799816,16.5,19.0,0.0,10000.0,36479.41325617168,25000.0,0.0,27.122653271964978,17.0,20.0,0.0,121.0,10.011181469376131,9.0,11.0,1.0,14572.393625859944,10000.0,19000.0,1.0,16.5,17.441748563415455,19.0,1.0,21101.916207363938,10000.0,25000.0,1.0,18.738671672897826,17.0,20.0,1.0,0.0,211.0,1.0,37.0
91.0,24.0,91.0,24.0,-721.0,911.0,12.0,-711.0,15.070542148701938,12.0,17.0,30000.0,18000.0,36000.0,1.0,25.39622691070055,20.0,25.0,0.0,18000.0,33956.21037433569,36000.0,1.0,25.879602612516642,20.0,26.0,1.0,722.0,15.203954098125003,12.0,17.0,1.0,24699.345523851,18000.0,36000.0,1.0,20.0,23.241025971428016,25.0,1.0,28663.68365941562,18000.0,36000.0,1.0,23.725394735269756,20.0,26.0,1.0,0.0,91121.0,7.0,13.0
11.0,22.0,11.0,22.0,-121.0,11.0,11.0,-111.0,10.208002410372698,9.0,11.0,30000.0,10000.0,19000.0,0.0,22.497541584612318,16.5,19.0,0.0,10000.0,36953.99957165806,25000.0,0.0,23.809012319794117,17.0,20.0,0.0,122.0,10.187520302283243,9.0,11.0,1.0,15285.25689042916,10000.0,19000.0,1.0,16.5,17.588426830547977,19.0,1.0,22224.327226934965,10000.0,25000.0,1.0,18.89708202701726,17.0,20.0,1.0,0.0,111.0,1.0,11.0
11.0,22.0,11.0,22.0,-121.0,21.0,13.0,-111.0,10.205699171412176,9.0,11.0,30000.0,10000.0,19000.0,0.0,24.777911419131545,16.5,19.0,0.0,10000.0,37097.57673938398,25000.0,0.0,26.119442896915043,17.0,20.0,0.0,122.0,10.192408647921063,9.0,11.0,1.0,13439.988197078701,10000.0,19000.0,1.0,16.5,17.293449503309418,19.0,1.0,20389.858417790998,10000.0,25000.0,1.0,18.607062587034232,17.0,20.0,1.0,0.0,211.0,1.0,4.0
11.0,21.0,11.0,22.0,-121.0,11.0,12.0,-111.0,10.195080420558432,9.0,11.0,30000.0,10000.0,19000.0,0.0,25.03785883833217,16.5,19.0,0.0,10000.0,37215.69442068144,25000.0,0.0,26.402610990206927,17.0,20.0,0.0,122.0,10.206303125970853,9.0,11.0,1.0,16489.666762507066,10000.0,19000.0,1.0,16.5,17.850097512086464,19.0,1.0,23314.64063214942,10000.0,25000.0,1.0,19.140950094256063,17.0,20.0,1.0,0.0,111.0,1.0,51.0
11.0,22.0,11.0,22.0,-121.0,11.0,12.0,-111.0,10.169402949380167,9.0,11.0,30000.0,10000.0,19000.0,0.0,25.25524100214458,16.5,19.0,0.0,10000.0,36924.87293802946,25000.0,0.0,26.560257646883606,17.0,20.0,0.0,122.0,10.20408811330355,9.0,11.0,1.0,17033.79595980353,10000.0,19000.0,1.0,16.5,17.932049175446885,19.0,1.0,24114.80309318044,10000.0,25000.0,1.0,19.266489858080146,17.0,20.0,1.0,0.0,111.0,1.0,42.0
11.0,22.0,11.0,22.0,-121.0,11.0,12.0,-111.0,9.99799536224219,9.0,11.0,30000.0,10000.0,19000.0,0.0,23.60136910305864,16.5,19.0,0.0,10000.0,36443.77493257716,25000.0,0.0,24.891051628006796,17.0,20.0,0.0,121.0,10.012209340951525,9.0,11.0,1.0,15913.263133173117,10000.0,19000.0,1.0,16.5,17.704774227756154,19.0,1.0,22346.46778270992,10000.0,25000.0,1.0,18.99234117457448,17.0,20.0,1.0,0.0,111.0,1.0,42.0
11.0,22.0,11.0,22.0,-121.0,21.0,13.0,-111.0,10.01208442493542,9.0,11.0,30000.0,10000.0,19000.0,0.0,27.043023288276864,16.5,19.0,0.0,10000.0,36430.39477229727,25000.0,0.0,28.335174570393175,17.0,20.0,0.0,121.0,10.00096142214339,9.0,11.0,1.0,13666.358184062332,10000.0,19000.0,1.0,16.5,17.27057082587748,19.0,1.0,20143.27190554347,10000.0,25000.0,1.0,18.572069826440195,17.0,20.0,1.0,0.0,211.0,1.0,5.0
11.0,22.0,11.0,21.0,-121.0,11.0,12.0,-111.0,10.191431441566294,9.0,11.0,30000.0,10000.0,19000.0,0.0,23.97049879765825,16.5,19.0,0.0,10000.0,36908.193172119434,25000.0,0.0,25.272634521292904,17.0,20.0,0.0,122.0,10.197498437180004,9.0,11.0,1.0,13797.507900452973,10000.0,19000.0,1.0,16.5,17.2732530688255,19.0,1.0,20827.340825794832,10000.0,25000.0,1.0,18.59831685253877,17.0,20.0,1.0,0.0,111.0,1.0,46.0
81.0,23.0,81.0,23.0,-721.0,912.0,12.0,-711.0,15.271690325517863,12.0,17.0,30000.0,12500.0,23000.0,0.0,27.06355852773739,20.0,24.0,0.0,12500.0,33963.767223053546,26000.0,0.0,27.546325865824333,20.0,25.0,0.0,722.0,14.942639138125216,12.0,17.0,1.0,18276.420789140444,12500.0,23000.0,1.0,20.0,21.7789417620317,24.0,1.0,22183.320732884287,12500.0,26000.0,1.0,22.25478294539974,20.0,25.0,1.0,0.0,912.0,7.0,10.0
91.0,24.0,91.0,24.0,-721.0,911.0,12.0,-711.0,14.973317094487422,12.0,17.0,30000.0,18000.0,36000.0,1.0,24.607312674638344,20.0,25.0,1.0,18000.0,33998.488120053444,36000.0,1.0,25.09653259007345,20.0,26.0,1.0,722.0,15.200935996849205,12.0,17.0,1.0,26686.520600463733,18000.0,36000.0,1.0,20.0,23.474991951108393,25.0,1.0,30650.91833629339,18000.0,36000.0,1.0,23.96004086630882,20.0,26.0,1.0,1.0,91121.0,7.0,13.0
11.0,21.0,11.0,21.0,-121.0,21.0,13.0,-111.0,10.205475805711355,9.0,11.0,30000.0,10000.0,19000.0,0.0,27.978882838394576,16.5,19.0,0.0,10000.0,37006.262919166795,25000.0,0.0,29.30120494038204,17.0,20.0,0.0,122.0,10.225687104164471,9.0,11.0,1.0,12834.015279994554,10000.0,19000.0,1.0,16.5,17.134375647637505,19.0,1.0,19956.413242026567,10000.0,25000.0,1.0,18.478616415219978,17.0,20.0,1.0,0.0,211.0,1.0,34.0
11.0,21.0,11.0,22.0,-121.0,11.0,12.0,-111.0,9.997323028633026,9.0,11.0,30000.0,10000.0,19000.0,0.0,25.081221513281584,16.5,19.0,0.0,10000.0,36502.095900504544,25000.0,0.0,26.382142499405063,17.0,20.0,0.0,121.0,9.998252312821517,9.0,11.0,1.0,15310.800519812674,10000.0,19000.0,1.0,16.5,17.55647985894341,19.0,1.0,21815.288074980697,10000.0,25000.0,1.0,18.857879360578025,17.0,20.0,1.0,0.0,111.0,1.0,51.0
81.0,23.0,81.0,23.0,-721.0,912.0,12.0,-711.0,15.315878019149682,12.0,17.0,30000.0,12500.0,23000.0,0.0,26.65911615262838,20.0,24.0,0.0,12500.0,33908.92586081642,26000.0,0.0,27.136707276109117,20.0,25.0,0.0,722.0,15.305402394000215,12.0,17.0,1.0,18378.380581889996,12500.0,23000.0,1.0,20.0,22.051025924682524,24.0,1.0,22323.899849428133,12500.0,26000.0,1.0,22.533088017132872,20.0,25.0,1.0,0.0,912.0,7.0,10.0
11.0,22.0,11.0,22.0,-121.0,11.0,11.0,-111.0,10.204305718531316,9.0,11.0,30000.0,10000.0,19000.0,0.0,24.47477192689738,16.5,19.0,0.0,10000.0,37004.63137515498,25000.0,0.0,25.796150987984124,17.0,20.0,0.0,122.0,10.204616950962288,9.0,11.0,1.0,18460.0739067084,10000.0,19000.0,1.0,16.5,18.246802884041948,19.0,1.0,25328.389106031624,10000.0,25000.0,0.0,19.542466767443482,17.0,20.0,1.0,0.0,111.0,1.0,38.0
11.0,22.0,11.0,22.0,-121.0,11.0,12.0,-111.0,10.19387304602335,9.0,11.0,30000.0,10000.0,19000.0,0.0,23.42500060396493,16.5,19.0,0.0,10000.0,37047.242977031405,25000.0,0.0,24.751709795450527,17.0,20.0,0.0,122.0,10.223231688303565,9.0,11.0,1.0,14808.811484636044,10000.0,19000.0,1.0,16.5,17.546810859130503,19.0,1.0,21888.657977400686,10000.0,25000.0,1.0,18.879657966413667,17.0,20.0,1.0,0.0,111.0,1.0,49.0
11.0,22.0,11.0,22.0,-121.0,11.0,12.0,-111.0,10.194481609977792,9.0,11.0,30000.0,10000.0,19000.0,0.0,25.605750188963384,16.5,19.0,0.0,10000.0,37004.18005756117,25000.0,0.0,26.92997873230325,17.0,20.0,0.0,122.0,10.206519035769668,9.0,11.0,1.0,14791.48145283719,10000.0,19000.0,1.0,16.5,17.534712879423882,19.0,1.0,21773.189740264213,10000.0,25000.0,1.0,18.854692851312638,17.0,20.0,1.0,0.0,111.0,1.0,14.0
81.0,23.0,81.0,21.0,-721.0,912.0,12.0,-711.0,16.084940393123276,12.0,17.0,30000.0,12500.0,23000.0,0.0,27.07112400574581,20.0,24.0,0.0,12500.0,34503.70697621171,26000.0,0.0,27.63774330312797,20.0,25.0,0.0,721.0,14.510510196506042,12.0,17.0,1.0,15568.068952243677,12500.0,23000.0,1.0,20.0,20.887554620645787,24.0,1.0,19997.92245261082,12500.0,26000.0,1.0,21.444882282312456,20.0,25.0,1.0,0.0,912.0,7.0,11.0
11.0,22.0,11.0,22.0,-121.0,21.0,13.0,-111.0,10.188938156691792,9.0,11.0,30000.0,10000.0,19000.0,0.0,26.017003828339355,16.5,19.0,0.0,10000.0,36925.089426791186,25000.0,0.0,27.323026640713817,17.0,20.0,0.0,122.0,10.18401846060204,9.0,11.0,1.0,14154.855092159269,10000.0,19000.0,1.0,16.5,17.398432317030757,19.0,1.0,21306.3051811061,10000.0,25000.0,1.0,18.74714514687355,17.0,20.0,1.0,0.0,211.0,1.0,4.0
11.0,22.0,11.0,21.0,-121.0,11.0,11.0,-111.0,10.188210435479178,9.0,11.0,30000.0,10000.0,19000.0,0.0,23.5467322142437,16.5,19.0,0.0,10000.0,37081.13938923208,25000.0,0.0,24.885136232484463,17.0,20.0,0.0,122.0,10.204921059662398,9.0,11.0,1.0,15762.470299401628,10000.0,19000.0,1.0,16.5,17.662331890271144,19.0,1.0,22661.34259425162,10000.0,25000.0,1.0,18.966285660027175,17.0,20.0,1.0,0.0,111.0,1.0,12.0
11.0,22.0,11.0,21.0,-121.0,21.0,13.0,-111.0,10.19436175259969,9.0,11.0,30000.0,10000.0,19000.0,0.0,25.72025831174446,16.5,19.0,0.0,10000.0,36860.417632583216,25000.0,0.0,27.014734034979643,17.0,20.0,0.0,122.0,10.194805782904792,9.0,11.0,1.0,12085.641860306061,10000.0,19000.0,1.0,16.5,16.936697969784838,19.0,1.0,19256.86621219119,10000.0,25000.0,1.0,18.289819066275996,17.0,20.0,1.0,0.0,211.0,1.0,20.0
11.0,22.0,11.0,21.0,-121.0,21.0,13.0,-111.0,10.204374136830316,9.0,11.0,30000.0,10000.0,19000.0,0.0,24.300216590337392,16.5,19.0,0.0,10000.0,36950.21793818444,25000.0,0.0,25.613561149901134,17.0,20.0,0.0,122.0,10.205156143661046,9.0,11.0,1.0,11923.259775651477,10000.0,19000.0,1.0,16.5,16.942895273377886,19.0,1.0,18885.14237679753,10000.0,25000.0,1.0,18.258444040317,17.0,20.0,1.0,0.0,211.0,1.0,20.0
11.0,22.0,11.0,22.0,-121.0,21.0,13.0,-111.0,10.010534325621483,9.0,11.0,30000.0,10000.0,19000.0,0.0,26.5229951229258,16.5,19.0,0.0,10000.0,36481.4027304624,25000.0,0.0,27.81907577600015,17.0,20.0,0.0,121.0,9.991564229132592,9.0,11.0,1.0,14585.563543861177,10000.0,19000.0,1.0,16.5,17.470830901797033,19.0,1.0,21163.336083089107,10000.0,25000.0,1.0,18.78618254448208,17.0,20.0,1.0,0.0,211.0,1.0,36.0
81.0,21.0,81.0,21.0,-721.0,912.0,12.0,-711.0,15.049663192289715,12.0,17.0,30000.0,12500.0,23000.0,0.0,27.516589277824124,20.0,24.0,0.0,12500.0,33989.55258516613,26000.0,0.0,28.002249699186084,20.0,25.0,0.0,722.0,15.086897636772147,12.0,17.0,1.0,14469.690572027394,12500.0,23000.0,1.0,20.0,21.358774641749545,24.0,1.0,18415.024182136418,12500.0,26000.0,1.0,21.839052152221125,20.0,25.0,1.0,0.0,912.0,7.0,6.0
81.0,23.0,81.0,23.0,-721.0,912.0,12.0,-711.0,15.120040581115017,12.0,17.0,30000.0,12500.0,23000.0,0.0,26.558607655886853,20.0,24.0,0.0,12500.0,34040.10335641816,26000.0,0.0,27.0517276895716,20.0,25.0,0.0,722.0,15.263230146386116,12.0,17.0,1.0,17217.30237320889,12500.0,23000.0,1.0,20.0,21.949132900353295,24.0,1.0,21137.22878434692,12500.0,26000.0,1.0,22.427584581751827,20.0,25.0,1.0,0.0,912.0,7.0,31.0
11.0,21.0,11.0,21.0,-121.0,11.0,11.0,-111.0,10.222119810487127,9.0,11.0,30000.0,10000.0,19000.0,0.0,25.950566663409774,16.5,19.0,0.0,10000.0,37053.790513258,25000.0,0.0,27.283455634817535,17.0,20.0,0.0,122.0,10.174714700220491,9.0,11.0,1.0,14003.01845510808,10000.0,19000.0,1.0,16.5,17.293984821629483,19.0,1.0,20741.72230477162,10000.0,25000.0,1.0,18.567334806423826,17.0,20.0,1.0,0.0,111.0,1.0,56.0
11.0,22.0,11.0,22.0,-121.0,21.0,12.0,-111.0,10.00583498560735,9.0,11.0,30000.0,10000.0,19000.0,0.0,24.932163707026653,16.5,19.0,0.0,10000.0,36461.2622814176,25000.0,0.0,26.22295903364268,17.0,20.0,0.0,121.0,9.999012165754307,9.0,11.0,1.0,16442.483898510625,10000.0,19000.0,1.0,16.5,17.841416181078777,19.0,1.0,22921.801827528143,10000.0,25000.0,1.0,19.135818565344827,17.0,20.0,1.0,0.0,211.0,1.0,23.0
91.0,24.0,91.0,24.0,-721.0,911.0,12.0,-711.0,15.225981633103501,12.0,17.0,30000.0,18000.0,36000.0,1.0,24.919422398860206,20.0,25.0,1.0,18000.0,33987.25411006387,36000.0,1.0,25.40775207137564,20.0,26.0,1.0,722.0,15.29587262806031,12.0,17.0,1.0,28894.374035716155,18000.0,36000.0,1.0,20.0,23.810402768316436,25.0,1.0,32923.10864091398,18000.0,36000.0,1.0,24.303812667987046,20.0,26.0,1.0,1.0,91121.0,7.0,27.0
11.0,22.0,11.0,21.0,-121.0,11.0,12.0,-111.0,9.998325493457944,9.0,11.0,30000.0,10000.0,19000.0,0.0,23.977591435688538,16.5,19.0,0.0,10000.0,36510.4441245336,25000.0,0.0,25.27814338336687,17.0,20.0,0.0,121.0,10.013674101678948,9.0,11.0,1.0,14026.008865445672,10000.0,19000.0,1.0,16.5,17.279583555590293,19.0,1.0,20573.98586122446,10000.0,25000.0,1.0,18.587633217382468,17.0,20.0,1.0,0.0,111.0,1.0,45.0
81.0,23.0,81.0,21.0,-721.0,912.0,12.0,-711.0,15.37837122004948,12.0,17.0,30000.0,12500.0,23000.0,0.0,26.419972157312024,20.0,24.0,0.0,12500.0,34506.82747055953,26000.0,0.0,26.983409401794056,20.0,25.0,0.0,721.0,15.309902828369218,12.0,17.0,1.0,17074.476412087384,12500.0,23000.0,1.0,20.0,21.943290651175708,24.0,1.0,21500.02531477028,12500.0,26000.0,1.0,22.49656656318628,20.0,25.0,1.0,0.0,912.0,7.0,11.0
81.0,21.0,81.0,23.0,-721.0,912.0,12.0,-711.0,15.160813296243047,12.0,17.0,30000.0,12500.0,23000.0,0.0,28.077473451634084,20.0,24.0,0.0,12500.0,33929.1758361235,26000.0,0.0,28.557055390994623,20.0,25.0,0.0,722.0,15.144995196064325,12.0,17.0,1.0,18150.760199943736,12500.0,23000.0,1.0,20.0,21.88861906720902,24.0,1.0,22212.95049149346,12500.0,26000.0,1.0,22.384436301999663,20.0,25.0,1.0,0.0,912.0,7.0,7.0
11.0,21.0,11.0,22.0,-121.0,21.0,13.0,-111.0,9.993487100967188,9.0,11.0,30000.0,10000.0,19000.0,0.0,27.289971430497218,16.5,19.0,0.0,10000.0,36528.39805535006,25000.0,0.0,28.587647597635105,17.0,20.0,0.0,121.0,9.998410465099013,9.0,11.0,1.0,14973.291058955361,10000.0,19000.0,1.0,16.5,17.504965659612413,19.0,1.0,21524.35253201521,10000.0,25000.0,1.0,18.80714672623384,17.0,20.0,1.0,0.0,211.0,1.0,24.0
11.0,21.0,11.0,22.0,-121.0,11.0,12.0,-111.0,10.004591823059478,9.0,11.0,30000.0,10000.0,19000.0,0.0,25.43932157545123,16.5,19.0,0.0,10000.0,36466.87889571575,25000.0,0.0,26.73134854006496,17.0,20.0,0.0,121.0,10.010788212924968,9.0,11.0,1.0,16709.657356161584,10000.0,19000.0,1.0,16.5,17.895781500927036,19.0,1.0,23274.16375516162,10000.0,25000.0,1.0,19.20731360376359,17.0,20.0,1.0,0.0,111.0,1.0,51.0
91.0,21.0,91.0,24.0,-721.0,911.0,12.0,-711.0,15.776936376029928,12.0,17.0,30000.0,18000.0,36000.0,1.0,26.150224978322342,20.0,25.0,0.0,18000.0,34420.289061503354,36000.0,1.0,26.70388623318891,20.0,26.0,0.0,721.0,15.399940255569486,12.0,17.0,1.0,28847.10415118306,18000.0,36000.0,1.0,20.0,24.04272702323614,25.0,1.0,33344.892824033945,18000.0,36000.0,1.0,24.606095455953145,20.0,26.0,1.0,0.0,91121.0,7.0,19.0
11.0,22.0,11.0,22.0,-121.0,21.0,13.0,-111.0,10.004221192582214,9.0,11.0,30000.0,10000.0,19000.0,0.0,25.483759283124826,16.5,19.0,0.0,10000.0,36552.74426747416,25000.0,0.0,26.79005446270096,17.0,20.0,0.0,121.0,10.013266703383804,9.0,11.0,1.0,14567.31611980457,10000.0,19000.0,1.0,16.5,17.48618489709971,19.0,1.0,21051.00518266462,10000.0,25000.0,1.0,18.77871386251733,17.0,20.0,1.0,0.0,211.0,1.0,13.0
11.0,22.0,11.0,22.0,-121.0,21.0,13.0,-111.0,10.010863987200135,9.0,11.0,30000.0,10000.0,19000.0,0.0,25.234741739184095,16.5,19.0,0.0,10000.0,36451.15232315862,25000.0,0.0,26.528003445250782,17.0,20.0,0.0,121.0,10.007958924522585,9.0,11.0,1.0,14103.58674738093,10000.0,19000.0,1.0,16.5,17.37687239366594,19.0,1.0,20553.957973312918,10000.0,25000.0,1.0,18.66997751326849,17.0,20.0,1.0,0.0,211.0,1.0,5.0
11.0,22.0,11.0,21.0,-121.0,21.0,13.0,-111.0,10.013898432137237,9.0,11.0,30000.0,10000.0,19000.0,0.0,26.14845709327315,16.5,19.0,0.0,10000.0,36553.61726745144,25000.0,0.0,27.45821060543248,17.0,20.0,0.0,121.0,9.994499024062206,9.0,11.0,1.0,15046.994696292693,10000.0,19000.0,1.0,16.5,17.491162559361502,19.0,1.0,21379.691704050296,10000.0,25000.0,1.0,18.756764715981927,17.0,20.0,1.0,0.0,211.0,1.0,20.0
11.0,22.0,11.0,22.0,-121.0,11.0,12.0,-111.0,10.172761281063043,9.0,11.0,30000.0,10000.0,19000.0,0.0,25.242861226398283,16.5,19.0,0.0,10000.0,37115.434718874385,25000.0,0.0,26.58244183400582,17.0,20.0,0.0,122.0,10.214834985126183,9.0,11.0,1.0,16134.69948665471,10000.0,19000.0,1.0,16.5,17.78603338435898,19.0,1.0,23179.777985309214,10000.0,25000.0,1.0,19.112368444511613,17.0,20.0,1.0,0.0,111.0,1.0,49.0
91.0,24.0,91.0,24.0,-721.0,911.0,12.0,-711.0,15.06406338615839,12.0,17.0,30000.0,18000.0,36000.0,1.0,25.50252087222121,20.0,25.0,0.0,18000.0,33944.08130617994,36000.0,1.0,25.9817140442227,20.0,26.0,1.0,722.0,15.190059629430966,12.0,17.0,1.0,28746.954171868798,18000.0,36000.0,1.0,20.0,23.660803826949085,25.0,1.0,32700.70887937409,18000.0,36000.0,1.0,24.141172286046675,20.0,26.0,1.0,0.0,91121.0,7.0,1.0
81.0,23.0,81.0,21.0,-721.0,912.0,11.0,-711.0,14.7899947999994,12.0,17.0,30000.0,12500.0,23000.0,0.0,25.60632029925967,20.0,24.0,0.0,12500.0,34511.14256370397,26000.0,0.0,26.172215786256608,20.0,25.0,0.0,721.0,14.868921459055693,12.0,17.0,1.0,15810.256300939425,12500.0,23000.0,1.0,20.0,21.232997229605175,24.0,1.0,20311.238692719544,12500.0,26000.0,1.0,21.797618184627645,20.0,25.0,1.0,0.0,912.0,7.0,12.0
11.0,22.0,11.0,22.0,-121.0,21.0,13.0,-111.0,9.999961863309766,9.0,11.0,30000.0,10000.0,19000.0,0.0,26.993669414455077,16.5,19.0,0.0,10000.0,36590.759712333194,25000.0,0.0,28.307506381474937,17.0,20.0,0.0,121.0,10.010327671909286,9.0,11.0,1.0,14314.857131647663,10000.0,19000.0,1.0,16.5,17.429861627729494,19.0,1.0,20781.282282391025,10000.0,25000.0,1.0,18.718913084364374,17.0,20.0,1.0,0.0,211.0,1.0,16.0
11.0,22.0,11.0,22.0,-121.0,21.0,13.0,-111.0,10.192943703403749,9.0,11.0,30000.0,10000.0,19000.0,0.0,24.65661505095291,16.5,19.0,0.0,10000.0,36967.094930151696,25000.0,0.0,25.969210656876005,17.0,20.0,0.0,122.0,10.195872908378753,9.0,11.0,1.0,15774.054324312116,10000.0,19000.0,1.0,16.5,17.698229052066154,19.0,1.0,22760.06101360218,10000.0,25000.0,1.0,19.014387619624497,17.0,20.0,1.0,0.0,211.0,1.0,22.0
91.0,24.0,91.0,21.0,-721.0,911.0,11.0,-711.0,14.831435083138174,12.0,17.0,30000.0,18000.0,36000.0,1.0,24.012213470520035,20.0,25.0,1.0,18000.0,34012.13891190681,36000.0,1.0,24.50040100025493,20.0,26.0,1.0,722.0,15.288486734936486,12.0,17.0,1.0,23629.33185666332,18000.0,36000.0,1.0,20.0,23.095568141432686,25.0,1.0,27593.623140197284,18000.0,36000.0,1.0,23.577933685435806,20.0,26.0,1.0,1.0,91121.0,7.0,3.0
11.0,22.0,11.0,21.0,-121.0,11.0,11.0,-111.0,10.15259384522437,9.0,11.0,30000.0,10000.0,19000.0,0.0,23.033296391456453,16.5,19.0,0.0,10000.0,36887.544104066445,25000.0,0.0,24.33184544632857,17.0,20.0,0.0,122.0,10.188256045655967,9.0,11.0,1.0,16533.19297742348,10000.0,19000.0,1.0,16.5,17.776696083861474,19.0,1.0,23649.636094763522,10000.0,25000.0,1.0,19.11840081118469,17.0,20.0,1.0,0.0,111.0,1.0,39.0
91.0,24.0,91.0,24.0,-721.0,911.0,11.0,-711.0,15.153878498899827,12.0,17.0,30000.0,18000.0,36000.0,1.0,24.148966551011206,20.0,25.0,1.0,18000.0,33978.658497669894,36000.0,1.0,24.635531180149904,20.0,26.0,1.0,722.0,15.26078657715145,12.0,17.0,1.0,24339.01644422162,18000.0,36000.0,1.0,20.0,23.14564571852628,25.0,1.0,28306.60160648476,18000.0,36000.0,1.0,23.630856149173532,20.0,26.0,1.0,1.0,91121.0,7.0,9.0
81.0,21.0,81.0,21.0,-721.0,912.0,12.0,-711.0,15.087981296536594,12.0,17.0,30000.0,12500.0,23000.0,0.0,26.069466582004825,20.0,24.0,0.0,12500.0,34065.85180588925,26000.0,0.0,26.565690982953843,20.0,25.0,0.0,722.0,15.422339828395843,12.0,17.0,1.0,15538.026487826335,12500.0,23000.0,1.0,20.0,21.664537938826562,24.0,1.0,19578.82046606449,12500.0,26000.0,1.0,22.15770411087082,20.0,25.0,1.0,0.0,912.0,7.0,6.0
11.0,21.0,11.0,22.0,-121.0,11.0,11.0,-111.0,10.182375834163906,9.0,11.0,30000.0,10000.0,19000.0,0.0,26.83137093870733,16.5,19.0,0.0,10000.0,36935.72098450174,25000.0,0.0,28.138236617503896,17.0,20.0,0.0,122.0,10.203914643509654,9.0,11.0,1.0,13371.533782578343,10000.0,19000.0,1.0,16.5,17.26028282927242,19.0,1.0,20275.881306315398,10000.0,25000.0,1.0,18.561236952631553,17.0,20.0,1.0,0.0,111.0,1.0,29.0
91.0,24.0,91.0,21.0,-721.0,911.0,11.0,-711.0,15.002773139233636,12.0,17.0,30000.0,18000.0,36000.0,1.0,24.668144801922587,20.0,25.0,1.0,18000.0,34463.563092279415,36000.0,1.0,25.22592916528855,20.0,26.0,1.0,721.0,15.132680358562542,12.0,17.0,1.0,21651.977670144777,18000.0,36000.0,1.0,20.0,22.77852097033709,25.0,1.0,26089.51549387759,18000.0,36000.0,1.0,23.333053113997053,20.0,26.0,1.0,1.0,91121.0,7.0,21.0
11.0,22.0,11.0,21.0,-121.0,11.0,11.0,-111.0,10.012188485134917,9.0,11.0,30000.0,10000.0,19000.0,0.0,24.85727251499648,16.5,19.0,0.0,10000.0,36541.46244672456,25000.0,0.0,26.165581540238385,17.0,20.0,0.0,121.0,9.990297597729324,9.0,11.0,1.0,12617.139503678532,10000.0,19000.0,1.0,16.5,16.96048934469607,19.0,1.0,19049.892753609052,10000.0,25000.0,1.0,18.247056255777608,17.0,20.0,1.0,0.0,111.0,1.0,39.0
81.0,21.0,81.0,23.0,-721.0,912.0,12.0,-711.0,14.972520278518154,12.0,17.0,30000.0,12500.0,23000.0,0.0,26.70147270328395,20.0,24.0,0.0,12500.0,34032.70095306212,26000.0,0.0,27.195513909497837,20.0,25.0,0.0,722.0,15.405758935817426,12.0,17.0,1.0,17017.592229844733,12500.0,23000.0,1.0,20.0,22.090676603738594,24.0,1.0,21087.456321961596,12500.0,26000.0,1.0,22.589270620155617,20.0,25.0,1.0,0.0,912.0,7.0,7.0
11.0,22.0,11.0,22.0,-121.0,11.0,11.0,-111.0,10.193946391729478,9.0,11.0,30000.0,10000.0,19000.0,0.0,23.22923779129464,16.5,19.0,0.0,10000.0,37064.9914102114,25000.0,0.0,24.559241744460966,17.0,20.0,0.0,122.0,10.184435325462179,9.0,11.0,1.0,16355.256149297697,10000.0,19000.0,1.0,16.5,17.792877289529994,19.0,1.0,23342.356998312156,10000.0,25000.0,1.0,19.108218131548508,17.0,20.0,1.0,0.0,111.0,1.0,27.0
91.0,24.0,91.0,21.0,-721.0,911.0,11.0,-711.0,14.954157937056564,12.0,17.0,30000.0,18000.0,36000.0,1.0,24.1433126401739,20.0,25.0,1.0,18000.0,34500.41494928306,36000.0,1.0,24.703012186474368,20.0,26.0,1.0,721.0,14.603740876409802,12.0,17.0,1.0,22488.173605989312,18000.0,36000.0,1.0,20.0,22.318403508707604,25.0,1.0,26999.25028233822,18000.0,36000.0,1.0,22.879429013584954,20.0,26.0,1.0,1.0,91121.0,7.0,3.0
11.0,22.0,11.0,22.0,-121.0,11.0,11.0,-111.0,10.172790257916082,9.0,11.0,30000.0,10000.0,19000.0,0.0,24.115815754059913,16.5,19.0,0.0,10000.0,37162.43621781473,25000.0,0.0,25.462979577730554,17.0,20.0,0.0,122.0,10.200718409242429,9.0,11.0,1.0,14747.53769751671,10000.0,19000.0,1.0,16.5,17.494068430015908,19.0,1.0,21837.017757203703,10000.0,25000.0,1.0,18.827510121446235,17.0,20.0,1.0,0.0,111.0,1.0,17.0
11.0,22.0,11.0,21.0,-121.0,21.0,13.0,-111.0,10.00073161273677,9.0,11.0,30000.0,10000.0,19000.0,0.0,26.795348735551606,16.5,19.0,0.0,10000.0,36490.81076241505,25000.0,0.0,28.092119768211656,17.0,20.0,0.0,121.0,10.008487590622092,9.0,11.0,1.0,10421.2262850598,10000.0,19000.0,1.0,16.5,16.57520974136203,19.0,1.0,16871.34477538776,10000.0,25000.0,1.0,17.863851040830472,17.0,20.0,1.0,0.0,211.0,1.0,20.0
11.0,22.0,11.0,21.0,-121.0,11.0,11.0,-111.0,10.226143328607913,9.0,11.0,30000.0,10000.0,19000.0,0.0,24.61627332439801,16.5,19.0,0.0,10000.0,37012.280454443186,25000.0,0.0,25.938713856684316,17.0,20.0,0.0,122.0,10.163393390548752,9.0,11.0,1.0,14800.345413957562,10000.0,19000.0,1.0,16.5,17.450520830501368,19.0,1.0,21642.182476790862,10000.0,25000.0,1.0,18.740817575757248,17.0,20.0,1.0,0.0,111.0,1.0,1.0
11.0,22.0,11.0,21.0,-121.0,21.0,13.0,-111.0,10.196742618241592,9.0,11.0,30000.0,10000.0,19000.0,0.0,27.200828842137895,16.5,19.0,0.0,10000.0,37054.9228166517,25000.0,0.0,28.525497839529603,17.0,20.0,0.0,122.0,10.20562611535349,9.0,11.0,1.0,12564.617858309626,10000.0,19000.0,1.0,16.5,17.05118257339946,19.0,1.0,19595.848328912132,10000.0,25000.0,1.0,18.371402972684216,17.0,20.0,1.0,0.0,211.0,1.0,33.0
11.0,22.0,11.0,22.0,-121.0,21.0,12.0,-111.0,9.998218484520333,9.0,11.0,30000.0,10000.0,19000.0,0.0,24.289717491523696,16.5,19.0,0.0,10000.0,36533.12273869216,25000.0,0.0,25.597360368638338,17.0,20.0,0.0,121.0,10.012893734526005,9.0,11.0,1.0,18882.45394858128,10000.0,19000.0,1.0,16.5,18.315732748380306,19.0,1.0,25389.817628610097,10000.0,25000.0,0.0,19.618219798652323,17.0,20.0,1.0,0.0,211.0,1.0,25.0
11.0,22.0,11.0,22.0,-121.0,11.0,12.0,-111.0,10.193571041385985,9.0,11.0,30000.0,10000.0,19000.0,0.0,24.13328187912932,16.5,19.0,0.0,10000.0,36970.98158571117,25000.0,0.0,25.44989121822256,17.0,20.0,0.0,122.0,10.190851450496492,9.0,11.0,1.0,16448.34084532422,10000.0,19000.0,1.0,16.5,17.83149649687457,19.0,1.0,23495.969752388686,10000.0,25000.0,1.0,19.162582216068586,17.0,20.0,1.0,0.0,111.0,1.0,40.0
91.0,24.0,91.0,24.0,-721.0,911.0,12.0,-711.0,14.42600099677321,12.0,17.0,30000.0,18000.0,36000.0,1.0,23.98747990855189,20.0,25.0,1.0,18000.0,34485.938810128886,36000.0,1.0,24.549027093165826,20.0,26.0,1.0,721.0,14.839498667383632,12.0,17.0,1.0,26634.476901487993,18000.0,36000.0,1.0,20.0,23.191468813928758,25.0,1.0,31161.749191724142,18000.0,36000.0,1.0,23.758190099297728,20.0,26.0,1.0,1.0,91121.0,7.0,8.0
11.0,22.0,11.0,21.0,-121.0,21.0,12.0,-111.0,10.202043145956383,9.0,11.0,30000.0,10000.0,19000.0,0.0,23.572526733233985,16.5,19.0,0.0,10000.0,37123.47303426927,25000.0,0.0,24.915510491642856,17.0,20.0,0.0,122.0,10.176671491870133,9.0,11.0,1.0,13892.129394307249,10000.0,19000.0,1.0,16.5,17.293238562700814,19.0,1.0,20971.454281238584,10000.0,25000.0,1.0,18.627899099479805,17.0,20.0,1.0,0.0,211.0,1.0,53.0
11.0,22.0,11.0,21.0,-121.0,11.0,12.0,-111.0,9.989686370202596,9.0,11.0,30000.0,10000.0,19000.0,0.0,23.53786598570905,16.5,19.0,0.0,10000.0,36475.49563670898,25000.0,0.0,24.827334649249103,17.0,20.0,0.0,121.0,9.989479232625468,9.0,11.0,1.0,14335.620758352803,10000.0,19000.0,1.0,16.5,17.336853083202843,19.0,1.0,20758.17408935891,10000.0,25000.0,1.0,18.61577931910347,17.0,20.0,1.0,0.0,111.0,1.0,45.0
11.0,22.0,11.0,22.0,-121.0,21.0,13.0,-111.0,10.20010514103978,9.0,11.0,30000.0,10000.0,19000.0,0.0,26.13879132873145,16.5,19.0,0.0,10000.0,37003.14654684456,25000.0,0.0,27.455214451508464,17.0,20.0,0.0,122.0,10.203139049294426,9.0,11.0,1.0,14423.81508965451,10000.0,19000.0,1.0,16.5,17.43762733123345,19.0,1.0,21463.386295293436,10000.0,25000.0,1.0,18.76089741383851,17.0,20.0,1.0,0.0,211.0,1.0,13.0
11.0,22.0,11.0,22.0,-121.0,21.0,12.0,-111.0,10.008012516795315,9.0,11.0,30000.0,10000.0,19000.0,0.0,23.519865742955034,16.5,19.0,0.0,10000.0,36530.16122403515,25000.0,0.0,24.819718713053586,17.0,20.0,0.0,121.0,10.015429959342379,9.0,11.0,1.0,15658.511585469381,10000.0,19000.0,1.0,16.5,17.658138387709183,19.0,1.0,22131.51673754513,10000.0,25000.0,1.0,18.946614228308672,17.0,20.0,1.0,0.0,211.0,1.0,23.0
11.0,22.0,11.0,21.0,-121.0,21.0,13.0,-111.0,9.9995545472727,9.0,11.0,30000.0,10000.0,19000.0,0.0,24.74782707398785,16.5,19.0,0.0,10000.0,36640.29266867119,25000.0,0.0,26.079688248778837,17.0,20.0,0.0,121.0,9.99359932155801,9.0,11.0,1.0,12747.313099087809,10000.0,19000.0,1.0,16.5,17.051108137922803,19.0,1.0,19320.07032202169,10000.0,25000.0,1.0,18.369423548605518,17.0,20.0,1.0,0.0,211.0,1.0,58.0
81.0,23.0,81.0,23.0,-721.0,912.0,12.0,-711.0,15.377997572732346,12.0,17.0,30000.0,12500.0,23000.0,0.0,26.316422000786517,20.0,24.0,0.0,12500.0,34017.91982705252,26000.0,0.0,26.8065824716749,20.0,25.0,0.0,722.0,15.330680548735181,12.0,17.0,1.0,15967.828318897064,12500.0,23000.0,1.0,20.0,21.799586224210465,24.0,1.0,19926.49998767774,12500.0,26000.0,1.0,22.282518799469308,20.0,25.0,1.0,0.0,912.0,7.0,10.0
91.0,24.0,91.0,24.0,-721.0,911.0,11.0,-711.0,14.165789432950897,12.0,17.0,30000.0,18000.0,36000.0,1.0,23.738413872817365,20.0,25.0,1.0,18000.0,34559.70688974473,36000.0,1.0,24.309041892025352,20.0,26.0,1.0,721.0,14.749183580094167,12.0,17.0,1.0,23251.610270279965,18000.0,36000.0,1.0,20.0,22.676233246690398,25.0,1.0,27719.47836847224,18000.0,36000.0,1.0,23.235368029824834,20.0,26.0,1.0,1.0,91121.0,7.0,4.0
92.0,24.0,92.0,24.0,-721.0,921.0,13.0,-711.0,15.629274506742265,12.0,17.0,30000.0,15000.0,28000.0,0.0,25.43414626608905,19.5,25.0,0.0,15000.0,34538.714648183115,28000.0,0.0,26.001312344308595,20.0,26.0,0.0,721.0,15.570384251345844,12.0,17.0,1.0,20001.57165671253,15000.0,28000.0,1.0,19.5,22.060357026321846,25.0,1.0,24454.389057068285,15000.0,28000.0,1.0,22.61678922745141,20.0,26.0,1.0,0.0,92122.0,7.0,22.0
11.0,21.0,11.0,22.0,-121.0,21.0,13.0,-111.0,10.194976263790311,9.0,11.0,30000.0,10000.0,19000.0,0.0,26.65479566052653,16.5,19.0,0.0,10000.0,37095.47720850533,25000.0,0.0,28.00125163004267,17.0,20.0,0.0,122.0,10.184323363529865,9.0,11.0,1.0,15764.401259662747,10000.0,19000.0,1.0,16.5,17.742553322597352,19.0,1.0,22749.156546248578,10000.0,25000.0,1.0,19.067998415981567,17.0,20.0,1.0,0.0,211.0,1.0,52.0
11.0,22.0,11.0,22.0,-121.0,11.0,11.0,-111.0,9.995895274517949,9.0,11.0,30000.0,10000.0,19000.0,0.0,24.704323336361533,16.5,19.0,0.0,10000.0,36467.37232636734,25000.0,0.0,25.998254716350704,17.0,20.0,0.0,121.0,9.995380017796577,9.0,11.0,1.0,15746.223355427837,10000.0,19000.0,1.0,16.5,17.676165954280975,19.0,1.0,22191.00263378588,10000.0,25000.0,1.0,18.965577128487396,17.0,20.0,1.0,0.0,111.0,1.0,30.0
11.0,22.0,11.0,22.0,-121.0,11.0,12.0,-111.0,10.007473348399326,9.0,11.0,30000.0,10000.0,19000.0,0.0,23.87250676087684,16.5,19.0,0.0,10000.0,36492.256718818055,25000.0,0.0,25.16966109319156,17.0,20.0,0.0,121.0,10.006471987082165,9.0,11.0,1.0,13651.558310301438,10000.0,19000.0,1.0,16.5,17.278724945712412,19.0,1.0,20078.282745639186,10000.0,25000.0,1.0,18.56278591325359,17.0,20.0,1.0,0.0,111.0,1.0,42.0
91.0,24.0,91.0,21.0,-721.0,911.0,11.0,-711.0,15.225565846631245,12.0,17.0,30000.0,18000.0,36000.0,1.0,24.871299633535454,20.0,25.0,1.0,18000.0,33991.63649663033,36000.0,1.0,25.35920926404196,20.0,26.0,1.0,722.0,15.12366786670497,12.0,17.0,1.0,21859.499908944832,18000.0,36000.0,1.0,20.0,22.72799595948392,25.0,1.0,25851.591702786493,18000.0,36000.0,1.0,23.215961242326088,20.0,26.0,1.0,1.0,91121.0,7.0,15.0
11.0,22.0,11.0,22.0,-121.0,11.0,11.0,-111.0,10.006628992476543,9.0,11.0,30000.0,10000.0,19000.0,0.0,23.813395137125653,16.5,19.0,0.0,10000.0,36469.401323035025,25000.0,0.0,25.103409517459834,17.0,20.0,0.0,121.0,9.994890895420445,9.0,11.0,1.0,14398.39638878577,10000.0,19000.0,1.0,16.5,17.38671281578632,19.0,1.0,20877.09598637366,10000.0,25000.0,1.0,18.678581294712714,17.0,20.0,1.0,0.0,111.0,1.0,50.0
11.0,22.0,11.0,22.0,-121.0,21.0,13.0,-111.0,10.193475985348142,9.0,11.0,30000.0,10000.0,19000.0,0.0,25.483834618127055,16.5,19.0,0.0,10000.0,36926.13141645557,25000.0,0.0,26.78267104216031,17.0,20.0,0.0,122.0,10.194411245123973,9.0,11.0,1.0,13442.879469074283,10000.0,19000.0,1.0,16.5,17.242395885649543,19.0,1.0,20488.97777765416,10000.0,25000.0,1.0,18.563729337215207,17.0,20.0,1.0,0.0,211.0,1.0,4.0
11.0,22.0,11.0,22.0,-121.0,21.0,12.0,-111.0,10.006667660688933,9.0,11.0,30000.0,10000.0,19000.0,0.0,24.163950049860944,16.5,19.0,0.0,10000.0,36561.35733123964,25000.0,0.0,25.474752924689962,17.0,20.0,0.0,121.0,10.009004864656188,9.0,11.0,1.0,16349.781812393932,10000.0,19000.0,1.0,16.5,17.828137001486027,19.0,1.0,22765.069059527345,10000.0,25000.0,1.0,19.10975855353274,17.0,20.0,1.0,0.0,211.0,1.0,25.0
11.0,22.0,11.0,22.0,-121.0,21.0,12.0,-111.0,10.00516721230412,9.0,11.0,30000.0,10000.0,19000.0,0.0,24.708101129752166,16.5,19.0,0.0,10000.0,36495.419580343405,25000.0,0.0,26.00364144359728,17.0,20.0,0.0,121.0,9.990944427454277,9.0,11.0,1.0,14157.589171793823,10000.0,19000.0,1.0,16.5,17.30058274142051,19.0,1.0,20719.775485836453,10000.0,25000.0,1.0,18.60943997714591,17.0,20.0,1.0,0.0,211.0,1.0,25.0
11.0,21.0,11.0,22.0,-121.0,11.0,11.0,-111.0,10.219611129283704,9.0,11.0,30000.0,10000.0,19000.0,0.0,24.9094629142731,16.5,19.0,0.0,10000.0,37100.95412200933,25000.0,0.0,26.247778218715155,17.0,20.0,0.0,122.0,10.193158524202742,9.0,11.0,1.0,16062.215915484696,10000.0,19000.0,1.0,16.5,17.749258077061157,19.0,1.0,23025.659353424635,10000.0,25000.0,1.0,19.06165677229094,17.0,20.0,1.0,0.0,111.0,1.0,35.0
11.0,22.0,11.0,22.0,-121.0,21.0,13.0,-111.0,10.173401480054086,9.0,11.0,30000.0,10000.0,19000.0,0.0,24.783340379898,16.5,19.0,0.0,10000.0,36984.394318735816,25000.0,0.0,26.101170131778915,17.0,20.0,0.0,122.0,10.189425613114883,9.0,11.0,1.0,13811.263928148515,10000.0,19000.0,1.0,16.5,17.316256310467995,19.0,1.0,20862.690570589068,10000.0,25000.0,1.0,18.64673385777461,17.0,20.0,1.0,0.0,211.0,1.0,36.0
11.0,22.0,11.0,22.0,-121.0,21.0,13.0,-111.0,10.178152881689323,9.0,11.0,30000.0,10000.0,19000.0,0.0,26.1820287686401,16.5,19.0,0.0,10000.0,37008.12870727347,25000.0,0.0,27.513316075003516,17.0,20.0,0.0,122.0,10.195006493015747,9.0,11.0,1.0,15027.36076200706,10000.0,19000.0,1.0,16.5,17.582689751630063,19.0,1.0,22189.195409730943,10000.0,25000.0,1.0,18.94317554677436,17.0,20.0,1.0,0.0,211.0,1.0,3.0
91.0,24.0,91.0,24.0,-721.0,911.0,12.0,-711.0,14.174622163384266,12.0,17.0,30000.0,18000.0,36000.0,1.0,23.39703040168323,20.0,25.0,1.0,18000.0,34518.894481276766,36000.0,1.0,23.95941438304227,20.0,26.0,1.0,721.0,14.517567675679143,12.0,17.0,1.0,23166.898291973273,18000.0,36000.0,1.0,20.0,22.499010292483977,25.0,1.0,27649.262491522582,18000.0,36000.0,1.0,23.056848019142187,20.0,26.0,1.0,1.0,91121.0,7.0,13.0
81.0,23.0,81.0,21.0,-721.0,912.0,12.0,-711.0,15.071306117262061,12.0,17.0,30000.0,12500.0,23000.0,0.0,26.400032381275327,20.0,24.0,0.0,12500.0,34110.7207595267,26000.0,0.0,26.899953331401125,20.0,25.0,0.0,722.0,15.249295452552039,12.0,17.0,1.0,15772.097366296903,12500.0,23000.0,1.0,20.0,21.68624925156774,24.0,1.0,19792.76068095829,12500.0,26000.0,1.0,22.17521796094631,20.0,25.0,1.0,0.0,912.0,7.0,30.0
11.0,21.0,11.0,22.0,-121.0,21.0,13.0,-111.0,10.171390031497797,9.0,11.0,30000.0,10000.0,19000.0,0.0,27.489973352329343,16.5,19.0,0.0,10000.0,36939.69055233459,25000.0,0.0,28.799020932510825,17.0,20.0,0.0,122.0,10.246504958044898,9.0,11.0,1.0,12776.0246878337,10000.0,19000.0,1.0,16.5,17.24143799109087,19.0,1.0,19854.00233181919,10000.0,25000.0,1.0,18.576570939392266,17.0,20.0,1.0,0.0,211.0,1.0,59.0
11.0,22.0,11.0,22.0,-121.0,21.0,13.0,-111.0,10.18436743360136,9.0,11.0,30000.0,10000.0,19000.0,0.0,26.918600143105046,16.5,19.0,0.0,10000.0,37020.92098138055,25000.0,0.0,28.250513722682776,17.0,20.0,0.0,122.0,10.206794901433074,9.0,11.0,1.0,14739.520059193466,10000.0,19000.0,1.0,16.5,17.548557822631025,19.0,1.0,21522.188817348466,10000.0,25000.0,1.0,18.835273432836896,17.0,20.0,1.0,0.0,211.0,1.0,36.0
11.0,22.0,11.0,22.0,-121.0,21.0,13.0,-111.0,9.983229480812831,9.0,11.0,30000.0,10000.0,19000.0,0.0,25.159052841491956,16.5,19.0,0.0,10000.0,36586.38623949536,25000.0,0.0,26.470979131600764,17.0,20.0,0.0,121.0,10.001681651553046,9.0,11.0,1.0,12431.333061877167,10000.0,19000.0,1.0,16.5,16.99193065014751,19.0,1.0,18845.983602676817,10000.0,25000.0,1.0,18.26964932322984,17.0,20.0,1.0,0.0,211.0,1.0,16.0
92.0,24.0,92.0,24.0,-721.0,921.0,13.0,-711.0,15.032031201227575,12.0,17.0,30000.0,15000.0,28000.0,0.0,24.48592062968038,19.5,25.0,1.0,15000.0,34115.82949158335,28000.0,0.0,24.985311347747665,20.0,26.0,1.0,722.0,14.922310711368032,12.0,17.0,1.0,21690.736211501382,15000.0,28000.0,1.0,19.5,21.53811139473667,25.0,1.0,25717.483648599384,15000.0,28000.0,1.0,22.026693416465267,20.0,26.0,1.0,0.0,92122.0,7.0,20.0
11.0,22.0,11.0,22.0,-121.0,21.0,13.0,-111.0,10.188839556219397,9.0,11.0,30000.0,10000.0,19000.0,0.0,25.202263315508986,16.5,19.0,0.0,10000.0,36818.395234108124,25000.0,0.0,26.492824802984227,17.0,20.0,0.0,122.0,10.188619906919447,9.0,11.0,1.0,16042.593393485738,10000.0,19000.0,1.0,16.5,17.7504685322834,19.0,1.0,22951.606430971315,10000.0,25000.0,1.0,19.058181833800383,17.0,20.0,1.0,0.0,211.0,1.0,13.0
81.0,23.0,81.0,21.0,-721.0,912.0,11.0,-711.0,15.37397188273145,12.0,17.0,30000.0,12500.0,23000.0,0.0,27.668631957342193,20.0,24.0,0.0,12500.0,34042.25079855144,26000.0,0.0,28.161891281418338,20.0,25.0,0.0,722.0,15.369517483681035,12.0,17.0,1.0,13363.223403588181,12500.0,23000.0,1.0,20.0,21.326662430775688,24.0,1.0,17380.031964176265,12500.0,26000.0,1.0,21.816817142662682,20.0,25.0,1.0,0.0,912.0,7.0,12.0
11.0,22.0,11.0,22.0,-121.0,11.0,11.0,-111.0,10.205750117199019,9.0,11.0,30000.0,10000.0,19000.0,0.0,23.563975355988,16.5,19.0,0.0,10000.0,37109.61547945672,25000.0,0.0,24.8971134510353,17.0,20.0,0.0,122.0,10.203807536122605,9.0,11.0,1.0,18164.222974001226,10000.0,19000.0,1.0,16.5,18.150175723343054,19.0,1.0,25278.791238988844,10000.0,25000.0,0.0,19.48424252502532,17.0,20.0,1.0,0.0,111.0,1.0,38.0
11.0,22.0,11.0,22.0,-121.0,11.0,11.0,-111.0,10.168358378451654,9.0,11.0,30000.0,10000.0,19000.0,0.0,25.061334540446982,16.5,19.0,0.0,10000.0,36908.17367021688,25000.0,0.0,26.361026033757994,17.0,20.0,0.0,122.0,10.19108262924661,9.0,11.0,1.0,13921.949581634235,10000.0,19000.0,1.0,16.5,17.33467321638946,19.0,1.0,21059.370389125666,10000.0,25000.0,1.0,18.677494857899585,17.0,20.0,1.0,0.0,111.0,1.0,30.0
91.0,24.0,91.0,24.0,-721.0,911.0,11.0,-711.0,14.96209397344865,12.0,17.0,30000.0,18000.0,36000.0,1.0,25.31052400552433,20.0,25.0,0.0,18000.0,33972.20032451877,36000.0,1.0,25.79772674489764,20.0,26.0,1.0,722.0,15.140713196544553,12.0,17.0,1.0,25920.352526165596,18000.0,36000.0,1.0,20.0,23.33846059319388,25.0,1.0,29909.47980615691,18000.0,36000.0,1.0,23.827739476367032,20.0,26.0,1.0,0.0,91121.0,7.0,16.0
91.0,21.0,91.0,24.0,-721.0,911.0,12.0,-711.0,15.27287749454366,12.0,17.0,30000.0,18000.0,36000.0,1.0,25.108219331550224,20.0,25.0,0.0,18000.0,34088.18429422598,36000.0,1.0,25.606761098514788,20.0,26.0,1.0,722.0,15.293020600046148,12.0,17.0,1.0,29067.214347896417,18000.0,36000.0,1.0,20.0,23.942148048351633,25.0,1.0,33090.4764821952,18000.0,36000.0,1.0,24.432772753365008,20.0,26.0,1.0,0.0,91121.0,7.0,26.0
91.0,24.0,91.0,24.0,-721.0,911.0,11.0,-711.0,15.075664837445823,12.0,17.0,30000.0,18000.0,36000.0,1.0,24.40595134731275,20.0,25.0,1.0,18000.0,34477.58585949405,36000.0,1.0,24.968236235640592,20.0,26.0,1.0,721.0,14.816078941075515,12.0,17.0,1.0,26915.48384090709,18000.0,36000.0,1.0,20.0,23.25768887915639,25.0,1.0,31488.768243549304,18000.0,36000.0,1.0,23.83199136945452,20.0,26.0,1.0,1.0,91121.0,7.0,4.0
11.0,21.0,11.0,22.0,-121.0,11.0,11.0,-111.0,10.007684970950294,9.0,11.0,30000.0,10000.0,19000.0,0.0,24.208302006945047,16.5,19.0,0.0,10000.0,36510.1745146126,25000.0,0.0,25.51078330875795,17.0,20.0,0.0,121.0,9.995224150672431,9.0,11.0,1.0,15818.14897508492,10000.0,19000.0,1.0,16.5,17.710422872432503,19.0,1.0,22295.870313070576,10000.0,25000.0,1.0,19.006411313624522,17.0,20.0,1.0,0.0,111.0,1.0,29.0
11.0,22.0,11.0,22.0,-121.0,11.0,11.0,-111.0,10.178514170062137,9.0,11.0,30000.0,10000.0,19000.0,0.0,23.61425698552976,16.5,19.0,0.0,10000.0,36964.68544314564,25000.0,0.0,24.932271169278547,17.0,20.0,0.0,122.0,10.193849132712327,9.0,11.0,1.0,14521.99479159327,10000.0,19000.0,1.0,16.5,17.51222788951842,19.0,1.0,21394.158882776755,10000.0,25000.0,1.0,18.8127331053201,17.0,20.0,1.0,0.0,111.0,1.0,17.0
11.0,22.0,11.0,22.0,-121.0,11.0,11.0,-111.0,9.977660839360784,9.0,11.0,30000.0,10000.0,19000.0,0.0,25.172538483667953,16.5,19.0,0.0,10000.0,36486.34866189813,25000.0,0.0,26.46934216129894,17.0,20.0,0.0,121.0,9.99194265339432,9.0,11.0,1.0,17300.585868596485,10000.0,19000.0,1.0,16.5,17.986220165602713,19.0,1.0,23844.64543580036,10000.0,25000.0,1.0,19.294561877672013,17.0,20.0,1.0,0.0,111.0,1.0,57.0
91.0,24.0,91.0,24.0,-721.0,911.0,11.0,-711.0,15.192707088754954,12.0,17.0,30000.0,18000.0,36000.0,1.0,24.519110188922365,20.0,25.0,1.0,18000.0,33991.42433183151,36000.0,1.0,25.002474065680033,20.0,26.0,1.0,722.0,15.182781204016253,12.0,17.0,1.0,21553.750742996956,18000.0,36000.0,1.0,20.0,22.80352488910604,25.0,1.0,25620.02635728505,18000.0,36000.0,1.0,23.295953300992174,20.0,26.0,1.0,1.0,91121.0,7.0,4.0
11.0,21.0,11.0,22.0,-121.0,11.0,11.0,-111.0,9.989571574240522,9.0,11.0,30000.0,10000.0,19000.0,0.0,25.92653520853672,16.5,19.0,0.0,10000.0,36374.36525854598,25000.0,0.0,27.202450797270046,17.0,20.0,0.0,121.0,10.004186994190105,9.0,11.0,1.0,18527.46477217795,10000.0,19000.0,1.0,16.5,18.293666854114697,19.0,1.0,25096.435500949803,10000.0,25000.0,0.0,19.608535364910512,17.0,20.0,1.0,0.0,111.0,1.0,43.0
81.0,23.0,81.0,21.0,-721.0,912.0,12.0,-711.0,14.637636464324117,12.0,17.0,30000.0,12500.0,23000.0,0.0,25.252466213753642,20.0,24.0,0.0,12500.0,34442.71002637838,26000.0,0.0,25.81084660512341,20.0,25.0,0.0,721.0,15.215586511455781,12.0,17.0,1.0,15269.360966646105,12500.0,23000.0,1.0,20.0,21.47434675799692,24.0,1.0,19810.72251300735,12500.0,26000.0,1.0,22.045126129721062,20.0,25.0,1.0,0.0,912.0,7.0,30.0
11.0,22.0,11.0,22.0,-121.0,11.0,11.0,-111.0,10.22193313275091,9.0,11.0,30000.0,10000.0,19000.0,0.0,23.316828753774676,16.5,19.0,0.0,10000.0,36872.440267537844,25000.0,0.0,24.611844250326573,17.0,20.0,0.0,122.0,10.198330017505402,9.0,11.0,1.0,17713.835936620377,10000.0,19000.0,1.0,16.5,18.092406196342374,19.0,1.0,24634.528650412205,10000.0,25000.0,1.0,19.39651419325991,17.0,20.0,1.0,0.0,111.0,1.0,55.0
11.0,22.0,11.0,21.0,-121.0,11.0,11.0,-111.0,10.227878801335935,9.0,11.0,30000.0,10000.0,19000.0,0.0,24.327268170409297,16.5,19.0,0.0,10000.0,36866.23418778047,25000.0,0.0,25.625004433824532,17.0,20.0,0.0,122.0,10.177333911511449,9.0,11.0,1.0,16671.75181163508,10000.0,19000.0,1.0,16.5,17.822159246336675,19.0,1.0,23704.05296581017,10000.0,25000.0,1.0,19.15128260179564,17.0,20.0,1.0,0.0,111.0,1.0,1.0
91.0,24.0,91.0,24.0,-721.0,911.0,11.0,-711.0,15.130075998322274,12.0,17.0,30000.0,18000.0,36000.0,1.0,24.273641337963216,20.0,25.0,1.0,18000.0,34016.831444781,36000.0,1.0,24.762624660536336,20.0,26.0,1.0,722.0,15.263537443669103,12.0,17.0,1.0,28312.466674340594,18000.0,36000.0,1.0,20.0,23.76943966705732,25.0,1.0,32295.331290368347,18000.0,36000.0,1.0,24.25428808553766,20.0,26.0,1.0,1.0,91121.0,7.0,9.0
11.0,22.0,11.0,21.0,-121.0,21.0,12.0,-111.0,10.210817318611062,9.0,11.0,30000.0,10000.0,19000.0,0.0,23.99120092919363,16.5,19.0,0.0,10000.0,36792.516337193796,25000.0,0.0,25.272284671878293,17.0,20.0,0.0,122.0,10.21143077571616,9.0,11.0,1.0,14557.914291017416,10000.0,19000.0,1.0,16.5,17.439093622108036,19.0,1.0,21469.680493020987,10000.0,25000.0,1.0,18.74266815547194,17.0,20.0,1.0,0.0,211.0,1.0,53.0
11.0,22.0,11.0,22.0,-121.0,11.0,12.0,-111.0,10.003053905848754,9.0,11.0,30000.0,10000.0,19000.0,0.0,24.625581420803385,16.5,19.0,0.0,10000.0,36543.09058649023,25000.0,0.0,25.94266690126042,17.0,20.0,0.0,121.0,10.015980643002862,9.0,11.0,1.0,16654.746627409368,10000.0,19000.0,1.0,16.5,17.899087028366477,19.0,1.0,23088.104038819718,10000.0,25000.0,1.0,19.194083868950397,17.0,20.0,1.0,0.0,111.0,1.0,42.0
91.0,24.0,91.0,21.0,-721.0,911.0,11.0,-711.0,15.447336122486075,12.0,17.0,30000.0,18000.0,36000.0,1.0,24.261042431080035,20.0,25.0,1.0,18000.0,33946.730595368,36000.0,1.0,24.746384787893753,20.0,26.0,1.0,722.0,14.986008970470843,12.0,17.0,1.0,24894.254440593733,18000.0,36000.0,1.0,20.0,22.97288834550792,25.0,1.0,28881.06459208979,18000.0,36000.0,1.0,23.463159416294175,20.0,26.0,1.0,1.0,91121.0,7.0,3.0
11.0,22.0,11.0,21.0,-121.0,11.0,11.0,-111.0,10.188197218716496,9.0,11.0,30000.0,10000.0,19000.0,0.0,24.994215036021043,16.5,19.0,0.0,10000.0,37096.53992280162,25000.0,0.0,26.335998604430362,17.0,20.0,0.0,122.0,10.195977477533656,9.0,11.0,1.0,13944.43764218825,10000.0,19000.0,1.0,16.5,17.319288453981493,19.0,1.0,20903.571371718877,10000.0,25000.0,1.0,18.635091844116,17.0,20.0,1.0,0.0,111.0,1.0,54.0
11.0,22.0,11.0,22.0,-121.0,21.0,13.0,-111.0,10.005626727083397,9.0,11.0,30000.0,10000.0,19000.0,0.0,24.851173138206498,16.5,19.0,0.0,10000.0,36506.88702655777,25000.0,0.0,26.148251369017135,17.0,20.0,0.0,121.0,9.981987608602777,9.0,11.0,1.0,14053.17386641455,10000.0,19000.0,1.0,16.5,17.32537971757114,19.0,1.0,20613.87654044253,10000.0,25000.0,1.0,18.633185521263506,17.0,20.0,1.0,0.0,211.0,1.0,5.0
91.0,21.0,91.0,24.0,-721.0,911.0,12.0,-711.0,14.98229085263395,12.0,17.0,30000.0,18000.0,36000.0,1.0,25.864138269003995,20.0,25.0,0.0,18000.0,34000.82760655175,36000.0,1.0,26.35188737391978,20.0,26.0,0.0,722.0,15.369210020037428,12.0,17.0,1.0,24387.81657956829,18000.0,36000.0,1.0,20.0,23.32999255882256,25.0,1.0,28415.328579188124,18000.0,36000.0,1.0,23.82099481286501,20.0,26.0,1.0,0.0,91121.0,7.0,19.0
11.0,22.0,11.0,22.0,-121.0,21.0,13.0,-111.0,10.209564391283731,9.0,11.0,30000.0,10000.0,19000.0,0.0,25.94741516186444,16.5,19.0,0.0,10000.0,37050.02899918316,25000.0,0.0,27.27782815511367,17.0,20.0,0.0,122.0,10.244020381577315,9.0,11.0,1.0,16106.779583155487,10000.0,19000.0,1.0,16.5,17.84690388059851,19.0,1.0,23270.673210402278,10000.0,25000.0,1.0,19.198804300447676,17.0,20.0,1.0,0.0,211.0,1.0,16.0
11.0,22.0,11.0,22.0,-121.0,21.0,13.0,-111.0,10.201735832968028,9.0,11.0,30000.0,10000.0,19000.0,0.0,26.533433811629713,16.5,19.0,0.0,10000.0,36959.05674565594,25000.0,0.0,27.843860316522946,17.0,20.0,0.0,122.0,10.199978058141744,9.0,11.0,1.0,13344.398858344866,10000.0,19000.0,1.0,16.5,17.250481263366357,19.0,1.0,20421.998262099863,10000.0,25000.0,1.0,18.5832299660532,17.0,20.0,1.0,0.0,211.0,1.0,3.0
11.0,22.0,11.0,22.0,-121.0,11.0,11.0,-111.0,10.201798372899592,9.0,11.0,30000.0,10000.0,19000.0,0.0,24.783267804661797,16.5,19.0,0.0,10000.0,36895.203335857455,25000.0,0.0,26.077014720988025,17.0,20.0,0.0,122.0,10.205816421475362,9.0,11.0,1.0,13324.01791053561,10000.0,19000.0,1.0,16.5,17.237829077998583,19.0,1.0,20376.763734575296,10000.0,25000.0,1.0,18.561135689427083,17.0,20.0,1.0,0.0,111.0,1.0,44.0
11.0,22.0,11.0,21.0,-121.0,11.0,11.0,-111.0,9.9933926419927,9.0,11.0,30000.0,10000.0,19000.0,0.0,24.025306423200362,16.5,19.0,0.0,10000.0,36424.583441552124,25000.0,0.0,25.313096988715404,17.0,20.0,0.0,121.0,10.006423877989773,9.0,11.0,1.0,14834.170702039604,10000.0,19000.0,1.0,16.5,17.441735873673014,19.0,1.0,21296.280791087927,10000.0,25000.0,1.0,18.737048555297324,17.0,20.0,1.0,0.0,111.0,1.0,54.0
11.0,22.0,11.0,22.0,-121.0,11.0,12.0,-111.0,9.994726256163785,9.0,11.0,30000.0,10000.0,19000.0,0.0,25.705720960234796,16.5,19.0,0.0,10000.0,36539.53706788763,25000.0,0.0,27.01617180261644,17.0,20.0,0.0,121.0,9.99954754655293,9.0,11.0,1.0,14463.720739499415,10000.0,19000.0,1.0,16.5,17.41492438569599,19.0,1.0,20988.250381614762,10000.0,25000.0,1.0,18.722367906069806,17.0,20.0,1.0,0.0,111.0,1.0,40.0
11.0,22.0,11.0,22.0,-121.0,11.0,11.0,-111.0,10.183859612763346,9.0,11.0,30000.0,10000.0,19000.0,0.0,25.572507938060674,16.5,19.0,0.0,10000.0,37231.75271829759,25000.0,0.0,26.937076680940205,17.0,20.0,0.0,122.0,10.188285684520668,9.0,11.0,1.0,14279.640272296343,10000.0,19000.0,1.0,16.5,17.420228883069356,19.0,1.0,21260.094665470024,10000.0,25000.0,1.0,18.737379821032185,17.0,20.0,1.0,0.0,111.0,1.0,17.0
11.0,22.0,11.0,22.0,-121.0,11.0,11.0,-111.0,10.014629166271444,9.0,11.0,30000.0,10000.0,19000.0,0.0,27.316545179650404,16.5,19.0,0.0,10000.0,36539.77483765532,25000.0,0.0,28.62247061869683,17.0,20.0,0.0,121.0,10.00198128752718,9.0,11.0,1.0,18280.505395486784,10000.0,19000.0,1.0,16.5,18.18880331193271,19.0,1.0,24810.997971814933,10000.0,25000.0,1.0,19.49287517933486,17.0,20.0,1.0,0.0,111.0,1.0,11.0
11.0,22.0,11.0,21.0,-121.0,21.0,13.0,-111.0,9.991834963438516,9.0,11.0,30000.0,10000.0,19000.0,0.0,26.456155961960263,16.5,19.0,0.0,10000.0,36527.40237237197,25000.0,0.0,27.764108717497194,17.0,20.0,0.0,121.0,10.00016060248846,9.0,11.0,1.0,12970.435411353024,10000.0,19000.0,1.0,16.5,17.07362751654398,19.0,1.0,19552.08725049362,10000.0,25000.0,1.0,18.392450712648014,17.0,20.0,1.0,0.0,211.0,1.0,33.0
11.0,22.0,11.0,22.0,-121.0,21.0,12.0,-111.0,10.192201704233632,9.0,11.0,30000.0,10000.0,19000.0,0.0,24.539526452346415,16.5,19.0,0.0,10000.0,36838.70557204749,25000.0,0.0,25.830400820845547,17.0,20.0,0.0,122.0,10.180867529393938,9.0,11.0,1.0,15041.999164350165,10000.0,19000.0,1.0,16.5,17.615200434469354,19.0,1.0,22010.78158552896,10000.0,25000.0,1.0,18.93062811480648,17.0,20.0,1.0,0.0,211.0,1.0,25.0
91.0,24.0,91.0,21.0,-721.0,911.0,11.0,-711.0,15.727099483515637,12.0,17.0,30000.0,18000.0,36000.0,1.0,25.7190601137836,20.0,25.0,0.0,18000.0,34534.076160294906,36000.0,1.0,26.28755869154847,20.0,26.0,0.0,721.0,15.771876803238598,12.0,17.0,1.0,23912.798260587788,18000.0,36000.0,1.0,20.0,23.698468580133984,25.0,1.0,28414.28353192303,18000.0,36000.0,1.0,24.26288079645131,20.0,26.0,1.0,0.0,91121.0,7.0,2.0
81.0,21.0,81.0,21.0,-721.0,912.0,12.0,-711.0,14.267537792765227,12.0,17.0,30000.0,12500.0,23000.0,0.0,26.64304466567389,20.0,24.0,0.0,12500.0,34537.752806926015,26000.0,0.0,27.209823784032203,20.0,25.0,0.0,721.0,14.748937928091781,12.0,17.0,1.0,15558.843746266564,12500.0,23000.0,1.0,20.0,21.109946380827736,24.0,1.0,20076.13969139325,12500.0,26000.0,1.0,21.674170374967446,20.0,25.0,1.0,0.0,912.0,7.0,6.0
11.0,21.0,11.0,22.0,-121.0,21.0,13.0,-111.0,10.188773473610372,9.0,11.0,30000.0,10000.0,19000.0,0.0,25.345904783020856,16.5,19.0,0.0,10000.0,36958.43700414833,25000.0,0.0,26.656003821392805,17.0,20.0,0.0,122.0,10.209448053671471,9.0,11.0,1.0,15800.253992931675,10000.0,19000.0,1.0,16.5,17.678394517259214,19.0,1.0,22783.628055465284,10000.0,25000.0,1.0,18.993188577830963,17.0,20.0,1.0,0.0,211.0,1.0,24.0
11.0,21.0,11.0,22.0,-121.0,11.0,11.0,-111.0,10.004937878606402,9.0,11.0,30000.0,10000.0,19000.0,0.0,24.358095656817724,16.5,19.0,0.0,10000.0,36519.00729033666,25000.0,0.0,25.673825909024764,17.0,20.0,0.0,121.0,9.983347397369077,9.0,11.0,1.0,14398.974102461381,10000.0,19000.0,1.0,16.5,17.392839855534845,19.0,1.0,20812.36660914762,10000.0,25000.0,1.0,18.68725389198383,17.0,20.0,1.0,0.0,111.0,1.0,43.0
11.0,21.0,11.0,22.0,-121.0,11.0,11.0,-111.0,10.00976931746796,9.0,11.0,30000.0,10000.0,19000.0,0.0,23.89323003864668,16.5,19.0,0.0,10000.0,36576.11816582735,25000.0,0.0,25.199403653905417,17.0,20.0,0.0,121.0,10.01426031908036,9.0,11.0,1.0,19290.91045288809,10000.0,19000.0,0.0,16.5,18.37665245256052,19.0,1.0,25774.0270883119,10000.0,25000.0,0.0,19.664353749936794,17.0,20.0,1.0,0.0,111.0,1.0,29.0
91.0,24.0,91.0,24.0,-721.0,911.0,12.0,-711.0,14.975838507877597,12.0,17.0,30000.0,18000.0,36000.0,1.0,25.611720118756715,20.0,25.0,0.0,18000.0,34484.89572302988,36000.0,1.0,26.174527517884556,20.0,26.0,0.0,721.0,14.767240022563522,12.0,17.0,1.0,25790.037860285407,18000.0,36000.0,1.0,20.0,23.050623492340016,25.0,1.0,30330.312498339383,18000.0,36000.0,1.0,23.620380364779173,20.0,26.0,1.0,0.0,91121.0,7.0,23.0
11.0,22.0,11.0,22.0,-121.0,21.0,13.0,-111.0,10.240309931766388,9.0,11.0,30000.0,10000.0,19000.0,0.0,25.47776479409727,16.5,19.0,0.0,10000.0,36870.079663215954,25000.0,0.0,26.776985563494794,17.0,20.0,0.0,122.0,10.19227326509099,9.0,11.0,1.0,15214.74973685094,10000.0,19000.0,1.0,16.5,17.58879069521798,19.0,1.0,22333.64635182375,10000.0,25000.0,1.0,18.935065962867036,17.0,20.0,1.0,0.0,211.0,1.0,36.0
11.0,21.0,11.0,22.0,-121.0,11.0,11.0,-111.0,10.02011593975724,9.0,11.0,30000.0,10000.0,19000.0,0.0,25.585340482018978,16.5,19.0,0.0,10000.0,36436.87481266879,25000.0,0.0,26.872294736765877,17.0,20.0,0.0,121.0,10.005003147978604,9.0,11.0,1.0,14650.406221151301,10000.0,19000.0,1.0,16.5,17.442161063587896,19.0,1.0,21145.90834957316,10000.0,25000.0,1.0,18.740836949661897,17.0,20.0,1.0,0.0,111.0,1.0,35.0
11.0,21.0,11.0,22.0,-121.0,21.0,13.0,-111.0,10.191633798565483,9.0,11.0,30000.0,10000.0,19000.0,0.0,30.23356816364665,16.5,19.0,0.0,10000.0,37141.29601573227,25000.0,0.0,31.580159282260695,17.0,20.0,0.0,122.0,10.17439184791351,9.0,11.0,1.0,15634.81952767342,10000.0,19000.0,1.0,16.5,17.66717364253536,19.0,1.0,22500.632607862757,10000.0,25000.0,1.0,18.961818605505584,17.0,20.0,1.0,0.0,211.0,1.0,59.0
11.0,22.0,11.0,21.0,-121.0,21.0,13.0,-111.0,10.004612103018541,9.0,11.0,30000.0,10000.0,19000.0,0.0,27.661193090388885,16.5,19.0,0.0,10000.0,36528.26481528498,25000.0,0.0,28.96517476323248,17.0,20.0,0.0,121.0,10.012238719307465,9.0,11.0,1.0,11701.434727543216,10000.0,19000.0,1.0,16.5,16.816341189555708,19.0,1.0,18175.50327687033,10000.0,25000.0,1.0,18.109497483903603,17.0,20.0,1.0,0.0,211.0,1.0,58.0
11.0,22.0,11.0,21.0,-121.0,21.0,13.0,-111.0,9.999935404442285,9.0,11.0,30000.0,10000.0,19000.0,0.0,27.604691658848743,16.5,19.0,0.0,10000.0,36474.351230349275,25000.0,0.0,28.899145255364296,17.0,20.0,0.0,121.0,9.986438333288701,9.0,11.0,1.0,11605.604256633273,10000.0,19000.0,1.0,16.5,16.765940832250735,19.0,1.0,18028.098871994043,10000.0,25000.0,1.0,18.050026442942418,17.0,20.0,1.0,0.0,211.0,1.0,58.0
11.0,22.0,11.0,21.0,-121.0,11.0,11.0,-111.0,10.202737649944513,9.0,11.0,30000.0,10000.0,19000.0,0.0,23.974622882775495,16.5,19.0,0.0,10000.0,36899.33453834584,25000.0,0.0,25.2777264567908,17.0,20.0,0.0,122.0,10.22155224343079,9.0,11.0,1.0,15453.957150320528,10000.0,19000.0,1.0,16.5,17.612034745857862,19.0,1.0,22555.526370934524,10000.0,25000.0,1.0,18.95333515404446,17.0,20.0,1.0,0.0,111.0,1.0,54.0
11.0,22.0,11.0,22.0,-121.0,11.0,11.0,-111.0,10.189236439625608,9.0,11.0,30000.0,10000.0,19000.0,0.0,24.1952929119198,16.5,19.0,0.0,10000.0,37077.3989741903,25000.0,0.0,25.529476856546626,17.0,20.0,0.0,122.0,10.206368261003577,9.0,11.0,1.0,13938.333094355525,10000.0,19000.0,1.0,16.5,17.36091532753925,19.0,1.0,21019.949057829992,10000.0,25000.0,1.0,18.6958942307968,17.0,20.0,1.0,0.0,111.0,1.0,50.0
11.0,21.0,11.0,22.0,-121.0,21.0,13.0,-111.0,10.009234650704581,9.0,11.0,30000.0,10000.0,19000.0,0.0,25.620542910019317,16.5,19.0,0.0,10000.0,36546.031799159224,25000.0,0.0,26.93013620469663,17.0,20.0,0.0,121.0,9.990829622123622,9.0,11.0,1.0,14505.623590394956,10000.0,19000.0,1.0,16.5,17.38805377960583,19.0,1.0,21028.754466781156,10000.0,25000.0,1.0,18.69306553605882,17.0,20.0,1.0,0.0,211.0,1.0,9.0
81.0,23.0,81.0,23.0,-721.0,912.0,12.0,-711.0,14.411371751799637,12.0,17.0,30000.0,12500.0,23000.0,0.0,26.15274785469345,20.0,24.0,0.0,12500.0,34592.850650018714,26000.0,0.0,26.72717658422428,20.0,25.0,0.0,721.0,15.002310735866532,12.0,17.0,1.0,19142.322175201116,12500.0,23000.0,1.0,20.0,22.02389049225121,24.0,1.0,23630.800219085468,12500.0,26000.0,1.0,22.58526531950909,20.0,25.0,1.0,0.0,912.0,7.0,31.0
11.0,22.0,11.0,21.0,-121.0,21.0,13.0,-111.0,10.005255240768857,9.0,11.0,30000.0,10000.0,19000.0,0.0,26.84564637509752,16.5,19.0,0.0,10000.0,36558.57193477002,25000.0,0.0,28.160465967010392,17.0,20.0,0.0,121.0,10.007721190987901,9.0,11.0,1.0,12957.064021833,10000.0,19000.0,1.0,16.5,17.05710769275239,19.0,1.0,19400.657384665978,10000.0,25000.0,1.0,18.34887713281261,17.0,20.0,1.0,0.0,211.0,1.0,33.0
81.0,23.0,81.0,21.0,-721.0,912.0,11.0,-711.0,15.315270083456298,12.0,17.0,30000.0,12500.0,23000.0,0.0,27.186996136433212,20.0,24.0,0.0,12500.0,34020.20455693346,26000.0,0.0,27.674665735309905,20.0,25.0,0.0,722.0,15.075374421444614,12.0,17.0,1.0,13350.302281108423,12500.0,23000.0,1.0,20.0,21.20017562346864,24.0,1.0,17267.43799337251,12500.0,26000.0,1.0,21.675342489853794,20.0,25.0,1.0,0.0,912.0,7.0,12.0
11.0,22.0,11.0,22.0,-121.0,21.0,13.0,-111.0,10.216163136018642,9.0,11.0,30000.0,10000.0,19000.0,0.0,25.490453086302512,16.5,19.0,0.0,10000.0,37151.05699907424,25000.0,0.0,26.8384130564468,17.0,20.0,0.0,122.0,10.184876642772315,9.0,11.0,1.0,12681.653243997102,10000.0,19000.0,1.0,16.5,17.103443478992638,19.0,1.0,19625.942283227138,10000.0,25000.0,1.0,18.412428101434557,17.0,20.0,1.0,0.0,211.0,1.0,16.0
11.0,22.0,11.0,21.0,-121.0,11.0,11.0,-111.0,10.196040668895803,9.0,11.0,30000.0,10000.0,19000.0,0.0,24.576631421020558,16.5,19.0,0.0,10000.0,36843.56303134343,25000.0,0.0,25.871775426210313,17.0,20.0,0.0,122.0,10.20358926304081,9.0,11.0,1.0,13180.179042520533,10000.0,19000.0,1.0,16.5,17.162551780546988,19.0,1.0,20258.891031309155,10000.0,25000.0,1.0,18.50219771567688,17.0,20.0,1.0,0.0,111.0,1.0,12.0
81.0,23.0,81.0,23.0,-721.0,912.0,12.0,-711.0,15.20082411369981,12.0,17.0,30000.0,12500.0,23000.0,0.0,26.02303341134107,20.0,24.0,0.0,12500.0,34093.09570516688,26000.0,0.0,26.521622509950035,20.0,25.0,0.0,722.0,15.015229854562314,12.0,17.0,1.0,16498.040740762604,12500.0,23000.0,1.0,20.0,21.592177005680853,24.0,1.0,20542.816597473342,12500.0,26000.0,1.0,22.08488015599492,20.0,25.0,1.0,0.0,912.0,7.0,10.0
11.0,21.0,11.0,22.0,-121.0,11.0,12.0,-111.0,10.19963618110332,9.0,11.0,30000.0,10000.0,19000.0,0.0,25.031026818891426,16.5,19.0,0.0,10000.0,37055.52580411235,25000.0,0.0,26.365154046193492,17.0,20.0,0.0,122.0,10.18738169209912,9.0,11.0,1.0,15001.456364318974,10000.0,19000.0,1.0,16.5,17.566797375674252,19.0,1.0,22178.319950907207,10000.0,25000.0,1.0,18.923868327341577,17.0,20.0,1.0,0.0,111.0,1.0,7.0
11.0,22.0,11.0,21.0,-121.0,21.0,13.0,-111.0,10.009777358033341,9.0,11.0,30000.0,10000.0,19000.0,0.0,27.50009837023063,16.5,19.0,0.0,10000.0,36496.96613518986,25000.0,0.0,28.798565327202166,17.0,20.0,0.0,121.0,10.011837706021588,9.0,11.0,1.0,11280.804470247795,10000.0,19000.0,1.0,16.5,16.731617230409988,19.0,1.0,17796.62116107537,10000.0,25000.0,1.0,18.0338516109923,17.0,20.0,1.0,0.0,211.0,1.0,58.0
11.0,22.0,11.0,21.0,-121.0,11.0,11.0,-111.0,10.203074554342706,9.0,11.0,30000.0,10000.0,19000.0,0.0,24.835057455118726,16.5,19.0,0.0,10000.0,37052.10540030591,25000.0,0.0,26.166241835293032,17.0,20.0,0.0,122.0,10.206008245401549,9.0,11.0,1.0,14092.132725042637,10000.0,19000.0,1.0,16.5,17.356666785558847,19.0,1.0,21053.14868387209,10000.0,25000.0,1.0,18.67065674863227,17.0,20.0,1.0,0.0,111.0,1.0,26.0
11.0,22.0,11.0,22.0,-121.0,21.0,12.0,-111.0,10.180414672134766,9.0,11.0,30000.0,10000.0,19000.0,0.0,23.161020179259456,16.5,19.0,0.0,10000.0,36930.445353503426,25000.0,0.0,24.46814304983115,17.0,20.0,0.0,122.0,10.193816144313873,9.0,11.0,1.0,15892.445516929269,10000.0,19000.0,1.0,16.5,17.755144081425424,19.0,1.0,23037.88864387846,10000.0,25000.0,1.0,19.10281680016104,17.0,20.0,1.0,0.0,211.0,1.0,48.0
91.0,24.0,91.0,21.0,-721.0,911.0,11.0,-711.0,15.069468034591852,12.0,17.0,30000.0,18000.0,36000.0,1.0,23.626536463292222,20.0,25.0,1.0,18000.0,33982.47967495227,36000.0,1.0,24.11213861705527,20.0,26.0,1.0,722.0,15.14805076311394,12.0,17.0,1.0,21078.767772837087,18000.0,36000.0,1.0,20.0,22.7148175514484,25.0,1.0,25009.229727580154,18000.0,36000.0,1.0,23.194076944160763,20.0,26.0,1.0,1.0,91121.0,7.0,2.0
11.0,22.0,11.0,22.0,-121.0,21.0,13.0,-111.0,10.195397970037458,9.0,11.0,30000.0,10000.0,19000.0,0.0,25.67725630824557,16.5,19.0,0.0,10000.0,36951.64606876221,25000.0,0.0,26.989833994323284,17.0,20.0,0.0,122.0,10.173488369513288,9.0,11.0,1.0,17554.757232244043,10000.0,19000.0,1.0,16.5,18.02970480506579,19.0,1.0,24475.9028193309,10000.0,25000.0,1.0,19.33652353114098,17.0,20.0,1.0,0.0,211.0,1.0,5.0
11.0,22.0,11.0,22.0,-121.0,21.0,12.0,-111.0,10.171057416341444,9.0,11.0,30000.0,10000.0,19000.0,0.0,24.730293770268453,16.5,19.0,0.0,10000.0,36781.272448339834,25000.0,0.0,26.01278349300829,17.0,20.0,0.0,122.0,10.20108465853516,9.0,11.0,1.0,17586.6164828285,10000.0,19000.0,1.0,16.5,18.060307987980572,19.0,1.0,24721.75741763747,10000.0,25000.0,1.0,19.40972212653698,17.0,20.0,1.0,0.0,211.0,1.0,23.0
11.0,22.0,11.0,22.0,-121.0,21.0,12.0,-111.0,10.2385320360241,9.0,11.0,30000.0,10000.0,19000.0,0.0,24.670247906910234,16.5,19.0,0.0,10000.0,37081.711107566814,25000.0,0.0,26.00341873023193,17.0,20.0,0.0,122.0,10.175979501097583,9.0,11.0,1.0,15522.506341132024,10000.0,19000.0,1.0,16.5,17.583962353906546,19.0,1.0,22460.464022074153,10000.0,25000.0,1.0,18.89007080893652,17.0,20.0,1.0,0.0,211.0,1.0,25.0
92.0,24.0,92.0,24.0,-721.0,921.0,13.0,-711.0,14.784711313412224,12.0,17.0,30000.0,15000.0,28000.0,0.0,24.559063151321197,19.5,25.0,1.0,15000.0,34617.07718602701,28000.0,0.0,25.136186023108944,20.0,26.0,1.0,721.0,14.403786133176952,12.0,17.0,1.0,19360.834449955146,15000.0,28000.0,1.0,19.5,20.882820467836773,25.0,1.0,23810.04156635792,15000.0,28000.0,1.0,21.43896000909629,20.0,26.0,1.0,0.0,92122.0,7.0,25.0
11.0,21.0,11.0,22.0,-121.0,21.0,13.0,-111.0,9.996483632866799,9.0,11.0,30000.0,10000.0,19000.0,0.0,25.952839175295118,16.5,19.0,0.0,10000.0,36499.424214404076,25000.0,0.0,27.25220070090301,17.0,20.0,0.0,121.0,9.999814632195534,9.0,11.0,1.0,14301.87747884155,10000.0,19000.0,1.0,16.5,17.342038175662733,19.0,1.0,20821.030682514145,10000.0,25000.0,1.0,18.645343910595788,17.0,20.0,1.0,0.0,211.0,1.0,52.0
91.0,24.0,91.0,24.0,-721.0,911.0,11.0,-711.0,15.364624886336651,12.0,17.0,30000.0,18000.0,36000.0,1.0,24.83021458758832,20.0,25.0,1.0,18000.0,33942.61514970991,36000.0,1.0,25.31172134086561,20.0,26.0,1.0,722.0,15.327391535631621,12.0,17.0,1.0,21690.381494234825,18000.0,36000.0,1.0,20.0,23.004214606219357,25.0,1.0,25676.775811450167,18000.0,36000.0,1.0,23.491068055536275,20.0,26.0,1.0,1.0,91121.0,7.0,28.0
11.0,22.0,11.0,21.0,-121.0,11.0,12.0,-111.0,9.991999735349289,9.0,11.0,30000.0,10000.0,19000.0,0.0,23.479562190015255,16.5,19.0,0.0,10000.0,36424.18719235664,25000.0,0.0,24.75999986828492,17.0,20.0,0.0,121.0,10.01363456300405,9.0,11.0,1.0,13543.000381994074,10000.0,19000.0,1.0,16.5,17.196089226277664,19.0,1.0,20046.160301587624,10000.0,25000.0,1.0,18.492267363609628,17.0,20.0,1.0,0.0,111.0,1.0,10.0
11.0,22.0,11.0,21.0,-121.0,21.0,13.0,-111.0,10.008982225033387,9.0,11.0,30000.0,10000.0,19000.0,0.0,25.014913336805826,16.5,19.0,0.0,10000.0,36549.87474856369,25000.0,0.0,26.3329828439454,17.0,20.0,0.0,121.0,9.993419456345702,9.0,11.0,1.0,12615.482293232662,10000.0,19000.0,1.0,16.5,17.023562490675282,19.0,1.0,19211.90355375017,10000.0,25000.0,1.0,18.350998823964236,17.0,20.0,1.0,0.0,211.0,1.0,58.0
11.0,21.0,11.0,22.0,-121.0,11.0,11.0,-111.0,10.193469089528486,9.0,11.0,30000.0,10000.0,19000.0,0.0,26.337321644764202,16.5,19.0,0.0,10000.0,36862.55626408889,25000.0,0.0,27.62849074789795,17.0,20.0,0.0,122.0,10.18590267416895,9.0,11.0,1.0,16421.419588351895,10000.0,19000.0,1.0,16.5,17.78105924341467,19.0,1.0,23333.008386813708,10000.0,25000.0,1.0,19.081453668861904,17.0,20.0,1.0,0.0,111.0,1.0,35.0
11.0,22.0,11.0,21.0,-121.0,21.0,13.0,-111.0,10.000221067766876,9.0,11.0,30000.0,10000.0,19000.0,0.0,24.186902417537468,16.5,19.0,0.0,10000.0,36511.23537754505,25000.0,0.0,25.496993567507328,17.0,20.0,0.0,121.0,9.986632114595063,9.0,11.0,1.0,12313.93329544456,10000.0,19000.0,1.0,16.5,16.939659903684028,19.0,1.0,18788.655802847938,10000.0,25000.0,1.0,18.24240449263145,17.0,20.0,1.0,0.0,211.0,1.0,58.0
11.0,22.0,11.0,22.0,-121.0,21.0,13.0,-111.0,10.000179773664296,9.0,11.0,30000.0,10000.0,19000.0,0.0,26.592842573458363,16.5,19.0,0.0,10000.0,36455.109105980155,25000.0,0.0,27.883627378567887,17.0,20.0,0.0,121.0,10.002931069328259,9.0,11.0,1.0,14202.868800496986,10000.0,19000.0,1.0,16.5,17.34975693243841,19.0,1.0,20721.673426899535,10000.0,25000.0,1.0,18.653278502886046,17.0,20.0,1.0,0.0,211.0,1.0,3.0
11.0,22.0,11.0,22.0,-121.0,21.0,13.0,-111.0,10.001016010181592,9.0,11.0,30000.0,10000.0,19000.0,0.0,25.15789144170619,16.5,19.0,0.0,10000.0,36447.87244578034,25000.0,0.0,26.45186837239116,17.0,20.0,0.0,121.0,9.9976013052944,9.0,11.0,1.0,15807.243357810421,10000.0,19000.0,1.0,16.5,17.678041589506964,19.0,1.0,22370.3399196668,10000.0,25000.0,1.0,18.995142015471146,17.0,20.0,1.0,0.0,211.0,1.0,19.0
91.0,24.0,91.0,24.0,-721.0,911.0,11.0,-711.0,15.102834130881014,12.0,17.0,30000.0,18000.0,36000.0,1.0,24.25952709772384,20.0,25.0,1.0,18000.0,34075.769400075835,36000.0,1.0,24.75835597480969,20.0,26.0,1.0,722.0,15.22279474100902,12.0,17.0,1.0,25440.296927742475,18000.0,36000.0,1.0,20.0,23.37635234683032,25.0,1.0,29417.804298405943,18000.0,36000.0,1.0,23.863155043585397,20.0,26.0,1.0,1.0,91121.0,7.0,16.0
81.0,23.0,81.0,21.0,-721.0,912.0,12.0,-711.0,14.938290184686347,12.0,17.0,30000.0,12500.0,23000.0,0.0,25.979680976546245,20.0,24.0,0.0,12500.0,33989.132514694604,26000.0,0.0,26.465573544383695,20.0,25.0,0.0,722.0,15.26692748436268,12.0,17.0,1.0,14025.165894988166,12500.0,23000.0,1.0,20.0,21.32439679558184,24.0,1.0,18053.035787716464,12500.0,26000.0,1.0,21.815007733645086,20.0,25.0,1.0,0.0,912.0,7.0,30.0
81.0,21.0,81.0,23.0,-721.0,912.0,12.0,-711.0,15.348022225319454,12.0,17.0,30000.0,12500.0,23000.0,0.0,26.710209252261656,20.0,24.0,0.0,12500.0,33981.87840727527,26000.0,0.0,27.195011753605456,20.0,25.0,0.0,722.0,15.179297510316083,12.0,17.0,1.0,20731.598787490588,12500.0,23000.0,1.0,20.0,22.303962083897034,24.0,1.0,24817.93823685524,12500.0,26000.0,1.0,22.801482948113335,20.0,25.0,1.0,0.0,912.0,7.0,7.0
11.0,21.0,11.0,22.0,-121.0,21.0,12.0,-111.0,10.19677077306479,9.0,11.0,30000.0,10000.0,19000.0,0.0,25.246689485074405,16.5,19.0,0.0,10000.0,36960.65696963221,25000.0,0.0,26.55676897050612,17.0,20.0,0.0,122.0,10.214621924093874,9.0,11.0,1.0,15247.271587799843,10000.0,19000.0,1.0,16.5,17.61181433446296,19.0,1.0,22220.723890131696,10000.0,25000.0,1.0,18.92430205563337,17.0,20.0,1.0,0.0,211.0,1.0,37.0
11.0,22.0,11.0,21.0,-121.0,21.0,13.0,-111.0,9.993869725238994,9.0,11.0,30000.0,10000.0,19000.0,0.0,25.533694332718607,16.5,19.0,0.0,10000.0,36506.5212263153,25000.0,0.0,26.833262207641102,17.0,20.0,0.0,121.0,10.007957929922078,9.0,11.0,1.0,11097.49136211348,10000.0,19000.0,1.0,16.5,16.698750901111687,19.0,1.0,17639.720367032973,10000.0,25000.0,1.0,18.00545080255723,17.0,20.0,1.0,0.0,211.0,1.0,58.0
11.0,22.0,11.0,21.0,-121.0,11.0,11.0,-111.0,9.99981067115105,9.0,11.0,30000.0,10000.0,19000.0,0.0,24.100992392767864,16.5,19.0,0.0,10000.0,36535.46111189158,25000.0,0.0,25.405699728216526,17.0,20.0,0.0,121.0,9.995053444499826,9.0,11.0,1.0,13224.713784440031,10000.0,19000.0,1.0,16.5,17.119857774552784,19.0,1.0,19650.600773779624,10000.0,25000.0,1.0,18.402690270717528,17.0,20.0,1.0,0.0,111.0,1.0,1.0
81.0,23.0,81.0,21.0,-721.0,912.0,11.0,-711.0,15.096511088346142,12.0,17.0,30000.0,12500.0,23000.0,0.0,26.315908968690792,20.0,24.0,0.0,12500.0,33978.84939727429,26000.0,0.0,26.800721415278346,20.0,25.0,0.0,722.0,15.259947388356288,12.0,17.0,1.0,14228.108105169464,12500.0,23000.0,1.0,20.0,21.570743185218856,24.0,1.0,18239.780546771886,12500.0,26000.0,1.0,22.059555034356325,20.0,25.0,1.0,0.0,912.0,7.0,12.0
11.0,21.0,11.0,22.0,-121.0,11.0,11.0,-111.0,10.19084742414781,9.0,11.0,30000.0,10000.0,19000.0,0.0,25.7847423274281,16.5,19.0,0.0,10000.0,36964.7045183104,25000.0,0.0,27.096062018428736,17.0,20.0,0.0,122.0,10.184237494694695,9.0,11.0,1.0,13281.15491424966,10000.0,19000.0,1.0,16.5,17.206816824763813,19.0,1.0,20046.48764525731,10000.0,25000.0,1.0,18.48059864896296,17.0,20.0,1.0,0.0,111.0,1.0,29.0
11.0,22.0,11.0,22.0,-121.0,11.0,12.0,-111.0,10.176921183038644,9.0,11.0,30000.0,10000.0,19000.0,0.0,24.714718778088667,16.5,19.0,0.0,10000.0,36948.59825294094,25000.0,0.0,26.0141145455355,17.0,20.0,0.0,122.0,10.191057060366484,9.0,11.0,1.0,16277.946223861443,10000.0,19000.0,1.0,16.5,17.73556789001631,19.0,1.0,23276.929944914482,10000.0,25000.0,1.0,19.044385797241908,17.0,20.0,1.0,0.0,111.0,1.0,49.0
11.0,22.0,11.0,21.0,-121.0,11.0,11.0,-111.0,10.00041312192195,9.0,11.0,30000.0,10000.0,19000.0,0.0,24.20031099570042,16.5,19.0,0.0,10000.0,36548.99430817627,25000.0,0.0,25.506861344487806,17.0,20.0,0.0,121.0,10.004955586923732,9.0,11.0,1.0,13030.181594058096,10000.0,19000.0,1.0,16.5,17.08335885640474,19.0,1.0,19493.833847602393,10000.0,25000.0,1.0,18.372883126683185,17.0,20.0,1.0,0.0,111.0,1.0,26.0
11.0,21.0,11.0,22.0,-121.0,21.0,13.0,-111.0,10.014249146936509,9.0,11.0,30000.0,10000.0,19000.0,0.0,26.43332905468761,16.5,19.0,0.0,10000.0,36525.7869675998,25000.0,0.0,27.733309752917922,17.0,20.0,0.0,121.0,9.990853051470038,9.0,11.0,1.0,12798.051282354565,10000.0,19000.0,1.0,16.5,17.066572955711194,19.0,1.0,19286.377440141918,10000.0,25000.0,1.0,18.35909120842527,17.0,20.0,1.0,0.0,211.0,1.0,59.0
91.0,24.0,91.0,24.0,-721.0,911.0,11.0,-711.0,15.218353367869975,12.0,17.0,30000.0,18000.0,36000.0,1.0,24.929649752100524,20.0,25.0,1.0,18000.0,34046.25448643186,36000.0,1.0,25.421758907868988,20.0,26.0,1.0,722.0,15.166054881513034,12.0,17.0,1.0,26613.252109913024,18000.0,36000.0,1.0,20.0,23.34233585193808,25.0,1.0,30647.802340045757,18000.0,36000.0,1.0,23.833021525395786,20.0,26.0,1.0,1.0,91121.0,7.0,28.0
11.0,22.0,11.0,21.0,-121.0,11.0,11.0,-111.0,10.001622300334075,9.0,11.0,30000.0,10000.0,19000.0,0.0,23.768589891588775,16.5,19.0,0.0,10000.0,36474.08075330131,25000.0,0.0,25.06363025950535,17.0,20.0,0.0,121.0,10.007796275285612,9.0,11.0,1.0,14680.114015402853,10000.0,19000.0,1.0,16.5,17.459591946190944,19.0,1.0,21218.49762276422,10000.0,25000.0,1.0,18.767495111924422,17.0,20.0,1.0,0.0,111.0,1.0,26.0
92.0,24.0,92.0,24.0,-721.0,921.0,13.0,-711.0,15.297918509956952,12.0,17.0,30000.0,15000.0,28000.0,0.0,24.66691396396246,19.5,25.0,1.0,15000.0,34015.716001242974,28000.0,0.0,25.15403334612527,20.0,26.0,1.0,722.0,15.321698927202766,12.0,17.0,1.0,21152.143044074346,15000.0,28000.0,1.0,19.5,21.973098777700994,25.0,1.0,25120.444577436567,15000.0,28000.0,1.0,22.454466631047396,20.0,26.0,1.0,0.0,92122.0,7.0,22.0
11.0,22.0,11.0,22.0,-121.0,11.0,11.0,-111.0,10.231800441081537,9.0,11.0,30000.0,10000.0,19000.0,0.0,24.39812427828209,16.5,19.0,0.0,10000.0,36931.22195993325,25000.0,0.0,25.70550710645813,17.0,20.0,0.0,122.0,10.205656895887385,9.0,11.0,1.0,17893.881917668423,10000.0,19000.0,1.0,16.5,18.0653333828102,19.0,1.0,24788.61788873047,10000.0,25000.0,1.0,19.36583414089889,17.0,20.0,1.0,0.0,111.0,1.0,11.0
11.0,22.0,11.0,22.0,-121.0,11.0,11.0,-111.0,9.99566171130244,9.0,11.0,30000.0,10000.0,19000.0,0.0,24.396722565162996,16.5,19.0,0.0,10000.0,36492.15623370024,25000.0,0.0,25.698511290972956,17.0,20.0,0.0,121.0,10.004153511122123,9.0,11.0,1.0,12535.267487669824,10000.0,19000.0,1.0,16.5,17.04244466614461,19.0,1.0,19034.055047621172,10000.0,25000.0,1.0,18.345563086656934,17.0,20.0,1.0,0.0,111.0,1.0,38.0
11.0,22.0,11.0,22.0,-121.0,11.0,11.0,-111.0,10.215187379368293,9.0,11.0,30000.0,10000.0,19000.0,0.0,24.66922688576473,16.5,19.0,0.0,10000.0,36929.13487869168,25000.0,0.0,25.965220253655232,17.0,20.0,0.0,122.0,10.213921210817098,9.0,11.0,1.0,15853.360766837128,10000.0,19000.0,1.0,16.5,17.67939495937903,19.0,1.0,22951.288514679763,10000.0,25000.0,1.0,19.006958565516673,17.0,20.0,1.0,0.0,111.0,1.0,55.0
91.0,24.0,91.0,21.0,-721.0,911.0,11.0,-711.0,15.157743000770173,12.0,17.0,30000.0,18000.0,36000.0,1.0,24.9519176617467,20.0,25.0,1.0,18000.0,33989.61756299442,36000.0,1.0,25.440456106810554,20.0,26.0,1.0,722.0,15.070663927569655,12.0,17.0,1.0,23188.544093931323,18000.0,36000.0,1.0,20.0,22.826743159892324,25.0,1.0,27238.424107987277,18000.0,36000.0,1.0,23.322660889730344,20.0,26.0,1.0,1.0,91121.0,7.0,15.0
11.0,21.0,11.0,22.0,-121.0,11.0,12.0,-111.0,9.983720768700726,9.0,11.0,30000.0,10000.0,19000.0,0.0,26.30448148579996,16.5,19.0,0.0,10000.0,36554.79711314406,25000.0,0.0,27.612394685582153,17.0,20.0,0.0,121.0,9.999181565962521,9.0,11.0,1.0,16362.508652871298,10000.0,19000.0,1.0,16.5,17.799926205804407,19.0,1.0,22806.08192093823,10000.0,25000.0,1.0,19.085646325832048,17.0,20.0,1.0,0.0,111.0,1.0,7.0
91.0,24.0,91.0,24.0,-721.0,911.0,12.0,-711.0,14.491232883883175,12.0,17.0,30000.0,18000.0,36000.0,1.0,24.283363704363865,20.0,25.0,1.0,18000.0,34483.96054232879,36000.0,1.0,24.8410524986326,20.0,26.0,1.0,721.0,14.57177365802123,12.0,17.0,1.0,26794.9056171524,18000.0,36000.0,1.0,20.0,22.859981622803353,25.0,1.0,31268.61253443482,18000.0,36000.0,1.0,23.41639513114238,20.0,26.0,1.0,1.0,91121.0,7.0,8.0
11.0,22.0,11.0,21.0,-121.0,11.0,11.0,-111.0,10.19473530761115,9.0,11.0,30000.0,10000.0,19000.0,0.0,24.075359791161333,16.5,19.0,0.0,10000.0,36838.92320993331,25000.0,0.0,25.364994027535953,17.0,20.0,0.0,122.0,10.211977766914327,9.0,11.0,1.0,14277.04617087722,10000.0,19000.0,1.0,16.5,17.360678248788687,19.0,1.0,21229.0480475526,10000.0,25000.0,1.0,18.671636035020157,17.0,20.0,1.0,0.0,111.0,1.0,26.0
92.0,24.0,92.0,24.0,-721.0,921.0,13.0,-711.0,14.019912943361911,12.0,17.0,30000.0,15000.0,28000.0,0.0,23.40516024591754,19.5,25.0,1.0,15000.0,34460.25728027465,28000.0,0.0,23.963769229553044,20.0,26.0,1.0,721.0,15.067430110426638,12.0,17.0,1.0,22189.7068170643,15000.0,28000.0,1.0,19.5,21.896296205876133,25.0,1.0,26707.306841053003,15000.0,28000.0,1.0,22.462086876524772,20.0,26.0,1.0,0.0,92122.0,7.0,25.0
11.0,22.0,11.0,21.0,-121.0,11.0,11.0,-111.0,10.007688921879843,9.0,11.0,30000.0,10000.0,19000.0,0.0,24.212743256131915,16.5,19.0,0.0,10000.0,36432.57567821623,25000.0,0.0,25.504701114676866,17.0,20.0,0.0,121.0,9.991481605588378,9.0,11.0,1.0,14656.109355072309,10000.0,19000.0,1.0,16.5,17.4305007720937,19.0,1.0,21139.653809380165,10000.0,25000.0,1.0,18.73269551149417,17.0,20.0,1.0,0.0,111.0,1.0,54.0
11.0,21.0,11.0,21.0,-121.0,21.0,12.0,-111.0,9.996503976797877,9.0,11.0,30000.0,10000.0,19000.0,0.0,24.37046013401425,16.5,19.0,0.0,10000.0,36543.26287994422,25000.0,0.0,25.682872807591124,17.0,20.0,0.0,121.0,9.995405625069404,9.0,11.0,1.0,13435.205000327247,10000.0,19000.0,1.0,16.5,17.17695513734556,19.0,1.0,19934.418305110972,10000.0,25000.0,1.0,18.480532582724052,17.0,20.0,1.0,0.0,211.0,1.0,6.0
11.0,21.0,11.0,22.0,-121.0,21.0,12.0,-111.0,10.189917097899416,9.0,11.0,30000.0,10000.0,19000.0,0.0,24.403394761080477,16.5,19.0,0.0,10000.0,36895.58668886767,25000.0,0.0,25.70316327476206,17.0,20.0,0.0,122.0,10.202898171242344,9.0,11.0,1.0,15314.985091630115,10000.0,19000.0,1.0,16.5,17.603170725285498,19.0,1.0,22353.14662531117,10000.0,25000.0,1.0,18.929813572144653,17.0,20.0,1.0,0.0,211.0,1.0,37.0
11.0,22.0,11.0,22.0,-121.0,21.0,13.0,-111.0,10.20158450624532,9.0,11.0,30000.0,10000.0,19000.0,0.0,25.51174351678534,16.5,19.0,0.0,10000.0,36955.12598907791,25000.0,0.0,26.825070034087442,17.0,20.0,0.0,122.0,10.170679397655876,9.0,11.0,1.0,15214.852503885959,10000.0,19000.0,1.0,16.5,17.54155989628138,19.0,1.0,22108.898723818165,10000.0,25000.0,1.0,18.843352807921168,17.0,20.0,1.0,0.0,211.0,1.0,16.0
11.0,22.0,11.0,21.0,-121.0,21.0,13.0,-111.0,10.028890405180475,9.0,11.0,30000.0,10000.0,19000.0,0.0,26.809663264444474,16.5,19.0,0.0,10000.0,36466.472827379446,25000.0,0.0,28.101421760472597,17.0,20.0,0.0,121.0,9.999846354877095,9.0,11.0,1.0,11588.628102653756,10000.0,19000.0,1.0,16.5,16.81807440550039,19.0,1.0,18071.864789805586,10000.0,25000.0,1.0,18.113181691334837,17.0,20.0,1.0,0.0,211.0,1.0,58.0
91.0,24.0,91.0,24.0,-721.0,911.0,12.0,-711.0,15.164297124167296,12.0,17.0,30000.0,18000.0,36000.0,1.0,24.927646803521377,20.0,25.0,1.0,18000.0,34082.79472793668,36000.0,1.0,25.426067259606544,20.0,26.0,1.0,722.0,15.087889383621127,12.0,17.0,1.0,29229.813729288566,18000.0,36000.0,1.0,20.0,23.67032332411214,25.0,1.0,33271.05925499739,18000.0,36000.0,1.0,24.163671526090905,20.0,26.0,1.0,1.0,91121.0,7.0,1.0
11.0,21.0,11.0,22.0,-121.0,11.0,11.0,-111.0,10.208200808211076,9.0,11.0,30000.0,10000.0,19000.0,0.0,24.520789176308156,16.5,19.0,0.0,10000.0,37078.94489264644,25000.0,0.0,25.858006687948784,17.0,20.0,0.0,122.0,10.18929554419811,9.0,11.0,1.0,15795.987097453706,10000.0,19000.0,1.0,16.5,17.723352073746288,19.0,1.0,22859.67748634303,10000.0,25000.0,1.0,19.057687999237462,17.0,20.0,1.0,0.0,111.0,1.0,35.0
91.0,24.0,91.0,24.0,-721.0,911.0,12.0,-711.0,15.638508294785156,12.0,17.0,30000.0,18000.0,36000.0,1.0,24.821378066447508,20.0,25.0,1.0,18000.0,34508.46843502769,36000.0,1.0,25.38486988847549,20.0,26.0,1.0,721.0,15.471774787454095,12.0,17.0,1.0,25812.641081379545,18000.0,36000.0,1.0,20.0,23.73139921309096,25.0,1.0,30282.55727433168,18000.0,36000.0,1.0,24.290072575492687,20.0,26.0,1.0,1.0,91121.0,7.0,8.0
11.0,22.0,11.0,22.0,-121.0,11.0,11.0,-111.0,10.204792217117362,9.0,11.0,30000.0,10000.0,19000.0,0.0,23.724335796444315,16.5,19.0,0.0,10000.0,36964.59731755982,25000.0,0.0,25.040000862374786,17.0,20.0,0.0,122.0,10.216968828820269,9.0,11.0,1.0,16003.676064819902,10000.0,19000.0,1.0,16.5,17.760042569180307,19.0,1.0,23079.682308743493,10000.0,25000.0,1.0,19.096753623237053,17.0,20.0,1.0,0.0,111.0,1.0,57.0
91.0,24.0,91.0,21.0,-721.0,911.0,11.0,-711.0,15.073820452928913,12.0,17.0,30000.0,18000.0,36000.0,1.0,24.00735033714086,20.0,25.0,1.0,18000.0,33923.500970274305,36000.0,1.0,24.486752676723942,20.0,26.0,1.0,722.0,15.27189522726036,12.0,17.0,1.0,20776.607985349794,18000.0,36000.0,1.0,20.0,22.754658874224216,25.0,1.0,24703.02321354887,18000.0,36000.0,1.0,23.23441729937421,20.0,26.0,1.0,1.0,91121.0,7.0,21.0
11.0,21.0,11.0,22.0,-121.0,11.0,11.0,-111.0,10.215068154518907,9.0,11.0,30000.0,10000.0,19000.0,0.0,23.24813226396249,16.5,19.0,0.0,10000.0,37066.70403579007,25000.0,0.0,24.58166407943433,17.0,20.0,0.0,122.0,10.209493770625004,9.0,11.0,1.0,14927.073396022832,10000.0,19000.0,1.0,16.5,17.54904895056621,19.0,1.0,22052.698817524288,10000.0,25000.0,1.0,18.89369960475832,17.0,20.0,1.0,0.0,111.0,1.0,43.0
81.0,23.0,81.0,23.0,-721.0,912.0,12.0,-711.0,15.028628799559606,12.0,17.0,30000.0,12500.0,23000.0,0.0,25.927758754629874,20.0,24.0,0.0,12500.0,34042.589385286265,26000.0,0.0,26.419616444973368,20.0,25.0,0.0,722.0,15.204469824119522,12.0,17.0,1.0,13346.86059733977,12500.0,23000.0,1.0,20.0,21.41102131334016,24.0,1.0,17316.801022875672,12500.0,26000.0,1.0,21.894039879512714,20.0,25.0,1.0,0.0,912.0,7.0,31.0
91.0,21.0,91.0,24.0,-721.0,911.0,12.0,-711.0,14.61349512446797,12.0,17.0,30000.0,18000.0,36000.0,1.0,25.032413053798287,20.0,25.0,0.0,18000.0,34492.10304636368,36000.0,1.0,25.594069875977414,20.0,26.0,1.0,721.0,14.334640612417052,12.0,17.0,1.0,24203.541798106293,18000.0,36000.0,1.0,20.0,22.423851827390116,25.0,1.0,28751.02760865308,18000.0,36000.0,1.0,22.99243326973346,20.0,26.0,1.0,0.0,91121.0,7.0,19.0
91.0,24.0,91.0,24.0,-721.0,911.0,12.0,-711.0,14.8824210758392,12.0,17.0,30000.0,18000.0,36000.0,1.0,23.836427580844298,20.0,25.0,1.0,18000.0,34434.84529762945,36000.0,1.0,24.3929171744438,20.0,26.0,1.0,721.0,14.648886309758712,12.0,17.0,1.0,24109.50984831856,18000.0,36000.0,1.0,20.0,22.70070593334625,25.0,1.0,28599.477371358436,18000.0,36000.0,1.0,23.264112328493113,20.0,26.0,1.0,1.0,91121.0,7.0,27.0
81.0,23.0,81.0,21.0,-721.0,912.0,12.0,-711.0,15.490308667937992,12.0,17.0,30000.0,12500.0,23000.0,0.0,26.400449076098923,20.0,24.0,0.0,12500.0,34520.86645486704,26000.0,0.0,26.965165229825356,20.0,25.0,0.0,721.0,14.591572141567681,12.0,17.0,1.0,16947.034655557254,12500.0,23000.0,1.0,20.0,21.127295607311872,24.0,1.0,21468.174222564634,12500.0,26000.0,1.0,21.692045876365306,20.0,25.0,1.0,0.0,912.0,7.0,11.0
91.0,21.0,91.0,24.0,-721.0,911.0,12.0,-711.0,15.387482578239208,12.0,17.0,30000.0,18000.0,36000.0,1.0,25.176301462844233,20.0,25.0,0.0,18000.0,34566.13708869769,36000.0,1.0,25.747265827941472,20.0,26.0,1.0,721.0,14.256376469077392,12.0,17.0,1.0,28190.715433033234,18000.0,36000.0,1.0,20.0,22.815463743738455,25.0,1.0,32717.697155021655,18000.0,36000.0,1.0,23.38153199672626,20.0,26.0,1.0,0.0,91121.0,7.0,19.0
11.0,21.0,11.0,22.0,-121.0,21.0,13.0,-111.0,9.985556213869067,9.0,11.0,30000.0,10000.0,19000.0,0.0,26.131434173190662,16.5,19.0,0.0,10000.0,36486.29526033877,25000.0,0.0,27.4327596145069,17.0,20.0,0.0,121.0,10.004920273177296,9.0,11.0,1.0,13172.828317584741,10000.0,19000.0,1.0,16.5,17.19282589497241,19.0,1.0,19695.38688561671,10000.0,25000.0,1.0,18.501426732025873,17.0,20.0,1.0,0.0,211.0,1.0,9.0
11.0,21.0,11.0,21.0,-121.0,11.0,11.0,-111.0,9.993027480719304,9.0,11.0,30000.0,10000.0,19000.0,0.0,25.36382672397304,16.5,19.0,0.0,10000.0,36439.38073400566,25000.0,0.0,26.644619154141182,17.0,20.0,0.0,121.0,10.010914690238893,9.0,11.0,1.0,14288.460488310666,10000.0,19000.0,1.0,16.5,17.367001477985426,19.0,1.0,20815.341313629047,10000.0,25000.0,1.0,18.665197670909905,17.0,20.0,1.0,0.0,111.0,1.0,56.0
11.0,22.0,11.0,22.0,-121.0,21.0,13.0,-111.0,10.184543571023193,9.0,11.0,30000.0,10000.0,19000.0,0.0,24.843885640337255,16.5,19.0,0.0,10000.0,36980.78399701578,25000.0,0.0,26.164060847508424,17.0,20.0,0.0,122.0,10.212835594114091,9.0,11.0,1.0,14072.89884615674,10000.0,19000.0,1.0,16.5,17.410339765317254,19.0,1.0,21218.43706508197,10000.0,25000.0,1.0,18.7616725672707,17.0,20.0,1.0,0.0,211.0,1.0,47.0
11.0,22.0,11.0,21.0,-121.0,21.0,13.0,-111.0,10.203441414518906,9.0,11.0,30000.0,10000.0,19000.0,0.0,26.872902775767002,16.5,19.0,0.0,10000.0,36946.05131854579,25000.0,0.0,28.182711589894335,17.0,20.0,0.0,122.0,10.198556612679447,9.0,11.0,1.0,12353.377497379739,10000.0,19000.0,1.0,16.5,17.0005992175441,19.0,1.0,19416.908710578937,10000.0,25000.0,1.0,18.332561078696717,17.0,20.0,1.0,0.0,211.0,1.0,58.0
11.0,22.0,11.0,21.0,-121.0,11.0,11.0,-111.0,10.19604098867401,9.0,11.0,30000.0,10000.0,19000.0,0.0,27.069344051743442,16.5,19.0,0.0,10000.0,37112.23563051579,25000.0,0.0,28.408705613461265,17.0,20.0,0.0,122.0,10.197266987504332,9.0,11.0,1.0,15037.149429881785,10000.0,19000.0,1.0,16.5,17.519313764287457,19.0,1.0,21937.399138368244,10000.0,25000.0,1.0,18.818754573889986,17.0,20.0,1.0,0.0,111.0,1.0,12.0
11.0,21.0,11.0,21.0,-121.0,11.0,11.0,-111.0,10.20779396945206,9.0,11.0,30000.0,10000.0,19000.0,0.0,24.712695290429465,16.5,19.0,0.0,10000.0,36972.62318558215,25000.0,0.0,26.03144951519592,17.0,20.0,0.0,122.0,10.196410804150885,9.0,11.0,1.0,11078.359143875115,10000.0,19000.0,1.0,16.5,16.73827674654735,19.0,1.0,18096.728862231383,10000.0,25000.0,1.0,18.0656831574077,17.0,20.0,1.0,0.0,111.0,1.0,18.0
11.0,22.0,11.0,22.0,-121.0,21.0,13.0,-111.0,10.194262777433053,9.0,11.0,30000.0,10000.0,19000.0,0.0,26.45936580423289,16.5,19.0,0.0,10000.0,37112.10652866555,25000.0,0.0,27.79567705283702,17.0,20.0,0.0,122.0,10.196702911667778,9.0,11.0,1.0,15734.24749416525,10000.0,19000.0,1.0,16.5,17.70528227373797,19.0,1.0,22771.697873130914,10000.0,25000.0,1.0,19.027566194120944,17.0,20.0,1.0,0.0,211.0,1.0,16.0
11.0,21.0,11.0,21.0,-121.0,11.0,11.0,-111.0,10.229351486577963,9.0,11.0,30000.0,10000.0,19000.0,0.0,32.32635658566979,16.5,19.0,0.0,10000.0,37009.57962611664,25000.0,0.0,33.64663360957164,17.0,20.0,0.0,122.0,10.202016348413158,9.0,11.0,1.0,13053.917871076887,10000.0,19000.0,1.0,16.5,17.158418928641183,19.0,1.0,19913.6779241817,10000.0,25000.0,1.0,18.450476950758482,17.0,20.0,1.0,0.0,111.0,1.0,56.0
11.0,22.0,11.0,22.0,-121.0,21.0,13.0,-111.0,10.000378327659483,9.0,11.0,30000.0,10000.0,19000.0,0.0,26.961644792156843,16.5,19.0,0.0,10000.0,36429.72561538028,25000.0,0.0,28.247055789304998,17.0,20.0,0.0,121.0,9.993370933517145,9.0,11.0,1.0,13993.272336411568,10000.0,19000.0,1.0,16.5,17.32088755383148,19.0,1.0,20549.647498367125,10000.0,25000.0,1.0,18.63161793934704,17.0,20.0,1.0,0.0,211.0,1.0,16.0
11.0,22.0,11.0,22.0,-121.0,21.0,13.0,-111.0,10.002986261960055,9.0,11.0,30000.0,10000.0,19000.0,0.0,27.06111568245896,16.5,19.0,0.0,10000.0,36484.20610917027,25000.0,0.0,28.359584805460795,17.0,20.0,0.0,121.0,9.966775583877581,9.0,11.0,1.0,13140.048709536466,10000.0,19000.0,1.0,16.5,17.128310114264792,19.0,1.0,19669.34360788394,10000.0,25000.0,1.0,18.435808314929247,17.0,20.0,1.0,0.0,211.0,1.0,4.0
11.0,22.0,11.0,22.0,-121.0,11.0,11.0,-111.0,9.9947462055559,9.0,11.0,30000.0,10000.0,19000.0,0.0,25.15918684455064,16.5,19.0,0.0,10000.0,36461.911852463854,25000.0,0.0,26.447254559327973,17.0,20.0,0.0,121.0,10.00400153339387,9.0,11.0,1.0,18075.15268327028,10000.0,19000.0,1.0,16.5,18.14116897042385,19.0,1.0,24635.351703485998,10000.0,25000.0,1.0,19.448828491844257,17.0,20.0,1.0,0.0,111.0,1.0,27.0
11.0,21.0,11.0,22.0,-121.0,21.0,13.0,-111.0,10.00584392041776,9.0,11.0,30000.0,10000.0,19000.0,0.0,29.660746828722843,16.5,19.0,0.0,10000.0,36466.090079948975,25000.0,0.0,30.953563829556444,17.0,20.0,0.0,121.0,10.010883188052787,9.0,11.0,1.0,13645.090152009812,10000.0,19000.0,1.0,16.5,17.29604095519311,19.0,1.0,20153.434541461826,10000.0,25000.0,1.0,18.59730619739183,17.0,20.0,1.0,0.0,211.0,1.0,24.0
81.0,23.0,81.0,21.0,-721.0,912.0,12.0,-711.0,15.957328083892092,12.0,17.0,30000.0,12500.0,23000.0,0.0,27.536601069747775,20.0,24.0,0.0,12500.0,34540.50140866801,26000.0,0.0,28.104091283842394,20.0,25.0,0.0,721.0,14.957839932624697,12.0,17.0,1.0,14818.400684354998,12500.0,23000.0,1.0,20.0,21.26628785876331,24.0,1.0,19275.358100628102,12500.0,26000.0,1.0,21.823336407089474,20.0,25.0,1.0,0.0,912.0,7.0,30.0
11.0,22.0,11.0,22.0,-121.0,11.0,11.0,-111.0,10.206007051242695,9.0,11.0,30000.0,10000.0,19000.0,0.0,24.670739261471688,16.5,19.0,0.0,10000.0,37010.819093711405,25000.0,0.0,25.996746081857633,17.0,20.0,0.0,122.0,10.20511241249298,9.0,11.0,1.0,18776.848069635882,10000.0,19000.0,1.0,16.5,18.320660857334964,19.0,1.0,25881.058925256406,10000.0,25000.0,0.0,19.66433153576717,17.0,20.0,1.0,0.0,111.0,1.0,55.0
11.0,22.0,11.0,21.0,-121.0,11.0,11.0,-111.0,10.219047978575027,9.0,11.0,30000.0,10000.0,19000.0,0.0,25.10084926651421,16.5,19.0,0.0,10000.0,36838.67940093724,25000.0,0.0,26.39147360667446,17.0,20.0,0.0,122.0,10.203558155570489,9.0,11.0,1.0,15063.124195631564,10000.0,19000.0,1.0,16.5,17.5025142202369,19.0,1.0,22120.23118624145,10000.0,25000.0,1.0,18.83436113383076,17.0,20.0,1.0,0.0,111.0,1.0,12.0
11.0,21.0,11.0,22.0,-121.0,11.0,11.0,-111.0,9.995320435822991,9.0,11.0,30000.0,10000.0,19000.0,0.0,23.851105571712104,16.5,19.0,0.0,10000.0,36511.136652679765,25000.0,0.0,25.151148658316238,17.0,20.0,0.0,121.0,9.990690242110004,9.0,11.0,1.0,15478.528981282792,10000.0,19000.0,1.0,16.5,17.62668149684795,19.0,1.0,22042.467113222396,10000.0,25000.0,1.0,18.937267166373605,17.0,20.0,1.0,0.0,111.0,1.0,43.0
11.0,22.0,11.0,22.0,-121.0,11.0,11.0,-111.0,10.20033746551032,9.0,11.0,30000.0,10000.0,19000.0,0.0,23.083875287247096,16.5,19.0,0.0,10000.0,37221.611572299415,25000.0,0.0,24.449962340519292,17.0,20.0,0.0,122.0,10.18715645254779,9.0,11.0,1.0,17547.75056235721,10000.0,19000.0,1.0,16.5,18.01898687004302,19.0,1.0,24590.760550638668,10000.0,25000.0,1.0,19.351288485095758,17.0,20.0,1.0,0.0,111.0,1.0,55.0
11.0,22.0,11.0,21.0,-121.0,11.0,12.0,-111.0,10.179727194173108,9.0,11.0,30000.0,10000.0,19000.0,0.0,25.190898112421454,16.5,19.0,0.0,10000.0,37177.28947837927,25000.0,0.0,26.543282941194946,17.0,20.0,0.0,122.0,10.199149797036872,9.0,11.0,1.0,14417.814943944186,10000.0,19000.0,1.0,16.5,17.363917173938336,19.0,1.0,21365.03465008789,10000.0,25000.0,1.0,18.6729509757722,17.0,20.0,1.0,0.0,111.0,1.0,10.0
81.0,21.0,81.0,23.0,-721.0,912.0,12.0,-711.0,15.14925616872893,12.0,17.0,30000.0,12500.0,23000.0,0.0,26.774598628993076,20.0,24.0,0.0,12500.0,34488.447622151616,26000.0,0.0,27.336540244059044,20.0,25.0,0.0,721.0,15.583259785553507,12.0,17.0,1.0,17657.705853334235,12500.0,23000.0,1.0,20.0,22.31679611530128,24.0,1.0,22164.06803225219,12500.0,26000.0,1.0,22.880980584870617,20.0,25.0,1.0,0.0,912.0,7.0,7.0
11.0,21.0,11.0,22.0,-121.0,21.0,13.0,-111.0,10.004017080841743,9.0,11.0,30000.0,10000.0,19000.0,0.0,26.495842742535814,16.5,19.0,0.0,10000.0,36467.01170591066,25000.0,0.0,27.79380519301616,17.0,20.0,0.0,121.0,10.00256837141511,9.0,11.0,1.0,14921.632581340024,10000.0,19000.0,1.0,16.5,17.538140762064288,19.0,1.0,21371.24135648697,10000.0,25000.0,1.0,18.832610354995143,17.0,20.0,1.0,0.0,211.0,1.0,32.0
11.0,22.0,11.0,22.0,-121.0,21.0,12.0,-111.0,10.194805392164602,9.0,11.0,30000.0,10000.0,19000.0,0.0,24.212464312059616,16.5,19.0,0.0,10000.0,36972.13254821947,25000.0,0.0,25.53164875386879,17.0,20.0,0.0,122.0,10.183053742670307,9.0,11.0,1.0,13948.177338906573,10000.0,19000.0,1.0,16.5,17.358180615631873,19.0,1.0,21048.36123512535,10000.0,25000.0,1.0,18.701593418687064,17.0,20.0,1.0,0.0,211.0,1.0,25.0
11.0,22.0,11.0,21.0,-121.0,21.0,13.0,-111.0,9.998537757936464,9.0,11.0,30000.0,10000.0,19000.0,0.0,24.742593939441655,16.5,19.0,0.0,10000.0,36448.80824066189,25000.0,0.0,26.03157808405413,17.0,20.0,0.0,121.0,9.991302516497388,9.0,11.0,1.0,12723.012680812206,10000.0,19000.0,1.0,16.5,17.01816939964498,19.0,1.0,19205.4296356364,10000.0,25000.0,1.0,18.313871235039894,17.0,20.0,1.0,0.0,211.0,1.0,33.0
11.0,22.0,11.0,21.0,-121.0,21.0,13.0,-111.0,10.210280679014941,9.0,11.0,30000.0,10000.0,19000.0,0.0,24.890354292999966,16.5,19.0,0.0,10000.0,36775.33287103018,25000.0,0.0,26.166068547941247,17.0,20.0,0.0,122.0,10.201091035459836,9.0,11.0,1.0,12410.168271492537,10000.0,19000.0,1.0,16.5,17.01304402484093,19.0,1.0,19316.444868263356,10000.0,25000.0,1.0,18.313413419345423,17.0,20.0,1.0,0.0,211.0,1.0,58.0
11.0,22.0,11.0,22.0,-121.0,11.0,11.0,-111.0,10.197970994723823,9.0,11.0,30000.0,10000.0,19000.0,0.0,22.88796933927456,16.5,19.0,0.0,10000.0,36843.569049396705,25000.0,0.0,24.179512040183074,17.0,20.0,0.0,122.0,10.212934981808138,9.0,11.0,1.0,13232.570964495591,10000.0,19000.0,1.0,16.5,17.201251635083274,19.0,1.0,20449.117960321204,10000.0,25000.0,1.0,18.563184061123966,17.0,20.0,1.0,0.0,111.0,1.0,15.0
91.0,24.0,91.0,24.0,-721.0,911.0,11.0,-711.0,14.319762788435005,12.0,17.0,30000.0,18000.0,36000.0,1.0,23.66847019514301,20.0,25.0,1.0,18000.0,34479.384470730285,36000.0,1.0,24.229572060988975,20.0,26.0,1.0,721.0,15.048311681526362,12.0,17.0,1.0,24323.015492664785,18000.0,36000.0,1.0,20.0,23.173063824329518,25.0,1.0,28900.11341317779,18000.0,36000.0,1.0,23.746405585935626,20.0,26.0,1.0,1.0,91121.0,7.0,9.0
91.0,24.0,91.0,24.0,-721.0,911.0,11.0,-711.0,15.197227370734197,12.0,17.0,30000.0,18000.0,36000.0,1.0,24.41616391861268,20.0,25.0,1.0,18000.0,33990.211638188135,36000.0,1.0,24.90445622855407,20.0,26.0,1.0,722.0,15.572524838304107,12.0,17.0,1.0,24379.161638830396,18000.0,36000.0,1.0,20.0,23.517755585219334,25.0,1.0,28400.749838911663,18000.0,36000.0,1.0,24.009887524552358,20.0,26.0,1.0,1.0,91121.0,7.0,0.0
92.0,24.0,92.0,24.0,-721.0,921.0,13.0,-711.0,15.312641416177623,12.0,17.0,30000.0,15000.0,28000.0,0.0,25.30925369556806,19.5,25.0,0.0,15000.0,34052.175770889065,28000.0,0.0,25.80542945648606,20.0,26.0,1.0,722.0,15.148492246081751,12.0,17.0,1.0,21678.49467271665,15000.0,28000.0,1.0,19.5,21.814534281847877,25.0,1.0,25748.478813772857,15000.0,28000.0,1.0,22.312890619847913,20.0,26.0,1.0,0.0,92122.0,7.0,25.0
11.0,22.0,11.0,21.0,-121.0,11.0,11.0,-111.0,10.18856002793786,9.0,11.0,30000.0,10000.0,19000.0,0.0,24.69775176073128,16.5,19.0,0.0,10000.0,37096.44006195844,25000.0,0.0,26.034064400731477,17.0,20.0,0.0,122.0,10.191681374401986,9.0,11.0,1.0,12574.805827195532,10000.0,19000.0,1.0,16.5,17.04502388870504,19.0,1.0,19561.857291630637,10000.0,25000.0,1.0,18.360737839184004,17.0,20.0,1.0,0.0,111.0,1.0,1.0
11.0,21.0,11.0,21.0,-121.0,21.0,13.0,-111.0,10.196418318759378,9.0,11.0,30000.0,10000.0,19000.0,0.0,26.807473714036725,16.5,19.0,0.0,10000.0,37103.0606977326,25000.0,0.0,28.14595827587129,17.0,20.0,0.0,122.0,10.195842683547463,9.0,11.0,1.0,11259.817135802417,10000.0,19000.0,1.0,16.5,16.789415499672188,19.0,1.0,18285.89572801813,10000.0,25000.0,1.0,18.113393729073923,17.0,20.0,1.0,0.0,211.0,1.0,34.0
11.0,22.0,11.0,21.0,-121.0,21.0,13.0,-111.0,10.186239706296046,9.0,11.0,30000.0,10000.0,19000.0,0.0,25.065651365654148,16.5,19.0,0.0,10000.0,36941.95860154979,25000.0,0.0,26.376625195235253,17.0,20.0,0.0,122.0,10.222076675525884,9.0,11.0,1.0,14924.060494589838,10000.0,19000.0,1.0,16.5,17.50519085198291,19.0,1.0,21882.471429548976,10000.0,25000.0,1.0,18.819271669054604,17.0,20.0,1.0,0.0,211.0,1.0,33.0
11.0,22.0,11.0,22.0,-121.0,21.0,13.0,-111.0,10.004743160744038,9.0,11.0,30000.0,10000.0,19000.0,0.0,24.766455484372617,16.5,19.0,0.0,10000.0,36421.57522190026,25000.0,0.0,26.048462874338494,17.0,20.0,0.0,121.0,10.012236993458586,9.0,11.0,1.0,13308.406147824422,10000.0,19000.0,1.0,16.5,17.230236607032992,19.0,1.0,19835.954124680437,10000.0,25000.0,1.0,18.533400465667956,17.0,20.0,1.0,0.0,211.0,1.0,28.0
11.0,21.0,11.0,22.0,-121.0,21.0,13.0,-111.0,10.23663369679579,9.0,11.0,30000.0,10000.0,19000.0,0.0,26.317141186121937,16.5,19.0,0.0,10000.0,37129.9909663067,25000.0,0.0,27.66745170187824,17.0,20.0,0.0,122.0,10.197114474142893,9.0,11.0,1.0,14031.577392048759,10000.0,19000.0,1.0,16.5,17.38527519199403,19.0,1.0,20823.154298619418,10000.0,25000.0,1.0,18.67149529505545,17.0,20.0,1.0,0.0,211.0,1.0,9.0
11.0,22.0,11.0,22.0,-121.0,21.0,13.0,-111.0,9.990947926857567,9.0,11.0,30000.0,10000.0,19000.0,0.0,24.882269042403827,16.5,19.0,0.0,10000.0,36579.05160992869,25000.0,0.0,26.203381740227506,17.0,20.0,0.0,121.0,9.99112202209536,9.0,11.0,1.0,15187.288727419847,10000.0,19000.0,1.0,16.5,17.543470968495058,19.0,1.0,21650.829204341586,10000.0,25000.0,1.0,18.841388343709447,17.0,20.0,1.0,0.0,211.0,1.0,5.0
11.0,22.0,11.0,22.0,-121.0,11.0,11.0,-111.0,10.214519275323836,9.0,11.0,30000.0,10000.0,19000.0,0.0,24.406276406332474,16.5,19.0,0.0,10000.0,36930.088034114386,25000.0,0.0,25.71439930663156,17.0,20.0,0.0,122.0,10.186577032622582,9.0,11.0,1.0,16721.597766942825,10000.0,19000.0,1.0,16.5,17.922845416241994,19.0,1.0,23744.28220612694,10000.0,25000.0,1.0,19.248446807053874,17.0,20.0,1.0,0.0,111.0,1.0,15.0
11.0,22.0,11.0,22.0,-121.0,21.0,13.0,-111.0,9.995097201344954,9.0,11.0,30000.0,10000.0,19000.0,0.0,25.03119203980207,16.5,19.0,0.0,10000.0,36476.36060488562,25000.0,0.0,26.326221112814384,17.0,20.0,0.0,121.0,10.007717484203338,9.0,11.0,1.0,13246.040705152258,10000.0,19000.0,1.0,16.5,17.19758918206253,19.0,1.0,19703.2146934996,10000.0,25000.0,1.0,18.488781651811728,17.0,20.0,1.0,0.0,211.0,1.0,13.0
81.0,23.0,81.0,23.0,-721.0,912.0,12.0,-711.0,15.151760635474423,12.0,17.0,30000.0,12500.0,23000.0,0.0,26.072475913247477,20.0,24.0,0.0,12500.0,33959.017555705286,26000.0,0.0,26.553388007029668,20.0,25.0,0.0,722.0,15.087798232929202,12.0,17.0,1.0,19139.930654869728,12500.0,23000.0,1.0,20.0,21.968403614873324,24.0,1.0,23138.20258160747,12500.0,26000.0,1.0,22.454084038549915,20.0,25.0,1.0,0.0,912.0,7.0,10.0
11.0,22.0,11.0,22.0,-121.0,21.0,13.0,-111.0,10.19816000796188,9.0,11.0,30000.0,10000.0,19000.0,0.0,26.515146830321903,16.5,19.0,0.0,10000.0,36946.88352606259,25000.0,0.0,27.818058661978764,17.0,20.0,0.0,122.0,10.215767987893106,9.0,11.0,1.0,16700.847950416675,10000.0,19000.0,1.0,16.5,17.909559676674256,19.0,1.0,23718.069010032323,10000.0,25000.0,1.0,19.225663553991883,17.0,20.0,1.0,0.0,211.0,1.0,5.0
11.0,22.0,11.0,22.0,-121.0,21.0,13.0,-111.0,10.200772973175388,9.0,11.0,30000.0,10000.0,19000.0,0.0,24.760891939962157,16.5,19.0,0.0,10000.0,36929.6912033674,25000.0,0.0,26.070884665095537,17.0,20.0,0.0,122.0,10.213729857959533,9.0,11.0,1.0,14956.755170304139,10000.0,19000.0,1.0,16.5,17.600873552742705,19.0,1.0,21922.44100494022,10000.0,25000.0,1.0,18.91767072322899,17.0,20.0,1.0,0.0,211.0,1.0,31.0
11.0,21.0,11.0,22.0,-121.0,21.0,13.0,-111.0,9.985860568942174,9.0,11.0,30000.0,10000.0,19000.0,0.0,27.724639148714722,16.5,19.0,0.0,10000.0,36522.71277292461,25000.0,0.0,29.02632335582253,17.0,20.0,0.0,121.0,10.026792168209221,9.0,11.0,1.0,14326.26307894168,10000.0,19000.0,1.0,16.5,17.388290010740683,19.0,1.0,20849.02496986651,10000.0,25000.0,1.0,18.689984019924314,17.0,20.0,1.0,0.0,211.0,1.0,32.0
81.0,23.0,81.0,21.0,-721.0,912.0,12.0,-711.0,14.747910273280098,12.0,17.0,30000.0,12500.0,23000.0,0.0,25.916221748199142,20.0,24.0,0.0,12500.0,34554.090673786435,26000.0,0.0,26.48616392328842,20.0,25.0,0.0,721.0,15.996575677245655,12.0,17.0,1.0,16020.063991089315,12500.0,23000.0,1.0,20.0,22.47283348039987,24.0,1.0,20520.364653040477,12500.0,26000.0,1.0,23.03604386235206,20.0,25.0,1.0,0.0,912.0,7.0,30.0
91.0,24.0,91.0,24.0,-721.0,911.0,11.0,-711.0,14.79411040308341,12.0,17.0,30000.0,18000.0,36000.0,1.0,24.34325670388135,20.0,25.0,1.0,18000.0,34493.31474601096,36000.0,1.0,24.904538902187827,20.0,26.0,1.0,721.0,15.449569472140581,12.0,17.0,1.0,27795.09334698207,18000.0,36000.0,1.0,20.0,23.990789801621027,25.0,1.0,32268.89834624083,18000.0,36000.0,1.0,24.549634940837617,20.0,26.0,1.0,1.0,91121.0,7.0,4.0
11.0,22.0,11.0,22.0,-121.0,11.0,11.0,-111.0,10.218609062373323,9.0,11.0,30000.0,10000.0,19000.0,0.0,24.13241136730808,16.5,19.0,0.0,10000.0,36998.93622661896,25000.0,0.0,25.448705473371405,17.0,20.0,0.0,122.0,10.194995263593121,9.0,11.0,1.0,20010.60085328601,10000.0,19000.0,0.0,16.5,18.497298673206508,19.0,1.0,26978.36670631369,10000.0,25000.0,0.0,19.807730548537403,17.0,20.0,1.0,0.0,111.0,1.0,55.0
11.0,22.0,11.0,22.0,-121.0,11.0,11.0,-111.0,9.985957422440517,9.0,11.0,30000.0,10000.0,19000.0,0.0,25.617749516253024,16.5,19.0,0.0,10000.0,36498.47396516967,25000.0,0.0,26.908533421852166,17.0,20.0,0.0,121.0,10.012800852006324,9.0,11.0,1.0,13846.5686465286,10000.0,19000.0,1.0,16.5,17.318758745894076,19.0,1.0,20408.36735163985,10000.0,25000.0,1.0,18.622120766844752,17.0,20.0,1.0,0.0,111.0,1.0,55.0
91.0,24.0,91.0,24.0,-721.0,911.0,11.0,-711.0,15.109665985049473,12.0,17.0,30000.0,18000.0,36000.0,1.0,24.183260508089532,20.0,25.0,1.0,18000.0,33972.20824961545,36000.0,1.0,24.66813980937062,20.0,26.0,1.0,722.0,15.166856349924938,12.0,17.0,1.0,25163.41853439004,18000.0,36000.0,1.0,20.0,23.192015062094196,25.0,1.0,29045.86716504429,18000.0,36000.0,1.0,23.665937591073785,20.0,26.0,1.0,1.0,91121.0,7.0,4.0
11.0,22.0,11.0,22.0,-121.0,21.0,13.0,-111.0,10.184668563798045,9.0,11.0,30000.0,10000.0,19000.0,0.0,26.327237537606116,16.5,19.0,0.0,10000.0,37086.326403182175,25000.0,0.0,27.666210483893853,17.0,20.0,0.0,122.0,10.201257510778726,9.0,11.0,1.0,14017.683059510946,10000.0,19000.0,1.0,16.5,17.3667646833388,19.0,1.0,21131.996185195156,10000.0,25000.0,1.0,18.711025766547333,17.0,20.0,1.0,0.0,211.0,1.0,4.0
11.0,22.0,11.0,22.0,-121.0,11.0,12.0,-111.0,10.002229217184368,9.0,11.0,30000.0,10000.0,19000.0,0.0,25.315087342910367,16.5,19.0,0.0,10000.0,36445.81383175955,25000.0,0.0,26.603442057968127,17.0,20.0,0.0,121.0,10.013150285012177,9.0,11.0,1.0,18605.2215705857,10000.0,19000.0,1.0,16.5,18.255259375938245,19.0,1.0,25071.662231305156,10000.0,25000.0,0.0,19.547736870995678,17.0,20.0,1.0,0.0,111.0,1.0,40.0
11.0,21.0,11.0,22.0,-121.0,11.0,12.0,-111.0,9.984729707700602,9.0,11.0,30000.0,10000.0,19000.0,0.0,24.768885905167537,16.5,19.0,0.0,10000.0,36596.06278457333,25000.0,0.0,26.087113517003477,17.0,20.0,0.0,121.0,9.995107490321777,9.0,11.0,1.0,16503.820843607155,10000.0,19000.0,1.0,16.5,17.806345302176425,19.0,1.0,22977.354519012217,10000.0,25000.0,1.0,19.100085388615085,17.0,20.0,1.0,0.0,111.0,1.0,51.0
11.0,22.0,11.0,22.0,-121.0,11.0,11.0,-111.0,9.99936091638097,9.0,11.0,30000.0,10000.0,19000.0,0.0,25.17197620540128,16.5,19.0,0.0,10000.0,36507.41860857696,25000.0,0.0,26.47511352616732,17.0,20.0,0.0,121.0,9.99459499585656,9.0,11.0,1.0,15009.319797182408,10000.0,19000.0,1.0,16.5,17.56889621425633,19.0,1.0,21507.50674959216,10000.0,25000.0,1.0,18.870184857934333,17.0,20.0,1.0,0.0,111.0,1.0,27.0
91.0,21.0,91.0,24.0,-721.0,911.0,12.0,-711.0,15.217279166882252,12.0,17.0,30000.0,18000.0,36000.0,1.0,24.711314265235067,20.0,25.0,1.0,18000.0,33958.9338005107,36000.0,1.0,25.19359525618195,20.0,26.0,1.0,722.0,15.06323942977126,12.0,17.0,1.0,28599.071682436315,18000.0,36000.0,1.0,20.0,23.606067743362157,25.0,1.0,32617.94526949664,18000.0,36000.0,1.0,24.09565065475302,20.0,26.0,1.0,1.0,91121.0,7.0,19.0
81.0,21.0,81.0,23.0,-721.0,912.0,12.0,-711.0,15.23123730274655,12.0,17.0,30000.0,12500.0,23000.0,0.0,27.131638295292568,20.0,24.0,0.0,12500.0,34575.787197067846,26000.0,0.0,27.706135133307573,20.0,25.0,0.0,721.0,15.145183268208577,12.0,17.0,1.0,16159.98207924134,12500.0,23000.0,1.0,20.0,21.746011247100054,24.0,1.0,20607.844941699575,12500.0,26000.0,1.0,22.304446996044856,20.0,25.0,1.0,0.0,912.0,7.0,7.0
11.0,21.0,11.0,22.0,-121.0,21.0,13.0,-111.0,10.012888212757277,9.0,11.0,30000.0,10000.0,19000.0,0.0,26.643886198926502,16.5,19.0,0.0,10000.0,36571.09961154551,25000.0,0.0,27.954533269465344,17.0,20.0,0.0,121.0,9.993704157635506,9.0,11.0,1.0,12381.21695413808,10000.0,19000.0,1.0,16.5,16.948539208338694,19.0,1.0,18865.280108456485,10000.0,25000.0,1.0,18.24182631107331,17.0,20.0,1.0,0.0,211.0,1.0,9.0
11.0,22.0,11.0,22.0,-121.0,11.0,11.0,-111.0,10.001152205308385,9.0,11.0,30000.0,10000.0,19000.0,0.0,25.56045297195047,16.5,19.0,0.0,10000.0,36565.21731199582,25000.0,0.0,26.872273102249743,17.0,20.0,0.0,121.0,9.991363735343267,9.0,11.0,1.0,14284.829925724336,10000.0,19000.0,1.0,16.5,17.392395574166645,19.0,1.0,20763.70639207864,10000.0,25000.0,1.0,18.68696362368976,17.0,20.0,1.0,0.0,111.0,1.0,57.0
11.0,22.0,11.0,22.0,-121.0,21.0,13.0,-111.0,10.18513290937054,9.0,11.0,30000.0,10000.0,19000.0,0.0,25.52389376299368,16.5,19.0,0.0,10000.0,36998.47044106546,25000.0,0.0,26.840562598233628,17.0,20.0,0.0,122.0,10.208893390187306,9.0,11.0,1.0,13434.878405016534,10000.0,19000.0,1.0,16.5,17.283899891345143,19.0,1.0,20366.309369757397,10000.0,25000.0,1.0,18.587956143599893,17.0,20.0,1.0,0.0,211.0,1.0,21.0
11.0,22.0,11.0,22.0,-121.0,11.0,12.0,-111.0,10.021155765744716,9.0,11.0,30000.0,10000.0,19000.0,0.0,24.08098731148957,16.5,19.0,0.0,10000.0,36541.41208112448,25000.0,0.0,25.39593042801056,17.0,20.0,0.0,121.0,9.999398894020716,9.0,11.0,1.0,15289.372239508522,10000.0,19000.0,1.0,16.5,17.5934065126823,19.0,1.0,21815.33431913728,10000.0,25000.0,1.0,18.905243897158726,17.0,20.0,1.0,0.0,111.0,1.0,42.0
11.0,22.0,11.0,21.0,-121.0,11.0,12.0,-111.0,10.199488454471132,9.0,11.0,30000.0,10000.0,19000.0,0.0,24.988922738711835,16.5,19.0,0.0,10000.0,36960.755458894426,25000.0,0.0,26.299391613085152,17.0,20.0,0.0,122.0,10.211175931959646,9.0,11.0,1.0,14664.179644287198,10000.0,19000.0,1.0,16.5,17.453288690128765,19.0,1.0,21560.088794566487,10000.0,25000.0,1.0,18.751549253269204,17.0,20.0,1.0,0.0,111.0,1.0,10.0
91.0,24.0,91.0,24.0,-721.0,911.0,11.0,-711.0,14.829279380474933,12.0,17.0,30000.0,18000.0,36000.0,1.0,24.007980564661246,20.0,25.0,1.0,18000.0,33970.12932460175,36000.0,1.0,24.49171417954612,20.0,26.0,1.0,722.0,15.075415215065,12.0,17.0,1.0,26345.82868411744,18000.0,36000.0,1.0,20.0,23.411867598185523,25.0,1.0,30431.570709037376,18000.0,36000.0,1.0,23.909687844733742,20.0,26.0,1.0,1.0,91121.0,7.0,4.0
11.0,22.0,11.0,22.0,-121.0,21.0,13.0,-111.0,10.005074380021208,9.0,11.0,30000.0,10000.0,19000.0,0.0,25.660813801950948,16.5,19.0,0.0,10000.0,36446.1104504997,25000.0,0.0,26.95125422072548,17.0,20.0,0.0,121.0,9.999688316659487,9.0,11.0,1.0,14271.048843761027,10000.0,19000.0,1.0,16.5,17.37460467418296,19.0,1.0,20853.59461046653,10000.0,25000.0,1.0,18.692357942765494,17.0,20.0,1.0,0.0,211.0,1.0,4.0
11.0,22.0,11.0,22.0,-121.0,11.0,11.0,-111.0,10.207214042734208,9.0,11.0,30000.0,10000.0,19000.0,0.0,25.154385108256346,16.5,19.0,0.0,10000.0,36966.40679986656,25000.0,0.0,26.46942833703679,17.0,20.0,0.0,122.0,10.183416806929605,9.0,11.0,1.0,12887.399430967485,10000.0,19000.0,1.0,16.5,17.166599588812623,19.0,1.0,19963.45292654635,10000.0,25000.0,1.0,18.502340739620443,17.0,20.0,1.0,0.0,111.0,1.0,44.0
11.0,22.0,11.0,22.0,-121.0,21.0,13.0,-111.0,10.1754224744779,9.0,11.0,30000.0,10000.0,19000.0,0.0,26.545127915128475,16.5,19.0,0.0,10000.0,36931.518480124054,25000.0,0.0,27.85778777909441,17.0,20.0,0.0,122.0,10.172032841847669,9.0,11.0,1.0,15330.042705401247,10000.0,19000.0,1.0,16.5,17.59702317766812,19.0,1.0,22337.621882102623,10000.0,25000.0,1.0,18.924087075022786,17.0,20.0,1.0,0.0,211.0,1.0,28.0
91.0,24.0,91.0,24.0,-721.0,911.0,12.0,-711.0,15.102869060620407,12.0,17.0,30000.0,18000.0,36000.0,1.0,24.323184347163576,20.0,25.0,1.0,18000.0,34016.054502852116,36000.0,1.0,24.811251450865136,20.0,26.0,1.0,722.0,15.264125549541173,12.0,17.0,1.0,29240.9827323176,18000.0,36000.0,1.0,20.0,23.803543633350245,25.0,1.0,33162.00321380843,18000.0,36000.0,1.0,24.280061347090594,20.0,26.0,1.0,1.0,91121.0,7.0,32.0
92.0,24.0,92.0,24.0,-721.0,921.0,13.0,-711.0,15.531219586136423,12.0,17.0,30000.0,15000.0,28000.0,0.0,25.159793300308667,19.5,25.0,0.0,15000.0,33968.28152899246,28000.0,0.0,25.641988649254696,20.0,26.0,1.0,722.0,15.052008317893465,12.0,17.0,1.0,23141.004599111566,15000.0,28000.0,1.0,19.5,21.888151586294978,25.0,1.0,27114.5872044731,15000.0,28000.0,1.0,22.370991081668347,20.0,26.0,1.0,0.0,92122.0,7.0,22.0
92.0,24.0,92.0,24.0,-721.0,921.0,13.0,-711.0,14.521117836431094,12.0,17.0,30000.0,15000.0,28000.0,0.0,24.21044493668713,19.5,25.0,1.0,15000.0,34525.05245888327,28000.0,0.0,24.779470370129662,20.0,26.0,1.0,721.0,15.325962283143161,12.0,17.0,1.0,23431.249292644057,15000.0,28000.0,1.0,19.5,22.252589376563385,25.0,1.0,27954.12103683453,15000.0,28000.0,1.0,22.821340585091498,20.0,26.0,1.0,0.0,92122.0,7.0,20.0
11.0,22.0,11.0,22.0,-121.0,11.0,12.0,-111.0,9.989629171692801,9.0,11.0,30000.0,10000.0,19000.0,0.0,24.091798323179276,16.5,19.0,0.0,10000.0,36518.348182739515,25000.0,0.0,25.399600625980803,17.0,20.0,0.0,121.0,10.008914063773675,9.0,11.0,1.0,16459.612066439255,10000.0,19000.0,1.0,16.5,17.832136631654738,19.0,1.0,22960.106408039217,10000.0,25000.0,1.0,19.1363568468013,17.0,20.0,1.0,0.0,111.0,1.0,40.0
11.0,22.0,11.0,22.0,-121.0,21.0,13.0,-111.0,10.222673334862373,9.0,11.0,30000.0,10000.0,19000.0,0.0,25.06891807672697,16.5,19.0,0.0,10000.0,37033.24850496151,25000.0,0.0,26.39215826973713,17.0,20.0,0.0,122.0,10.186390736203458,9.0,11.0,1.0,14319.459994633708,10000.0,19000.0,1.0,16.5,17.409215427729244,19.0,1.0,21224.178085492505,10000.0,25000.0,1.0,18.708273820559167,17.0,20.0,1.0,0.0,211.0,1.0,3.0
81.0,23.0,81.0,23.0,-721.0,912.0,12.0,-711.0,15.11275415358153,12.0,17.0,30000.0,12500.0,23000.0,0.0,27.185233819217512,20.0,24.0,0.0,12500.0,33949.857280753575,26000.0,0.0,27.666584929706016,20.0,25.0,0.0,722.0,15.229660760017154,12.0,17.0,1.0,18439.24280784479,12500.0,23000.0,1.0,20.0,22.01552942507332,24.0,1.0,22437.69241846379,12500.0,26000.0,1.0,22.50280226140643,20.0,25.0,1.0,0.0,912.0,7.0,10.0
11.0,21.0,11.0,22.0,-121.0,21.0,13.0,-111.0,10.203924311563625,9.0,11.0,30000.0,10000.0,19000.0,0.0,27.66038999324898,16.5,19.0,0.0,10000.0,37107.32314220915,25000.0,0.0,28.99797549819636,17.0,20.0,0.0,122.0,10.19301126753469,9.0,11.0,1.0,14548.100816657865,10000.0,19000.0,1.0,16.5,17.446791890240604,19.0,1.0,21599.596994878237,10000.0,25000.0,1.0,18.773870860403726,17.0,20.0,1.0,0.0,211.0,1.0,24.0
11.0,21.0,11.0,21.0,-121.0,11.0,11.0,-111.0,9.997462408127356,9.0,11.0,30000.0,10000.0,19000.0,0.0,24.228142376552217,16.5,19.0,0.0,10000.0,36484.57790876401,25000.0,0.0,25.519631068054952,17.0,20.0,0.0,121.0,10.006950134012119,9.0,11.0,1.0,16124.858329908582,10000.0,19000.0,1.0,16.5,17.669469629063997,19.0,1.0,22580.736553559218,10000.0,25000.0,1.0,18.95524240207595,17.0,20.0,1.0,0.0,111.0,1.0,56.0
92.0,24.0,92.0,24.0,-721.0,921.0,13.0,-711.0,15.239986058279666,12.0,17.0,30000.0,15000.0,28000.0,0.0,24.236496944340203,19.5,25.0,1.0,15000.0,33981.86519114423,28000.0,0.0,24.720314233670546,20.0,26.0,1.0,722.0,15.293774766636053,12.0,17.0,1.0,19494.53606716946,15000.0,28000.0,1.0,19.5,21.670337985358167,25.0,1.0,23490.587376416006,15000.0,28000.0,1.0,22.155878961673604,20.0,26.0,1.0,0.0,92122.0,7.0,22.0
11.0,22.0,11.0,21.0,-121.0,11.0,11.0,-111.0,10.212341472896206,9.0,11.0,30000.0,10000.0,19000.0,0.0,23.190446987171413,16.5,19.0,0.0,10000.0,37010.56406360221,25000.0,0.0,24.51395383507972,17.0,20.0,0.0,122.0,10.198115454154147,9.0,11.0,1.0,10868.211655363604,10000.0,19000.0,1.0,16.5,16.754674993402723,19.0,1.0,17962.80358983046,10000.0,25000.0,1.0,18.094045252799116,17.0,20.0,1.0,0.0,111.0,1.0,0.0
91.0,24.0,91.0,24.0,-721.0,911.0,12.0,-711.0,15.413178513656048,12.0,17.0,30000.0,18000.0,36000.0,1.0,25.408396899577795,20.0,25.0,0.0,18000.0,33933.04458053858,36000.0,1.0,25.88851848717969,20.0,26.0,1.0,722.0,15.210283380906205,12.0,17.0,1.0,23683.165723226073,18000.0,36000.0,1.0,20.0,23.02310487676025,25.0,1.0,27741.6979482501,18000.0,36000.0,1.0,23.518545214470624,20.0,26.0,1.0,0.0,91121.0,7.0,23.0
11.0,22.0,11.0,22.0,-121.0,21.0,12.0,-111.0,10.214232500497337,9.0,11.0,30000.0,10000.0,19000.0,0.0,24.702797056669333,16.5,19.0,0.0,10000.0,36909.329837587946,25000.0,0.0,26.006797172612906,17.0,20.0,0.0,122.0,10.206580081331456,9.0,11.0,1.0,14150.520816523851,10000.0,19000.0,1.0,16.5,17.387524681741795,19.0,1.0,21168.919666671965,10000.0,25000.0,1.0,18.712109428665144,17.0,20.0,1.0,0.0,211.0,1.0,48.0
11.0,21.0,11.0,22.0,-121.0,21.0,13.0,-111.0,10.193244786490766,9.0,11.0,30000.0,10000.0,19000.0,0.0,27.06550621963999,16.5,19.0,0.0,10000.0,37082.68172746082,25000.0,0.0,28.401316093262515,17.0,20.0,0.0,122.0,10.220931761914581,9.0,11.0,1.0,14018.716003889245,10000.0,19000.0,1.0,16.5,17.387585939581854,19.0,1.0,20826.88645278768,10000.0,25000.0,1.0,18.671622362068966,17.0,20.0,1.0,0.0,211.0,1.0,9.0
11.0,22.0,11.0,21.0,-121.0,11.0,11.0,-111.0,10.209187501749927,9.0,11.0,30000.0,10000.0,19000.0,0.0,24.3757290331327,16.5,19.0,0.0,10000.0,37067.952930912616,25000.0,0.0,25.710899157390493,17.0,20.0,0.0,122.0,10.19430787222445,9.0,11.0,1.0,14224.954416486231,10000.0,19000.0,1.0,16.5,17.352580165224012,19.0,1.0,21436.834717837595,10000.0,25000.0,1.0,18.714938858357574,17.0,20.0,1.0,0.0,111.0,1.0,0.0
11.0,21.0,11.0,22.0,-121.0,21.0,13.0,-111.0,10.212846446412984,9.0,11.0,30000.0,10000.0,19000.0,0.0,28.643666450949546,16.5,19.0,0.0,10000.0,37052.665947739,25000.0,0.0,29.979563435922216,17.0,20.0,0.0,122.0,10.21525093720098,9.0,11.0,1.0,13901.453652554232,10000.0,19000.0,1.0,16.5,17.390730891258205,19.0,1.0,20913.96428238837,10000.0,25000.0,1.0,18.719021764085877,17.0,20.0,1.0,0.0,211.0,1.0,32.0
91.0,24.0,91.0,24.0,-721.0,911.0,12.0,-711.0,15.018994445911854,12.0,17.0,30000.0,18000.0,36000.0,1.0,24.725226153123028,20.0,25.0,1.0,18000.0,34522.23060722113,36000.0,1.0,25.28878314809088,20.0,26.0,1.0,721.0,14.416867971742876,12.0,17.0,1.0,29262.326865279858,18000.0,36000.0,1.0,20.0,23.164398444436976,25.0,1.0,33794.24685614722,18000.0,36000.0,1.0,23.72916292314571,20.0,26.0,1.0,1.0,91121.0,7.0,1.0
91.0,24.0,91.0,21.0,-721.0,911.0,11.0,-711.0,15.566037473287132,12.0,17.0,30000.0,18000.0,36000.0,1.0,24.46348304446444,20.0,25.0,1.0,18000.0,34502.5296694145,36000.0,1.0,25.02813117901083,20.0,26.0,1.0,721.0,15.140145537615613,12.0,17.0,1.0,23994.24209471066,18000.0,36000.0,1.0,20.0,23.04961872600788,25.0,1.0,28440.27318857851,18000.0,36000.0,1.0,23.607181551266105,20.0,26.0,1.0,1.0,91121.0,7.0,2.0
81.0,23.0,81.0,23.0,-721.0,912.0,12.0,-711.0,13.751043188427545,12.0,17.0,30000.0,12500.0,23000.0,0.0,25.269783633475704,20.0,24.0,0.0,12500.0,34540.41731053717,26000.0,0.0,25.834939211288923,20.0,25.0,0.0,721.0,14.26130291640929,12.0,17.0,1.0,14862.33839339043,12500.0,23000.0,1.0,20.0,20.708362433437692,24.0,1.0,19375.28147531252,12500.0,26000.0,1.0,21.27009823450222,20.0,25.0,1.0,0.0,912.0,7.0,31.0
11.0,21.0,11.0,22.0,-121.0,11.0,12.0,-111.0,10.006815392998629,9.0,11.0,30000.0,10000.0,19000.0,0.0,24.844936070928114,16.5,19.0,0.0,10000.0,36494.26066399841,25000.0,0.0,26.140319652048525,17.0,20.0,0.0,121.0,9.98293612457207,9.0,11.0,1.0,16648.795371543354,10000.0,19000.0,1.0,16.5,17.89619621519095,19.0,1.0,23188.394069221642,10000.0,25000.0,1.0,19.20062318823352,17.0,20.0,1.0,0.0,111.0,1.0,7.0
91.0,24.0,91.0,24.0,-721.0,911.0,12.0,-711.0,15.23731391256704,12.0,17.0,30000.0,18000.0,36000.0,1.0,25.048188973152534,20.0,25.0,0.0,18000.0,34097.54898293702,36000.0,1.0,25.548060093059075,20.0,26.0,1.0,722.0,15.283581666552394,12.0,17.0,1.0,24390.033586407408,18000.0,36000.0,1.0,20.0,23.245918081787458,25.0,1.0,28414.915342516833,18000.0,36000.0,1.0,23.736924329496965,20.0,26.0,1.0,0.0,91121.0,7.0,32.0
11.0,22.0,11.0,22.0,-121.0,21.0,13.0,-111.0,10.01311365010434,9.0,11.0,30000.0,10000.0,19000.0,0.0,25.313443483246104,16.5,19.0,0.0,10000.0,36519.22018965599,25000.0,0.0,26.618161056341084,17.0,20.0,0.0,121.0,9.996568859572637,9.0,11.0,1.0,12806.660704194788,10000.0,19000.0,1.0,16.5,17.095461493669458,19.0,1.0,19269.544820563482,10000.0,25000.0,1.0,18.38890430342177,17.0,20.0,1.0,0.0,211.0,1.0,36.0
11.0,22.0,11.0,22.0,-121.0,21.0,13.0,-111.0,10.184158587945712,9.0,11.0,30000.0,10000.0,19000.0,0.0,26.05472843647601,16.5,19.0,0.0,10000.0,37004.50332515881,25000.0,0.0,27.378191473340014,17.0,20.0,0.0,122.0,10.206791660009651,9.0,11.0,1.0,13960.484570081486,10000.0,19000.0,1.0,16.5,17.38210256653072,19.0,1.0,21039.242658609302,10000.0,25000.0,1.0,18.719595639511198,17.0,20.0,1.0,0.0,211.0,1.0,16.0
11.0,21.0,11.0,22.0,-121.0,21.0,12.0,-111.0,10.214238215508704,9.0,11.0,30000.0,10000.0,19000.0,0.0,25.88693307931007,16.5,19.0,0.0,10000.0,37075.880052123495,25000.0,0.0,27.222123273371214,17.0,20.0,0.0,122.0,10.201997366580633,9.0,11.0,1.0,17512.501672129336,10000.0,19000.0,1.0,16.5,18.039967126404164,19.0,1.0,24456.626625292676,10000.0,25000.0,1.0,19.35029566158284,17.0,20.0,1.0,0.0,211.0,1.0,37.0
11.0,22.0,11.0,22.0,-121.0,11.0,11.0,-111.0,10.232631613584422,9.0,11.0,30000.0,10000.0,19000.0,0.0,26.365453296927306,16.5,19.0,0.0,10000.0,37162.05965985191,25000.0,0.0,27.712960805995767,17.0,20.0,0.0,122.0,10.193047934993057,9.0,11.0,1.0,17350.478474525655,10000.0,19000.0,1.0,16.5,18.022907389699157,19.0,1.0,24247.50943457589,10000.0,25000.0,1.0,19.320551007643765,17.0,20.0,1.0,0.0,111.0,1.0,50.0
11.0,22.0,11.0,22.0,-121.0,21.0,13.0,-111.0,10.005006553598832,9.0,11.0,30000.0,10000.0,19000.0,0.0,24.508202369287375,16.5,19.0,0.0,10000.0,36526.71552670239,25000.0,0.0,25.809029148376478,17.0,20.0,0.0,121.0,10.0033501786717,9.0,11.0,1.0,13708.911316203914,10000.0,19000.0,1.0,16.5,17.22411029345915,19.0,1.0,20264.523885542854,10000.0,25000.0,1.0,18.53069648503441,17.0,20.0,1.0,0.0,211.0,1.0,13.0
91.0,21.0,91.0,24.0,-721.0,911.0,12.0,-711.0,14.650624411413125,12.0,17.0,30000.0,18000.0,36000.0,1.0,24.69376000748574,20.0,25.0,1.0,18000.0,34452.887712408585,36000.0,1.0,25.249818637270423,20.0,26.0,1.0,721.0,15.125160009341416,12.0,17.0,1.0,29039.195215134172,18000.0,36000.0,1.0,20.0,23.766178457067895,25.0,1.0,33507.40511718966,18000.0,36000.0,1.0,24.324150460000663,20.0,26.0,1.0,1.0,91121.0,7.0,26.0
11.0,21.0,11.0,22.0,-121.0,21.0,13.0,-111.0,10.011465672029745,9.0,11.0,30000.0,10000.0,19000.0,0.0,26.201550536504634,16.5,19.0,0.0,10000.0,36553.982331840845,25000.0,0.0,27.51562527619263,17.0,20.0,0.0,121.0,10.001750949099467,9.0,11.0,1.0,14606.918865658396,10000.0,19000.0,1.0,16.5,17.433010626772777,19.0,1.0,21145.090386327647,10000.0,25000.0,1.0,18.743915295727803,17.0,20.0,1.0,0.0,211.0,1.0,32.0
11.0,21.0,11.0,21.0,-121.0,21.0,13.0,-111.0,10.219850049856833,9.0,11.0,30000.0,10000.0,19000.0,0.0,25.786965432104587,16.5,19.0,0.0,10000.0,36960.51063573056,25000.0,0.0,27.101175934048182,17.0,20.0,0.0,122.0,10.21303121689154,9.0,11.0,1.0,12989.299974866875,10000.0,19000.0,1.0,16.5,17.148130105319165,19.0,1.0,20077.4996615901,10000.0,25000.0,1.0,18.486449512568694,17.0,20.0,1.0,0.0,211.0,1.0,34.0
11.0,22.0,11.0,21.0,-121.0,11.0,11.0,-111.0,10.223646303304069,9.0,11.0,30000.0,10000.0,19000.0,0.0,24.07413491283964,16.5,19.0,0.0,10000.0,37125.74433103102,25000.0,0.0,25.422843856326175,17.0,20.0,0.0,122.0,10.178418268199314,9.0,11.0,1.0,14838.786148882307,10000.0,19000.0,1.0,16.5,17.46055219272555,19.0,1.0,21780.092347928156,10000.0,25000.0,1.0,18.774352031061472,17.0,20.0,1.0,0.0,111.0,1.0,0.0
11.0,21.0,11.0,22.0,-121.0,21.0,12.0,-111.0,10.009562281711956,9.0,11.0,30000.0,10000.0,19000.0,0.0,25.3384265467946,16.5,19.0,0.0,10000.0,36536.63305211423,25000.0,0.0,26.64380726177393,17.0,20.0,0.0,121.0,9.987359651550161,9.0,11.0,1.0,15805.58624672081,10000.0,19000.0,1.0,16.5,17.696597797040912,19.0,1.0,22307.10938187607,10000.0,25000.0,1.0,18.994966980527288,17.0,20.0,1.0,0.0,211.0,1.0,37.0
11.0,22.0,11.0,22.0,-121.0,21.0,13.0,-111.0,9.996757361230006,9.0,11.0,30000.0,10000.0,19000.0,0.0,25.746328897877184,16.5,19.0,0.0,10000.0,36454.150489659485,25000.0,0.0,27.037386437620995,17.0,20.0,0.0,121.0,9.996879197238547,9.0,11.0,1.0,14522.289229437958,10000.0,19000.0,1.0,16.5,17.446048241786833,19.0,1.0,20934.723612700418,10000.0,25000.0,1.0,18.728761090191494,17.0,20.0,1.0,0.0,211.0,1.0,5.0
91.0,24.0,91.0,21.0,-721.0,911.0,11.0,-711.0,15.341255719419843,12.0,17.0,30000.0,18000.0,36000.0,1.0,24.237860265214046,20.0,25.0,1.0,18000.0,34000.80575759836,36000.0,1.0,24.72751551469041,20.0,26.0,1.0,722.0,15.03531835836255,12.0,17.0,1.0,21668.54126534371,18000.0,36000.0,1.0,20.0,22.65523695418944,25.0,1.0,25758.009335071445,18000.0,36000.0,1.0,23.1557435094265,20.0,26.0,1.0,1.0,91121.0,7.0,3.0
11.0,22.0,11.0,21.0,-121.0,21.0,13.0,-111.0,10.23572979269748,9.0,11.0,30000.0,10000.0,19000.0,0.0,24.66327922318219,16.5,19.0,0.0,10000.0,37039.62339742987,25000.0,0.0,25.991324654325258,17.0,20.0,0.0,122.0,10.197029647645651,9.0,11.0,1.0,12685.504416026792,10000.0,19000.0,1.0,16.5,17.078070304211977,19.0,1.0,19721.408152175078,10000.0,25000.0,1.0,18.40541401043433,17.0,20.0,1.0,0.0,211.0,1.0,33.0
11.0,22.0,11.0,22.0,-121.0,11.0,11.0,-111.0,10.199172945124419,9.0,11.0,30000.0,10000.0,19000.0,0.0,24.160129631342397,16.5,19.0,0.0,10000.0,36918.739072587676,25000.0,0.0,25.459564276478677,17.0,20.0,0.0,122.0,10.201636348422973,9.0,11.0,1.0,14175.194142008302,10000.0,19000.0,1.0,16.5,17.402868487695752,19.0,1.0,21142.50395254094,10000.0,25000.0,1.0,18.711425387474584,17.0,20.0,1.0,0.0,111.0,1.0,15.0
11.0,21.0,11.0,21.0,-121.0,11.0,11.0,-111.0,9.982776022188489,9.0,11.0,30000.0,10000.0,19000.0,0.0,25.97935418122927,16.5,19.0,0.0,10000.0,36561.04097245968,25000.0,0.0,27.28770543687265,17.0,20.0,0.0,121.0,9.984525054279548,9.0,11.0,1.0,12905.581875496204,10000.0,19000.0,1.0,16.5,17.05294266384982,19.0,1.0,19402.253896615213,10000.0,25000.0,1.0,18.34845796881639,17.0,20.0,1.0,0.0,111.0,1.0,18.0
11.0,22.0,11.0,21.0,-121.0,11.0,12.0,-111.0,9.996849137141735,9.0,11.0,30000.0,10000.0,19000.0,0.0,24.449968207996942,16.5,19.0,0.0,10000.0,36627.95927662782,25000.0,0.0,25.772296416693486,17.0,20.0,0.0,121.0,10.008857091820095,9.0,11.0,1.0,14835.921996527139,10000.0,19000.0,1.0,16.5,17.458166295711052,19.0,1.0,21386.117168224755,10000.0,25000.0,1.0,18.764979974930046,17.0,20.0,1.0,0.0,111.0,1.0,46.0
11.0,22.0,11.0,22.0,-121.0,21.0,13.0,-111.0,10.219548834321733,9.0,11.0,30000.0,10000.0,19000.0,0.0,26.005603663754293,16.5,19.0,0.0,10000.0,36923.7958296946,25000.0,0.0,27.315532840039563,17.0,20.0,0.0,122.0,10.211571621777455,9.0,11.0,1.0,14774.312419113045,10000.0,19000.0,1.0,16.5,17.533943935837573,19.0,1.0,21754.590597803737,10000.0,25000.0,1.0,18.85455914023733,17.0,20.0,1.0,0.0,211.0,1.0,41.0
11.0,21.0,11.0,22.0,-121.0,21.0,12.0,-111.0,10.014969202829706,9.0,11.0,30000.0,10000.0,19000.0,0.0,24.659807146864612,16.5,19.0,0.0,10000.0,36568.177704104775,25000.0,0.0,25.97939408615477,17.0,20.0,0.0,121.0,9.99237940980317,9.0,11.0,1.0,16425.684635024187,10000.0,19000.0,1.0,16.5,17.845088174776503,19.0,1.0,22893.303954264742,10000.0,25000.0,1.0,19.144472321559995,17.0,20.0,1.0,0.0,211.0,1.0,37.0
81.0,23.0,81.0,21.0,-721.0,912.0,12.0,-711.0,14.827667759584214,12.0,17.0,30000.0,12500.0,23000.0,0.0,26.257932570196246,20.0,24.0,0.0,12500.0,34476.476943667134,26000.0,0.0,26.81835828511455,20.0,25.0,0.0,721.0,15.052682664895139,12.0,17.0,1.0,14440.015710120488,12500.0,23000.0,1.0,20.0,21.361579861989295,24.0,1.0,18993.278239923187,12500.0,26000.0,1.0,21.931618631447357,20.0,25.0,1.0,0.0,912.0,7.0,11.0
91.0,24.0,91.0,24.0,-721.0,911.0,12.0,-711.0,14.776381993842193,12.0,17.0,30000.0,18000.0,36000.0,1.0,24.807215104935057,20.0,25.0,1.0,18000.0,34554.9820301887,36000.0,1.0,25.375051363335334,20.0,26.0,1.0,721.0,14.070306078337719,12.0,17.0,1.0,29758.861423425074,18000.0,36000.0,1.0,20.0,22.90380644064114,25.0,1.0,34232.37157572725,18000.0,36000.0,1.0,23.461486196557473,20.0,26.0,1.0,1.0,91121.0,7.0,27.0
11.0,22.0,11.0,22.0,-121.0,21.0,13.0,-111.0,9.996651063533918,9.0,11.0,30000.0,10000.0,19000.0,0.0,24.813169108045003,16.5,19.0,0.0,10000.0,36514.413844286435,25000.0,0.0,26.120916202809827,17.0,20.0,0.0,121.0,9.988990607447288,9.0,11.0,1.0,14947.222914322136,10000.0,19000.0,1.0,16.5,17.54757447342375,19.0,1.0,21533.885538911894,10000.0,25000.0,1.0,18.86982527255867,17.0,20.0,1.0,0.0,211.0,1.0,3.0
11.0,22.0,11.0,22.0,-121.0,21.0,13.0,-111.0,10.206199689109654,9.0,11.0,30000.0,10000.0,19000.0,0.0,25.501690292365055,16.5,19.0,0.0,10000.0,37178.42571093644,25000.0,0.0,26.853866551276695,17.0,20.0,0.0,122.0,10.18861039215073,9.0,11.0,1.0,14314.752968635006,10000.0,19000.0,1.0,16.5,17.453192178807164,19.0,1.0,21321.205907978492,10000.0,25000.0,1.0,18.77297449672239,17.0,20.0,1.0,0.0,211.0,1.0,5.0
91.0,24.0,91.0,24.0,-721.0,911.0,12.0,-711.0,15.001385172874828,12.0,17.0,30000.0,18000.0,36000.0,1.0,24.04359142148773,20.0,25.0,1.0,18000.0,34500.856905137654,36000.0,1.0,24.60595460895793,20.0,26.0,1.0,721.0,15.277619265766976,12.0,17.0,1.0,25569.936033980997,18000.0,36000.0,1.0,20.0,23.516539794013575,25.0,1.0,30081.59654075647,18000.0,36000.0,1.0,24.080252846183157,20.0,26.0,1.0,1.0,91121.0,7.0,13.0
91.0,24.0,91.0,24.0,-721.0,911.0,12.0,-711.0,15.288151458955136,12.0,17.0,30000.0,18000.0,36000.0,1.0,24.537877392387834,20.0,25.0,1.0,18000.0,33920.227252948695,36000.0,1.0,25.01415339397525,20.0,26.0,1.0,722.0,15.235999035041676,12.0,17.0,1.0,26915.630323933638,18000.0,36000.0,1.0,20.0,23.46902922438197,25.0,1.0,30903.19339316664,18000.0,36000.0,1.0,23.95348598470458,20.0,26.0,1.0,1.0,91121.0,7.0,27.0
11.0,22.0,11.0,22.0,-121.0,11.0,11.0,-111.0,10.19978640705719,9.0,11.0,30000.0,10000.0,19000.0,0.0,25.417066548669418,16.5,19.0,0.0,10000.0,36937.943699814634,25000.0,0.0,26.729461215071655,17.0,20.0,0.0,122.0,10.206425936053705,9.0,11.0,1.0,15138.79931736428,10000.0,19000.0,1.0,16.5,17.613999666259872,19.0,1.0,22236.619973121225,10000.0,25000.0,1.0,18.956636962659946,17.0,20.0,1.0,0.0,111.0,1.0,11.0
11.0,22.0,11.0,22.0,-121.0,21.0,13.0,-111.0,10.181871039881477,9.0,11.0,30000.0,10000.0,19000.0,0.0,25.48690926269097,16.5,19.0,0.0,10000.0,37108.87078157002,25000.0,0.0,26.823812728296602,17.0,20.0,0.0,122.0,10.192236046433328,9.0,11.0,1.0,15834.642913738393,10000.0,19000.0,1.0,16.5,17.741433949828078,19.0,1.0,22771.279201352703,10000.0,25000.0,1.0,19.04594677296161,17.0,20.0,1.0,0.0,211.0,1.0,31.0
11.0,21.0,11.0,22.0,-121.0,21.0,13.0,-111.0,9.988032963776016,9.0,11.0,30000.0,10000.0,19000.0,0.0,27.305271892095035,16.5,19.0,0.0,10000.0,36415.459872946885,25000.0,0.0,28.587723270954303,17.0,20.0,0.0,121.0,10.006295159153717,9.0,11.0,1.0,15594.459624673718,10000.0,19000.0,1.0,16.5,17.655829485661343,19.0,1.0,22095.75919254178,10000.0,25000.0,1.0,18.955440232249916,17.0,20.0,1.0,0.0,211.0,1.0,32.0
91.0,24.0,91.0,21.0,-721.0,911.0,12.0,-711.0,15.873210879812387,12.0,17.0,30000.0,18000.0,36000.0,1.0,25.87405808216416,20.0,25.0,0.0,18000.0,34538.001810790265,36000.0,1.0,26.441783774248638,20.0,26.0,0.0,721.0,14.238945066942266,12.0,17.0,1.0,23843.048126104895,18000.0,36000.0,1.0,20.0,22.20113821426821,25.0,1.0,28409.168429670266,18000.0,36000.0,1.0,22.77238166404356,20.0,26.0,1.0,0.0,91121.0,7.0,14.0
11.0,22.0,11.0,22.0,-121.0,21.0,13.0,-111.0,10.000152746251043,9.0,11.0,30000.0,10000.0,19000.0,0.0,26.45050596218256,16.5,19.0,0.0,10000.0,36520.92509620343,25000.0,0.0,27.741142036903245,17.0,20.0,0.0,121.0,10.003926129650859,9.0,11.0,1.0,16608.17310542998,10000.0,19000.0,1.0,16.5,17.77443156627404,19.0,1.0,23145.986409432106,10000.0,25000.0,1.0,19.068410192841405,17.0,20.0,1.0,0.0,211.0,1.0,28.0
11.0,22.0,11.0,21.0,-121.0,21.0,13.0,-111.0,10.009066677808411,9.0,11.0,30000.0,10000.0,19000.0,0.0,25.97186849927239,16.5,19.0,0.0,10000.0,36625.5904197286,25000.0,0.0,27.29785707361877,17.0,20.0,0.0,121.0,10.001131206937236,9.0,11.0,1.0,14343.410050357641,10000.0,19000.0,1.0,16.5,17.346873687435988,19.0,1.0,20856.5396534933,10000.0,25000.0,1.0,18.650355323016598,17.0,20.0,1.0,0.0,211.0,1.0,2.0
11.0,22.0,11.0,21.0,-121.0,11.0,11.0,-111.0,10.204307184799758,9.0,11.0,30000.0,10000.0,19000.0,0.0,24.314727662313416,16.5,19.0,0.0,10000.0,36992.07018232481,25000.0,0.0,25.635606314089326,17.0,20.0,0.0,122.0,10.21066191587445,9.0,11.0,1.0,11789.09113000134,10000.0,19000.0,1.0,16.5,16.924447359952136,19.0,1.0,18737.602770077185,10000.0,25000.0,1.0,18.23709732593702,17.0,20.0,1.0,0.0,111.0,1.0,54.0
11.0,22.0,11.0,21.0,-121.0,21.0,13.0,-111.0,10.222782187383645,9.0,11.0,30000.0,10000.0,19000.0,0.0,25.051736371552153,16.5,19.0,0.0,10000.0,37043.70655260434,25000.0,0.0,26.378570686843773,17.0,20.0,0.0,122.0,10.209183275819864,9.0,11.0,1.0,13182.652080588996,10000.0,19000.0,1.0,16.5,17.13002378168587,19.0,1.0,20210.288028270577,10000.0,25000.0,1.0,18.45383085131929,17.0,20.0,1.0,0.0,211.0,1.0,20.0
11.0,22.0,11.0,22.0,-121.0,11.0,11.0,-111.0,10.207371285750728,9.0,11.0,30000.0,10000.0,19000.0,0.0,25.028944502368347,16.5,19.0,0.0,10000.0,37011.70591631497,25000.0,0.0,26.35138286116359,17.0,20.0,0.0,122.0,10.164628656434191,9.0,11.0,1.0,18643.588897425816,10000.0,19000.0,1.0,16.5,18.23835225221907,19.0,1.0,25630.959634919334,10000.0,25000.0,0.0,19.556200890006938,17.0,20.0,1.0,0.0,111.0,1.0,55.0
11.0,22.0,11.0,22.0,-121.0,21.0,13.0,-111.0,10.007730138608641,9.0,11.0,30000.0,10000.0,19000.0,0.0,27.90297754483388,16.5,19.0,0.0,10000.0,36442.88292919322,25000.0,0.0,29.189439460188623,17.0,20.0,0.0,121.0,10.000821252012683,9.0,11.0,1.0,14606.291721667507,10000.0,19000.0,1.0,16.5,17.462473136018723,19.0,1.0,21090.536105534717,10000.0,25000.0,1.0,18.757193766732186,17.0,20.0,1.0,0.0,211.0,1.0,13.0
11.0,21.0,11.0,22.0,-121.0,11.0,11.0,-111.0,10.170241547086322,9.0,11.0,30000.0,10000.0,19000.0,0.0,24.350900595485452,16.5,19.0,0.0,10000.0,37048.5578233204,25000.0,0.0,25.673756121643347,17.0,20.0,0.0,122.0,10.198558313044828,9.0,11.0,1.0,16066.118551095808,10000.0,19000.0,1.0,16.5,17.741213528081662,19.0,1.0,23108.899365763235,10000.0,25000.0,1.0,19.06298483984949,17.0,20.0,1.0,0.0,111.0,1.0,43.0
11.0,22.0,11.0,22.0,-121.0,21.0,13.0,-111.0,10.15866648715253,9.0,11.0,30000.0,10000.0,19000.0,0.0,26.90558671509288,16.5,19.0,0.0,10000.0,36803.06943722915,25000.0,0.0,28.18724689574041,17.0,20.0,0.0,122.0,10.200848137329714,9.0,11.0,1.0,13316.394712557334,10000.0,19000.0,1.0,16.5,17.23118532441101,19.0,1.0,20269.7997308943,10000.0,25000.0,1.0,18.541167886568566,17.0,20.0,1.0,0.0,211.0,1.0,28.0
11.0,22.0,11.0,22.0,-121.0,21.0,12.0,-111.0,10.00952194036808,9.0,11.0,30000.0,10000.0,19000.0,0.0,24.79608417734301,16.5,19.0,0.0,10000.0,36582.08504334621,25000.0,0.0,26.115202832351446,17.0,20.0,0.0,121.0,10.007070219512325,9.0,11.0,1.0,17464.987705343316,10000.0,19000.0,1.0,16.5,18.044122889403027,19.0,1.0,24009.389579041275,10000.0,25000.0,1.0,19.355689443255756,17.0,20.0,1.0,0.0,211.0,1.0,25.0
11.0,22.0,11.0,21.0,-121.0,11.0,11.0,-111.0,9.989835868424363,9.0,11.0,30000.0,10000.0,19000.0,0.0,23.832939447980714,16.5,19.0,0.0,10000.0,36458.98777599733,25000.0,0.0,25.121343017347016,17.0,20.0,0.0,121.0,10.005891529955957,9.0,11.0,1.0,12025.010560804842,10000.0,19000.0,1.0,16.5,16.896851257366983,19.0,1.0,18413.10479706053,10000.0,25000.0,1.0,18.17111337101052,17.0,20.0,1.0,0.0,111.0,1.0,26.0
11.0,21.0,11.0,22.0,-121.0,11.0,11.0,-111.0,10.014091468496371,9.0,11.0,30000.0,10000.0,19000.0,0.0,24.87879921817195,16.5,19.0,0.0,10000.0,36513.6665216838,25000.0,0.0,26.180897751821764,17.0,20.0,0.0,121.0,10.000196835984193,9.0,11.0,1.0,17612.6082864009,10000.0,19000.0,1.0,16.5,18.02778328359755,19.0,1.0,24144.72845985493,10000.0,25000.0,1.0,19.333570749253713,17.0,20.0,1.0,0.0,111.0,1.0,43.0
11.0,21.0,11.0,22.0,-121.0,21.0,13.0,-111.0,10.016750345481267,9.0,11.0,30000.0,10000.0,19000.0,0.0,26.06702248865825,16.5,19.0,0.0,10000.0,36558.140333383926,25000.0,0.0,27.376922392161223,17.0,20.0,0.0,121.0,9.986449423317756,9.0,11.0,1.0,13982.203737429827,10000.0,19000.0,1.0,16.5,17.334558222469866,19.0,1.0,20494.722526106925,10000.0,25000.0,1.0,18.63534583895682,17.0,20.0,1.0,0.0,211.0,1.0,9.0
11.0,22.0,11.0,22.0,-121.0,11.0,12.0,-111.0,9.999496716177081,9.0,11.0,30000.0,10000.0,19000.0,0.0,24.360568742843256,16.5,19.0,0.0,10000.0,36467.898557930865,25000.0,0.0,25.648292103711626,17.0,20.0,0.0,121.0,9.997102024666416,9.0,11.0,1.0,16543.83102366328,10000.0,19000.0,1.0,16.5,17.82661753658148,19.0,1.0,22967.898919151106,10000.0,25000.0,1.0,19.105614451380127,17.0,20.0,1.0,0.0,111.0,1.0,14.0
11.0,22.0,11.0,21.0,-121.0,11.0,11.0,-111.0,10.2057324378953,9.0,11.0,30000.0,10000.0,19000.0,0.0,25.895228779790333,16.5,19.0,0.0,10000.0,37003.99081079175,25000.0,0.0,27.22067457475303,17.0,20.0,0.0,122.0,10.178571913601932,9.0,11.0,1.0,14696.319285870646,10000.0,19000.0,1.0,16.5,17.446031071687415,19.0,1.0,21799.1847436504,10000.0,25000.0,1.0,18.790188054117227,17.0,20.0,1.0,0.0,111.0,1.0,12.0
81.0,21.0,81.0,23.0,-721.0,912.0,12.0,-711.0,15.259511814623105,12.0,17.0,30000.0,12500.0,23000.0,0.0,27.80327225141099,20.0,24.0,0.0,12500.0,33965.101460643404,26000.0,0.0,28.288710329216944,20.0,25.0,0.0,722.0,15.365959989616321,12.0,17.0,1.0,18757.295508255178,12500.0,23000.0,1.0,20.0,22.24650154671743,24.0,1.0,22739.50059449054,12500.0,26000.0,1.0,22.73403358131447,20.0,25.0,1.0,0.0,912.0,7.0,7.0
11.0,22.0,11.0,21.0,-121.0,11.0,12.0,-111.0,10.00017243118958,9.0,11.0,30000.0,10000.0,19000.0,0.0,24.463404888364963,16.5,19.0,0.0,10000.0,36459.78469876305,25000.0,0.0,25.754423007293838,17.0,20.0,0.0,121.0,9.991379341021487,9.0,11.0,1.0,13705.426007223996,10000.0,19000.0,1.0,16.5,17.198376054649515,19.0,1.0,20146.057761239543,10000.0,25000.0,1.0,18.485566368186575,17.0,20.0,1.0,0.0,111.0,1.0,46.0
91.0,24.0,91.0,24.0,-721.0,911.0,12.0,-711.0,15.320115180204475,12.0,17.0,30000.0,18000.0,36000.0,1.0,24.05176055156796,20.0,25.0,1.0,18000.0,34002.13170233811,36000.0,1.0,24.539696009302187,20.0,26.0,1.0,722.0,15.324126644440538,12.0,17.0,1.0,28497.615988912443,18000.0,36000.0,1.0,20.0,23.846745799354892,25.0,1.0,32534.273163924147,18000.0,36000.0,1.0,24.33889056441967,20.0,26.0,1.0,1.0,91121.0,7.0,8.0
11.0,22.0,11.0,22.0,-121.0,21.0,13.0,-111.0,10.000459117695396,9.0,11.0,30000.0,10000.0,19000.0,0.0,25.591710816285072,16.5,19.0,0.0,10000.0,36484.89853082603,25000.0,0.0,26.886106562448752,17.0,20.0,0.0,121.0,9.997942358429874,9.0,11.0,1.0,13797.99817860417,10000.0,19000.0,1.0,16.5,17.32315449349888,19.0,1.0,20305.99994951842,10000.0,25000.0,1.0,18.622161682008286,17.0,20.0,1.0,0.0,211.0,1.0,47.0
11.0,21.0,11.0,22.0,-121.0,21.0,13.0,-111.0,10.005410516915907,9.0,11.0,30000.0,10000.0,19000.0,0.0,26.567238472795772,16.5,19.0,0.0,10000.0,36472.601493665476,25000.0,0.0,27.86007860831548,17.0,20.0,0.0,121.0,9.990381881398914,9.0,11.0,1.0,14557.628231325873,10000.0,19000.0,1.0,16.5,17.384128037286793,19.0,1.0,20985.582395901743,10000.0,25000.0,1.0,18.668050296578947,17.0,20.0,1.0,0.0,211.0,1.0,9.0
91.0,24.0,91.0,24.0,-721.0,911.0,12.0,-711.0,15.136109894995855,12.0,17.0,30000.0,18000.0,36000.0,1.0,24.147366526220978,20.0,25.0,1.0,18000.0,34031.34063599505,36000.0,1.0,24.640457614577297,20.0,26.0,1.0,722.0,15.441187966008338,12.0,17.0,1.0,28070.956049235436,18000.0,36000.0,1.0,20.0,23.90004153760161,25.0,1.0,32135.20618159752,18000.0,36000.0,1.0,24.397157931891144,20.0,26.0,1.0,1.0,91121.0,7.0,1.0
81.0,23.0,81.0,21.0,-721.0,912.0,11.0,-711.0,15.217325531437272,12.0,17.0,30000.0,12500.0,23000.0,0.0,27.419705379544,20.0,24.0,0.0,12500.0,34014.321533070506,26000.0,0.0,27.90911465519516,20.0,25.0,0.0,722.0,15.258547219476002,12.0,17.0,1.0,14461.3707054693,12500.0,23000.0,1.0,20.0,21.460819805969848,24.0,1.0,18575.32001473086,12500.0,26000.0,1.0,21.96237528300989,20.0,25.0,1.0,0.0,912.0,7.0,12.0
11.0,21.0,11.0,22.0,-121.0,11.0,11.0,-111.0,10.186114563572113,9.0,11.0,30000.0,10000.0,19000.0,0.0,27.357325416865216,16.5,19.0,0.0,10000.0,37090.830056249164,25000.0,0.0,28.69281872397429,17.0,20.0,0.0,122.0,10.198162336055667,9.0,11.0,1.0,12329.044891791467,10000.0,19000.0,1.0,16.5,17.0660611755399,19.0,1.0,19374.187313651397,10000.0,25000.0,1.0,18.392949632517123,17.0,20.0,1.0,0.0,111.0,1.0,29.0
11.0,22.0,11.0,22.0,-121.0,21.0,13.0,-111.0,10.210945625627504,9.0,11.0,30000.0,10000.0,19000.0,0.0,26.99866828142067,16.5,19.0,0.0,10000.0,37010.882553379204,25000.0,0.0,28.323479767426885,17.0,20.0,0.0,122.0,10.201697824747813,9.0,11.0,1.0,14166.74317652599,10000.0,19000.0,1.0,16.5,17.38126947984805,19.0,1.0,21095.284448225626,10000.0,25000.0,1.0,18.690521344806413,17.0,20.0,1.0,0.0,211.0,1.0,47.0
81.0,23.0,81.0,23.0,-721.0,912.0,12.0,-711.0,15.164459201104878,12.0,17.0,30000.0,12500.0,23000.0,0.0,25.626354238312324,20.0,24.0,0.0,12500.0,33915.20208966774,26000.0,0.0,26.10222878130458,20.0,25.0,0.0,722.0,15.274732680728714,12.0,17.0,1.0,17630.017766780988,12500.0,23000.0,1.0,20.0,22.025005781923483,24.0,1.0,21632.75235569883,12500.0,26000.0,1.0,22.511519491713166,20.0,25.0,1.0,0.0,912.0,7.0,10.0
11.0,21.0,11.0,21.0,-121.0,11.0,11.0,-111.0,10.188664896562988,9.0,11.0,30000.0,10000.0,19000.0,0.0,24.297217995883763,16.5,19.0,0.0,10000.0,36953.211061068665,25000.0,0.0,25.603718768565713,17.0,20.0,0.0,122.0,10.219031755998637,9.0,11.0,1.0,15275.726857494243,10000.0,19000.0,1.0,16.5,17.55066921857472,19.0,1.0,22379.805396755153,10000.0,25000.0,1.0,18.885517825818223,17.0,20.0,1.0,0.0,111.0,1.0,56.0
11.0,22.0,11.0,21.0,-121.0,11.0,11.0,-111.0,10.193436181348027,9.0,11.0,30000.0,10000.0,19000.0,0.0,25.822434918656874,16.5,19.0,0.0,10000.0,37079.628020102486,25000.0,0.0,27.157263125224286,17.0,20.0,0.0,122.0,10.20451853443457,9.0,11.0,1.0,14688.284386507019,10000.0,19000.0,1.0,16.5,17.430811771855502,19.0,1.0,21605.889017051188,10000.0,25000.0,1.0,18.735091284354244,17.0,20.0,1.0,0.0,111.0,1.0,39.0
11.0,22.0,11.0,22.0,-121.0,11.0,11.0,-111.0,10.003973658764076,9.0,11.0,30000.0,10000.0,19000.0,0.0,23.208103903686204,16.5,19.0,0.0,10000.0,36501.323447828494,25000.0,0.0,24.51444070229999,17.0,20.0,0.0,121.0,9.998095922435212,9.0,11.0,1.0,13618.608322126987,10000.0,19000.0,1.0,16.5,17.256615784599596,19.0,1.0,20145.606834263363,10000.0,25000.0,1.0,18.568111576083265,17.0,20.0,1.0,0.0,111.0,1.0,38.0
11.0,21.0,11.0,22.0,-121.0,11.0,12.0,-111.0,10.191595082840118,9.0,11.0,30000.0,10000.0,19000.0,0.0,25.820416871670908,16.5,19.0,0.0,10000.0,37102.974581747454,25000.0,0.0,27.155608108577557,17.0,20.0,0.0,122.0,10.185342505929546,9.0,11.0,1.0,16001.081097064094,10000.0,19000.0,1.0,16.5,17.68967368689245,19.0,1.0,22866.03767244443,10000.0,25000.0,1.0,18.98012316769821,17.0,20.0,1.0,0.0,111.0,1.0,7.0
91.0,24.0,91.0,21.0,-721.0,911.0,11.0,-711.0,14.779387985497209,12.0,17.0,30000.0,18000.0,36000.0,1.0,25.14189220936546,20.0,25.0,0.0,18000.0,34479.47320593762,36000.0,1.0,25.703012638134492,20.0,26.0,1.0,721.0,14.647603636970814,12.0,17.0,1.0,25769.722054598995,18000.0,36000.0,1.0,20.0,22.762834801425555,25.0,1.0,30281.976672641245,18000.0,36000.0,1.0,23.32806158805636,20.0,26.0,1.0,0.0,91121.0,7.0,2.0
11.0,22.0,11.0,22.0,-121.0,21.0,13.0,-111.0,10.194645390576728,9.0,11.0,30000.0,10000.0,19000.0,0.0,24.892754565055363,16.5,19.0,0.0,10000.0,37044.33639877815,25000.0,0.0,26.226361332460773,17.0,20.0,0.0,122.0,10.232469955265236,9.0,11.0,1.0,12551.494039223599,10000.0,19000.0,1.0,16.5,17.145195906920762,19.0,1.0,19467.324519177655,10000.0,25000.0,1.0,18.45447442631332,17.0,20.0,1.0,0.0,211.0,1.0,41.0
11.0,22.0,11.0,22.0,-121.0,11.0,11.0,-111.0,10.186691986051745,9.0,11.0,30000.0,10000.0,19000.0,0.0,24.258827473658805,16.5,19.0,0.0,10000.0,36883.15907752643,25000.0,0.0,25.56011391876314,17.0,20.0,0.0,122.0,10.202672929162016,9.0,11.0,1.0,12919.83324270127,10000.0,19000.0,1.0,16.5,17.206596198486224,19.0,1.0,19950.906337361044,10000.0,25000.0,1.0,18.53584633052103,17.0,20.0,1.0,0.0,111.0,1.0,15.0
11.0,22.0,11.0,21.0,-121.0,11.0,11.0,-111.0,10.003173314386762,9.0,11.0,30000.0,10000.0,19000.0,0.0,25.668000841365757,16.5,19.0,0.0,10000.0,36517.77420043998,25000.0,0.0,26.968807922916305,17.0,20.0,0.0,121.0,10.00457379023215,9.0,11.0,1.0,13799.533652753435,10000.0,19000.0,1.0,16.5,17.185807620375083,19.0,1.0,20218.195086081443,10000.0,25000.0,1.0,18.466833932391975,17.0,20.0,1.0,0.0,111.0,1.0,12.0
11.0,21.0,11.0,21.0,-121.0,21.0,13.0,-111.0,10.184773751977442,9.0,11.0,30000.0,10000.0,19000.0,0.0,26.79977106878518,16.5,19.0,0.0,10000.0,36857.08785563923,25000.0,0.0,28.099494047041333,17.0,20.0,0.0,122.0,10.205803163508786,9.0,11.0,1.0,14077.98472494113,10000.0,19000.0,1.0,16.5,17.34763235594599,19.0,1.0,21221.081752231683,10000.0,25000.0,1.0,18.70156678667486,17.0,20.0,1.0,0.0,211.0,1.0,34.0
91.0,24.0,91.0,24.0,-721.0,911.0,12.0,-711.0,14.854156005447031,12.0,17.0,30000.0,18000.0,36000.0,1.0,23.792892122359916,20.0,25.0,1.0,18000.0,34496.11297549386,36000.0,1.0,24.35609476222091,20.0,26.0,1.0,721.0,14.678164348624264,12.0,17.0,1.0,23169.970027397732,18000.0,36000.0,1.0,20.0,22.61351115378334,25.0,1.0,27680.264724658846,18000.0,36000.0,1.0,23.17849025771021,20.0,26.0,1.0,1.0,91121.0,7.0,13.0
91.0,24.0,91.0,24.0,-721.0,911.0,12.0,-711.0,15.415267838946843,12.0,17.0,30000.0,18000.0,36000.0,1.0,25.049912716561423,20.0,25.0,0.0,18000.0,33959.792813712986,36000.0,1.0,25.5308903363283,20.0,26.0,1.0,722.0,15.127961220614406,12.0,17.0,1.0,28005.02691914891,18000.0,36000.0,1.0,20.0,23.507175515695117,25.0,1.0,32081.772749857002,18000.0,36000.0,1.0,24.002358874596645,20.0,26.0,1.0,0.0,91121.0,7.0,13.0
11.0,21.0,11.0,21.0,-121.0,11.0,11.0,-111.0,10.193957439643066,9.0,11.0,30000.0,10000.0,19000.0,0.0,25.32894898038939,16.5,19.0,0.0,10000.0,36993.264740592705,25000.0,0.0,26.649090522415985,17.0,20.0,0.0,122.0,10.19138393116,9.0,11.0,1.0,15784.86816427291,10000.0,19000.0,1.0,16.5,17.64797742960433,19.0,1.0,22851.011976461203,10000.0,25000.0,1.0,18.981876593217766,17.0,20.0,1.0,0.0,111.0,1.0,56.0
11.0,22.0,11.0,21.0,-121.0,11.0,12.0,-111.0,10.016994384611955,9.0,11.0,30000.0,10000.0,19000.0,0.0,24.548607907279653,16.5,19.0,0.0,10000.0,36565.17801858275,25000.0,0.0,25.8583016843378,17.0,20.0,0.0,121.0,9.990392113279118,9.0,11.0,1.0,13299.218899232172,10000.0,19000.0,1.0,16.5,17.13796640721818,19.0,1.0,19764.46506374845,10000.0,25000.0,1.0,18.427724681075915,17.0,20.0,1.0,0.0,111.0,1.0,10.0
11.0,22.0,11.0,21.0,-121.0,21.0,13.0,-111.0,9.992515703140779,9.0,11.0,30000.0,10000.0,19000.0,0.0,26.05049239924155,16.5,19.0,0.0,10000.0,36492.0480722297,25000.0,0.0,27.353335051780615,17.0,20.0,0.0,121.0,9.990771013956966,9.0,11.0,1.0,12003.33188116654,10000.0,19000.0,1.0,16.5,16.891890387209088,19.0,1.0,18513.77208368474,10000.0,25000.0,1.0,18.19842402471073,17.0,20.0,1.0,0.0,211.0,1.0,2.0
11.0,22.0,11.0,22.0,-121.0,11.0,11.0,-111.0,9.983736876550742,9.0,11.0,30000.0,10000.0,19000.0,0.0,24.958831470586045,16.5,19.0,0.0,10000.0,36479.281050550606,25000.0,0.0,26.25714702687799,17.0,20.0,0.0,121.0,9.982862776650125,9.0,11.0,1.0,15610.254782474824,10000.0,19000.0,1.0,16.5,17.61553117596721,19.0,1.0,22081.50888147579,10000.0,25000.0,1.0,18.912238295152445,17.0,20.0,1.0,0.0,111.0,1.0,15.0
11.0,22.0,11.0,22.0,-121.0,21.0,13.0,-111.0,10.015521254428139,9.0,11.0,30000.0,10000.0,19000.0,0.0,27.275058188765932,16.5,19.0,0.0,10000.0,36518.14792046348,25000.0,0.0,28.58245226630795,17.0,20.0,0.0,121.0,9.99989815382542,9.0,11.0,1.0,15698.977254410618,10000.0,19000.0,1.0,16.5,17.682038503750857,19.0,1.0,22230.546395254056,10000.0,25000.0,1.0,18.99212457666522,17.0,20.0,1.0,0.0,211.0,1.0,5.0
11.0,22.0,11.0,22.0,-121.0,11.0,11.0,-111.0,10.203235779331065,9.0,11.0,30000.0,10000.0,19000.0,0.0,24.04152116705993,16.5,19.0,0.0,10000.0,37082.414493130884,25000.0,0.0,25.37685380897909,17.0,20.0,0.0,122.0,10.207441541551995,9.0,11.0,1.0,15383.23558257415,10000.0,19000.0,1.0,16.5,17.59945698434425,19.0,1.0,22501.104263440393,10000.0,25000.0,1.0,18.941474229970474,17.0,20.0,1.0,0.0,111.0,1.0,17.0
11.0,22.0,11.0,22.0,-121.0,11.0,11.0,-111.0,10.192159020911962,9.0,11.0,30000.0,10000.0,19000.0,0.0,24.8490571153428,16.5,19.0,0.0,10000.0,36911.608024506975,25000.0,0.0,26.15221018603542,17.0,20.0,0.0,122.0,10.199229723529674,9.0,11.0,1.0,14079.795847222353,10000.0,19000.0,1.0,16.5,17.3679359520236,19.0,1.0,21182.94997086923,10000.0,25000.0,1.0,18.70720419105162,17.0,20.0,1.0,0.0,111.0,1.0,11.0
11.0,21.0,11.0,22.0,-121.0,21.0,13.0,-111.0,9.995599108864589,9.0,11.0,30000.0,10000.0,19000.0,0.0,28.84027647297377,16.5,19.0,0.0,10000.0,36564.78579247525,25000.0,0.0,30.156704183724944,17.0,20.0,0.0,121.0,9.992476920302256,9.0,11.0,1.0,15250.679183960747,10000.0,19000.0,1.0,16.5,17.538535526862134,19.0,1.0,21820.48310941826,10000.0,25000.0,1.0,18.85596951710557,17.0,20.0,1.0,0.0,211.0,1.0,52.0
81.0,23.0,81.0,21.0,-721.0,912.0,12.0,-711.0,15.107558674707512,12.0,17.0,30000.0,12500.0,23000.0,0.0,25.939170827899183,20.0,24.0,0.0,12500.0,33966.21399891284,26000.0,0.0,26.424049489044425,20.0,25.0,0.0,722.0,15.085955176602443,12.0,17.0,1.0,16860.52065376515,12500.0,23000.0,1.0,20.0,21.656530002889227,24.0,1.0,20872.99439587114,12500.0,26000.0,1.0,22.147064022608305,20.0,25.0,1.0,0.0,912.0,7.0,11.0
11.0,22.0,11.0,22.0,-121.0,21.0,13.0,-111.0,10.210816077588191,9.0,11.0,30000.0,10000.0,19000.0,0.0,25.263124535664943,16.5,19.0,0.0,10000.0,36976.847358689534,25000.0,0.0,26.586262246955677,17.0,20.0,0.0,122.0,10.18669598741465,9.0,11.0,1.0,14564.476680472571,10000.0,19000.0,1.0,16.5,17.466387575242113,19.0,1.0,21672.01941120273,10000.0,25000.0,1.0,18.814311263142002,17.0,20.0,1.0,0.0,211.0,1.0,36.0
11.0,22.0,11.0,22.0,-121.0,21.0,13.0,-111.0,10.193773417467527,9.0,11.0,30000.0,10000.0,19000.0,0.0,27.011504005065497,16.5,19.0,0.0,10000.0,37103.79907378879,25000.0,0.0,28.34993658504422,17.0,20.0,0.0,122.0,10.213657766302369,9.0,11.0,1.0,13824.311231225902,10000.0,19000.0,1.0,16.5,17.389664131256282,19.0,1.0,21034.873818640455,10000.0,25000.0,1.0,18.74821211195305,17.0,20.0,1.0,0.0,211.0,1.0,13.0
11.0,22.0,11.0,22.0,-121.0,11.0,12.0,-111.0,10.190045688217399,9.0,11.0,30000.0,10000.0,19000.0,0.0,24.663667337978378,16.5,19.0,0.0,10000.0,36939.159056882476,25000.0,0.0,25.971268155567337,17.0,20.0,0.0,122.0,10.179520539831561,9.0,11.0,1.0,15723.069587378259,10000.0,19000.0,1.0,16.5,17.683399156512706,19.0,1.0,22796.70278446235,10000.0,25000.0,1.0,19.016340003668763,17.0,20.0,1.0,0.0,111.0,1.0,40.0
81.0,21.0,81.0,23.0,-721.0,912.0,12.0,-711.0,15.006567853321288,12.0,17.0,30000.0,12500.0,23000.0,0.0,28.084445273272273,20.0,24.0,0.0,12500.0,33992.88421118368,26000.0,0.0,28.570233985745862,20.0,25.0,0.0,722.0,14.961632038582056,12.0,17.0,1.0,16911.833645565424,12500.0,23000.0,1.0,20.0,21.49366386185241,24.0,1.0,20943.223677874863,12500.0,26000.0,1.0,21.984137331578673,20.0,25.0,1.0,0.0,912.0,7.0,7.0
11.0,22.0,11.0,21.0,-121.0,11.0,11.0,-111.0,9.996756702981973,9.0,11.0,30000.0,10000.0,19000.0,0.0,23.832881083912824,16.5,19.0,0.0,10000.0,36418.53229279202,25000.0,0.0,25.117661307677096,17.0,20.0,0.0,121.0,9.996174403507208,9.0,11.0,1.0,13398.470879269475,10000.0,19000.0,1.0,16.5,17.206373287288997,19.0,1.0,19950.36808826223,10000.0,25000.0,1.0,18.517848805095973,17.0,20.0,1.0,0.0,111.0,1.0,54.0
91.0,24.0,91.0,24.0,-721.0,911.0,11.0,-711.0,15.259504481745143,12.0,17.0,30000.0,18000.0,36000.0,1.0,25.678413947562085,20.0,25.0,0.0,18000.0,34136.80585467208,36000.0,1.0,26.182885209826935,20.0,26.0,0.0,722.0,15.419918845891194,12.0,17.0,1.0,24474.609913437274,18000.0,36000.0,1.0,20.0,23.40679473756267,25.0,1.0,28280.610473625606,18000.0,36000.0,1.0,23.870925270691384,20.0,26.0,1.0,0.0,91121.0,7.0,9.0
11.0,22.0,11.0,21.0,-121.0,21.0,13.0,-111.0,10.221042243766574,9.0,11.0,30000.0,10000.0,19000.0,0.0,25.674148255523534,16.5,19.0,0.0,10000.0,36892.82572476442,25000.0,0.0,26.966452970145717,17.0,20.0,0.0,122.0,10.205011598950417,9.0,11.0,1.0,11672.976033881767,10000.0,19000.0,1.0,16.5,16.87238881832046,19.0,1.0,18875.27743037405,10000.0,25000.0,1.0,18.222715726685028,17.0,20.0,1.0,0.0,211.0,1.0,20.0
11.0,22.0,11.0,22.0,-121.0,11.0,11.0,-111.0,10.236703715363468,9.0,11.0,30000.0,10000.0,19000.0,0.0,23.16800921313378,16.5,19.0,0.0,10000.0,37043.72709212361,25000.0,0.0,24.499750712643507,17.0,20.0,0.0,122.0,10.197828237735724,9.0,11.0,1.0,12274.926226791375,10000.0,19000.0,1.0,16.5,17.03565153386034,19.0,1.0,19354.660941883867,10000.0,25000.0,1.0,18.374200912945636,17.0,20.0,1.0,0.0,111.0,1.0,27.0
81.0,23.0,81.0,21.0,-721.0,912.0,12.0,-711.0,15.416461964854328,12.0,17.0,30000.0,12500.0,23000.0,0.0,26.4590535830323,20.0,24.0,0.0,12500.0,33967.5649235299,26000.0,0.0,26.942002749904812,20.0,25.0,0.0,722.0,15.577037814848165,12.0,17.0,1.0,16289.478690507205,12500.0,23000.0,1.0,20.0,22.11174185358448,24.0,1.0,20289.86128825294,12500.0,26000.0,1.0,22.59868572973755,20.0,25.0,1.0,0.0,912.0,7.0,30.0
11.0,22.0,11.0,22.0,-121.0,11.0,11.0,-111.0,10.171191490150965,9.0,11.0,30000.0,10000.0,19000.0,0.0,23.510655332378192,16.5,19.0,0.0,10000.0,37097.170531743584,25000.0,0.0,24.850534570204292,17.0,20.0,0.0,122.0,10.19382326377735,9.0,11.0,1.0,13832.794066240062,10000.0,19000.0,1.0,16.5,17.354673357566114,19.0,1.0,20670.818986478662,10000.0,25000.0,1.0,18.645628334255154,17.0,20.0,1.0,0.0,111.0,1.0,27.0
91.0,24.0,91.0,21.0,-721.0,911.0,11.0,-711.0,14.599719181388883,12.0,17.0,30000.0,18000.0,36000.0,1.0,24.134543929614278,20.0,25.0,1.0,18000.0,34446.852852844895,36000.0,1.0,24.690911024430704,20.0,26.0,1.0,721.0,14.422917191480659,12.0,17.0,1.0,22814.915992714632,18000.0,36000.0,1.0,20.0,22.177781032873987,25.0,1.0,27302.3472221523,18000.0,36000.0,1.0,22.73922508306636,20.0,26.0,1.0,1.0,91121.0,7.0,15.0
11.0,21.0,11.0,22.0,-121.0,11.0,11.0,-111.0,10.225765224926588,9.0,11.0,30000.0,10000.0,19000.0,0.0,26.765719810110177,16.5,19.0,0.0,10000.0,36909.180753914094,25000.0,0.0,28.068258748416625,17.0,20.0,0.0,122.0,10.190893546522586,9.0,11.0,1.0,16140.024293060022,10000.0,19000.0,1.0,16.5,17.78502785122381,19.0,1.0,23253.931156582225,10000.0,25000.0,1.0,19.126162353744075,17.0,20.0,1.0,0.0,111.0,1.0,35.0
11.0,21.0,11.0,22.0,-121.0,21.0,13.0,-111.0,9.988222602478798,9.0,11.0,30000.0,10000.0,19000.0,0.0,28.75606566732386,16.5,19.0,0.0,10000.0,36456.728899336114,25000.0,0.0,30.048253886985915,17.0,20.0,0.0,121.0,9.990565200062619,9.0,11.0,1.0,15131.8264152333,10000.0,19000.0,1.0,16.5,17.563317352971197,19.0,1.0,21606.414149962256,10000.0,25000.0,1.0,18.859079669838092,17.0,20.0,1.0,0.0,211.0,1.0,52.0
92.0,24.0,92.0,24.0,-721.0,921.0,13.0,-711.0,15.030818919088334,12.0,17.0,30000.0,15000.0,28000.0,0.0,24.575355008507273,19.5,25.0,1.0,15000.0,34598.54305652877,28000.0,0.0,25.15007353416197,20.0,26.0,1.0,721.0,14.615426264882721,12.0,17.0,1.0,21691.02737183365,15000.0,28000.0,1.0,19.5,21.410514512261372,25.0,1.0,26188.62771927684,15000.0,28000.0,1.0,21.97261738025491,20.0,26.0,1.0,0.0,92122.0,7.0,22.0
11.0,21.0,11.0,22.0,-121.0,21.0,13.0,-111.0,10.01188435990506,9.0,11.0,30000.0,10000.0,19000.0,0.0,28.30057648762579,16.5,19.0,0.0,10000.0,36517.61417944258,25000.0,0.0,29.605514233708423,17.0,20.0,0.0,121.0,9.994156393109016,9.0,11.0,1.0,15237.438159798374,10000.0,19000.0,1.0,16.5,17.575128453788444,19.0,1.0,21803.41461238826,10000.0,25000.0,1.0,18.8897491534763,17.0,20.0,1.0,0.0,211.0,1.0,24.0
11.0,22.0,11.0,21.0,-121.0,11.0,12.0,-111.0,10.215106158181104,9.0,11.0,30000.0,10000.0,19000.0,0.0,24.095870589203816,16.5,19.0,0.0,10000.0,37083.59267803184,25000.0,0.0,25.43301314328431,17.0,20.0,0.0,122.0,10.224879169753477,9.0,11.0,1.0,13326.924611199425,10000.0,19000.0,1.0,16.5,17.21661124583477,19.0,1.0,20342.21899155818,10000.0,25000.0,1.0,18.540861392864084,17.0,20.0,1.0,0.0,111.0,1.0,45.0
11.0,22.0,11.0,21.0,-121.0,11.0,11.0,-111.0,10.207258853561648,9.0,11.0,30000.0,10000.0,19000.0,0.0,23.937204229247037,16.5,19.0,0.0,10000.0,37043.47273848721,25000.0,0.0,25.27277134837801,17.0,20.0,0.0,122.0,10.191871129129137,9.0,11.0,1.0,14177.74545084346,10000.0,19000.0,1.0,16.5,17.350875325219313,19.0,1.0,21109.78373025777,10000.0,25000.0,1.0,18.665312498228303,17.0,20.0,1.0,0.0,111.0,1.0,12.0
11.0,22.0,11.0,22.0,-121.0,11.0,11.0,-111.0,10.194650300822635,9.0,11.0,30000.0,10000.0,19000.0,0.0,25.363365084182647,16.5,19.0,0.0,10000.0,36979.26337895345,25000.0,0.0,26.679193433570344,17.0,20.0,0.0,122.0,10.184945513050549,9.0,11.0,1.0,12813.06547737327,10000.0,19000.0,1.0,16.5,17.107697743473643,19.0,1.0,20006.676313915334,10000.0,25000.0,1.0,18.46393787358949,17.0,20.0,1.0,0.0,111.0,1.0,27.0
11.0,21.0,11.0,22.0,-121.0,21.0,12.0,-111.0,10.195118292820618,9.0,11.0,30000.0,10000.0,19000.0,0.0,25.185865718283708,16.5,19.0,0.0,10000.0,36970.43732197623,25000.0,0.0,26.496523450733143,17.0,20.0,0.0,122.0,10.188243703628627,9.0,11.0,1.0,14866.984485088067,10000.0,19000.0,1.0,16.5,17.560255449702016,19.0,1.0,22019.456499293847,10000.0,25000.0,1.0,18.90514133254203,17.0,20.0,1.0,0.0,211.0,1.0,37.0
11.0,22.0,11.0,22.0,-121.0,11.0,11.0,-111.0,10.189699962296707,9.0,11.0,30000.0,10000.0,19000.0,0.0,24.830825583209446,16.5,19.0,0.0,10000.0,37101.70290241378,25000.0,0.0,26.176567712263306,17.0,20.0,0.0,122.0,10.183979837787149,9.0,11.0,1.0,12885.010012759203,10000.0,19000.0,1.0,16.5,17.178181265268456,19.0,1.0,19859.754917555878,10000.0,25000.0,1.0,18.49986540029449,17.0,20.0,1.0,0.0,111.0,1.0,55.0
11.0,22.0,11.0,22.0,-121.0,11.0,11.0,-111.0,10.003210820381225,9.0,11.0,30000.0,10000.0,19000.0,0.0,25.78859844048639,16.5,19.0,0.0,10000.0,36496.69246082352,25000.0,0.0,27.090770295389518,17.0,20.0,0.0,121.0,9.994106758598376,9.0,11.0,1.0,14811.107984146265,10000.0,19000.0,1.0,16.5,17.46270141471715,19.0,1.0,21380.55047658057,10000.0,25000.0,1.0,18.779455003968664,17.0,20.0,1.0,0.0,111.0,1.0,30.0
91.0,21.0,91.0,24.0,-721.0,911.0,12.0,-711.0,15.250577327263944,12.0,17.0,30000.0,18000.0,36000.0,1.0,25.38502107471062,20.0,25.0,0.0,18000.0,34053.07028187862,36000.0,1.0,25.878670557657877,20.0,26.0,1.0,722.0,15.199395831295114,12.0,17.0,1.0,26844.10408660912,18000.0,36000.0,1.0,20.0,23.571222439078745,25.0,1.0,30845.822695392268,18000.0,36000.0,1.0,24.058617471668846,20.0,26.0,1.0,0.0,91121.0,7.0,26.0
11.0,22.0,11.0,22.0,-121.0,21.0,12.0,-111.0,10.178471960985934,9.0,11.0,30000.0,10000.0,19000.0,0.0,24.58671965803855,16.5,19.0,0.0,10000.0,37079.64150824577,25000.0,0.0,25.918810241477313,17.0,20.0,0.0,122.0,10.218389389448275,9.0,11.0,1.0,16269.92409466137,10000.0,19000.0,1.0,16.5,17.779823119181486,19.0,1.0,23446.73705783713,10000.0,25000.0,1.0,19.130197280954057,17.0,20.0,1.0,0.0,211.0,1.0,48.0
91.0,24.0,91.0,21.0,-721.0,911.0,11.0,-711.0,14.789671726205123,12.0,17.0,30000.0,18000.0,36000.0,1.0,24.30738197545461,20.0,25.0,1.0,18000.0,34509.584705449444,36000.0,1.0,24.869468548053398,20.0,26.0,1.0,721.0,15.117873784446356,12.0,17.0,1.0,25576.630765651396,18000.0,36000.0,1.0,20.0,23.1942756896902,25.0,1.0,30066.811886673488,18000.0,36000.0,1.0,23.753943748173104,20.0,26.0,1.0,1.0,91121.0,7.0,2.0
11.0,22.0,11.0,22.0,-121.0,11.0,11.0,-111.0,9.993990462742495,9.0,11.0,30000.0,10000.0,19000.0,0.0,24.053379036764102,16.5,19.0,0.0,10000.0,36424.3403719155,25000.0,0.0,25.337256157069064,17.0,20.0,0.0,121.0,9.994949892844362,9.0,11.0,1.0,14141.37468472514,10000.0,19000.0,1.0,16.5,17.35124702342776,19.0,1.0,20573.898357554273,10000.0,25000.0,1.0,18.63675954164182,17.0,20.0,1.0,0.0,111.0,1.0,15.0
11.0,21.0,11.0,21.0,-121.0,21.0,12.0,-111.0,9.979681280062069,9.0,11.0,30000.0,10000.0,19000.0,0.0,25.382404228254266,16.5,19.0,0.0,10000.0,36477.01544629943,25000.0,0.0,26.67717081015555,17.0,20.0,0.0,121.0,10.001905169712721,9.0,11.0,1.0,14147.358821318749,10000.0,19000.0,1.0,16.5,17.33487463781502,19.0,1.0,20606.848569341942,10000.0,25000.0,1.0,18.626137802341322,17.0,20.0,1.0,0.0,211.0,1.0,6.0
91.0,21.0,91.0,24.0,-721.0,911.0,12.0,-711.0,15.075293198286646,12.0,17.0,30000.0,18000.0,36000.0,1.0,24.815204559665943,20.0,25.0,1.0,18000.0,33957.85293869688,36000.0,1.0,25.2996947756373,20.0,26.0,1.0,722.0,15.183725129399276,12.0,17.0,1.0,26375.755067074413,18000.0,36000.0,1.0,20.0,23.430564958905805,25.0,1.0,30423.786523453964,18000.0,36000.0,1.0,23.926094142262958,20.0,26.0,1.0,1.0,91121.0,7.0,19.0
91.0,24.0,91.0,21.0,-721.0,911.0,11.0,-711.0,15.296075734550485,12.0,17.0,30000.0,18000.0,36000.0,1.0,24.52932235240032,20.0,25.0,1.0,18000.0,33927.229086299136,36000.0,1.0,25.009539883507674,20.0,26.0,1.0,722.0,15.314193260473566,12.0,17.0,1.0,24142.780290103747,18000.0,36000.0,1.0,20.0,23.178505607939435,25.0,1.0,28127.07668193649,18000.0,36000.0,1.0,23.665701270438692,20.0,26.0,1.0,1.0,91121.0,7.0,3.0
92.0,24.0,92.0,24.0,-721.0,921.0,13.0,-711.0,14.983510839197303,12.0,17.0,30000.0,15000.0,28000.0,0.0,25.222284683547365,19.5,25.0,0.0,15000.0,33887.889614360094,28000.0,0.0,25.696869999150575,20.0,26.0,1.0,722.0,15.121899922033482,12.0,17.0,1.0,18929.620881864936,15000.0,28000.0,1.0,19.5,21.461780940858233,25.0,1.0,22992.478906972363,15000.0,28000.0,1.0,21.95772422869615,20.0,26.0,1.0,0.0,92122.0,7.0,25.0
11.0,22.0,11.0,21.0,-121.0,11.0,12.0,-111.0,10.017904272530117,9.0,11.0,30000.0,10000.0,19000.0,0.0,24.50620677032081,16.5,19.0,0.0,10000.0,36421.51654334683,25000.0,0.0,25.784231102765972,17.0,20.0,0.0,121.0,10.00290042441974,9.0,11.0,1.0,13244.801894960021,10000.0,19000.0,1.0,16.5,17.101565186458664,19.0,1.0,19695.308781131556,10000.0,25000.0,1.0,18.385359240633235,17.0,20.0,1.0,0.0,111.0,1.0,10.0
11.0,22.0,11.0,22.0,-121.0,21.0,13.0,-111.0,10.224162159230303,9.0,11.0,30000.0,10000.0,19000.0,0.0,24.645944830495985,16.5,19.0,0.0,10000.0,36816.31787779766,25000.0,0.0,25.930251030745417,17.0,20.0,0.0,122.0,10.173637094741448,9.0,11.0,1.0,13554.179361344372,10000.0,19000.0,1.0,16.5,17.272789497042947,19.0,1.0,20579.244696453352,10000.0,25000.0,1.0,18.59642714551965,17.0,20.0,1.0,0.0,211.0,1.0,47.0
91.0,21.0,91.0,24.0,-721.0,911.0,11.0,-711.0,15.275722944904606,12.0,17.0,30000.0,18000.0,36000.0,1.0,24.589439375953315,20.0,25.0,1.0,18000.0,34034.73801691695,36000.0,1.0,25.08140300485391,20.0,26.0,1.0,722.0,15.160973793609607,12.0,17.0,1.0,28978.535787301982,18000.0,36000.0,1.0,20.0,23.719741056311378,25.0,1.0,32982.462517161744,18000.0,36000.0,1.0,24.207947803717268,20.0,26.0,1.0,1.0,91121.0,7.0,18.0
11.0,21.0,11.0,21.0,-121.0,21.0,12.0,-111.0,9.994158127994982,9.0,11.0,30000.0,10000.0,19000.0,0.0,27.004901907987435,16.5,19.0,0.0,10000.0,36481.75280164653,25000.0,0.0,28.30100610975374,17.0,20.0,0.0,121.0,10.009164752106255,9.0,11.0,1.0,14936.802102041185,10000.0,19000.0,1.0,16.5,17.493136644201957,19.0,1.0,21435.308096847068,10000.0,25000.0,1.0,18.7925908478445,17.0,20.0,1.0,0.0,211.0,1.0,6.0
11.0,22.0,11.0,21.0,-121.0,11.0,11.0,-111.0,10.014140214830832,9.0,11.0,30000.0,10000.0,19000.0,0.0,24.839998173026743,16.5,19.0,0.0,10000.0,36485.45274283057,25000.0,0.0,26.14423664454558,17.0,20.0,0.0,121.0,10.010778241378228,9.0,11.0,1.0,16691.63127090774,10000.0,19000.0,1.0,16.5,17.86466863442466,19.0,1.0,23154.850101496697,10000.0,25000.0,1.0,19.164435818453207,17.0,20.0,1.0,0.0,111.0,1.0,39.0
91.0,21.0,91.0,24.0,-721.0,911.0,11.0,-711.0,15.182234147096793,12.0,17.0,30000.0,18000.0,36000.0,1.0,25.280442367749934,20.0,25.0,0.0,18000.0,34088.20854549106,36000.0,1.0,25.780413867205798,20.0,26.0,1.0,722.0,15.041069329898308,12.0,17.0,1.0,25334.4543417839,18000.0,36000.0,1.0,20.0,23.068891355672505,25.0,1.0,29279.106805295294,18000.0,36000.0,1.0,23.551306522381463,20.0,26.0,1.0,0.0,91121.0,7.0,18.0
11.0,22.0,11.0,22.0,-121.0,11.0,12.0,-111.0,10.222408686268142,9.0,11.0,30000.0,10000.0,19000.0,0.0,24.25186170398693,16.5,19.0,0.0,10000.0,37290.9949565952,25000.0,0.0,25.631952936509855,17.0,20.0,0.0,122.0,10.197556727228926,9.0,11.0,1.0,16564.001075741926,10000.0,19000.0,1.0,16.5,17.872279809812117,19.0,1.0,23415.558349207495,10000.0,25000.0,1.0,19.16919116121624,17.0,20.0,1.0,0.0,111.0,1.0,49.0
11.0,22.0,11.0,22.0,-121.0,11.0,11.0,-111.0,10.185523994395243,9.0,11.0,30000.0,10000.0,19000.0,0.0,25.052924121685194,16.5,19.0,0.0,10000.0,36957.635463842205,25000.0,0.0,26.360913162218438,17.0,20.0,0.0,122.0,10.198503098321003,9.0,11.0,1.0,15325.59949172968,10000.0,19000.0,1.0,16.5,17.608391222590747,19.0,1.0,22392.9341504719,10000.0,25000.0,1.0,18.937002979768206,17.0,20.0,1.0,0.0,111.0,1.0,38.0
81.0,23.0,81.0,23.0,-721.0,912.0,11.0,-711.0,15.081146049533215,12.0,17.0,30000.0,12500.0,23000.0,0.0,27.55244369273975,20.0,24.0,0.0,12500.0,33946.537105112155,26000.0,0.0,28.035134398590888,20.0,25.0,0.0,722.0,15.249154255349984,12.0,17.0,1.0,15317.09621106038,12500.0,23000.0,1.0,20.0,21.69568586659904,24.0,1.0,19352.130190544278,12500.0,26000.0,1.0,22.189200395365912,20.0,25.0,1.0,0.0,912.0,7.0,17.0
11.0,22.0,11.0,21.0,-121.0,11.0,11.0,-111.0,10.218145937644822,9.0,11.0,30000.0,10000.0,19000.0,0.0,23.39011177796957,16.5,19.0,0.0,10000.0,36883.46326889771,25000.0,0.0,24.694662800725045,17.0,20.0,0.0,122.0,10.186741608332735,9.0,11.0,1.0,15190.929591348966,10000.0,19000.0,1.0,16.5,17.572073758127573,19.0,1.0,22123.2192748439,10000.0,25000.0,1.0,18.88587834215185,17.0,20.0,1.0,0.0,111.0,1.0,1.0
91.0,24.0,91.0,21.0,-721.0,911.0,11.0,-711.0,14.96311343421548,12.0,17.0,30000.0,18000.0,36000.0,1.0,24.149692341623698,20.0,25.0,1.0,18000.0,33967.68942803033,36000.0,1.0,24.633459042537805,20.0,26.0,1.0,722.0,15.149711000807555,12.0,17.0,1.0,22897.160655406922,18000.0,36000.0,1.0,20.0,22.82764043601085,25.0,1.0,26860.6468063455,18000.0,36000.0,1.0,23.310894645831944,20.0,26.0,1.0,1.0,91121.0,7.0,21.0
11.0,22.0,11.0,22.0,-121.0,11.0,11.0,-111.0,10.220884867933304,9.0,11.0,30000.0,10000.0,19000.0,0.0,23.502546792075933,16.5,19.0,0.0,10000.0,36892.377967476685,25000.0,0.0,24.80580766333648,17.0,20.0,0.0,122.0,10.191201304906741,9.0,11.0,1.0,15986.20237351648,10000.0,19000.0,1.0,16.5,17.739350890311776,19.0,1.0,22919.186231342628,10000.0,25000.0,1.0,19.050289818156696,17.0,20.0,1.0,0.0,111.0,1.0,44.0
92.0,24.0,92.0,24.0,-721.0,921.0,13.0,-711.0,14.819409983227288,12.0,17.0,30000.0,15000.0,28000.0,0.0,24.13443660358829,19.5,25.0,1.0,15000.0,34533.54283224186,28000.0,0.0,24.701550606491928,20.0,26.0,1.0,721.0,13.739816405279857,12.0,17.0,1.0,19398.89240191838,15000.0,28000.0,1.0,19.5,20.22715866947233,25.0,1.0,23832.32773712916,15000.0,28000.0,1.0,20.78174993564164,20.0,26.0,1.0,0.0,92122.0,7.0,20.0
92.0,24.0,92.0,24.0,-721.0,921.0,13.0,-711.0,15.18494755955533,12.0,17.0,30000.0,15000.0,28000.0,0.0,24.234496279083224,19.5,25.0,1.0,15000.0,34092.43957066622,28000.0,0.0,24.73381239806115,20.0,26.0,1.0,722.0,15.493376443748382,12.0,17.0,1.0,18262.35544724791,15000.0,28000.0,1.0,19.5,21.800851853129934,25.0,1.0,22250.84294095194,15000.0,28000.0,1.0,22.28748484099934,20.0,26.0,1.0,0.0,92122.0,7.0,25.0
11.0,22.0,11.0,22.0,-121.0,21.0,13.0,-111.0,10.000107490409963,9.0,11.0,30000.0,10000.0,19000.0,0.0,27.14395780249782,16.5,19.0,0.0,10000.0,36481.13942489885,25000.0,0.0,28.43845642642826,17.0,20.0,0.0,121.0,10.013203724175595,9.0,11.0,1.0,13731.555994849949,10000.0,19000.0,1.0,16.5,17.265986835714315,19.0,1.0,20311.698730718697,10000.0,25000.0,1.0,18.58025970633396,17.0,20.0,1.0,0.0,211.0,1.0,19.0
91.0,24.0,91.0,24.0,-721.0,911.0,11.0,-711.0,15.374258100837665,12.0,17.0,30000.0,18000.0,36000.0,1.0,25.260742936099525,20.0,25.0,0.0,18000.0,34535.72066998759,36000.0,1.0,25.824951113099004,20.0,26.0,1.0,721.0,15.90046640359322,12.0,17.0,1.0,23191.077555679534,18000.0,36000.0,1.0,20.0,23.853267718047316,25.0,1.0,27640.44881074784,18000.0,36000.0,1.0,24.406734703178664,20.0,26.0,1.0,0.0,91121.0,7.0,9.0
11.0,21.0,11.0,22.0,-121.0,11.0,11.0,-111.0,9.991512391952774,9.0,11.0,30000.0,10000.0,19000.0,0.0,29.763034092200005,16.5,19.0,0.0,10000.0,36454.75979908665,25000.0,0.0,31.051613646423625,17.0,20.0,0.0,121.0,10.00030238899953,9.0,11.0,1.0,17353.716480499166,10000.0,19000.0,1.0,16.5,17.968448719400065,19.0,1.0,23882.164059590756,10000.0,25000.0,1.0,19.27173874615342,17.0,20.0,1.0,0.0,111.0,1.0,43.0
11.0,22.0,11.0,21.0,-121.0,21.0,13.0,-111.0,10.199908184722933,9.0,11.0,30000.0,10000.0,19000.0,0.0,26.366994055828187,16.5,19.0,0.0,10000.0,36993.58905285808,25000.0,0.0,27.687310614991947,17.0,20.0,0.0,122.0,10.224805387332093,9.0,11.0,1.0,10695.356922125344,10000.0,19000.0,1.0,16.5,16.707951207943168,19.0,1.0,17444.029522689358,10000.0,25000.0,1.0,17.982030099275512,17.0,20.0,1.0,0.0,211.0,1.0,2.0
91.0,24.0,91.0,24.0,-721.0,911.0,12.0,-711.0,15.153603351969345,12.0,17.0,30000.0,18000.0,36000.0,1.0,25.08067312634622,20.0,25.0,0.0,18000.0,34415.94912272415,36000.0,1.0,25.634319069300084,20.0,26.0,1.0,721.0,15.273519279203876,12.0,17.0,1.0,29011.61560725864,18000.0,36000.0,1.0,20.0,23.958942341516817,25.0,1.0,33507.85654155291,18000.0,36000.0,1.0,24.52265480346644,20.0,26.0,1.0,0.0,91121.0,7.0,1.0
11.0,22.0,11.0,21.0,-121.0,11.0,12.0,-111.0,10.215180739759262,9.0,11.0,30000.0,10000.0,19000.0,0.0,24.060171805045194,16.5,19.0,0.0,10000.0,37027.58571878554,25000.0,0.0,25.38175076342879,17.0,20.0,0.0,122.0,10.210311602251323,9.0,11.0,1.0,12358.988882430014,10000.0,19000.0,1.0,16.5,17.036991902447454,19.0,1.0,19398.61001126293,10000.0,25000.0,1.0,18.360834190701453,17.0,20.0,1.0,0.0,111.0,1.0,10.0
81.0,23.0,81.0,23.0,-721.0,912.0,12.0,-711.0,15.497542166911014,12.0,17.0,30000.0,12500.0,23000.0,0.0,26.694308549515885,20.0,24.0,0.0,12500.0,34462.64593741033,26000.0,0.0,27.25540327842375,20.0,25.0,0.0,721.0,14.303413463318222,12.0,17.0,1.0,16793.642268290787,12500.0,23000.0,1.0,20.0,20.944035963374272,24.0,1.0,21276.761346001178,12500.0,26000.0,1.0,21.507704808908834,20.0,25.0,1.0,0.0,912.0,7.0,10.0
11.0,21.0,11.0,22.0,-121.0,11.0,11.0,-111.0,10.198791142476484,9.0,11.0,30000.0,10000.0,19000.0,0.0,26.982350633185035,16.5,19.0,0.0,10000.0,36933.25498524192,25000.0,0.0,28.289310896539426,17.0,20.0,0.0,122.0,10.194517203065425,9.0,11.0,1.0,15646.058141754691,10000.0,19000.0,1.0,16.5,17.67157183854653,19.0,1.0,22618.367719853115,10000.0,25000.0,1.0,18.985894127540192,17.0,20.0,1.0,0.0,111.0,1.0,35.0
81.0,23.0,81.0,21.0,-721.0,912.0,11.0,-711.0,15.841196407882402,12.0,17.0,30000.0,12500.0,23000.0,0.0,28.696118518526134,20.0,24.0,0.0,12500.0,34516.24703709026,26000.0,0.0,29.26005717612678,20.0,25.0,0.0,721.0,14.263595685664088,12.0,17.0,1.0,16028.970431675656,12500.0,23000.0,1.0,20.0,20.755867633033596,24.0,1.0,20522.143028280574,12500.0,26000.0,1.0,21.316925011358478,20.0,25.0,1.0,0.0,912.0,7.0,12.0
11.0,22.0,11.0,21.0,-121.0,11.0,11.0,-111.0,10.00921790088703,9.0,11.0,30000.0,10000.0,19000.0,0.0,25.32772185626643,16.5,19.0,0.0,10000.0,36451.791294338465,25000.0,0.0,26.61651206926331,17.0,20.0,0.0,121.0,9.991141882653887,9.0,11.0,1.0,10666.887294530996,10000.0,19000.0,1.0,16.5,16.600863883512417,19.0,1.0,17200.9002941425,10000.0,25000.0,1.0,17.90607845436861,17.0,20.0,1.0,0.0,111.0,1.0,12.0
11.0,21.0,11.0,22.0,-121.0,11.0,12.0,-111.0,10.169405552903914,9.0,11.0,30000.0,10000.0,19000.0,0.0,24.810423311502504,16.5,19.0,0.0,10000.0,37154.60098659533,25000.0,0.0,26.160649652302133,17.0,20.0,0.0,122.0,10.194008340556637,9.0,11.0,1.0,14468.352295511919,10000.0,19000.0,1.0,16.5,17.463042677948746,19.0,1.0,21491.374787731063,10000.0,25000.0,1.0,18.788437340598563,17.0,20.0,1.0,0.0,111.0,1.0,7.0
11.0,22.0,11.0,22.0,-121.0,21.0,13.0,-111.0,10.204245097829334,9.0,11.0,30000.0,10000.0,19000.0,0.0,25.943828545186832,16.5,19.0,0.0,10000.0,37083.54040605619,25000.0,0.0,27.28799154290526,17.0,20.0,0.0,122.0,10.190518997390852,9.0,11.0,1.0,13670.854099552693,10000.0,19000.0,1.0,16.5,17.325557387491497,19.0,1.0,20624.773488834522,10000.0,25000.0,1.0,18.645123677280402,17.0,20.0,1.0,0.0,211.0,1.0,16.0
91.0,24.0,91.0,24.0,-721.0,911.0,11.0,-711.0,13.970262176088992,12.0,17.0,30000.0,18000.0,36000.0,1.0,24.1736873281683,20.0,25.0,1.0,18000.0,34495.61870602294,36000.0,1.0,24.737351752726155,20.0,26.0,1.0,721.0,14.50025253717437,12.0,17.0,1.0,25522.53190933477,18000.0,36000.0,1.0,20.0,22.74130398639292,25.0,1.0,30034.538668579462,18000.0,36000.0,1.0,23.307023158738104,20.0,26.0,1.0,1.0,91121.0,7.0,4.0
11.0,22.0,11.0,21.0,-121.0,21.0,13.0,-111.0,10.209093969129741,9.0,11.0,30000.0,10000.0,19000.0,0.0,25.406947005799402,16.5,19.0,0.0,10000.0,37138.25525427837,25000.0,0.0,26.75106690063967,17.0,20.0,0.0,122.0,10.22235141255091,9.0,11.0,1.0,12349.099024405656,10000.0,19000.0,1.0,16.5,17.008361250082164,19.0,1.0,19300.4193584595,10000.0,25000.0,1.0,18.31728165480003,17.0,20.0,1.0,0.0,211.0,1.0,2.0
91.0,24.0,91.0,24.0,-721.0,911.0,12.0,-711.0,15.338420266339245,12.0,17.0,30000.0,18000.0,36000.0,1.0,24.41641414399502,20.0,25.0,1.0,18000.0,34044.401439561996,36000.0,1.0,24.909906015374464,20.0,26.0,1.0,722.0,15.125320287170942,12.0,17.0,1.0,30130.010311415517,18000.0,36000.0,1.0,20.0,23.83550371487064,25.0,1.0,34125.830770867076,18000.0,36000.0,1.0,24.323067807035677,20.0,26.0,1.0,1.0,91121.0,7.0,32.0
81.0,23.0,81.0,21.0,-721.0,912.0,11.0,-711.0,14.920983747143513,12.0,17.0,30000.0,12500.0,23000.0,0.0,25.9514302642064,20.0,24.0,0.0,12500.0,33986.76029390206,26000.0,0.0,26.4376501853424,20.0,25.0,0.0,722.0,15.373375711784844,12.0,17.0,1.0,13861.884977941001,12500.0,23000.0,1.0,20.0,21.42487205883227,24.0,1.0,17836.689071215147,12500.0,26000.0,1.0,21.909633817827125,20.0,25.0,1.0,0.0,912.0,7.0,12.0
11.0,22.0,11.0,21.0,-121.0,21.0,13.0,-111.0,9.98922749654388,9.0,11.0,30000.0,10000.0,19000.0,0.0,25.543843732657123,16.5,19.0,0.0,10000.0,36533.32475428461,25000.0,0.0,26.8540081078041,17.0,20.0,0.0,121.0,10.000032608105968,9.0,11.0,1.0,12452.923949103895,10000.0,19000.0,1.0,16.5,16.996330721851912,19.0,1.0,18938.23957270042,10000.0,25000.0,1.0,18.29686755588086,17.0,20.0,1.0,0.0,211.0,1.0,58.0
11.0,22.0,11.0,22.0,-121.0,11.0,11.0,-111.0,9.987623085559367,9.0,11.0,30000.0,10000.0,19000.0,0.0,23.42875925429044,16.5,19.0,0.0,10000.0,36454.1067751879,25000.0,0.0,24.725596918369334,17.0,20.0,0.0,121.0,9.99494644569527,9.0,11.0,1.0,15333.921956638815,10000.0,19000.0,1.0,16.5,17.62480984689565,19.0,1.0,21828.518187262824,10000.0,25000.0,1.0,18.92978314501913,17.0,20.0,1.0,0.0,111.0,1.0,44.0
11.0,22.0,11.0,21.0,-121.0,21.0,13.0,-111.0,10.002465530839737,9.0,11.0,30000.0,10000.0,19000.0,0.0,25.39330984219019,16.5,19.0,0.0,10000.0,36388.85179958514,25000.0,0.0,26.6772098664028,17.0,20.0,0.0,121.0,9.987574992107563,9.0,11.0,1.0,14141.60500075129,10000.0,19000.0,1.0,16.5,17.30924291204599,19.0,1.0,20688.95140176721,10000.0,25000.0,1.0,18.624993921223965,17.0,20.0,1.0,0.0,211.0,1.0,20.0
11.0,22.0,11.0,22.0,-121.0,21.0,13.0,-111.0,10.205954461862717,9.0,11.0,30000.0,10000.0,19000.0,0.0,25.360879037541626,16.5,19.0,0.0,10000.0,37058.87391986325,25000.0,0.0,26.6926577204257,17.0,20.0,0.0,122.0,10.2082100468905,9.0,11.0,1.0,13748.952062605793,10000.0,19000.0,1.0,16.5,17.32198029676614,19.0,1.0,20732.676468637907,10000.0,25000.0,1.0,18.63958072378595,17.0,20.0,1.0,0.0,211.0,1.0,5.0
11.0,22.0,11.0,22.0,-121.0,11.0,12.0,-111.0,9.995052573425857,9.0,11.0,30000.0,10000.0,19000.0,0.0,24.354641876113327,16.5,19.0,0.0,10000.0,36545.90009388522,25000.0,0.0,25.662403657132504,17.0,20.0,0.0,121.0,10.010816659597952,9.0,11.0,1.0,15715.119903299077,10000.0,19000.0,1.0,16.5,17.694977140561246,19.0,1.0,22259.35034092759,10000.0,25000.0,1.0,19.002405352077584,17.0,20.0,1.0,0.0,111.0,1.0,14.0
81.0,23.0,81.0,21.0,-721.0,912.0,12.0,-711.0,14.299914702970302,12.0,17.0,30000.0,12500.0,23000.0,0.0,25.2131342531151,20.0,24.0,0.0,12500.0,34532.64553503853,26000.0,0.0,25.780185006798362,20.0,25.0,0.0,721.0,14.169350159743779,12.0,17.0,1.0,14518.844998007322,12500.0,23000.0,1.0,20.0,20.472234646196213,24.0,1.0,19056.9303148197,12500.0,26000.0,1.0,21.039965936738334,20.0,25.0,1.0,0.0,912.0,7.0,11.0
11.0,22.0,11.0,21.0,-121.0,11.0,11.0,-111.0,10.008087908138247,9.0,11.0,30000.0,10000.0,19000.0,0.0,23.526838548455903,16.5,19.0,0.0,10000.0,36623.97028080953,25000.0,0.0,24.84943133463924,17.0,20.0,0.0,121.0,9.981224319041528,9.0,11.0,1.0,12201.46014735577,10000.0,19000.0,1.0,16.5,16.88255870759947,19.0,1.0,18737.883166784697,10000.0,25000.0,1.0,18.187671135109166,17.0,20.0,1.0,0.0,111.0,1.0,12.0
91.0,24.0,91.0,21.0,-721.0,911.0,11.0,-711.0,15.619879534881761,12.0,17.0,30000.0,18000.0,36000.0,1.0,24.692541089684546,20.0,25.0,1.0,18000.0,34512.37361236158,36000.0,1.0,25.25773888789984,20.0,26.0,1.0,721.0,15.177560595980077,12.0,17.0,1.0,24186.981286570535,18000.0,36000.0,1.0,20.0,23.215052415793853,25.0,1.0,28693.345874341445,18000.0,36000.0,1.0,23.77949755304624,20.0,26.0,1.0,1.0,91121.0,7.0,21.0
11.0,22.0,11.0,22.0,-121.0,11.0,11.0,-111.0,10.186413633186497,9.0,11.0,30000.0,10000.0,19000.0,0.0,24.08036044142784,16.5,19.0,0.0,10000.0,36971.43092941337,25000.0,0.0,25.392598458264203,17.0,20.0,0.0,122.0,10.221776767618866,9.0,11.0,1.0,15316.828519284822,10000.0,19000.0,1.0,16.5,17.660649032561253,19.0,1.0,22351.279680373147,10000.0,25000.0,1.0,18.984749397984448,17.0,20.0,1.0,0.0,111.0,1.0,38.0
11.0,21.0,11.0,22.0,-121.0,21.0,13.0,-111.0,10.002592380384888,9.0,11.0,30000.0,10000.0,19000.0,0.0,26.57298052686339,16.5,19.0,0.0,10000.0,36596.56707366584,25000.0,0.0,27.890265699672568,17.0,20.0,0.0,121.0,9.99263584154509,9.0,11.0,1.0,14867.275640022815,10000.0,19000.0,1.0,16.5,17.469087713004274,19.0,1.0,21335.536212645733,10000.0,25000.0,1.0,18.76075103591616,17.0,20.0,1.0,0.0,211.0,1.0,59.0
11.0,22.0,11.0,22.0,-121.0,11.0,11.0,-111.0,10.193401513993829,9.0,11.0,30000.0,10000.0,19000.0,0.0,24.117891128968218,16.5,19.0,0.0,10000.0,36825.17061591317,25000.0,0.0,25.409737806850092,17.0,20.0,0.0,122.0,10.189294115653016,9.0,11.0,1.0,14634.965759157722,10000.0,19000.0,1.0,16.5,17.53778333915925,19.0,1.0,21760.41723805758,10000.0,25000.0,1.0,18.88646622775451,17.0,20.0,1.0,0.0,111.0,1.0,57.0
11.0,21.0,11.0,22.0,-121.0,21.0,13.0,-111.0,10.209384156847046,9.0,11.0,30000.0,10000.0,19000.0,0.0,28.750819765523197,16.5,19.0,0.0,10000.0,37145.578248968144,25000.0,0.0,30.0993065748297,17.0,20.0,0.0,122.0,10.218842939095342,9.0,11.0,1.0,14704.036272188905,10000.0,19000.0,1.0,16.5,17.54433538471706,19.0,1.0,21645.86445100162,10000.0,25000.0,1.0,18.854371242620218,17.0,20.0,1.0,0.0,211.0,1.0,24.0
11.0,22.0,11.0,22.0,-121.0,21.0,13.0,-111.0,9.996381075980928,9.0,11.0,30000.0,10000.0,19000.0,0.0,25.215832043416526,16.5,19.0,0.0,10000.0,36443.645857987336,25000.0,0.0,26.50439302401201,17.0,20.0,0.0,121.0,10.001488022670504,9.0,11.0,1.0,13175.417260860939,10000.0,19000.0,1.0,16.5,17.161342640980884,19.0,1.0,19735.400103307187,10000.0,25000.0,1.0,18.473167981859,17.0,20.0,1.0,0.0,211.0,1.0,28.0
11.0,22.0,11.0,21.0,-121.0,11.0,11.0,-111.0,10.002383053956551,9.0,11.0,30000.0,10000.0,19000.0,0.0,23.914537225873698,16.5,19.0,0.0,10000.0,36499.3592076912,25000.0,0.0,25.218010820510823,17.0,20.0,0.0,121.0,10.000067537200616,9.0,11.0,1.0,15106.451810854725,10000.0,19000.0,1.0,16.5,17.515935783709082,19.0,1.0,21604.823087546734,10000.0,25000.0,1.0,18.81921124466416,17.0,20.0,1.0,0.0,111.0,1.0,0.0
91.0,24.0,91.0,24.0,-721.0,911.0,12.0,-711.0,14.936688079082636,12.0,17.0,30000.0,18000.0,36000.0,1.0,23.98505413680096,20.0,25.0,1.0,18000.0,34487.389250570996,36000.0,1.0,24.546036000257512,20.0,26.0,1.0,721.0,14.452370141700447,12.0,17.0,1.0,29785.70306874116,18000.0,36000.0,1.0,20.0,23.231530778853184,25.0,1.0,34295.29748730521,18000.0,36000.0,1.0,23.795288576338084,20.0,26.0,1.0,1.0,91121.0,7.0,8.0
11.0,21.0,11.0,22.0,-121.0,11.0,12.0,-111.0,9.98522437909086,9.0,11.0,30000.0,10000.0,19000.0,0.0,25.141563815268782,16.5,19.0,0.0,10000.0,36464.28822744356,25000.0,0.0,26.436447773688723,17.0,20.0,0.0,121.0,10.01452166944933,9.0,11.0,1.0,17424.216485606754,10000.0,19000.0,1.0,16.5,18.01861435880149,19.0,1.0,23882.163837747197,10000.0,25000.0,1.0,19.31222815453322,17.0,20.0,1.0,0.0,111.0,1.0,51.0
11.0,22.0,11.0,22.0,-121.0,11.0,11.0,-111.0,10.201256537270742,9.0,11.0,30000.0,10000.0,19000.0,0.0,24.226066339963445,16.5,19.0,0.0,10000.0,37153.463709988035,25000.0,0.0,25.580283734653662,17.0,20.0,0.0,122.0,10.17472961978249,9.0,11.0,1.0,11455.031543136,10000.0,19000.0,1.0,16.5,16.85589468602449,19.0,1.0,18497.688322747676,10000.0,25000.0,1.0,18.189135295390646,17.0,20.0,1.0,0.0,111.0,1.0,57.0
11.0,22.0,11.0,21.0,-121.0,11.0,11.0,-111.0,10.190714801088648,9.0,11.0,30000.0,10000.0,19000.0,0.0,23.65485175186048,16.5,19.0,0.0,10000.0,37051.589642282685,25000.0,0.0,24.978114242434046,17.0,20.0,0.0,122.0,10.204595038187556,9.0,11.0,1.0,16066.017285138345,10000.0,19000.0,1.0,16.5,17.72064040196873,19.0,1.0,23063.067236535186,10000.0,25000.0,1.0,19.03366827441251,17.0,20.0,1.0,0.0,111.0,1.0,54.0
11.0,22.0,11.0,22.0,-121.0,11.0,11.0,-111.0,10.187950583956901,9.0,11.0,30000.0,10000.0,19000.0,0.0,25.851127117054524,16.5,19.0,0.0,10000.0,37079.42903631715,25000.0,0.0,27.18454551100084,17.0,20.0,0.0,122.0,10.216101800048175,9.0,11.0,1.0,15691.38775700557,10000.0,19000.0,1.0,16.5,17.698722201598464,19.0,1.0,22723.988244616685,10000.0,25000.0,1.0,19.023320385908367,17.0,20.0,1.0,0.0,111.0,1.0,15.0
11.0,22.0,11.0,22.0,-121.0,21.0,13.0,-111.0,10.20725426356893,9.0,11.0,30000.0,10000.0,19000.0,0.0,24.407606604607608,16.5,19.0,0.0,10000.0,36949.203630609445,25000.0,0.0,25.717876405586278,17.0,20.0,0.0,122.0,10.176814842658484,9.0,11.0,1.0,15257.73259026226,10000.0,19000.0,1.0,16.5,17.584448891802346,19.0,1.0,22301.22875968531,10000.0,25000.0,1.0,18.912497516461023,17.0,20.0,1.0,0.0,211.0,1.0,22.0
11.0,22.0,11.0,21.0,-121.0,21.0,13.0,-111.0,10.00772060918968,9.0,11.0,30000.0,10000.0,19000.0,0.0,26.446963968140423,16.5,19.0,0.0,10000.0,36452.714718785355,25000.0,0.0,27.737722975335494,17.0,20.0,0.0,121.0,10.004019461212078,9.0,11.0,1.0,13243.500786718967,10000.0,19000.0,1.0,16.5,17.157296222469782,19.0,1.0,19674.81258820065,10000.0,25000.0,1.0,18.443773929546385,17.0,20.0,1.0,0.0,211.0,1.0,33.0
11.0,22.0,11.0,22.0,-121.0,11.0,11.0,-111.0,10.001350615473301,9.0,11.0,30000.0,10000.0,19000.0,0.0,25.703486562960556,16.5,19.0,0.0,10000.0,36501.251742447734,25000.0,0.0,27.00215894577378,17.0,20.0,0.0,121.0,9.988064311091593,9.0,11.0,1.0,15058.205425655435,10000.0,19000.0,1.0,16.5,17.510692349129243,19.0,1.0,21554.193059744808,10000.0,25000.0,1.0,18.808313187960483,17.0,20.0,1.0,0.0,111.0,1.0,11.0
11.0,21.0,11.0,22.0,-121.0,21.0,13.0,-111.0,10.236250373873727,9.0,11.0,30000.0,10000.0,19000.0,0.0,25.982806605960498,16.5,19.0,0.0,10000.0,37109.372902164396,25000.0,0.0,27.32760045760311,17.0,20.0,0.0,122.0,10.212704053674104,9.0,11.0,1.0,13920.724262971953,10000.0,19000.0,1.0,16.5,17.33903680838261,19.0,1.0,20860.183665482044,10000.0,25000.0,1.0,18.65169018395361,17.0,20.0,1.0,0.0,211.0,1.0,9.0
11.0,22.0,11.0,21.0,-121.0,11.0,11.0,-111.0,10.003843601520904,9.0,11.0,30000.0,10000.0,19000.0,0.0,26.232272709500833,16.5,19.0,0.0,10000.0,36500.94587525792,25000.0,0.0,27.5312193757901,17.0,20.0,0.0,121.0,10.003412680357263,9.0,11.0,1.0,12104.69956637273,10000.0,19000.0,1.0,16.5,16.92380354083685,19.0,1.0,18614.955310265963,10000.0,25000.0,1.0,18.224610401482366,17.0,20.0,1.0,0.0,111.0,1.0,1.0
11.0,22.0,11.0,22.0,-121.0,11.0,12.0,-111.0,10.002485190877177,9.0,11.0,30000.0,10000.0,19000.0,0.0,24.569218154822842,16.5,19.0,0.0,10000.0,36445.144224514705,25000.0,0.0,25.858090782150413,17.0,20.0,0.0,121.0,10.015945866249192,9.0,11.0,1.0,15984.323596756776,10000.0,19000.0,1.0,16.5,17.74639737016853,19.0,1.0,22514.05872820394,10000.0,25000.0,1.0,19.052186128565964,17.0,20.0,1.0,0.0,111.0,1.0,14.0
11.0,22.0,11.0,22.0,-121.0,21.0,13.0,-111.0,9.995495933627637,9.0,11.0,30000.0,10000.0,19000.0,0.0,25.880640038181507,16.5,19.0,0.0,10000.0,36523.75528001305,25000.0,0.0,27.18488553276911,17.0,20.0,0.0,121.0,9.998897340605458,9.0,11.0,1.0,15032.699317610472,10000.0,19000.0,1.0,16.5,17.545087864069096,19.0,1.0,21553.284155225978,10000.0,25000.0,1.0,18.84869951587208,17.0,20.0,1.0,0.0,211.0,1.0,36.0
92.0,24.0,92.0,24.0,-721.0,921.0,13.0,-711.0,14.821411604053273,12.0,17.0,30000.0,15000.0,28000.0,0.0,24.254182240920038,19.5,25.0,1.0,15000.0,34485.72164099834,28000.0,0.0,24.812736629242703,20.0,26.0,1.0,721.0,15.157660168252402,12.0,17.0,1.0,20483.512408697385,15000.0,28000.0,1.0,19.5,21.7472016707595,25.0,1.0,24988.20391537974,15000.0,28000.0,1.0,22.308118154319388,20.0,26.0,1.0,0.0,92122.0,7.0,25.0
11.0,22.0,11.0,21.0,-121.0,11.0,11.0,-111.0,9.995336186910814,9.0,11.0,30000.0,10000.0,19000.0,0.0,24.55868511386745,16.5,19.0,0.0,10000.0,36537.54323886184,25000.0,0.0,25.87081851832654,17.0,20.0,0.0,121.0,9.986647164482806,9.0,11.0,1.0,13299.884254704932,10000.0,19000.0,1.0,16.5,17.14041502565955,19.0,1.0,19878.560702975574,10000.0,25000.0,1.0,18.46080417025311,17.0,20.0,1.0,0.0,111.0,1.0,26.0
11.0,22.0,11.0,21.0,-121.0,11.0,12.0,-111.0,9.973401250815327,9.0,11.0,30000.0,10000.0,19000.0,0.0,24.328182900782956,16.5,19.0,0.0,10000.0,36472.88675536956,25000.0,0.0,25.622796813427946,17.0,20.0,0.0,121.0,9.983831197968442,9.0,11.0,1.0,14978.755882457539,10000.0,19000.0,1.0,16.5,17.44288915602361,19.0,1.0,21552.412542453705,10000.0,25000.0,1.0,18.75765761878448,17.0,20.0,1.0,0.0,111.0,1.0,45.0
11.0,22.0,11.0,22.0,-121.0,11.0,12.0,-111.0,10.000192315981854,9.0,11.0,30000.0,10000.0,19000.0,0.0,24.947682386133202,16.5,19.0,0.0,10000.0,36554.45263281209,25000.0,0.0,26.255337482722407,17.0,20.0,0.0,121.0,10.009803402691183,9.0,11.0,1.0,15397.323007848618,10000.0,19000.0,1.0,16.5,17.566063293333098,19.0,1.0,21898.706655371967,10000.0,25000.0,1.0,18.863130788947622,17.0,20.0,1.0,0.0,111.0,1.0,14.0
11.0,22.0,11.0,22.0,-121.0,21.0,12.0,-111.0,10.21636492806702,9.0,11.0,30000.0,10000.0,19000.0,0.0,22.639192833836983,16.5,19.0,0.0,10000.0,36995.424871304924,25000.0,0.0,23.96132016766214,17.0,20.0,0.0,122.0,10.188434603405547,9.0,11.0,1.0,15587.190082246698,10000.0,19000.0,1.0,16.5,17.619310867968395,19.0,1.0,22747.60305932239,10000.0,25000.0,1.0,18.972620765884887,17.0,20.0,1.0,0.0,211.0,1.0,25.0
11.0,21.0,11.0,22.0,-121.0,21.0,12.0,-111.0,10.186689065256722,9.0,11.0,30000.0,10000.0,19000.0,0.0,24.3813454235875,16.5,19.0,0.0,10000.0,37049.951505150384,25000.0,0.0,25.713147952025313,17.0,20.0,0.0,122.0,10.186991602876352,9.0,11.0,1.0,16576.642658622448,10000.0,19000.0,1.0,16.5,17.847288015661984,19.0,1.0,23565.74626212487,10000.0,25000.0,1.0,19.167595799886918,17.0,20.0,1.0,0.0,211.0,1.0,37.0
81.0,23.0,81.0,23.0,-721.0,912.0,11.0,-711.0,15.139728914939186,12.0,17.0,30000.0,12500.0,23000.0,0.0,27.08255473868268,20.0,24.0,0.0,12500.0,34569.85766860442,26000.0,0.0,27.65272593718256,20.0,25.0,0.0,721.0,14.463738326007222,12.0,17.0,1.0,19219.668522578748,12500.0,23000.0,1.0,20.0,21.485337938067815,24.0,1.0,23696.748850415977,12500.0,26000.0,1.0,22.043933509619336,20.0,25.0,1.0,0.0,912.0,7.0,17.0
11.0,22.0,11.0,22.0,-121.0,11.0,11.0,-111.0,10.002165446135306,9.0,11.0,30000.0,10000.0,19000.0,0.0,24.86235706881936,16.5,19.0,0.0,10000.0,36485.70397007405,25000.0,0.0,26.162856161728435,17.0,20.0,0.0,121.0,10.002829468366627,9.0,11.0,1.0,11917.057765833431,10000.0,19000.0,1.0,16.5,16.894903020078267,19.0,1.0,18387.341910612562,10000.0,25000.0,1.0,18.192310163539542,17.0,20.0,1.0,0.0,111.0,1.0,55.0
11.0,22.0,11.0,21.0,-121.0,11.0,12.0,-111.0,9.986072080848645,9.0,11.0,30000.0,10000.0,19000.0,0.0,24.600536000661847,16.5,19.0,0.0,10000.0,36594.699914918165,25000.0,0.0,25.919074297894912,17.0,20.0,0.0,121.0,10.00173686962042,9.0,11.0,1.0,13893.922188962251,10000.0,19000.0,1.0,16.5,17.243123069352013,19.0,1.0,20508.663039931016,10000.0,25000.0,1.0,18.565668333093946,17.0,20.0,1.0,0.0,111.0,1.0,46.0
92.0,24.0,92.0,24.0,-721.0,921.0,13.0,-711.0,15.067220832882624,12.0,17.0,30000.0,15000.0,28000.0,0.0,24.162252214885058,19.5,25.0,1.0,15000.0,34036.12497057722,28000.0,0.0,24.65542352912185,20.0,26.0,1.0,722.0,15.072852076240018,12.0,17.0,1.0,20110.012198647823,15000.0,28000.0,1.0,19.5,21.564586636175687,25.0,1.0,24060.650300790443,15000.0,28000.0,1.0,22.047312369177206,20.0,26.0,1.0,0.0,92122.0,7.0,25.0
11.0,21.0,11.0,22.0,-121.0,21.0,13.0,-111.0,10.173380382180811,9.0,11.0,30000.0,10000.0,19000.0,0.0,25.736131755720756,16.5,19.0,0.0,10000.0,36884.72057064472,25000.0,0.0,27.033595350682603,17.0,20.0,0.0,122.0,10.182076056741796,9.0,11.0,1.0,13294.831967527207,10000.0,19000.0,1.0,16.5,17.19939542031483,19.0,1.0,20363.33228861011,10000.0,25000.0,1.0,18.531493323704733,17.0,20.0,1.0,0.0,211.0,1.0,52.0
11.0,22.0,11.0,21.0,-121.0,21.0,13.0,-111.0,10.20796340305358,9.0,11.0,30000.0,10000.0,19000.0,0.0,26.285158192583545,16.5,19.0,0.0,10000.0,36874.82684118378,25000.0,0.0,27.580889922809988,17.0,20.0,0.0,122.0,10.226106118983918,9.0,11.0,1.0,11910.819735613788,10000.0,19000.0,1.0,16.5,16.947011523725983,19.0,1.0,18872.43751211816,10000.0,25000.0,1.0,18.259101159597005,17.0,20.0,1.0,0.0,211.0,1.0,33.0
11.0,21.0,11.0,22.0,-121.0,21.0,13.0,-111.0,10.205039920921916,9.0,11.0,30000.0,10000.0,19000.0,0.0,24.86148640479471,16.5,19.0,0.0,10000.0,37057.50932015977,25000.0,0.0,26.187027255920533,17.0,20.0,0.0,122.0,10.180520237866121,9.0,11.0,1.0,13640.450309455367,10000.0,19000.0,1.0,16.5,17.30690265461752,19.0,1.0,20600.829495965198,10000.0,25000.0,1.0,18.614200531602233,17.0,20.0,1.0,0.0,211.0,1.0,32.0
11.0,21.0,11.0,21.0,-121.0,11.0,11.0,-111.0,9.986060118833185,9.0,11.0,30000.0,10000.0,19000.0,0.0,23.770698614854737,16.5,19.0,0.0,10000.0,36539.104820263354,25000.0,0.0,25.074822618348797,17.0,20.0,0.0,121.0,9.988249375430412,9.0,11.0,1.0,15610.043096375202,10000.0,19000.0,1.0,16.5,17.592218369827066,19.0,1.0,22144.5685948297,10000.0,25000.0,1.0,18.895429097933317,17.0,20.0,1.0,0.0,111.0,1.0,56.0
11.0,21.0,11.0,22.0,-121.0,21.0,12.0,-111.0,10.010829806109538,9.0,11.0,30000.0,10000.0,19000.0,0.0,24.860215098338283,16.5,19.0,0.0,10000.0,36510.32985617702,25000.0,0.0,26.15773092708491,17.0,20.0,0.0,121.0,10.004436106112443,9.0,11.0,1.0,15964.010592397346,10000.0,19000.0,1.0,16.5,17.763569736774244,19.0,1.0,22469.44690497248,10000.0,25000.0,1.0,19.06011027695295,17.0,20.0,1.0,0.0,211.0,1.0,37.0
11.0,22.0,11.0,22.0,-121.0,11.0,11.0,-111.0,10.006735935817826,9.0,11.0,30000.0,10000.0,19000.0,0.0,23.633822492268422,16.5,19.0,0.0,10000.0,36496.76191955308,25000.0,0.0,24.935134196777664,17.0,20.0,0.0,121.0,9.99551756690622,9.0,11.0,1.0,18924.44670558739,10000.0,19000.0,1.0,16.5,18.32026414084725,19.0,1.0,25363.983106383144,10000.0,25000.0,0.0,19.610113483294032,17.0,20.0,1.0,0.0,111.0,1.0,15.0
11.0,22.0,11.0,22.0,-121.0,11.0,11.0,-111.0,10.00173898332725,9.0,11.0,30000.0,10000.0,19000.0,0.0,24.27464337290283,16.5,19.0,0.0,10000.0,36513.646864494105,25000.0,0.0,25.57562144187284,17.0,20.0,0.0,121.0,10.000797234127893,9.0,11.0,1.0,15793.052434382673,10000.0,19000.0,1.0,16.5,17.675858148194052,19.0,1.0,22449.88569265625,10000.0,25000.0,1.0,19.005434997840588,17.0,20.0,1.0,0.0,111.0,1.0,30.0
11.0,22.0,11.0,21.0,-121.0,21.0,13.0,-111.0,10.19059235575031,9.0,11.0,30000.0,10000.0,19000.0,0.0,24.997513735213793,16.5,19.0,0.0,10000.0,37128.14930888992,25000.0,0.0,26.34558138854953,17.0,20.0,0.0,122.0,10.195480979361294,9.0,11.0,1.0,13959.679105894083,10000.0,19000.0,1.0,16.5,17.31001938886546,19.0,1.0,20834.709664528316,10000.0,25000.0,1.0,18.610217506240872,17.0,20.0,1.0,0.0,211.0,1.0,2.0
11.0,22.0,11.0,22.0,-121.0,11.0,11.0,-111.0,10.216515793302092,9.0,11.0,30000.0,10000.0,19000.0,0.0,23.3343766797896,16.5,19.0,0.0,10000.0,36979.92708104378,25000.0,0.0,24.650567559445765,17.0,20.0,0.0,122.0,10.214568487073683,9.0,11.0,1.0,15374.394097312494,10000.0,19000.0,1.0,16.5,17.63392519013058,19.0,1.0,22323.27186148996,10000.0,25000.0,1.0,18.944261162249102,17.0,20.0,1.0,0.0,111.0,1.0,15.0
11.0,21.0,11.0,22.0,-121.0,21.0,13.0,-111.0,9.988612132282016,9.0,11.0,30000.0,10000.0,19000.0,0.0,26.359959067507972,16.5,19.0,0.0,10000.0,36450.48827953733,25000.0,0.0,27.640040210363427,17.0,20.0,0.0,121.0,9.984868865017111,9.0,11.0,1.0,12912.802044375743,10000.0,19000.0,1.0,16.5,17.046710620200262,19.0,1.0,19411.23967592103,10000.0,25000.0,1.0,18.336307176255094,17.0,20.0,1.0,0.0,211.0,1.0,9.0
11.0,22.0,11.0,22.0,-121.0,11.0,11.0,-111.0,10.007167099918334,9.0,11.0,30000.0,10000.0,19000.0,0.0,25.74284335371172,16.5,19.0,0.0,10000.0,36556.14741763598,25000.0,0.0,27.05067084446425,17.0,20.0,0.0,121.0,9.988300932269956,9.0,11.0,1.0,15398.18668710794,10000.0,19000.0,1.0,16.5,17.62592221718154,19.0,1.0,21793.2166226822,10000.0,25000.0,1.0,18.90160981557681,17.0,20.0,1.0,0.0,111.0,1.0,44.0
11.0,22.0,11.0,22.0,-121.0,21.0,13.0,-111.0,10.196378065237361,9.0,11.0,30000.0,10000.0,19000.0,0.0,25.80822304544712,16.5,19.0,0.0,10000.0,37049.28675819888,25000.0,0.0,27.143455938847254,17.0,20.0,0.0,122.0,10.202702305990613,9.0,11.0,1.0,14296.07804043072,10000.0,19000.0,1.0,16.5,17.43121953172443,19.0,1.0,21418.433782425775,10000.0,25000.0,1.0,18.7802927062762,17.0,20.0,1.0,0.0,211.0,1.0,41.0
11.0,22.0,11.0,22.0,-121.0,11.0,12.0,-111.0,10.181542428967328,9.0,11.0,30000.0,10000.0,19000.0,0.0,24.8218995955233,16.5,19.0,0.0,10000.0,36969.67345475943,25000.0,0.0,26.136466638712644,17.0,20.0,0.0,122.0,10.219489524085281,9.0,11.0,1.0,14587.174057554914,10000.0,19000.0,1.0,16.5,17.4790713344035,19.0,1.0,21505.092415757434,10000.0,25000.0,1.0,18.783876723091755,17.0,20.0,1.0,0.0,111.0,1.0,42.0
91.0,24.0,91.0,24.0,-721.0,911.0,12.0,-711.0,15.448240937362224,12.0,17.0,30000.0,18000.0,36000.0,1.0,24.045565552560767,20.0,25.0,1.0,18000.0,34006.44007578574,36000.0,1.0,24.533617101487202,20.0,26.0,1.0,722.0,15.23651907464405,12.0,17.0,1.0,25822.372581852567,18000.0,36000.0,1.0,20.0,23.40142176507579,25.0,1.0,29951.51185998983,18000.0,36000.0,1.0,23.904420133279924,20.0,26.0,1.0,1.0,91121.0,7.0,24.0
11.0,22.0,11.0,21.0,-121.0,21.0,13.0,-111.0,10.02019370581231,9.0,11.0,30000.0,10000.0,19000.0,0.0,26.72242700162759,16.5,19.0,0.0,10000.0,36503.61315950328,25000.0,0.0,28.024054517568665,17.0,20.0,0.0,121.0,9.993576775535391,9.0,11.0,1.0,11360.670068923791,10000.0,19000.0,1.0,16.5,16.750537719319542,19.0,1.0,17836.499911906612,10000.0,25000.0,1.0,18.046604706308447,17.0,20.0,1.0,0.0,211.0,1.0,20.0
11.0,22.0,11.0,22.0,-121.0,21.0,13.0,-111.0,10.00143457362002,9.0,11.0,30000.0,10000.0,19000.0,0.0,25.754528042630504,16.5,19.0,0.0,10000.0,36495.70653578792,25000.0,0.0,27.05294991147579,17.0,20.0,0.0,121.0,10.012148673801645,9.0,11.0,1.0,12143.517958472428,10000.0,19000.0,1.0,16.5,16.957070803655963,19.0,1.0,18612.66098475154,10000.0,25000.0,1.0,18.25018291266689,17.0,20.0,1.0,0.0,211.0,1.0,4.0
11.0,22.0,11.0,21.0,-121.0,21.0,13.0,-111.0,10.203723318637536,9.0,11.0,30000.0,10000.0,19000.0,0.0,25.252525045479196,16.5,19.0,0.0,10000.0,37149.31201943101,25000.0,0.0,26.603808898880775,17.0,20.0,0.0,122.0,10.16842540774849,9.0,11.0,1.0,11794.476286238612,10000.0,19000.0,1.0,16.5,16.87363879328049,19.0,1.0,18883.0578620919,10000.0,25000.0,1.0,18.213444050197058,17.0,20.0,1.0,0.0,211.0,1.0,20.0
11.0,21.0,11.0,22.0,-121.0,11.0,12.0,-111.0,9.994047361766151,9.0,11.0,30000.0,10000.0,19000.0,0.0,24.2890376104316,16.5,19.0,0.0,10000.0,36519.18255843567,25000.0,0.0,25.597364023339317,17.0,20.0,0.0,121.0,9.979199118990525,9.0,11.0,1.0,16843.8270088647,10000.0,19000.0,1.0,16.5,17.858667917363476,19.0,1.0,23332.713204143427,10000.0,25000.0,1.0,19.160914191882988,17.0,20.0,1.0,0.0,111.0,1.0,51.0
11.0,22.0,11.0,22.0,-121.0,11.0,11.0,-111.0,10.180284243647296,9.0,11.0,30000.0,10000.0,19000.0,0.0,23.60637130019836,16.5,19.0,0.0,10000.0,36866.80667832373,25000.0,0.0,24.903339586121287,17.0,20.0,0.0,122.0,10.209339946239897,9.0,11.0,1.0,15928.40717290766,10000.0,19000.0,1.0,16.5,17.74400169193526,19.0,1.0,23023.6784980184,10000.0,25000.0,1.0,19.084121243827667,17.0,20.0,1.0,0.0,111.0,1.0,38.0
11.0,22.0,11.0,22.0,-121.0,21.0,13.0,-111.0,10.175196506450261,9.0,11.0,30000.0,10000.0,19000.0,0.0,25.51570882426924,16.5,19.0,0.0,10000.0,36930.67335868422,25000.0,0.0,26.825114827300936,17.0,20.0,0.0,122.0,10.213207035248342,9.0,11.0,1.0,15484.141136094342,10000.0,19000.0,1.0,16.5,17.704770009677215,19.0,1.0,22484.50085281923,10000.0,25000.0,1.0,19.02734179485237,17.0,20.0,1.0,0.0,211.0,1.0,28.0
11.0,21.0,11.0,22.0,-121.0,21.0,13.0,-111.0,10.195384312309384,9.0,11.0,30000.0,10000.0,19000.0,0.0,27.009711616501164,16.5,19.0,0.0,10000.0,37248.275040677865,25000.0,0.0,28.382742905788064,17.0,20.0,0.0,122.0,10.214256743353117,9.0,11.0,1.0,14876.900217832368,10000.0,19000.0,1.0,16.5,17.591674365637267,19.0,1.0,22034.566597287812,10000.0,25000.0,1.0,18.947541774381477,17.0,20.0,1.0,0.0,211.0,1.0,24.0
81.0,21.0,81.0,23.0,-721.0,912.0,12.0,-711.0,14.976926756756807,12.0,17.0,30000.0,12500.0,23000.0,0.0,27.71976597439459,20.0,24.0,0.0,12500.0,34494.17373250604,26000.0,0.0,28.28195443102954,20.0,25.0,0.0,721.0,15.958771925101871,12.0,17.0,1.0,18061.178311164516,12500.0,23000.0,1.0,20.0,22.79335499745565,24.0,1.0,22579.125536791707,12500.0,26000.0,1.0,23.35851734522212,20.0,25.0,1.0,0.0,912.0,7.0,7.0
11.0,22.0,11.0,22.0,-121.0,11.0,11.0,-111.0,10.176995218707724,9.0,11.0,30000.0,10000.0,19000.0,0.0,25.732480549072683,16.5,19.0,0.0,10000.0,37073.83226450012,25000.0,0.0,27.063565042560594,17.0,20.0,0.0,122.0,10.168368703280937,9.0,11.0,1.0,14040.680152470037,10000.0,19000.0,1.0,16.5,17.391912945276708,19.0,1.0,21035.22386486319,10000.0,25000.0,1.0,18.708077695367486,17.0,20.0,1.0,0.0,111.0,1.0,44.0
91.0,24.0,91.0,24.0,-721.0,911.0,12.0,-711.0,15.074849212146532,12.0,17.0,30000.0,18000.0,36000.0,1.0,24.372495583838443,20.0,25.0,1.0,18000.0,34468.76078439977,36000.0,1.0,24.93190447278078,20.0,26.0,1.0,721.0,15.516320615013852,12.0,17.0,1.0,31907.95965198522,18000.0,36000.0,1.0,20.0,24.504529629289465,25.0,1.0,36397.85945495259,18000.0,36000.0,0.0,25.066584745107832,20.0,26.0,1.0,0.0,91121.0,7.0,32.0
91.0,24.0,91.0,24.0,-721.0,911.0,11.0,-711.0,15.235069621770645,12.0,17.0,30000.0,18000.0,36000.0,1.0,24.6331920531181,20.0,25.0,1.0,18000.0,34024.27713747517,36000.0,1.0,25.12723577351966,20.0,26.0,1.0,722.0,15.041412079979299,12.0,17.0,1.0,24816.068581960826,18000.0,36000.0,1.0,20.0,23.14344822023603,25.0,1.0,28875.5682015546,18000.0,36000.0,1.0,23.64181605786739,20.0,26.0,1.0,1.0,91121.0,7.0,28.0
11.0,22.0,11.0,22.0,-121.0,21.0,13.0,-111.0,10.004213349942052,9.0,11.0,30000.0,10000.0,19000.0,0.0,25.489628901381653,16.5,19.0,0.0,10000.0,36519.98420509737,25000.0,0.0,26.78948527484877,17.0,20.0,0.0,121.0,10.001791432823138,9.0,11.0,1.0,14838.642958443179,10000.0,19000.0,1.0,16.5,17.51660345912819,19.0,1.0,21396.5126271068,10000.0,25000.0,1.0,18.824012866426255,17.0,20.0,1.0,0.0,211.0,1.0,28.0
11.0,22.0,11.0,22.0,-121.0,21.0,13.0,-111.0,10.19545709205269,9.0,11.0,30000.0,10000.0,19000.0,0.0,25.746507681214787,16.5,19.0,0.0,10000.0,37136.81935775698,25000.0,0.0,27.09613094673761,17.0,20.0,0.0,122.0,10.178194129812326,9.0,11.0,1.0,15590.110240987417,10000.0,19000.0,1.0,16.5,17.647310323939767,19.0,1.0,22666.773334607857,10000.0,25000.0,1.0,18.985557612353492,17.0,20.0,1.0,0.0,211.0,1.0,22.0
81.0,23.0,81.0,23.0,-721.0,912.0,11.0,-711.0,15.125162122346802,12.0,17.0,30000.0,12500.0,23000.0,0.0,26.22212457502401,20.0,24.0,0.0,12500.0,34497.423240435404,26000.0,0.0,26.78347808191496,20.0,25.0,0.0,721.0,14.479471204355653,12.0,17.0,1.0,16720.481837373474,12500.0,23000.0,1.0,20.0,21.192656275916697,24.0,1.0,21217.985195944537,12500.0,26000.0,1.0,21.754019782888584,20.0,25.0,1.0,0.0,912.0,7.0,17.0
11.0,22.0,11.0,22.0,-121.0,11.0,12.0,-111.0,10.204172005151351,9.0,11.0,30000.0,10000.0,19000.0,0.0,23.18670155716857,16.5,19.0,0.0,10000.0,37136.36254959799,25000.0,0.0,24.529305307333686,17.0,20.0,0.0,122.0,10.183437676018864,9.0,11.0,1.0,14892.140942748674,10000.0,19000.0,1.0,16.5,17.486821178484668,19.0,1.0,21734.510255860776,10000.0,25000.0,1.0,18.77411433882397,17.0,20.0,1.0,0.0,111.0,1.0,40.0
11.0,21.0,11.0,22.0,-121.0,21.0,13.0,-111.0,10.195317980312927,9.0,11.0,30000.0,10000.0,19000.0,0.0,26.261066003018385,16.5,19.0,0.0,10000.0,37065.45798161343,25000.0,0.0,27.58838696925024,17.0,20.0,0.0,122.0,10.194370605687437,9.0,11.0,1.0,16233.390528999991,10000.0,19000.0,1.0,16.5,17.78424725988828,19.0,1.0,23318.500472817177,10000.0,25000.0,1.0,19.11526005494829,17.0,20.0,1.0,0.0,211.0,1.0,9.0
11.0,22.0,11.0,22.0,-121.0,11.0,11.0,-111.0,10.005378414413514,9.0,11.0,30000.0,10000.0,19000.0,0.0,24.988192008293474,16.5,19.0,0.0,10000.0,36518.44695601506,25000.0,0.0,26.298646488895365,17.0,20.0,0.0,121.0,9.997675850072904,9.0,11.0,1.0,13716.223379825386,10000.0,19000.0,1.0,16.5,17.32220908383283,19.0,1.0,20238.515383901853,10000.0,25000.0,1.0,18.633436564582485,17.0,20.0,1.0,0.0,111.0,1.0,55.0
91.0,21.0,91.0,24.0,-721.0,911.0,11.0,-711.0,15.816706203230346,12.0,17.0,30000.0,18000.0,36000.0,1.0,25.957587543517846,20.0,25.0,0.0,18000.0,34497.62354336394,36000.0,1.0,26.520776097230755,20.0,26.0,0.0,721.0,14.70051621468506,12.0,17.0,1.0,24952.350709270868,18000.0,36000.0,1.0,20.0,22.77311627623571,25.0,1.0,29439.326909833813,18000.0,36000.0,1.0,23.33497157883608,20.0,26.0,1.0,0.0,91121.0,7.0,18.0
91.0,24.0,91.0,24.0,-721.0,911.0,11.0,-711.0,14.838618459974269,12.0,17.0,30000.0,18000.0,36000.0,1.0,24.220696334019514,20.0,25.0,1.0,18000.0,34529.67288409213,36000.0,1.0,24.78655761182465,20.0,26.0,1.0,721.0,14.774000091796763,12.0,17.0,1.0,29611.41989258466,18000.0,36000.0,1.0,20.0,23.555999139971135,25.0,1.0,34138.552265826394,18000.0,36000.0,1.0,24.121543049005307,20.0,26.0,1.0,1.0,91121.0,7.0,16.0
11.0,21.0,11.0,21.0,-121.0,11.0,11.0,-111.0,9.99952599671157,9.0,11.0,30000.0,10000.0,19000.0,0.0,25.98807496568811,16.5,19.0,0.0,10000.0,36476.81030684228,25000.0,0.0,27.28441583181511,17.0,20.0,0.0,121.0,10.00609451903713,9.0,11.0,1.0,14835.367221081828,10000.0,19000.0,1.0,16.5,17.464878375834765,19.0,1.0,21307.67683847771,10000.0,25000.0,1.0,18.760318423908018,17.0,20.0,1.0,0.0,111.0,1.0,18.0
11.0,22.0,11.0,21.0,-121.0,21.0,13.0,-111.0,10.008405471353436,9.0,11.0,30000.0,10000.0,19000.0,0.0,25.741947136111648,16.5,19.0,0.0,10000.0,36516.276668025945,25000.0,0.0,27.048018311207056,17.0,20.0,0.0,121.0,10.00958224545288,9.0,11.0,1.0,14138.635556141002,10000.0,19000.0,1.0,16.5,17.321196791881672,19.0,1.0,20675.13019653284,10000.0,25000.0,1.0,18.631320298127402,17.0,20.0,1.0,0.0,211.0,1.0,58.0
11.0,21.0,11.0,21.0,-121.0,21.0,13.0,-111.0,10.193359807354922,9.0,11.0,30000.0,10000.0,19000.0,0.0,28.7561012911683,16.5,19.0,0.0,10000.0,36941.43385695276,25000.0,0.0,30.064720647623208,17.0,20.0,0.0,122.0,10.190070781058385,9.0,11.0,1.0,12472.700018900603,10000.0,19000.0,1.0,16.5,17.00425706984838,19.0,1.0,19509.609360906084,10000.0,25000.0,1.0,18.330875743214122,17.0,20.0,1.0,0.0,211.0,1.0,34.0
91.0,24.0,91.0,24.0,-721.0,911.0,11.0,-711.0,14.84510750387723,12.0,17.0,30000.0,18000.0,36000.0,1.0,23.48322002049254,20.0,25.0,1.0,18000.0,34493.44057230905,36000.0,1.0,24.043484824858844,20.0,26.0,1.0,721.0,15.342568408509333,12.0,17.0,1.0,24101.201203101507,18000.0,36000.0,1.0,20.0,23.30881803724934,25.0,1.0,28592.710487641623,18000.0,36000.0,1.0,23.868842038928562,20.0,26.0,1.0,1.0,91121.0,7.0,0.0
11.0,22.0,11.0,22.0,-121.0,21.0,12.0,-111.0,10.214914844307367,9.0,11.0,30000.0,10000.0,19000.0,0.0,24.840826909552824,16.5,19.0,0.0,10000.0,37060.30555963099,25000.0,0.0,26.16957137301088,17.0,20.0,0.0,122.0,10.204062977685826,9.0,11.0,1.0,13544.05821322085,10000.0,19000.0,1.0,16.5,17.282077219285597,19.0,1.0,20414.305990694436,10000.0,25000.0,1.0,18.57505294389151,17.0,20.0,1.0,0.0,211.0,1.0,48.0
11.0,22.0,11.0,21.0,-121.0,11.0,11.0,-111.0,10.20794097837656,9.0,11.0,30000.0,10000.0,19000.0,0.0,25.596562249800947,16.5,19.0,0.0,10000.0,36952.90445570488,25000.0,0.0,26.905837039479948,17.0,20.0,0.0,122.0,10.174917757654894,9.0,11.0,1.0,14514.465861353881,10000.0,19000.0,1.0,16.5,17.370986584394213,19.0,1.0,21463.659504956526,10000.0,25000.0,1.0,18.67956260526866,17.0,20.0,1.0,0.0,111.0,1.0,12.0
11.0,22.0,11.0,22.0,-121.0,11.0,11.0,-111.0,10.221355239397333,9.0,11.0,30000.0,10000.0,19000.0,0.0,24.131869707343405,16.5,19.0,0.0,10000.0,37089.18345485947,25000.0,0.0,25.46861839848291,17.0,20.0,0.0,122.0,10.16631435920421,9.0,11.0,1.0,16855.583640902267,10000.0,19000.0,1.0,16.5,17.87395013753159,19.0,1.0,23953.306029047002,10000.0,25000.0,1.0,19.21230894469722,17.0,20.0,1.0,0.0,111.0,1.0,44.0
11.0,22.0,11.0,22.0,-121.0,11.0,12.0,-111.0,9.986909892335264,9.0,11.0,30000.0,10000.0,19000.0,0.0,24.117404824322744,16.5,19.0,0.0,10000.0,36540.57257486809,25000.0,0.0,25.429011270893415,17.0,20.0,0.0,121.0,9.993379670371475,9.0,11.0,1.0,14295.169568657526,10000.0,19000.0,1.0,16.5,17.401908260490224,19.0,1.0,20801.26257446741,10000.0,25000.0,1.0,18.706600385029596,17.0,20.0,1.0,0.0,111.0,1.0,49.0
11.0,22.0,11.0,22.0,-121.0,11.0,11.0,-111.0,10.000494048028116,9.0,11.0,30000.0,10000.0,19000.0,0.0,24.002786499502456,16.5,19.0,0.0,10000.0,36506.94615166508,25000.0,0.0,25.30723919089594,17.0,20.0,0.0,121.0,9.995260584628985,9.0,11.0,1.0,15872.313986724444,10000.0,19000.0,1.0,16.5,17.68076903768997,19.0,1.0,22335.22910934768,10000.0,25000.0,1.0,18.976394793528787,17.0,20.0,1.0,0.0,111.0,1.0,50.0
81.0,23.0,81.0,21.0,-721.0,912.0,12.0,-711.0,15.160920412260484,12.0,17.0,30000.0,12500.0,23000.0,0.0,27.274749296937124,20.0,24.0,0.0,12500.0,34024.284332211995,26000.0,0.0,27.76588323872642,20.0,25.0,0.0,722.0,15.42306773409944,12.0,17.0,1.0,16663.820123784295,12500.0,23000.0,1.0,20.0,21.822286420908284,24.0,1.0,20706.540984301013,12500.0,26000.0,1.0,22.315670403716485,20.0,25.0,1.0,0.0,912.0,7.0,11.0
11.0,22.0,11.0,22.0,-121.0,21.0,12.0,-111.0,10.000279480051208,9.0,11.0,30000.0,10000.0,19000.0,0.0,24.325843874029154,16.5,19.0,0.0,10000.0,36522.862459573844,25000.0,0.0,25.627222819830006,17.0,20.0,0.0,121.0,9.981818293177286,9.0,11.0,1.0,15170.291507680286,10000.0,19000.0,1.0,16.5,17.53361593596518,19.0,1.0,21616.511230681135,10000.0,25000.0,1.0,18.819703858178947,17.0,20.0,1.0,0.0,211.0,1.0,25.0
81.0,23.0,81.0,23.0,-721.0,912.0,12.0,-711.0,15.100197285078561,12.0,17.0,30000.0,12500.0,23000.0,0.0,26.354488644034276,20.0,24.0,0.0,12500.0,34081.707321716254,26000.0,0.0,26.852127216969645,20.0,25.0,0.0,722.0,15.340079730287698,12.0,17.0,1.0,16930.480928777324,12500.0,23000.0,1.0,20.0,21.986453569384082,24.0,1.0,20936.03949678545,12500.0,26000.0,1.0,22.47480814566332,20.0,25.0,1.0,0.0,912.0,7.0,10.0
92.0,24.0,92.0,24.0,-721.0,921.0,13.0,-711.0,15.065649752273265,12.0,17.0,30000.0,15000.0,28000.0,0.0,24.176019543678077,19.5,25.0,1.0,15000.0,34018.572968716835,28000.0,0.0,24.665253888327342,20.0,26.0,1.0,722.0,15.103283835392025,12.0,17.0,1.0,20999.518369232974,15000.0,28000.0,1.0,19.5,21.732203879053245,25.0,1.0,24974.36485832959,15000.0,28000.0,1.0,22.216114817665755,20.0,26.0,1.0,0.0,92122.0,7.0,25.0
81.0,23.0,81.0,23.0,-721.0,912.0,12.0,-711.0,15.273731644405578,12.0,17.0,30000.0,12500.0,23000.0,0.0,26.809851712191005,20.0,24.0,0.0,12500.0,34050.33588522186,26000.0,0.0,27.300952731313238,20.0,25.0,0.0,722.0,15.289070185731173,12.0,17.0,1.0,15161.51274063638,12500.0,23000.0,1.0,20.0,21.643584355420863,24.0,1.0,19132.876005448834,12500.0,26000.0,1.0,22.12510998734933,20.0,25.0,1.0,0.0,912.0,7.0,10.0
11.0,21.0,11.0,21.0,-121.0,21.0,13.0,-111.0,10.20244320571396,9.0,11.0,30000.0,10000.0,19000.0,0.0,25.99832678104033,16.5,19.0,0.0,10000.0,36757.296554684675,25000.0,0.0,27.276598308864514,17.0,20.0,0.0,122.0,10.189417701465002,9.0,11.0,1.0,15053.430042762675,10000.0,19000.0,1.0,16.5,17.525425123157458,19.0,1.0,22035.837873101573,10000.0,25000.0,1.0,18.846280742405227,17.0,20.0,1.0,0.0,211.0,1.0,34.0
91.0,24.0,91.0,24.0,-721.0,911.0,11.0,-711.0,15.318835216893655,12.0,17.0,30000.0,18000.0,36000.0,1.0,24.748731036052888,20.0,25.0,1.0,18000.0,33942.45508862575,36000.0,1.0,25.229199676418332,20.0,26.0,1.0,722.0,15.128758060896237,12.0,17.0,1.0,28234.866423030606,18000.0,36000.0,1.0,20.0,23.589530282749987,25.0,1.0,32211.854163167125,18000.0,36000.0,1.0,24.07420743170884,20.0,26.0,1.0,1.0,91121.0,7.0,28.0
91.0,24.0,91.0,24.0,-721.0,911.0,12.0,-711.0,14.89193897820153,12.0,17.0,30000.0,18000.0,36000.0,1.0,24.200963325495806,20.0,25.0,1.0,18000.0,34019.12298106369,36000.0,1.0,24.690544948773006,20.0,26.0,1.0,722.0,15.388356947262565,12.0,17.0,1.0,27650.300799340934,18000.0,36000.0,1.0,20.0,23.80353691440937,25.0,1.0,31564.50817936527,18000.0,36000.0,1.0,24.280338448471596,20.0,26.0,1.0,1.0,91121.0,7.0,13.0
11.0,22.0,11.0,22.0,-121.0,11.0,11.0,-111.0,10.002570572981526,9.0,11.0,30000.0,10000.0,19000.0,0.0,26.195600988751675,16.5,19.0,0.0,10000.0,36436.63901953868,25000.0,0.0,27.482077780384664,17.0,20.0,0.0,121.0,10.008876783412061,9.0,11.0,1.0,14095.79540672778,10000.0,19000.0,1.0,16.5,17.3049750458148,19.0,1.0,20613.08543452953,10000.0,25000.0,1.0,18.607571375926998,17.0,20.0,1.0,0.0,111.0,1.0,30.0
11.0,22.0,11.0,21.0,-121.0,21.0,13.0,-111.0,10.1844133854566,9.0,11.0,30000.0,10000.0,19000.0,0.0,24.377323802782556,16.5,19.0,0.0,10000.0,36983.58772496371,25000.0,0.0,25.69626208903546,17.0,20.0,0.0,122.0,10.2113553554145,9.0,11.0,1.0,13603.12508345335,10000.0,19000.0,1.0,16.5,17.260701836882184,19.0,1.0,20583.667037263567,10000.0,25000.0,1.0,18.57906489098455,17.0,20.0,1.0,0.0,211.0,1.0,20.0
11.0,22.0,11.0,22.0,-121.0,21.0,13.0,-111.0,9.990244306206128,9.0,11.0,30000.0,10000.0,19000.0,0.0,25.337666968780614,16.5,19.0,0.0,10000.0,36425.47003266374,25000.0,0.0,26.618019420113864,17.0,20.0,0.0,121.0,10.010835878979663,9.0,11.0,1.0,13153.89944358342,10000.0,19000.0,1.0,16.5,17.16042597463291,19.0,1.0,19683.305443283025,10000.0,25000.0,1.0,18.461488921774183,17.0,20.0,1.0,0.0,211.0,1.0,8.0
81.0,21.0,81.0,23.0,-721.0,912.0,12.0,-711.0,15.256413879207638,12.0,17.0,30000.0,12500.0,23000.0,0.0,26.864354102133312,20.0,24.0,0.0,12500.0,34036.93527218993,26000.0,0.0,27.358533715480856,20.0,25.0,0.0,722.0,15.177455874110334,12.0,17.0,1.0,17629.05543770287,12500.0,23000.0,1.0,20.0,21.867773991095497,24.0,1.0,21568.503778662962,12500.0,26000.0,1.0,22.350019785658905,20.0,25.0,1.0,0.0,912.0,7.0,7.0
11.0,22.0,11.0,22.0,-121.0,11.0,11.0,-111.0,9.99799815288689,9.0,11.0,30000.0,10000.0,19000.0,0.0,24.800485633467563,16.5,19.0,0.0,10000.0,36551.66355442643,25000.0,0.0,26.113258405917716,17.0,20.0,0.0,121.0,10.009382496343035,9.0,11.0,1.0,14371.833527547262,10000.0,19000.0,1.0,16.5,17.40676747889203,19.0,1.0,20941.046883021183,10000.0,25000.0,1.0,18.723056747692407,17.0,20.0,1.0,0.0,111.0,1.0,57.0
91.0,24.0,91.0,24.0,-721.0,911.0,12.0,-711.0,14.845021037144717,12.0,17.0,30000.0,18000.0,36000.0,1.0,25.213657898850848,20.0,25.0,0.0,18000.0,34080.91253855239,36000.0,1.0,25.71123176897701,20.0,26.0,1.0,722.0,15.308177956141904,12.0,17.0,1.0,28424.75192191424,18000.0,36000.0,1.0,20.0,23.87732848450731,25.0,1.0,32407.786313760756,18000.0,36000.0,1.0,24.362968355118134,20.0,26.0,1.0,0.0,91121.0,7.0,32.0
91.0,24.0,91.0,24.0,-721.0,911.0,11.0,-711.0,14.888925789769434,12.0,17.0,30000.0,18000.0,36000.0,1.0,24.50313766008253,20.0,25.0,1.0,18000.0,34093.77171929537,36000.0,1.0,25.003291244861174,20.0,26.0,1.0,722.0,15.122910600937464,12.0,17.0,1.0,28434.414154315906,18000.0,36000.0,1.0,20.0,23.666565515257005,25.0,1.0,32532.380409983856,18000.0,36000.0,1.0,24.167231564468715,20.0,26.0,1.0,1.0,91121.0,7.0,9.0
11.0,21.0,11.0,22.0,-121.0,21.0,13.0,-111.0,10.212307041167248,9.0,11.0,30000.0,10000.0,19000.0,0.0,28.875779197716753,16.5,19.0,0.0,10000.0,37075.19829445367,25000.0,0.0,30.20979051027211,17.0,20.0,0.0,122.0,10.196913728455229,9.0,11.0,1.0,14144.669187364852,10000.0,19000.0,1.0,16.5,17.37515601718036,19.0,1.0,21237.874583499113,10000.0,25000.0,1.0,18.7125625246615,17.0,20.0,1.0,0.0,211.0,1.0,59.0
11.0,21.0,11.0,22.0,-121.0,21.0,13.0,-111.0,10.001262412996917,9.0,11.0,30000.0,10000.0,19000.0,0.0,26.91654060165869,16.5,19.0,0.0,10000.0,36533.27235891662,25000.0,0.0,28.22543947715151,17.0,20.0,0.0,121.0,10.003979703091805,9.0,11.0,1.0,13970.286866306644,10000.0,19000.0,1.0,16.5,17.31743380290219,19.0,1.0,20505.808672026535,10000.0,25000.0,1.0,18.626783340517992,17.0,20.0,1.0,0.0,211.0,1.0,9.0
11.0,22.0,11.0,21.0,-121.0,21.0,12.0,-111.0,10.012273890888919,9.0,11.0,30000.0,10000.0,19000.0,0.0,24.505845595913623,16.5,19.0,0.0,10000.0,36505.83869565624,25000.0,0.0,25.805333691281312,17.0,20.0,0.0,121.0,10.004970872555543,9.0,11.0,1.0,14416.121653711385,10000.0,19000.0,1.0,16.5,17.339349661434277,19.0,1.0,20908.513339991485,10000.0,25000.0,1.0,18.636151826606024,17.0,20.0,1.0,0.0,211.0,1.0,53.0
11.0,21.0,11.0,21.0,-121.0,11.0,11.0,-111.0,9.983111958333563,9.0,11.0,30000.0,10000.0,19000.0,0.0,25.29751141000101,16.5,19.0,0.0,10000.0,36461.900320487606,25000.0,0.0,26.58996136444194,17.0,20.0,0.0,121.0,10.000738907245578,9.0,11.0,1.0,12644.333049251669,10000.0,19000.0,1.0,16.5,16.984146989076322,19.0,1.0,19108.7179521271,10000.0,25000.0,1.0,18.277093886867455,17.0,20.0,1.0,0.0,111.0,1.0,56.0
11.0,22.0,11.0,21.0,-121.0,21.0,12.0,-111.0,10.001752216521938,9.0,11.0,30000.0,10000.0,19000.0,0.0,24.452640200600673,16.5,19.0,0.0,10000.0,36457.174785228424,25000.0,0.0,25.74757074902815,17.0,20.0,0.0,121.0,10.002471498129626,9.0,11.0,1.0,13768.190063374404,10000.0,19000.0,1.0,16.5,17.24058402280566,19.0,1.0,20266.68046383748,10000.0,25000.0,1.0,18.543800060487172,17.0,20.0,1.0,0.0,211.0,1.0,53.0
11.0,21.0,11.0,21.0,-121.0,11.0,11.0,-111.0,9.990438772522216,9.0,11.0,30000.0,10000.0,19000.0,0.0,25.264674276842385,16.5,19.0,0.0,10000.0,36539.69666827818,25000.0,0.0,26.57256854023349,17.0,20.0,0.0,121.0,9.989683015566792,9.0,11.0,1.0,14154.917747560476,10000.0,19000.0,1.0,16.5,17.275529338764407,19.0,1.0,20637.036830197634,10000.0,25000.0,1.0,18.571908481840364,17.0,20.0,1.0,0.0,111.0,1.0,56.0
11.0,22.0,11.0,22.0,-121.0,21.0,13.0,-111.0,10.00608438221935,9.0,11.0,30000.0,10000.0,19000.0,0.0,25.458162186857724,16.5,19.0,0.0,10000.0,36526.92206883852,25000.0,0.0,26.76248755477049,17.0,20.0,0.0,121.0,9.992616960841955,9.0,11.0,1.0,14415.437691926538,10000.0,19000.0,1.0,16.5,17.400876592263,19.0,1.0,20893.745313627507,10000.0,25000.0,1.0,18.695486958835197,17.0,20.0,1.0,0.0,211.0,1.0,8.0
11.0,22.0,11.0,22.0,-121.0,11.0,12.0,-111.0,10.182492767348604,9.0,11.0,30000.0,10000.0,19000.0,0.0,23.98257350043989,16.5,19.0,0.0,10000.0,36953.80690651659,25000.0,0.0,25.294289108857132,17.0,20.0,0.0,122.0,10.214144914553513,9.0,11.0,1.0,15804.704440573789,10000.0,19000.0,1.0,16.5,17.73085595797031,19.0,1.0,22789.861417508342,10000.0,25000.0,1.0,19.048485215881282,17.0,20.0,1.0,0.0,111.0,1.0,49.0
91.0,24.0,91.0,24.0,-721.0,911.0,12.0,-711.0,15.365448019820306,12.0,17.0,30000.0,18000.0,36000.0,1.0,24.513549002422906,20.0,25.0,1.0,18000.0,33961.38552724681,36000.0,1.0,24.995277900472768,20.0,26.0,1.0,722.0,14.993299247326494,12.0,17.0,1.0,28191.248057706434,18000.0,36000.0,1.0,20.0,23.497912422735673,25.0,1.0,32209.2103600363,18000.0,36000.0,1.0,23.98652140537425,20.0,26.0,1.0,1.0,91121.0,7.0,32.0
91.0,24.0,91.0,24.0,-721.0,911.0,12.0,-711.0,14.907147100402343,12.0,17.0,30000.0,18000.0,36000.0,1.0,24.10372692200921,20.0,25.0,1.0,18000.0,34546.988646510676,36000.0,1.0,24.674587376055026,20.0,26.0,1.0,721.0,15.17756448282132,12.0,17.0,1.0,26297.828990276223,18000.0,36000.0,1.0,20.0,23.522435067388006,25.0,1.0,30789.512020044014,18000.0,36000.0,1.0,24.08635207117706,20.0,26.0,1.0,1.0,91121.0,7.0,8.0
81.0,23.0,81.0,23.0,-721.0,912.0,12.0,-711.0,14.550891123623371,12.0,17.0,30000.0,12500.0,23000.0,0.0,26.040682694473997,20.0,24.0,0.0,12500.0,34415.2585612494,26000.0,0.0,26.59552199896333,20.0,25.0,0.0,721.0,15.207413183135323,12.0,17.0,1.0,16698.74466283526,12500.0,23000.0,1.0,20.0,21.89496318775077,24.0,1.0,21102.84546220686,12500.0,26000.0,1.0,22.448400362613025,20.0,25.0,1.0,0.0,912.0,7.0,5.0
91.0,21.0,91.0,24.0,-721.0,911.0,11.0,-711.0,14.184854952399938,12.0,17.0,30000.0,18000.0,36000.0,1.0,23.87047793357707,20.0,25.0,1.0,18000.0,34484.37842000155,36000.0,1.0,24.429931934883477,20.0,26.0,1.0,721.0,14.65005911594904,12.0,17.0,1.0,26800.076477459654,18000.0,36000.0,1.0,20.0,22.973702079531172,25.0,1.0,31309.339488088484,18000.0,36000.0,1.0,23.53626058774877,20.0,26.0,1.0,1.0,91121.0,7.0,18.0
11.0,22.0,11.0,22.0,-121.0,11.0,11.0,-111.0,10.183316890215446,9.0,11.0,30000.0,10000.0,19000.0,0.0,25.21836135105623,16.5,19.0,0.0,10000.0,36828.127549437864,25000.0,0.0,26.508042832909815,17.0,20.0,0.0,122.0,10.210945920368717,9.0,11.0,1.0,17339.44267660512,10000.0,19000.0,1.0,16.5,18.03567516820331,19.0,1.0,24294.878971158592,10000.0,25000.0,1.0,19.349402441507745,17.0,20.0,1.0,0.0,111.0,1.0,30.0
11.0,22.0,11.0,21.0,-121.0,11.0,11.0,-111.0,10.211476085636363,9.0,11.0,30000.0,10000.0,19000.0,0.0,24.215317346724472,16.5,19.0,0.0,10000.0,37121.45085430794,25000.0,0.0,25.55652849708473,17.0,20.0,0.0,122.0,10.199592098662356,9.0,11.0,1.0,15858.74769588618,10000.0,19000.0,1.0,16.5,17.684891343375455,19.0,1.0,23090.54234966547,10000.0,25000.0,1.0,19.04688398015636,17.0,20.0,1.0,0.0,111.0,1.0,54.0
11.0,21.0,11.0,22.0,-121.0,21.0,13.0,-111.0,10.00550460942657,9.0,11.0,30000.0,10000.0,19000.0,0.0,26.58873313266014,16.5,19.0,0.0,10000.0,36449.62262951377,25000.0,0.0,27.873322455476288,17.0,20.0,0.0,121.0,10.015329631491761,9.0,11.0,1.0,12130.749680124445,10000.0,19000.0,1.0,16.5,16.96565769234494,19.0,1.0,18634.44711347077,10000.0,25000.0,1.0,18.261017244618984,17.0,20.0,1.0,0.0,211.0,1.0,59.0
11.0,22.0,11.0,21.0,-121.0,11.0,11.0,-111.0,10.213010012494905,9.0,11.0,30000.0,10000.0,19000.0,0.0,26.003007825084612,16.5,19.0,0.0,10000.0,36986.20065357325,25000.0,0.0,27.316034071581942,17.0,20.0,0.0,122.0,10.19365230961539,9.0,11.0,1.0,15874.563161702637,10000.0,19000.0,1.0,16.5,17.68422274040028,19.0,1.0,22805.309467204555,10000.0,25000.0,1.0,18.9868265816289,17.0,20.0,1.0,0.0,111.0,1.0,0.0
11.0,22.0,11.0,21.0,-121.0,11.0,11.0,-111.0,9.994930412317467,9.0,11.0,30000.0,10000.0,19000.0,0.0,24.758737213818883,16.5,19.0,0.0,10000.0,36442.82036038893,25000.0,0.0,26.04333569893063,17.0,20.0,0.0,121.0,10.00355255169741,9.0,11.0,1.0,13632.696208613821,10000.0,19000.0,1.0,16.5,17.2103383668793,19.0,1.0,20127.23348059401,10000.0,25000.0,1.0,18.505248402301103,17.0,20.0,1.0,0.0,111.0,1.0,39.0
11.0,22.0,11.0,21.0,-121.0,11.0,12.0,-111.0,9.984916488715673,9.0,11.0,30000.0,10000.0,19000.0,0.0,23.15457204619691,16.5,19.0,0.0,10000.0,36495.45907500049,25000.0,0.0,24.44914254080315,17.0,20.0,0.0,121.0,9.982226648294024,9.0,11.0,1.0,14325.042021193683,10000.0,19000.0,1.0,16.5,17.289416928973225,19.0,1.0,20806.117253236618,10000.0,25000.0,1.0,18.58112066720753,17.0,20.0,1.0,0.0,111.0,1.0,46.0
92.0,24.0,92.0,24.0,-721.0,921.0,13.0,-711.0,15.424953908076015,12.0,17.0,30000.0,15000.0,28000.0,0.0,24.662190885552125,19.5,25.0,1.0,15000.0,34022.66239270473,28000.0,0.0,25.15239658520022,20.0,26.0,1.0,722.0,15.126400048230156,12.0,17.0,1.0,19637.083651430883,15000.0,28000.0,1.0,19.5,21.56618549203254,25.0,1.0,23622.75490828768,15000.0,28000.0,1.0,22.051883414527374,20.0,26.0,1.0,0.0,92122.0,7.0,20.0
11.0,22.0,11.0,22.0,-121.0,11.0,11.0,-111.0,10.006236980283287,9.0,11.0,30000.0,10000.0,19000.0,0.0,26.0326141781043,16.5,19.0,0.0,10000.0,36450.42767102477,25000.0,0.0,27.319681611391264,17.0,20.0,0.0,121.0,9.983651291991265,9.0,11.0,1.0,13085.55256963989,10000.0,19000.0,1.0,16.5,17.14674177721554,19.0,1.0,19659.56591095939,10000.0,25000.0,1.0,18.458468519864546,17.0,20.0,1.0,0.0,111.0,1.0,11.0
91.0,24.0,91.0,24.0,-721.0,911.0,11.0,-711.0,14.71235941638162,12.0,17.0,30000.0,18000.0,36000.0,1.0,24.2818313834265,20.0,25.0,1.0,18000.0,34531.936467080886,36000.0,1.0,24.849141801748434,20.0,26.0,1.0,721.0,13.921729116604588,12.0,17.0,1.0,26912.703341191864,18000.0,36000.0,1.0,20.0,22.327514642209152,25.0,1.0,31417.057236916182,18000.0,36000.0,1.0,22.89137225835516,20.0,26.0,1.0,1.0,91121.0,7.0,9.0
92.0,24.0,92.0,24.0,-721.0,921.0,13.0,-711.0,15.048423643945963,12.0,17.0,30000.0,15000.0,28000.0,0.0,24.13536305230585,19.5,25.0,1.0,15000.0,34537.120565269724,28000.0,0.0,24.705147747597202,20.0,26.0,1.0,721.0,15.243020363120753,12.0,17.0,1.0,22348.468172724417,15000.0,28000.0,1.0,19.5,22.12732539215233,25.0,1.0,26802.830244939476,15000.0,28000.0,1.0,22.68671703703438,20.0,26.0,1.0,0.0,92122.0,7.0,25.0
11.0,22.0,11.0,22.0,-121.0,11.0,11.0,-111.0,9.99562842654471,9.0,11.0,30000.0,10000.0,19000.0,0.0,26.918307753463033,16.5,19.0,0.0,10000.0,36492.955323972164,25000.0,0.0,28.215615689456435,17.0,20.0,0.0,121.0,9.991966873738022,9.0,11.0,1.0,16202.456954175055,10000.0,19000.0,1.0,16.5,17.749815046007708,19.0,1.0,22698.52841978933,10000.0,25000.0,1.0,19.047745594521956,17.0,20.0,1.0,0.0,111.0,1.0,50.0
11.0,22.0,11.0,22.0,-121.0,21.0,13.0,-111.0,10.212004162749222,9.0,11.0,30000.0,10000.0,19000.0,0.0,24.82455131734676,16.5,19.0,0.0,10000.0,37013.88133007769,25000.0,0.0,26.1531969858564,17.0,20.0,0.0,122.0,10.182789955631149,9.0,11.0,1.0,14437.66239387692,10000.0,19000.0,1.0,16.5,17.454386354566218,19.0,1.0,21514.254727121337,10000.0,25000.0,1.0,18.79491142319745,17.0,20.0,1.0,0.0,211.0,1.0,36.0
81.0,23.0,81.0,21.0,-721.0,912.0,11.0,-711.0,15.100337152093967,12.0,17.0,30000.0,12500.0,23000.0,0.0,26.116227072736883,20.0,24.0,0.0,12500.0,34003.928541332105,26000.0,0.0,26.602597639275967,20.0,25.0,0.0,722.0,15.33987459315096,12.0,17.0,1.0,14452.015807280108,12500.0,23000.0,1.0,20.0,21.506414945804167,24.0,1.0,18490.52844075036,12500.0,26000.0,1.0,21.996986557470013,20.0,25.0,1.0,0.0,912.0,7.0,12.0
91.0,24.0,91.0,24.0,-721.0,911.0,11.0,-711.0,15.437099224933203,12.0,17.0,30000.0,18000.0,36000.0,1.0,24.598235274372378,20.0,25.0,1.0,18000.0,34013.44895012279,36000.0,1.0,25.086617017428395,20.0,26.0,1.0,722.0,15.261362225343845,12.0,17.0,1.0,21659.170227907955,18000.0,36000.0,1.0,20.0,22.892751239682227,25.0,1.0,25658.95060000526,18000.0,36000.0,1.0,23.37946970408586,20.0,26.0,1.0,1.0,91121.0,7.0,16.0
11.0,22.0,11.0,22.0,-121.0,21.0,13.0,-111.0,10.216534278944534,9.0,11.0,30000.0,10000.0,19000.0,0.0,25.930953282591865,16.5,19.0,0.0,10000.0,36983.24739397951,25000.0,0.0,27.244483192160914,17.0,20.0,0.0,122.0,10.208741962262755,9.0,11.0,1.0,13506.185137129412,10000.0,19000.0,1.0,16.5,17.29610709105853,19.0,1.0,20468.84525695371,10000.0,25000.0,1.0,18.60576459015238,17.0,20.0,1.0,0.0,211.0,1.0,16.0
11.0,22.0,11.0,21.0,-121.0,21.0,13.0,-111.0,10.188069078220641,9.0,11.0,30000.0,10000.0,19000.0,0.0,26.314007134767586,16.5,19.0,0.0,10000.0,37019.986717371896,25000.0,0.0,27.63472950735279,17.0,20.0,0.0,122.0,10.21315873096441,9.0,11.0,1.0,12745.943966699066,10000.0,19000.0,1.0,16.5,17.079149381255377,19.0,1.0,19693.85359607025,10000.0,25000.0,1.0,18.386311354582595,17.0,20.0,1.0,0.0,211.0,1.0,2.0
11.0,22.0,11.0,22.0,-121.0,11.0,11.0,-111.0,9.993730024826997,9.0,11.0,30000.0,10000.0,19000.0,0.0,25.45682295346076,16.5,19.0,0.0,10000.0,36427.946281198194,25000.0,0.0,26.741157546537124,17.0,20.0,0.0,121.0,9.985255069750107,9.0,11.0,1.0,17050.486963643372,10000.0,19000.0,1.0,16.5,17.91485240614184,19.0,1.0,23598.34574544715,10000.0,25000.0,1.0,19.223146093761436,17.0,20.0,1.0,0.0,111.0,1.0,57.0
11.0,22.0,11.0,21.0,-121.0,11.0,11.0,-111.0,9.99410870479006,9.0,11.0,30000.0,10000.0,19000.0,0.0,23.966688292469627,16.5,19.0,0.0,10000.0,36441.603237574636,25000.0,0.0,25.259765569407843,17.0,20.0,0.0,121.0,9.994871218142695,9.0,11.0,1.0,15311.028945880651,10000.0,19000.0,1.0,16.5,17.571626527905572,19.0,1.0,21849.88855203659,10000.0,25000.0,1.0,18.884226894921184,17.0,20.0,1.0,0.0,111.0,1.0,26.0
91.0,24.0,91.0,24.0,-721.0,911.0,12.0,-711.0,15.125041518032434,12.0,17.0,30000.0,18000.0,36000.0,1.0,23.982506159476955,20.0,25.0,1.0,18000.0,33969.181311029606,36000.0,1.0,24.467271390871055,20.0,26.0,1.0,722.0,15.250624297032719,12.0,17.0,1.0,32258.6293360501,18000.0,36000.0,1.0,20.0,24.3294678354183,25.0,1.0,36212.4592096289,18000.0,36000.0,0.0,24.812358160491694,20.0,26.0,1.0,0.0,91121.0,7.0,13.0
11.0,22.0,11.0,22.0,-121.0,21.0,13.0,-111.0,10.18655711105454,9.0,11.0,30000.0,10000.0,19000.0,0.0,25.101134907302786,16.5,19.0,0.0,10000.0,37138.47998410014,25000.0,0.0,26.44419530150236,17.0,20.0,0.0,122.0,10.199391213809895,9.0,11.0,1.0,14911.819571571523,10000.0,19000.0,1.0,16.5,17.510262547420588,19.0,1.0,22075.30484558338,10000.0,25000.0,1.0,18.858027530636413,17.0,20.0,1.0,0.0,211.0,1.0,19.0
11.0,22.0,11.0,22.0,-121.0,11.0,12.0,-111.0,10.207625450108619,9.0,11.0,30000.0,10000.0,19000.0,0.0,23.826442331138328,16.5,19.0,0.0,10000.0,37025.87906526627,25000.0,0.0,25.151753107905108,17.0,20.0,0.0,122.0,10.19675914816623,9.0,11.0,1.0,15496.306624509934,10000.0,19000.0,1.0,16.5,17.64798623609349,19.0,1.0,22618.11047308625,10000.0,25000.0,1.0,18.991391566993478,17.0,20.0,1.0,0.0,111.0,1.0,42.0
11.0,22.0,11.0,22.0,-121.0,11.0,11.0,-111.0,10.209534601902835,9.0,11.0,30000.0,10000.0,19000.0,0.0,25.077282379182172,16.5,19.0,0.0,10000.0,36939.09788245995,25000.0,0.0,26.391374035534472,17.0,20.0,0.0,122.0,10.190230493129205,9.0,11.0,1.0,16212.767981750041,10000.0,19000.0,1.0,16.5,17.779707897680332,19.0,1.0,23074.585699071336,10000.0,25000.0,1.0,19.079164622816727,17.0,20.0,1.0,0.0,111.0,1.0,15.0
11.0,22.0,11.0,21.0,-121.0,11.0,11.0,-111.0,10.196792168598316,9.0,11.0,30000.0,10000.0,19000.0,0.0,24.61622168159372,16.5,19.0,0.0,10000.0,37103.873242837784,25000.0,0.0,25.95385720695464,17.0,20.0,0.0,122.0,10.20713323738983,9.0,11.0,1.0,14096.258008861518,10000.0,19000.0,1.0,16.5,17.343131531904582,19.0,1.0,21096.61848576917,10000.0,25000.0,1.0,18.66127595032942,17.0,20.0,1.0,0.0,111.0,1.0,54.0
11.0,22.0,11.0,22.0,-121.0,21.0,13.0,-111.0,10.171125538328463,9.0,11.0,30000.0,10000.0,19000.0,0.0,26.4603758718426,16.5,19.0,0.0,10000.0,37106.14379926254,25000.0,0.0,27.802970114932123,17.0,20.0,0.0,122.0,10.199870245577833,9.0,11.0,1.0,13850.054947820805,10000.0,19000.0,1.0,16.5,17.337215684730182,19.0,1.0,20867.22037898683,10000.0,25000.0,1.0,18.662998862896096,17.0,20.0,1.0,0.0,211.0,1.0,13.0
11.0,22.0,11.0,22.0,-121.0,11.0,11.0,-111.0,10.185462449874738,9.0,11.0,30000.0,10000.0,19000.0,0.0,27.514456608302517,16.5,19.0,0.0,10000.0,37145.001420626,25000.0,0.0,28.857206383892795,17.0,20.0,0.0,122.0,10.224821446170692,9.0,11.0,1.0,13303.554281169347,10000.0,19000.0,1.0,16.5,17.270594936246535,19.0,1.0,20130.35333466219,10000.0,25000.0,1.0,18.553545401534798,17.0,20.0,1.0,0.0,111.0,1.0,15.0
11.0,21.0,11.0,22.0,-121.0,11.0,11.0,-111.0,9.996353203046093,9.0,11.0,30000.0,10000.0,19000.0,0.0,25.339160561223235,16.5,19.0,0.0,10000.0,36540.30231833771,25000.0,0.0,26.646909719471434,17.0,20.0,0.0,121.0,9.993439073941813,9.0,11.0,1.0,17760.504107622994,10000.0,19000.0,1.0,16.5,18.090792536118038,19.0,1.0,24265.77279242703,10000.0,25000.0,1.0,19.39153663519098,17.0,20.0,1.0,0.0,111.0,1.0,35.0
11.0,22.0,11.0,22.0,-121.0,21.0,13.0,-111.0,10.011875533719103,9.0,11.0,30000.0,10000.0,19000.0,0.0,24.15351139740587,16.5,19.0,0.0,10000.0,36554.72719233925,25000.0,0.0,25.465334678671642,17.0,20.0,0.0,121.0,10.000317475611883,9.0,11.0,1.0,14820.35283449879,10000.0,19000.0,1.0,16.5,17.485248315073413,19.0,1.0,21316.572593609515,10000.0,25000.0,1.0,18.785362274076924,17.0,20.0,1.0,0.0,211.0,1.0,22.0
91.0,24.0,91.0,24.0,-721.0,911.0,12.0,-711.0,15.053385698935065,12.0,17.0,30000.0,18000.0,36000.0,1.0,24.03294872442813,20.0,25.0,1.0,18000.0,34446.99499897955,36000.0,1.0,24.590159411628377,20.0,26.0,1.0,721.0,14.751719113489418,12.0,17.0,1.0,27940.210608567922,18000.0,36000.0,1.0,20.0,23.256027944469373,25.0,1.0,32413.29498071727,18000.0,36000.0,1.0,23.816507643115756,20.0,26.0,1.0,1.0,91121.0,7.0,8.0
91.0,24.0,91.0,21.0,-721.0,911.0,11.0,-711.0,15.184680654489274,12.0,17.0,30000.0,18000.0,36000.0,1.0,24.480769588272366,20.0,25.0,1.0,18000.0,34509.08459484523,36000.0,1.0,25.042385403111204,20.0,26.0,1.0,721.0,14.954950221243653,12.0,17.0,1.0,22751.98165932211,18000.0,36000.0,1.0,20.0,22.745709296842996,25.0,1.0,27276.755261750797,18000.0,36000.0,1.0,23.309279210034315,20.0,26.0,1.0,1.0,91121.0,7.0,2.0
11.0,21.0,11.0,22.0,-121.0,21.0,13.0,-111.0,10.216923762290268,9.0,11.0,30000.0,10000.0,19000.0,0.0,26.976187987338662,16.5,19.0,0.0,10000.0,36907.62098934799,25000.0,0.0,28.279904814544572,17.0,20.0,0.0,122.0,10.199883097208403,9.0,11.0,1.0,13954.954286543976,10000.0,19000.0,1.0,16.5,17.35029095066592,19.0,1.0,20981.16839981774,10000.0,25000.0,1.0,18.676390570947966,17.0,20.0,1.0,0.0,211.0,1.0,59.0
91.0,24.0,91.0,24.0,-721.0,911.0,12.0,-711.0,15.451466823645331,12.0,17.0,30000.0,18000.0,36000.0,1.0,24.602769173221958,20.0,25.0,1.0,18000.0,33967.23917443359,36000.0,1.0,25.087373826559123,20.0,26.0,1.0,722.0,15.296140919487117,12.0,17.0,1.0,28871.054765855333,18000.0,36000.0,1.0,20.0,23.85912979473072,25.0,1.0,32760.04935811539,18000.0,36000.0,1.0,24.334176746363365,20.0,26.0,1.0,1.0,91121.0,7.0,13.0
81.0,21.0,81.0,23.0,-721.0,912.0,12.0,-711.0,15.207202142958849,12.0,17.0,30000.0,12500.0,23000.0,0.0,27.28369006301731,20.0,24.0,0.0,12500.0,34087.81593926182,26000.0,0.0,27.783415547566225,20.0,25.0,0.0,722.0,15.144830741944158,12.0,17.0,1.0,18705.409553125424,12500.0,23000.0,1.0,20.0,21.99209675128446,24.0,1.0,22742.254588740685,12500.0,26000.0,1.0,22.48559116772729,20.0,25.0,1.0,0.0,912.0,7.0,7.0
11.0,21.0,11.0,22.0,-121.0,11.0,12.0,-111.0,10.172994312145681,9.0,11.0,30000.0,10000.0,19000.0,0.0,25.444529370567018,16.5,19.0,0.0,10000.0,36856.83447674674,25000.0,0.0,26.737157882124958,17.0,20.0,0.0,122.0,10.189476254851899,9.0,11.0,1.0,16193.661017490975,10000.0,19000.0,1.0,16.5,17.793841794037384,19.0,1.0,23322.419703245312,10000.0,25000.0,1.0,19.137732588028722,17.0,20.0,1.0,0.0,111.0,1.0,7.0
11.0,21.0,11.0,22.0,-121.0,21.0,13.0,-111.0,10.00778260949093,9.0,11.0,30000.0,10000.0,19000.0,0.0,27.549632322359876,16.5,19.0,0.0,10000.0,36484.80604376909,25000.0,0.0,28.84516709037649,17.0,20.0,0.0,121.0,10.023234532422068,9.0,11.0,1.0,12609.344269733232,10000.0,19000.0,1.0,16.5,17.099673925977864,19.0,1.0,19087.96901123527,10000.0,25000.0,1.0,18.393973793221107,17.0,20.0,1.0,0.0,211.0,1.0,52.0
11.0,22.0,11.0,22.0,-121.0,21.0,13.0,-111.0,10.19775191551188,9.0,11.0,30000.0,10000.0,19000.0,0.0,25.339371981581778,16.5,19.0,0.0,10000.0,36929.41055235878,25000.0,0.0,26.647234709898804,17.0,20.0,0.0,122.0,10.212817414201918,9.0,11.0,1.0,12963.514807639702,10000.0,19000.0,1.0,16.5,17.161428068122195,19.0,1.0,19969.272169889337,10000.0,25000.0,1.0,18.48370055702819,17.0,20.0,1.0,0.0,211.0,1.0,36.0
11.0,22.0,11.0,22.0,-121.0,21.0,13.0,-111.0,10.013584564892602,9.0,11.0,30000.0,10000.0,19000.0,0.0,26.151483800529206,16.5,19.0,0.0,10000.0,36544.70210760852,25000.0,0.0,27.458669629906808,17.0,20.0,0.0,121.0,9.999554733670514,9.0,11.0,1.0,15407.107239887711,10000.0,19000.0,1.0,16.5,17.586349795852524,19.0,1.0,21850.8873797947,10000.0,25000.0,1.0,18.87337828821413,17.0,20.0,1.0,0.0,211.0,1.0,19.0
11.0,22.0,11.0,22.0,-121.0,21.0,13.0,-111.0,10.170129101443372,9.0,11.0,30000.0,10000.0,19000.0,0.0,26.01177363042484,16.5,19.0,0.0,10000.0,36972.4489783219,25000.0,0.0,27.32152403812,17.0,20.0,0.0,122.0,10.21897074863091,9.0,11.0,1.0,14013.4317100635,10000.0,19000.0,1.0,16.5,17.424871949312024,19.0,1.0,20889.296641775076,10000.0,25000.0,1.0,18.71647937814595,17.0,20.0,1.0,0.0,211.0,1.0,31.0
11.0,21.0,11.0,21.0,-121.0,21.0,13.0,-111.0,10.173021860117807,9.0,11.0,30000.0,10000.0,19000.0,0.0,26.486918569322725,16.5,19.0,0.0,10000.0,37095.55756469308,25000.0,0.0,27.828075006705554,17.0,20.0,0.0,122.0,10.20463345557958,9.0,11.0,1.0,11082.649677194124,10000.0,19000.0,1.0,16.5,16.785736666130898,19.0,1.0,18118.15581210586,10000.0,25000.0,1.0,18.115542570325744,17.0,20.0,1.0,0.0,211.0,1.0,34.0
11.0,21.0,11.0,21.0,-121.0,21.0,13.0,-111.0,10.179087358670383,9.0,11.0,30000.0,10000.0,19000.0,0.0,28.204792691332283,16.5,19.0,0.0,10000.0,36993.2158255668,25000.0,0.0,29.524777314197184,17.0,20.0,0.0,122.0,10.214977803989974,9.0,11.0,1.0,14706.928491061559,10000.0,19000.0,1.0,16.5,17.492857370127165,19.0,1.0,21715.265419818337,10000.0,25000.0,1.0,18.815696133946584,17.0,20.0,1.0,0.0,211.0,1.0,34.0
91.0,24.0,91.0,24.0,-721.0,911.0,12.0,-711.0,15.2471635906781,12.0,17.0,30000.0,18000.0,36000.0,1.0,24.264580421654472,20.0,25.0,1.0,18000.0,34044.27526355824,36000.0,1.0,24.757038631418283,20.0,26.0,1.0,722.0,15.13605830541397,12.0,17.0,1.0,27171.087758169393,18000.0,36000.0,1.0,20.0,23.37298772915183,25.0,1.0,31184.978008495742,18000.0,36000.0,1.0,23.86174605494517,20.0,26.0,1.0,1.0,91121.0,7.0,13.0
11.0,21.0,11.0,22.0,-121.0,21.0,12.0,-111.0,10.004789941039947,9.0,11.0,30000.0,10000.0,19000.0,0.0,24.152487541543536,16.5,19.0,0.0,10000.0,36571.58443829304,25000.0,0.0,25.47589368872822,17.0,20.0,0.0,121.0,10.013417294445517,9.0,11.0,1.0,15977.2767538433,10000.0,19000.0,1.0,16.5,17.742187703884433,19.0,1.0,22622.269105785977,10000.0,25000.0,1.0,19.08037696541363,17.0,20.0,1.0,0.0,211.0,1.0,37.0
11.0,21.0,11.0,21.0,-121.0,11.0,11.0,-111.0,10.007427688848507,9.0,11.0,30000.0,10000.0,19000.0,0.0,24.97141863214387,16.5,19.0,0.0,10000.0,36522.5625958144,25000.0,0.0,26.28016751190977,17.0,20.0,0.0,121.0,9.992012186213646,9.0,11.0,1.0,13043.325650164998,10000.0,19000.0,1.0,16.5,17.077044574594595,19.0,1.0,19643.995394131587,10000.0,25000.0,1.0,18.40146561405912,17.0,20.0,1.0,0.0,111.0,1.0,56.0
11.0,21.0,11.0,22.0,-121.0,11.0,12.0,-111.0,10.214126963220272,9.0,11.0,30000.0,10000.0,19000.0,0.0,25.71708693129824,16.5,19.0,0.0,10000.0,37148.68516452633,25000.0,0.0,27.06900713592312,17.0,20.0,0.0,122.0,10.196325369980313,9.0,11.0,1.0,15626.978170972068,10000.0,19000.0,1.0,16.5,17.685027248491902,19.0,1.0,22624.65864734754,10000.0,25000.0,1.0,19.008390273131116,17.0,20.0,1.0,0.0,111.0,1.0,7.0
11.0,22.0,11.0,22.0,-121.0,11.0,12.0,-111.0,10.015362894241129,9.0,11.0,30000.0,10000.0,19000.0,0.0,23.566022640162785,16.5,19.0,0.0,10000.0,36489.597763846185,25000.0,0.0,24.863000325807604,17.0,20.0,0.0,121.0,10.010121053473934,9.0,11.0,1.0,16873.110016541217,10000.0,19000.0,1.0,16.5,17.929542789502307,19.0,1.0,23422.380852105878,10000.0,25000.0,1.0,19.238446428845506,17.0,20.0,1.0,0.0,111.0,1.0,49.0
11.0,22.0,11.0,22.0,-121.0,21.0,13.0,-111.0,10.000782042141056,9.0,11.0,30000.0,10000.0,19000.0,0.0,25.363181986138095,16.5,19.0,0.0,10000.0,36462.30236357271,25000.0,0.0,26.65747874295744,17.0,20.0,0.0,121.0,10.020795058319225,9.0,11.0,1.0,12557.789763366094,10000.0,19000.0,1.0,16.5,17.055097010969305,19.0,1.0,19054.837169539045,10000.0,25000.0,1.0,18.356352649224863,17.0,20.0,1.0,0.0,211.0,1.0,13.0
91.0,21.0,91.0,24.0,-721.0,911.0,12.0,-711.0,15.610346263689959,12.0,17.0,30000.0,18000.0,36000.0,1.0,25.39722056968873,20.0,25.0,0.0,18000.0,34497.40022919488,36000.0,1.0,25.96275170400595,20.0,26.0,1.0,721.0,15.430129072502698,12.0,17.0,1.0,28797.5993777927,18000.0,36000.0,1.0,20.0,24.106818793061144,25.0,1.0,33320.00508889331,18000.0,36000.0,1.0,24.675494272516808,20.0,26.0,1.0,0.0,91121.0,7.0,26.0
81.0,23.0,81.0,23.0,-721.0,912.0,12.0,-711.0,15.293787842638398,12.0,17.0,30000.0,12500.0,23000.0,0.0,26.34772218921175,20.0,24.0,0.0,12500.0,34094.03395012951,26000.0,0.0,26.846237879684146,20.0,25.0,0.0,722.0,15.401076478715753,12.0,17.0,1.0,18018.273807989794,12500.0,23000.0,1.0,20.0,22.15624476510028,24.0,1.0,21950.653698378912,12500.0,26000.0,1.0,22.635076426033397,20.0,25.0,1.0,0.0,912.0,7.0,10.0
11.0,22.0,11.0,21.0,-121.0,11.0,11.0,-111.0,9.988158875781906,9.0,11.0,30000.0,10000.0,19000.0,0.0,23.21994222426677,16.5,19.0,0.0,10000.0,36617.17696492914,25000.0,0.0,24.540959194598585,17.0,20.0,0.0,121.0,10.012127501021178,9.0,11.0,1.0,12671.717115089032,10000.0,19000.0,1.0,16.5,17.00249763024576,19.0,1.0,19107.787479935883,10000.0,25000.0,1.0,18.287359470766813,17.0,20.0,1.0,0.0,111.0,1.0,54.0
11.0,22.0,11.0,22.0,-121.0,21.0,13.0,-111.0,10.008248558726164,9.0,11.0,30000.0,10000.0,19000.0,0.0,24.755912002785486,16.5,19.0,0.0,10000.0,36513.69686354908,25000.0,0.0,26.06527656484062,17.0,20.0,0.0,121.0,9.990454951340203,9.0,11.0,1.0,16256.400838598078,10000.0,19000.0,1.0,16.5,17.79466118759803,19.0,1.0,22732.11560053523,10000.0,25000.0,1.0,19.09639069710392,17.0,20.0,1.0,0.0,211.0,1.0,41.0
91.0,24.0,91.0,24.0,-721.0,911.0,11.0,-711.0,14.952026875610434,12.0,17.0,30000.0,18000.0,36000.0,1.0,24.209725046868773,20.0,25.0,1.0,18000.0,34067.40007734983,36000.0,1.0,24.70487736747867,20.0,26.0,1.0,722.0,15.285645150848898,12.0,17.0,1.0,25855.047568700353,18000.0,36000.0,1.0,20.0,23.528381144840814,25.0,1.0,29877.010795958395,18000.0,36000.0,1.0,24.01800212815015,20.0,26.0,1.0,1.0,91121.0,7.0,16.0
11.0,22.0,11.0,21.0,-121.0,21.0,13.0,-111.0,10.208431696193141,9.0,11.0,30000.0,10000.0,19000.0,0.0,24.572345729398595,16.5,19.0,0.0,10000.0,36875.946920682065,25000.0,0.0,25.866254440990275,17.0,20.0,0.0,122.0,10.201394265389663,9.0,11.0,1.0,11265.086594624929,10000.0,19000.0,1.0,16.5,16.80442342515626,19.0,1.0,18256.97258886387,10000.0,25000.0,1.0,18.120149433917277,17.0,20.0,1.0,0.0,211.0,1.0,2.0
91.0,24.0,91.0,24.0,-721.0,911.0,11.0,-711.0,15.008679302941454,12.0,17.0,30000.0,18000.0,36000.0,1.0,24.053569755365878,20.0,25.0,1.0,18000.0,34030.71590704954,36000.0,1.0,24.546558027365908,20.0,26.0,1.0,722.0,15.222889209527223,12.0,17.0,1.0,28369.348961849995,18000.0,36000.0,1.0,20.0,23.689069794554637,25.0,1.0,32325.968824237898,18000.0,36000.0,1.0,24.172995537251648,20.0,26.0,1.0,1.0,91121.0,7.0,0.0
92.0,24.0,92.0,24.0,-721.0,921.0,13.0,-711.0,15.133381569182518,12.0,17.0,30000.0,15000.0,28000.0,0.0,23.831545135426982,19.5,25.0,1.0,15000.0,34008.64226380359,28000.0,0.0,24.32106960631465,20.0,26.0,1.0,722.0,14.753606006997623,12.0,17.0,1.0,18278.78382181875,15000.0,28000.0,1.0,19.5,21.077896434292505,25.0,1.0,22326.761960448675,15000.0,28000.0,1.0,21.57222449503531,20.0,26.0,1.0,0.0,92122.0,7.0,20.0
11.0,22.0,11.0,22.0,-121.0,21.0,13.0,-111.0,10.212487700133194,9.0,11.0,30000.0,10000.0,19000.0,0.0,26.10955450224124,16.5,19.0,0.0,10000.0,36802.82402000018,25000.0,0.0,27.393380202699504,17.0,20.0,0.0,122.0,10.181880652958181,9.0,11.0,1.0,15101.073243639747,10000.0,19000.0,1.0,16.5,17.57447924012579,19.0,1.0,22067.21681156686,10000.0,25000.0,1.0,18.889126527677792,17.0,20.0,1.0,0.0,211.0,1.0,22.0
11.0,22.0,11.0,21.0,-121.0,11.0,11.0,-111.0,10.00706973378519,9.0,11.0,30000.0,10000.0,19000.0,0.0,24.090944963579204,16.5,19.0,0.0,10000.0,36434.00743553605,25000.0,0.0,25.376831572590763,17.0,20.0,0.0,121.0,9.996515690841058,9.0,11.0,1.0,14836.853887484982,10000.0,19000.0,1.0,16.5,17.43790438678475,19.0,1.0,21350.93601295595,10000.0,25000.0,1.0,18.73979454763235,17.0,20.0,1.0,0.0,111.0,1.0,26.0
11.0,21.0,11.0,22.0,-121.0,21.0,13.0,-111.0,10.19236143058737,9.0,11.0,30000.0,10000.0,19000.0,0.0,25.703261930179448,16.5,19.0,0.0,10000.0,36777.08649530434,25000.0,0.0,26.984152678410116,17.0,20.0,0.0,122.0,10.197316831712156,9.0,11.0,1.0,14923.598663499268,10000.0,19000.0,1.0,16.5,17.545606069240186,19.0,1.0,21954.95113290537,10000.0,25000.0,1.0,18.874553889494717,17.0,20.0,1.0,0.0,211.0,1.0,59.0
81.0,23.0,81.0,23.0,-721.0,912.0,12.0,-711.0,15.254972248059856,12.0,17.0,30000.0,12500.0,23000.0,0.0,26.010991617109198,20.0,24.0,0.0,12500.0,33997.27009512899,26000.0,0.0,26.49766913461795,20.0,25.0,0.0,722.0,15.168882876603124,12.0,17.0,1.0,19068.484690601465,12500.0,23000.0,1.0,20.0,21.990179238830002,24.0,1.0,23048.19734867219,12500.0,26000.0,1.0,22.474719094965376,20.0,25.0,1.0,0.0,912.0,7.0,5.0
11.0,22.0,11.0,22.0,-121.0,11.0,12.0,-111.0,10.000990393222214,9.0,11.0,30000.0,10000.0,19000.0,0.0,24.067873690536217,16.5,19.0,0.0,10000.0,36644.98027513637,25000.0,0.0,25.40170345190484,17.0,20.0,0.0,121.0,10.001296842490635,9.0,11.0,1.0,14505.28243785503,10000.0,19000.0,1.0,16.5,17.50127764155465,19.0,1.0,20999.938483610327,10000.0,25000.0,1.0,18.80493320786155,17.0,20.0,1.0,0.0,111.0,1.0,40.0
11.0,22.0,11.0,21.0,-121.0,11.0,12.0,-111.0,10.201191992997906,9.0,11.0,30000.0,10000.0,19000.0,0.0,23.784519699552305,16.5,19.0,0.0,10000.0,36877.25892743026,25000.0,0.0,25.078156359501538,17.0,20.0,0.0,122.0,10.206991547823437,9.0,11.0,1.0,14375.762401778897,10000.0,19000.0,1.0,16.5,17.389324313872784,19.0,1.0,21333.944631648323,10000.0,25000.0,1.0,18.698182932422693,17.0,20.0,1.0,0.0,111.0,1.0,45.0
81.0,21.0,81.0,23.0,-721.0,912.0,12.0,-711.0,15.007445565633134,12.0,17.0,30000.0,12500.0,23000.0,0.0,27.05493338122232,20.0,24.0,0.0,12500.0,34480.23615037327,26000.0,0.0,27.615844325086602,20.0,25.0,0.0,721.0,16.160698726619717,12.0,17.0,1.0,18915.821106183408,12500.0,23000.0,1.0,20.0,23.113480241755273,24.0,1.0,23418.083993062453,12500.0,26000.0,1.0,23.67714886114134,20.0,25.0,1.0,0.0,912.0,7.0,7.0
91.0,24.0,91.0,21.0,-721.0,911.0,11.0,-711.0,14.425781216787765,12.0,17.0,30000.0,18000.0,36000.0,1.0,24.385700332238976,20.0,25.0,1.0,18000.0,34426.174171331666,36000.0,1.0,24.9388203713661,20.0,26.0,1.0,721.0,14.423629194861347,12.0,17.0,1.0,24073.909091140154,18000.0,36000.0,1.0,20.0,22.36667869684319,25.0,1.0,28611.110520057206,18000.0,36000.0,1.0,22.933673337077874,20.0,26.0,1.0,1.0,91121.0,7.0,3.0
11.0,22.0,11.0,22.0,-121.0,11.0,11.0,-111.0,10.008993101185526,9.0,11.0,30000.0,10000.0,19000.0,0.0,26.095174982656204,16.5,19.0,0.0,10000.0,36565.297123763456,25000.0,0.0,27.41391211618976,17.0,20.0,0.0,121.0,10.005948523467753,9.0,11.0,1.0,15246.051641771759,10000.0,19000.0,1.0,16.5,17.59660071687628,19.0,1.0,21692.017181751482,10000.0,25000.0,1.0,18.891368334975514,17.0,20.0,1.0,0.0,111.0,1.0,55.0
11.0,21.0,11.0,22.0,-121.0,11.0,11.0,-111.0,9.98562769977177,9.0,11.0,30000.0,10000.0,19000.0,0.0,25.821663973209432,16.5,19.0,0.0,10000.0,36504.530278780214,25000.0,0.0,27.120427020346263,17.0,20.0,0.0,121.0,9.999787817632267,9.0,11.0,1.0,13014.68566461789,10000.0,19000.0,1.0,16.5,17.11559923700443,19.0,1.0,19583.60034091497,10000.0,25000.0,1.0,18.427217951302943,17.0,20.0,1.0,0.0,111.0,1.0,43.0
11.0,21.0,11.0,22.0,-121.0,21.0,13.0,-111.0,10.00689051011577,9.0,11.0,30000.0,10000.0,19000.0,0.0,26.27697385615286,16.5,19.0,0.0,10000.0,36493.17166803262,25000.0,0.0,27.576999920958727,17.0,20.0,0.0,121.0,10.004601388235828,9.0,11.0,1.0,16294.23767899139,10000.0,19000.0,1.0,16.5,17.786583866600296,19.0,1.0,22802.41936039615,10000.0,25000.0,1.0,19.08961515129168,17.0,20.0,1.0,0.0,211.0,1.0,24.0
11.0,21.0,11.0,22.0,-121.0,21.0,13.0,-111.0,10.21264270768559,9.0,11.0,30000.0,10000.0,19000.0,0.0,26.450257601937025,16.5,19.0,0.0,10000.0,37023.44077558539,25000.0,0.0,27.774862094802256,17.0,20.0,0.0,122.0,10.232923242564766,9.0,11.0,1.0,12931.083979025008,10000.0,19000.0,1.0,16.5,17.196364071630025,19.0,1.0,19883.122407071885,10000.0,25000.0,1.0,18.507502248856998,17.0,20.0,1.0,0.0,211.0,1.0,59.0
11.0,22.0,11.0,22.0,-121.0,21.0,13.0,-111.0,10.190056235442896,9.0,11.0,30000.0,10000.0,19000.0,0.0,26.52653872440914,16.5,19.0,0.0,10000.0,37070.919950478936,25000.0,0.0,27.857674463108783,17.0,20.0,0.0,122.0,10.206001758068417,9.0,11.0,1.0,14313.704437871676,10000.0,19000.0,1.0,16.5,17.394488556288536,19.0,1.0,21266.49506986175,10000.0,25000.0,1.0,18.70338586509079,17.0,20.0,1.0,0.0,211.0,1.0,16.0
81.0,23.0,81.0,23.0,-721.0,912.0,12.0,-711.0,14.809232040009572,12.0,17.0,30000.0,12500.0,23000.0,0.0,25.898566178801765,20.0,24.0,0.0,12500.0,34495.62325287503,26000.0,0.0,26.456551832054636,20.0,25.0,0.0,721.0,13.65996594046518,12.0,17.0,1.0,18278.4743448249,12500.0,23000.0,1.0,20.0,20.539659566967874,24.0,1.0,22895.941287291032,12500.0,26000.0,1.0,21.11276815799978,20.0,25.0,1.0,0.0,912.0,7.0,31.0
11.0,22.0,11.0,22.0,-121.0,11.0,12.0,-111.0,10.197333745259957,9.0,11.0,30000.0,10000.0,19000.0,0.0,25.505631520870025,16.5,19.0,0.0,10000.0,36967.251595667956,25000.0,0.0,26.818925708622096,17.0,20.0,0.0,122.0,10.211590158939476,9.0,11.0,1.0,15116.216176152628,10000.0,19000.0,1.0,16.5,17.576403614643887,19.0,1.0,21912.235838687076,10000.0,25000.0,1.0,18.857421387592506,17.0,20.0,1.0,0.0,111.0,1.0,49.0
11.0,22.0,11.0,22.0,-121.0,21.0,12.0,-111.0,10.20260196097235,9.0,11.0,30000.0,10000.0,19000.0,0.0,23.978041895712934,16.5,19.0,0.0,10000.0,37000.40894894849,25000.0,0.0,25.298857867983784,17.0,20.0,0.0,122.0,10.19242028368877,9.0,11.0,1.0,15839.880327647126,10000.0,19000.0,1.0,16.5,17.714830783595556,19.0,1.0,22747.419180686906,10000.0,25000.0,1.0,19.01812430726132,17.0,20.0,1.0,0.0,211.0,1.0,23.0
11.0,22.0,11.0,22.0,-121.0,21.0,12.0,-111.0,10.209042485236367,9.0,11.0,30000.0,10000.0,19000.0,0.0,23.476045975108292,16.5,19.0,0.0,10000.0,37093.1652451517,25000.0,0.0,24.812653946460696,17.0,20.0,0.0,122.0,10.190491414793376,9.0,11.0,1.0,16040.121609955897,10000.0,19000.0,1.0,16.5,17.746571318880818,19.0,1.0,22947.87942411398,10000.0,25000.0,1.0,19.048241848111257,17.0,20.0,1.0,0.0,211.0,1.0,25.0
91.0,24.0,91.0,24.0,-721.0,911.0,11.0,-711.0,15.14838133300364,12.0,17.0,30000.0,18000.0,36000.0,1.0,25.29317628864107,20.0,25.0,0.0,18000.0,34509.50464531298,36000.0,1.0,25.857041936418078,20.0,26.0,1.0,721.0,14.732999043835678,12.0,17.0,1.0,27612.77769881105,18000.0,36000.0,1.0,20.0,23.19398110333479,25.0,1.0,32105.18396475904,18000.0,36000.0,1.0,23.755708780422133,20.0,26.0,1.0,0.0,91121.0,7.0,9.0
11.0,22.0,11.0,21.0,-121.0,11.0,11.0,-111.0,10.215362593933886,9.0,11.0,30000.0,10000.0,19000.0,0.0,25.059890374768926,16.5,19.0,0.0,10000.0,36949.791856587246,25000.0,0.0,26.371371565051888,17.0,20.0,0.0,122.0,10.199135444727645,9.0,11.0,1.0,12942.832156806897,10000.0,19000.0,1.0,16.5,17.14014932939101,19.0,1.0,20049.98695162274,10000.0,25000.0,1.0,18.481326162046177,17.0,20.0,1.0,0.0,111.0,1.0,0.0
11.0,21.0,11.0,22.0,-121.0,21.0,13.0,-111.0,10.208382831618227,9.0,11.0,30000.0,10000.0,19000.0,0.0,26.120310058936077,16.5,19.0,0.0,10000.0,37073.94182055395,25000.0,0.0,27.456223377341267,17.0,20.0,0.0,122.0,10.195590912990362,9.0,11.0,1.0,15617.76622198119,10000.0,19000.0,1.0,16.5,17.695513831685357,19.0,1.0,22625.11978780476,10000.0,25000.0,1.0,19.01885196377997,17.0,20.0,1.0,0.0,211.0,1.0,9.0
91.0,24.0,91.0,24.0,-721.0,911.0,12.0,-711.0,15.273961704306272,12.0,17.0,30000.0,18000.0,36000.0,1.0,24.961311470576682,20.0,25.0,1.0,18000.0,34025.32621297189,36000.0,1.0,25.451716111758845,20.0,26.0,1.0,722.0,15.045319055602262,12.0,17.0,1.0,31469.873887913844,18000.0,36000.0,1.0,20.0,23.92404051862557,25.0,1.0,35437.460129900304,18000.0,36000.0,1.0,24.407410711354405,20.0,26.0,1.0,1.0,91121.0,7.0,32.0
11.0,21.0,11.0,22.0,-121.0,21.0,13.0,-111.0,10.21651988029246,9.0,11.0,30000.0,10000.0,19000.0,0.0,26.275555539363317,16.5,19.0,0.0,10000.0,36917.429429887474,25000.0,0.0,27.58162594300407,17.0,20.0,0.0,122.0,10.194309785461666,9.0,11.0,1.0,14978.077028862093,10000.0,19000.0,1.0,16.5,17.57737389598766,19.0,1.0,22054.633452988874,10000.0,25000.0,1.0,18.913488850093692,17.0,20.0,1.0,0.0,211.0,1.0,9.0
11.0,21.0,11.0,21.0,-121.0,11.0,11.0,-111.0,10.197838026475447,9.0,11.0,30000.0,10000.0,19000.0,0.0,25.247716152877807,16.5,19.0,0.0,10000.0,36774.882077846014,25000.0,0.0,26.52914326341054,17.0,20.0,0.0,122.0,10.19139100827092,9.0,11.0,1.0,14009.604103861959,10000.0,19000.0,1.0,16.5,17.36169910032728,19.0,1.0,21081.40021329881,10000.0,25000.0,1.0,18.699285666509024,17.0,20.0,1.0,0.0,111.0,1.0,18.0
11.0,22.0,11.0,22.0,-121.0,11.0,12.0,-111.0,10.173436565639475,9.0,11.0,30000.0,10000.0,19000.0,0.0,24.372460558603237,16.5,19.0,0.0,10000.0,37047.3554130128,25000.0,0.0,25.704133162790185,17.0,20.0,0.0,122.0,10.200815401626036,9.0,11.0,1.0,16641.099876508568,10000.0,19000.0,1.0,16.5,17.88438974145285,19.0,1.0,23790.21812746126,10000.0,25000.0,1.0,19.23529151395429,17.0,20.0,1.0,0.0,111.0,1.0,40.0
11.0,22.0,11.0,21.0,-121.0,21.0,13.0,-111.0,10.014745463074739,9.0,11.0,30000.0,10000.0,19000.0,0.0,24.247458166814532,16.5,19.0,0.0,10000.0,36552.94163847186,25000.0,0.0,25.55494969551272,17.0,20.0,0.0,121.0,9.977974094738666,9.0,11.0,1.0,12596.30985334593,10000.0,19000.0,1.0,16.5,16.95349283239346,19.0,1.0,19011.28439054201,10000.0,25000.0,1.0,18.23345614153632,17.0,20.0,1.0,0.0,211.0,1.0,33.0
11.0,21.0,11.0,22.0,-121.0,11.0,11.0,-111.0,9.995873326306938,9.0,11.0,30000.0,10000.0,19000.0,0.0,27.757917682760805,16.5,19.0,0.0,10000.0,36490.0792079168,25000.0,0.0,29.055885901598305,17.0,20.0,0.0,121.0,10.005715530057026,9.0,11.0,1.0,16238.945893434988,10000.0,19000.0,1.0,16.5,17.823645322498514,19.0,1.0,22703.55067119137,10000.0,25000.0,1.0,19.116518842229585,17.0,20.0,1.0,0.0,111.0,1.0,35.0
11.0,22.0,11.0,21.0,-121.0,11.0,12.0,-111.0,9.995345595962192,9.0,11.0,30000.0,10000.0,19000.0,0.0,24.253487124848625,16.5,19.0,0.0,10000.0,36467.918834339405,25000.0,0.0,25.548779597502996,17.0,20.0,0.0,121.0,9.99587311662052,9.0,11.0,1.0,13872.190853174909,10000.0,19000.0,1.0,16.5,17.247361150107146,19.0,1.0,20376.2422473674,10000.0,25000.0,1.0,18.549889680293187,17.0,20.0,1.0,0.0,111.0,1.0,46.0
11.0,22.0,11.0,22.0,-121.0,21.0,13.0,-111.0,10.001788734113084,9.0,11.0,30000.0,10000.0,19000.0,0.0,24.469591964829185,16.5,19.0,0.0,10000.0,36471.066461585055,25000.0,0.0,25.767002647098742,17.0,20.0,0.0,121.0,9.983372533116436,9.0,11.0,1.0,13534.461045927335,10000.0,19000.0,1.0,16.5,17.211495086178836,19.0,1.0,20094.49354299168,10000.0,25000.0,1.0,18.526742934157507,17.0,20.0,1.0,0.0,211.0,1.0,36.0
11.0,22.0,11.0,22.0,-121.0,21.0,13.0,-111.0,10.20452216000745,9.0,11.0,30000.0,10000.0,19000.0,0.0,26.118663110609326,16.5,19.0,0.0,10000.0,36953.603663606234,25000.0,0.0,27.434092172663963,17.0,20.0,0.0,122.0,10.228515704957774,9.0,11.0,1.0,13595.572149793737,10000.0,19000.0,1.0,16.5,17.290496479029162,19.0,1.0,20511.77552823373,10000.0,25000.0,1.0,18.598850443851223,17.0,20.0,1.0,0.0,211.0,1.0,19.0
91.0,24.0,91.0,24.0,-721.0,911.0,11.0,-711.0,15.237720564285361,12.0,17.0,30000.0,18000.0,36000.0,1.0,24.810129499960677,20.0,25.0,1.0,18000.0,34563.211952125945,36000.0,1.0,25.376984100821065,20.0,26.0,1.0,721.0,14.911041343996448,12.0,17.0,1.0,27922.550289355848,18000.0,36000.0,1.0,20.0,23.440213728570733,25.0,1.0,32500.13916583902,18000.0,36000.0,1.0,24.008854270080736,20.0,26.0,1.0,1.0,91121.0,7.0,16.0
11.0,22.0,11.0,22.0,-121.0,21.0,13.0,-111.0,9.999542178492694,9.0,11.0,30000.0,10000.0,19000.0,0.0,25.139704367764928,16.5,19.0,0.0,10000.0,36441.71672195866,25000.0,0.0,26.43261072417026,17.0,20.0,0.0,121.0,9.997451579667482,9.0,11.0,1.0,12805.075707809476,10000.0,19000.0,1.0,16.5,17.077797598338112,19.0,1.0,19322.100888044508,10000.0,25000.0,1.0,18.385818991402026,17.0,20.0,1.0,0.0,211.0,1.0,41.0
11.0,22.0,11.0,21.0,-121.0,21.0,12.0,-111.0,10.006789932226283,9.0,11.0,30000.0,10000.0,19000.0,0.0,24.210169137921547,16.5,19.0,0.0,10000.0,36457.80015564154,25000.0,0.0,25.504702181429142,17.0,20.0,0.0,121.0,10.00920628474936,9.0,11.0,1.0,14301.696205635964,10000.0,19000.0,1.0,16.5,17.34938916173667,19.0,1.0,20840.85572757641,10000.0,25000.0,1.0,18.660231534355475,17.0,20.0,1.0,0.0,211.0,1.0,53.0
91.0,24.0,91.0,21.0,-721.0,911.0,11.0,-711.0,15.348201446344115,12.0,17.0,30000.0,18000.0,36000.0,1.0,24.980930827109614,20.0,25.0,1.0,18000.0,34542.335199192654,36000.0,1.0,25.55185364245334,20.0,26.0,1.0,721.0,16.00979759571066,12.0,17.0,1.0,23019.353993997942,18000.0,36000.0,1.0,20.0,23.813315010501732,25.0,1.0,27522.97404641415,18000.0,36000.0,1.0,24.379371747138194,20.0,26.0,1.0,1.0,91121.0,7.0,15.0
11.0,22.0,11.0,22.0,-121.0,21.0,13.0,-111.0,10.186490864129695,9.0,11.0,30000.0,10000.0,19000.0,0.0,27.31165303953573,16.5,19.0,0.0,10000.0,37120.79267088345,25000.0,0.0,28.656254485578586,17.0,20.0,0.0,122.0,10.194581144543175,9.0,11.0,1.0,13026.506371303023,10000.0,19000.0,1.0,16.5,17.17376457231507,19.0,1.0,20007.02984035935,10000.0,25000.0,1.0,18.49187933628063,17.0,20.0,1.0,0.0,211.0,1.0,5.0
11.0,22.0,11.0,22.0,-121.0,21.0,13.0,-111.0,9.991965048673398,9.0,11.0,30000.0,10000.0,19000.0,0.0,25.116248573207187,16.5,19.0,0.0,10000.0,36461.070509432924,25000.0,0.0,26.415261966197157,17.0,20.0,0.0,121.0,9.997523342570272,9.0,11.0,1.0,12272.402376543163,10000.0,19000.0,1.0,16.5,16.987411658472574,19.0,1.0,18753.14562942121,10000.0,25000.0,1.0,18.290380302713057,17.0,20.0,1.0,0.0,211.0,1.0,13.0
81.0,23.0,81.0,21.0,-721.0,912.0,11.0,-711.0,14.889027943544015,12.0,17.0,30000.0,12500.0,23000.0,0.0,25.882515408797282,20.0,24.0,0.0,12500.0,34519.8268370838,26000.0,0.0,26.44750739432673,20.0,25.0,0.0,721.0,14.799667398640299,12.0,17.0,1.0,12005.525566876038,12500.0,23000.0,0.0,20.0,20.69767697657547,24.0,1.0,16464.45182076635,12500.0,26000.0,1.0,21.255056205541752,20.0,25.0,1.0,0.0,912.0,7.0,12.0
91.0,24.0,91.0,24.0,-721.0,911.0,12.0,-711.0,15.144276720238619,12.0,17.0,30000.0,18000.0,36000.0,1.0,24.874044942886364,20.0,25.0,1.0,18000.0,34095.4217259215,36000.0,1.0,25.37445359460805,20.0,26.0,1.0,722.0,15.476959944939008,12.0,17.0,1.0,27858.063219330506,18000.0,36000.0,1.0,20.0,23.87434235216881,25.0,1.0,31791.436234912926,18000.0,36000.0,1.0,24.354950704414435,20.0,26.0,1.0,1.0,91121.0,7.0,27.0
91.0,24.0,91.0,24.0,-721.0,911.0,12.0,-711.0,15.340279917271939,12.0,17.0,30000.0,18000.0,36000.0,1.0,25.203656501007686,20.0,25.0,0.0,18000.0,34531.27567237806,36000.0,1.0,25.764468546287226,20.0,26.0,1.0,721.0,14.365190157531256,12.0,17.0,1.0,27512.174421150616,18000.0,36000.0,1.0,20.0,22.87331665395073,25.0,1.0,31988.83823234634,18000.0,36000.0,1.0,23.427369677758044,20.0,26.0,1.0,0.0,91121.0,7.0,27.0
11.0,21.0,11.0,21.0,-121.0,11.0,11.0,-111.0,10.019995419621257,9.0,11.0,30000.0,10000.0,19000.0,0.0,25.56816485646675,16.5,19.0,0.0,10000.0,36554.6735182947,25000.0,0.0,26.876772174583934,17.0,20.0,0.0,121.0,10.015475875405464,9.0,11.0,1.0,15084.457596967051,10000.0,19000.0,1.0,16.5,17.52729946783237,19.0,1.0,21612.323154760015,10000.0,25000.0,1.0,18.830554712623787,17.0,20.0,1.0,0.0,111.0,1.0,18.0
11.0,22.0,11.0,21.0,-121.0,11.0,11.0,-111.0,10.001283747851964,9.0,11.0,30000.0,10000.0,19000.0,0.0,24.404683653496534,16.5,19.0,0.0,10000.0,36462.58953263696,25000.0,0.0,25.691774758469357,17.0,20.0,0.0,121.0,9.997498339341902,9.0,11.0,1.0,12236.558773960447,10000.0,19000.0,1.0,16.5,16.913255801508562,19.0,1.0,18661.586127216397,10000.0,25000.0,1.0,18.192866012526952,17.0,20.0,1.0,0.0,111.0,1.0,0.0
91.0,24.0,91.0,24.0,-721.0,911.0,12.0,-711.0,15.158402677780833,12.0,17.0,30000.0,18000.0,36000.0,1.0,24.76540760240437,20.0,25.0,1.0,18000.0,34069.37088438649,36000.0,1.0,25.261747855925467,20.0,26.0,1.0,722.0,15.43277175698539,12.0,17.0,1.0,26641.99330133878,18000.0,36000.0,1.0,20.0,23.573547478243576,25.0,1.0,30660.619026280627,18000.0,36000.0,1.0,24.06369835605543,20.0,26.0,1.0,1.0,91121.0,7.0,23.0
11.0,22.0,11.0,22.0,-121.0,21.0,13.0,-111.0,10.000451373625735,9.0,11.0,30000.0,10000.0,19000.0,0.0,25.62151504874393,16.5,19.0,0.0,10000.0,36515.56728035418,25000.0,0.0,26.92109885751138,17.0,20.0,0.0,121.0,9.999494500203616,9.0,11.0,1.0,17332.045666506445,10000.0,19000.0,1.0,16.5,18.012440763619495,19.0,1.0,23860.86506829962,10000.0,25000.0,1.0,19.314667817665963,17.0,20.0,1.0,0.0,211.0,1.0,21.0
11.0,22.0,11.0,22.0,-121.0,11.0,11.0,-111.0,10.192657166298678,9.0,11.0,30000.0,10000.0,19000.0,0.0,23.366894458737384,16.5,19.0,0.0,10000.0,36904.544254476816,25000.0,0.0,24.6697203045806,17.0,20.0,0.0,122.0,10.20881479471933,9.0,11.0,1.0,16113.437940166486,10000.0,19000.0,1.0,16.5,17.798406775563546,19.0,1.0,23162.88460224266,10000.0,25000.0,1.0,19.1285744117969,17.0,20.0,1.0,0.0,111.0,1.0,30.0
11.0,21.0,11.0,22.0,-121.0,21.0,13.0,-111.0,10.198190355520508,9.0,11.0,30000.0,10000.0,19000.0,0.0,25.381859516705376,16.5,19.0,0.0,10000.0,36872.42793119899,25000.0,0.0,26.682287976723167,17.0,20.0,0.0,122.0,10.216460076666936,9.0,11.0,1.0,14127.476364837776,10000.0,19000.0,1.0,16.5,17.39827549153803,19.0,1.0,21332.457488749475,10000.0,25000.0,1.0,18.761631004498803,17.0,20.0,1.0,0.0,211.0,1.0,52.0
11.0,22.0,11.0,21.0,-121.0,11.0,11.0,-111.0,10.017270087180343,9.0,11.0,30000.0,10000.0,19000.0,0.0,24.702841321175683,16.5,19.0,0.0,10000.0,36531.77714124452,25000.0,0.0,26.015446405294444,17.0,20.0,0.0,121.0,9.999251882629109,9.0,11.0,1.0,12912.721890993014,10000.0,19000.0,1.0,16.5,17.03796604517402,19.0,1.0,19481.54665283349,10000.0,25000.0,1.0,18.35801610086747,17.0,20.0,1.0,0.0,111.0,1.0,0.0
11.0,22.0,11.0,22.0,-121.0,21.0,13.0,-111.0,10.007805752603614,9.0,11.0,30000.0,10000.0,19000.0,0.0,26.055873372652044,16.5,19.0,0.0,10000.0,36505.28419641932,25000.0,0.0,27.358470647721695,17.0,20.0,0.0,121.0,9.996764561133702,9.0,11.0,1.0,14484.775864610656,10000.0,19000.0,1.0,16.5,17.431456757524053,19.0,1.0,20946.678172507553,10000.0,25000.0,1.0,18.725367382161462,17.0,20.0,1.0,0.0,211.0,1.0,3.0
11.0,22.0,11.0,21.0,-121.0,21.0,13.0,-111.0,10.193280330266747,9.0,11.0,30000.0,10000.0,19000.0,0.0,24.757278198354882,16.5,19.0,0.0,10000.0,37177.523273769286,25000.0,0.0,26.113742632566783,17.0,20.0,0.0,122.0,10.201108394664377,9.0,11.0,1.0,12071.984722829222,10000.0,19000.0,1.0,16.5,16.952946365315196,19.0,1.0,18974.926449094823,10000.0,25000.0,1.0,18.25751823307025,17.0,20.0,1.0,0.0,211.0,1.0,33.0
91.0,24.0,91.0,24.0,-721.0,911.0,12.0,-711.0,15.04365456683334,12.0,17.0,30000.0,18000.0,36000.0,1.0,24.511925480030023,20.0,25.0,1.0,18000.0,33981.97741033848,36000.0,1.0,24.996820256260627,20.0,26.0,1.0,722.0,15.228354469589437,12.0,17.0,1.0,23771.848546255682,18000.0,36000.0,1.0,20.0,23.221500874512543,25.0,1.0,27798.51517244278,18000.0,36000.0,1.0,23.71183756190582,20.0,26.0,1.0,1.0,91121.0,7.0,8.0
91.0,21.0,91.0,24.0,-721.0,911.0,11.0,-711.0,15.389598285608795,12.0,17.0,30000.0,18000.0,36000.0,1.0,25.174084578063407,20.0,25.0,0.0,18000.0,34500.40147440471,36000.0,1.0,25.738881279960683,20.0,26.0,1.0,721.0,13.968619400389645,12.0,17.0,1.0,25107.47374457429,18000.0,36000.0,1.0,20.0,22.142047674287525,25.0,1.0,29584.82238586992,18000.0,36000.0,1.0,22.70395126449611,20.0,26.0,1.0,0.0,91121.0,7.0,18.0
91.0,24.0,91.0,21.0,-721.0,911.0,11.0,-711.0,15.002530103985308,12.0,17.0,30000.0,18000.0,36000.0,1.0,25.168704153540105,20.0,25.0,0.0,18000.0,34497.025564407566,36000.0,1.0,25.730287748876243,20.0,26.0,1.0,721.0,15.080828134760278,12.0,17.0,1.0,24931.521557751843,18000.0,36000.0,1.0,20.0,23.151156245052853,25.0,1.0,29388.850070446686,18000.0,36000.0,1.0,23.707782516329836,20.0,26.0,1.0,0.0,91121.0,7.0,2.0
91.0,24.0,91.0,21.0,-721.0,911.0,12.0,-711.0,14.425272195409676,12.0,17.0,30000.0,18000.0,36000.0,1.0,24.323608914077383,20.0,25.0,1.0,18000.0,34512.82320542606,36000.0,1.0,24.884079204584392,20.0,26.0,1.0,721.0,14.38116955084645,12.0,17.0,1.0,23761.32561423287,18000.0,36000.0,1.0,20.0,22.289136436601954,25.0,1.0,28310.88262376014,18000.0,36000.0,1.0,22.854168883639108,20.0,26.0,1.0,1.0,91121.0,7.0,14.0
11.0,21.0,11.0,22.0,-121.0,11.0,12.0,-111.0,10.002349576593058,9.0,11.0,30000.0,10000.0,19000.0,0.0,26.209888042732235,16.5,19.0,0.0,10000.0,36466.52045490956,25000.0,0.0,27.496974606154907,17.0,20.0,0.0,121.0,10.011417577203659,9.0,11.0,1.0,14864.82844482042,10000.0,19000.0,1.0,16.5,17.504669041323762,19.0,1.0,21444.778588559755,10000.0,25000.0,1.0,18.814332480425406,17.0,20.0,1.0,0.0,111.0,1.0,7.0
81.0,23.0,81.0,21.0,-721.0,912.0,12.0,-711.0,14.893959016939778,12.0,17.0,30000.0,12500.0,23000.0,0.0,25.90825026772893,20.0,24.0,0.0,12500.0,34523.06306631097,26000.0,0.0,26.47672911942874,20.0,25.0,0.0,721.0,15.578278238464895,12.0,17.0,1.0,15932.118840712184,12500.0,23000.0,1.0,20.0,21.93993353048653,24.0,1.0,20439.537543378872,12500.0,26000.0,1.0,22.50644612839998,20.0,25.0,1.0,0.0,912.0,7.0,30.0
91.0,24.0,91.0,21.0,-721.0,911.0,11.0,-711.0,14.605165168995498,12.0,17.0,30000.0,18000.0,36000.0,1.0,24.943052580332925,20.0,25.0,1.0,18000.0,34533.12627829568,36000.0,1.0,25.509868278862207,20.0,26.0,1.0,721.0,15.610012198859534,12.0,17.0,1.0,20595.40207106163,18000.0,36000.0,1.0,20.0,23.129089555348674,25.0,1.0,25116.573986984757,18000.0,36000.0,1.0,23.694410497314234,20.0,26.0,1.0,1.0,91121.0,7.0,2.0
11.0,22.0,11.0,22.0,-121.0,11.0,12.0,-111.0,10.21867908025114,9.0,11.0,30000.0,10000.0,19000.0,0.0,25.252760486502858,16.5,19.0,0.0,10000.0,37085.70817862666,25000.0,0.0,26.58258957262892,17.0,20.0,0.0,122.0,10.1981288629277,9.0,11.0,1.0,16005.268505695996,10000.0,19000.0,1.0,16.5,17.74052821725719,19.0,1.0,23002.50593696295,10000.0,25000.0,1.0,19.053753321093218,17.0,20.0,1.0,0.0,111.0,1.0,14.0
81.0,23.0,81.0,21.0,-721.0,912.0,11.0,-711.0,15.501578605273279,12.0,17.0,30000.0,12500.0,23000.0,0.0,26.767434429049324,20.0,24.0,0.0,12500.0,34483.97608449371,26000.0,0.0,27.32981411628789,20.0,25.0,0.0,721.0,14.580675816304971,12.0,17.0,1.0,16389.862147655847,12500.0,23000.0,1.0,20.0,21.15035567554038,24.0,1.0,20910.564364240665,12500.0,26000.0,1.0,21.717341549406544,20.0,25.0,1.0,0.0,912.0,7.0,12.0
81.0,23.0,81.0,21.0,-721.0,912.0,12.0,-711.0,15.10791714002877,12.0,17.0,30000.0,12500.0,23000.0,0.0,26.786751401558426,20.0,24.0,0.0,12500.0,34076.849299276684,26000.0,0.0,27.28319770829098,20.0,25.0,0.0,722.0,15.051309564099673,12.0,17.0,1.0,15231.95275026873,12500.0,23000.0,1.0,20.0,21.25145598765884,24.0,1.0,19247.772707027358,12500.0,26000.0,1.0,21.740470626092844,20.0,25.0,1.0,0.0,912.0,7.0,30.0
11.0,22.0,11.0,22.0,-121.0,11.0,11.0,-111.0,9.986341259964679,9.0,11.0,30000.0,10000.0,19000.0,0.0,24.823444096212043,16.5,19.0,0.0,10000.0,36430.740402744406,25000.0,0.0,26.106212210114904,17.0,20.0,0.0,121.0,10.007876031011174,9.0,11.0,1.0,13250.053252547743,10000.0,19000.0,1.0,16.5,17.181515910976998,19.0,1.0,19741.467460488107,10000.0,25000.0,1.0,18.476386896054898,17.0,20.0,1.0,0.0,111.0,1.0,57.0
91.0,24.0,91.0,24.0,-721.0,911.0,11.0,-711.0,15.070177075716948,12.0,17.0,30000.0,18000.0,36000.0,1.0,24.5547140423835,20.0,25.0,1.0,18000.0,33995.8451511896,36000.0,1.0,25.0430000959558,20.0,26.0,1.0,722.0,14.968321858384925,12.0,17.0,1.0,24339.280404142246,18000.0,36000.0,1.0,20.0,22.88434446749409,25.0,1.0,28382.852079156342,18000.0,36000.0,1.0,23.378462627939207,20.0,26.0,1.0,1.0,91121.0,7.0,0.0
11.0,22.0,11.0,21.0,-121.0,11.0,11.0,-111.0,10.194646364475831,9.0,11.0,30000.0,10000.0,19000.0,0.0,23.997596860597476,16.5,19.0,0.0,10000.0,36916.581166805285,25000.0,0.0,25.301873965948833,17.0,20.0,0.0,122.0,10.184196346542269,9.0,11.0,1.0,12121.059726991021,10000.0,19000.0,1.0,16.5,16.94452526285873,19.0,1.0,19138.05192866227,10000.0,25000.0,1.0,18.267737129581622,17.0,20.0,1.0,0.0,111.0,1.0,39.0
11.0,22.0,11.0,21.0,-121.0,21.0,13.0,-111.0,10.210351961387419,9.0,11.0,30000.0,10000.0,19000.0,0.0,25.40332628835474,16.5,19.0,0.0,10000.0,37163.39418300391,25000.0,0.0,26.74788244887729,17.0,20.0,0.0,122.0,10.196794891050306,9.0,11.0,1.0,13611.859339546176,10000.0,19000.0,1.0,16.5,17.244927796870236,19.0,1.0,20635.169231792264,10000.0,25000.0,1.0,18.563190388824726,17.0,20.0,1.0,0.0,211.0,1.0,58.0
11.0,22.0,11.0,22.0,-121.0,21.0,13.0,-111.0,10.00073149402863,9.0,11.0,30000.0,10000.0,19000.0,0.0,26.63420273254851,16.5,19.0,0.0,10000.0,36555.91979263448,25000.0,0.0,27.945319888399975,17.0,20.0,0.0,121.0,9.99871853162669,9.0,11.0,1.0,13961.35353454455,10000.0,19000.0,1.0,16.5,17.360466136617163,19.0,1.0,20484.877554285544,10000.0,25000.0,1.0,18.665104467992247,17.0,20.0,1.0,0.0,211.0,1.0,16.0
92.0,24.0,92.0,24.0,-721.0,921.0,13.0,-711.0,15.474107404929665,12.0,17.0,30000.0,15000.0,28000.0,0.0,25.134455597455606,19.5,25.0,0.0,15000.0,34468.155283108375,28000.0,0.0,25.693325476012312,20.0,26.0,1.0,721.0,14.957128620288225,12.0,17.0,1.0,21978.79009391249,15000.0,28000.0,1.0,19.5,21.78421601909615,25.0,1.0,26599.803048723425,15000.0,28000.0,1.0,22.362205096294815,20.0,26.0,1.0,0.0,92122.0,7.0,25.0
11.0,22.0,11.0,22.0,-121.0,11.0,11.0,-111.0,10.215963636107874,9.0,11.0,30000.0,10000.0,19000.0,0.0,27.13489536353702,16.5,19.0,0.0,10000.0,37017.14767321288,25000.0,0.0,28.460236534622837,17.0,20.0,0.0,122.0,10.212380666935307,9.0,11.0,1.0,14331.040601817835,10000.0,19000.0,1.0,16.5,17.492868671996387,19.0,1.0,21489.52895182639,10000.0,25000.0,1.0,18.844905108285403,17.0,20.0,1.0,0.0,111.0,1.0,38.0
81.0,23.0,81.0,23.0,-721.0,912.0,12.0,-711.0,15.467050545622579,12.0,17.0,30000.0,12500.0,23000.0,0.0,26.911785147140883,20.0,24.0,0.0,12500.0,33954.04035413105,26000.0,0.0,27.395701804448983,20.0,25.0,0.0,722.0,15.26723376226771,12.0,17.0,1.0,16682.916985193373,12500.0,23000.0,1.0,20.0,21.948306594092923,24.0,1.0,20583.860045600515,12500.0,26000.0,1.0,22.425724919924935,20.0,25.0,1.0,0.0,912.0,7.0,31.0
11.0,22.0,11.0,21.0,-121.0,11.0,11.0,-111.0,10.013495575571874,9.0,11.0,30000.0,10000.0,19000.0,0.0,24.045287306400798,16.5,19.0,0.0,10000.0,36458.06527621118,25000.0,0.0,25.33070867170864,17.0,20.0,0.0,121.0,9.999506605716888,9.0,11.0,1.0,16854.93973462046,10000.0,19000.0,1.0,16.5,17.856527369056945,19.0,1.0,23374.649764590613,10000.0,25000.0,1.0,19.15421858301943,17.0,20.0,1.0,0.0,111.0,1.0,1.0
92.0,24.0,92.0,24.0,-721.0,921.0,13.0,-711.0,15.219145067475178,12.0,17.0,30000.0,15000.0,28000.0,0.0,24.170407443341585,19.5,25.0,1.0,15000.0,34032.014546865015,28000.0,0.0,24.659856158535252,20.0,26.0,1.0,722.0,15.09762324156821,12.0,17.0,1.0,23720.622383669248,15000.0,28000.0,1.0,19.5,22.06559465602032,25.0,1.0,27776.268088016837,15000.0,28000.0,1.0,22.55791197189336,20.0,26.0,1.0,0.0,92122.0,7.0,22.0
11.0,22.0,11.0,22.0,-121.0,21.0,12.0,-111.0,10.177412934788858,9.0,11.0,30000.0,10000.0,19000.0,0.0,23.955593054152985,16.5,19.0,0.0,10000.0,36777.98667365594,25000.0,0.0,25.23382398471491,17.0,20.0,0.0,122.0,10.202367543163618,9.0,11.0,1.0,15580.181182900496,10000.0,19000.0,1.0,16.5,17.674879007149194,19.0,1.0,22521.444913742347,10000.0,25000.0,1.0,18.983901645454853,17.0,20.0,1.0,0.0,211.0,1.0,48.0
11.0,22.0,11.0,21.0,-121.0,11.0,11.0,-111.0,10.199292365176033,9.0,11.0,30000.0,10000.0,19000.0,0.0,24.941403742350445,16.5,19.0,0.0,10000.0,36847.032160838826,25000.0,0.0,26.232358628130722,17.0,20.0,0.0,122.0,10.19672552787345,9.0,11.0,1.0,13285.227443854317,10000.0,19000.0,1.0,16.5,17.192855331878967,19.0,1.0,20220.733636719062,10000.0,25000.0,1.0,18.500491311193723,17.0,20.0,1.0,0.0,111.0,1.0,54.0
81.0,23.0,81.0,23.0,-721.0,912.0,12.0,-711.0,15.220092734315534,12.0,17.0,30000.0,12500.0,23000.0,0.0,26.10093601496532,20.0,24.0,0.0,12500.0,34001.59185479725,26000.0,0.0,26.588738594836677,20.0,25.0,0.0,722.0,15.35199335915566,12.0,17.0,1.0,16197.80472596407,12500.0,23000.0,1.0,20.0,21.934303451527327,24.0,1.0,20235.592955593085,12500.0,26000.0,1.0,22.42651844667381,20.0,25.0,1.0,0.0,912.0,7.0,31.0
11.0,22.0,11.0,21.0,-121.0,11.0,11.0,-111.0,10.192005345684922,9.0,11.0,30000.0,10000.0,19000.0,0.0,24.03844370114662,16.5,19.0,0.0,10000.0,37161.266165556444,25000.0,0.0,25.38937905982292,17.0,20.0,0.0,122.0,10.199100437080032,9.0,11.0,1.0,14564.63090435025,10000.0,19000.0,1.0,16.5,17.427408628400755,19.0,1.0,21456.12568318099,10000.0,25000.0,1.0,18.727453027760426,17.0,20.0,1.0,0.0,111.0,1.0,54.0
81.0,23.0,81.0,23.0,-721.0,912.0,12.0,-711.0,15.178925054742223,12.0,17.0,30000.0,12500.0,23000.0,0.0,25.681197416127688,20.0,24.0,0.0,12500.0,33951.223678508766,26000.0,0.0,26.16343019183842,20.0,25.0,0.0,722.0,15.082837043484464,12.0,17.0,1.0,19643.36415645796,12500.0,23000.0,1.0,20.0,22.016923335197244,24.0,1.0,23645.76696674378,12500.0,26000.0,1.0,22.505402341641396,20.0,25.0,1.0,0.0,912.0,7.0,10.0
11.0,22.0,11.0,22.0,-121.0,11.0,11.0,-111.0,10.197012110112276,9.0,11.0,30000.0,10000.0,19000.0,0.0,25.050732484808577,16.5,19.0,0.0,10000.0,36961.08150105576,25000.0,0.0,26.371978896264135,17.0,20.0,0.0,122.0,10.195139997181238,9.0,11.0,1.0,16118.942288131999,10000.0,19000.0,1.0,16.5,17.789506290197167,19.0,1.0,23208.60336340801,10000.0,25000.0,1.0,19.13515771702271,17.0,20.0,1.0,0.0,111.0,1.0,38.0
11.0,22.0,11.0,22.0,-121.0,21.0,13.0,-111.0,10.184628794308592,9.0,11.0,30000.0,10000.0,19000.0,0.0,24.638675977232523,16.5,19.0,0.0,10000.0,37084.305604353234,25000.0,0.0,25.97727128237607,17.0,20.0,0.0,122.0,10.205626356860805,9.0,11.0,1.0,14676.623915487817,10000.0,19000.0,1.0,16.5,17.514207611765357,19.0,1.0,21686.229594850534,10000.0,25000.0,1.0,18.83868819988915,17.0,20.0,1.0,0.0,211.0,1.0,22.0
11.0,22.0,11.0,22.0,-121.0,11.0,12.0,-111.0,10.196107685867045,9.0,11.0,30000.0,10000.0,19000.0,0.0,24.891882565133187,16.5,19.0,0.0,10000.0,36867.42608755613,25000.0,0.0,26.182715355791995,17.0,20.0,0.0,122.0,10.186327846749661,9.0,11.0,1.0,15103.151264149108,10000.0,19000.0,1.0,16.5,17.57060464303599,19.0,1.0,22020.275771498396,10000.0,25000.0,1.0,18.870778975794416,17.0,20.0,1.0,0.0,111.0,1.0,40.0
11.0,22.0,11.0,21.0,-121.0,11.0,11.0,-111.0,10.190024535188076,9.0,11.0,30000.0,10000.0,19000.0,0.0,23.016376308071344,16.5,19.0,0.0,10000.0,37176.72175073909,25000.0,0.0,24.3744740049161,17.0,20.0,0.0,122.0,10.181901607676249,9.0,11.0,1.0,11440.511354498502,10000.0,19000.0,1.0,16.5,16.810638870610084,19.0,1.0,18570.801359863475,10000.0,25000.0,1.0,18.15994998652789,17.0,20.0,1.0,0.0,111.0,1.0,26.0
91.0,24.0,91.0,24.0,-721.0,911.0,11.0,-711.0,15.311806672915145,12.0,17.0,30000.0,18000.0,36000.0,1.0,24.904599880944048,20.0,25.0,1.0,18000.0,34006.403250307434,36000.0,1.0,25.39208917572149,20.0,26.0,1.0,722.0,15.29862391969641,12.0,17.0,1.0,27712.800052427483,18000.0,36000.0,1.0,20.0,23.749452096637867,25.0,1.0,31667.426549651766,18000.0,36000.0,1.0,24.230641323431783,20.0,26.0,1.0,1.0,91121.0,7.0,16.0
11.0,22.0,11.0,22.0,-121.0,21.0,13.0,-111.0,9.998091550815085,9.0,11.0,30000.0,10000.0,19000.0,0.0,25.82333836113154,16.5,19.0,0.0,10000.0,36462.80200416447,25000.0,0.0,27.120806557345926,17.0,20.0,0.0,121.0,9.992958007754638,9.0,11.0,1.0,13104.122780586873,10000.0,19000.0,1.0,16.5,17.129139831993122,19.0,1.0,19745.4187479924,10000.0,25000.0,1.0,18.46244236761204,17.0,20.0,1.0,0.0,211.0,1.0,13.0
11.0,22.0,11.0,22.0,-121.0,11.0,11.0,-111.0,9.996712297833628,9.0,11.0,30000.0,10000.0,19000.0,0.0,23.81548665868503,16.5,19.0,0.0,10000.0,36510.52697357131,25000.0,0.0,25.11664608854501,17.0,20.0,0.0,121.0,10.003997475939913,9.0,11.0,1.0,14546.770979248879,10000.0,19000.0,1.0,16.5,17.443316621360097,19.0,1.0,21025.663284729282,10000.0,25000.0,1.0,18.73815371404767,17.0,20.0,1.0,0.0,111.0,1.0,15.0
11.0,22.0,11.0,22.0,-121.0,21.0,13.0,-111.0,10.015944105763174,9.0,11.0,30000.0,10000.0,19000.0,0.0,24.466998218679095,16.5,19.0,0.0,10000.0,36581.86715984481,25000.0,0.0,25.78919750269987,17.0,20.0,0.0,121.0,10.005407618106226,9.0,11.0,1.0,13878.190641139894,10000.0,19000.0,1.0,16.5,17.373938086729893,19.0,1.0,20376.793335862425,10000.0,25000.0,1.0,18.67941077729392,17.0,20.0,1.0,0.0,211.0,1.0,21.0
91.0,24.0,91.0,24.0,-721.0,911.0,11.0,-711.0,15.050492040668239,12.0,17.0,30000.0,18000.0,36000.0,1.0,24.84115933744043,20.0,25.0,1.0,18000.0,34098.18474410868,36000.0,1.0,25.340144932112143,20.0,26.0,1.0,722.0,15.340939164147061,12.0,17.0,1.0,24115.295218194442,18000.0,36000.0,1.0,20.0,23.260095074332,25.0,1.0,28128.3055509309,18000.0,36000.0,1.0,23.74871002761902,20.0,26.0,1.0,1.0,91121.0,7.0,0.0
11.0,22.0,11.0,22.0,-121.0,11.0,11.0,-111.0,10.198630820110491,9.0,11.0,30000.0,10000.0,19000.0,0.0,25.908687777358033,16.5,19.0,0.0,10000.0,36947.2739633294,25000.0,0.0,27.225467460090805,17.0,20.0,0.0,122.0,10.216594369278727,9.0,11.0,1.0,17554.162339033766,10000.0,19000.0,1.0,16.5,18.06699175615442,19.0,1.0,24674.861429541732,10000.0,25000.0,1.0,19.41664227213049,17.0,20.0,1.0,0.0,111.0,1.0,57.0
11.0,22.0,11.0,22.0,-121.0,21.0,13.0,-111.0,9.995024935578517,9.0,11.0,30000.0,10000.0,19000.0,0.0,25.39119167081524,16.5,19.0,0.0,10000.0,36484.03337386033,25000.0,0.0,26.68669250734078,17.0,20.0,0.0,121.0,9.999148980308348,9.0,11.0,1.0,13403.051116493216,10000.0,19000.0,1.0,16.5,17.2239267591781,19.0,1.0,19898.228560476295,10000.0,25000.0,1.0,18.521654165391656,17.0,20.0,1.0,0.0,211.0,1.0,21.0
11.0,22.0,11.0,22.0,-121.0,21.0,12.0,-111.0,10.009092487060284,9.0,11.0,30000.0,10000.0,19000.0,0.0,24.107011795827553,16.5,19.0,0.0,10000.0,36473.46850484225,25000.0,0.0,25.398664049464603,17.0,20.0,0.0,121.0,9.982829759280087,9.0,11.0,1.0,15881.1477411546,10000.0,19000.0,1.0,16.5,17.674812205475913,19.0,1.0,22361.45983334861,10000.0,25000.0,1.0,18.96782996124204,17.0,20.0,1.0,0.0,211.0,1.0,48.0
11.0,22.0,11.0,21.0,-121.0,11.0,11.0,-111.0,10.187995967392967,9.0,11.0,30000.0,10000.0,19000.0,0.0,26.11785656139198,16.5,19.0,0.0,10000.0,37044.79865412555,25000.0,0.0,27.448518462623134,17.0,20.0,0.0,122.0,10.151858776914253,9.0,11.0,1.0,10302.248174587115,10000.0,19000.0,1.0,16.5,16.553940963270946,19.0,1.0,17330.955130350783,10000.0,25000.0,1.0,17.88156337239061,17.0,20.0,1.0,0.0,111.0,1.0,39.0
11.0,22.0,11.0,22.0,-121.0,11.0,12.0,-111.0,9.988230116920068,9.0,11.0,30000.0,10000.0,19000.0,0.0,23.529404302672354,16.5,19.0,0.0,10000.0,36501.85325689674,25000.0,0.0,24.82525928642706,17.0,20.0,0.0,121.0,10.003820529408273,9.0,11.0,1.0,16179.926243363088,10000.0,19000.0,1.0,16.5,17.781803864149317,19.0,1.0,22726.96537824357,10000.0,25000.0,1.0,19.086664641001313,17.0,20.0,1.0,0.0,111.0,1.0,40.0
92.0,24.0,92.0,24.0,-721.0,921.0,13.0,-711.0,14.705233619871251,12.0,17.0,30000.0,15000.0,28000.0,0.0,23.832964474883497,19.5,25.0,1.0,15000.0,34515.0650134963,28000.0,0.0,24.396622659906498,20.0,26.0,1.0,721.0,15.330780445779272,12.0,17.0,1.0,21628.063311264308,15000.0,28000.0,1.0,19.5,22.056994228364044,25.0,1.0,26053.990745646843,15000.0,28000.0,1.0,22.60952452798331,20.0,26.0,1.0,0.0,92122.0,7.0,22.0
11.0,22.0,11.0,22.0,-121.0,21.0,12.0,-111.0,9.990238187989934,9.0,11.0,30000.0,10000.0,19000.0,0.0,24.228043317948085,16.5,19.0,0.0,10000.0,36488.23557650869,25000.0,0.0,25.52444013643078,17.0,20.0,0.0,121.0,10.010707810902018,9.0,11.0,1.0,14277.974935563503,10000.0,19000.0,1.0,16.5,17.392561024199523,19.0,1.0,20816.406799888126,10000.0,25000.0,1.0,18.698987427313796,17.0,20.0,1.0,0.0,211.0,1.0,23.0
91.0,24.0,91.0,21.0,-721.0,911.0,11.0,-711.0,15.168774137534294,12.0,17.0,30000.0,18000.0,36000.0,1.0,23.78270572144084,20.0,25.0,1.0,18000.0,33926.934611861034,36000.0,1.0,24.258956662883556,20.0,26.0,1.0,722.0,15.245515246458917,12.0,17.0,1.0,24779.79821154304,18000.0,36000.0,1.0,20.0,23.22811490124325,25.0,1.0,28818.5764499375,18000.0,36000.0,1.0,23.717930018740745,20.0,26.0,1.0,1.0,91121.0,7.0,2.0
11.0,22.0,11.0,22.0,-121.0,21.0,13.0,-111.0,10.01035963677994,9.0,11.0,30000.0,10000.0,19000.0,0.0,25.07976395821529,16.5,19.0,0.0,10000.0,36419.494994388304,25000.0,0.0,26.366482100624218,17.0,20.0,0.0,121.0,9.980946966449329,9.0,11.0,1.0,15672.019589011577,10000.0,19000.0,1.0,16.5,17.61098428880032,19.0,1.0,22080.671041440386,10000.0,25000.0,1.0,18.895528960838224,17.0,20.0,1.0,0.0,211.0,1.0,5.0
81.0,23.0,81.0,23.0,-721.0,912.0,12.0,-711.0,14.901258598646699,12.0,17.0,30000.0,12500.0,23000.0,0.0,26.141990330240176,20.0,24.0,0.0,12500.0,34019.62439556161,26000.0,0.0,26.632933703650625,20.0,25.0,0.0,722.0,14.981376248839554,12.0,17.0,1.0,17675.12580391173,12500.0,23000.0,1.0,20.0,21.714138373002967,24.0,1.0,21692.339276204526,12500.0,26000.0,1.0,22.20478728437265,20.0,25.0,1.0,0.0,912.0,7.0,10.0
11.0,22.0,11.0,21.0,-121.0,21.0,13.0,-111.0,9.986779561580455,9.0,11.0,30000.0,10000.0,19000.0,0.0,25.395100079760468,16.5,19.0,0.0,10000.0,36497.07942771712,25000.0,0.0,26.696990485338794,17.0,20.0,0.0,121.0,10.008233651196054,9.0,11.0,1.0,13256.41865227103,10000.0,19000.0,1.0,16.5,17.16547283676293,19.0,1.0,19627.602685315058,10000.0,25000.0,1.0,18.442136214065727,17.0,20.0,1.0,0.0,211.0,1.0,58.0
91.0,24.0,91.0,24.0,-721.0,911.0,12.0,-711.0,15.19679134577133,12.0,17.0,30000.0,18000.0,36000.0,1.0,24.915548456369592,20.0,25.0,1.0,18000.0,34573.15797740919,36000.0,1.0,25.48781912287774,20.0,26.0,1.0,721.0,15.167439063948853,12.0,17.0,1.0,27091.128107017605,18000.0,36000.0,1.0,20.0,23.512922881387638,25.0,1.0,31571.965828526798,18000.0,36000.0,1.0,24.07364088021252,20.0,26.0,1.0,1.0,91121.0,7.0,8.0
11.0,22.0,11.0,22.0,-121.0,21.0,13.0,-111.0,10.19805558804094,9.0,11.0,30000.0,10000.0,19000.0,0.0,25.488594458505112,16.5,19.0,0.0,10000.0,37005.99768957227,25000.0,0.0,26.814097564053284,17.0,20.0,0.0,122.0,10.202685640876458,9.0,11.0,1.0,13551.537711272573,10000.0,19000.0,1.0,16.5,17.258824996644144,19.0,1.0,20538.8764379522,10000.0,25000.0,1.0,18.580797910725465,17.0,20.0,1.0,0.0,211.0,1.0,5.0
91.0,24.0,91.0,21.0,-721.0,911.0,12.0,-711.0,14.882219604685238,12.0,17.0,30000.0,18000.0,36000.0,1.0,24.74636451074533,20.0,25.0,1.0,18000.0,34032.7044269242,36000.0,1.0,25.23806809182148,20.0,26.0,1.0,722.0,15.100568676132404,12.0,17.0,1.0,26748.587178296388,18000.0,36000.0,1.0,20.0,23.253316944905713,25.0,1.0,30762.8953957291,18000.0,36000.0,1.0,23.742777494723533,20.0,26.0,1.0,1.0,91121.0,7.0,14.0
11.0,22.0,11.0,22.0,-121.0,21.0,13.0,-111.0,10.005277804002947,9.0,11.0,30000.0,10000.0,19000.0,0.0,25.218973871802874,16.5,19.0,0.0,10000.0,36542.75922595894,25000.0,0.0,26.530289168970423,17.0,20.0,0.0,121.0,9.995172930183198,9.0,11.0,1.0,14478.166380496385,10000.0,19000.0,1.0,16.5,17.408393483332524,19.0,1.0,20985.387599628288,10000.0,25000.0,1.0,18.712586169018632,17.0,20.0,1.0,0.0,211.0,1.0,8.0
81.0,23.0,81.0,23.0,-721.0,912.0,12.0,-711.0,15.524595279664625,12.0,17.0,30000.0,12500.0,23000.0,0.0,26.31726370130192,20.0,24.0,0.0,12500.0,34046.45773297182,26000.0,0.0,26.81147595615111,20.0,25.0,0.0,722.0,14.993351610424162,12.0,17.0,1.0,19033.248181406918,12500.0,23000.0,1.0,20.0,21.943052514770823,24.0,1.0,22935.745087988595,12500.0,26000.0,1.0,22.419682180275142,20.0,25.0,1.0,0.0,912.0,7.0,10.0
91.0,24.0,91.0,24.0,-721.0,911.0,12.0,-711.0,16.131624605444276,12.0,17.0,30000.0,18000.0,36000.0,1.0,25.5105226868844,20.0,25.0,0.0,18000.0,34525.38770125071,36000.0,1.0,26.077081093339647,20.0,26.0,0.0,721.0,15.016196459498316,12.0,17.0,1.0,28162.028427217916,18000.0,36000.0,1.0,20.0,23.543730144530052,25.0,1.0,32682.124788979338,18000.0,36000.0,1.0,24.10962609882275,20.0,26.0,1.0,0.0,91121.0,7.0,8.0
11.0,22.0,11.0,22.0,-121.0,11.0,12.0,-111.0,10.20375522779728,9.0,11.0,30000.0,10000.0,19000.0,0.0,23.90658879566592,16.5,19.0,0.0,10000.0,36993.38912669107,25000.0,0.0,25.23113121550151,17.0,20.0,0.0,122.0,10.173990462451062,9.0,11.0,1.0,15187.864296223881,10000.0,19000.0,1.0,16.5,17.583868876000707,19.0,1.0,22334.034017922022,10000.0,25000.0,1.0,18.937347820795594,17.0,20.0,1.0,0.0,111.0,1.0,40.0
11.0,22.0,11.0,21.0,-121.0,11.0,12.0,-111.0,9.999379866224789,9.0,11.0,30000.0,10000.0,19000.0,0.0,24.809722219782593,16.5,19.0,0.0,10000.0,36525.09919863881,25000.0,0.0,26.11538841514363,17.0,20.0,0.0,121.0,10.006376961138763,9.0,11.0,1.0,13051.028675642976,10000.0,19000.0,1.0,16.5,17.107682236606998,19.0,1.0,19519.219788952723,10000.0,25000.0,1.0,18.401961177767767,17.0,20.0,1.0,0.0,111.0,1.0,45.0
91.0,24.0,91.0,24.0,-721.0,911.0,11.0,-711.0,14.954258804705422,12.0,17.0,30000.0,18000.0,36000.0,1.0,24.552381590115928,20.0,25.0,1.0,18000.0,34156.77327116633,36000.0,1.0,25.05898089575895,20.0,26.0,1.0,722.0,15.298477245540242,12.0,17.0,1.0,29218.9690932271,18000.0,36000.0,1.0,20.0,23.879782011195708,25.0,1.0,33238.49278618179,18000.0,36000.0,1.0,24.369654270044016,20.0,26.0,1.0,1.0,91121.0,7.0,4.0
11.0,22.0,11.0,22.0,-121.0,21.0,13.0,-111.0,9.990102222437727,9.0,11.0,30000.0,10000.0,19000.0,0.0,25.22000320572866,16.5,19.0,0.0,10000.0,36453.55170092157,25000.0,0.0,26.513727456495054,17.0,20.0,0.0,121.0,10.004488593727848,9.0,11.0,1.0,13195.474289934382,10000.0,19000.0,1.0,16.5,17.170363156160423,19.0,1.0,19735.87061767782,10000.0,25000.0,1.0,18.48149689010368,17.0,20.0,1.0,0.0,211.0,1.0,22.0
81.0,21.0,81.0,21.0,-721.0,912.0,12.0,-711.0,14.137470572017195,12.0,17.0,30000.0,12500.0,23000.0,0.0,26.014570814795086,20.0,24.0,0.0,12500.0,34509.09569278816,26000.0,0.0,26.581006425567416,20.0,25.0,0.0,721.0,15.417307292185393,12.0,17.0,1.0,17370.487422345414,12500.0,23000.0,1.0,20.0,22.065355730899306,24.0,1.0,21896.754027309613,12500.0,26000.0,1.0,22.63394836312086,20.0,25.0,1.0,0.0,912.0,7.0,6.0
11.0,22.0,11.0,22.0,-121.0,21.0,13.0,-111.0,10.005510691013725,9.0,11.0,30000.0,10000.0,19000.0,0.0,27.92421539321366,16.5,19.0,0.0,10000.0,36558.28702159998,25000.0,0.0,29.230742875841784,17.0,20.0,0.0,121.0,10.00993748280837,9.0,11.0,1.0,13149.060538388872,10000.0,19000.0,1.0,16.5,17.185685618074302,19.0,1.0,19684.341856672676,10000.0,25000.0,1.0,18.487629955204103,17.0,20.0,1.0,0.0,211.0,1.0,28.0
11.0,22.0,11.0,21.0,-121.0,21.0,13.0,-111.0,10.005798761075225,9.0,11.0,30000.0,10000.0,19000.0,0.0,25.889176310632458,16.5,19.0,0.0,10000.0,36471.9731485672,25000.0,0.0,27.185267443800505,17.0,20.0,0.0,121.0,9.9991948928965,9.0,11.0,1.0,11819.159117246745,10000.0,19000.0,1.0,16.5,16.84685108194379,19.0,1.0,18392.85955890708,10000.0,25000.0,1.0,18.163314339586485,17.0,20.0,1.0,0.0,211.0,1.0,20.0
81.0,23.0,81.0,21.0,-721.0,912.0,11.0,-711.0,15.082559181969375,12.0,17.0,30000.0,12500.0,23000.0,0.0,26.83086867476889,20.0,24.0,0.0,12500.0,34446.41454435019,26000.0,0.0,27.385213852670418,20.0,25.0,0.0,721.0,15.45176352929081,12.0,17.0,1.0,14950.459561030348,12500.0,23000.0,1.0,20.0,21.772381051937366,24.0,1.0,19423.165974909432,12500.0,26000.0,1.0,22.330004100344663,20.0,25.0,1.0,0.0,912.0,7.0,12.0
11.0,22.0,11.0,22.0,-121.0,21.0,13.0,-111.0,9.987122879295182,9.0,11.0,30000.0,10000.0,19000.0,0.0,25.84128241642729,16.5,19.0,0.0,10000.0,36483.52259368414,25000.0,0.0,27.138914775477822,17.0,20.0,0.0,121.0,10.002443392050317,9.0,11.0,1.0,15387.221950360195,10000.0,19000.0,1.0,16.5,17.607814282243687,19.0,1.0,21930.01012668448,10000.0,25000.0,1.0,18.917308239167998,17.0,20.0,1.0,0.0,211.0,1.0,3.0
91.0,24.0,91.0,21.0,-721.0,911.0,11.0,-711.0,14.908445716686817,12.0,17.0,30000.0,18000.0,36000.0,1.0,24.640241041341795,20.0,25.0,1.0,18000.0,34452.78610849741,36000.0,1.0,25.194904127049394,20.0,26.0,1.0,721.0,15.275305558078491,12.0,17.0,1.0,25080.65238820588,18000.0,36000.0,1.0,20.0,23.33205357323168,25.0,1.0,29601.388769708185,18000.0,36000.0,1.0,23.89518091192184,20.0,26.0,1.0,1.0,91121.0,7.0,2.0
11.0,22.0,11.0,21.0,-121.0,11.0,11.0,-111.0,10.185001073645031,9.0,11.0,30000.0,10000.0,19000.0,0.0,23.7545331660788,16.5,19.0,0.0,10000.0,37007.580361471024,25000.0,0.0,25.07616983684214,17.0,20.0,0.0,122.0,10.20549520329534,9.0,11.0,1.0,13023.7638504311,10000.0,19000.0,1.0,16.5,17.149948685126397,19.0,1.0,19989.78445691228,10000.0,25000.0,1.0,18.463747144497326,17.0,20.0,1.0,0.0,111.0,1.0,0.0
11.0,21.0,11.0,21.0,-121.0,21.0,13.0,-111.0,10.204022261397867,9.0,11.0,30000.0,10000.0,19000.0,0.0,26.00861238416173,16.5,19.0,0.0,10000.0,36996.99941396595,25000.0,0.0,27.331726229592807,17.0,20.0,0.0,122.0,10.215633152219011,9.0,11.0,1.0,13257.855916709503,10000.0,19000.0,1.0,16.5,17.210149150949306,19.0,1.0,20260.31711768471,10000.0,25000.0,1.0,18.534295805672656,17.0,20.0,1.0,0.0,211.0,1.0,34.0
81.0,23.0,81.0,23.0,-721.0,912.0,12.0,-711.0,15.140941285246376,12.0,17.0,30000.0,12500.0,23000.0,0.0,25.36743428703668,20.0,24.0,0.0,12500.0,33973.8552070316,26000.0,0.0,25.851391755694294,20.0,25.0,0.0,722.0,14.928644612709837,12.0,17.0,1.0,18935.139868608137,12500.0,23000.0,1.0,20.0,21.80427461427164,24.0,1.0,22984.153889002668,12500.0,26000.0,1.0,22.2973853276167,20.0,25.0,1.0,0.0,912.0,7.0,10.0
11.0,22.0,11.0,22.0,-121.0,11.0,12.0,-111.0,10.185299395302499,9.0,11.0,30000.0,10000.0,19000.0,0.0,23.88829587088339,16.5,19.0,0.0,10000.0,37014.52551812808,25000.0,0.0,25.21060018929491,17.0,20.0,0.0,122.0,10.220508652196092,9.0,11.0,1.0,15371.42872600917,10000.0,19000.0,1.0,16.5,17.65087557522395,19.0,1.0,22334.43491498157,10000.0,25000.0,1.0,18.96346801344512,17.0,20.0,1.0,0.0,111.0,1.0,14.0
11.0,22.0,11.0,22.0,-121.0,21.0,13.0,-111.0,10.001590902225606,9.0,11.0,30000.0,10000.0,19000.0,0.0,25.582207718940683,16.5,19.0,0.0,10000.0,36438.94230346019,25000.0,0.0,26.87165406238489,17.0,20.0,0.0,121.0,10.00188370328407,9.0,11.0,1.0,15036.28393077205,10000.0,19000.0,1.0,16.5,17.56400926902954,19.0,1.0,21533.390890560877,10000.0,25000.0,1.0,18.865103519829642,17.0,20.0,1.0,0.0,211.0,1.0,4.0
11.0,22.0,11.0,21.0,-121.0,21.0,13.0,-111.0,10.199534820826004,9.0,11.0,30000.0,10000.0,19000.0,0.0,26.35133240655501,16.5,19.0,0.0,10000.0,36930.035959045505,25000.0,0.0,27.651592779515042,17.0,20.0,0.0,122.0,10.19058918701686,9.0,11.0,1.0,11128.762205962656,10000.0,19000.0,1.0,16.5,16.761452041798535,19.0,1.0,18102.958693820216,10000.0,25000.0,1.0,18.069998112841898,17.0,20.0,1.0,0.0,211.0,1.0,20.0
91.0,24.0,91.0,24.0,-721.0,911.0,12.0,-711.0,15.343873710656101,12.0,17.0,30000.0,18000.0,36000.0,1.0,25.34881638621652,20.0,25.0,0.0,18000.0,33999.25417349663,36000.0,1.0,25.833768031650173,20.0,26.0,1.0,722.0,15.069665296394977,12.0,17.0,1.0,29327.4202867606,18000.0,36000.0,1.0,20.0,23.698718342161765,25.0,1.0,33174.73449883611,18000.0,36000.0,1.0,24.165245668684506,20.0,26.0,1.0,0.0,91121.0,7.0,32.0
11.0,21.0,11.0,22.0,-121.0,11.0,11.0,-111.0,10.000645519315881,9.0,11.0,30000.0,10000.0,19000.0,0.0,26.57450909979062,16.5,19.0,0.0,10000.0,36462.238473607395,25000.0,0.0,27.866066116563807,17.0,20.0,0.0,121.0,10.007669169799799,9.0,11.0,1.0,15663.786547110076,10000.0,19000.0,1.0,16.5,17.708041756358423,19.0,1.0,22224.592390689155,10000.0,25000.0,1.0,19.01929866177418,17.0,20.0,1.0,0.0,111.0,1.0,43.0
11.0,22.0,11.0,21.0,-121.0,21.0,13.0,-111.0,10.004318147307497,9.0,11.0,30000.0,10000.0,19000.0,0.0,24.903773192743706,16.5,19.0,0.0,10000.0,36487.13916014714,25000.0,0.0,26.20049318268753,17.0,20.0,0.0,121.0,9.985106414059905,9.0,11.0,1.0,12494.919620535939,10000.0,19000.0,1.0,16.5,16.96515738908208,19.0,1.0,18977.81090984721,10000.0,25000.0,1.0,18.26102826836378,17.0,20.0,1.0,0.0,211.0,1.0,20.0
91.0,24.0,91.0,24.0,-721.0,911.0,12.0,-711.0,15.027288964398979,12.0,17.0,30000.0,18000.0,36000.0,1.0,25.198168110789375,20.0,25.0,0.0,18000.0,33912.624902012125,36000.0,1.0,25.675526774513298,20.0,26.0,1.0,722.0,15.361475544882405,12.0,17.0,1.0,27324.66434571569,18000.0,36000.0,1.0,20.0,23.743902007087435,25.0,1.0,31270.000995757713,18000.0,36000.0,1.0,24.225251658120055,20.0,26.0,1.0,0.0,91121.0,7.0,27.0
11.0,22.0,11.0,21.0,-121.0,21.0,13.0,-111.0,10.004281715216013,9.0,11.0,30000.0,10000.0,19000.0,0.0,26.561679379062713,16.5,19.0,0.0,10000.0,36536.056349884864,25000.0,0.0,27.87021954040483,17.0,20.0,0.0,121.0,9.991232009292373,9.0,11.0,1.0,11171.697198739963,10000.0,19000.0,1.0,16.5,16.720275977217387,19.0,1.0,17623.43212876121,10000.0,25000.0,1.0,18.011934710608706,17.0,20.0,1.0,0.0,211.0,1.0,2.0
11.0,21.0,11.0,21.0,-121.0,11.0,11.0,-111.0,9.990273281137018,9.0,11.0,30000.0,10000.0,19000.0,0.0,25.915480342107667,16.5,19.0,0.0,10000.0,36569.42454409745,25000.0,0.0,27.22541124154641,17.0,20.0,0.0,121.0,10.012901394730656,9.0,11.0,1.0,12885.905572559243,10000.0,19000.0,1.0,16.5,17.045446669202768,19.0,1.0,19371.803142553505,10000.0,25000.0,1.0,18.338722447088635,17.0,20.0,1.0,0.0,111.0,1.0,18.0
11.0,21.0,11.0,22.0,-121.0,21.0,12.0,-111.0,9.994215224896472,9.0,11.0,30000.0,10000.0,19000.0,0.0,24.86822696419167,16.5,19.0,0.0,10000.0,36506.12577029491,25000.0,0.0,26.16920459425474,17.0,20.0,0.0,121.0,10.008545197574216,9.0,11.0,1.0,15137.569641943652,10000.0,19000.0,1.0,16.5,17.559350732864733,19.0,1.0,21718.32835026934,10000.0,25000.0,1.0,18.875252111141712,17.0,20.0,1.0,0.0,211.0,1.0,37.0
11.0,21.0,11.0,21.0,-121.0,11.0,11.0,-111.0,10.198965090699293,9.0,11.0,30000.0,10000.0,19000.0,0.0,24.970150681982872,16.5,19.0,0.0,10000.0,36871.45167880377,25000.0,0.0,26.268545109994854,17.0,20.0,0.0,122.0,10.203694811305088,9.0,11.0,1.0,16106.500549262899,10000.0,19000.0,1.0,16.5,17.703692018681952,19.0,1.0,23155.283605103636,10000.0,25000.0,1.0,19.03559407835883,17.0,20.0,1.0,0.0,111.0,1.0,18.0
11.0,22.0,11.0,21.0,-121.0,21.0,12.0,-111.0,10.202406575754374,9.0,11.0,30000.0,10000.0,19000.0,0.0,24.267705523184343,16.5,19.0,0.0,10000.0,36847.70101161009,25000.0,0.0,25.56325597175869,17.0,20.0,0.0,122.0,10.206333743497348,9.0,11.0,1.0,13486.772980031124,10000.0,19000.0,1.0,16.5,17.256864568381435,19.0,1.0,20449.976167602104,10000.0,25000.0,1.0,18.574267445329003,17.0,20.0,1.0,0.0,211.0,1.0,53.0
91.0,24.0,91.0,24.0,-721.0,911.0,12.0,-711.0,15.090434597468875,12.0,17.0,30000.0,18000.0,36000.0,1.0,24.177303100907416,20.0,25.0,1.0,18000.0,33897.474689808005,36000.0,1.0,24.651571261492517,20.0,26.0,1.0,722.0,15.178140524954363,12.0,17.0,1.0,29551.92496153601,18000.0,36000.0,1.0,20.0,23.838080273057383,25.0,1.0,33566.20605534699,18000.0,36000.0,1.0,24.326562139382744,20.0,26.0,1.0,1.0,91121.0,7.0,8.0
91.0,24.0,91.0,24.0,-721.0,911.0,11.0,-711.0,15.312081612382274,12.0,17.0,30000.0,18000.0,36000.0,1.0,24.97682199348636,20.0,25.0,1.0,18000.0,34476.57756790976,36000.0,1.0,25.536694339374634,20.0,26.0,1.0,721.0,15.452963756532915,12.0,17.0,1.0,22763.886447518715,18000.0,36000.0,1.0,20.0,23.281802177272795,25.0,1.0,27281.282625985736,18000.0,36000.0,1.0,23.846779586326377,20.0,26.0,1.0,1.0,91121.0,7.0,28.0
11.0,22.0,11.0,22.0,-121.0,21.0,13.0,-111.0,10.206894530089425,9.0,11.0,30000.0,10000.0,19000.0,0.0,27.228321589649113,16.5,19.0,0.0,10000.0,36749.84877062401,25000.0,0.0,28.504468590603295,17.0,20.0,0.0,122.0,10.224060254480083,9.0,11.0,1.0,13947.609603007968,10000.0,19000.0,1.0,16.5,17.3590478149085,19.0,1.0,21121.825913768607,10000.0,25000.0,1.0,18.71542703765772,17.0,20.0,1.0,0.0,211.0,1.0,13.0
11.0,22.0,11.0,22.0,-121.0,21.0,13.0,-111.0,10.203472920712864,9.0,11.0,30000.0,10000.0,19000.0,0.0,25.403072814509287,16.5,19.0,0.0,10000.0,36917.45622977018,25000.0,0.0,26.71448286425034,17.0,20.0,0.0,122.0,10.176953616968488,9.0,11.0,1.0,15103.69388175342,10000.0,19000.0,1.0,16.5,17.575387253162532,19.0,1.0,21994.683140746638,10000.0,25000.0,1.0,18.88177969956643,17.0,20.0,1.0,0.0,211.0,1.0,16.0
11.0,22.0,11.0,22.0,-121.0,21.0,13.0,-111.0,9.998690072290499,9.0,11.0,30000.0,10000.0,19000.0,0.0,24.761663827328015,16.5,19.0,0.0,10000.0,36543.395333887034,25000.0,0.0,26.072749454857,17.0,20.0,0.0,121.0,10.001997601964352,9.0,11.0,1.0,14184.718289275974,10000.0,19000.0,1.0,16.5,17.354694168354055,19.0,1.0,20671.32186211589,10000.0,25000.0,1.0,18.65440055653228,17.0,20.0,1.0,0.0,211.0,1.0,8.0
91.0,24.0,91.0,21.0,-721.0,911.0,12.0,-711.0,15.313541024586677,12.0,17.0,30000.0,18000.0,36000.0,1.0,24.89252027589428,20.0,25.0,1.0,18000.0,34527.35502352406,36000.0,1.0,25.45926051585653,20.0,26.0,1.0,721.0,15.201892972312033,12.0,17.0,1.0,23782.76044634216,18000.0,36000.0,1.0,20.0,23.132450796710316,25.0,1.0,28231.96030941223,18000.0,36000.0,1.0,23.689407471177958,20.0,26.0,1.0,1.0,91121.0,7.0,29.0
11.0,22.0,11.0,22.0,-121.0,11.0,11.0,-111.0,10.198224652725646,9.0,11.0,30000.0,10000.0,19000.0,0.0,23.33527024666165,16.5,19.0,0.0,10000.0,37021.85851169032,25000.0,0.0,24.657041101737413,17.0,20.0,0.0,122.0,10.172164719478497,9.0,11.0,1.0,16292.89264457275,10000.0,19000.0,1.0,16.5,17.74395285222071,19.0,1.0,23289.57936833861,10000.0,25000.0,1.0,19.060985455223562,17.0,20.0,1.0,0.0,111.0,1.0,38.0
11.0,22.0,11.0,22.0,-121.0,21.0,13.0,-111.0,10.017939729388514,9.0,11.0,30000.0,10000.0,19000.0,0.0,25.267903609592203,16.5,19.0,0.0,10000.0,36466.35678347334,25000.0,0.0,26.561360870981392,17.0,20.0,0.0,121.0,10.013205791944399,9.0,11.0,1.0,12338.262700426882,10000.0,19000.0,1.0,16.5,17.00746279397439,19.0,1.0,18858.86680970884,10000.0,25000.0,1.0,18.311771080110226,17.0,20.0,1.0,0.0,211.0,1.0,5.0
11.0,22.0,11.0,22.0,-121.0,11.0,11.0,-111.0,10.003074845305264,9.0,11.0,30000.0,10000.0,19000.0,0.0,25.306653078559954,16.5,19.0,0.0,10000.0,36522.886436507564,25000.0,0.0,26.609680638157915,17.0,20.0,0.0,121.0,10.002422728143914,9.0,11.0,1.0,17826.668742397327,10000.0,19000.0,1.0,16.5,18.10134419908225,19.0,1.0,24301.519985001345,10000.0,25000.0,1.0,19.394776132250684,17.0,20.0,1.0,0.0,111.0,1.0,55.0
11.0,22.0,11.0,22.0,-121.0,21.0,13.0,-111.0,10.201652761945475,9.0,11.0,30000.0,10000.0,19000.0,0.0,23.858034587564696,16.5,19.0,0.0,10000.0,36940.591600718384,25000.0,0.0,25.17045965409415,17.0,20.0,0.0,122.0,10.192498620105308,9.0,11.0,1.0,13031.811239594872,10000.0,19000.0,1.0,16.5,17.199233846633476,19.0,1.0,20000.263247007566,10000.0,25000.0,1.0,18.516927152271755,17.0,20.0,1.0,0.0,211.0,1.0,3.0
11.0,22.0,11.0,22.0,-121.0,11.0,11.0,-111.0,10.187452548934214,9.0,11.0,30000.0,10000.0,19000.0,0.0,24.801359963604764,16.5,19.0,0.0,10000.0,37037.70972930618,25000.0,0.0,26.131235441632644,17.0,20.0,0.0,122.0,10.201101884828452,9.0,11.0,1.0,15180.026457975364,10000.0,19000.0,1.0,16.5,17.585019441057455,19.0,1.0,22107.690119739018,10000.0,25000.0,1.0,18.89410014744694,17.0,20.0,1.0,0.0,111.0,1.0,38.0
11.0,22.0,11.0,22.0,-121.0,21.0,13.0,-111.0,9.997191134181008,9.0,11.0,30000.0,10000.0,19000.0,0.0,24.920346298168198,16.5,19.0,0.0,10000.0,36403.49720425102,25000.0,0.0,26.202813853801008,17.0,20.0,0.0,121.0,9.991672901284632,9.0,11.0,1.0,17147.237518601563,10000.0,19000.0,1.0,16.5,17.94541897600191,19.0,1.0,23619.073823774015,10000.0,25000.0,1.0,19.241573221410217,17.0,20.0,1.0,0.0,211.0,1.0,31.0
81.0,23.0,81.0,23.0,-721.0,912.0,12.0,-711.0,15.34727197932652,12.0,17.0,30000.0,12500.0,23000.0,0.0,26.809408584612697,20.0,24.0,0.0,12500.0,34084.49676267678,26000.0,0.0,27.30593326485279,20.0,25.0,0.0,722.0,15.316807121488855,12.0,17.0,1.0,18621.20913597335,12500.0,23000.0,1.0,20.0,22.120321153547202,24.0,1.0,22671.086257107287,12500.0,26000.0,1.0,22.612637357824195,20.0,25.0,1.0,0.0,912.0,7.0,31.0
11.0,22.0,11.0,22.0,-121.0,21.0,13.0,-111.0,10.198358942127003,9.0,11.0,30000.0,10000.0,19000.0,0.0,25.15587890938209,16.5,19.0,0.0,10000.0,37029.86226924041,25000.0,0.0,26.481527911025758,17.0,20.0,0.0,122.0,10.193669910033544,9.0,11.0,1.0,11155.427127879044,10000.0,19000.0,1.0,16.5,16.784536898640198,19.0,1.0,18178.75554210121,10000.0,25000.0,1.0,18.10895378533622,17.0,20.0,1.0,0.0,211.0,1.0,47.0
11.0,22.0,11.0,22.0,-121.0,11.0,12.0,-111.0,10.024640995288944,9.0,11.0,30000.0,10000.0,19000.0,0.0,24.360605628262732,16.5,19.0,0.0,10000.0,36444.10870197201,25000.0,0.0,25.64978786806779,17.0,20.0,0.0,121.0,10.012074095096029,9.0,11.0,1.0,17022.704368366718,10000.0,19000.0,1.0,16.5,17.974476682525886,19.0,1.0,23503.54127521394,10000.0,25000.0,1.0,19.271006617972787,17.0,20.0,1.0,0.0,111.0,1.0,49.0
11.0,22.0,11.0,22.0,-121.0,11.0,11.0,-111.0,9.996439604324964,9.0,11.0,30000.0,10000.0,19000.0,0.0,24.190166163058038,16.5,19.0,0.0,10000.0,36411.24706566676,25000.0,0.0,25.467103274436145,17.0,20.0,0.0,121.0,9.985928095823418,9.0,11.0,1.0,13931.879791930101,10000.0,19000.0,1.0,16.5,17.257820360014094,19.0,1.0,20507.065396505168,10000.0,25000.0,1.0,18.567409341172443,17.0,20.0,1.0,0.0,111.0,1.0,27.0
11.0,22.0,11.0,22.0,-121.0,21.0,13.0,-111.0,10.019028991259734,9.0,11.0,30000.0,10000.0,19000.0,0.0,25.81468707659134,16.5,19.0,0.0,10000.0,36526.40390965106,25000.0,0.0,27.114834534531752,17.0,20.0,0.0,121.0,10.003793897825648,9.0,11.0,1.0,15984.26567727107,10000.0,19000.0,1.0,16.5,17.73588562406789,19.0,1.0,22479.612770363612,10000.0,25000.0,1.0,19.02984614634522,17.0,20.0,1.0,0.0,211.0,1.0,8.0
11.0,21.0,11.0,22.0,-121.0,11.0,11.0,-111.0,10.010733283434961,9.0,11.0,30000.0,10000.0,19000.0,0.0,23.992853344083933,16.5,19.0,0.0,10000.0,36504.64460104838,25000.0,0.0,25.291439499617155,17.0,20.0,0.0,121.0,9.986659304550116,9.0,11.0,1.0,17491.68229063946,10000.0,19000.0,1.0,16.5,18.025872053578514,19.0,1.0,23970.845508986546,10000.0,25000.0,1.0,19.319371110149493,17.0,20.0,1.0,0.0,111.0,1.0,29.0
91.0,24.0,91.0,21.0,-721.0,911.0,11.0,-711.0,13.79671421748497,12.0,17.0,30000.0,18000.0,36000.0,1.0,22.470533233628387,20.0,25.0,1.0,18000.0,34483.23020540213,36000.0,1.0,23.031824454418928,20.0,26.0,1.0,721.0,13.944751675888947,12.0,17.0,1.0,18451.28676193997,18000.0,36000.0,1.0,20.0,21.16217890098587,25.0,1.0,22916.32782987698,18000.0,36000.0,1.0,21.721192879095312,20.0,26.0,1.0,1.0,91121.0,7.0,15.0
91.0,24.0,91.0,24.0,-721.0,911.0,12.0,-711.0,15.239235981076549,12.0,17.0,30000.0,18000.0,36000.0,1.0,24.56368864630878,20.0,25.0,1.0,18000.0,34018.46552904476,36000.0,1.0,25.05522070488421,20.0,26.0,1.0,722.0,15.101725550582477,12.0,17.0,1.0,24673.146727459618,18000.0,36000.0,1.0,20.0,23.1881846124841,25.0,1.0,28679.12958867613,18000.0,36000.0,1.0,23.67818981177213,20.0,26.0,1.0,1.0,91121.0,7.0,32.0
11.0,21.0,11.0,21.0,-121.0,21.0,12.0,-111.0,10.190250187778123,9.0,11.0,30000.0,10000.0,19000.0,0.0,25.74891727779157,16.5,19.0,0.0,10000.0,37007.35332111721,25000.0,0.0,27.065471540760818,17.0,20.0,0.0,122.0,10.176453137743234,9.0,11.0,1.0,14667.636740042239,10000.0,19000.0,1.0,16.5,17.406799830547662,19.0,1.0,21647.28471268533,10000.0,25000.0,1.0,18.7181487623499,17.0,20.0,1.0,0.0,211.0,1.0,6.0
11.0,22.0,11.0,21.0,-121.0,21.0,13.0,-111.0,10.194902385388316,9.0,11.0,30000.0,10000.0,19000.0,0.0,24.882736601962737,16.5,19.0,0.0,10000.0,37101.95828195319,25000.0,0.0,26.220275008039252,17.0,20.0,0.0,122.0,10.208360841590725,9.0,11.0,1.0,12497.889572813116,10000.0,19000.0,1.0,16.5,17.057577176452433,19.0,1.0,19430.06608439353,10000.0,25000.0,1.0,18.363139945738414,17.0,20.0,1.0,0.0,211.0,1.0,20.0
11.0,22.0,11.0,22.0,-121.0,21.0,13.0,-111.0,10.188686373604108,9.0,11.0,30000.0,10000.0,19000.0,0.0,24.796024268412765,16.5,19.0,0.0,10000.0,36812.5620973221,25000.0,0.0,26.08745878355277,17.0,20.0,0.0,122.0,10.211733629833734,9.0,11.0,1.0,14453.299183022988,10000.0,19000.0,1.0,16.5,17.523122221409658,19.0,1.0,21274.14696812768,10000.0,25000.0,1.0,18.816127426553106,17.0,20.0,1.0,0.0,211.0,1.0,22.0
11.0,22.0,11.0,22.0,-121.0,21.0,13.0,-111.0,10.00941172929358,9.0,11.0,30000.0,10000.0,19000.0,0.0,26.576553589104677,16.5,19.0,0.0,10000.0,36527.06677946164,25000.0,0.0,27.88797415114571,17.0,20.0,0.0,121.0,9.988432983463857,9.0,11.0,1.0,13012.473465969832,10000.0,19000.0,1.0,16.5,17.114491961407516,19.0,1.0,19449.146719882985,10000.0,25000.0,1.0,18.407750624377336,17.0,20.0,1.0,0.0,211.0,1.0,36.0
11.0,22.0,11.0,22.0,-121.0,21.0,13.0,-111.0,9.982877349138063,9.0,11.0,30000.0,10000.0,19000.0,0.0,25.702986416365935,16.5,19.0,0.0,10000.0,36460.734410610465,25000.0,0.0,27.001072509709893,17.0,20.0,0.0,121.0,9.994557309132636,9.0,11.0,1.0,13697.099558073724,10000.0,19000.0,1.0,16.5,17.27049441009026,19.0,1.0,20183.802411961617,10000.0,25000.0,1.0,18.573798064309166,17.0,20.0,1.0,0.0,211.0,1.0,13.0
81.0,23.0,81.0,21.0,-721.0,912.0,12.0,-711.0,14.501311341755066,12.0,17.0,30000.0,12500.0,23000.0,0.0,25.684314352106462,20.0,24.0,0.0,12500.0,34545.04592681849,26000.0,0.0,26.254064474638678,20.0,25.0,0.0,721.0,15.933472979807403,12.0,17.0,1.0,16793.426416162853,12500.0,23000.0,1.0,20.0,22.42417153324016,24.0,1.0,21313.901660519557,12500.0,26000.0,1.0,22.99084156602879,20.0,25.0,1.0,0.0,912.0,7.0,11.0
91.0,24.0,91.0,24.0,-721.0,911.0,12.0,-711.0,15.395165454872243,12.0,17.0,30000.0,18000.0,36000.0,1.0,24.641872878961863,20.0,25.0,1.0,18000.0,34474.14114141614,36000.0,1.0,25.20021296152326,20.0,26.0,1.0,721.0,14.38209630084124,12.0,17.0,1.0,24861.147043362304,18000.0,36000.0,1.0,20.0,22.441148548216816,25.0,1.0,29371.347858674388,18000.0,36000.0,1.0,23.003988614275343,20.0,26.0,1.0,1.0,91121.0,7.0,1.0
11.0,22.0,11.0,21.0,-121.0,11.0,11.0,-111.0,9.998788408557445,9.0,11.0,30000.0,10000.0,19000.0,0.0,23.9605553592478,16.5,19.0,0.0,10000.0,36506.07772184612,25000.0,0.0,25.2701724254637,17.0,20.0,0.0,121.0,9.98903046444958,9.0,11.0,1.0,11971.62062027064,10000.0,19000.0,1.0,16.5,16.88859006510293,19.0,1.0,18479.91571749248,10000.0,25000.0,1.0,18.198653469767034,17.0,20.0,1.0,0.0,111.0,1.0,12.0
11.0,22.0,11.0,22.0,-121.0,21.0,13.0,-111.0,9.992439195337496,9.0,11.0,30000.0,10000.0,19000.0,0.0,26.348879817683006,16.5,19.0,0.0,10000.0,36487.02101416051,25000.0,0.0,27.641869427958635,17.0,20.0,0.0,121.0,9.988749120782769,9.0,11.0,1.0,16512.568171814863,10000.0,19000.0,1.0,16.5,17.80011626883718,19.0,1.0,22993.559480996533,10000.0,25000.0,1.0,19.091904041493713,17.0,20.0,1.0,0.0,211.0,1.0,8.0
11.0,21.0,11.0,22.0,-121.0,21.0,13.0,-111.0,9.993062128889802,9.0,11.0,30000.0,10000.0,19000.0,0.0,27.707404292804007,16.5,19.0,0.0,10000.0,36460.50206251365,25000.0,0.0,28.993662331218054,17.0,20.0,0.0,121.0,10.003125981831882,9.0,11.0,1.0,16592.639787202457,10000.0,19000.0,1.0,16.5,17.831720097436754,19.0,1.0,23014.265954406976,10000.0,25000.0,1.0,19.110238113116026,17.0,20.0,1.0,0.0,211.0,1.0,32.0
11.0,22.0,11.0,22.0,-121.0,11.0,11.0,-111.0,10.188714478560797,9.0,11.0,30000.0,10000.0,19000.0,0.0,24.786978359954617,16.5,19.0,0.0,10000.0,37009.32986308708,25000.0,0.0,26.116621847531768,17.0,20.0,0.0,122.0,10.19827411968151,9.0,11.0,1.0,17339.632214618956,10000.0,19000.0,1.0,16.5,18.00825657403959,19.0,1.0,24206.37377974136,10000.0,25000.0,1.0,19.310851598283335,17.0,20.0,1.0,0.0,111.0,1.0,11.0
11.0,22.0,11.0,21.0,-121.0,11.0,11.0,-111.0,9.983967579568825,9.0,11.0,30000.0,10000.0,19000.0,0.0,23.542392672319973,16.5,19.0,0.0,10000.0,36544.52115397126,25000.0,0.0,24.852323136796585,17.0,20.0,0.0,121.0,9.990491182831125,9.0,11.0,1.0,11341.685532591819,10000.0,19000.0,1.0,16.5,16.745540812084588,19.0,1.0,17807.91563457178,10000.0,25000.0,1.0,18.039800789494763,17.0,20.0,1.0,0.0,111.0,1.0,26.0
81.0,23.0,81.0,21.0,-721.0,912.0,11.0,-711.0,15.472116781071877,12.0,17.0,30000.0,12500.0,23000.0,0.0,26.235876406981568,20.0,24.0,0.0,12500.0,34523.38122283166,26000.0,0.0,26.79940125607955,20.0,25.0,0.0,721.0,14.600392944193544,12.0,17.0,1.0,16122.751482680325,12500.0,23000.0,1.0,20.0,20.985216639035635,24.0,1.0,20587.383602377973,12500.0,26000.0,1.0,21.54142249867698,20.0,25.0,1.0,0.0,912.0,7.0,12.0
11.0,21.0,11.0,21.0,-121.0,11.0,11.0,-111.0,10.200766456888678,9.0,11.0,30000.0,10000.0,19000.0,0.0,26.616433052879323,16.5,19.0,0.0,10000.0,36959.655835288875,25000.0,0.0,27.929772335267664,17.0,20.0,0.0,122.0,10.17457787015766,9.0,11.0,1.0,13909.63583027819,10000.0,19000.0,1.0,16.5,17.28246058867444,19.0,1.0,20806.051725834797,10000.0,25000.0,1.0,18.5838660198736,17.0,20.0,1.0,0.0,111.0,1.0,18.0
11.0,22.0,11.0,21.0,-121.0,21.0,13.0,-111.0,10.190418443265834,9.0,11.0,30000.0,10000.0,19000.0,0.0,25.524806610373084,16.5,19.0,0.0,10000.0,36963.9185224514,25000.0,0.0,26.836163077600784,17.0,20.0,0.0,122.0,10.19273126380747,9.0,11.0,1.0,12130.181265538231,10000.0,19000.0,1.0,16.5,16.951285270022282,19.0,1.0,19173.061600197892,10000.0,25000.0,1.0,18.27751082033438,17.0,20.0,1.0,0.0,211.0,1.0,33.0
11.0,22.0,11.0,21.0,-121.0,11.0,12.0,-111.0,9.993360561379795,9.0,11.0,30000.0,10000.0,19000.0,0.0,24.21514791586859,16.5,19.0,0.0,10000.0,36478.413474843284,25000.0,0.0,25.5127751933842,17.0,20.0,0.0,121.0,10.004126843084023,9.0,11.0,1.0,13230.960114958052,10000.0,19000.0,1.0,16.5,17.133661026176377,19.0,1.0,19742.319747144364,10000.0,25000.0,1.0,18.43788742439085,17.0,20.0,1.0,0.0,111.0,1.0,46.0
92.0,24.0,92.0,24.0,-721.0,921.0,13.0,-711.0,15.26448753618288,12.0,17.0,30000.0,15000.0,28000.0,0.0,24.200309413292192,19.5,25.0,1.0,15000.0,33977.858876220664,28000.0,0.0,24.68289455505959,20.0,26.0,1.0,722.0,15.112165496699808,12.0,17.0,1.0,21220.191599035512,15000.0,28000.0,1.0,19.5,21.753670607969404,25.0,1.0,25257.34797685578,15000.0,28000.0,1.0,22.243449592984224,20.0,26.0,1.0,0.0,92122.0,7.0,25.0
11.0,21.0,11.0,22.0,-121.0,21.0,12.0,-111.0,10.004601784445347,9.0,11.0,30000.0,10000.0,19000.0,0.0,25.474927898461125,16.5,19.0,0.0,10000.0,36519.734062529526,25000.0,0.0,26.786138639366417,17.0,20.0,0.0,121.0,9.99466083824584,9.0,11.0,1.0,15376.9370027159,10000.0,19000.0,1.0,16.5,17.618736034164005,19.0,1.0,21944.203260658724,10000.0,25000.0,1.0,18.939506171904654,17.0,20.0,1.0,0.0,211.0,1.0,37.0
11.0,22.0,11.0,22.0,-121.0,21.0,13.0,-111.0,10.194915204947163,9.0,11.0,30000.0,10000.0,19000.0,0.0,24.858721047477765,16.5,19.0,0.0,10000.0,36983.84291115794,25000.0,0.0,26.172776729583546,17.0,20.0,0.0,122.0,10.20295140838564,9.0,11.0,1.0,15793.02350454591,10000.0,19000.0,1.0,16.5,17.694245555468076,19.0,1.0,22766.63156941948,10000.0,25000.0,1.0,19.00637548436226,17.0,20.0,1.0,0.0,211.0,1.0,28.0
11.0,22.0,11.0,21.0,-121.0,21.0,13.0,-111.0,10.020076172861105,9.0,11.0,30000.0,10000.0,19000.0,0.0,25.0365041476796,16.5,19.0,0.0,10000.0,36498.98487132002,25000.0,0.0,26.340753207822956,17.0,20.0,0.0,121.0,10.013895286270412,9.0,11.0,1.0,13164.110971981618,10000.0,19000.0,1.0,16.5,17.156416320659808,19.0,1.0,19688.911987376898,10000.0,25000.0,1.0,18.465846294794098,17.0,20.0,1.0,0.0,211.0,1.0,2.0
81.0,23.0,81.0,23.0,-721.0,912.0,12.0,-711.0,15.655200524973505,12.0,17.0,30000.0,12500.0,23000.0,0.0,26.632398376173164,20.0,24.0,0.0,12500.0,34565.04979097861,26000.0,0.0,27.202254346409084,20.0,25.0,0.0,721.0,15.43389051285675,12.0,17.0,1.0,17954.65764996176,12500.0,23000.0,1.0,20.0,22.206903868354797,24.0,1.0,22456.53037606177,12500.0,26000.0,1.0,22.76887343444367,20.0,25.0,1.0,0.0,912.0,7.0,10.0
11.0,21.0,11.0,22.0,-121.0,21.0,13.0,-111.0,10.000593780273219,9.0,11.0,30000.0,10000.0,19000.0,0.0,28.368551043065388,16.5,19.0,0.0,10000.0,36490.73937575545,25000.0,0.0,29.67050235651187,17.0,20.0,0.0,121.0,9.992277955949117,9.0,11.0,1.0,12634.832394538691,10000.0,19000.0,1.0,16.5,17.05497584935737,19.0,1.0,19065.98149721137,10000.0,25000.0,1.0,18.34497418952649,17.0,20.0,1.0,0.0,211.0,1.0,52.0
11.0,22.0,11.0,21.0,-121.0,21.0,13.0,-111.0,10.207524375369156,9.0,11.0,30000.0,10000.0,19000.0,0.0,24.953257442729143,16.5,19.0,0.0,10000.0,37005.70740667188,25000.0,0.0,26.270063400231106,17.0,20.0,0.0,122.0,10.198323219644374,9.0,11.0,1.0,12181.790347582186,10000.0,19000.0,1.0,16.5,16.949680723493483,19.0,1.0,19211.968618916944,10000.0,25000.0,1.0,18.2710862708017,17.0,20.0,1.0,0.0,211.0,1.0,20.0
11.0,22.0,11.0,22.0,-121.0,11.0,12.0,-111.0,9.998469284613,9.0,11.0,30000.0,10000.0,19000.0,0.0,24.566620461849702,16.5,19.0,0.0,10000.0,36448.94919075762,25000.0,0.0,25.851970884522828,17.0,20.0,0.0,121.0,9.99409517765975,9.0,11.0,1.0,14646.383940169912,10000.0,19000.0,1.0,16.5,17.439951665132785,19.0,1.0,21091.80600675068,10000.0,25000.0,1.0,18.72459909102032,17.0,20.0,1.0,0.0,111.0,1.0,42.0
11.0,22.0,11.0,21.0,-121.0,11.0,11.0,-111.0,10.007008759020499,9.0,11.0,30000.0,10000.0,19000.0,0.0,23.68972227883435,16.5,19.0,0.0,10000.0,36512.54882223553,25000.0,0.0,24.993752876625813,17.0,20.0,0.0,121.0,9.984037806500911,9.0,11.0,1.0,10734.065266898822,10000.0,19000.0,1.0,16.5,16.592235467124112,19.0,1.0,17210.89303189999,10000.0,25000.0,1.0,17.889113511761575,17.0,20.0,1.0,0.0,111.0,1.0,0.0
91.0,24.0,91.0,21.0,-721.0,911.0,12.0,-711.0,14.768848439116494,12.0,17.0,30000.0,18000.0,36000.0,1.0,23.89252712768247,20.0,25.0,1.0,18000.0,34547.34303862669,36000.0,1.0,24.45728580510439,20.0,26.0,1.0,721.0,14.922548977926626,12.0,17.0,1.0,27184.954319777557,18000.0,36000.0,1.0,20.0,23.229530503799932,25.0,1.0,31685.28690822419,18000.0,36000.0,1.0,23.788450703798183,20.0,26.0,1.0,1.0,91121.0,7.0,29.0
81.0,23.0,81.0,21.0,-721.0,912.0,11.0,-711.0,14.128771504981628,12.0,17.0,30000.0,12500.0,23000.0,0.0,25.297991353912984,20.0,24.0,0.0,12500.0,34477.90876235111,26000.0,0.0,25.86225774573264,20.0,25.0,0.0,721.0,14.099797769945004,12.0,17.0,1.0,15087.350258624663,12500.0,23000.0,1.0,20.0,20.499176096271686,24.0,1.0,19567.401630622826,12500.0,26000.0,1.0,21.063712480777394,20.0,25.0,1.0,0.0,912.0,7.0,12.0
91.0,21.0,91.0,24.0,-721.0,911.0,11.0,-711.0,15.291065739488568,12.0,17.0,30000.0,18000.0,36000.0,1.0,24.884771242041634,20.0,25.0,1.0,18000.0,34122.28373113712,36000.0,1.0,25.387596392339653,20.0,26.0,1.0,722.0,15.158589674457179,12.0,17.0,1.0,28660.162361636194,18000.0,36000.0,1.0,20.0,23.62627712635839,25.0,1.0,32772.33631188611,18000.0,36000.0,1.0,24.127869112608117,20.0,26.0,1.0,1.0,91121.0,7.0,18.0
91.0,24.0,91.0,24.0,-721.0,911.0,11.0,-711.0,15.350433169280585,12.0,17.0,30000.0,18000.0,36000.0,1.0,25.266332558734874,20.0,25.0,0.0,18000.0,33989.58974511764,36000.0,1.0,25.75292616744493,20.0,26.0,1.0,722.0,15.358545995962283,12.0,17.0,1.0,25697.73473320112,18000.0,36000.0,1.0,20.0,23.543960965041908,25.0,1.0,29735.830260570554,18000.0,36000.0,1.0,24.036470621550635,20.0,26.0,1.0,0.0,91121.0,7.0,9.0
11.0,22.0,11.0,21.0,-121.0,21.0,13.0,-111.0,10.194336121961081,9.0,11.0,30000.0,10000.0,19000.0,0.0,25.694275638465143,16.5,19.0,0.0,10000.0,36946.65608231557,25000.0,0.0,27.006520354621806,17.0,20.0,0.0,122.0,10.181751782185719,9.0,11.0,1.0,12781.97775620965,10000.0,19000.0,1.0,16.5,17.08023082184233,19.0,1.0,19838.015029056023,10000.0,25000.0,1.0,18.41313798157186,17.0,20.0,1.0,0.0,211.0,1.0,58.0
11.0,21.0,11.0,22.0,-121.0,21.0,13.0,-111.0,10.00132942359791,9.0,11.0,30000.0,10000.0,19000.0,0.0,28.128029256449217,16.5,19.0,0.0,10000.0,36519.67801884968,25000.0,0.0,29.42879856468698,17.0,20.0,0.0,121.0,9.988026465461909,9.0,11.0,1.0,16292.740907640677,10000.0,19000.0,1.0,16.5,17.76949269716212,19.0,1.0,22756.97029293725,10000.0,25000.0,1.0,19.059199207436386,17.0,20.0,1.0,0.0,211.0,1.0,52.0
11.0,22.0,11.0,22.0,-121.0,21.0,13.0,-111.0,10.199870318025457,9.0,11.0,30000.0,10000.0,19000.0,0.0,26.841018092564454,16.5,19.0,0.0,10000.0,37087.06621189403,25000.0,0.0,28.176696104211246,17.0,20.0,0.0,122.0,10.21149256421356,9.0,11.0,1.0,12331.576573118751,10000.0,19000.0,1.0,16.5,17.067951289914806,19.0,1.0,19263.784827032225,10000.0,25000.0,1.0,18.374443688894964,17.0,20.0,1.0,0.0,211.0,1.0,4.0
11.0,22.0,11.0,22.0,-121.0,21.0,13.0,-111.0,10.209842533839646,9.0,11.0,30000.0,10000.0,19000.0,0.0,26.38940126465065,16.5,19.0,0.0,10000.0,36946.407733211054,25000.0,0.0,27.702336095458648,17.0,20.0,0.0,122.0,10.203598703810515,9.0,11.0,1.0,16044.056509403985,10000.0,19000.0,1.0,16.5,17.75751221606982,19.0,1.0,22993.18919791671,10000.0,25000.0,1.0,19.070962088445395,17.0,20.0,1.0,0.0,211.0,1.0,36.0
11.0,21.0,11.0,21.0,-121.0,21.0,13.0,-111.0,9.986465889055994,9.0,11.0,30000.0,10000.0,19000.0,0.0,29.098096707275538,16.5,19.0,0.0,10000.0,36498.00064475133,25000.0,0.0,30.403348657769286,17.0,20.0,0.0,121.0,10.013503553488142,9.0,11.0,1.0,13581.946121708113,10000.0,19000.0,1.0,16.5,17.19096931084837,19.0,1.0,20204.181673288538,10000.0,25000.0,1.0,18.521176299564388,17.0,20.0,1.0,0.0,211.0,1.0,34.0
11.0,22.0,11.0,21.0,-121.0,11.0,12.0,-111.0,10.2259495809934,9.0,11.0,30000.0,10000.0,19000.0,0.0,23.307631074225668,16.5,19.0,0.0,10000.0,36926.43766117792,25000.0,0.0,24.609057907590735,17.0,20.0,0.0,122.0,10.179483598735114,9.0,11.0,1.0,13637.486145991257,10000.0,19000.0,1.0,16.5,17.208503538735695,19.0,1.0,20563.937378339433,10000.0,25000.0,1.0,18.509932922024113,17.0,20.0,1.0,0.0,111.0,1.0,46.0
11.0,22.0,11.0,22.0,-121.0,21.0,13.0,-111.0,10.177404251720407,9.0,11.0,30000.0,10000.0,19000.0,0.0,25.344560997842002,16.5,19.0,0.0,10000.0,36875.64130016808,25000.0,0.0,26.64361128600635,17.0,20.0,0.0,122.0,10.192035614488308,9.0,11.0,1.0,13834.26054218479,10000.0,19000.0,1.0,16.5,17.326215483588424,19.0,1.0,20889.991119488248,10000.0,25000.0,1.0,18.65929096549758,17.0,20.0,1.0,0.0,211.0,1.0,5.0
11.0,22.0,11.0,22.0,-121.0,21.0,13.0,-111.0,10.026015940780287,9.0,11.0,30000.0,10000.0,19000.0,0.0,27.116998394151516,16.5,19.0,0.0,10000.0,36521.850433673,25000.0,0.0,28.42284405379545,17.0,20.0,0.0,121.0,9.984243785679071,9.0,11.0,1.0,13591.351626492258,10000.0,19000.0,1.0,16.5,17.173981268613492,19.0,1.0,20101.603130376476,10000.0,25000.0,1.0,18.47750451803425,17.0,20.0,1.0,0.0,211.0,1.0,16.0
91.0,24.0,91.0,24.0,-721.0,911.0,12.0,-711.0,15.247238589834696,12.0,17.0,30000.0,18000.0,36000.0,1.0,24.0076776288847,20.0,25.0,1.0,18000.0,33956.22651131657,36000.0,1.0,24.492244950267853,20.0,26.0,1.0,722.0,15.145764640280355,12.0,17.0,1.0,27755.09933169978,18000.0,36000.0,1.0,20.0,23.562038593326882,25.0,1.0,31691.341801419207,18000.0,36000.0,1.0,24.044158225357712,20.0,26.0,1.0,1.0,91121.0,7.0,8.0
11.0,21.0,11.0,22.0,-121.0,21.0,13.0,-111.0,10.173068033486018,9.0,11.0,30000.0,10000.0,19000.0,0.0,28.069087928811225,16.5,19.0,0.0,10000.0,36821.33542638257,25000.0,0.0,29.356986740664887,17.0,20.0,0.0,122.0,10.177455881341357,9.0,11.0,1.0,13345.317065434709,10000.0,19000.0,1.0,16.5,17.178747773622153,19.0,1.0,20363.196113668062,10000.0,25000.0,1.0,18.50375490536286,17.0,20.0,1.0,0.0,211.0,1.0,52.0
11.0,22.0,11.0,21.0,-121.0,11.0,12.0,-111.0,10.218986445279656,9.0,11.0,30000.0,10000.0,19000.0,0.0,23.075699300717773,16.5,19.0,0.0,10000.0,37105.00995634898,25000.0,0.0,24.421209550549104,17.0,20.0,0.0,122.0,10.178117093866796,9.0,11.0,1.0,15701.822993969421,10000.0,19000.0,1.0,16.5,17.626961582240547,19.0,1.0,22764.976665405215,10000.0,25000.0,1.0,18.964545304070292,17.0,20.0,1.0,0.0,111.0,1.0,45.0
11.0,22.0,11.0,22.0,-121.0,21.0,13.0,-111.0,9.983684624420981,9.0,11.0,30000.0,10000.0,19000.0,0.0,25.490273919718916,16.5,19.0,0.0,10000.0,36398.35136488882,25000.0,0.0,26.76677881846681,17.0,20.0,0.0,121.0,9.99971908445496,9.0,11.0,1.0,11891.710425466143,10000.0,19000.0,1.0,16.5,16.894387335748394,19.0,1.0,18320.0755719362,10000.0,25000.0,1.0,18.176880142479686,17.0,20.0,1.0,0.0,211.0,1.0,16.0
81.0,21.0,81.0,21.0,-721.0,912.0,12.0,-711.0,15.148812942678257,12.0,17.0,30000.0,12500.0,23000.0,0.0,27.48440754082869,20.0,24.0,0.0,12500.0,33974.78192255156,26000.0,0.0,27.969792784417507,20.0,25.0,0.0,722.0,15.530223983045248,12.0,17.0,1.0,15034.932190125728,12500.0,23000.0,1.0,20.0,21.793883880184723,24.0,1.0,19055.84529406435,12500.0,26000.0,1.0,22.2849024881067,20.0,25.0,1.0,0.0,912.0,7.0,6.0
11.0,22.0,11.0,22.0,-121.0,21.0,13.0,-111.0,10.225503264243715,9.0,11.0,30000.0,10000.0,19000.0,0.0,24.464050104164762,16.5,19.0,0.0,10000.0,36817.906235833456,25000.0,0.0,25.747841969921307,17.0,20.0,0.0,122.0,10.205752804619845,9.0,11.0,1.0,13771.983694574661,10000.0,19000.0,1.0,16.5,17.29258815435372,19.0,1.0,20754.674200726906,10000.0,25000.0,1.0,18.607408417762322,17.0,20.0,1.0,0.0,211.0,1.0,13.0
11.0,22.0,11.0,22.0,-121.0,11.0,11.0,-111.0,10.204101260878232,9.0,11.0,30000.0,10000.0,19000.0,0.0,25.740712675796072,16.5,19.0,0.0,10000.0,36824.973614272116,25000.0,0.0,27.02748125286675,17.0,20.0,0.0,122.0,10.207134079532642,9.0,11.0,1.0,16168.270285376835,10000.0,19000.0,1.0,16.5,17.8047545316749,19.0,1.0,23193.33821097763,10000.0,25000.0,1.0,19.129248539907675,17.0,20.0,1.0,0.0,111.0,1.0,38.0
91.0,24.0,91.0,21.0,-721.0,911.0,12.0,-711.0,15.232233399049615,12.0,17.0,30000.0,18000.0,36000.0,1.0,25.270914570353185,20.0,25.0,0.0,18000.0,34457.08061912889,36000.0,1.0,25.826271915042696,20.0,26.0,1.0,721.0,15.258366074334337,12.0,17.0,1.0,25752.60694433335,18000.0,36000.0,1.0,20.0,23.395771034648483,25.0,1.0,30306.32793082094,18000.0,36000.0,1.0,23.963169879681473,20.0,26.0,1.0,0.0,91121.0,7.0,14.0
11.0,22.0,11.0,21.0,-121.0,11.0,11.0,-111.0,10.011122505636534,9.0,11.0,30000.0,10000.0,19000.0,0.0,26.583409712075124,16.5,19.0,0.0,10000.0,36417.70941872163,25000.0,0.0,27.867650963155825,17.0,20.0,0.0,121.0,9.99521266107505,9.0,11.0,1.0,11369.49397510838,10000.0,19000.0,1.0,16.5,16.746774577180794,19.0,1.0,17886.463000694603,10000.0,25000.0,1.0,18.05087856641067,17.0,20.0,1.0,0.0,111.0,1.0,26.0
92.0,24.0,92.0,24.0,-721.0,921.0,13.0,-711.0,15.018888671132096,12.0,17.0,30000.0,15000.0,28000.0,0.0,24.872874195267624,19.5,25.0,1.0,15000.0,34075.259029817025,28000.0,0.0,25.36858801681112,20.0,26.0,1.0,722.0,15.223323874217181,12.0,17.0,1.0,21038.202648323815,15000.0,28000.0,1.0,19.5,21.8522129806884,25.0,1.0,25025.651950455027,15000.0,28000.0,1.0,22.337245641755633,20.0,26.0,1.0,0.0,92122.0,7.0,20.0
11.0,22.0,11.0,22.0,-121.0,21.0,13.0,-111.0,10.213917509461677,9.0,11.0,30000.0,10000.0,19000.0,0.0,26.1214032016375,16.5,19.0,0.0,10000.0,36994.532825204966,25000.0,0.0,27.445101939275812,17.0,20.0,0.0,122.0,10.199873709889681,9.0,11.0,1.0,15087.9581805181,10000.0,19000.0,1.0,16.5,17.589556476260665,19.0,1.0,21984.081055021088,10000.0,25000.0,1.0,18.89463136427662,17.0,20.0,1.0,0.0,211.0,1.0,19.0
11.0,22.0,11.0,21.0,-121.0,11.0,11.0,-111.0,10.014695544972747,9.0,11.0,30000.0,10000.0,19000.0,0.0,24.385485853408618,16.5,19.0,0.0,10000.0,36575.62133242842,25000.0,0.0,25.691207284164168,17.0,20.0,0.0,121.0,10.006463169942682,9.0,11.0,1.0,13500.111980683818,10000.0,19000.0,1.0,16.5,17.1670322507693,19.0,1.0,19974.055312228877,10000.0,25000.0,1.0,18.452563476207665,17.0,20.0,1.0,0.0,111.0,1.0,26.0
91.0,24.0,91.0,21.0,-721.0,911.0,12.0,-711.0,13.996089678543782,12.0,17.0,30000.0,18000.0,36000.0,1.0,24.381455412325927,20.0,25.0,1.0,18000.0,34556.2824348792,36000.0,1.0,24.95038833285093,20.0,26.0,1.0,721.0,14.539322064304999,12.0,17.0,1.0,25867.141811121764,18000.0,36000.0,1.0,20.0,22.729731656523214,25.0,1.0,30398.11214067248,18000.0,36000.0,1.0,23.295503910383015,20.0,26.0,1.0,1.0,91121.0,7.0,29.0
11.0,22.0,11.0,21.0,-121.0,11.0,12.0,-111.0,10.188848308476173,9.0,11.0,30000.0,10000.0,19000.0,0.0,24.47363712159597,16.5,19.0,0.0,10000.0,37094.276116554174,25000.0,0.0,25.813688660199567,17.0,20.0,0.0,122.0,10.214181008277748,9.0,11.0,1.0,14399.190027593078,10000.0,19000.0,1.0,16.5,17.396762992347668,19.0,1.0,21495.677376936354,10000.0,25000.0,1.0,18.737232214990136,17.0,20.0,1.0,0.0,111.0,1.0,46.0
11.0,21.0,11.0,21.0,-121.0,21.0,12.0,-111.0,10.013495976784677,9.0,11.0,30000.0,10000.0,19000.0,0.0,25.23996049925853,16.5,19.0,0.0,10000.0,36504.095795890185,25000.0,0.0,26.543536103413707,17.0,20.0,0.0,121.0,9.99963619690474,9.0,11.0,1.0,17097.67572595052,10000.0,19000.0,1.0,16.5,17.904249905940592,19.0,1.0,23609.219599298558,10000.0,25000.0,1.0,19.20931828209308,17.0,20.0,1.0,0.0,211.0,1.0,6.0
11.0,22.0,11.0,22.0,-121.0,21.0,12.0,-111.0,10.203595665762098,9.0,11.0,30000.0,10000.0,19000.0,0.0,25.257288017439784,16.5,19.0,0.0,10000.0,36910.84579708061,25000.0,0.0,26.557926962582403,17.0,20.0,0.0,122.0,10.207422241484757,9.0,11.0,1.0,15098.93627560393,10000.0,19000.0,1.0,16.5,17.57536839905881,19.0,1.0,22145.55824458617,10000.0,25000.0,1.0,18.90156076880139,17.0,20.0,1.0,0.0,211.0,1.0,23.0
11.0,22.0,11.0,22.0,-121.0,21.0,13.0,-111.0,9.998844129404272,9.0,11.0,30000.0,10000.0,19000.0,0.0,25.748921595942463,16.5,19.0,0.0,10000.0,36533.151400672126,25000.0,0.0,27.05367585158553,17.0,20.0,0.0,121.0,10.017050199822538,9.0,11.0,1.0,13341.784593871691,10000.0,19000.0,1.0,16.5,17.18271927749911,19.0,1.0,19810.58677670363,10000.0,25000.0,1.0,18.47462216774819,17.0,20.0,1.0,0.0,211.0,1.0,21.0
11.0,22.0,11.0,21.0,-121.0,21.0,13.0,-111.0,10.210919446700988,9.0,11.0,30000.0,10000.0,19000.0,0.0,24.720945730110785,16.5,19.0,0.0,10000.0,36947.56081267982,25000.0,0.0,26.02922969879594,17.0,20.0,0.0,122.0,10.197546771315276,9.0,11.0,1.0,12187.067488561708,10000.0,19000.0,1.0,16.5,16.962411620253707,19.0,1.0,19314.777538857692,10000.0,25000.0,1.0,18.304619201253843,17.0,20.0,1.0,0.0,211.0,1.0,58.0
91.0,24.0,91.0,21.0,-721.0,911.0,11.0,-711.0,14.718807876829636,12.0,17.0,30000.0,18000.0,36000.0,1.0,24.106570069531372,20.0,25.0,1.0,18000.0,34592.5610041977,36000.0,1.0,24.677863107579203,20.0,26.0,1.0,721.0,14.755343049589312,12.0,17.0,1.0,24092.456081905715,18000.0,36000.0,1.0,20.0,22.67638114676155,25.0,1.0,28484.813395263605,18000.0,36000.0,1.0,23.222769785137015,20.0,26.0,1.0,1.0,91121.0,7.0,15.0
11.0,22.0,11.0,21.0,-121.0,21.0,13.0,-111.0,9.997333378395762,9.0,11.0,30000.0,10000.0,19000.0,0.0,26.291496480367247,16.5,19.0,0.0,10000.0,36394.9387874145,25000.0,0.0,27.56739931536572,17.0,20.0,0.0,121.0,9.992526350415467,9.0,11.0,1.0,13642.486212611178,10000.0,19000.0,1.0,16.5,17.203329979663508,19.0,1.0,20133.762500681565,10000.0,25000.0,1.0,18.49845384152238,17.0,20.0,1.0,0.0,211.0,1.0,33.0
11.0,22.0,11.0,21.0,-121.0,21.0,13.0,-111.0,10.216465907508839,9.0,11.0,30000.0,10000.0,19000.0,0.0,26.614122117034626,16.5,19.0,0.0,10000.0,36808.85736168265,25000.0,0.0,27.900311727993742,17.0,20.0,0.0,122.0,10.228750493477005,9.0,11.0,1.0,10153.091344641978,10000.0,19000.0,1.0,16.5,16.6184203006075,19.0,1.0,17124.425731901854,10000.0,25000.0,1.0,17.935301737113296,17.0,20.0,1.0,0.0,211.0,1.0,20.0
11.0,21.0,11.0,22.0,-121.0,21.0,13.0,-111.0,10.192733152104768,9.0,11.0,30000.0,10000.0,19000.0,0.0,25.70598862032231,16.5,19.0,0.0,10000.0,36959.803449675106,25000.0,0.0,27.0178092353477,17.0,20.0,0.0,122.0,10.195391494866609,9.0,11.0,1.0,13695.868812898225,10000.0,19000.0,1.0,16.5,17.32616452339005,19.0,1.0,20681.15222862585,10000.0,25000.0,1.0,18.642787737365186,17.0,20.0,1.0,0.0,211.0,1.0,32.0
11.0,22.0,11.0,22.0,-121.0,21.0,12.0,-111.0,10.011747540023704,9.0,11.0,30000.0,10000.0,19000.0,0.0,24.52000204555675,16.5,19.0,0.0,10000.0,36507.60448023541,25000.0,0.0,25.81751499511602,17.0,20.0,0.0,121.0,9.995507256357993,9.0,11.0,1.0,15479.362333790245,10000.0,19000.0,1.0,16.5,17.65607419545873,19.0,1.0,22004.97434336881,10000.0,25000.0,1.0,18.95717756029036,17.0,20.0,1.0,0.0,211.0,1.0,48.0
11.0,22.0,11.0,22.0,-121.0,11.0,11.0,-111.0,10.192006903846847,9.0,11.0,30000.0,10000.0,19000.0,0.0,28.12043262780005,16.5,19.0,0.0,10000.0,36977.36759704239,25000.0,0.0,29.43307264304438,17.0,20.0,0.0,122.0,10.220013721202777,9.0,11.0,1.0,17128.166136505533,10000.0,19000.0,1.0,16.5,17.983428724638305,19.0,1.0,24166.170091785592,10000.0,25000.0,1.0,19.307476152362263,17.0,20.0,1.0,0.0,111.0,1.0,30.0
91.0,24.0,91.0,21.0,-721.0,911.0,12.0,-711.0,15.28342306180218,12.0,17.0,30000.0,18000.0,36000.0,1.0,25.050627211189923,20.0,25.0,0.0,18000.0,33936.92338287187,36000.0,1.0,25.53011226686732,20.0,26.0,1.0,722.0,14.977490902342486,12.0,17.0,1.0,24497.282505431474,18000.0,36000.0,1.0,20.0,22.912188727602196,25.0,1.0,28429.885859896858,18000.0,36000.0,1.0,23.39114763916665,20.0,26.0,1.0,0.0,91121.0,7.0,29.0
11.0,22.0,11.0,21.0,-121.0,21.0,12.0,-111.0,10.001384865752646,9.0,11.0,30000.0,10000.0,19000.0,0.0,24.73720425513732,16.5,19.0,0.0,10000.0,36508.89408018514,25000.0,0.0,26.039376786232637,17.0,20.0,0.0,121.0,9.999437973946957,9.0,11.0,1.0,14278.603162141719,10000.0,19000.0,1.0,16.5,17.33220148339418,19.0,1.0,20915.55183404159,10000.0,25000.0,1.0,18.65999267869839,17.0,20.0,1.0,0.0,211.0,1.0,53.0
81.0,23.0,81.0,21.0,-721.0,912.0,12.0,-711.0,15.264093838079633,12.0,17.0,30000.0,12500.0,23000.0,0.0,27.297822067694675,20.0,24.0,0.0,12500.0,33940.8369978148,26000.0,0.0,27.77977869208475,20.0,25.0,0.0,722.0,15.167700552737164,12.0,17.0,1.0,17845.18914885,12500.0,23000.0,1.0,20.0,21.75388416347106,24.0,1.0,21915.00410424285,12500.0,26000.0,1.0,22.251614538739314,20.0,25.0,1.0,0.0,912.0,7.0,11.0
11.0,22.0,11.0,22.0,-121.0,11.0,11.0,-111.0,10.186614587217816,9.0,11.0,30000.0,10000.0,19000.0,0.0,24.16223700888724,16.5,19.0,0.0,10000.0,37254.53298521463,25000.0,0.0,25.524693764817858,17.0,20.0,0.0,122.0,10.209658497270043,9.0,11.0,1.0,12775.046564726972,10000.0,19000.0,1.0,16.5,17.14081423275981,19.0,1.0,19740.542068979827,10000.0,25000.0,1.0,18.448987540058223,17.0,20.0,1.0,0.0,111.0,1.0,44.0
11.0,22.0,11.0,22.0,-121.0,21.0,13.0,-111.0,10.17530691096272,9.0,11.0,30000.0,10000.0,19000.0,0.0,26.242520973129068,16.5,19.0,0.0,10000.0,36988.46240305704,25000.0,0.0,27.561904698782694,17.0,20.0,0.0,122.0,10.20615852549727,9.0,11.0,1.0,15570.593215413684,10000.0,19000.0,1.0,16.5,17.663403396279424,19.0,1.0,22484.23305449917,10000.0,25000.0,1.0,18.968661028448945,17.0,20.0,1.0,0.0,211.0,1.0,36.0
91.0,24.0,91.0,24.0,-721.0,911.0,12.0,-711.0,15.251225457345495,12.0,17.0,30000.0,18000.0,36000.0,1.0,24.854619390273943,20.0,25.0,1.0,18000.0,33983.999472475254,36000.0,1.0,25.338057095889063,20.0,26.0,1.0,722.0,15.073689840226775,12.0,17.0,1.0,27417.014109032636,18000.0,36000.0,1.0,20.0,23.42014542965118,25.0,1.0,31432.66922377278,18000.0,36000.0,1.0,23.90742438353253,20.0,26.0,1.0,1.0,91121.0,7.0,24.0
11.0,21.0,11.0,21.0,-121.0,21.0,13.0,-111.0,10.16571790449338,9.0,11.0,30000.0,10000.0,19000.0,0.0,27.89475935461054,16.5,19.0,0.0,10000.0,36963.32164495975,25000.0,0.0,29.21057510146067,17.0,20.0,0.0,122.0,10.177647210868617,9.0,11.0,1.0,12680.483267613696,10000.0,19000.0,1.0,16.5,17.04753610982184,19.0,1.0,19703.30406878271,10000.0,25000.0,1.0,18.374595043566995,17.0,20.0,1.0,0.0,211.0,1.0,34.0
11.0,22.0,11.0,22.0,-121.0,21.0,13.0,-111.0,10.210772245977806,9.0,11.0,30000.0,10000.0,19000.0,0.0,25.866427448469587,16.5,19.0,0.0,10000.0,37045.7780816035,25000.0,0.0,27.193307307371754,17.0,20.0,0.0,122.0,10.18662236118309,9.0,11.0,1.0,13330.54677627278,10000.0,19000.0,1.0,16.5,17.226747757144942,19.0,1.0,20415.94042802711,10000.0,25000.0,1.0,18.561088126656905,17.0,20.0,1.0,0.0,211.0,1.0,3.0
91.0,24.0,91.0,24.0,-721.0,911.0,12.0,-711.0,15.12143218570689,12.0,17.0,30000.0,18000.0,36000.0,1.0,24.198856028031813,20.0,25.0,1.0,18000.0,33912.97552317361,36000.0,1.0,24.674298355576337,20.0,26.0,1.0,722.0,15.248489514690636,12.0,17.0,1.0,27121.515842801713,18000.0,36000.0,1.0,20.0,23.59132836737823,25.0,1.0,31136.23524629981,18000.0,36000.0,1.0,24.079132987246947,20.0,26.0,1.0,1.0,91121.0,7.0,8.0
11.0,22.0,11.0,21.0,-121.0,21.0,13.0,-111.0,10.162819539104778,9.0,11.0,30000.0,10000.0,19000.0,0.0,24.846242613052603,16.5,19.0,0.0,10000.0,37036.35191830431,25000.0,0.0,26.17076264278292,17.0,20.0,0.0,122.0,10.169959920535081,9.0,11.0,1.0,13675.972230058755,10000.0,19000.0,1.0,16.5,17.234596151872328,19.0,1.0,20457.838049565795,10000.0,25000.0,1.0,18.511211821636216,17.0,20.0,1.0,0.0,211.0,1.0,2.0
81.0,21.0,81.0,21.0,-721.0,912.0,12.0,-711.0,14.172227079670645,12.0,17.0,30000.0,12500.0,23000.0,0.0,27.239868888197513,20.0,24.0,0.0,12500.0,34559.9858184706,26000.0,0.0,27.806908482560296,20.0,25.0,0.0,721.0,14.691937390540595,12.0,17.0,1.0,14966.759677228123,12500.0,23000.0,1.0,20.0,21.058235508441317,24.0,1.0,19511.08204939121,12500.0,26000.0,1.0,21.623327334851716,20.0,25.0,1.0,0.0,912.0,7.0,6.0
11.0,22.0,11.0,22.0,-121.0,11.0,11.0,-111.0,10.19584444106712,9.0,11.0,30000.0,10000.0,19000.0,0.0,24.957267799391836,16.5,19.0,0.0,10000.0,37143.424311962444,25000.0,0.0,26.298188239012237,17.0,20.0,0.0,122.0,10.199190265745274,9.0,11.0,1.0,15641.487023581409,10000.0,19000.0,1.0,16.5,17.66658501003004,19.0,1.0,22772.22775854978,10000.0,25000.0,1.0,19.005124565231974,17.0,20.0,1.0,0.0,111.0,1.0,38.0
91.0,24.0,91.0,21.0,-721.0,911.0,11.0,-711.0,15.099268670459315,12.0,17.0,30000.0,18000.0,36000.0,1.0,23.917348843667757,20.0,25.0,1.0,18000.0,34029.887644241055,36000.0,1.0,24.407858988504277,20.0,26.0,1.0,722.0,15.121587690193186,12.0,17.0,1.0,20789.611818323407,18000.0,36000.0,1.0,20.0,22.53979133305326,25.0,1.0,24771.32587771766,18000.0,36000.0,1.0,23.024437882135622,20.0,26.0,1.0,1.0,91121.0,7.0,3.0
11.0,21.0,11.0,21.0,-121.0,21.0,12.0,-111.0,10.2224746538309,9.0,11.0,30000.0,10000.0,19000.0,0.0,24.791712489570045,16.5,19.0,0.0,10000.0,37156.1912398342,25000.0,0.0,26.142491520443926,17.0,20.0,0.0,122.0,10.19528768836368,9.0,11.0,1.0,13623.5282502395,10000.0,19000.0,1.0,16.5,17.22921014817037,19.0,1.0,20709.978154613083,10000.0,25000.0,1.0,18.566825034827286,17.0,20.0,1.0,0.0,211.0,1.0,6.0
11.0,22.0,11.0,21.0,-121.0,21.0,13.0,-111.0,10.183348441061636,9.0,11.0,30000.0,10000.0,19000.0,0.0,25.510717631512463,16.5,19.0,0.0,10000.0,36923.60094293875,25000.0,0.0,26.82125143850977,17.0,20.0,0.0,122.0,10.18586137751419,9.0,11.0,1.0,12391.283180090431,10000.0,19000.0,1.0,16.5,17.03004061127116,19.0,1.0,19507.536040326973,10000.0,25000.0,1.0,18.37704053650411,17.0,20.0,1.0,0.0,211.0,1.0,58.0
11.0,22.0,11.0,21.0,-121.0,21.0,13.0,-111.0,10.226791205489226,9.0,11.0,30000.0,10000.0,19000.0,0.0,25.28625089969028,16.5,19.0,0.0,10000.0,37011.72083820354,25000.0,0.0,26.61069814103384,17.0,20.0,0.0,122.0,10.231706629205744,9.0,11.0,1.0,10710.540078109576,10000.0,19000.0,1.0,16.5,16.74504436610093,19.0,1.0,17733.5912693971,10000.0,25000.0,1.0,18.071631803158468,17.0,20.0,1.0,0.0,211.0,1.0,58.0
11.0,21.0,11.0,22.0,-121.0,11.0,12.0,-111.0,10.191846431976984,9.0,11.0,30000.0,10000.0,19000.0,0.0,24.609109903961247,16.5,19.0,0.0,10000.0,36828.79115869365,25000.0,0.0,25.893249672956742,17.0,20.0,0.0,122.0,10.202053122523372,9.0,11.0,1.0,17918.4578741024,10000.0,19000.0,1.0,16.5,18.12678912723743,19.0,1.0,24898.763921038393,10000.0,25000.0,1.0,19.439420951278304,17.0,20.0,1.0,0.0,111.0,1.0,7.0
91.0,24.0,91.0,21.0,-721.0,911.0,12.0,-711.0,15.111646581348118,12.0,17.0,30000.0,18000.0,36000.0,1.0,24.752128819537987,20.0,25.0,1.0,18000.0,34038.59859921901,36000.0,1.0,25.244499435618238,20.0,26.0,1.0,722.0,15.224422928032162,12.0,17.0,1.0,24720.54187060201,18000.0,36000.0,1.0,20.0,23.215215818267296,25.0,1.0,28759.7368065537,18000.0,36000.0,1.0,23.707659137459096,20.0,26.0,1.0,1.0,91121.0,7.0,29.0
81.0,23.0,81.0,23.0,-721.0,912.0,12.0,-711.0,15.06196442813777,12.0,17.0,30000.0,12500.0,23000.0,0.0,26.461944234446925,20.0,24.0,0.0,12500.0,34058.852448384416,26000.0,0.0,26.956354571643747,20.0,25.0,0.0,722.0,15.134013200650106,12.0,17.0,1.0,18629.48828871758,12500.0,23000.0,1.0,20.0,21.954001042253832,24.0,1.0,22703.48655303964,12500.0,26000.0,1.0,22.45025629696369,20.0,25.0,1.0,0.0,912.0,7.0,10.0
11.0,22.0,11.0,22.0,-121.0,21.0,13.0,-111.0,9.992319746176,9.0,11.0,30000.0,10000.0,19000.0,0.0,25.015371678223445,16.5,19.0,0.0,10000.0,36462.973356656206,25000.0,0.0,26.30599047506667,17.0,20.0,0.0,121.0,9.99638118316127,9.0,11.0,1.0,14331.879460452894,10000.0,19000.0,1.0,16.5,17.374408458969466,19.0,1.0,20788.004574504062,10000.0,25000.0,1.0,18.663659700951538,17.0,20.0,1.0,0.0,211.0,1.0,31.0
11.0,22.0,11.0,22.0,-121.0,21.0,13.0,-111.0,10.201221491281043,9.0,11.0,30000.0,10000.0,19000.0,0.0,26.216794213293582,16.5,19.0,0.0,10000.0,36921.19296678956,25000.0,0.0,27.527046316546283,17.0,20.0,0.0,122.0,10.20749976965298,9.0,11.0,1.0,14294.563674314635,10000.0,19000.0,1.0,16.5,17.466216150717095,19.0,1.0,21353.453345328966,10000.0,25000.0,1.0,18.80253563818913,17.0,20.0,1.0,0.0,211.0,1.0,31.0
81.0,23.0,81.0,23.0,-721.0,912.0,12.0,-711.0,14.38716167651294,12.0,17.0,30000.0,12500.0,23000.0,0.0,25.737477945930216,20.0,24.0,0.0,12500.0,34522.99098682075,26000.0,0.0,26.306279767954365,20.0,25.0,0.0,721.0,15.568536740315723,12.0,17.0,1.0,18329.474138432935,12500.0,23000.0,1.0,20.0,22.476673530177393,24.0,1.0,22815.301417276638,12500.0,26000.0,1.0,23.04080172254539,20.0,25.0,1.0,0.0,912.0,7.0,10.0
11.0,22.0,11.0,22.0,-121.0,11.0,12.0,-111.0,10.205557252392726,9.0,11.0,30000.0,10000.0,19000.0,0.0,24.09403102019931,16.5,19.0,0.0,10000.0,36985.351276378315,25000.0,0.0,25.407563170568793,17.0,20.0,0.0,122.0,10.177248307448641,9.0,11.0,1.0,17090.079682303676,10000.0,19000.0,1.0,16.5,17.916897080745017,19.0,1.0,24101.763564954363,10000.0,25000.0,1.0,19.235380839641152,17.0,20.0,1.0,0.0,111.0,1.0,42.0
11.0,22.0,11.0,22.0,-121.0,21.0,13.0,-111.0,10.021285290122815,9.0,11.0,30000.0,10000.0,19000.0,0.0,27.031585939965648,16.5,19.0,0.0,10000.0,36587.06529451085,25000.0,0.0,28.347362954493846,17.0,20.0,0.0,121.0,9.9911672004061,9.0,11.0,1.0,15495.532133233608,10000.0,19000.0,1.0,16.5,17.603744533360196,19.0,1.0,22045.596959096893,10000.0,25000.0,1.0,18.91213064404935,17.0,20.0,1.0,0.0,211.0,1.0,28.0
11.0,22.0,11.0,22.0,-121.0,11.0,11.0,-111.0,10.217369298373775,9.0,11.0,30000.0,10000.0,19000.0,0.0,25.786113254866013,16.5,19.0,0.0,10000.0,36923.65658087188,25000.0,0.0,27.09434110351612,17.0,20.0,0.0,122.0,10.212292694897053,9.0,11.0,1.0,17977.726230996857,10000.0,19000.0,1.0,16.5,18.12121743057379,19.0,1.0,24997.6499748889,10000.0,25000.0,1.0,19.44763500052253,17.0,20.0,1.0,0.0,111.0,1.0,15.0
11.0,22.0,11.0,22.0,-121.0,21.0,13.0,-111.0,10.006859224511468,9.0,11.0,30000.0,10000.0,19000.0,0.0,25.570209971199805,16.5,19.0,0.0,10000.0,36551.0532491529,25000.0,0.0,26.878711772834585,17.0,20.0,0.0,121.0,9.987473088802458,9.0,11.0,1.0,15985.300083489741,10000.0,19000.0,1.0,16.5,17.689296038525203,19.0,1.0,22484.58755748302,10000.0,25000.0,1.0,18.987458188277568,17.0,20.0,1.0,0.0,211.0,1.0,41.0
11.0,21.0,11.0,22.0,-121.0,21.0,13.0,-111.0,10.196784846535293,9.0,11.0,30000.0,10000.0,19000.0,0.0,25.747530994429354,16.5,19.0,0.0,10000.0,37036.75296385247,25000.0,0.0,27.06351277315372,17.0,20.0,0.0,122.0,10.22153238719541,9.0,11.0,1.0,12670.224410090235,10000.0,19000.0,1.0,16.5,17.121462884109242,19.0,1.0,19649.7646611293,10000.0,25000.0,1.0,18.426744999514376,17.0,20.0,1.0,0.0,211.0,1.0,32.0
11.0,22.0,11.0,22.0,-121.0,21.0,13.0,-111.0,9.992020447276161,9.0,11.0,30000.0,10000.0,19000.0,0.0,25.14299884157476,16.5,19.0,0.0,10000.0,36522.748860863925,25000.0,0.0,26.448029847106557,17.0,20.0,0.0,121.0,9.995011963033807,9.0,11.0,1.0,14394.357917909898,10000.0,19000.0,1.0,16.5,17.44515532268143,19.0,1.0,20931.90092254451,10000.0,25000.0,1.0,18.753146248445155,17.0,20.0,1.0,0.0,211.0,1.0,19.0
11.0,22.0,11.0,22.0,-121.0,21.0,13.0,-111.0,10.002573469970013,9.0,11.0,30000.0,10000.0,19000.0,0.0,26.103423097577426,16.5,19.0,0.0,10000.0,36583.15692714357,25000.0,0.0,27.41800485388983,17.0,20.0,0.0,121.0,9.995905426234472,9.0,11.0,1.0,13618.716162920908,10000.0,19000.0,1.0,16.5,17.239330711599976,19.0,1.0,20080.151569056572,10000.0,25000.0,1.0,18.529606061026065,17.0,20.0,1.0,0.0,211.0,1.0,16.0
11.0,22.0,11.0,22.0,-121.0,21.0,13.0,-111.0,10.212273531536088,9.0,11.0,30000.0,10000.0,19000.0,0.0,25.0305568656138,16.5,19.0,0.0,10000.0,37183.19123303287,25000.0,0.0,26.38496056582161,17.0,20.0,0.0,122.0,10.21634805132177,9.0,11.0,1.0,17349.85763738316,10000.0,19000.0,1.0,16.5,18.036534570123692,19.0,1.0,24472.2675067944,10000.0,25000.0,1.0,19.379477834277086,17.0,20.0,1.0,0.0,211.0,1.0,22.0
81.0,21.0,81.0,21.0,-721.0,912.0,12.0,-711.0,13.953348168874067,12.0,17.0,30000.0,12500.0,23000.0,0.0,25.767138270299142,20.0,24.0,0.0,12500.0,34415.14817928319,26000.0,0.0,26.320872364763,20.0,25.0,0.0,721.0,14.637689453567143,12.0,17.0,1.0,15088.24862661693,12500.0,23000.0,1.0,20.0,21.10293506885914,24.0,1.0,19617.14516635131,12500.0,26000.0,1.0,21.67093512741153,20.0,25.0,1.0,0.0,912.0,7.0,6.0
11.0,21.0,11.0,22.0,-121.0,21.0,13.0,-111.0,9.98885156723778,9.0,11.0,30000.0,10000.0,19000.0,0.0,27.874566748560643,16.5,19.0,0.0,10000.0,36502.66030204348,25000.0,0.0,29.176994612156346,17.0,20.0,0.0,121.0,9.979478585193863,9.0,11.0,1.0,14237.293137058816,10000.0,19000.0,1.0,16.5,17.340273574736518,19.0,1.0,20697.521085915887,10000.0,25000.0,1.0,18.63420259685183,17.0,20.0,1.0,0.0,211.0,1.0,24.0
11.0,22.0,11.0,22.0,-121.0,21.0,13.0,-111.0,9.999947922359528,9.0,11.0,30000.0,10000.0,19000.0,0.0,25.65359424409033,16.5,19.0,0.0,10000.0,36479.53538718572,25000.0,0.0,26.951310513734906,17.0,20.0,0.0,121.0,10.01610377370559,9.0,11.0,1.0,14539.46679354935,10000.0,19000.0,1.0,16.5,17.466695932621466,19.0,1.0,21035.960236062056,10000.0,25000.0,1.0,18.767808548297715,17.0,20.0,1.0,0.0,211.0,1.0,22.0
11.0,21.0,11.0,22.0,-121.0,21.0,13.0,-111.0,10.203242048746109,9.0,11.0,30000.0,10000.0,19000.0,0.0,28.90065535915721,16.5,19.0,0.0,10000.0,37091.615553151685,25000.0,0.0,30.237398946238745,17.0,20.0,0.0,122.0,10.228675090567158,9.0,11.0,1.0,13952.853920122729,10000.0,19000.0,1.0,16.5,17.369066851550222,19.0,1.0,20978.98112324645,10000.0,25000.0,1.0,18.69346612424073,17.0,20.0,1.0,0.0,211.0,1.0,59.0
11.0,22.0,11.0,21.0,-121.0,21.0,13.0,-111.0,10.196954849934896,9.0,11.0,30000.0,10000.0,19000.0,0.0,26.79356643456795,16.5,19.0,0.0,10000.0,36816.406573000306,25000.0,0.0,28.079049364243502,17.0,20.0,0.0,122.0,10.198734308133206,9.0,11.0,1.0,13222.157582108055,10000.0,19000.0,1.0,16.5,17.20473420457514,19.0,1.0,20233.15990098036,10000.0,25000.0,1.0,18.526915284049558,17.0,20.0,1.0,0.0,211.0,1.0,33.0
11.0,21.0,11.0,21.0,-121.0,21.0,12.0,-111.0,10.016247752799671,9.0,11.0,30000.0,10000.0,19000.0,0.0,24.765127142763305,16.5,19.0,0.0,10000.0,36486.96099605229,25000.0,0.0,26.058875895526008,17.0,20.0,0.0,121.0,10.005102418952248,9.0,11.0,1.0,15373.288256384682,10000.0,19000.0,1.0,16.5,17.542981161809035,19.0,1.0,21913.596952976797,10000.0,25000.0,1.0,18.847369491575233,17.0,20.0,1.0,0.0,211.0,1.0,6.0
11.0,22.0,11.0,22.0,-121.0,11.0,11.0,-111.0,9.999535636214691,9.0,11.0,30000.0,10000.0,19000.0,0.0,25.245051283319867,16.5,19.0,0.0,10000.0,36540.150122643376,25000.0,0.0,26.55574692886585,17.0,20.0,0.0,121.0,10.00234661402259,9.0,11.0,1.0,19032.033822599195,10000.0,19000.0,0.0,16.5,18.337385611056856,19.0,1.0,25585.352448256974,10000.0,25000.0,0.0,19.65072032439726,17.0,20.0,1.0,0.0,111.0,1.0,50.0
91.0,24.0,91.0,21.0,-721.0,911.0,11.0,-711.0,15.299372290010012,12.0,17.0,30000.0,18000.0,36000.0,1.0,24.328460094421647,20.0,25.0,1.0,18000.0,33971.19101523931,36000.0,1.0,24.814283182875602,20.0,26.0,1.0,722.0,15.10494024389345,12.0,17.0,1.0,20651.35209526878,18000.0,36000.0,1.0,20.0,22.543518797541548,25.0,1.0,24597.961371614634,18000.0,36000.0,1.0,23.026334632941456,20.0,26.0,1.0,1.0,91121.0,7.0,3.0
11.0,22.0,11.0,22.0,-121.0,21.0,13.0,-111.0,9.992100056232125,9.0,11.0,30000.0,10000.0,19000.0,0.0,24.700930912749513,16.5,19.0,0.0,10000.0,36601.425706109156,25000.0,0.0,26.016013848369276,17.0,20.0,0.0,121.0,9.993149035361997,9.0,11.0,1.0,12532.333021651013,10000.0,19000.0,1.0,16.5,17.00721029822738,19.0,1.0,18914.87238075164,10000.0,25000.0,1.0,18.278688456242108,17.0,20.0,1.0,0.0,211.0,1.0,16.0
81.0,23.0,81.0,21.0,-721.0,912.0,12.0,-711.0,15.423989214451838,12.0,17.0,30000.0,12500.0,23000.0,0.0,26.08056038640986,20.0,24.0,0.0,12500.0,33979.19417703057,26000.0,0.0,26.56689758818524,20.0,25.0,0.0,722.0,15.46257408424368,12.0,17.0,1.0,14727.485001850611,12500.0,23000.0,1.0,20.0,21.806381364236078,24.0,1.0,18764.942240422606,12500.0,26000.0,1.0,22.299839478702893,20.0,25.0,1.0,0.0,912.0,7.0,30.0
11.0,21.0,11.0,22.0,-121.0,11.0,12.0,-111.0,9.980999472802187,9.0,11.0,30000.0,10000.0,19000.0,0.0,24.756819408182167,16.5,19.0,0.0,10000.0,36544.46731371018,25000.0,0.0,26.065209098370584,17.0,20.0,0.0,121.0,10.013304472903286,9.0,11.0,1.0,15764.134941667755,10000.0,19000.0,1.0,16.5,17.68713061192949,19.0,1.0,22269.519499929753,10000.0,25000.0,1.0,18.987706759496124,17.0,20.0,1.0,0.0,111.0,1.0,7.0
81.0,23.0,81.0,23.0,-721.0,912.0,12.0,-711.0,15.403403346017555,12.0,17.0,30000.0,12500.0,23000.0,0.0,27.087030044274396,20.0,24.0,0.0,12500.0,34411.5379429137,26000.0,0.0,27.638979922440836,20.0,25.0,0.0,721.0,15.352344284723719,12.0,17.0,1.0,18523.549165450186,12500.0,23000.0,1.0,20.0,22.192958437145624,24.0,1.0,23024.737822094175,12500.0,26000.0,1.0,22.75612497062848,20.0,25.0,1.0,0.0,912.0,7.0,5.0
91.0,24.0,91.0,24.0,-721.0,911.0,11.0,-711.0,14.601349433780808,12.0,17.0,30000.0,18000.0,36000.0,1.0,23.079100908103413,20.0,25.0,1.0,18000.0,34486.41992293714,36000.0,1.0,23.640625703383666,20.0,26.0,1.0,721.0,15.346818954616419,12.0,17.0,1.0,23118.385748165812,18000.0,36000.0,1.0,20.0,23.238400953647556,25.0,1.0,27604.58037399727,18000.0,36000.0,1.0,23.7998975505172,20.0,26.0,1.0,1.0,91121.0,7.0,4.0
11.0,21.0,11.0,22.0,-121.0,11.0,12.0,-111.0,9.994525862812129,9.0,11.0,30000.0,10000.0,19000.0,0.0,25.017415187837415,16.5,19.0,0.0,10000.0,36442.267274534206,25000.0,0.0,26.299949057082518,17.0,20.0,0.0,121.0,10.00619697271427,9.0,11.0,1.0,15818.915123610188,10000.0,19000.0,1.0,16.5,17.66369125536281,19.0,1.0,22325.090523820872,10000.0,25000.0,1.0,18.958948026686823,17.0,20.0,1.0,0.0,111.0,1.0,51.0
81.0,23.0,81.0,21.0,-721.0,912.0,12.0,-711.0,15.285608846531563,12.0,17.0,30000.0,12500.0,23000.0,0.0,26.25389016893339,20.0,24.0,0.0,12500.0,33967.24879768909,26000.0,0.0,26.73925414338056,20.0,25.0,0.0,722.0,15.234446519858524,12.0,17.0,1.0,13891.570940735197,12500.0,23000.0,1.0,20.0,21.359421771985012,24.0,1.0,17914.170898578253,12500.0,26000.0,1.0,21.85155755744092,20.0,25.0,1.0,0.0,912.0,7.0,11.0
11.0,22.0,11.0,22.0,-121.0,21.0,13.0,-111.0,10.192073105270858,9.0,11.0,30000.0,10000.0,19000.0,0.0,25.16653949270725,16.5,19.0,0.0,10000.0,36983.35261628341,25000.0,0.0,26.48477124046177,17.0,20.0,0.0,122.0,10.217059280414711,9.0,11.0,1.0,14321.48495173665,10000.0,19000.0,1.0,16.5,17.434107427243667,19.0,1.0,21341.234486093716,10000.0,25000.0,1.0,18.759209739261724,17.0,20.0,1.0,0.0,211.0,1.0,5.0
91.0,24.0,91.0,21.0,-721.0,911.0,12.0,-711.0,14.708207440004756,12.0,17.0,30000.0,18000.0,36000.0,1.0,24.708734549854796,20.0,25.0,1.0,18000.0,34516.05250646571,36000.0,1.0,25.273662623977177,20.0,26.0,1.0,721.0,15.103929763660886,12.0,17.0,1.0,28214.177480988637,18000.0,36000.0,1.0,20.0,23.611587006062305,25.0,1.0,32705.28836155176,18000.0,36000.0,1.0,24.1733950489923,20.0,26.0,1.0,1.0,91121.0,7.0,14.0
11.0,22.0,11.0,21.0,-121.0,21.0,12.0,-111.0,10.194172763680351,9.0,11.0,30000.0,10000.0,19000.0,0.0,23.791037321728886,16.5,19.0,0.0,10000.0,37051.684304368035,25000.0,0.0,25.117973255497603,17.0,20.0,0.0,122.0,10.228966606484127,9.0,11.0,1.0,14780.505156134015,10000.0,19000.0,1.0,16.5,17.460281482998507,19.0,1.0,21850.33171117967,10000.0,25000.0,1.0,18.790631296814105,17.0,20.0,1.0,0.0,211.0,1.0,53.0
11.0,22.0,11.0,21.0,-121.0,21.0,13.0,-111.0,10.003025877138437,9.0,11.0,30000.0,10000.0,19000.0,0.0,24.593470744580003,16.5,19.0,0.0,10000.0,36492.04420711492,25000.0,0.0,25.88749803427954,17.0,20.0,0.0,121.0,9.995530268804679,9.0,11.0,1.0,13485.107101266816,10000.0,19000.0,1.0,16.5,17.17146520197524,19.0,1.0,20048.047250352054,10000.0,25000.0,1.0,18.479623831621293,17.0,20.0,1.0,0.0,211.0,1.0,20.0
11.0,22.0,11.0,22.0,-121.0,11.0,11.0,-111.0,9.986691686700054,9.0,11.0,30000.0,10000.0,19000.0,0.0,23.456616229889228,16.5,19.0,0.0,10000.0,36545.97115442714,25000.0,0.0,24.765586149830174,17.0,20.0,0.0,121.0,10.011086980683935,9.0,11.0,1.0,15973.425077309112,10000.0,19000.0,1.0,16.5,17.752333361426476,19.0,1.0,22521.520297552834,10000.0,25000.0,1.0,19.061728021745328,17.0,20.0,1.0,0.0,111.0,1.0,57.0
11.0,22.0,11.0,21.0,-121.0,11.0,11.0,-111.0,10.191352188687626,9.0,11.0,30000.0,10000.0,19000.0,0.0,26.09565372164208,16.5,19.0,0.0,10000.0,36986.16887363122,25000.0,0.0,27.41634925326343,17.0,20.0,0.0,122.0,10.217228607744238,9.0,11.0,1.0,13856.841347489224,10000.0,19000.0,1.0,16.5,17.298713630138,19.0,1.0,20942.529187062955,10000.0,25000.0,1.0,18.638222656824997,17.0,20.0,1.0,0.0,111.0,1.0,12.0
11.0,22.0,11.0,22.0,-121.0,21.0,13.0,-111.0,9.98849760076097,9.0,11.0,30000.0,10000.0,19000.0,0.0,24.586040262670323,16.5,19.0,0.0,10000.0,36476.662103931325,25000.0,0.0,25.887433435707905,17.0,20.0,0.0,121.0,9.986613041475488,9.0,11.0,1.0,14764.294489709893,10000.0,19000.0,1.0,16.5,17.477702700316,19.0,1.0,21183.001340060142,10000.0,25000.0,1.0,18.76745058907879,17.0,20.0,1.0,0.0,211.0,1.0,41.0
11.0,21.0,11.0,22.0,-121.0,11.0,12.0,-111.0,10.188532199267755,9.0,11.0,30000.0,10000.0,19000.0,0.0,25.66464014343071,16.5,19.0,0.0,10000.0,36878.0450585159,25000.0,0.0,26.96093410773585,17.0,20.0,0.0,122.0,10.234889181327102,9.0,11.0,1.0,15229.27281505733,10000.0,19000.0,1.0,16.5,17.640612542055162,19.0,1.0,22255.812248589045,10000.0,25000.0,1.0,18.964892999677605,17.0,20.0,1.0,0.0,111.0,1.0,7.0
11.0,22.0,11.0,22.0,-121.0,11.0,11.0,-111.0,9.987620284822459,9.0,11.0,30000.0,10000.0,19000.0,0.0,24.05454108330019,16.5,19.0,0.0,10000.0,36538.314952440116,25000.0,0.0,25.357593986732535,17.0,20.0,0.0,121.0,9.992859929564881,9.0,11.0,1.0,12369.817681391105,10000.0,19000.0,1.0,16.5,16.96766613654485,19.0,1.0,18908.84551722552,10000.0,25000.0,1.0,18.270861114010565,17.0,20.0,1.0,0.0,111.0,1.0,57.0
11.0,22.0,11.0,22.0,-121.0,21.0,13.0,-111.0,10.21303455330239,9.0,11.0,30000.0,10000.0,19000.0,0.0,25.935689183132574,16.5,19.0,0.0,10000.0,36924.570524110684,25000.0,0.0,27.244551499488267,17.0,20.0,0.0,122.0,10.205737574346875,9.0,11.0,1.0,15450.995156844148,10000.0,19000.0,1.0,16.5,17.64714797294092,19.0,1.0,22475.77787752107,10000.0,25000.0,1.0,18.974952109192607,17.0,20.0,1.0,0.0,211.0,1.0,4.0
11.0,22.0,11.0,21.0,-121.0,21.0,13.0,-111.0,10.210006014203737,9.0,11.0,30000.0,10000.0,19000.0,0.0,25.477902131639816,16.5,19.0,0.0,10000.0,37324.31341653862,25000.0,0.0,26.853421694520797,17.0,20.0,0.0,122.0,10.212223952169497,9.0,11.0,1.0,14523.4572548267,10000.0,19000.0,1.0,16.5,17.44356977261512,19.0,1.0,21538.97691873937,10000.0,25000.0,1.0,18.76109729945443,17.0,20.0,1.0,0.0,211.0,1.0,2.0
11.0,22.0,11.0,22.0,-121.0,11.0,11.0,-111.0,10.221781239466186,9.0,11.0,30000.0,10000.0,19000.0,0.0,24.105679808718815,16.5,19.0,0.0,10000.0,37029.42792255623,25000.0,0.0,25.426502839292134,17.0,20.0,0.0,122.0,10.213737431644482,9.0,11.0,1.0,14339.298909342855,10000.0,19000.0,1.0,16.5,17.41914626494273,19.0,1.0,21337.387666174203,10000.0,25000.0,1.0,18.734080695148503,17.0,20.0,1.0,0.0,111.0,1.0,50.0
81.0,21.0,81.0,21.0,-721.0,912.0,12.0,-711.0,14.781356899538897,12.0,17.0,30000.0,12500.0,23000.0,0.0,27.438835635939906,20.0,24.0,0.0,12500.0,34495.525542700794,26000.0,0.0,27.998137730330136,20.0,25.0,0.0,721.0,15.44623722282888,12.0,17.0,1.0,13689.780533522815,12500.0,23000.0,1.0,20.0,21.52165562737266,24.0,1.0,18181.021574971757,12500.0,26000.0,1.0,22.080424673846508,20.0,25.0,1.0,0.0,912.0,7.0,6.0
11.0,22.0,11.0,22.0,-121.0,11.0,11.0,-111.0,9.986478698511602,9.0,11.0,30000.0,10000.0,19000.0,0.0,23.785182909683556,16.5,19.0,0.0,10000.0,36448.85152401783,25000.0,0.0,25.077030678677286,17.0,20.0,0.0,121.0,9.995849135136353,9.0,11.0,1.0,17846.150703346168,10000.0,19000.0,1.0,16.5,18.111991780127177,19.0,1.0,24329.773815843964,10000.0,25000.0,1.0,19.410805068304427,17.0,20.0,1.0,0.0,111.0,1.0,44.0
92.0,24.0,92.0,24.0,-721.0,921.0,13.0,-711.0,14.865159006932977,12.0,17.0,30000.0,15000.0,28000.0,0.0,24.26455912058988,19.5,25.0,1.0,15000.0,33922.97118144065,28000.0,0.0,24.740309152906395,20.0,26.0,1.0,722.0,15.270286122461219,12.0,17.0,1.0,20901.923261499916,15000.0,28000.0,1.0,19.5,21.744106490302766,25.0,1.0,24869.605249209828,15000.0,28000.0,1.0,22.225278731079065,20.0,26.0,1.0,0.0,92122.0,7.0,20.0
11.0,21.0,11.0,22.0,-121.0,21.0,13.0,-111.0,9.999239713243004,9.0,11.0,30000.0,10000.0,19000.0,0.0,26.315360198070437,16.5,19.0,0.0,10000.0,36524.03452488786,25000.0,0.0,27.619570683314304,17.0,20.0,0.0,121.0,10.003773334713276,9.0,11.0,1.0,14270.650912236919,10000.0,19000.0,1.0,16.5,17.373410064460188,19.0,1.0,20773.54330841898,10000.0,25000.0,1.0,18.673394056751988,17.0,20.0,1.0,0.0,211.0,1.0,59.0
11.0,22.0,11.0,22.0,-121.0,21.0,13.0,-111.0,9.995364074673192,9.0,11.0,30000.0,10000.0,19000.0,0.0,25.392139044663146,16.5,19.0,0.0,10000.0,36598.8803842447,25000.0,0.0,26.712652600085914,17.0,20.0,0.0,121.0,9.990905426657193,9.0,11.0,1.0,13892.650800663792,10000.0,19000.0,1.0,16.5,17.2932990543752,19.0,1.0,20327.163185031655,10000.0,25000.0,1.0,18.580920640361256,17.0,20.0,1.0,0.0,211.0,1.0,5.0
11.0,22.0,11.0,21.0,-121.0,21.0,13.0,-111.0,10.199851091339772,9.0,11.0,30000.0,10000.0,19000.0,0.0,26.667367445891045,16.5,19.0,0.0,10000.0,36956.08493545101,25000.0,0.0,27.98013264271572,17.0,20.0,0.0,122.0,10.196885933412851,9.0,11.0,1.0,12758.367893572058,10000.0,19000.0,1.0,16.5,17.089748845090718,19.0,1.0,19722.116856649463,10000.0,25000.0,1.0,18.403960411364412,17.0,20.0,1.0,0.0,211.0,1.0,58.0
91.0,24.0,91.0,21.0,-721.0,911.0,11.0,-711.0,14.962823706453856,12.0,17.0,30000.0,18000.0,36000.0,1.0,25.152786262258598,20.0,25.0,0.0,18000.0,33953.66231568702,36000.0,1.0,25.63688532001268,20.0,26.0,1.0,722.0,14.939208465677108,12.0,17.0,1.0,24584.973760553792,18000.0,36000.0,1.0,20.0,22.882114264327953,25.0,1.0,28564.943315176493,18000.0,36000.0,1.0,23.369434464547933,20.0,26.0,1.0,0.0,91121.0,7.0,2.0
11.0,21.0,11.0,22.0,-121.0,21.0,13.0,-111.0,10.231305353613532,9.0,11.0,30000.0,10000.0,19000.0,0.0,26.112982138559275,16.5,19.0,0.0,10000.0,37068.67253342833,25000.0,0.0,27.449347768962472,17.0,20.0,0.0,122.0,10.193366446259972,9.0,11.0,1.0,14207.825106595474,10000.0,19000.0,1.0,16.5,17.386934353714402,19.0,1.0,21296.67981733328,10000.0,25000.0,1.0,18.727115519209306,17.0,20.0,1.0,0.0,211.0,1.0,32.0
91.0,24.0,91.0,24.0,-721.0,911.0,12.0,-711.0,14.122391036403844,12.0,17.0,30000.0,18000.0,36000.0,1.0,24.222501572337023,20.0,25.0,1.0,18000.0,34502.87977058743,36000.0,1.0,24.783145120281752,20.0,26.0,1.0,721.0,15.590145944423302,12.0,17.0,1.0,27711.966055290493,18000.0,36000.0,1.0,20.0,24.039707532329402,25.0,1.0,32179.482220905447,18000.0,36000.0,1.0,24.59594803645107,20.0,26.0,1.0,1.0,91121.0,7.0,23.0
11.0,22.0,11.0,22.0,-121.0,21.0,12.0,-111.0,10.006701983150405,9.0,11.0,30000.0,10000.0,19000.0,0.0,24.724016841717372,16.5,19.0,0.0,10000.0,36437.698273279166,25000.0,0.0,26.014007942547735,17.0,20.0,0.0,121.0,10.021215204403635,9.0,11.0,1.0,14547.595174226792,10000.0,19000.0,1.0,16.5,17.48209692273676,19.0,1.0,21156.04473660856,10000.0,25000.0,1.0,18.80630330270065,17.0,20.0,1.0,0.0,211.0,1.0,25.0
11.0,22.0,11.0,22.0,-121.0,21.0,13.0,-111.0,10.19384830152301,9.0,11.0,30000.0,10000.0,19000.0,0.0,25.075626783815785,16.5,19.0,0.0,10000.0,37232.74846428195,25000.0,0.0,26.439848959919363,17.0,20.0,0.0,122.0,10.22500347510117,9.0,11.0,1.0,15432.686239842396,10000.0,19000.0,1.0,16.5,17.684053612206455,19.0,1.0,22394.41568305398,10000.0,25000.0,1.0,18.997156886482333,17.0,20.0,1.0,0.0,211.0,1.0,21.0
11.0,22.0,11.0,22.0,-121.0,11.0,12.0,-111.0,10.000491984208823,9.0,11.0,30000.0,10000.0,19000.0,0.0,24.039929077614573,16.5,19.0,0.0,10000.0,36494.77128623205,25000.0,0.0,25.347676798308477,17.0,20.0,0.0,121.0,10.00042252165781,9.0,11.0,1.0,14862.555149995085,10000.0,19000.0,1.0,16.5,17.517860109809288,19.0,1.0,21306.910883434037,10000.0,25000.0,1.0,18.815456460832568,17.0,20.0,1.0,0.0,111.0,1.0,49.0
81.0,23.0,81.0,21.0,-721.0,912.0,12.0,-711.0,15.340070674980065,12.0,17.0,30000.0,12500.0,23000.0,0.0,27.178931106177586,20.0,24.0,0.0,12500.0,34003.30973436254,26000.0,0.0,27.667488755341274,20.0,25.0,0.0,722.0,15.435352357841397,12.0,17.0,1.0,15654.436329433076,12500.0,23000.0,1.0,20.0,21.748892600421893,24.0,1.0,19696.750179383416,12500.0,26000.0,1.0,22.24221025075554,20.0,25.0,1.0,0.0,912.0,7.0,11.0
11.0,21.0,11.0,22.0,-121.0,21.0,13.0,-111.0,10.184944774356412,9.0,11.0,30000.0,10000.0,19000.0,0.0,26.08018437053143,16.5,19.0,0.0,10000.0,37035.70045960396,25000.0,0.0,27.410370791980235,17.0,20.0,0.0,122.0,10.238559120659676,9.0,11.0,1.0,14417.489436757554,10000.0,19000.0,1.0,16.5,17.484147239392005,19.0,1.0,21371.977219311044,10000.0,25000.0,1.0,18.798979397127866,17.0,20.0,1.0,0.0,211.0,1.0,24.0
11.0,22.0,11.0,22.0,-121.0,21.0,13.0,-111.0,9.9916121090943,9.0,11.0,30000.0,10000.0,19000.0,0.0,25.97817400613871,16.5,19.0,0.0,10000.0,36427.9948933409,25000.0,0.0,27.258032075744595,17.0,20.0,0.0,121.0,9.997768921664068,9.0,11.0,1.0,14922.328833931308,10000.0,19000.0,1.0,16.5,17.490666011962098,19.0,1.0,21393.87746381446,10000.0,25000.0,1.0,18.779195930581558,17.0,20.0,1.0,0.0,211.0,1.0,4.0
91.0,24.0,91.0,21.0,-721.0,911.0,11.0,-711.0,14.99379031515797,12.0,17.0,30000.0,18000.0,36000.0,1.0,25.02860880877732,20.0,25.0,0.0,18000.0,34010.94282260219,36000.0,1.0,25.517073634409723,20.0,26.0,1.0,722.0,15.193433716835061,12.0,17.0,1.0,24159.056867738185,18000.0,36000.0,1.0,20.0,23.064261555718247,25.0,1.0,28186.544530017265,18000.0,36000.0,1.0,23.55474126228646,20.0,26.0,1.0,0.0,91121.0,7.0,3.0
11.0,22.0,11.0,22.0,-121.0,21.0,13.0,-111.0,10.194829228953619,9.0,11.0,30000.0,10000.0,19000.0,0.0,24.899890890332415,16.5,19.0,0.0,10000.0,37090.71161366297,25000.0,0.0,26.231987662752044,17.0,20.0,0.0,122.0,10.20741057469829,9.0,11.0,1.0,12088.998595952638,10000.0,19000.0,1.0,16.5,16.96757568027433,19.0,1.0,19101.352944015765,10000.0,25000.0,1.0,18.284951862393818,17.0,20.0,1.0,0.0,211.0,1.0,16.0
11.0,22.0,11.0,21.0,-121.0,21.0,13.0,-111.0,9.995705981636878,9.0,11.0,30000.0,10000.0,19000.0,0.0,28.64623477846654,16.5,19.0,0.0,10000.0,36432.531718148566,25000.0,0.0,29.930703600767274,17.0,20.0,0.0,121.0,9.99304545835179,9.0,11.0,1.0,12619.112030093554,10000.0,19000.0,1.0,16.5,17.018245053307925,19.0,1.0,19133.43157698109,10000.0,25000.0,1.0,18.31904553484673,17.0,20.0,1.0,0.0,211.0,1.0,33.0
11.0,22.0,11.0,22.0,-121.0,11.0,11.0,-111.0,10.177557159339703,9.0,11.0,30000.0,10000.0,19000.0,0.0,25.650942145165377,16.5,19.0,0.0,10000.0,37042.121883452855,25000.0,0.0,26.97173726029786,17.0,20.0,0.0,122.0,10.206912875377043,9.0,11.0,1.0,16491.7864044403,10000.0,19000.0,1.0,16.5,17.819455539598604,19.0,1.0,23450.139349505902,10000.0,25000.0,1.0,19.124539253188647,17.0,20.0,1.0,0.0,111.0,1.0,38.0
91.0,24.0,91.0,24.0,-721.0,911.0,12.0,-711.0,14.114078698700613,12.0,17.0,30000.0,18000.0,36000.0,1.0,23.248288625723575,20.0,25.0,1.0,18000.0,34470.65210549937,36000.0,1.0,23.80449324377408,20.0,26.0,1.0,721.0,14.550535233150846,12.0,17.0,1.0,28861.403704016542,18000.0,36000.0,1.0,20.0,23.22069218594042,25.0,1.0,33373.56982710153,18000.0,36000.0,1.0,23.782061663109918,20.0,26.0,1.0,1.0,91121.0,7.0,13.0
11.0,22.0,11.0,22.0,-121.0,21.0,13.0,-111.0,10.001125775928486,9.0,11.0,30000.0,10000.0,19000.0,0.0,24.58217643053698,16.5,19.0,0.0,10000.0,36472.797364340644,25000.0,0.0,25.878343110430603,17.0,20.0,0.0,121.0,10.015281306842516,9.0,11.0,1.0,12358.41583140075,10000.0,19000.0,1.0,16.5,16.995935850936394,19.0,1.0,18888.82261539458,10000.0,25000.0,1.0,18.303638719281373,17.0,20.0,1.0,0.0,211.0,1.0,36.0
11.0,22.0,11.0,22.0,-121.0,21.0,13.0,-111.0,10.173389597004858,9.0,11.0,30000.0,10000.0,19000.0,0.0,25.720974279836227,16.5,19.0,0.0,10000.0,37044.94526340168,25000.0,0.0,27.05825132963214,17.0,20.0,0.0,122.0,10.19979716629102,9.0,11.0,1.0,13822.851392647874,10000.0,19000.0,1.0,16.5,17.344676809396198,19.0,1.0,20918.506027310825,10000.0,25000.0,1.0,18.69157955192099,17.0,20.0,1.0,0.0,211.0,1.0,28.0
11.0,22.0,11.0,22.0,-121.0,21.0,13.0,-111.0,10.200021596606941,9.0,11.0,30000.0,10000.0,19000.0,0.0,25.393920410592575,16.5,19.0,0.0,10000.0,37080.288417988224,25000.0,0.0,26.728857322571923,17.0,20.0,0.0,122.0,10.173358204847053,9.0,11.0,1.0,15946.844757915293,10000.0,19000.0,1.0,16.5,17.72150380095253,19.0,1.0,23026.3248540117,10000.0,25000.0,1.0,19.056288309715168,17.0,20.0,1.0,0.0,211.0,1.0,13.0
11.0,22.0,11.0,21.0,-121.0,11.0,12.0,-111.0,10.18739290208776,9.0,11.0,30000.0,10000.0,19000.0,0.0,24.575575395725043,16.5,19.0,0.0,10000.0,37172.22313809129,25000.0,0.0,25.92330893145472,17.0,20.0,0.0,122.0,10.220860558976273,9.0,11.0,1.0,13275.802972809932,10000.0,19000.0,1.0,16.5,17.17554012205576,19.0,1.0,20349.867178689503,10000.0,25000.0,1.0,18.504828597972594,17.0,20.0,1.0,0.0,111.0,1.0,45.0
11.0,22.0,11.0,22.0,-121.0,11.0,11.0,-111.0,10.172722467979657,9.0,11.0,30000.0,10000.0,19000.0,0.0,24.22954502384274,16.5,19.0,0.0,10000.0,37024.651067235696,25000.0,0.0,25.551869317360666,17.0,20.0,0.0,122.0,10.192484736326689,9.0,11.0,1.0,16119.145260399471,10000.0,19000.0,1.0,16.5,17.77834024952635,19.0,1.0,23161.857051497744,10000.0,25000.0,1.0,19.10406430392826,17.0,20.0,1.0,0.0,111.0,1.0,30.0
11.0,21.0,11.0,22.0,-121.0,21.0,13.0,-111.0,10.180415502156473,9.0,11.0,30000.0,10000.0,19000.0,0.0,27.635431918305173,16.5,19.0,0.0,10000.0,37070.71308841136,25000.0,0.0,28.97331141723259,17.0,20.0,0.0,122.0,10.200727286888831,9.0,11.0,1.0,13589.986273892715,10000.0,19000.0,1.0,16.5,17.296269765972937,19.0,1.0,20724.00063794072,10000.0,25000.0,1.0,18.64612676672673,17.0,20.0,1.0,0.0,211.0,1.0,24.0
92.0,24.0,92.0,24.0,-721.0,921.0,13.0,-711.0,15.297725023215612,12.0,17.0,30000.0,15000.0,28000.0,0.0,25.24520291013515,19.5,25.0,0.0,15000.0,34031.239758304044,28000.0,0.0,25.737615033887455,20.0,26.0,1.0,722.0,15.315580556835847,12.0,17.0,1.0,23412.707705365778,15000.0,28000.0,1.0,19.5,22.20657347283299,25.0,1.0,27366.426868263305,15000.0,28000.0,1.0,22.689516529174945,20.0,26.0,1.0,0.0,92122.0,7.0,22.0
11.0,22.0,11.0,22.0,-121.0,11.0,11.0,-111.0,10.00779454596729,9.0,11.0,30000.0,10000.0,19000.0,0.0,24.50199085649551,16.5,19.0,0.0,10000.0,36442.62209617265,25000.0,0.0,25.789345106464598,17.0,20.0,0.0,121.0,9.9843396124413,9.0,11.0,1.0,15918.129992808434,10000.0,19000.0,1.0,16.5,17.671221670523437,19.0,1.0,22394.06097813748,10000.0,25000.0,1.0,18.96523164845191,17.0,20.0,1.0,0.0,111.0,1.0,50.0
11.0,21.0,11.0,22.0,-121.0,11.0,11.0,-111.0,10.21261716860507,9.0,11.0,30000.0,10000.0,19000.0,0.0,24.672406371430178,16.5,19.0,0.0,10000.0,37103.138290441086,25000.0,0.0,26.01315848978675,17.0,20.0,0.0,122.0,10.19131770979519,9.0,11.0,1.0,16897.01210735756,10000.0,19000.0,1.0,16.5,17.90920990020535,19.0,1.0,24100.6353180221,10000.0,25000.0,1.0,19.268929039073658,17.0,20.0,1.0,0.0,111.0,1.0,29.0
92.0,24.0,92.0,24.0,-721.0,921.0,13.0,-711.0,14.973906040535008,12.0,17.0,30000.0,15000.0,28000.0,0.0,24.691636633455946,19.5,25.0,1.0,15000.0,34036.14317008475,28000.0,0.0,25.182942353792775,20.0,26.0,1.0,722.0,15.269462521276132,12.0,17.0,1.0,20658.45707668162,15000.0,28000.0,1.0,19.5,21.87125570041615,25.0,1.0,24686.15364893816,15000.0,28000.0,1.0,22.36153324567209,20.0,26.0,1.0,0.0,92122.0,7.0,20.0
91.0,21.0,91.0,24.0,-721.0,911.0,12.0,-711.0,15.315047150813664,12.0,17.0,30000.0,18000.0,36000.0,1.0,25.344311404586445,20.0,25.0,0.0,18000.0,34071.93338886734,36000.0,1.0,25.84256242996359,20.0,26.0,1.0,722.0,15.420978532235871,12.0,17.0,1.0,25643.500414174596,18000.0,36000.0,1.0,20.0,23.591005581247764,25.0,1.0,29681.96821887608,18000.0,36000.0,1.0,24.085161681675725,20.0,26.0,1.0,0.0,91121.0,7.0,26.0
91.0,24.0,91.0,24.0,-721.0,911.0,12.0,-711.0,15.182165667412864,12.0,17.0,30000.0,18000.0,36000.0,1.0,24.16593691459938,20.0,25.0,1.0,18000.0,34093.07206978058,36000.0,1.0,24.661399400146056,20.0,26.0,1.0,722.0,15.146205129177417,12.0,17.0,1.0,27487.769111393845,18000.0,36000.0,1.0,20.0,23.42372760317934,25.0,1.0,31484.541245066503,18000.0,36000.0,1.0,23.907533072947015,20.0,26.0,1.0,1.0,91121.0,7.0,8.0
81.0,23.0,81.0,23.0,-721.0,912.0,12.0,-711.0,15.71413246471626,12.0,17.0,30000.0,12500.0,23000.0,0.0,26.510644263700744,20.0,24.0,0.0,12500.0,34503.998466413825,26000.0,0.0,27.0755868586348,20.0,25.0,0.0,721.0,15.08913058604952,12.0,17.0,1.0,17994.08064706432,12500.0,23000.0,1.0,20.0,21.914573696141467,24.0,1.0,22541.87812902812,12500.0,26000.0,1.0,22.485010060597176,20.0,25.0,1.0,0.0,912.0,7.0,10.0
11.0,22.0,11.0,21.0,-121.0,11.0,11.0,-111.0,10.169497631723395,9.0,11.0,30000.0,10000.0,19000.0,0.0,24.649214072571006,16.5,19.0,0.0,10000.0,36969.633597968765,25000.0,0.0,25.961402486228256,17.0,20.0,0.0,122.0,10.241000731586412,9.0,11.0,1.0,15902.236024051223,10000.0,19000.0,1.0,16.5,17.71739962712926,19.0,1.0,22904.62598601227,10000.0,25000.0,1.0,19.035755154265296,17.0,20.0,1.0,0.0,111.0,1.0,26.0
11.0,21.0,11.0,22.0,-121.0,11.0,11.0,-111.0,10.190182610002013,9.0,11.0,30000.0,10000.0,19000.0,0.0,24.95514829749632,16.5,19.0,0.0,10000.0,37043.25515701954,25000.0,0.0,26.28333310277661,17.0,20.0,0.0,122.0,10.206503152229415,9.0,11.0,1.0,15233.307987249907,10000.0,19000.0,1.0,16.5,17.60621248228217,19.0,1.0,22222.543115248995,10000.0,25000.0,1.0,18.924210437856434,17.0,20.0,1.0,0.0,111.0,1.0,29.0
11.0,22.0,11.0,22.0,-121.0,11.0,11.0,-111.0,10.183687033439618,9.0,11.0,30000.0,10000.0,19000.0,0.0,24.737423352879844,16.5,19.0,0.0,10000.0,36890.88246861888,25000.0,0.0,26.041462604198102,17.0,20.0,0.0,122.0,10.207890017505932,9.0,11.0,1.0,17478.76599227313,10000.0,19000.0,1.0,16.5,18.04479930542455,19.0,1.0,24471.18101857751,10000.0,25000.0,1.0,19.36805270545476,17.0,20.0,1.0,0.0,111.0,1.0,44.0
92.0,24.0,92.0,24.0,-721.0,921.0,13.0,-711.0,15.05616390329553,12.0,17.0,30000.0,15000.0,28000.0,0.0,24.797291864580938,19.5,25.0,1.0,15000.0,34462.825667327226,28000.0,0.0,25.355922664886066,20.0,26.0,1.0,721.0,15.385202700754846,12.0,17.0,1.0,18569.46708985069,15000.0,28000.0,1.0,19.5,21.828265557326915,25.0,1.0,23100.26286548348,15000.0,28000.0,1.0,22.395404464116584,20.0,26.0,1.0,0.0,92122.0,7.0,20.0
91.0,24.0,91.0,24.0,-721.0,911.0,12.0,-711.0,14.964887832322635,12.0,17.0,30000.0,18000.0,36000.0,1.0,24.894254481402765,20.0,25.0,1.0,18000.0,33991.957085435526,36000.0,1.0,25.382165142921203,20.0,26.0,1.0,722.0,15.269217916594968,12.0,17.0,1.0,23091.14537298261,18000.0,36000.0,1.0,20.0,23.107264866828796,25.0,1.0,27077.41770255481,18000.0,36000.0,1.0,23.594480718023753,20.0,26.0,1.0,1.0,91121.0,7.0,8.0
11.0,22.0,11.0,22.0,-121.0,21.0,13.0,-111.0,10.221548269927817,9.0,11.0,30000.0,10000.0,19000.0,0.0,27.075811118291945,16.5,19.0,0.0,10000.0,36839.24392295632,25000.0,0.0,28.360235608645056,17.0,20.0,0.0,122.0,10.213369399341383,9.0,11.0,1.0,15809.464317464657,10000.0,19000.0,1.0,16.5,17.69729825709547,19.0,1.0,22868.709947237687,10000.0,25000.0,1.0,19.023039533827024,17.0,20.0,1.0,0.0,211.0,1.0,3.0
11.0,22.0,11.0,22.0,-121.0,21.0,13.0,-111.0,10.013219711748901,9.0,11.0,30000.0,10000.0,19000.0,0.0,26.469146657885517,16.5,19.0,0.0,10000.0,36446.31629255013,25000.0,0.0,27.76394431779069,17.0,20.0,0.0,121.0,9.999261259553492,9.0,11.0,1.0,14268.93909611221,10000.0,19000.0,1.0,16.5,17.419703040599096,19.0,1.0,20825.866306785094,10000.0,25000.0,1.0,18.73671784770054,17.0,20.0,1.0,0.0,211.0,1.0,22.0
11.0,22.0,11.0,21.0,-121.0,11.0,11.0,-111.0,10.188347737308819,9.0,11.0,30000.0,10000.0,19000.0,0.0,25.695420174274403,16.5,19.0,0.0,10000.0,36997.10837228035,25000.0,0.0,27.016780187235533,17.0,20.0,0.0,122.0,10.20974168686592,9.0,11.0,1.0,16700.30146422206,10000.0,19000.0,1.0,16.5,17.820769916714113,19.0,1.0,23812.85131655803,10000.0,25000.0,1.0,19.163930328849684,17.0,20.0,1.0,0.0,111.0,1.0,12.0
11.0,21.0,11.0,22.0,-121.0,21.0,13.0,-111.0,9.99841912537953,9.0,11.0,30000.0,10000.0,19000.0,0.0,27.023595790338874,16.5,19.0,0.0,10000.0,36481.90190664321,25000.0,0.0,28.320216107312028,17.0,20.0,0.0,121.0,9.992805997673402,9.0,11.0,1.0,12725.169725334947,10000.0,19000.0,1.0,16.5,17.04450966368701,19.0,1.0,19232.0500248772,10000.0,25000.0,1.0,18.34612658384619,17.0,20.0,1.0,0.0,211.0,1.0,24.0
11.0,21.0,11.0,22.0,-121.0,21.0,13.0,-111.0,10.010621241187499,9.0,11.0,30000.0,10000.0,19000.0,0.0,30.364494567070444,16.5,19.0,0.0,10000.0,36665.08964377394,25000.0,0.0,31.699248263396353,17.0,20.0,0.0,121.0,10.001125020973937,9.0,11.0,1.0,14418.01082020178,10000.0,19000.0,1.0,16.5,17.403452606579194,19.0,1.0,20965.49261494266,10000.0,25000.0,1.0,18.71465410486971,17.0,20.0,1.0,0.0,211.0,1.0,9.0
11.0,22.0,11.0,21.0,-121.0,11.0,11.0,-111.0,10.178548993064311,9.0,11.0,30000.0,10000.0,19000.0,0.0,23.177159715874645,16.5,19.0,0.0,10000.0,37154.65862381671,25000.0,0.0,24.523885473159318,17.0,20.0,0.0,122.0,10.216155904407294,9.0,11.0,1.0,15889.152638724805,10000.0,19000.0,1.0,16.5,17.68817394637628,19.0,1.0,22805.88730311234,10000.0,25000.0,1.0,18.990115131637936,17.0,20.0,1.0,0.0,111.0,1.0,26.0
91.0,24.0,91.0,24.0,-721.0,911.0,12.0,-711.0,14.064222300699262,12.0,17.0,30000.0,18000.0,36000.0,1.0,23.33633898347705,20.0,25.0,1.0,18000.0,34558.362539985435,36000.0,1.0,23.907693450612122,20.0,26.0,1.0,721.0,15.22610698749707,12.0,17.0,1.0,28434.21156141375,18000.0,36000.0,1.0,20.0,23.72410598346257,25.0,1.0,32950.32881018427,18000.0,36000.0,1.0,24.290165339548594,20.0,26.0,1.0,1.0,91121.0,7.0,32.0
11.0,21.0,11.0,22.0,-121.0,11.0,11.0,-111.0,10.001095208295162,9.0,11.0,30000.0,10000.0,19000.0,0.0,24.405780631427376,16.5,19.0,0.0,10000.0,36405.30647208264,25000.0,0.0,25.688035444002125,17.0,20.0,0.0,121.0,9.991486441247954,9.0,11.0,1.0,18105.37291579262,10000.0,19000.0,1.0,16.5,18.114658733399164,19.0,1.0,24564.99261296081,10000.0,25000.0,1.0,19.40778631132182,17.0,20.0,1.0,0.0,111.0,1.0,35.0
81.0,21.0,81.0,23.0,-721.0,912.0,12.0,-711.0,15.320960085588116,12.0,17.0,30000.0,12500.0,23000.0,0.0,27.590467657831752,20.0,24.0,0.0,12500.0,34531.37655727393,26000.0,0.0,28.15575042268114,20.0,25.0,0.0,721.0,15.350965737450203,12.0,17.0,1.0,16244.245809776676,12500.0,23000.0,1.0,20.0,21.964978785418904,24.0,1.0,20698.412815221345,12500.0,26000.0,1.0,22.52062976876014,20.0,25.0,1.0,0.0,912.0,7.0,7.0
91.0,24.0,91.0,24.0,-721.0,911.0,12.0,-711.0,14.84200771801932,12.0,17.0,30000.0,18000.0,36000.0,1.0,25.246269460128385,20.0,25.0,0.0,18000.0,34515.34369858875,36000.0,1.0,25.811277608989556,20.0,26.0,1.0,721.0,15.723014322268044,12.0,17.0,1.0,27025.23836303024,18000.0,36000.0,1.0,20.0,24.05123778667987,25.0,1.0,31517.876551795547,18000.0,36000.0,1.0,24.61340477904651,20.0,26.0,1.0,0.0,91121.0,7.0,8.0
91.0,21.0,91.0,24.0,-721.0,911.0,12.0,-711.0,14.700622282420985,12.0,17.0,30000.0,18000.0,36000.0,1.0,25.282586608225287,20.0,25.0,0.0,18000.0,34562.28844730449,36000.0,1.0,25.85081049267249,20.0,26.0,1.0,721.0,14.43448567427785,12.0,17.0,1.0,29287.102980790976,18000.0,36000.0,1.0,20.0,23.15798276859629,25.0,1.0,33812.824676906464,18000.0,36000.0,1.0,23.721652337453364,20.0,26.0,1.0,0.0,91121.0,7.0,19.0
92.0,24.0,92.0,24.0,-721.0,921.0,13.0,-711.0,15.181256206457032,12.0,17.0,30000.0,15000.0,28000.0,0.0,24.5681722599302,19.5,25.0,1.0,15000.0,34053.29299834124,28000.0,0.0,25.063584512277362,20.0,26.0,1.0,722.0,15.278002272885189,12.0,17.0,1.0,22314.721043645757,15000.0,28000.0,1.0,19.5,22.108541122794918,25.0,1.0,26368.055556955194,15000.0,28000.0,1.0,22.603958449293863,20.0,26.0,1.0,0.0,92122.0,7.0,20.0
91.0,24.0,91.0,21.0,-721.0,911.0,11.0,-711.0,14.323406652712368,12.0,17.0,30000.0,18000.0,36000.0,1.0,23.92508872757257,20.0,25.0,1.0,18000.0,34575.590999311884,36000.0,1.0,24.500469247508345,20.0,26.0,1.0,721.0,14.97254186089162,12.0,17.0,1.0,25523.195233756705,18000.0,36000.0,1.0,20.0,23.08215234925604,25.0,1.0,30009.46601697823,18000.0,36000.0,1.0,23.646300852959907,20.0,26.0,1.0,1.0,91121.0,7.0,2.0
11.0,22.0,11.0,22.0,-121.0,21.0,13.0,-111.0,10.006323685880345,9.0,11.0,30000.0,10000.0,19000.0,0.0,25.625551836841638,16.5,19.0,0.0,10000.0,36493.16435026254,25000.0,0.0,26.92025952659205,17.0,20.0,0.0,121.0,9.986177395764965,9.0,11.0,1.0,14680.707852409309,10000.0,19000.0,1.0,16.5,17.480456680976904,19.0,1.0,21178.472126613855,10000.0,25000.0,1.0,18.776081574817454,17.0,20.0,1.0,0.0,211.0,1.0,21.0
11.0,21.0,11.0,22.0,-121.0,11.0,11.0,-111.0,10.202602162638737,9.0,11.0,30000.0,10000.0,19000.0,0.0,25.85628887003342,16.5,19.0,0.0,10000.0,37143.71047419611,25000.0,0.0,27.21010028962018,17.0,20.0,0.0,122.0,10.189945812259014,9.0,11.0,1.0,14169.168528562166,10000.0,19000.0,1.0,16.5,17.42668750516487,19.0,1.0,21138.24727670745,10000.0,25000.0,1.0,18.747404298954052,17.0,20.0,1.0,0.0,111.0,1.0,29.0
11.0,22.0,11.0,22.0,-121.0,11.0,11.0,-111.0,10.222832520322198,9.0,11.0,30000.0,10000.0,19000.0,0.0,24.941522733201772,16.5,19.0,0.0,10000.0,36905.31959545117,25000.0,0.0,26.246998216606528,17.0,20.0,0.0,122.0,10.208986680585335,9.0,11.0,1.0,16224.624448852055,10000.0,19000.0,1.0,16.5,17.81071604289184,19.0,1.0,23253.545345231905,10000.0,25000.0,1.0,19.139558796391615,17.0,20.0,1.0,0.0,111.0,1.0,44.0
11.0,22.0,11.0,22.0,-121.0,11.0,11.0,-111.0,10.215381557843008,9.0,11.0,30000.0,10000.0,19000.0,0.0,25.220151697538206,16.5,19.0,0.0,10000.0,37199.14487609132,25000.0,0.0,26.57860451698145,17.0,20.0,0.0,122.0,10.214462563902625,9.0,11.0,1.0,15873.475129100689,10000.0,19000.0,1.0,16.5,17.76913193785996,19.0,1.0,22881.048285249177,10000.0,25000.0,1.0,19.091435860793812,17.0,20.0,1.0,0.0,111.0,1.0,38.0
91.0,24.0,91.0,24.0,-721.0,911.0,11.0,-711.0,14.895897684246227,12.0,17.0,30000.0,18000.0,36000.0,1.0,24.239445805211787,20.0,25.0,1.0,18000.0,34472.42048301786,36000.0,1.0,24.79643097649432,20.0,26.0,1.0,721.0,15.110750330570694,12.0,17.0,1.0,28069.061282924864,18000.0,36000.0,1.0,20.0,23.701473402599213,25.0,1.0,32564.27331728013,18000.0,36000.0,1.0,24.261296982339463,20.0,26.0,1.0,1.0,91121.0,7.0,0.0
11.0,22.0,11.0,21.0,-121.0,21.0,13.0,-111.0,10.200598434072312,9.0,11.0,30000.0,10000.0,19000.0,0.0,25.48229742602211,16.5,19.0,0.0,10000.0,36894.00231032084,25000.0,0.0,26.78447133607963,17.0,20.0,0.0,122.0,10.205824213440891,9.0,11.0,1.0,13049.758881567734,10000.0,19000.0,1.0,16.5,17.17526910798775,19.0,1.0,20036.14460871357,10000.0,25000.0,1.0,18.49489286353363,17.0,20.0,1.0,0.0,211.0,1.0,33.0
11.0,21.0,11.0,22.0,-121.0,21.0,13.0,-111.0,9.985559158578862,9.0,11.0,30000.0,10000.0,19000.0,0.0,27.790882139844282,16.5,19.0,0.0,10000.0,36446.16840637847,25000.0,0.0,29.080746845138858,17.0,20.0,0.0,121.0,9.989926052829261,9.0,11.0,1.0,13370.989385891038,10000.0,19000.0,1.0,16.5,17.22544760445212,19.0,1.0,19792.223185652016,10000.0,25000.0,1.0,18.510322947541315,17.0,20.0,1.0,0.0,211.0,1.0,59.0
11.0,22.0,11.0,22.0,-121.0,21.0,13.0,-111.0,9.994923699568078,9.0,11.0,30000.0,10000.0,19000.0,0.0,25.041997130717732,16.5,19.0,0.0,10000.0,36535.80252911468,25000.0,0.0,26.348217880464983,17.0,20.0,0.0,121.0,9.991273432011946,9.0,11.0,1.0,14368.754520379016,10000.0,19000.0,1.0,16.5,17.380346767630172,19.0,1.0,21013.106575574224,10000.0,25000.0,1.0,18.708261814705104,17.0,20.0,1.0,0.0,211.0,1.0,31.0
11.0,22.0,11.0,22.0,-121.0,11.0,12.0,-111.0,9.998429155468216,9.0,11.0,30000.0,10000.0,19000.0,0.0,24.25657189822779,16.5,19.0,0.0,10000.0,36463.133295715656,25000.0,0.0,25.54068994520099,17.0,20.0,0.0,121.0,10.02974177577351,9.0,11.0,1.0,16892.31060722484,10000.0,19000.0,1.0,16.5,17.896777187658632,19.0,1.0,23409.243685532598,10000.0,25000.0,1.0,19.191584364592302,17.0,20.0,1.0,0.0,111.0,1.0,49.0
91.0,24.0,91.0,21.0,-721.0,911.0,11.0,-711.0,15.797397104304968,12.0,17.0,30000.0,18000.0,36000.0,1.0,25.530289665413818,20.0,25.0,0.0,18000.0,34538.491150066075,36000.0,1.0,26.097750912244692,20.0,26.0,0.0,721.0,15.172989550609707,12.0,17.0,1.0,21602.190190449033,18000.0,36000.0,1.0,20.0,22.757737722451306,25.0,1.0,26037.87100067639,18000.0,36000.0,1.0,23.312344282183997,20.0,26.0,1.0,0.0,91121.0,7.0,15.0
91.0,24.0,91.0,24.0,-721.0,911.0,12.0,-711.0,14.982062805703215,12.0,17.0,30000.0,18000.0,36000.0,1.0,24.178188540723028,20.0,25.0,1.0,18000.0,33989.92145060144,36000.0,1.0,24.665369517266907,20.0,26.0,1.0,722.0,15.303918593767289,12.0,17.0,1.0,28218.009604270024,18000.0,36000.0,1.0,20.0,23.709457924978153,25.0,1.0,32304.62891722774,18000.0,36000.0,1.0,24.208445990858426,20.0,26.0,1.0,1.0,91121.0,7.0,23.0
11.0,22.0,11.0,21.0,-121.0,11.0,12.0,-111.0,9.999924993567028,9.0,11.0,30000.0,10000.0,19000.0,0.0,25.015157529804846,16.5,19.0,0.0,10000.0,36488.96699096558,25000.0,0.0,26.326423301531342,17.0,20.0,0.0,121.0,9.991808072669544,9.0,11.0,1.0,13923.905098374586,10000.0,19000.0,1.0,16.5,17.271464695583184,19.0,1.0,20413.60136821134,10000.0,25000.0,1.0,18.58287783721049,17.0,20.0,1.0,0.0,111.0,1.0,10.0
11.0,22.0,11.0,22.0,-121.0,21.0,13.0,-111.0,10.190971018811597,9.0,11.0,30000.0,10000.0,19000.0,0.0,24.937350644808003,16.5,19.0,0.0,10000.0,36975.61115644417,25000.0,0.0,26.24648372667036,17.0,20.0,0.0,122.0,10.173471586542048,9.0,11.0,1.0,11487.241636188008,10000.0,19000.0,1.0,16.5,16.895462072762946,19.0,1.0,18614.044292752253,10000.0,25000.0,1.0,18.232969699889445,17.0,20.0,1.0,0.0,211.0,1.0,3.0
11.0,22.0,11.0,21.0,-121.0,21.0,13.0,-111.0,9.997760061940097,9.0,11.0,30000.0,10000.0,19000.0,0.0,26.344993955833715,16.5,19.0,0.0,10000.0,36493.96912825335,25000.0,0.0,27.641225649481665,17.0,20.0,0.0,121.0,10.00169393166906,9.0,11.0,1.0,11925.363472293724,10000.0,19000.0,1.0,16.5,16.855400758535602,19.0,1.0,18348.99582700502,10000.0,25000.0,1.0,18.137592848161187,17.0,20.0,1.0,0.0,211.0,1.0,33.0
91.0,24.0,91.0,24.0,-721.0,911.0,11.0,-711.0,15.157132715828348,12.0,17.0,30000.0,18000.0,36000.0,1.0,24.049292268753824,20.0,25.0,1.0,18000.0,34019.28536966463,36000.0,1.0,24.541379064975494,20.0,26.0,1.0,722.0,15.362313139971365,12.0,17.0,1.0,25810.155497440945,18000.0,36000.0,1.0,20.0,23.606483919733737,25.0,1.0,29812.36058101732,18000.0,36000.0,1.0,24.096479552356236,20.0,26.0,1.0,1.0,91121.0,7.0,4.0
11.0,22.0,11.0,22.0,-121.0,11.0,11.0,-111.0,10.005458817087364,9.0,11.0,30000.0,10000.0,19000.0,0.0,23.551516580569647,16.5,19.0,0.0,10000.0,36493.10009832335,25000.0,0.0,24.851876362001757,17.0,20.0,0.0,121.0,10.01397044009056,9.0,11.0,1.0,14591.244756867054,10000.0,19000.0,1.0,16.5,17.44339352419967,19.0,1.0,20999.27100180225,10000.0,25000.0,1.0,18.726715740258967,17.0,20.0,1.0,0.0,111.0,1.0,55.0
11.0,22.0,11.0,22.0,-121.0,11.0,11.0,-111.0,10.176172031989179,9.0,11.0,30000.0,10000.0,19000.0,0.0,23.61991928977224,16.5,19.0,0.0,10000.0,37109.844153377206,25000.0,0.0,24.95935264512448,17.0,20.0,0.0,122.0,10.197452791790113,9.0,11.0,1.0,13170.107223019235,10000.0,19000.0,1.0,16.5,17.22640051216478,19.0,1.0,20063.368505012415,10000.0,25000.0,1.0,18.525031521379525,17.0,20.0,1.0,0.0,111.0,1.0,44.0
81.0,23.0,81.0,23.0,-721.0,912.0,12.0,-711.0,15.161304956233833,12.0,17.0,30000.0,12500.0,23000.0,0.0,26.536748209911284,20.0,24.0,0.0,12500.0,33977.55023350771,26000.0,0.0,27.02186168190229,20.0,25.0,0.0,722.0,15.430346285384873,12.0,17.0,1.0,17999.79784981649,12500.0,23000.0,1.0,20.0,22.216818487217022,24.0,1.0,21928.7757421497,12500.0,26000.0,1.0,22.696007936710114,20.0,25.0,1.0,0.0,912.0,7.0,31.0
11.0,22.0,11.0,22.0,-121.0,21.0,13.0,-111.0,9.999869667754755,9.0,11.0,30000.0,10000.0,19000.0,0.0,24.477979407946194,16.5,19.0,0.0,10000.0,36480.41071987193,25000.0,0.0,25.764165856350626,17.0,20.0,0.0,121.0,9.992894685036813,9.0,11.0,1.0,13303.994313604617,10000.0,19000.0,1.0,16.5,17.204507745165593,19.0,1.0,19791.379691962247,10000.0,25000.0,1.0,18.49207847484699,17.0,20.0,1.0,0.0,211.0,1.0,3.0
11.0,21.0,11.0,21.0,-121.0,21.0,12.0,-111.0,10.212046097661409,9.0,11.0,30000.0,10000.0,19000.0,0.0,25.570637832751498,16.5,19.0,0.0,10000.0,37055.29834209699,25000.0,0.0,26.903942552065057,17.0,20.0,0.0,122.0,10.18775252770759,9.0,11.0,1.0,15074.843350196941,10000.0,19000.0,1.0,16.5,17.528829552811505,19.0,1.0,22083.826058031704,10000.0,25000.0,1.0,18.85338158007073,17.0,20.0,1.0,0.0,211.0,1.0,6.0
11.0,22.0,11.0,22.0,-121.0,11.0,11.0,-111.0,10.004426956790013,9.0,11.0,30000.0,10000.0,19000.0,0.0,23.248025277613753,16.5,19.0,0.0,10000.0,36470.96541498074,25000.0,0.0,24.540304472539056,17.0,20.0,0.0,121.0,10.00193295932236,9.0,11.0,1.0,13524.884527148351,10000.0,19000.0,1.0,16.5,17.27359697409087,19.0,1.0,20003.998980276185,10000.0,25000.0,1.0,18.567503566441566,17.0,20.0,1.0,0.0,111.0,1.0,11.0
81.0,23.0,81.0,21.0,-721.0,912.0,12.0,-711.0,15.42116639149732,12.0,17.0,30000.0,12500.0,23000.0,0.0,26.059111346603558,20.0,24.0,0.0,12500.0,34518.01528314751,26000.0,0.0,26.62253954473546,20.0,25.0,0.0,721.0,14.98898921361493,12.0,17.0,1.0,17330.46809230081,12500.0,23000.0,1.0,20.0,21.61452344846433,24.0,1.0,21846.693283959183,12500.0,26000.0,1.0,22.17772840963066,20.0,25.0,1.0,0.0,912.0,7.0,30.0
81.0,21.0,81.0,21.0,-721.0,912.0,12.0,-711.0,15.257204562471363,12.0,17.0,30000.0,12500.0,23000.0,0.0,27.267129909464437,20.0,24.0,0.0,12500.0,34009.98482486831,26000.0,0.0,27.756281963352432,20.0,25.0,0.0,722.0,15.477817532968253,12.0,17.0,1.0,15368.41413857313,12500.0,23000.0,1.0,20.0,21.78144831089228,24.0,1.0,19373.948121301095,12500.0,26000.0,1.0,22.270057435400346,20.0,25.0,1.0,0.0,912.0,7.0,6.0
11.0,22.0,11.0,22.0,-121.0,11.0,12.0,-111.0,10.005472876063633,9.0,11.0,30000.0,10000.0,19000.0,0.0,24.145036301571885,16.5,19.0,0.0,10000.0,36522.47671095701,25000.0,0.0,25.452676363706384,17.0,20.0,0.0,121.0,9.99639998055461,9.0,11.0,1.0,14258.005077892965,10000.0,19000.0,1.0,16.5,17.390946845159654,19.0,1.0,20831.490836754027,10000.0,25000.0,1.0,18.708813310166335,17.0,20.0,1.0,0.0,111.0,1.0,42.0
11.0,22.0,11.0,22.0,-121.0,21.0,13.0,-111.0,10.168846329235526,9.0,11.0,30000.0,10000.0,19000.0,0.0,25.97903381361558,16.5,19.0,0.0,10000.0,36749.20411542976,25000.0,0.0,27.25675621178579,17.0,20.0,0.0,122.0,10.223187310592287,9.0,11.0,1.0,15594.995027836192,10000.0,19000.0,1.0,16.5,17.69133663813291,19.0,1.0,22664.51361406325,10000.0,25000.0,1.0,19.029699219470803,17.0,20.0,1.0,0.0,211.0,1.0,36.0
81.0,23.0,81.0,23.0,-721.0,912.0,12.0,-711.0,15.189967036946376,12.0,17.0,30000.0,12500.0,23000.0,0.0,26.79702141666543,20.0,24.0,0.0,12500.0,33987.2612732179,26000.0,0.0,27.282470172168146,20.0,25.0,0.0,722.0,15.117130349456604,12.0,17.0,1.0,15738.296218174724,12500.0,23000.0,1.0,20.0,21.54622881275116,24.0,1.0,19626.499144717218,12500.0,26000.0,1.0,22.019617222111343,20.0,25.0,1.0,0.0,912.0,7.0,31.0
81.0,21.0,81.0,23.0,-721.0,912.0,12.0,-711.0,14.503246576097373,12.0,17.0,30000.0,12500.0,23000.0,0.0,26.332322764354853,20.0,24.0,0.0,12500.0,34512.51634668643,26000.0,0.0,26.895468872908825,20.0,25.0,0.0,721.0,15.336904021201919,12.0,17.0,1.0,19918.61487355551,12500.0,23000.0,1.0,20.0,22.42140689474055,24.0,1.0,24453.931930416366,12500.0,26000.0,1.0,22.987398451426014,20.0,25.0,1.0,0.0,912.0,7.0,7.0
91.0,21.0,91.0,24.0,-721.0,911.0,11.0,-711.0,14.085797992047885,12.0,17.0,30000.0,18000.0,36000.0,1.0,24.235728310943582,20.0,25.0,1.0,18000.0,34553.84479142831,36000.0,1.0,24.810811097320684,20.0,26.0,1.0,721.0,15.036879199510564,12.0,17.0,1.0,24520.99611283969,18000.0,36000.0,1.0,20.0,23.113474625560073,25.0,1.0,29080.135949003747,18000.0,36000.0,1.0,23.6892260972394,20.0,26.0,1.0,1.0,91121.0,7.0,18.0
91.0,24.0,91.0,24.0,-721.0,911.0,12.0,-711.0,15.21315126259818,12.0,17.0,30000.0,18000.0,36000.0,1.0,24.620189039475846,20.0,25.0,1.0,18000.0,34044.05014981969,36000.0,1.0,25.111124515375998,20.0,26.0,1.0,722.0,15.201288503937182,12.0,17.0,1.0,30277.099281180737,18000.0,36000.0,1.0,20.0,23.900331813667563,25.0,1.0,34329.64663125553,18000.0,36000.0,1.0,24.392298824018702,20.0,26.0,1.0,1.0,91121.0,7.0,1.0
81.0,23.0,81.0,23.0,-721.0,912.0,12.0,-711.0,15.01621184211283,12.0,17.0,30000.0,12500.0,23000.0,0.0,27.218279334480172,20.0,24.0,0.0,12500.0,34043.370725547546,26000.0,0.0,27.711449161780852,20.0,25.0,0.0,722.0,15.233065865501432,12.0,17.0,1.0,19242.32128340021,12500.0,23000.0,1.0,20.0,22.19069520913251,24.0,1.0,23228.42301629052,12500.0,26000.0,1.0,22.67687993881649,20.0,25.0,1.0,0.0,912.0,7.0,5.0
91.0,24.0,91.0,21.0,-721.0,911.0,11.0,-711.0,15.29058247371423,12.0,17.0,30000.0,18000.0,36000.0,1.0,24.765489378320986,20.0,25.0,1.0,18000.0,34539.76741730964,36000.0,1.0,25.333014455319944,20.0,26.0,1.0,721.0,15.448537121719264,12.0,17.0,1.0,22203.91994740978,18000.0,36000.0,1.0,20.0,23.216671602108192,25.0,1.0,26725.900229070696,18000.0,36000.0,1.0,23.781973074988105,20.0,26.0,1.0,1.0,91121.0,7.0,15.0
91.0,24.0,91.0,24.0,-721.0,911.0,12.0,-711.0,15.060002415507814,12.0,17.0,30000.0,18000.0,36000.0,1.0,24.570350665393832,20.0,25.0,1.0,18000.0,34040.569017625596,36000.0,1.0,25.06247551404589,20.0,26.0,1.0,722.0,15.351642392237963,12.0,17.0,1.0,26857.70756339336,18000.0,36000.0,1.0,20.0,23.651128460381678,25.0,1.0,30886.170738310648,18000.0,36000.0,1.0,24.141778866700328,20.0,26.0,1.0,1.0,91121.0,7.0,32.0
11.0,22.0,11.0,22.0,-121.0,21.0,13.0,-111.0,10.214014696944473,9.0,11.0,30000.0,10000.0,19000.0,0.0,28.107544713466723,16.5,19.0,0.0,10000.0,36837.82308595951,25000.0,0.0,29.40250150525083,17.0,20.0,0.0,122.0,10.19825566865459,9.0,11.0,1.0,15382.546922309819,10000.0,19000.0,1.0,16.5,17.626915343207884,19.0,1.0,22422.226523302274,10000.0,25000.0,1.0,18.960100012756847,17.0,20.0,1.0,0.0,211.0,1.0,47.0
11.0,22.0,11.0,21.0,-121.0,11.0,12.0,-111.0,10.19053855091353,9.0,11.0,30000.0,10000.0,19000.0,0.0,24.29492939851003,16.5,19.0,0.0,10000.0,36951.02046075824,25000.0,0.0,25.606913246394253,17.0,20.0,0.0,122.0,10.23714046910375,9.0,11.0,1.0,14158.293702992654,10000.0,19000.0,1.0,16.5,17.389035043461433,19.0,1.0,21118.905029931244,10000.0,25000.0,1.0,18.70282913799748,17.0,20.0,1.0,0.0,111.0,1.0,46.0
11.0,21.0,11.0,22.0,-121.0,21.0,13.0,-111.0,10.164105944441335,9.0,11.0,30000.0,10000.0,19000.0,0.0,26.700809710118772,16.5,19.0,0.0,10000.0,36958.93639013081,25000.0,0.0,28.014986490196996,17.0,20.0,0.0,122.0,10.195317815451485,9.0,11.0,1.0,13918.765296282001,10000.0,19000.0,1.0,16.5,17.354466407346536,19.0,1.0,20834.312948553175,10000.0,25000.0,1.0,18.66044933873649,17.0,20.0,1.0,0.0,211.0,1.0,52.0
11.0,22.0,11.0,22.0,-121.0,21.0,12.0,-111.0,10.010489888149683,9.0,11.0,30000.0,10000.0,19000.0,0.0,23.73710702877886,16.5,19.0,0.0,10000.0,36534.72647424444,25000.0,0.0,25.036152025693188,17.0,20.0,0.0,121.0,9.980201994220957,9.0,11.0,1.0,16648.833247595576,10000.0,19000.0,1.0,16.5,17.839368742981954,19.0,1.0,23151.251750915428,10000.0,25000.0,1.0,19.13199120512678,17.0,20.0,1.0,0.0,211.0,1.0,48.0
11.0,21.0,11.0,22.0,-121.0,11.0,12.0,-111.0,10.18793173371323,9.0,11.0,30000.0,10000.0,19000.0,0.0,23.99348114539269,16.5,19.0,0.0,10000.0,37018.28187045033,25000.0,0.0,25.32577457905006,17.0,20.0,0.0,122.0,10.192776644584331,9.0,11.0,1.0,14417.7474530855,10000.0,19000.0,1.0,16.5,17.41699551458724,19.0,1.0,21530.11971080301,10000.0,25000.0,1.0,18.7671503005585,17.0,20.0,1.0,0.0,111.0,1.0,51.0
81.0,23.0,81.0,21.0,-721.0,912.0,12.0,-711.0,15.16534374192475,12.0,17.0,30000.0,12500.0,23000.0,0.0,27.08018182008295,20.0,24.0,0.0,12500.0,34038.45827269445,26000.0,0.0,27.573189351326906,20.0,25.0,0.0,722.0,15.321354523747875,12.0,17.0,1.0,14687.027353378702,12500.0,23000.0,1.0,20.0,21.506654425289675,24.0,1.0,18724.605116640567,12500.0,26000.0,1.0,21.999554465567456,20.0,25.0,1.0,0.0,912.0,7.0,11.0
11.0,22.0,11.0,22.0,-121.0,11.0,11.0,-111.0,10.203552005860603,9.0,11.0,30000.0,10000.0,19000.0,0.0,22.56773550767955,16.5,19.0,0.0,10000.0,36849.16603937346,25000.0,0.0,23.86336991049829,17.0,20.0,0.0,122.0,10.196206337802245,9.0,11.0,1.0,16654.978894575772,10000.0,19000.0,1.0,16.5,17.88608466792613,19.0,1.0,23540.525861890106,10000.0,25000.0,1.0,19.188601132236105,17.0,20.0,1.0,0.0,111.0,1.0,11.0
91.0,24.0,91.0,24.0,-721.0,911.0,11.0,-711.0,15.590308804080777,12.0,17.0,30000.0,18000.0,36000.0,1.0,25.31551977225525,20.0,25.0,0.0,18000.0,34521.60548372013,36000.0,1.0,25.87688509089872,20.0,26.0,1.0,721.0,14.818664883753597,12.0,17.0,1.0,28546.503132584876,18000.0,36000.0,1.0,20.0,23.372921783858125,25.0,1.0,33062.697028178794,18000.0,36000.0,1.0,23.93361524426368,20.0,26.0,1.0,0.0,91121.0,7.0,16.0
11.0,22.0,11.0,22.0,-121.0,21.0,12.0,-111.0,10.01419770126187,9.0,11.0,30000.0,10000.0,19000.0,0.0,25.318483383639148,16.5,19.0,0.0,10000.0,36453.04837765549,25000.0,0.0,26.61051902235596,17.0,20.0,0.0,121.0,10.008298432822043,9.0,11.0,1.0,14803.84657742084,10000.0,19000.0,1.0,16.5,17.46441207376475,19.0,1.0,21318.474036769607,10000.0,25000.0,1.0,18.768777136265623,17.0,20.0,1.0,0.0,211.0,1.0,23.0
11.0,22.0,11.0,22.0,-121.0,11.0,11.0,-111.0,10.006722665240638,9.0,11.0,30000.0,10000.0,19000.0,0.0,24.228171389662887,16.5,19.0,0.0,10000.0,36532.75226566133,25000.0,0.0,25.530572414533367,17.0,20.0,0.0,121.0,9.984048041862344,9.0,11.0,1.0,17107.31918552435,10000.0,19000.0,1.0,16.5,17.93292307922603,19.0,1.0,23625.298951956844,10000.0,25000.0,1.0,19.232378987344315,17.0,20.0,1.0,0.0,111.0,1.0,30.0
11.0,22.0,11.0,21.0,-121.0,21.0,13.0,-111.0,9.99268307109151,9.0,11.0,30000.0,10000.0,19000.0,0.0,26.162574839385016,16.5,19.0,0.0,10000.0,36515.979527896176,25000.0,0.0,27.459628666587708,17.0,20.0,0.0,121.0,10.000864197700201,9.0,11.0,1.0,14565.530231753242,10000.0,19000.0,1.0,16.5,17.385145659597086,19.0,1.0,21097.697454759127,10000.0,25000.0,1.0,18.685421767011945,17.0,20.0,1.0,0.0,211.0,1.0,2.0
11.0,21.0,11.0,22.0,-121.0,21.0,13.0,-111.0,10.215571642151193,9.0,11.0,30000.0,10000.0,19000.0,0.0,27.403242501905098,16.5,19.0,0.0,10000.0,36921.44806098103,25000.0,0.0,28.70649326718688,17.0,20.0,0.0,122.0,10.198679341229324,9.0,11.0,1.0,15538.460854830468,10000.0,19000.0,1.0,16.5,17.655967158159797,19.0,1.0,22612.298915319378,10000.0,25000.0,1.0,18.987911685459316,17.0,20.0,1.0,0.0,211.0,1.0,24.0
11.0,22.0,11.0,21.0,-121.0,11.0,12.0,-111.0,10.195981297368126,9.0,11.0,30000.0,10000.0,19000.0,0.0,24.818459535806497,16.5,19.0,0.0,10000.0,37038.119672640285,25000.0,0.0,26.148902546318233,17.0,20.0,0.0,122.0,10.176363659046329,9.0,11.0,1.0,13788.285690479872,10000.0,19000.0,1.0,16.5,17.282768204331592,19.0,1.0,20824.844152067788,10000.0,25000.0,1.0,18.612916093073714,17.0,20.0,1.0,0.0,111.0,1.0,46.0
11.0,22.0,11.0,22.0,-121.0,21.0,12.0,-111.0,10.000893294923413,9.0,11.0,30000.0,10000.0,19000.0,0.0,25.13290738405186,16.5,19.0,0.0,10000.0,36583.925293371765,25000.0,0.0,26.452970549578346,17.0,20.0,0.0,121.0,9.998249330280554,9.0,11.0,1.0,15189.217003136373,10000.0,19000.0,1.0,16.5,17.569105982501398,19.0,1.0,21698.735837444365,10000.0,25000.0,1.0,18.87425080957313,17.0,20.0,1.0,0.0,211.0,1.0,23.0
11.0,22.0,11.0,22.0,-121.0,11.0,11.0,-111.0,10.205012941859238,9.0,11.0,30000.0,10000.0,19000.0,0.0,25.121633276946227,16.5,19.0,0.0,10000.0,36983.23101338038,25000.0,0.0,26.440783863441858,17.0,20.0,0.0,122.0,10.182521606482732,9.0,11.0,1.0,16946.882892637335,10000.0,19000.0,1.0,16.5,17.858976153942223,19.0,1.0,23775.512547467435,10000.0,25000.0,1.0,19.148922139814754,17.0,20.0,1.0,0.0,111.0,1.0,44.0
11.0,22.0,11.0,22.0,-121.0,21.0,13.0,-111.0,10.200227426799993,9.0,11.0,30000.0,10000.0,19000.0,0.0,25.679342818239093,16.5,19.0,0.0,10000.0,36902.66269406685,25000.0,0.0,26.975420184041436,17.0,20.0,0.0,122.0,10.198624629215315,9.0,11.0,1.0,14684.467130008252,10000.0,19000.0,1.0,16.5,17.483554133270594,19.0,1.0,21675.613672354153,10000.0,25000.0,1.0,18.79624565480912,17.0,20.0,1.0,0.0,211.0,1.0,47.0
11.0,22.0,11.0,22.0,-121.0,11.0,11.0,-111.0,10.201866366420337,9.0,11.0,30000.0,10000.0,19000.0,0.0,23.245392485942,16.5,19.0,0.0,10000.0,37087.57105335419,25000.0,0.0,24.579863640598667,17.0,20.0,0.0,122.0,10.214834468314491,9.0,11.0,1.0,17890.251533804952,10000.0,19000.0,1.0,16.5,18.145263949364054,19.0,1.0,24998.61593025865,10000.0,25000.0,1.0,19.483650142948203,17.0,20.0,1.0,0.0,111.0,1.0,15.0
11.0,22.0,11.0,22.0,-121.0,11.0,11.0,-111.0,10.19959697763797,9.0,11.0,30000.0,10000.0,19000.0,0.0,23.74486028920028,16.5,19.0,0.0,10000.0,36996.26520153843,25000.0,0.0,25.06499565442183,17.0,20.0,0.0,122.0,10.193552551626269,9.0,11.0,1.0,18149.521403275583,10000.0,19000.0,1.0,16.5,18.1422898472439,19.0,1.0,25199.73789320099,10000.0,25000.0,0.0,19.472605358836013,17.0,20.0,1.0,0.0,111.0,1.0,50.0
11.0,22.0,11.0,22.0,-121.0,21.0,13.0,-111.0,10.19749473255622,9.0,11.0,30000.0,10000.0,19000.0,0.0,24.451521042452477,16.5,19.0,0.0,10000.0,36786.59920387564,25000.0,0.0,25.736039520165974,17.0,20.0,0.0,122.0,10.18559758224759,9.0,11.0,1.0,15792.917245712535,10000.0,19000.0,1.0,16.5,17.711227717195406,19.0,1.0,22809.85768793316,10000.0,25000.0,1.0,19.039343520748414,17.0,20.0,1.0,0.0,211.0,1.0,22.0
11.0,22.0,11.0,22.0,-121.0,11.0,12.0,-111.0,10.204495048846118,9.0,11.0,30000.0,10000.0,19000.0,0.0,24.006806171398573,16.5,19.0,0.0,10000.0,37021.840071433544,25000.0,0.0,25.331184792922357,17.0,20.0,0.0,122.0,10.211036953820695,9.0,11.0,1.0,15053.260763247255,10000.0,19000.0,1.0,16.5,17.5615071507368,19.0,1.0,21915.76237965597,10000.0,25000.0,1.0,18.85583318757128,17.0,20.0,1.0,0.0,111.0,1.0,40.0
11.0,22.0,11.0,22.0,-121.0,11.0,11.0,-111.0,10.20394431438521,9.0,11.0,30000.0,10000.0,19000.0,0.0,24.48994532698851,16.5,19.0,0.0,10000.0,36982.81057945532,25000.0,0.0,25.80340726767895,17.0,20.0,0.0,122.0,10.187738869659887,9.0,11.0,1.0,15101.358795852611,10000.0,19000.0,1.0,16.5,17.53927974013769,19.0,1.0,22109.415028571086,10000.0,25000.0,1.0,18.857490371108597,17.0,20.0,1.0,0.0,111.0,1.0,11.0
91.0,24.0,91.0,21.0,-721.0,911.0,12.0,-711.0,15.131280196623555,12.0,17.0,30000.0,18000.0,36000.0,1.0,25.285907045994257,20.0,25.0,0.0,18000.0,34127.93826184407,36000.0,1.0,25.79025893402029,20.0,26.0,1.0,722.0,15.210781726380038,12.0,17.0,1.0,24081.75636830193,18000.0,36000.0,1.0,20.0,23.092218154731874,25.0,1.0,28113.393318656454,18000.0,36000.0,1.0,23.58480393939389,20.0,26.0,1.0,0.0,91121.0,7.0,29.0
91.0,24.0,91.0,24.0,-721.0,911.0,12.0,-711.0,15.248858543960173,12.0,17.0,30000.0,18000.0,36000.0,1.0,24.508632027410584,20.0,25.0,1.0,18000.0,33996.40424694903,36000.0,1.0,24.997368182632336,20.0,26.0,1.0,722.0,15.134392139092997,12.0,17.0,1.0,26748.20956684276,18000.0,36000.0,1.0,20.0,23.419558442507224,25.0,1.0,30743.95341808276,18000.0,36000.0,1.0,23.90821383531361,20.0,26.0,1.0,1.0,91121.0,7.0,24.0
11.0,22.0,11.0,22.0,-121.0,21.0,13.0,-111.0,10.19660358175172,9.0,11.0,30000.0,10000.0,19000.0,0.0,26.849064418108668,16.5,19.0,0.0,10000.0,37085.39902714648,25000.0,0.0,28.187455971938334,17.0,20.0,0.0,122.0,10.2295977397822,9.0,11.0,1.0,13350.241417481931,10000.0,19000.0,1.0,16.5,17.249999516060193,19.0,1.0,20501.13750854762,10000.0,25000.0,1.0,18.600763092526023,17.0,20.0,1.0,0.0,211.0,1.0,28.0
11.0,22.0,11.0,21.0,-121.0,11.0,11.0,-111.0,10.00921296969494,9.0,11.0,30000.0,10000.0,19000.0,0.0,23.58197265788989,16.5,19.0,0.0,10000.0,36536.39994677154,25000.0,0.0,24.88638779029304,17.0,20.0,0.0,121.0,10.004852282165956,9.0,11.0,1.0,14260.776321987256,10000.0,19000.0,1.0,16.5,17.342199557844218,19.0,1.0,20690.888176986355,10000.0,25000.0,1.0,18.625403657196873,17.0,20.0,1.0,0.0,111.0,1.0,0.0
11.0,22.0,11.0,22.0,-121.0,21.0,13.0,-111.0,10.19361682214586,9.0,11.0,30000.0,10000.0,19000.0,0.0,26.965204159800304,16.5,19.0,0.0,10000.0,36917.109683418115,25000.0,0.0,28.264865809044935,17.0,20.0,0.0,122.0,10.236526963624067,9.0,11.0,1.0,13247.519464090707,10000.0,19000.0,1.0,16.5,17.268129923888218,19.0,1.0,20144.00501207731,10000.0,25000.0,1.0,18.56391648670283,17.0,20.0,1.0,0.0,211.0,1.0,8.0
11.0,21.0,11.0,22.0,-121.0,11.0,11.0,-111.0,10.206797503164653,9.0,11.0,30000.0,10000.0,19000.0,0.0,25.18813058374021,16.5,19.0,0.0,10000.0,36996.30010031671,25000.0,0.0,26.510531849822833,17.0,20.0,0.0,122.0,10.208481252714003,9.0,11.0,1.0,17672.69534663644,10000.0,19000.0,1.0,16.5,18.07382213924422,19.0,1.0,24666.51262743227,10000.0,25000.0,1.0,19.39575411675563,17.0,20.0,1.0,0.0,111.0,1.0,43.0
11.0,21.0,11.0,22.0,-121.0,11.0,12.0,-111.0,9.981670226627095,9.0,11.0,30000.0,10000.0,19000.0,0.0,25.177415386568697,16.5,19.0,0.0,10000.0,36489.24901497716,25000.0,0.0,26.482406904176564,17.0,20.0,0.0,121.0,9.993760538483572,9.0,11.0,1.0,13661.753662320245,10000.0,19000.0,1.0,16.5,17.27029252268531,19.0,1.0,20104.815513944282,10000.0,25000.0,1.0,18.565995776541996,17.0,20.0,1.0,0.0,111.0,1.0,51.0
91.0,21.0,91.0,24.0,-721.0,911.0,12.0,-711.0,14.678542685203727,12.0,17.0,30000.0,18000.0,36000.0,1.0,24.5668492956899,20.0,25.0,1.0,18000.0,34509.747971668396,36000.0,1.0,25.12914308206714,20.0,26.0,1.0,721.0,14.729575425225743,12.0,17.0,1.0,28278.336042523024,18000.0,36000.0,1.0,20.0,23.298274344628183,25.0,1.0,32809.93589416601,18000.0,36000.0,1.0,23.863292712602348,20.0,26.0,1.0,1.0,91121.0,7.0,19.0
91.0,24.0,91.0,24.0,-721.0,911.0,12.0,-711.0,15.357814519918795,12.0,17.0,30000.0,18000.0,36000.0,1.0,24.521656687050335,20.0,25.0,1.0,18000.0,34502.32417855016,36000.0,1.0,25.085001696054203,20.0,26.0,1.0,721.0,15.106013620497917,12.0,17.0,1.0,26736.73359603186,18000.0,36000.0,1.0,20.0,23.547494031036518,25.0,1.0,31239.677118911408,18000.0,36000.0,1.0,24.110916534357315,20.0,26.0,1.0,1.0,91121.0,7.0,24.0
11.0,22.0,11.0,22.0,-121.0,21.0,13.0,-111.0,10.185276989027715,9.0,11.0,30000.0,10000.0,19000.0,0.0,26.133710792822413,16.5,19.0,0.0,10000.0,37082.27778417134,25000.0,0.0,27.4794318370731,17.0,20.0,0.0,122.0,10.207448160476709,9.0,11.0,1.0,12722.707634256993,10000.0,19000.0,1.0,16.5,17.173498061627868,19.0,1.0,19891.216173619996,10000.0,25000.0,1.0,18.53560402404463,17.0,20.0,1.0,0.0,211.0,1.0,3.0
11.0,22.0,11.0,22.0,-121.0,21.0,13.0,-111.0,10.015758231040722,9.0,11.0,30000.0,10000.0,19000.0,0.0,24.99847599527336,16.5,19.0,0.0,10000.0,36491.28251842648,25000.0,0.0,26.291746295916653,17.0,20.0,0.0,121.0,10.002912402008478,9.0,11.0,1.0,13272.57240568634,10000.0,19000.0,1.0,16.5,17.14811558286191,19.0,1.0,19729.72626257203,10000.0,25000.0,1.0,18.4345863667308,17.0,20.0,1.0,0.0,211.0,1.0,21.0
11.0,21.0,11.0,22.0,-121.0,21.0,13.0,-111.0,9.996307518178194,9.0,11.0,30000.0,10000.0,19000.0,0.0,26.557797409234617,16.5,19.0,0.0,10000.0,36533.793847812965,25000.0,0.0,27.86708520618263,17.0,20.0,0.0,121.0,10.007962464794014,9.0,11.0,1.0,11416.86891716087,10000.0,19000.0,1.0,16.5,16.818678597202744,19.0,1.0,17937.964688781165,10000.0,25000.0,1.0,18.12542186388381,17.0,20.0,1.0,0.0,211.0,1.0,59.0
11.0,22.0,11.0,21.0,-121.0,21.0,13.0,-111.0,10.188721362983573,9.0,11.0,30000.0,10000.0,19000.0,0.0,25.48734618852805,16.5,19.0,0.0,10000.0,36936.90071854484,25000.0,0.0,26.792063259372863,17.0,20.0,0.0,122.0,10.198267191582172,9.0,11.0,1.0,13459.843130217438,10000.0,19000.0,1.0,16.5,17.218021573445874,19.0,1.0,20421.68349716396,10000.0,25000.0,1.0,18.527429382464803,17.0,20.0,1.0,0.0,211.0,1.0,33.0
11.0,21.0,11.0,21.0,-121.0,11.0,11.0,-111.0,10.230419154082792,9.0,11.0,30000.0,10000.0,19000.0,0.0,25.615543750398025,16.5,19.0,0.0,10000.0,36937.46219734415,25000.0,0.0,26.922655199030064,17.0,20.0,0.0,122.0,10.194727174334682,9.0,11.0,1.0,14666.990979767615,10000.0,19000.0,1.0,16.5,17.455844325819854,19.0,1.0,21653.295361790642,10000.0,25000.0,1.0,18.772158300815843,17.0,20.0,1.0,0.0,111.0,1.0,56.0
11.0,22.0,11.0,22.0,-121.0,11.0,11.0,-111.0,10.201532368484886,9.0,11.0,30000.0,10000.0,19000.0,0.0,25.180768584478816,16.5,19.0,0.0,10000.0,37024.83851893247,25000.0,0.0,26.502956042518,17.0,20.0,0.0,122.0,10.219601801636406,9.0,11.0,1.0,14764.047606989652,10000.0,19000.0,1.0,16.5,17.51440603451634,19.0,1.0,21724.0081306875,10000.0,25000.0,1.0,18.824382411635906,17.0,20.0,1.0,0.0,111.0,1.0,55.0
92.0,24.0,92.0,24.0,-721.0,921.0,13.0,-711.0,14.915297225664043,12.0,17.0,30000.0,15000.0,28000.0,0.0,23.83449051530533,19.5,25.0,1.0,15000.0,34496.044670161464,28000.0,0.0,24.397211311997836,20.0,26.0,1.0,721.0,13.910645974275656,12.0,17.0,1.0,20958.315944172515,15000.0,28000.0,1.0,19.5,20.489308482636485,25.0,1.0,25374.143389872697,15000.0,28000.0,1.0,21.041989365633984,20.0,26.0,1.0,0.0,92122.0,7.0,20.0
11.0,22.0,11.0,21.0,-121.0,21.0,13.0,-111.0,10.211459300335159,9.0,11.0,30000.0,10000.0,19000.0,0.0,26.47609269136987,16.5,19.0,0.0,10000.0,36964.653600909965,25000.0,0.0,27.79233548582572,17.0,20.0,0.0,122.0,10.215847394392725,9.0,11.0,1.0,12376.607658431936,10000.0,19000.0,1.0,16.5,17.03277016672105,19.0,1.0,19428.39177471674,10000.0,25000.0,1.0,18.365479668584197,17.0,20.0,1.0,0.0,211.0,1.0,20.0
11.0,22.0,11.0,22.0,-121.0,21.0,12.0,-111.0,10.21471856634707,9.0,11.0,30000.0,10000.0,19000.0,0.0,24.40305695337578,16.5,19.0,0.0,10000.0,37054.54118035463,25000.0,0.0,25.74280362951049,17.0,20.0,0.0,122.0,10.202075957838918,9.0,11.0,1.0,13161.25147843225,10000.0,19000.0,1.0,16.5,17.24662661322271,19.0,1.0,20294.85493134087,10000.0,25000.0,1.0,18.60138821579329,17.0,20.0,1.0,0.0,211.0,1.0,25.0
91.0,24.0,91.0,24.0,-721.0,911.0,12.0,-711.0,15.25982175051947,12.0,17.0,30000.0,18000.0,36000.0,1.0,24.415445707440774,20.0,25.0,1.0,18000.0,34074.82186498519,36000.0,1.0,24.914974772547453,20.0,26.0,1.0,722.0,15.071816595776363,12.0,17.0,1.0,26174.41881447233,18000.0,36000.0,1.0,20.0,23.22916328112839,25.0,1.0,30214.843926632304,18000.0,36000.0,1.0,23.72447567656194,20.0,26.0,1.0,1.0,91121.0,7.0,8.0
91.0,24.0,91.0,24.0,-721.0,911.0,12.0,-711.0,14.43875454760573,12.0,17.0,30000.0,18000.0,36000.0,1.0,24.21032975684767,20.0,25.0,1.0,18000.0,34515.7610633095,36000.0,1.0,24.77266393718008,20.0,26.0,1.0,721.0,14.37756473444545,12.0,17.0,1.0,26301.827732818645,18000.0,36000.0,1.0,20.0,22.618641052108664,25.0,1.0,30814.541068425067,18000.0,36000.0,1.0,23.180595708051772,20.0,26.0,1.0,1.0,91121.0,7.0,13.0
11.0,21.0,11.0,22.0,-121.0,11.0,11.0,-111.0,10.20923038351044,9.0,11.0,30000.0,10000.0,19000.0,0.0,23.736419874575077,16.5,19.0,0.0,10000.0,36986.31503687569,25000.0,0.0,25.056308394867933,17.0,20.0,0.0,122.0,10.214911294647862,9.0,11.0,1.0,17706.020283534985,10000.0,19000.0,1.0,16.5,18.069036136749688,19.0,1.0,24556.833463263854,10000.0,25000.0,1.0,19.36332498900833,17.0,20.0,1.0,0.0,111.0,1.0,35.0
11.0,22.0,11.0,22.0,-121.0,21.0,12.0,-111.0,10.196150184705251,9.0,11.0,30000.0,10000.0,19000.0,0.0,23.373317462655017,16.5,19.0,0.0,10000.0,36974.835337737895,25000.0,0.0,24.68771472981022,17.0,20.0,0.0,122.0,10.19820717102676,9.0,11.0,1.0,13816.522189525977,10000.0,19000.0,1.0,16.5,17.347362301126147,19.0,1.0,20787.09352849495,10000.0,25000.0,1.0,18.660956024103225,17.0,20.0,1.0,0.0,211.0,1.0,48.0
11.0,22.0,11.0,21.0,-121.0,11.0,12.0,-111.0,10.005700108054793,9.0,11.0,30000.0,10000.0,19000.0,0.0,24.629994497570813,16.5,19.0,0.0,10000.0,36469.46321539934,25000.0,0.0,25.923859785168418,17.0,20.0,0.0,121.0,10.005134490120541,9.0,11.0,1.0,14812.560665900875,10000.0,19000.0,1.0,16.5,17.42324731035832,19.0,1.0,21353.3359566359,10000.0,25000.0,1.0,18.73137471148704,17.0,20.0,1.0,0.0,111.0,1.0,10.0
11.0,22.0,11.0,22.0,-121.0,21.0,12.0,-111.0,10.197187806836748,9.0,11.0,30000.0,10000.0,19000.0,0.0,25.440911065514648,16.5,19.0,0.0,10000.0,37031.27297731432,25000.0,0.0,26.76702393044972,17.0,20.0,0.0,122.0,10.216021459384988,9.0,11.0,1.0,16956.173948741634,10000.0,19000.0,1.0,16.5,17.935670015026993,19.0,1.0,23829.12243611984,10000.0,25000.0,1.0,19.231922548324256,17.0,20.0,1.0,0.0,211.0,1.0,23.0
11.0,22.0,11.0,21.0,-121.0,11.0,12.0,-111.0,10.19493568087088,9.0,11.0,30000.0,10000.0,19000.0,0.0,23.533644404583512,16.5,19.0,0.0,10000.0,36981.43512098566,25000.0,0.0,24.861765044449008,17.0,20.0,0.0,122.0,10.211311462069755,9.0,11.0,1.0,12914.959143154469,10000.0,19000.0,1.0,16.5,17.162094097699473,19.0,1.0,19810.214384939238,10000.0,25000.0,1.0,18.473820217767205,17.0,20.0,1.0,0.0,111.0,1.0,45.0
11.0,22.0,11.0,22.0,-121.0,11.0,11.0,-111.0,10.009578843559604,9.0,11.0,30000.0,10000.0,19000.0,0.0,24.28971512510482,16.5,19.0,0.0,10000.0,36553.884504092704,25000.0,0.0,25.596850698402633,17.0,20.0,0.0,121.0,10.006199841061962,9.0,11.0,1.0,15188.968826486735,10000.0,19000.0,1.0,16.5,17.56335770508758,19.0,1.0,21639.46045522076,10000.0,25000.0,1.0,18.849872148226254,17.0,20.0,1.0,0.0,111.0,1.0,38.0
81.0,23.0,81.0,21.0,-721.0,912.0,12.0,-711.0,14.093927465610598,12.0,17.0,30000.0,12500.0,23000.0,0.0,24.61146658604784,20.0,24.0,0.0,12500.0,34498.215609939965,26000.0,0.0,25.172109830646693,20.0,25.0,0.0,721.0,14.432957236394737,12.0,17.0,1.0,13478.27593081334,12500.0,23000.0,1.0,20.0,20.50844177290584,24.0,1.0,17997.75023641157,12500.0,26000.0,1.0,21.07173463351764,20.0,25.0,1.0,0.0,912.0,7.0,30.0
11.0,22.0,11.0,22.0,-121.0,21.0,13.0,-111.0,10.179904264339957,9.0,11.0,30000.0,10000.0,19000.0,0.0,25.555580349582605,16.5,19.0,0.0,10000.0,36974.553594973564,25000.0,0.0,26.87600167467105,17.0,20.0,0.0,122.0,10.197231711938889,9.0,11.0,1.0,14152.313024335426,10000.0,19000.0,1.0,16.5,17.4274000301015,19.0,1.0,21089.485981372025,10000.0,25000.0,1.0,18.740744459040926,17.0,20.0,1.0,0.0,211.0,1.0,31.0
11.0,22.0,11.0,22.0,-121.0,21.0,13.0,-111.0,10.187656743422805,9.0,11.0,30000.0,10000.0,19000.0,0.0,25.99736184177797,16.5,19.0,0.0,10000.0,36977.063321858135,25000.0,0.0,27.315371616843596,17.0,20.0,0.0,122.0,10.19024335460964,9.0,11.0,1.0,12324.72687802235,10000.0,19000.0,1.0,16.5,17.08011438844445,19.0,1.0,19205.385202013676,10000.0,25000.0,1.0,18.37991267198533,17.0,20.0,1.0,0.0,211.0,1.0,47.0
91.0,24.0,91.0,24.0,-721.0,911.0,12.0,-711.0,15.18048057843061,12.0,17.0,30000.0,18000.0,36000.0,1.0,25.25532583885827,20.0,25.0,0.0,18000.0,34013.77816884438,36000.0,1.0,25.746760162477866,20.0,26.0,1.0,722.0,15.174727184915401,12.0,17.0,1.0,27299.884853080068,18000.0,36000.0,1.0,20.0,23.47984273205706,25.0,1.0,31232.89518681764,18000.0,36000.0,1.0,23.961388097008232,20.0,26.0,1.0,0.0,91121.0,7.0,32.0
11.0,21.0,11.0,21.0,-121.0,21.0,13.0,-111.0,9.986378397512093,9.0,11.0,30000.0,10000.0,19000.0,0.0,26.501074443250936,16.5,19.0,0.0,10000.0,36498.64360395168,25000.0,0.0,27.81491393756422,17.0,20.0,0.0,121.0,9.998081522050228,9.0,11.0,1.0,11908.923153546448,10000.0,19000.0,1.0,16.5,16.894248764979213,19.0,1.0,18359.427446858805,10000.0,25000.0,1.0,18.198355870289276,17.0,20.0,1.0,0.0,211.0,1.0,34.0
11.0,22.0,11.0,21.0,-121.0,11.0,12.0,-111.0,9.990480516874555,9.0,11.0,30000.0,10000.0,19000.0,0.0,23.244184103417545,16.5,19.0,0.0,10000.0,36445.635109778304,25000.0,0.0,24.533305754038683,17.0,20.0,0.0,121.0,9.997948993396845,9.0,11.0,1.0,13984.791893905744,10000.0,19000.0,1.0,16.5,17.268383162449204,19.0,1.0,20412.113539027676,10000.0,25000.0,1.0,18.553842135400206,17.0,20.0,1.0,0.0,111.0,1.0,46.0
11.0,22.0,11.0,21.0,-121.0,21.0,13.0,-111.0,9.99449473668208,9.0,11.0,30000.0,10000.0,19000.0,0.0,25.955708278555612,16.5,19.0,0.0,10000.0,36538.270794075164,25000.0,0.0,27.2672534358774,17.0,20.0,0.0,121.0,10.01389637883667,9.0,11.0,1.0,13015.794433951698,10000.0,19000.0,1.0,16.5,17.12422647032141,19.0,1.0,19491.68998620594,10000.0,25000.0,1.0,18.42325945907087,17.0,20.0,1.0,0.0,211.0,1.0,33.0
91.0,24.0,91.0,24.0,-721.0,911.0,12.0,-711.0,15.072755225229757,12.0,17.0,30000.0,18000.0,36000.0,1.0,24.59249411226207,20.0,25.0,1.0,18000.0,34531.94568887618,36000.0,1.0,25.15537520641858,20.0,26.0,1.0,721.0,15.170685002221422,12.0,17.0,1.0,26786.16771115092,18000.0,36000.0,1.0,20.0,23.52337169829319,25.0,1.0,31339.09532690635,18000.0,36000.0,1.0,24.08885880999053,20.0,26.0,1.0,1.0,91121.0,7.0,24.0
11.0,21.0,11.0,21.0,-121.0,21.0,12.0,-111.0,10.189883887402921,9.0,11.0,30000.0,10000.0,19000.0,0.0,24.044113032301123,16.5,19.0,0.0,10000.0,37142.58338576632,25000.0,0.0,25.389097820965176,17.0,20.0,0.0,122.0,10.184483476075755,9.0,11.0,1.0,12352.176287014274,10000.0,19000.0,1.0,16.5,17.02047061349058,19.0,1.0,19458.428305873655,10000.0,25000.0,1.0,18.35861402093414,17.0,20.0,1.0,0.0,211.0,1.0,6.0
11.0,22.0,11.0,21.0,-121.0,21.0,13.0,-111.0,10.014862765414199,9.0,11.0,30000.0,10000.0,19000.0,0.0,26.370893769745372,16.5,19.0,0.0,10000.0,36515.84576895521,25000.0,0.0,27.677216543000956,17.0,20.0,0.0,121.0,9.993946993732786,9.0,11.0,1.0,11802.917308651988,10000.0,19000.0,1.0,16.5,16.859591850669762,19.0,1.0,18307.147182559085,10000.0,25000.0,1.0,18.163585822911458,17.0,20.0,1.0,0.0,211.0,1.0,2.0
11.0,22.0,11.0,22.0,-121.0,11.0,12.0,-111.0,10.000854323885495,9.0,11.0,30000.0,10000.0,19000.0,0.0,24.468993243884732,16.5,19.0,0.0,10000.0,36491.9340727683,25000.0,0.0,25.77096156559223,17.0,20.0,0.0,121.0,9.995053732515279,9.0,11.0,1.0,15662.083538552766,10000.0,19000.0,1.0,16.5,17.695490160078215,19.0,1.0,22206.124340103477,10000.0,25000.0,1.0,19.00790857407902,17.0,20.0,1.0,0.0,111.0,1.0,40.0
11.0,22.0,11.0,22.0,-121.0,21.0,13.0,-111.0,10.20312668497326,9.0,11.0,30000.0,10000.0,19000.0,0.0,24.635426761242037,16.5,19.0,0.0,10000.0,36938.07458419806,25000.0,0.0,25.93558355738284,17.0,20.0,0.0,122.0,10.202334602420114,9.0,11.0,1.0,16233.736749553147,10000.0,19000.0,1.0,16.5,17.763186850125898,19.0,1.0,23127.169849355618,10000.0,25000.0,1.0,19.054978079044503,17.0,20.0,1.0,0.0,211.0,1.0,41.0
11.0,21.0,11.0,22.0,-121.0,11.0,11.0,-111.0,10.18758013245705,9.0,11.0,30000.0,10000.0,19000.0,0.0,25.11980352450345,16.5,19.0,0.0,10000.0,36995.60948253486,25000.0,0.0,26.445596085007573,17.0,20.0,0.0,122.0,10.205209190662973,9.0,11.0,1.0,15545.128436263214,10000.0,19000.0,1.0,16.5,17.670823020985857,19.0,1.0,22654.255115710734,10000.0,25000.0,1.0,19.01812911158794,17.0,20.0,1.0,0.0,111.0,1.0,29.0
81.0,23.0,81.0,21.0,-721.0,912.0,11.0,-711.0,15.097551252110184,12.0,17.0,30000.0,12500.0,23000.0,0.0,27.06149467631232,20.0,24.0,0.0,12500.0,34468.34518149921,26000.0,0.0,27.620474030982464,20.0,25.0,0.0,721.0,14.952789686196489,12.0,17.0,1.0,12220.712728390092,12500.0,23000.0,0.0,20.0,20.932860913207655,24.0,1.0,16735.36991039098,12500.0,26000.0,1.0,21.497633788991855,20.0,25.0,1.0,0.0,912.0,7.0,12.0
11.0,22.0,11.0,22.0,-121.0,11.0,11.0,-111.0,10.208234759350638,9.0,11.0,30000.0,10000.0,19000.0,0.0,24.810588749506945,16.5,19.0,0.0,10000.0,36977.08219208262,25000.0,0.0,26.127571366779517,17.0,20.0,0.0,122.0,10.196698466395741,9.0,11.0,1.0,16467.255335928796,10000.0,19000.0,1.0,16.5,17.872284471701803,19.0,1.0,23486.721172551017,10000.0,25000.0,1.0,19.197267356361028,17.0,20.0,1.0,0.0,111.0,1.0,57.0
91.0,24.0,91.0,24.0,-721.0,911.0,12.0,-711.0,16.002132428066417,12.0,17.0,30000.0,18000.0,36000.0,1.0,25.069405901376058,20.0,25.0,0.0,18000.0,34399.97933791338,36000.0,1.0,25.61970352182914,20.0,26.0,1.0,721.0,14.930577381133347,12.0,17.0,1.0,27627.79159391685,18000.0,36000.0,1.0,20.0,23.420971382735473,25.0,1.0,32141.97992819272,18000.0,36000.0,1.0,23.985552920022222,20.0,26.0,1.0,0.0,91121.0,7.0,8.0
11.0,22.0,11.0,22.0,-121.0,11.0,11.0,-111.0,9.99875836995154,9.0,11.0,30000.0,10000.0,19000.0,0.0,24.560845559424436,16.5,19.0,0.0,10000.0,36464.38144908277,25000.0,0.0,25.85463414000633,17.0,20.0,0.0,121.0,10.008682212065008,9.0,11.0,1.0,12322.922498117287,10000.0,19000.0,1.0,16.5,17.009167389187567,19.0,1.0,18862.95917904906,10000.0,25000.0,1.0,18.31809769304159,17.0,20.0,1.0,0.0,111.0,1.0,57.0
11.0,22.0,11.0,21.0,-121.0,11.0,12.0,-111.0,9.986065954258693,9.0,11.0,30000.0,10000.0,19000.0,0.0,23.811970175428627,16.5,19.0,0.0,10000.0,36434.480878468894,25000.0,0.0,25.093869371970538,17.0,20.0,0.0,121.0,9.991780001517855,9.0,11.0,1.0,13908.633674274997,10000.0,19000.0,1.0,16.5,17.270858123735984,19.0,1.0,20469.545119080205,10000.0,25000.0,1.0,18.577945248327723,17.0,20.0,1.0,0.0,111.0,1.0,45.0
11.0,22.0,11.0,21.0,-121.0,11.0,11.0,-111.0,9.999810343826917,9.0,11.0,30000.0,10000.0,19000.0,0.0,25.315604294549164,16.5,19.0,0.0,10000.0,36402.1164841272,25000.0,0.0,26.59836562508418,17.0,20.0,0.0,121.0,9.995131097859549,9.0,11.0,1.0,11011.968670710854,10000.0,19000.0,1.0,16.5,16.688434390817402,19.0,1.0,17473.53472346993,10000.0,25000.0,1.0,17.98310734588269,17.0,20.0,1.0,0.0,111.0,1.0,39.0
11.0,22.0,11.0,22.0,-121.0,21.0,13.0,-111.0,10.026177767347868,9.0,11.0,30000.0,10000.0,19000.0,0.0,25.439165559292075,16.5,19.0,0.0,10000.0,36474.74605430785,25000.0,0.0,26.733032221090067,17.0,20.0,0.0,121.0,9.98319456699944,9.0,11.0,1.0,14333.111717228208,10000.0,19000.0,1.0,16.5,17.395877027707574,19.0,1.0,20907.23700864926,10000.0,25000.0,1.0,18.709602921156844,17.0,20.0,1.0,0.0,211.0,1.0,16.0
81.0,23.0,81.0,23.0,-721.0,912.0,12.0,-711.0,16.017651028538545,12.0,17.0,30000.0,12500.0,23000.0,0.0,28.48971033992089,20.0,24.0,0.0,12500.0,34572.395526864566,26000.0,0.0,29.063448347171164,20.0,25.0,0.0,721.0,14.400598364889357,12.0,17.0,1.0,21067.3024060687,12500.0,23000.0,1.0,20.0,21.61366609091518,24.0,1.0,25598.15645876538,12500.0,26000.0,1.0,22.182191530165316,20.0,25.0,1.0,0.0,912.0,7.0,10.0
11.0,21.0,11.0,22.0,-121.0,21.0,13.0,-111.0,10.212670172164183,9.0,11.0,30000.0,10000.0,19000.0,0.0,27.904701742718224,16.5,19.0,0.0,10000.0,37042.08250285934,25000.0,0.0,29.230092187932307,17.0,20.0,0.0,122.0,10.209009463770494,9.0,11.0,1.0,11830.047360292725,10000.0,19000.0,1.0,16.5,16.91883405395478,19.0,1.0,18872.91312132297,10000.0,25000.0,1.0,18.244371916200038,17.0,20.0,1.0,0.0,211.0,1.0,32.0
11.0,22.0,11.0,22.0,-121.0,11.0,11.0,-111.0,10.001775879300013,9.0,11.0,30000.0,10000.0,19000.0,0.0,24.37014548509467,16.5,19.0,0.0,10000.0,36574.08367244846,25000.0,0.0,25.68318510905812,17.0,20.0,0.0,121.0,9.98836322143568,9.0,11.0,1.0,15252.665067026752,10000.0,19000.0,1.0,16.5,17.58542025124268,19.0,1.0,21714.456252725286,10000.0,25000.0,1.0,18.87603173283338,17.0,20.0,1.0,0.0,111.0,1.0,15.0
11.0,22.0,11.0,22.0,-121.0,11.0,11.0,-111.0,9.998046396269379,9.0,11.0,30000.0,10000.0,19000.0,0.0,23.646756785544078,16.5,19.0,0.0,10000.0,36510.539409892415,25000.0,0.0,24.945367500624158,17.0,20.0,0.0,121.0,10.009285196081043,9.0,11.0,1.0,15140.84389477094,10000.0,19000.0,1.0,16.5,17.558373920664465,19.0,1.0,21672.172633717477,10000.0,25000.0,1.0,18.861131334469384,17.0,20.0,1.0,0.0,111.0,1.0,55.0
81.0,23.0,81.0,21.0,-721.0,912.0,11.0,-711.0,15.176206818240665,12.0,17.0,30000.0,12500.0,23000.0,0.0,26.116929727864694,20.0,24.0,0.0,12500.0,33963.800228462205,26000.0,0.0,26.602709448617308,20.0,25.0,0.0,722.0,15.288342122693255,12.0,17.0,1.0,12126.113803690196,12500.0,23000.0,0.0,20.0,21.19898165765435,24.0,1.0,16155.593858698401,12500.0,26000.0,1.0,21.692810706314432,20.0,25.0,1.0,0.0,912.0,7.0,12.0
11.0,22.0,11.0,22.0,-121.0,11.0,11.0,-111.0,9.996210362424979,9.0,11.0,30000.0,10000.0,19000.0,0.0,23.151508969826807,16.5,19.0,0.0,10000.0,36513.41345011605,25000.0,0.0,24.45827680793658,17.0,20.0,0.0,121.0,10.017682862151599,9.0,11.0,1.0,14867.985293133062,10000.0,19000.0,1.0,16.5,17.5272983686545,19.0,1.0,21399.289991517253,10000.0,25000.0,1.0,18.83765567763074,17.0,20.0,1.0,0.0,111.0,1.0,30.0
11.0,22.0,11.0,22.0,-121.0,21.0,13.0,-111.0,10.00384755354401,9.0,11.0,30000.0,10000.0,19000.0,0.0,25.91296567993608,16.5,19.0,0.0,10000.0,36443.73527325583,25000.0,0.0,27.201755856978274,17.0,20.0,0.0,121.0,9.990735644873695,9.0,11.0,1.0,13553.290419976911,10000.0,19000.0,1.0,16.5,17.210046832696968,19.0,1.0,20102.683255278633,10000.0,25000.0,1.0,18.519969229223744,17.0,20.0,1.0,0.0,211.0,1.0,13.0
11.0,22.0,11.0,21.0,-121.0,11.0,11.0,-111.0,10.201388913842727,9.0,11.0,30000.0,10000.0,19000.0,0.0,23.257209419943273,16.5,19.0,0.0,10000.0,36940.543991805665,25000.0,0.0,24.558993330937298,17.0,20.0,0.0,122.0,10.200732335232587,9.0,11.0,1.0,12481.420393992661,10000.0,19000.0,1.0,16.5,17.037697248953634,19.0,1.0,19546.224291050836,10000.0,25000.0,1.0,18.36278762492077,17.0,20.0,1.0,0.0,111.0,1.0,1.0
11.0,22.0,11.0,22.0,-121.0,11.0,12.0,-111.0,10.194720393033734,9.0,11.0,30000.0,10000.0,19000.0,0.0,24.198295779782413,16.5,19.0,0.0,10000.0,36835.21969252967,25000.0,0.0,25.49714897186623,17.0,20.0,0.0,122.0,10.209620746913378,9.0,11.0,1.0,15319.145436243063,10000.0,19000.0,1.0,16.5,17.651133836108123,19.0,1.0,22408.161989429293,10000.0,25000.0,1.0,18.998214426495597,17.0,20.0,1.0,0.0,111.0,1.0,14.0
91.0,24.0,91.0,21.0,-721.0,911.0,11.0,-711.0,15.328518936840888,12.0,17.0,30000.0,18000.0,36000.0,1.0,24.57576051668933,20.0,25.0,1.0,18000.0,34036.56819838095,36000.0,1.0,25.064752244270984,20.0,26.0,1.0,722.0,15.200766399999573,12.0,17.0,1.0,25663.338397505413,18000.0,36000.0,1.0,20.0,23.238385294914472,25.0,1.0,29628.856931960872,18000.0,36000.0,1.0,23.718770033539283,20.0,26.0,1.0,1.0,91121.0,7.0,21.0
11.0,21.0,11.0,22.0,-121.0,21.0,13.0,-111.0,9.994719904949669,9.0,11.0,30000.0,10000.0,19000.0,0.0,29.986676025138188,16.5,19.0,0.0,10000.0,36560.41903910964,25000.0,0.0,31.29261366305061,17.0,20.0,0.0,121.0,10.015525664438922,9.0,11.0,1.0,13461.91146337951,10000.0,19000.0,1.0,16.5,17.247957510383944,19.0,1.0,19998.685172133162,10000.0,25000.0,1.0,18.549188234501884,17.0,20.0,1.0,0.0,211.0,1.0,9.0
11.0,22.0,11.0,21.0,-121.0,11.0,12.0,-111.0,10.21587069499888,9.0,11.0,30000.0,10000.0,19000.0,0.0,23.840489875100538,16.5,19.0,0.0,10000.0,37109.30340399615,25000.0,0.0,25.18088910602425,17.0,20.0,0.0,122.0,10.192496076063746,9.0,11.0,1.0,13649.198087563183,10000.0,19000.0,1.0,16.5,17.205920552507347,19.0,1.0,20516.802161341366,10000.0,25000.0,1.0,18.500749412055878,17.0,20.0,1.0,0.0,111.0,1.0,46.0
11.0,21.0,11.0,22.0,-121.0,21.0,12.0,-111.0,10.16069857900234,9.0,11.0,30000.0,10000.0,19000.0,0.0,25.186587044203666,16.5,19.0,0.0,10000.0,36814.988869720655,25000.0,0.0,26.46736655882731,17.0,20.0,0.0,122.0,10.210391256409192,9.0,11.0,1.0,17220.8305798451,10000.0,19000.0,1.0,16.5,18.00487332914745,19.0,1.0,24204.506640659743,10000.0,25000.0,1.0,19.31735518442972,17.0,20.0,1.0,0.0,211.0,1.0,37.0
11.0,22.0,11.0,22.0,-121.0,21.0,13.0,-111.0,9.992149323012168,9.0,11.0,30000.0,10000.0,19000.0,0.0,25.108973869285435,16.5,19.0,0.0,10000.0,36556.18045147874,25000.0,0.0,26.41655958555846,17.0,20.0,0.0,121.0,9.994367950803783,9.0,11.0,1.0,14344.989708392863,10000.0,19000.0,1.0,16.5,17.39792629061132,19.0,1.0,20859.770033055232,10000.0,25000.0,1.0,18.697255032434416,17.0,20.0,1.0,0.0,211.0,1.0,19.0
11.0,22.0,11.0,21.0,-121.0,11.0,11.0,-111.0,10.189446085288958,9.0,11.0,30000.0,10000.0,19000.0,0.0,23.39279149697432,16.5,19.0,0.0,10000.0,36907.42706617734,25000.0,0.0,24.698808369353433,17.0,20.0,0.0,122.0,10.207802942012457,9.0,11.0,1.0,15543.465926233945,10000.0,19000.0,1.0,16.5,17.638089184982732,19.0,1.0,22592.07266987377,10000.0,25000.0,1.0,18.9707995047246,17.0,20.0,1.0,0.0,111.0,1.0,26.0
11.0,22.0,11.0,22.0,-121.0,21.0,13.0,-111.0,10.008489088864861,9.0,11.0,30000.0,10000.0,19000.0,0.0,26.699241899002047,16.5,19.0,0.0,10000.0,36500.30513648878,25000.0,0.0,27.99996756310171,17.0,20.0,0.0,121.0,9.973243090087134,9.0,11.0,1.0,16225.882967373542,10000.0,19000.0,1.0,16.5,17.741557549105046,19.0,1.0,22776.190787074876,10000.0,25000.0,1.0,19.05228886247236,17.0,20.0,1.0,0.0,211.0,1.0,16.0
11.0,22.0,11.0,22.0,-121.0,21.0,12.0,-111.0,10.006350342345195,9.0,11.0,30000.0,10000.0,19000.0,0.0,24.250623578948293,16.5,19.0,0.0,10000.0,36462.03599276561,25000.0,0.0,25.53863437239395,17.0,20.0,0.0,121.0,10.002686615450143,9.0,11.0,1.0,15550.04099403398,10000.0,19000.0,1.0,16.5,17.613729197330024,19.0,1.0,22104.310136677454,10000.0,25000.0,1.0,18.920123870514075,17.0,20.0,1.0,0.0,211.0,1.0,25.0
11.0,22.0,11.0,21.0,-121.0,21.0,13.0,-111.0,10.014281083231593,9.0,11.0,30000.0,10000.0,19000.0,0.0,24.2551205827749,16.5,19.0,0.0,10000.0,36454.686008141216,25000.0,0.0,25.5417451870043,17.0,20.0,0.0,121.0,10.006948230333187,9.0,11.0,1.0,10421.607477777343,10000.0,19000.0,1.0,16.5,16.548554815960316,19.0,1.0,16925.011123202843,10000.0,25000.0,1.0,17.844890397719965,17.0,20.0,1.0,0.0,211.0,1.0,58.0
11.0,22.0,11.0,22.0,-121.0,21.0,13.0,-111.0,10.21294178741653,9.0,11.0,30000.0,10000.0,19000.0,0.0,25.04712113590851,16.5,19.0,0.0,10000.0,36966.29266512722,25000.0,0.0,26.365884631179384,17.0,20.0,0.0,122.0,10.159928256491266,9.0,11.0,1.0,13129.509034660106,10000.0,19000.0,1.0,16.5,17.172658993420438,19.0,1.0,20287.457018648587,10000.0,25000.0,1.0,18.527704059153308,17.0,20.0,1.0,0.0,211.0,1.0,19.0
11.0,21.0,11.0,22.0,-121.0,21.0,13.0,-111.0,10.209069328531385,9.0,11.0,30000.0,10000.0,19000.0,0.0,27.230008334516487,16.5,19.0,0.0,10000.0,37008.04959792041,25000.0,0.0,28.551313498329957,17.0,20.0,0.0,122.0,10.198220433144455,9.0,11.0,1.0,13627.757891409598,10000.0,19000.0,1.0,16.5,17.290831218687174,19.0,1.0,20793.177508193672,10000.0,25000.0,1.0,18.641807094108575,17.0,20.0,1.0,0.0,211.0,1.0,59.0
11.0,21.0,11.0,22.0,-121.0,21.0,12.0,-111.0,9.997710577105144,9.0,11.0,30000.0,10000.0,19000.0,0.0,24.719662777713204,16.5,19.0,0.0,10000.0,36556.00906048049,25000.0,0.0,26.034158645121828,17.0,20.0,0.0,121.0,10.016350044509462,9.0,11.0,1.0,14394.543712679866,10000.0,19000.0,1.0,16.5,17.41429875760368,19.0,1.0,20847.670554358894,10000.0,25000.0,1.0,18.708166488260698,17.0,20.0,1.0,0.0,211.0,1.0,37.0
11.0,21.0,11.0,21.0,-121.0,21.0,13.0,-111.0,10.00577623803044,9.0,11.0,30000.0,10000.0,19000.0,0.0,27.226817748968656,16.5,19.0,0.0,10000.0,36520.437695428234,25000.0,0.0,28.53334538270324,17.0,20.0,0.0,121.0,10.00002977456369,9.0,11.0,1.0,12352.81629287513,10000.0,19000.0,1.0,16.5,16.965553946909303,19.0,1.0,18860.763582759144,10000.0,25000.0,1.0,18.26957882534396,17.0,20.0,1.0,0.0,211.0,1.0,34.0
11.0,21.0,11.0,21.0,-121.0,21.0,12.0,-111.0,10.188672859158839,9.0,11.0,30000.0,10000.0,19000.0,0.0,23.856608753173166,16.5,19.0,0.0,10000.0,36919.22866928655,25000.0,0.0,25.16328850777735,17.0,20.0,0.0,122.0,10.199738816324624,9.0,11.0,1.0,14584.766098936418,10000.0,19000.0,1.0,16.5,17.457174582958743,19.0,1.0,21672.594987152293,10000.0,25000.0,1.0,18.795694084914345,17.0,20.0,1.0,0.0,211.0,1.0,6.0
91.0,24.0,91.0,21.0,-721.0,911.0,11.0,-711.0,14.967223947670947,12.0,17.0,30000.0,18000.0,36000.0,1.0,25.064621049629253,20.0,25.0,0.0,18000.0,33947.78974644496,36000.0,1.0,25.54597418405719,20.0,26.0,1.0,722.0,15.389999579049023,12.0,17.0,1.0,24241.86342864003,18000.0,36000.0,1.0,20.0,23.27743458028798,25.0,1.0,28184.936571231658,18000.0,36000.0,1.0,23.758212620246738,20.0,26.0,1.0,0.0,91121.0,7.0,21.0
11.0,21.0,11.0,21.0,-121.0,11.0,11.0,-111.0,10.187618951098788,9.0,11.0,30000.0,10000.0,19000.0,0.0,26.037500679263495,16.5,19.0,0.0,10000.0,36914.70949786162,25000.0,0.0,27.344912981581828,17.0,20.0,0.0,122.0,10.213419889406822,9.0,11.0,1.0,12389.221718746008,10000.0,19000.0,1.0,16.5,17.033201750021306,19.0,1.0,19407.16047544712,10000.0,25000.0,1.0,18.36013232754812,17.0,20.0,1.0,0.0,111.0,1.0,56.0
11.0,22.0,11.0,22.0,-121.0,21.0,12.0,-111.0,10.20537268907921,9.0,11.0,30000.0,10000.0,19000.0,0.0,23.67770384568862,16.5,19.0,0.0,10000.0,36947.13716369809,25000.0,0.0,24.987977314702185,17.0,20.0,0.0,122.0,10.220998437596467,9.0,11.0,1.0,16862.329277626395,10000.0,19000.0,1.0,16.5,17.92581692967611,19.0,1.0,23968.703755622108,10000.0,25000.0,1.0,19.266123550948624,17.0,20.0,1.0,0.0,211.0,1.0,48.0
92.0,24.0,92.0,24.0,-721.0,921.0,13.0,-711.0,15.318032593176728,12.0,17.0,30000.0,15000.0,28000.0,0.0,24.944222908118146,19.5,25.0,1.0,15000.0,34000.64988940385,28000.0,0.0,25.432672037308837,20.0,26.0,1.0,722.0,15.154148961940377,12.0,17.0,1.0,20941.157038482157,15000.0,28000.0,1.0,19.5,21.845330234847722,25.0,1.0,24992.115767521012,15000.0,28000.0,1.0,22.339921693307314,20.0,26.0,1.0,0.0,92122.0,7.0,22.0
11.0,22.0,11.0,22.0,-121.0,21.0,12.0,-111.0,9.999782713641048,9.0,11.0,30000.0,10000.0,19000.0,0.0,23.8384751829661,16.5,19.0,0.0,10000.0,36412.332707733745,25000.0,0.0,25.122890313433267,17.0,20.0,0.0,121.0,9.992934334480925,9.0,11.0,1.0,13545.485539355113,10000.0,19000.0,1.0,16.5,17.218597912887287,19.0,1.0,20018.150946429945,10000.0,25000.0,1.0,18.515097917210447,17.0,20.0,1.0,0.0,211.0,1.0,48.0
11.0,21.0,11.0,21.0,-121.0,21.0,12.0,-111.0,10.003450323921623,9.0,11.0,30000.0,10000.0,19000.0,0.0,24.676909741438614,16.5,19.0,0.0,10000.0,36462.46769397587,25000.0,0.0,25.96755525821485,17.0,20.0,0.0,121.0,10.011440170479181,9.0,11.0,1.0,13013.755283431654,10000.0,19000.0,1.0,16.5,17.139613630645442,19.0,1.0,19529.390851214383,10000.0,25000.0,1.0,18.440877518176446,17.0,20.0,1.0,0.0,211.0,1.0,6.0
81.0,23.0,81.0,23.0,-721.0,912.0,11.0,-711.0,15.167161256530056,12.0,17.0,30000.0,12500.0,23000.0,0.0,25.446682891208503,20.0,24.0,0.0,12500.0,33927.54138842719,26000.0,0.0,25.926944855257652,20.0,25.0,0.0,722.0,15.168525895751308,12.0,17.0,1.0,15478.802918289814,12500.0,23000.0,1.0,20.0,21.5906113658488,24.0,1.0,19492.235685862743,12500.0,26000.0,1.0,22.081376175918866,20.0,25.0,1.0,0.0,912.0,7.0,17.0
11.0,21.0,11.0,22.0,-121.0,21.0,13.0,-111.0,9.999146995408022,9.0,11.0,30000.0,10000.0,19000.0,0.0,27.659305086979952,16.5,19.0,0.0,10000.0,36534.671144278145,25000.0,0.0,28.96611751661589,17.0,20.0,0.0,121.0,10.012764214408906,9.0,11.0,1.0,13439.605581473439,10000.0,19000.0,1.0,16.5,17.197237586497085,19.0,1.0,20002.0061072554,10000.0,25000.0,1.0,18.50959537558803,17.0,20.0,1.0,0.0,211.0,1.0,59.0
11.0,21.0,11.0,21.0,-121.0,11.0,11.0,-111.0,9.979509515104128,9.0,11.0,30000.0,10000.0,19000.0,0.0,24.0559933803652,16.5,19.0,0.0,10000.0,36423.91098878764,25000.0,0.0,25.33908872177259,17.0,20.0,0.0,121.0,9.986536239726263,9.0,11.0,1.0,10349.233288940412,10000.0,19000.0,1.0,16.5,16.509666446521397,19.0,1.0,16832.522424468727,10000.0,25000.0,1.0,17.804621825154914,17.0,20.0,1.0,0.0,111.0,1.0,56.0
11.0,22.0,11.0,22.0,-121.0,21.0,13.0,-111.0,10.006359939432796,9.0,11.0,30000.0,10000.0,19000.0,0.0,25.6110008686135,16.5,19.0,0.0,10000.0,36484.133040108296,25000.0,0.0,26.90805697652067,17.0,20.0,0.0,121.0,9.995672125446823,9.0,11.0,1.0,13712.766893110775,10000.0,19000.0,1.0,16.5,17.276440792600596,19.0,1.0,20303.688800935415,10000.0,25000.0,1.0,18.594858453744138,17.0,20.0,1.0,0.0,211.0,1.0,3.0
11.0,21.0,11.0,21.0,-121.0,21.0,12.0,-111.0,10.014946098945314,9.0,11.0,30000.0,10000.0,19000.0,0.0,24.487617291449432,16.5,19.0,0.0,10000.0,36416.53921679649,25000.0,0.0,25.769119683873555,17.0,20.0,0.0,121.0,10.015490351454513,9.0,11.0,1.0,12948.496549954352,10000.0,19000.0,1.0,16.5,17.113382396315895,19.0,1.0,19477.222344483587,10000.0,25000.0,1.0,18.417290537836983,17.0,20.0,1.0,0.0,211.0,1.0,6.0
11.0,22.0,11.0,21.0,-121.0,11.0,11.0,-111.0,10.008346908613008,9.0,11.0,30000.0,10000.0,19000.0,0.0,23.869054996814526,16.5,19.0,0.0,10000.0,36593.61753355588,25000.0,0.0,25.188944359001677,17.0,20.0,0.0,121.0,10.005715002053357,9.0,11.0,1.0,10626.57582616234,10000.0,19000.0,1.0,16.5,16.591022817500395,19.0,1.0,17090.581079883967,10000.0,25000.0,1.0,17.88496680622731,17.0,20.0,1.0,0.0,111.0,1.0,1.0
11.0,22.0,11.0,22.0,-121.0,21.0,13.0,-111.0,10.010663090665497,9.0,11.0,30000.0,10000.0,19000.0,0.0,25.37168779637014,16.5,19.0,0.0,10000.0,36502.14727759699,25000.0,0.0,26.668240349879824,17.0,20.0,0.0,121.0,9.993785046576102,9.0,11.0,1.0,14364.646820399637,10000.0,19000.0,1.0,16.5,17.377109825484055,19.0,1.0,20901.282993666173,10000.0,25000.0,1.0,18.680539594141138,17.0,20.0,1.0,0.0,211.0,1.0,31.0
91.0,24.0,91.0,24.0,-721.0,911.0,11.0,-711.0,15.11782866982294,12.0,17.0,30000.0,18000.0,36000.0,1.0,24.585512294504223,20.0,25.0,1.0,18000.0,33880.09311217098,36000.0,1.0,25.05832449516576,20.0,26.0,1.0,722.0,15.121412178243503,12.0,17.0,1.0,22678.614993005747,18000.0,36000.0,1.0,20.0,22.849206749205205,25.0,1.0,26647.091757455386,18000.0,36000.0,1.0,23.33278901850383,20.0,26.0,1.0,1.0,91121.0,7.0,9.0
91.0,24.0,91.0,24.0,-721.0,911.0,12.0,-711.0,14.756200123291354,12.0,17.0,30000.0,18000.0,36000.0,1.0,24.44562495539738,20.0,25.0,1.0,18000.0,34495.27400617454,36000.0,1.0,25.0066722496183,20.0,26.0,1.0,721.0,15.461227720823382,12.0,17.0,1.0,26709.752594805163,18000.0,36000.0,1.0,20.0,23.718875974605652,25.0,1.0,31212.441879859398,18000.0,36000.0,1.0,24.280848756826998,20.0,26.0,1.0,1.0,91121.0,7.0,27.0
81.0,23.0,81.0,23.0,-721.0,912.0,12.0,-711.0,15.283666548991102,12.0,17.0,30000.0,12500.0,23000.0,0.0,27.083496007341793,20.0,24.0,0.0,12500.0,34047.2125462997,26000.0,0.0,27.574918460178097,20.0,25.0,0.0,722.0,15.384871988832712,12.0,17.0,1.0,17375.67388411217,12500.0,23000.0,1.0,20.0,22.04221325122819,24.0,1.0,21506.24441274454,12500.0,26000.0,1.0,22.543757234296173,20.0,25.0,1.0,0.0,912.0,7.0,31.0
11.0,22.0,11.0,22.0,-121.0,21.0,13.0,-111.0,10.207875096012627,9.0,11.0,30000.0,10000.0,19000.0,0.0,24.456505355428867,16.5,19.0,0.0,10000.0,37077.17484203339,25000.0,0.0,25.78475640772319,17.0,20.0,0.0,122.0,10.206330087839838,9.0,11.0,1.0,15627.418126041412,10000.0,19000.0,1.0,16.5,17.713556064107166,19.0,1.0,22587.936241662086,10000.0,25000.0,1.0,19.01991286861569,17.0,20.0,1.0,0.0,211.0,1.0,19.0
11.0,22.0,11.0,22.0,-121.0,11.0,12.0,-111.0,10.003204790999895,9.0,11.0,30000.0,10000.0,19000.0,0.0,24.58590628928362,16.5,19.0,0.0,10000.0,36560.155655223905,25000.0,0.0,25.896601010927526,17.0,20.0,0.0,121.0,9.990058355576544,9.0,11.0,1.0,17458.54918708103,10000.0,19000.0,1.0,16.5,17.96278094211706,19.0,1.0,24008.149777885938,10000.0,25000.0,1.0,19.271366801113846,17.0,20.0,1.0,0.0,111.0,1.0,49.0
92.0,24.0,92.0,24.0,-721.0,921.0,13.0,-711.0,15.149058987299021,12.0,17.0,30000.0,15000.0,28000.0,0.0,24.374906872983992,19.5,25.0,1.0,15000.0,34094.682941622625,28000.0,0.0,24.87374972741611,20.0,26.0,1.0,722.0,15.044077416409271,12.0,17.0,1.0,20616.86447441743,15000.0,28000.0,1.0,19.5,21.66896146193255,25.0,1.0,24699.75272285288,15000.0,28000.0,1.0,22.166367404520575,20.0,26.0,1.0,0.0,92122.0,7.0,25.0
11.0,21.0,11.0,22.0,-121.0,21.0,13.0,-111.0,10.013541189129448,9.0,11.0,30000.0,10000.0,19000.0,0.0,26.726944133249614,16.5,19.0,0.0,10000.0,36536.542451330715,25000.0,0.0,28.03357826366443,17.0,20.0,0.0,121.0,10.00122375850982,9.0,11.0,1.0,13266.958450268616,10000.0,19000.0,1.0,16.5,17.161952575083536,19.0,1.0,19705.732687655916,10000.0,25000.0,1.0,18.44904314922845,17.0,20.0,1.0,0.0,211.0,1.0,24.0
81.0,23.0,81.0,23.0,-721.0,912.0,11.0,-711.0,14.138740542175,12.0,17.0,30000.0,12500.0,23000.0,0.0,26.65273933863722,20.0,24.0,0.0,12500.0,34488.22808190851,26000.0,0.0,27.216453116363986,20.0,25.0,0.0,721.0,15.04792566568639,12.0,17.0,1.0,18914.48417451967,12500.0,23000.0,1.0,20.0,21.981082820040942,24.0,1.0,23456.584139499617,12500.0,26000.0,1.0,22.55156281422669,20.0,25.0,1.0,0.0,912.0,7.0,17.0
11.0,22.0,11.0,22.0,-121.0,11.0,12.0,-111.0,10.212141548615413,9.0,11.0,30000.0,10000.0,19000.0,0.0,25.776784265517527,16.5,19.0,0.0,10000.0,36931.83367344707,25000.0,0.0,27.08453513773562,17.0,20.0,0.0,122.0,10.179097672704755,9.0,11.0,1.0,18216.57823394704,10000.0,19000.0,1.0,16.5,18.13779518589698,19.0,1.0,25309.103822203506,10000.0,25000.0,0.0,19.475861989173165,17.0,20.0,1.0,0.0,111.0,1.0,40.0
11.0,22.0,11.0,22.0,-121.0,21.0,12.0,-111.0,10.182126161522358,9.0,11.0,30000.0,10000.0,19000.0,0.0,24.833626903080287,16.5,19.0,0.0,10000.0,37037.5247832952,25000.0,0.0,26.163855161100667,17.0,20.0,0.0,122.0,10.198219855391946,9.0,11.0,1.0,16554.54188042407,10000.0,19000.0,1.0,16.5,17.863071149573845,19.0,1.0,23565.62081561928,10000.0,25000.0,1.0,19.188300630959944,17.0,20.0,1.0,0.0,211.0,1.0,25.0
11.0,21.0,11.0,22.0,-121.0,11.0,12.0,-111.0,10.218750556359954,9.0,11.0,30000.0,10000.0,19000.0,0.0,25.937360365075065,16.5,19.0,0.0,10000.0,36974.36315177868,25000.0,0.0,27.25189714662967,17.0,20.0,0.0,122.0,10.208304065025695,9.0,11.0,1.0,16919.340941546856,10000.0,19000.0,1.0,16.5,17.92980042993,19.0,1.0,24029.43538708838,10000.0,25000.0,1.0,19.269920017280107,17.0,20.0,1.0,0.0,111.0,1.0,51.0
11.0,22.0,11.0,22.0,-121.0,11.0,11.0,-111.0,10.183626842692835,9.0,11.0,30000.0,10000.0,19000.0,0.0,26.00176755753209,16.5,19.0,0.0,10000.0,36904.68638653097,25000.0,0.0,27.30709429946772,17.0,20.0,0.0,122.0,10.178863110732864,9.0,11.0,1.0,15657.727645778468,10000.0,19000.0,1.0,16.5,17.665858439990988,19.0,1.0,22742.232992625817,10000.0,25000.0,1.0,19.005179846487476,17.0,20.0,1.0,0.0,111.0,1.0,27.0
11.0,22.0,11.0,22.0,-121.0,21.0,12.0,-111.0,10.190990424608282,9.0,11.0,30000.0,10000.0,19000.0,0.0,23.668358561661346,16.5,19.0,0.0,10000.0,36923.71616099644,25000.0,0.0,24.975483516407426,17.0,20.0,0.0,122.0,10.212743148712358,9.0,11.0,1.0,15228.56535632272,10000.0,19000.0,1.0,16.5,17.597312125698487,19.0,1.0,22375.416459982043,10000.0,25000.0,1.0,18.946562616074342,17.0,20.0,1.0,0.0,211.0,1.0,25.0
81.0,23.0,81.0,23.0,-721.0,912.0,12.0,-711.0,15.447679965869803,12.0,17.0,30000.0,12500.0,23000.0,0.0,27.407207223121397,20.0,24.0,0.0,12500.0,34045.48907232444,26000.0,0.0,27.900937725386438,20.0,25.0,0.0,722.0,15.096911660894495,12.0,17.0,1.0,18111.758368861036,12500.0,23000.0,1.0,20.0,21.792179333310656,24.0,1.0,22030.278904207247,12500.0,26000.0,1.0,22.27041399850547,20.0,25.0,1.0,0.0,912.0,7.0,31.0
11.0,21.0,11.0,22.0,-121.0,21.0,12.0,-111.0,10.005432349279813,9.0,11.0,30000.0,10000.0,19000.0,0.0,24.917015278117226,16.5,19.0,0.0,10000.0,36500.30248150508,25000.0,0.0,26.22275368959975,17.0,20.0,0.0,121.0,9.986899578715082,9.0,11.0,1.0,15729.635677480339,10000.0,19000.0,1.0,16.5,17.69633536768524,19.0,1.0,22239.776658821786,10000.0,25000.0,1.0,19.004050072914747,17.0,20.0,1.0,0.0,211.0,1.0,37.0
11.0,22.0,11.0,22.0,-121.0,11.0,12.0,-111.0,10.003651175031456,9.0,11.0,30000.0,10000.0,19000.0,0.0,23.399647079181054,16.5,19.0,0.0,10000.0,36494.21849687506,25000.0,0.0,24.693424050232718,17.0,20.0,0.0,121.0,9.997528666243083,9.0,11.0,1.0,14473.664834130672,10000.0,19000.0,1.0,16.5,17.44064207017307,19.0,1.0,21001.788190105268,10000.0,25000.0,1.0,18.74117356079177,17.0,20.0,1.0,0.0,111.0,1.0,42.0
11.0,22.0,11.0,22.0,-121.0,11.0,12.0,-111.0,9.977623464874142,9.0,11.0,30000.0,10000.0,19000.0,0.0,24.029203700964807,16.5,19.0,0.0,10000.0,36537.34069332826,25000.0,0.0,25.343246063346342,17.0,20.0,0.0,121.0,10.00378798105462,9.0,11.0,1.0,13024.357751259227,10000.0,19000.0,1.0,16.5,17.147693020613957,19.0,1.0,19457.754743011414,10000.0,25000.0,1.0,18.440842112538732,17.0,20.0,1.0,0.0,111.0,1.0,42.0
11.0,21.0,11.0,22.0,-121.0,21.0,13.0,-111.0,10.002366008832338,9.0,11.0,30000.0,10000.0,19000.0,0.0,27.028560748768633,16.5,19.0,0.0,10000.0,36527.86124427419,25000.0,0.0,28.33227574872264,17.0,20.0,0.0,121.0,9.986469539029454,9.0,11.0,1.0,15156.210821492947,10000.0,19000.0,1.0,16.5,17.512966175267433,19.0,1.0,21683.485721881632,10000.0,25000.0,1.0,18.816564073265674,17.0,20.0,1.0,0.0,211.0,1.0,24.0
11.0,22.0,11.0,21.0,-121.0,11.0,12.0,-111.0,10.018958728191766,9.0,11.0,30000.0,10000.0,19000.0,0.0,25.53274909120224,16.5,19.0,0.0,10000.0,36548.92228177248,25000.0,0.0,26.840365700182407,17.0,20.0,0.0,121.0,9.99529243679123,9.0,11.0,1.0,13387.066916968073,10000.0,19000.0,1.0,16.5,17.169093438378866,19.0,1.0,19899.55138605976,10000.0,25000.0,1.0,18.46943454659627,17.0,20.0,1.0,0.0,111.0,1.0,45.0
11.0,22.0,11.0,22.0,-121.0,11.0,11.0,-111.0,10.189294830558435,9.0,11.0,30000.0,10000.0,19000.0,0.0,24.94621708862919,16.5,19.0,0.0,10000.0,37074.11305004243,25000.0,0.0,26.286763833079032,17.0,20.0,0.0,122.0,10.186593415215626,9.0,11.0,1.0,17229.669270367467,10000.0,19000.0,1.0,16.5,17.97553416502586,19.0,1.0,24029.36228788231,10000.0,25000.0,1.0,19.26407822325704,17.0,20.0,1.0,0.0,111.0,1.0,38.0
11.0,22.0,11.0,22.0,-121.0,21.0,13.0,-111.0,9.979975306611875,9.0,11.0,30000.0,10000.0,19000.0,0.0,25.261788958349147,16.5,19.0,0.0,10000.0,36526.76583053922,25000.0,0.0,26.566287282504966,17.0,20.0,0.0,121.0,10.011930939909014,9.0,11.0,1.0,13427.344026625515,10000.0,19000.0,1.0,16.5,17.218223145498364,19.0,1.0,19984.47624389318,10000.0,25000.0,1.0,18.528790769767966,17.0,20.0,1.0,0.0,211.0,1.0,31.0
11.0,22.0,11.0,22.0,-121.0,21.0,13.0,-111.0,10.011571198313172,9.0,11.0,30000.0,10000.0,19000.0,0.0,25.878704577506195,16.5,19.0,0.0,10000.0,36508.04598638059,25000.0,0.0,27.179125872950127,17.0,20.0,0.0,121.0,10.007226714262693,9.0,11.0,1.0,16041.04977059208,10000.0,19000.0,1.0,16.5,17.707545894950538,19.0,1.0,22556.59461380427,10000.0,25000.0,1.0,19.009465593008052,17.0,20.0,1.0,0.0,211.0,1.0,19.0
11.0,22.0,11.0,21.0,-121.0,21.0,12.0,-111.0,10.010887520994128,9.0,11.0,30000.0,10000.0,19000.0,0.0,24.03573155898803,16.5,19.0,0.0,10000.0,36504.50782942458,25000.0,0.0,25.337143013815208,17.0,20.0,0.0,121.0,10.002192383360358,9.0,11.0,1.0,12699.504061689107,10000.0,19000.0,1.0,16.5,16.995521173361496,19.0,1.0,19280.703712896542,10000.0,25000.0,1.0,18.312277004423915,17.0,20.0,1.0,0.0,211.0,1.0,53.0
11.0,22.0,11.0,22.0,-121.0,11.0,11.0,-111.0,10.183001339829385,9.0,11.0,30000.0,10000.0,19000.0,0.0,24.30032584988959,16.5,19.0,0.0,10000.0,37195.94612648817,25000.0,0.0,25.662798530323983,17.0,20.0,0.0,122.0,10.231810685063476,9.0,11.0,1.0,16157.613637438775,10000.0,19000.0,1.0,16.5,17.797466611323735,19.0,1.0,23160.60084444625,10000.0,25000.0,1.0,19.123404658004986,17.0,20.0,1.0,0.0,111.0,1.0,50.0
81.0,23.0,81.0,21.0,-721.0,912.0,12.0,-711.0,15.06385598817521,12.0,17.0,30000.0,12500.0,23000.0,0.0,26.438857719700245,20.0,24.0,0.0,12500.0,33974.78672006849,26000.0,0.0,26.92337588747597,20.0,25.0,0.0,722.0,15.15827919477334,12.0,17.0,1.0,16408.390225951272,12500.0,23000.0,1.0,20.0,21.517195250133067,24.0,1.0,20400.849761135658,12500.0,26000.0,1.0,22.003867697019203,20.0,25.0,1.0,0.0,912.0,7.0,11.0
91.0,24.0,91.0,24.0,-721.0,911.0,12.0,-711.0,14.72893964622758,12.0,17.0,30000.0,18000.0,36000.0,1.0,24.106578107312025,20.0,25.0,1.0,18000.0,33961.35980603978,36000.0,1.0,24.589134409766196,20.0,26.0,1.0,722.0,15.176082715648022,12.0,17.0,1.0,27366.15148578456,18000.0,36000.0,1.0,20.0,23.501774445556386,25.0,1.0,31345.735164031692,18000.0,36000.0,1.0,23.98655070399016,20.0,26.0,1.0,1.0,91121.0,7.0,13.0
91.0,24.0,91.0,24.0,-721.0,911.0,12.0,-711.0,14.806399314364857,12.0,17.0,30000.0,18000.0,36000.0,1.0,23.670756067538946,20.0,25.0,1.0,18000.0,34597.414572654496,36000.0,1.0,24.24404386322804,20.0,26.0,1.0,721.0,14.97675079959831,12.0,17.0,1.0,30114.522632566455,18000.0,36000.0,1.0,20.0,23.75099809285849,25.0,1.0,34512.62157774315,18000.0,36000.0,1.0,24.299431654734786,20.0,26.0,1.0,1.0,91121.0,7.0,1.0
91.0,24.0,91.0,24.0,-721.0,911.0,11.0,-711.0,15.261867361684335,12.0,17.0,30000.0,18000.0,36000.0,1.0,24.886433199611098,20.0,25.0,1.0,18000.0,33873.21783991726,36000.0,1.0,25.358370717732008,20.0,26.0,1.0,722.0,15.427636710966876,12.0,17.0,1.0,26691.428112700403,18000.0,36000.0,1.0,20.0,23.828003903792688,25.0,1.0,30727.56172411971,18000.0,36000.0,1.0,24.31979211661841,20.0,26.0,1.0,1.0,91121.0,7.0,4.0
11.0,21.0,11.0,22.0,-121.0,21.0,13.0,-111.0,9.999040414058666,9.0,11.0,30000.0,10000.0,19000.0,0.0,25.383796355761746,16.5,19.0,0.0,10000.0,36496.16206842344,25000.0,0.0,26.676371497381936,17.0,20.0,0.0,121.0,10.001275891031128,9.0,11.0,1.0,14824.267081232365,10000.0,19000.0,1.0,16.5,17.463117949878622,19.0,1.0,21368.407068420078,10000.0,25000.0,1.0,18.76523950744229,17.0,20.0,1.0,0.0,211.0,1.0,59.0
92.0,24.0,92.0,24.0,-721.0,921.0,13.0,-711.0,15.334631153889703,12.0,17.0,30000.0,15000.0,28000.0,0.0,25.41817238785977,19.5,25.0,0.0,15000.0,34066.283199822494,28000.0,0.0,25.917209689551388,20.0,26.0,1.0,722.0,15.232732538240386,12.0,17.0,1.0,20571.266366355605,15000.0,28000.0,1.0,19.5,21.7457916496984,25.0,1.0,24599.505253629108,15000.0,28000.0,1.0,22.24015993790862,20.0,26.0,1.0,0.0,92122.0,7.0,25.0
11.0,22.0,11.0,21.0,-121.0,11.0,11.0,-111.0,10.206678237687449,9.0,11.0,30000.0,10000.0,19000.0,0.0,22.836032238138294,16.5,19.0,0.0,10000.0,37073.605944296825,25000.0,0.0,24.16856345225564,17.0,20.0,0.0,122.0,10.243889729793986,9.0,11.0,1.0,12933.780188354795,10000.0,19000.0,1.0,16.5,17.156253957731227,19.0,1.0,20104.050542050765,10000.0,25000.0,1.0,18.506994886078193,17.0,20.0,1.0,0.0,111.0,1.0,39.0
11.0,22.0,11.0,22.0,-121.0,11.0,11.0,-111.0,10.234545714134967,9.0,11.0,30000.0,10000.0,19000.0,0.0,24.30976849218993,16.5,19.0,0.0,10000.0,37048.595168873166,25000.0,0.0,25.638561278844538,17.0,20.0,0.0,122.0,10.236310050533824,9.0,11.0,1.0,15701.15346268356,10000.0,19000.0,1.0,16.5,17.747509146561274,19.0,1.0,22634.979750319864,10000.0,25000.0,1.0,19.054665840084382,17.0,20.0,1.0,0.0,111.0,1.0,44.0
11.0,22.0,11.0,22.0,-121.0,21.0,13.0,-111.0,10.188845575820018,9.0,11.0,30000.0,10000.0,19000.0,0.0,26.734779348669342,16.5,19.0,0.0,10000.0,36998.78258102514,25000.0,0.0,28.05690365065269,17.0,20.0,0.0,122.0,10.193164798518312,9.0,11.0,1.0,15549.461334907888,10000.0,19000.0,1.0,16.5,17.681088610635655,19.0,1.0,22473.13414790931,10000.0,25000.0,1.0,18.989024094996676,17.0,20.0,1.0,0.0,211.0,1.0,4.0
11.0,21.0,11.0,22.0,-121.0,21.0,13.0,-111.0,10.012318288674836,9.0,11.0,30000.0,10000.0,19000.0,0.0,27.28608365199856,16.5,19.0,0.0,10000.0,36489.76521821167,25000.0,0.0,28.589593210830518,17.0,20.0,0.0,121.0,9.990458382728681,9.0,11.0,1.0,12887.261730970762,10000.0,19000.0,1.0,16.5,17.081719364889544,19.0,1.0,19379.589098587836,10000.0,25000.0,1.0,18.3857435473063,17.0,20.0,1.0,0.0,211.0,1.0,32.0
11.0,22.0,11.0,22.0,-121.0,11.0,11.0,-111.0,10.195734304265724,9.0,11.0,30000.0,10000.0,19000.0,0.0,23.762739106645775,16.5,19.0,0.0,10000.0,36942.67556964162,25000.0,0.0,25.07349751264448,17.0,20.0,0.0,122.0,10.199864773181744,9.0,11.0,1.0,17577.13274243172,10000.0,19000.0,1.0,16.5,18.044654570343265,19.0,1.0,24571.699725760707,10000.0,25000.0,1.0,19.365209935166792,17.0,20.0,1.0,0.0,111.0,1.0,11.0
81.0,23.0,81.0,21.0,-721.0,912.0,12.0,-711.0,14.858918285808993,12.0,17.0,30000.0,12500.0,23000.0,0.0,25.91096864047863,20.0,24.0,0.0,12500.0,34492.250947926754,26000.0,0.0,26.472665454582067,20.0,25.0,0.0,721.0,15.295219429886698,12.0,17.0,1.0,14277.178395254405,12500.0,23000.0,1.0,20.0,21.537918275570657,24.0,1.0,18789.91809306915,12500.0,26000.0,1.0,22.102176937992557,20.0,25.0,1.0,0.0,912.0,7.0,11.0
91.0,24.0,91.0,21.0,-721.0,911.0,11.0,-711.0,15.59307801880921,12.0,17.0,30000.0,18000.0,36000.0,1.0,24.26547602325386,20.0,25.0,1.0,18000.0,34452.55030510972,36000.0,1.0,24.82433717918051,20.0,26.0,1.0,721.0,14.681264261100837,12.0,17.0,1.0,26204.08822968807,18000.0,36000.0,1.0,20.0,22.954427215359956,25.0,1.0,30749.384606525167,18000.0,36000.0,1.0,23.524929379989807,20.0,26.0,1.0,1.0,91121.0,7.0,15.0
91.0,24.0,91.0,24.0,-721.0,911.0,12.0,-711.0,15.445478524550447,12.0,17.0,30000.0,18000.0,36000.0,1.0,25.416988663757785,20.0,25.0,0.0,18000.0,34524.790908166935,36000.0,1.0,25.982660047067263,20.0,26.0,1.0,721.0,15.025012184817735,12.0,17.0,1.0,25886.91737815065,18000.0,36000.0,1.0,20.0,23.349346849084956,25.0,1.0,30419.916594052986,18000.0,36000.0,1.0,23.916044402417658,20.0,26.0,1.0,0.0,91121.0,7.0,1.0
91.0,21.0,91.0,24.0,-721.0,911.0,12.0,-711.0,15.811534664023133,12.0,17.0,30000.0,18000.0,36000.0,1.0,26.448321800491257,20.0,25.0,0.0,18000.0,34448.70461209535,36000.0,1.0,27.00762537966162,20.0,26.0,0.0,721.0,14.92048193260022,12.0,17.0,1.0,27532.767128761512,18000.0,36000.0,1.0,20.0,23.44641655672622,25.0,1.0,31987.24768718835,18000.0,36000.0,1.0,24.006446304014712,20.0,26.0,1.0,0.0,91121.0,7.0,19.0
91.0,24.0,91.0,21.0,-721.0,911.0,11.0,-711.0,13.76399777572735,12.0,17.0,30000.0,18000.0,36000.0,1.0,23.33476687472539,20.0,25.0,1.0,18000.0,34564.738692368126,36000.0,1.0,23.905633493248107,20.0,26.0,1.0,721.0,14.853679761455927,12.0,17.0,1.0,24825.9457654588,18000.0,36000.0,1.0,20.0,22.88875892204507,25.0,1.0,29336.007418251196,18000.0,36000.0,1.0,23.45278762523528,20.0,26.0,1.0,1.0,91121.0,7.0,15.0
11.0,22.0,11.0,22.0,-121.0,11.0,11.0,-111.0,10.007774251556485,9.0,11.0,30000.0,10000.0,19000.0,0.0,26.027265660945126,16.5,19.0,0.0,10000.0,36331.4048511674,25000.0,0.0,27.292826598191663,17.0,20.0,0.0,121.0,9.994401245773266,9.0,11.0,1.0,16083.593632141805,10000.0,19000.0,1.0,16.5,17.735061341010386,19.0,1.0,22508.223846684905,10000.0,25000.0,1.0,19.0192567489664,17.0,20.0,1.0,0.0,111.0,1.0,44.0
11.0,21.0,11.0,22.0,-121.0,11.0,11.0,-111.0,10.012454683624334,9.0,11.0,30000.0,10000.0,19000.0,0.0,27.070566339072666,16.5,19.0,0.0,10000.0,36534.19787061531,25000.0,0.0,28.376013701934376,17.0,20.0,0.0,121.0,10.004423043758663,9.0,11.0,1.0,14676.974228041165,10000.0,19000.0,1.0,16.5,17.48312675182858,19.0,1.0,21146.121705701597,10000.0,25000.0,1.0,18.7755778960851,17.0,20.0,1.0,0.0,111.0,1.0,43.0
11.0,22.0,11.0,21.0,-121.0,11.0,11.0,-111.0,10.009820291216096,9.0,11.0,30000.0,10000.0,19000.0,0.0,24.05778887302469,16.5,19.0,0.0,10000.0,36533.45474210049,25000.0,0.0,25.366679166767533,17.0,20.0,0.0,121.0,10.001601625258711,9.0,11.0,1.0,13971.860801632129,10000.0,19000.0,1.0,16.5,17.306881535998137,19.0,1.0,20422.093321070413,10000.0,25000.0,1.0,18.599099370258806,17.0,20.0,1.0,0.0,111.0,1.0,39.0
91.0,24.0,91.0,24.0,-721.0,911.0,12.0,-711.0,15.31266954709638,12.0,17.0,30000.0,18000.0,36000.0,1.0,24.394893391232596,20.0,25.0,1.0,18000.0,34038.85909359642,36000.0,1.0,24.885711164973,20.0,26.0,1.0,722.0,15.082316668628465,12.0,17.0,1.0,22666.762871351646,18000.0,36000.0,1.0,20.0,22.836666602766712,25.0,1.0,26634.807532387957,18000.0,36000.0,1.0,23.31887873285073,20.0,26.0,1.0,1.0,91121.0,7.0,23.0
11.0,21.0,11.0,22.0,-121.0,11.0,11.0,-111.0,10.209514027247975,9.0,11.0,30000.0,10000.0,19000.0,0.0,27.301909701391814,16.5,19.0,0.0,10000.0,37056.8097396972,25000.0,0.0,28.638708606309415,17.0,20.0,0.0,122.0,10.187707192426144,9.0,11.0,1.0,14855.690845322095,10000.0,19000.0,1.0,16.5,17.518459268473123,19.0,1.0,21864.523340983615,10000.0,25000.0,1.0,18.846169657523973,17.0,20.0,1.0,0.0,111.0,1.0,35.0
81.0,23.0,81.0,21.0,-721.0,912.0,12.0,-711.0,15.364455029939215,12.0,17.0,30000.0,12500.0,23000.0,0.0,27.56430691376921,20.0,24.0,0.0,12500.0,34479.154133359174,26000.0,0.0,28.123365267301022,20.0,25.0,0.0,721.0,14.541713286163354,12.0,17.0,1.0,14107.203615162705,12500.0,23000.0,1.0,20.0,20.83705024897227,24.0,1.0,18600.044419858885,12500.0,26000.0,1.0,21.397816882173675,20.0,25.0,1.0,0.0,912.0,7.0,30.0
91.0,24.0,91.0,24.0,-721.0,911.0,12.0,-711.0,15.331074000661056,12.0,17.0,30000.0,18000.0,36000.0,1.0,26.544025085646986,20.0,25.0,0.0,18000.0,34451.30033093684,36000.0,1.0,27.101848949495555,20.0,26.0,0.0,721.0,14.86902087890735,12.0,17.0,1.0,26152.35283701231,18000.0,36000.0,1.0,20.0,23.1668594974498,25.0,1.0,30621.277614045,18000.0,36000.0,1.0,23.7268920050403,20.0,26.0,1.0,0.0,91121.0,7.0,1.0
11.0,22.0,11.0,22.0,-121.0,21.0,13.0,-111.0,10.004496304188761,9.0,11.0,30000.0,10000.0,19000.0,0.0,24.985678940011276,16.5,19.0,0.0,10000.0,36472.882960074065,25000.0,0.0,26.277230853593224,17.0,20.0,0.0,121.0,9.98900329492986,9.0,11.0,1.0,13109.639094473261,10000.0,19000.0,1.0,16.5,17.12634098935589,19.0,1.0,19577.95241886157,10000.0,25000.0,1.0,18.416981111121004,17.0,20.0,1.0,0.0,211.0,1.0,22.0
11.0,22.0,11.0,21.0,-121.0,11.0,11.0,-111.0,10.191410838341266,9.0,11.0,30000.0,10000.0,19000.0,0.0,24.357286559291886,16.5,19.0,0.0,10000.0,37001.821836106035,25000.0,0.0,25.676437998095366,17.0,20.0,0.0,122.0,10.218202850131794,9.0,11.0,1.0,12951.689266655316,10000.0,19000.0,1.0,16.5,17.156875527583363,19.0,1.0,20072.278093338595,10000.0,25000.0,1.0,18.49840280658524,17.0,20.0,1.0,0.0,111.0,1.0,0.0
11.0,21.0,11.0,21.0,-121.0,21.0,13.0,-111.0,10.178435619313065,9.0,11.0,30000.0,10000.0,19000.0,0.0,28.414653932691834,16.5,19.0,0.0,10000.0,37183.849111249285,25000.0,0.0,29.764447986775664,17.0,20.0,0.0,122.0,10.199609567216468,9.0,11.0,1.0,13280.422817233268,10000.0,19000.0,1.0,16.5,17.19661680332193,19.0,1.0,20445.67181594535,10000.0,25000.0,1.0,18.54291602880911,17.0,20.0,1.0,0.0,211.0,1.0,34.0
81.0,23.0,81.0,21.0,-721.0,912.0,12.0,-711.0,15.3461234026054,12.0,17.0,30000.0,12500.0,23000.0,0.0,25.519654042820825,20.0,24.0,0.0,12500.0,33976.017964181156,26000.0,0.0,26.00306382835603,20.0,25.0,0.0,722.0,15.52335910860702,12.0,17.0,1.0,15237.985464162852,12500.0,23000.0,1.0,20.0,21.812654681470864,24.0,1.0,19161.092887158222,12500.0,26000.0,1.0,22.289631529932446,20.0,25.0,1.0,0.0,912.0,7.0,11.0
11.0,22.0,11.0,22.0,-121.0,11.0,11.0,-111.0,10.18987095700469,9.0,11.0,30000.0,10000.0,19000.0,0.0,23.547809620414682,16.5,19.0,0.0,10000.0,36800.20285739854,25000.0,0.0,24.8287033554782,17.0,20.0,0.0,122.0,10.19498214811653,9.0,11.0,1.0,18541.040948232927,10000.0,19000.0,1.0,16.5,18.21415795407146,19.0,1.0,25661.5686454499,10000.0,25000.0,0.0,19.555388430422372,17.0,20.0,1.0,0.0,111.0,1.0,57.0
11.0,22.0,11.0,22.0,-121.0,21.0,13.0,-111.0,10.190415917614313,9.0,11.0,30000.0,10000.0,19000.0,0.0,25.429663396437423,16.5,19.0,0.0,10000.0,36822.84795348633,25000.0,0.0,26.715996248999843,17.0,20.0,0.0,122.0,10.187770094965536,9.0,11.0,1.0,13206.519791745188,10000.0,19000.0,1.0,16.5,17.207031665875473,19.0,1.0,20388.83734119746,10000.0,25000.0,1.0,18.56113644504987,17.0,20.0,1.0,0.0,211.0,1.0,36.0
11.0,22.0,11.0,22.0,-121.0,11.0,11.0,-111.0,10.21418899023013,9.0,11.0,30000.0,10000.0,19000.0,0.0,23.584015172293704,16.5,19.0,0.0,10000.0,37018.16486649163,25000.0,0.0,24.91230076776463,17.0,20.0,0.0,122.0,10.18124717557883,9.0,11.0,1.0,16590.414973846997,10000.0,19000.0,1.0,16.5,17.894433747476384,19.0,1.0,23565.746500504134,10000.0,25000.0,1.0,19.214612535912938,17.0,20.0,1.0,0.0,111.0,1.0,15.0
11.0,22.0,11.0,22.0,-121.0,11.0,11.0,-111.0,10.214841475654667,9.0,11.0,30000.0,10000.0,19000.0,0.0,24.876686980798876,16.5,19.0,0.0,10000.0,37141.71188070009,25000.0,0.0,26.225589555470886,17.0,20.0,0.0,122.0,10.200754294217125,9.0,11.0,1.0,15261.853443700295,10000.0,19000.0,1.0,16.5,17.597087161505478,19.0,1.0,22319.0864618709,10000.0,25000.0,1.0,18.930033652107596,17.0,20.0,1.0,0.0,111.0,1.0,57.0
11.0,22.0,11.0,22.0,-121.0,11.0,12.0,-111.0,10.21783766301087,9.0,11.0,30000.0,10000.0,19000.0,0.0,23.798244167513047,16.5,19.0,0.0,10000.0,36895.276263150045,25000.0,0.0,25.10181600892933,17.0,20.0,0.0,122.0,10.208761834662297,9.0,11.0,1.0,15391.858239619969,10000.0,19000.0,1.0,16.5,17.653733196575573,19.0,1.0,22383.202416265525,10000.0,25000.0,1.0,18.97546695379001,17.0,20.0,1.0,0.0,111.0,1.0,49.0
11.0,22.0,11.0,21.0,-121.0,11.0,11.0,-111.0,10.208760380887298,9.0,11.0,30000.0,10000.0,19000.0,0.0,25.256964104894266,16.5,19.0,0.0,10000.0,36959.730936130436,25000.0,0.0,26.568562729756607,17.0,20.0,0.0,122.0,10.191029976063088,9.0,11.0,1.0,17975.746269553463,10000.0,19000.0,1.0,16.5,18.05851797225582,19.0,1.0,24948.870756957367,10000.0,25000.0,1.0,19.372640683694716,17.0,20.0,1.0,0.0,111.0,1.0,26.0
92.0,24.0,92.0,24.0,-721.0,921.0,13.0,-711.0,15.83917935196765,12.0,17.0,30000.0,15000.0,28000.0,0.0,25.079499879429218,19.5,25.0,0.0,15000.0,34475.19147680404,28000.0,0.0,25.639253340198824,20.0,26.0,1.0,721.0,14.967876848169457,12.0,17.0,1.0,18286.73936133297,15000.0,28000.0,1.0,19.5,21.26163735085188,25.0,1.0,22718.295237594095,15000.0,28000.0,1.0,21.81593290472672,20.0,26.0,1.0,0.0,92122.0,7.0,20.0
91.0,24.0,91.0,21.0,-721.0,911.0,11.0,-711.0,15.26274441938348,12.0,17.0,30000.0,18000.0,36000.0,1.0,24.278402162690902,20.0,25.0,1.0,18000.0,33921.5955777805,36000.0,1.0,24.756675842345864,20.0,26.0,1.0,722.0,15.209590739896537,12.0,17.0,1.0,20287.053723430814,18000.0,36000.0,1.0,20.0,22.600107525286965,25.0,1.0,24253.729974687674,18000.0,36000.0,1.0,23.083879196552033,20.0,26.0,1.0,1.0,91121.0,7.0,3.0
11.0,21.0,11.0,22.0,-121.0,21.0,12.0,-111.0,10.004834376779188,9.0,11.0,30000.0,10000.0,19000.0,0.0,24.79009447728702,16.5,19.0,0.0,10000.0,36540.25483771166,25000.0,0.0,26.098545819214635,17.0,20.0,0.0,121.0,10.001653093936584,9.0,11.0,1.0,14520.333994400084,10000.0,19000.0,1.0,16.5,17.42448637622964,19.0,1.0,21041.51722946202,10000.0,25000.0,1.0,18.72912223012216,17.0,20.0,1.0,0.0,211.0,1.0,37.0
91.0,24.0,91.0,24.0,-721.0,911.0,12.0,-711.0,15.45831517313257,12.0,17.0,30000.0,18000.0,36000.0,1.0,25.27834717227565,20.0,25.0,0.0,18000.0,34493.29845365354,36000.0,1.0,25.841068515696605,20.0,26.0,1.0,721.0,16.059683098506163,12.0,17.0,1.0,28786.582595606833,18000.0,36000.0,1.0,20.0,24.680928733063688,25.0,1.0,33244.702409378915,18000.0,36000.0,1.0,25.23924445515813,20.0,26.0,1.0,0.0,91121.0,7.0,1.0
91.0,21.0,91.0,24.0,-721.0,911.0,12.0,-711.0,15.336814504564602,12.0,17.0,30000.0,18000.0,36000.0,1.0,24.94249977525535,20.0,25.0,1.0,18000.0,34060.91032559538,36000.0,1.0,25.43705045783757,20.0,26.0,1.0,722.0,15.296353282308877,12.0,17.0,1.0,26147.269447847837,18000.0,36000.0,1.0,20.0,23.522752992091583,25.0,1.0,30055.91760860513,18000.0,36000.0,1.0,23.998760699942867,20.0,26.0,1.0,1.0,91121.0,7.0,19.0
11.0,22.0,11.0,22.0,-121.0,11.0,11.0,-111.0,9.996131799881566,9.0,11.0,30000.0,10000.0,19000.0,0.0,24.340717340163714,16.5,19.0,0.0,10000.0,36566.68377012328,25000.0,0.0,25.66070749875417,17.0,20.0,0.0,121.0,9.998916701750508,9.0,11.0,1.0,17334.25355889293,10000.0,19000.0,1.0,16.5,18.0106022289996,19.0,1.0,23768.78726709075,10000.0,25000.0,1.0,19.304028479945778,17.0,20.0,1.0,0.0,111.0,1.0,57.0
91.0,24.0,91.0,21.0,-721.0,911.0,11.0,-711.0,15.207442486632369,12.0,17.0,30000.0,18000.0,36000.0,1.0,25.081157827439,20.0,25.0,0.0,18000.0,34005.26040007106,36000.0,1.0,25.569354813690715,20.0,26.0,1.0,722.0,15.319911493766652,12.0,17.0,1.0,23460.270369396756,18000.0,36000.0,1.0,20.0,23.148816088138645,25.0,1.0,27377.826114540778,18000.0,36000.0,1.0,23.626322846055928,20.0,26.0,1.0,0.0,91121.0,7.0,21.0
81.0,23.0,81.0,23.0,-721.0,912.0,12.0,-711.0,15.182543940615266,12.0,17.0,30000.0,12500.0,23000.0,0.0,26.90244129235186,20.0,24.0,0.0,12500.0,34076.066829109186,26000.0,0.0,27.399961866846247,20.0,25.0,0.0,722.0,15.216825815935662,12.0,17.0,1.0,18814.416377216294,12500.0,23000.0,1.0,20.0,22.140885278829096,24.0,1.0,22840.9669611421,12500.0,26000.0,1.0,22.632361950761705,20.0,25.0,1.0,0.0,912.0,7.0,10.0
11.0,22.0,11.0,22.0,-121.0,21.0,13.0,-111.0,9.98799670297689,9.0,11.0,30000.0,10000.0,19000.0,0.0,24.738069906278653,16.5,19.0,0.0,10000.0,36531.6693514964,25000.0,0.0,26.045899104679105,17.0,20.0,0.0,121.0,10.010598864142272,9.0,11.0,1.0,13120.377842637825,10000.0,19000.0,1.0,16.5,17.17229960564493,19.0,1.0,19573.48500139266,10000.0,25000.0,1.0,18.464398379856924,17.0,20.0,1.0,0.0,211.0,1.0,13.0
91.0,24.0,91.0,21.0,-721.0,911.0,11.0,-711.0,14.722479411766932,12.0,17.0,30000.0,18000.0,36000.0,1.0,23.322674800004535,20.0,25.0,1.0,18000.0,34501.73556730507,36000.0,1.0,23.88480080256605,20.0,26.0,1.0,721.0,15.101399162048834,12.0,17.0,1.0,24764.02728202018,18000.0,36000.0,1.0,20.0,23.1116530256164,25.0,1.0,29237.200103504118,18000.0,36000.0,1.0,23.670212434385242,20.0,26.0,1.0,1.0,91121.0,7.0,21.0
11.0,22.0,11.0,22.0,-121.0,21.0,13.0,-111.0,9.990976263267216,9.0,11.0,30000.0,10000.0,19000.0,0.0,25.592815931640956,16.5,19.0,0.0,10000.0,36522.96780564055,25000.0,0.0,26.895018588479147,17.0,20.0,0.0,121.0,9.999738814417091,9.0,11.0,1.0,13816.63336236106,10000.0,19000.0,1.0,16.5,17.298415094197754,19.0,1.0,20377.777402921263,10000.0,25000.0,1.0,18.60823900504512,17.0,20.0,1.0,0.0,211.0,1.0,13.0
81.0,21.0,81.0,23.0,-721.0,912.0,12.0,-711.0,15.328138919774393,12.0,17.0,30000.0,12500.0,23000.0,0.0,27.83276599283509,20.0,24.0,0.0,12500.0,34535.91221619881,26000.0,0.0,28.401146260756803,20.0,25.0,0.0,721.0,15.36735737430177,12.0,17.0,1.0,16811.42630741501,12500.0,23000.0,1.0,20.0,22.053594561323322,24.0,1.0,21367.3577102125,12500.0,26000.0,1.0,22.624483367792564,20.0,25.0,1.0,0.0,912.0,7.0,7.0
11.0,22.0,11.0,22.0,-121.0,21.0,13.0,-111.0,10.209318548237686,9.0,11.0,30000.0,10000.0,19000.0,0.0,25.242853837436076,16.5,19.0,0.0,10000.0,36978.70622214874,25000.0,0.0,26.558180737828486,17.0,20.0,0.0,122.0,10.213389607137406,9.0,11.0,1.0,13649.382536826355,10000.0,19000.0,1.0,16.5,17.343488687330467,19.0,1.0,20742.24299742807,10000.0,25000.0,1.0,18.68033105718833,17.0,20.0,1.0,0.0,211.0,1.0,36.0
11.0,22.0,11.0,21.0,-121.0,11.0,11.0,-111.0,10.175548389199125,9.0,11.0,30000.0,10000.0,19000.0,0.0,24.768477437216912,16.5,19.0,0.0,10000.0,36869.098858051504,25000.0,0.0,26.058392929625473,17.0,20.0,0.0,122.0,10.203128087515221,9.0,11.0,1.0,14613.130485384649,10000.0,19000.0,1.0,16.5,17.3928243434041,19.0,1.0,21721.650719712146,10000.0,25000.0,1.0,18.72769964041792,17.0,20.0,1.0,0.0,111.0,1.0,26.0
11.0,22.0,11.0,22.0,-121.0,21.0,13.0,-111.0,10.196662991722535,9.0,11.0,30000.0,10000.0,19000.0,0.0,26.548088357517308,16.5,19.0,0.0,10000.0,36901.34971045908,25000.0,0.0,27.856854533350987,17.0,20.0,0.0,122.0,10.209372016192948,9.0,11.0,1.0,15368.766040910577,10000.0,19000.0,1.0,16.5,17.636927757922063,19.0,1.0,22443.203033386715,10000.0,25000.0,1.0,18.97851806087215,17.0,20.0,1.0,0.0,211.0,1.0,5.0
81.0,23.0,81.0,23.0,-721.0,912.0,11.0,-711.0,15.366102984728608,12.0,17.0,30000.0,12500.0,23000.0,0.0,26.591613691015695,20.0,24.0,0.0,12500.0,34034.234298112955,26000.0,0.0,27.081567086987054,20.0,25.0,0.0,722.0,15.224096287166141,12.0,17.0,1.0,15918.740473377335,12500.0,23000.0,1.0,20.0,21.736155104768994,24.0,1.0,19816.758743789775,12500.0,26000.0,1.0,22.20956521137592,20.0,25.0,1.0,0.0,912.0,7.0,17.0
11.0,22.0,11.0,22.0,-121.0,21.0,13.0,-111.0,10.194036411402347,9.0,11.0,30000.0,10000.0,19000.0,0.0,26.13467169167475,16.5,19.0,0.0,10000.0,37018.58608269517,25000.0,0.0,27.455070228849653,17.0,20.0,0.0,122.0,10.178074573404801,9.0,11.0,1.0,14785.133450993135,10000.0,19000.0,1.0,16.5,17.45982914821418,19.0,1.0,21688.87387924145,10000.0,25000.0,1.0,18.758621904346313,17.0,20.0,1.0,0.0,211.0,1.0,3.0
81.0,23.0,81.0,23.0,-721.0,912.0,12.0,-711.0,15.389920283241963,12.0,17.0,30000.0,12500.0,23000.0,0.0,26.405880419679363,20.0,24.0,0.0,12500.0,34030.945906865454,26000.0,0.0,26.898012676973806,20.0,25.0,0.0,722.0,15.203029203681156,12.0,17.0,1.0,19687.50982570086,12500.0,23000.0,1.0,20.0,22.130902762280805,24.0,1.0,23624.85504935293,12500.0,26000.0,1.0,22.611607449824028,20.0,25.0,1.0,0.0,912.0,7.0,10.0
11.0,21.0,11.0,22.0,-121.0,21.0,13.0,-111.0,10.20719111139203,9.0,11.0,30000.0,10000.0,19000.0,0.0,28.171494259581323,16.5,19.0,0.0,10000.0,36926.1233590196,25000.0,0.0,29.47751820134941,17.0,20.0,0.0,122.0,10.208798961803593,9.0,11.0,1.0,15003.450624548295,10000.0,19000.0,1.0,16.5,17.564225126821036,19.0,1.0,22161.426299085182,10000.0,25000.0,1.0,18.913968283411602,17.0,20.0,1.0,0.0,211.0,1.0,52.0
91.0,24.0,91.0,21.0,-721.0,911.0,12.0,-711.0,15.304145638631928,12.0,17.0,30000.0,18000.0,36000.0,1.0,24.9896274618159,20.0,25.0,1.0,18000.0,33993.03981762598,36000.0,1.0,25.47838607939066,20.0,26.0,1.0,722.0,15.123471422785208,12.0,17.0,1.0,24684.08813709524,18000.0,36000.0,1.0,20.0,23.09293764287717,25.0,1.0,28696.085231597954,18000.0,36000.0,1.0,23.58401668119964,20.0,26.0,1.0,1.0,91121.0,7.0,29.0
91.0,24.0,91.0,21.0,-721.0,911.0,11.0,-711.0,14.372507951714853,12.0,17.0,30000.0,18000.0,36000.0,1.0,23.632797485297516,20.0,25.0,1.0,18000.0,34480.53482706737,36000.0,1.0,24.193377778519615,20.0,26.0,1.0,721.0,15.26119212264841,12.0,17.0,1.0,22147.943351368212,18000.0,36000.0,1.0,20.0,22.949142333307936,25.0,1.0,26679.65418255915,18000.0,36000.0,1.0,23.51612549147915,20.0,26.0,1.0,1.0,91121.0,7.0,2.0
11.0,21.0,11.0,22.0,-121.0,21.0,13.0,-111.0,10.001153668012897,9.0,11.0,30000.0,10000.0,19000.0,0.0,26.477431713702927,16.5,19.0,0.0,10000.0,36461.298351063495,25000.0,0.0,27.775745212566168,17.0,20.0,0.0,121.0,9.99411371585469,9.0,11.0,1.0,12156.178455205596,10000.0,19000.0,1.0,16.5,16.992389500168233,19.0,1.0,18604.14801596053,10000.0,25000.0,1.0,18.288024752734696,17.0,20.0,1.0,0.0,211.0,1.0,59.0
11.0,22.0,11.0,22.0,-121.0,11.0,12.0,-111.0,10.203387818153256,9.0,11.0,30000.0,10000.0,19000.0,0.0,24.2785949697209,16.5,19.0,0.0,10000.0,36844.30212533657,25000.0,0.0,25.566585991303718,17.0,20.0,0.0,122.0,10.200102917450787,9.0,11.0,1.0,14871.238082248628,10000.0,19000.0,1.0,16.5,17.522461453411033,19.0,1.0,21960.791161823927,10000.0,25000.0,1.0,18.856604883421987,17.0,20.0,1.0,0.0,111.0,1.0,42.0
91.0,24.0,91.0,21.0,-721.0,911.0,11.0,-711.0,14.279134919185008,12.0,17.0,30000.0,18000.0,36000.0,1.0,24.041622921873106,20.0,25.0,1.0,18000.0,34503.01866658378,36000.0,1.0,24.603266589048957,20.0,26.0,1.0,721.0,14.663842640205475,12.0,17.0,1.0,23065.04994151904,18000.0,36000.0,1.0,20.0,22.45284481162268,25.0,1.0,27618.493902668873,18000.0,36000.0,1.0,23.02077782589111,20.0,26.0,1.0,1.0,91121.0,7.0,3.0
11.0,21.0,11.0,21.0,-121.0,11.0,11.0,-111.0,10.016007498339478,9.0,11.0,30000.0,10000.0,19000.0,0.0,28.072175971883638,16.5,19.0,0.0,10000.0,36530.230519061966,25000.0,0.0,29.38655944800749,17.0,20.0,0.0,121.0,10.003179629312168,9.0,11.0,1.0,12338.979065485373,10000.0,19000.0,1.0,16.5,16.99957664835957,19.0,1.0,18853.355908441474,10000.0,25000.0,1.0,18.310769148322848,17.0,20.0,1.0,0.0,111.0,1.0,18.0
11.0,22.0,11.0,22.0,-121.0,21.0,13.0,-111.0,10.190905800252827,9.0,11.0,30000.0,10000.0,19000.0,0.0,25.936036052315323,16.5,19.0,0.0,10000.0,36976.275780975884,25000.0,0.0,27.25106502823567,17.0,20.0,0.0,122.0,10.225307207962016,9.0,11.0,1.0,12394.664578280759,10000.0,19000.0,1.0,16.5,17.083629201421733,19.0,1.0,19344.32511782145,10000.0,25000.0,1.0,18.393641200549986,17.0,20.0,1.0,0.0,211.0,1.0,5.0
92.0,24.0,92.0,24.0,-721.0,921.0,13.0,-711.0,15.0139974235844,12.0,17.0,30000.0,15000.0,28000.0,0.0,24.468647956953816,19.5,25.0,1.0,15000.0,33927.1189358863,28000.0,0.0,24.94746502334487,20.0,26.0,1.0,722.0,15.040057754105824,12.0,17.0,1.0,22613.968333102235,15000.0,28000.0,1.0,19.5,21.836508698862033,25.0,1.0,26660.097427404828,15000.0,28000.0,1.0,22.329836172463548,20.0,26.0,1.0,0.0,92122.0,7.0,22.0
11.0,22.0,11.0,22.0,-121.0,11.0,12.0,-111.0,10.006344358447755,9.0,11.0,30000.0,10000.0,19000.0,0.0,23.86264728784602,16.5,19.0,0.0,10000.0,36575.33618888278,25000.0,0.0,25.18287808326336,17.0,20.0,0.0,121.0,10.009908031316662,9.0,11.0,1.0,15180.608198417642,10000.0,19000.0,1.0,16.5,17.569363740116557,19.0,1.0,21758.08006574679,10000.0,25000.0,1.0,18.89002334835396,17.0,20.0,1.0,0.0,111.0,1.0,40.0
11.0,22.0,11.0,22.0,-121.0,21.0,13.0,-111.0,10.012037216499929,9.0,11.0,30000.0,10000.0,19000.0,0.0,24.719686698584855,16.5,19.0,0.0,10000.0,36537.713312799235,25000.0,0.0,26.026005950085192,17.0,20.0,0.0,121.0,10.003436233292474,9.0,11.0,1.0,15273.179992467198,10000.0,19000.0,1.0,16.5,17.606247741700823,19.0,1.0,21699.570834470822,10000.0,25000.0,1.0,18.890323330965288,17.0,20.0,1.0,0.0,211.0,1.0,22.0
91.0,24.0,91.0,24.0,-721.0,911.0,11.0,-711.0,15.077712509919158,12.0,17.0,30000.0,18000.0,36000.0,1.0,23.868263617730165,20.0,25.0,1.0,18000.0,33945.778417222384,36000.0,1.0,24.34876707313748,20.0,26.0,1.0,722.0,15.167588172318522,12.0,17.0,1.0,23366.42385350659,18000.0,36000.0,1.0,20.0,23.016435233850874,25.0,1.0,27371.479363887527,18000.0,36000.0,1.0,23.50415725175143,20.0,26.0,1.0,1.0,91121.0,7.0,9.0
11.0,22.0,11.0,21.0,-121.0,11.0,11.0,-111.0,9.998348241976975,9.0,11.0,30000.0,10000.0,19000.0,0.0,23.408115134419138,16.5,19.0,0.0,10000.0,36485.79527207509,25000.0,0.0,24.701318852427164,17.0,20.0,0.0,121.0,10.002215726732953,9.0,11.0,1.0,15985.358174044515,10000.0,19000.0,1.0,16.5,17.652904927831766,19.0,1.0,22492.67671701112,10000.0,25000.0,1.0,18.95040017413709,17.0,20.0,1.0,0.0,111.0,1.0,1.0
11.0,22.0,11.0,22.0,-121.0,11.0,11.0,-111.0,10.23361110288529,9.0,11.0,30000.0,10000.0,19000.0,0.0,25.742573241380565,16.5,19.0,0.0,10000.0,37075.36447300135,25000.0,0.0,27.079004189612,17.0,20.0,0.0,122.0,10.20313210533527,9.0,11.0,1.0,14371.008684299995,10000.0,19000.0,1.0,16.5,17.4357861184944,19.0,1.0,21279.325401679307,10000.0,25000.0,1.0,18.740664234175966,17.0,20.0,1.0,0.0,111.0,1.0,17.0
11.0,22.0,11.0,22.0,-121.0,11.0,11.0,-111.0,10.013329250259169,9.0,11.0,30000.0,10000.0,19000.0,0.0,24.048159082288635,16.5,19.0,0.0,10000.0,36488.640153210436,25000.0,0.0,25.344805085050286,17.0,20.0,0.0,121.0,10.000000090441217,9.0,11.0,1.0,12785.577597846994,10000.0,19000.0,1.0,16.5,17.057156523755832,19.0,1.0,19285.74174511985,10000.0,25000.0,1.0,18.356105403620244,17.0,20.0,1.0,0.0,111.0,1.0,15.0
81.0,23.0,81.0,23.0,-721.0,912.0,11.0,-711.0,15.23912246199758,12.0,17.0,30000.0,12500.0,23000.0,0.0,25.894696157591497,20.0,24.0,0.0,12500.0,34034.7965783459,26000.0,0.0,26.385688526757423,20.0,25.0,0.0,722.0,15.346231279108222,12.0,17.0,1.0,15473.917249353486,12500.0,23000.0,1.0,20.0,21.80093615008686,24.0,1.0,19443.06235554885,12500.0,26000.0,1.0,22.283939424579856,20.0,25.0,1.0,0.0,912.0,7.0,17.0
11.0,22.0,11.0,22.0,-121.0,11.0,12.0,-111.0,9.99741544764261,9.0,11.0,30000.0,10000.0,19000.0,0.0,24.05654793513927,16.5,19.0,0.0,10000.0,36557.85599387403,25000.0,0.0,25.3646352894516,17.0,20.0,0.0,121.0,10.001700618842436,9.0,11.0,1.0,15633.7733447697,10000.0,19000.0,1.0,16.5,17.619329307915905,19.0,1.0,22204.52862988939,10000.0,25000.0,1.0,18.92998966776141,17.0,20.0,1.0,0.0,111.0,1.0,49.0
11.0,22.0,11.0,22.0,-121.0,11.0,11.0,-111.0,10.206500516253698,9.0,11.0,30000.0,10000.0,19000.0,0.0,25.665727906251895,16.5,19.0,0.0,10000.0,36941.48394195321,25000.0,0.0,26.97813781916076,17.0,20.0,0.0,122.0,10.20472948643852,9.0,11.0,1.0,14045.28165624403,10000.0,19000.0,1.0,16.5,17.33494205904428,19.0,1.0,21108.619633038346,10000.0,25000.0,1.0,18.670390625444348,17.0,20.0,1.0,0.0,111.0,1.0,15.0
11.0,21.0,11.0,22.0,-121.0,11.0,11.0,-111.0,10.004055782429656,9.0,11.0,30000.0,10000.0,19000.0,0.0,26.990250975491914,16.5,19.0,0.0,10000.0,36478.92072816527,25000.0,0.0,28.282404180384358,17.0,20.0,0.0,121.0,10.002824241128831,9.0,11.0,1.0,14834.709884830077,10000.0,19000.0,1.0,16.5,17.494400667186383,19.0,1.0,21288.475790000553,10000.0,25000.0,1.0,18.781537004838896,17.0,20.0,1.0,0.0,111.0,1.0,43.0
91.0,24.0,91.0,24.0,-721.0,911.0,11.0,-711.0,15.39427370665542,12.0,17.0,30000.0,18000.0,36000.0,1.0,24.515706372198633,20.0,25.0,1.0,18000.0,34057.704012352835,36000.0,1.0,25.007948463134426,20.0,26.0,1.0,722.0,15.356425366222556,12.0,17.0,1.0,24455.750220950325,18000.0,36000.0,1.0,20.0,23.327772156099602,25.0,1.0,28527.407996697468,18000.0,36000.0,1.0,23.821706985009563,20.0,26.0,1.0,1.0,91121.0,7.0,28.0
11.0,21.0,11.0,22.0,-121.0,11.0,12.0,-111.0,9.993461930696972,9.0,11.0,30000.0,10000.0,19000.0,0.0,26.827616665432267,16.5,19.0,0.0,10000.0,36553.617963751705,25000.0,0.0,28.13332252910881,17.0,20.0,0.0,121.0,10.004537708906394,9.0,11.0,1.0,16155.309961645902,10000.0,19000.0,1.0,16.5,17.723657816306748,19.0,1.0,22617.275434793628,10000.0,25000.0,1.0,19.01110335491337,17.0,20.0,1.0,0.0,111.0,1.0,51.0
11.0,22.0,11.0,21.0,-121.0,21.0,13.0,-111.0,10.224663491656536,9.0,11.0,30000.0,10000.0,19000.0,0.0,25.185448469320278,16.5,19.0,0.0,10000.0,37169.25486622623,25000.0,0.0,26.538693158150043,17.0,20.0,0.0,122.0,10.21064215817617,9.0,11.0,1.0,14294.730879353401,10000.0,19000.0,1.0,16.5,17.40531291054516,19.0,1.0,21174.51637121121,10000.0,25000.0,1.0,18.70391832364094,17.0,20.0,1.0,0.0,211.0,1.0,2.0
11.0,22.0,11.0,22.0,-121.0,11.0,11.0,-111.0,10.233826214246314,9.0,11.0,30000.0,10000.0,19000.0,0.0,23.055432073295794,16.5,19.0,0.0,10000.0,36969.015685187114,25000.0,0.0,24.370576614390178,17.0,20.0,0.0,122.0,10.225049469688704,9.0,11.0,1.0,16603.386675220874,10000.0,19000.0,1.0,16.5,17.868461578055033,19.0,1.0,23618.153776627416,10000.0,25000.0,1.0,19.192240010649503,17.0,20.0,1.0,0.0,111.0,1.0,44.0
11.0,22.0,11.0,22.0,-121.0,11.0,12.0,-111.0,10.197835106711043,9.0,11.0,30000.0,10000.0,19000.0,0.0,23.596258541299594,16.5,19.0,0.0,10000.0,36846.49764127193,25000.0,0.0,24.88457796127412,17.0,20.0,0.0,122.0,10.175713808268629,9.0,11.0,1.0,15090.869358596798,10000.0,19000.0,1.0,16.5,17.55217918667652,19.0,1.0,22006.378675324464,10000.0,25000.0,1.0,18.853484674324335,17.0,20.0,1.0,0.0,111.0,1.0,40.0
11.0,22.0,11.0,22.0,-121.0,21.0,13.0,-111.0,10.02387705785222,9.0,11.0,30000.0,10000.0,19000.0,0.0,24.341196777966204,16.5,19.0,0.0,10000.0,36550.53732521487,25000.0,0.0,25.649579382905088,17.0,20.0,0.0,121.0,10.006857221975483,9.0,11.0,1.0,14167.893588337296,10000.0,19000.0,1.0,16.5,17.357742306157434,19.0,1.0,20629.301660329074,10000.0,25000.0,1.0,18.648322529594058,17.0,20.0,1.0,0.0,211.0,1.0,47.0
11.0,22.0,11.0,22.0,-121.0,11.0,12.0,-111.0,10.19384779175594,9.0,11.0,30000.0,10000.0,19000.0,0.0,23.598042499033852,16.5,19.0,0.0,10000.0,37067.64516628509,25000.0,0.0,24.934984697549915,17.0,20.0,0.0,122.0,10.202445019346161,9.0,11.0,1.0,14473.580050601448,10000.0,19000.0,1.0,16.5,17.489601731622052,19.0,1.0,21577.82949104465,10000.0,25000.0,1.0,18.833468131568246,17.0,20.0,1.0,0.0,111.0,1.0,49.0
91.0,24.0,91.0,24.0,-721.0,911.0,12.0,-711.0,15.586945497373433,12.0,17.0,30000.0,18000.0,36000.0,1.0,25.517042427822815,20.0,25.0,0.0,18000.0,34560.678958900746,36000.0,1.0,26.087589724854222,20.0,26.0,0.0,721.0,15.415003764173274,12.0,17.0,1.0,27185.707020246628,18000.0,36000.0,1.0,20.0,23.875776519324738,25.0,1.0,31789.33617926148,18000.0,36000.0,1.0,24.451696946278883,20.0,26.0,1.0,0.0,91121.0,7.0,23.0
11.0,22.0,11.0,22.0,-121.0,21.0,12.0,-111.0,10.201216760913391,9.0,11.0,30000.0,10000.0,19000.0,0.0,24.437162161432667,16.5,19.0,0.0,10000.0,37070.70627251856,25000.0,0.0,25.77307851941675,17.0,20.0,0.0,122.0,10.221292849201982,9.0,11.0,1.0,17795.965685840438,10000.0,19000.0,1.0,16.5,18.079044047428553,19.0,1.0,24680.728678958898,10000.0,25000.0,1.0,19.379828884029365,17.0,20.0,1.0,0.0,211.0,1.0,48.0
11.0,22.0,11.0,21.0,-121.0,11.0,11.0,-111.0,10.219471957213504,9.0,11.0,30000.0,10000.0,19000.0,0.0,24.18710928281908,16.5,19.0,0.0,10000.0,37145.3601562824,25000.0,0.0,25.53545379392711,17.0,20.0,0.0,122.0,10.197903129979673,9.0,11.0,1.0,11965.892880512614,10000.0,19000.0,1.0,16.5,16.91979632099055,19.0,1.0,18889.59394016503,10000.0,25000.0,1.0,18.226313293704255,17.0,20.0,1.0,0.0,111.0,1.0,26.0
11.0,22.0,11.0,22.0,-121.0,21.0,13.0,-111.0,10.188093949967493,9.0,11.0,30000.0,10000.0,19000.0,0.0,25.360207438874152,16.5,19.0,0.0,10000.0,36993.72750472302,25000.0,0.0,26.680840587334963,17.0,20.0,0.0,122.0,10.197849377800141,9.0,11.0,1.0,14941.545086487024,10000.0,19000.0,1.0,16.5,17.557568619887956,19.0,1.0,21884.82416672605,10000.0,25000.0,1.0,18.868675537649015,17.0,20.0,1.0,0.0,211.0,1.0,41.0
92.0,24.0,92.0,24.0,-721.0,921.0,13.0,-711.0,15.290167983083991,12.0,17.0,30000.0,15000.0,28000.0,0.0,24.69345745495311,19.5,25.0,1.0,15000.0,34022.03759918391,28000.0,0.0,25.183248342064186,20.0,26.0,1.0,722.0,15.2156416573437,12.0,17.0,1.0,20019.018865541275,15000.0,28000.0,1.0,19.5,21.620243849324,25.0,1.0,23881.04031922974,15000.0,28000.0,1.0,22.090548481540242,20.0,26.0,1.0,0.0,92122.0,7.0,25.0
91.0,24.0,91.0,24.0,-721.0,911.0,11.0,-711.0,15.141555928454444,12.0,17.0,30000.0,18000.0,36000.0,1.0,24.10999898500566,20.0,25.0,1.0,18000.0,33937.325680216105,36000.0,1.0,24.589952360083053,20.0,26.0,1.0,722.0,15.111375396478024,12.0,17.0,1.0,23957.726320718157,18000.0,36000.0,1.0,20.0,23.034096821524347,25.0,1.0,27923.31164814641,18000.0,36000.0,1.0,23.517495000044374,20.0,26.0,1.0,1.0,91121.0,7.0,16.0
91.0,24.0,91.0,24.0,-721.0,911.0,12.0,-711.0,14.998901748294408,12.0,17.0,30000.0,18000.0,36000.0,1.0,25.049933007501448,20.0,25.0,0.0,18000.0,34026.52374325762,36000.0,1.0,25.539702402002195,20.0,26.0,1.0,722.0,15.143680192896145,12.0,17.0,1.0,25923.261708025933,18000.0,36000.0,1.0,20.0,23.257685169341947,25.0,1.0,29970.712028645958,18000.0,36000.0,1.0,23.749999984601956,20.0,26.0,1.0,0.0,91121.0,7.0,23.0
11.0,21.0,11.0,21.0,-121.0,21.0,12.0,-111.0,10.178023433550099,9.0,11.0,30000.0,10000.0,19000.0,0.0,25.34922867550949,16.5,19.0,0.0,10000.0,37094.80171189348,25000.0,0.0,26.691987139417048,17.0,20.0,0.0,122.0,10.221140271262252,9.0,11.0,1.0,15130.568069882176,10000.0,19000.0,1.0,16.5,17.52192687123473,19.0,1.0,22333.89251256294,10000.0,25000.0,1.0,18.885224290451877,17.0,20.0,1.0,0.0,211.0,1.0,6.0
11.0,21.0,11.0,21.0,-121.0,21.0,13.0,-111.0,10.215777455721762,9.0,11.0,30000.0,10000.0,19000.0,0.0,26.6656725414783,16.5,19.0,0.0,10000.0,37017.36555551778,25000.0,0.0,27.990334194556535,17.0,20.0,0.0,122.0,10.18489161165109,9.0,11.0,1.0,11970.299680671847,10000.0,19000.0,1.0,16.5,16.926680294836256,19.0,1.0,18927.429756876278,10000.0,25000.0,1.0,18.239971351788363,17.0,20.0,1.0,0.0,211.0,1.0,34.0
92.0,24.0,92.0,24.0,-721.0,921.0,13.0,-711.0,15.575137824470431,12.0,17.0,30000.0,15000.0,28000.0,0.0,24.75800200565427,19.5,25.0,1.0,15000.0,34464.84212941166,28000.0,0.0,25.315136760043387,20.0,26.0,1.0,721.0,14.746207635054995,12.0,17.0,1.0,23668.33771540969,15000.0,28000.0,1.0,19.5,21.78451042563537,25.0,1.0,28139.145868024912,15000.0,28000.0,0.0,22.3423896361051,20.0,26.0,1.0,0.0,92122.0,7.0,22.0
11.0,21.0,11.0,21.0,-121.0,11.0,11.0,-111.0,10.18915033800831,9.0,11.0,30000.0,10000.0,19000.0,0.0,24.403731412802877,16.5,19.0,0.0,10000.0,36891.02920324902,25000.0,0.0,25.709717415668358,17.0,20.0,0.0,122.0,10.215739399704148,9.0,11.0,1.0,11165.22864982666,10000.0,19000.0,1.0,16.5,16.83917630174111,19.0,1.0,18134.607813772767,10000.0,25000.0,1.0,18.160011168103964,17.0,20.0,1.0,0.0,111.0,1.0,56.0
11.0,22.0,11.0,22.0,-121.0,21.0,12.0,-111.0,10.186188292091613,9.0,11.0,30000.0,10000.0,19000.0,0.0,24.889023432429177,16.5,19.0,0.0,10000.0,37050.36082155924,25000.0,0.0,26.220800068401413,17.0,20.0,0.0,122.0,10.189279147184713,9.0,11.0,1.0,16728.02692590331,10000.0,19000.0,1.0,16.5,17.88507606581886,19.0,1.0,23649.038545409705,10000.0,25000.0,1.0,19.19241930759532,17.0,20.0,1.0,0.0,211.0,1.0,48.0
81.0,23.0,81.0,21.0,-721.0,912.0,12.0,-711.0,15.133309388215881,12.0,17.0,30000.0,12500.0,23000.0,0.0,26.39578896066393,20.0,24.0,0.0,12500.0,34524.899897622694,26000.0,0.0,26.959921368803478,20.0,25.0,0.0,721.0,14.939469518993397,12.0,17.0,1.0,17112.491194190334,12500.0,23000.0,1.0,20.0,21.46742217355774,24.0,1.0,21601.873166259727,12500.0,26000.0,1.0,22.027126458793393,20.0,25.0,1.0,0.0,912.0,7.0,11.0
91.0,24.0,91.0,21.0,-721.0,911.0,11.0,-711.0,15.002070170537525,12.0,17.0,30000.0,18000.0,36000.0,1.0,24.660724262812764,20.0,25.0,1.0,18000.0,33905.1626370515,36000.0,1.0,25.136252536913158,20.0,26.0,1.0,722.0,15.279650317178302,12.0,17.0,1.0,29388.019828875535,18000.0,36000.0,1.0,20.0,23.803240084422697,25.0,1.0,33426.62289612879,18000.0,36000.0,1.0,24.295017284205983,20.0,26.0,1.0,1.0,91121.0,7.0,3.0
11.0,22.0,11.0,21.0,-121.0,21.0,12.0,-111.0,10.197065066676565,9.0,11.0,30000.0,10000.0,19000.0,0.0,24.150455253374414,16.5,19.0,0.0,10000.0,36854.70596747363,25000.0,0.0,25.44865606023133,17.0,20.0,0.0,122.0,10.205352397483047,9.0,11.0,1.0,14363.311470863755,10000.0,19000.0,1.0,16.5,17.457966889270267,19.0,1.0,21269.47856195089,10000.0,25000.0,1.0,18.765913828567264,17.0,20.0,1.0,0.0,211.0,1.0,53.0
91.0,24.0,91.0,24.0,-721.0,911.0,11.0,-711.0,15.045027809166037,12.0,17.0,30000.0,18000.0,36000.0,1.0,24.310740162169797,20.0,25.0,1.0,18000.0,33952.62171847423,36000.0,1.0,24.79373249567569,20.0,26.0,1.0,722.0,15.282750860655476,12.0,17.0,1.0,24962.822017058425,18000.0,36000.0,1.0,20.0,23.248574329374676,25.0,1.0,28881.38240056279,18000.0,36000.0,1.0,23.727404523209447,20.0,26.0,1.0,1.0,91121.0,7.0,16.0
11.0,22.0,11.0,22.0,-121.0,21.0,13.0,-111.0,10.18184265882969,9.0,11.0,30000.0,10000.0,19000.0,0.0,26.746343115907816,16.5,19.0,0.0,10000.0,36973.54862860693,25000.0,0.0,28.05907075019157,17.0,20.0,0.0,122.0,10.189176902630557,9.0,11.0,1.0,13779.913001564846,10000.0,19000.0,1.0,16.5,17.278612835808094,19.0,1.0,20720.97451879606,10000.0,25000.0,1.0,18.585224971207104,17.0,20.0,1.0,0.0,211.0,1.0,13.0
11.0,22.0,11.0,22.0,-121.0,21.0,13.0,-111.0,10.209691857711142,9.0,11.0,30000.0,10000.0,19000.0,0.0,23.719346037188856,16.5,19.0,0.0,10000.0,36853.01923152845,25000.0,0.0,25.01481913934544,17.0,20.0,0.0,122.0,10.187514651407936,9.0,11.0,1.0,14838.841825297131,10000.0,19000.0,1.0,16.5,17.523728036915948,19.0,1.0,21701.693095109444,10000.0,25000.0,1.0,18.821059756523585,17.0,20.0,1.0,0.0,211.0,1.0,41.0
91.0,24.0,91.0,24.0,-721.0,911.0,11.0,-711.0,15.52278762721011,12.0,17.0,30000.0,18000.0,36000.0,1.0,25.110130035623648,20.0,25.0,0.0,18000.0,34489.1625579579,36000.0,1.0,25.671314298660434,20.0,26.0,1.0,721.0,14.512341533606074,12.0,17.0,1.0,20801.65883801005,18000.0,36000.0,1.0,20.0,22.05273728054847,25.0,1.0,25311.804902175907,18000.0,36000.0,1.0,22.616544663892267,20.0,26.0,1.0,0.0,91121.0,7.0,9.0
11.0,22.0,11.0,21.0,-121.0,11.0,11.0,-111.0,10.005126024537407,9.0,11.0,30000.0,10000.0,19000.0,0.0,23.619554687031787,16.5,19.0,0.0,10000.0,36509.69296758404,25000.0,0.0,24.92016570371639,17.0,20.0,0.0,121.0,10.009038144258229,9.0,11.0,1.0,12712.777688075523,10000.0,19000.0,1.0,16.5,17.00119808719153,19.0,1.0,19246.998932189992,10000.0,25000.0,1.0,18.306709756923002,17.0,20.0,1.0,0.0,111.0,1.0,26.0
81.0,23.0,81.0,21.0,-721.0,912.0,12.0,-711.0,15.265110236935215,12.0,17.0,30000.0,12500.0,23000.0,0.0,26.793012279215922,20.0,24.0,0.0,12500.0,34027.52916719912,26000.0,0.0,27.284413036470923,20.0,25.0,0.0,722.0,15.24960469589872,12.0,17.0,1.0,15384.339816645765,12500.0,23000.0,1.0,20.0,21.69746422175491,24.0,1.0,19392.384539529066,12500.0,26000.0,1.0,22.186487672653083,20.0,25.0,1.0,0.0,912.0,7.0,30.0
91.0,24.0,91.0,24.0,-721.0,911.0,11.0,-711.0,15.138101726072078,12.0,17.0,30000.0,18000.0,36000.0,1.0,24.08260268684959,20.0,25.0,1.0,18000.0,33945.96327792848,36000.0,1.0,24.563575269900102,20.0,26.0,1.0,722.0,15.130337969905556,12.0,17.0,1.0,25647.229457414014,18000.0,36000.0,1.0,20.0,23.28734873808485,25.0,1.0,29590.25214427831,18000.0,36000.0,1.0,23.767962893147008,20.0,26.0,1.0,1.0,91121.0,7.0,0.0
11.0,21.0,11.0,21.0,-121.0,11.0,11.0,-111.0,10.207663501930101,9.0,11.0,30000.0,10000.0,19000.0,0.0,24.559040149749844,16.5,19.0,0.0,10000.0,36949.21828598002,25000.0,0.0,25.868849605533686,17.0,20.0,0.0,122.0,10.18858354632337,9.0,11.0,1.0,12053.833282653766,10000.0,19000.0,1.0,16.5,16.92720977481821,19.0,1.0,19081.723421712264,10000.0,25000.0,1.0,18.25184753686984,17.0,20.0,1.0,0.0,111.0,1.0,18.0
11.0,22.0,11.0,21.0,-121.0,11.0,11.0,-111.0,9.99716436842738,9.0,11.0,30000.0,10000.0,19000.0,0.0,23.84180603889797,16.5,19.0,0.0,10000.0,36486.543326206505,25000.0,0.0,25.141584126224778,17.0,20.0,0.0,121.0,9.999047226003409,9.0,11.0,1.0,13739.585983684246,10000.0,19000.0,1.0,16.5,17.2187172964932,19.0,1.0,20183.234087491113,10000.0,25000.0,1.0,18.509900009161704,17.0,20.0,1.0,0.0,111.0,1.0,0.0
11.0,22.0,11.0,21.0,-121.0,11.0,11.0,-111.0,10.22147805925663,9.0,11.0,30000.0,10000.0,19000.0,0.0,22.927478581464165,16.5,19.0,0.0,10000.0,36900.24296675869,25000.0,0.0,24.2265576417349,17.0,20.0,0.0,122.0,10.206500897720728,9.0,11.0,1.0,13253.286749289835,10000.0,19000.0,1.0,16.5,17.18271778749438,19.0,1.0,20030.213187394646,10000.0,25000.0,1.0,18.458580575391625,17.0,20.0,1.0,0.0,111.0,1.0,1.0
11.0,21.0,11.0,21.0,-121.0,11.0,11.0,-111.0,10.207844007338114,9.0,11.0,30000.0,10000.0,19000.0,0.0,25.568344067606915,16.5,19.0,0.0,10000.0,36998.056782724445,25000.0,0.0,26.89009823857608,17.0,20.0,0.0,122.0,10.192749045988618,9.0,11.0,1.0,12958.295069768239,10000.0,19000.0,1.0,16.5,17.137341883799067,19.0,1.0,19771.862888121854,10000.0,25000.0,1.0,18.42425080190362,17.0,20.0,1.0,0.0,111.0,1.0,56.0
11.0,21.0,11.0,22.0,-121.0,21.0,13.0,-111.0,10.015318307199252,9.0,11.0,30000.0,10000.0,19000.0,0.0,26.194270767360056,16.5,19.0,0.0,10000.0,36512.11337910078,25000.0,0.0,27.492217148844787,17.0,20.0,0.0,121.0,9.991923634234414,9.0,11.0,1.0,14535.908976564922,10000.0,19000.0,1.0,16.5,17.396767991568645,19.0,1.0,20995.616354295988,10000.0,25000.0,1.0,18.684269195599278,17.0,20.0,1.0,0.0,211.0,1.0,9.0
11.0,22.0,11.0,21.0,-121.0,11.0,11.0,-111.0,9.995995235192376,9.0,11.0,30000.0,10000.0,19000.0,0.0,25.116884563850135,16.5,19.0,0.0,10000.0,36527.65926202694,25000.0,0.0,26.42032037452229,17.0,20.0,0.0,121.0,10.002395875357786,9.0,11.0,1.0,16831.749320209616,10000.0,19000.0,1.0,16.5,17.846125447841015,19.0,1.0,23296.56806194749,10000.0,25000.0,1.0,19.137013332646006,17.0,20.0,1.0,0.0,111.0,1.0,26.0
11.0,21.0,11.0,21.0,-121.0,21.0,12.0,-111.0,10.012781178992062,9.0,11.0,30000.0,10000.0,19000.0,0.0,25.251272080998355,16.5,19.0,0.0,10000.0,36462.98890039288,25000.0,0.0,26.538227668150597,17.0,20.0,0.0,121.0,9.992441602472963,9.0,11.0,1.0,14487.979275320215,10000.0,19000.0,1.0,16.5,17.389590442586297,19.0,1.0,21072.83632846704,10000.0,25000.0,1.0,18.700813269323785,17.0,20.0,1.0,0.0,211.0,1.0,6.0
92.0,24.0,92.0,24.0,-721.0,921.0,13.0,-711.0,15.175170130620474,12.0,17.0,30000.0,15000.0,28000.0,0.0,24.29170935589182,19.5,25.0,1.0,15000.0,33970.77099964411,28000.0,0.0,24.774252606013107,20.0,26.0,1.0,722.0,15.460671760984868,12.0,17.0,1.0,25768.793819529965,15000.0,28000.0,1.0,19.5,22.693087584164765,25.0,1.0,29798.314029237565,15000.0,28000.0,0.0,23.18277026256551,20.0,26.0,1.0,0.0,92122.0,7.0,20.0
11.0,22.0,11.0,22.0,-121.0,21.0,13.0,-111.0,10.224603218684754,9.0,11.0,30000.0,10000.0,19000.0,0.0,25.271810938589994,16.5,19.0,0.0,10000.0,37044.55808949545,25000.0,0.0,26.609423874330812,17.0,20.0,0.0,122.0,10.219548462417372,9.0,11.0,1.0,13814.486654689004,10000.0,19000.0,1.0,16.5,17.37865690359198,19.0,1.0,20881.858870177733,10000.0,25000.0,1.0,18.720601760463772,17.0,20.0,1.0,0.0,211.0,1.0,3.0
92.0,24.0,92.0,24.0,-721.0,921.0,13.0,-711.0,15.149584540794097,12.0,17.0,30000.0,15000.0,28000.0,0.0,23.94540827341739,19.5,25.0,1.0,15000.0,33987.661138815856,28000.0,0.0,24.430884728516055,20.0,26.0,1.0,722.0,15.054176819609387,12.0,17.0,1.0,21692.62683663888,15000.0,28000.0,1.0,19.5,21.741825621754934,25.0,1.0,25718.128096968147,15000.0,28000.0,1.0,22.231908909634353,20.0,26.0,1.0,0.0,92122.0,7.0,25.0
11.0,22.0,11.0,21.0,-121.0,11.0,11.0,-111.0,10.177110839545438,9.0,11.0,30000.0,10000.0,19000.0,0.0,25.078793815304365,16.5,19.0,0.0,10000.0,37042.84924594441,25000.0,0.0,26.404594980677764,17.0,20.0,0.0,122.0,10.20079376547667,9.0,11.0,1.0,12843.069059447464,10000.0,19000.0,1.0,16.5,17.088369483525543,19.0,1.0,19697.70499837845,10000.0,25000.0,1.0,18.378739900197218,17.0,20.0,1.0,0.0,111.0,1.0,26.0
91.0,24.0,91.0,24.0,-721.0,911.0,12.0,-711.0,14.374249986916436,12.0,17.0,30000.0,18000.0,36000.0,1.0,23.639447484970255,20.0,25.0,1.0,18000.0,34492.75451139727,36000.0,1.0,24.198642869053664,20.0,26.0,1.0,721.0,15.089182290360851,12.0,17.0,1.0,22470.692739197002,18000.0,36000.0,1.0,20.0,22.833645138788125,25.0,1.0,26993.754517684974,18000.0,36000.0,1.0,23.396612748533613,20.0,26.0,1.0,1.0,91121.0,7.0,24.0
11.0,22.0,11.0,22.0,-121.0,11.0,12.0,-111.0,10.18450544250351,9.0,11.0,30000.0,10000.0,19000.0,0.0,23.925195188088466,16.5,19.0,0.0,10000.0,37112.24986769456,25000.0,0.0,25.264306351118318,17.0,20.0,0.0,122.0,10.200921281295088,9.0,11.0,1.0,14512.791705002744,10000.0,19000.0,1.0,16.5,17.438836595049825,19.0,1.0,21465.85582213024,10000.0,25000.0,1.0,18.747975889888167,17.0,20.0,1.0,0.0,111.0,1.0,49.0
11.0,22.0,11.0,22.0,-121.0,11.0,11.0,-111.0,9.984223252991974,9.0,11.0,30000.0,10000.0,19000.0,0.0,24.17676720533673,16.5,19.0,0.0,10000.0,36539.91991118574,25000.0,0.0,25.478740311846785,17.0,20.0,0.0,121.0,10.002890482030645,9.0,11.0,1.0,12890.176744117416,10000.0,19000.0,1.0,16.5,17.058774935519335,19.0,1.0,19442.4337797685,10000.0,25000.0,1.0,18.363204127804703,17.0,20.0,1.0,0.0,111.0,1.0,15.0
11.0,22.0,11.0,22.0,-121.0,11.0,11.0,-111.0,10.01237246878093,9.0,11.0,30000.0,10000.0,19000.0,0.0,23.024547168083682,16.5,19.0,0.0,10000.0,36483.011736466746,25000.0,0.0,24.315909048806585,17.0,20.0,0.0,121.0,9.994499181138163,9.0,11.0,1.0,11526.13214834613,10000.0,19000.0,1.0,16.5,16.798256463483092,19.0,1.0,17954.384132485775,10000.0,25000.0,1.0,18.078710658144704,17.0,20.0,1.0,0.0,111.0,1.0,44.0
11.0,21.0,11.0,21.0,-121.0,21.0,13.0,-111.0,9.988429006507186,9.0,11.0,30000.0,10000.0,19000.0,0.0,25.154757724416868,16.5,19.0,0.0,10000.0,36504.599912566904,25000.0,0.0,26.46080707268776,17.0,20.0,0.0,121.0,10.007532389301497,9.0,11.0,1.0,12918.991554316448,10000.0,19000.0,1.0,16.5,17.076975872612763,19.0,1.0,19386.5753637256,10000.0,25000.0,1.0,18.37559281027354,17.0,20.0,1.0,0.0,211.0,1.0,34.0
11.0,22.0,11.0,21.0,-121.0,11.0,11.0,-111.0,9.992073292047781,9.0,11.0,30000.0,10000.0,19000.0,0.0,25.92344170701969,16.5,19.0,0.0,10000.0,36495.76492313414,25000.0,0.0,27.220812606360727,17.0,20.0,0.0,121.0,9.99746323211289,9.0,11.0,1.0,13680.008584119709,10000.0,19000.0,1.0,16.5,17.21670331768399,19.0,1.0,20155.666578130957,10000.0,25000.0,1.0,18.510058347450336,17.0,20.0,1.0,0.0,111.0,1.0,39.0
81.0,23.0,81.0,23.0,-721.0,912.0,12.0,-711.0,15.08604791531286,12.0,17.0,30000.0,12500.0,23000.0,0.0,26.052431102429633,20.0,24.0,0.0,12500.0,34438.283050436185,26000.0,0.0,26.605828641757487,20.0,25.0,0.0,721.0,15.228577123400465,12.0,17.0,1.0,18596.42959206805,12500.0,23000.0,1.0,20.0,22.138984304591013,24.0,1.0,23125.30686727993,12500.0,26000.0,1.0,22.703677793388167,20.0,25.0,1.0,0.0,912.0,7.0,10.0
11.0,21.0,11.0,22.0,-121.0,21.0,13.0,-111.0,9.987497947038927,9.0,11.0,30000.0,10000.0,19000.0,0.0,27.49334769879806,16.5,19.0,0.0,10000.0,36546.86965084732,25000.0,0.0,28.796478204753686,17.0,20.0,0.0,121.0,10.005440808079676,9.0,11.0,1.0,15846.640213550423,10000.0,19000.0,1.0,16.5,17.67766901457923,19.0,1.0,22338.408450599894,10000.0,25000.0,1.0,18.969831785255145,17.0,20.0,1.0,0.0,211.0,1.0,52.0
11.0,22.0,11.0,22.0,-121.0,21.0,13.0,-111.0,10.19354571138736,9.0,11.0,30000.0,10000.0,19000.0,0.0,25.60962166537076,16.5,19.0,0.0,10000.0,36895.35574699138,25000.0,0.0,26.905895497115445,17.0,20.0,0.0,122.0,10.212202304300082,9.0,11.0,1.0,15856.442947816695,10000.0,19000.0,1.0,16.5,17.728414606775498,19.0,1.0,22637.753622560416,10000.0,25000.0,1.0,19.00324884233132,17.0,20.0,1.0,0.0,211.0,1.0,13.0
11.0,21.0,11.0,22.0,-121.0,11.0,11.0,-111.0,10.191304564622232,9.0,11.0,30000.0,10000.0,19000.0,0.0,27.182663526827014,16.5,19.0,0.0,10000.0,37011.596543798354,25000.0,0.0,28.499505312160366,17.0,20.0,0.0,122.0,10.225283440487331,9.0,11.0,1.0,19042.060748659576,10000.0,19000.0,0.0,16.5,18.33015481019612,19.0,1.0,26098.26188649612,10000.0,25000.0,0.0,19.655373745138757,17.0,20.0,1.0,0.0,111.0,1.0,29.0
11.0,22.0,11.0,22.0,-121.0,21.0,13.0,-111.0,10.000678625904897,9.0,11.0,30000.0,10000.0,19000.0,0.0,25.983979149322536,16.5,19.0,0.0,10000.0,36465.91277649642,25000.0,0.0,27.281785684941394,17.0,20.0,0.0,121.0,10.000351081826388,9.0,11.0,1.0,12659.276609629307,10000.0,19000.0,1.0,16.5,17.050546539349156,19.0,1.0,19152.935130104524,10000.0,25000.0,1.0,18.353922065629654,17.0,20.0,1.0,0.0,211.0,1.0,16.0
11.0,22.0,11.0,22.0,-121.0,21.0,12.0,-111.0,10.204800513470905,9.0,11.0,30000.0,10000.0,19000.0,0.0,23.604394106724627,16.5,19.0,0.0,10000.0,36910.05683856182,25000.0,0.0,24.906558716794123,17.0,20.0,0.0,122.0,10.1974816591524,9.0,11.0,1.0,17713.993656832303,10000.0,19000.0,1.0,16.5,18.064520608461894,19.0,1.0,24654.814604347757,10000.0,25000.0,1.0,19.372482556364588,17.0,20.0,1.0,0.0,211.0,1.0,25.0
11.0,22.0,11.0,22.0,-121.0,21.0,13.0,-111.0,10.193018603815077,9.0,11.0,30000.0,10000.0,19000.0,0.0,27.088351674165363,16.5,19.0,0.0,10000.0,37033.35037667731,25000.0,0.0,28.415828798353846,17.0,20.0,0.0,122.0,10.206678709659421,9.0,11.0,1.0,14129.02968555129,10000.0,19000.0,1.0,16.5,17.428928048975,19.0,1.0,20984.58762657481,10000.0,25000.0,1.0,18.722848563788983,17.0,20.0,1.0,0.0,211.0,1.0,8.0
81.0,23.0,81.0,23.0,-721.0,912.0,12.0,-711.0,14.757464172352984,12.0,17.0,30000.0,12500.0,23000.0,0.0,24.942719661257534,20.0,24.0,0.0,12500.0,34448.813024324154,26000.0,0.0,25.49814943968895,20.0,25.0,0.0,721.0,13.330502493653432,12.0,17.0,1.0,18954.87888809848,12500.0,23000.0,1.0,20.0,20.288596171936383,24.0,1.0,23426.716367341684,12500.0,26000.0,1.0,20.846900530131947,20.0,25.0,1.0,0.0,912.0,7.0,5.0
11.0,22.0,11.0,22.0,-121.0,11.0,11.0,-111.0,10.18961208752129,9.0,11.0,30000.0,10000.0,19000.0,0.0,24.113522631114062,16.5,19.0,0.0,10000.0,36947.52325554247,25000.0,0.0,25.42258335179137,17.0,20.0,0.0,122.0,10.218090625452255,9.0,11.0,1.0,13976.676700696724,10000.0,19000.0,1.0,16.5,17.36042097622611,19.0,1.0,20945.079830086703,10000.0,25000.0,1.0,18.67341590794541,17.0,20.0,1.0,0.0,111.0,1.0,55.0
91.0,24.0,91.0,24.0,-721.0,911.0,12.0,-711.0,15.028040355696671,12.0,17.0,30000.0,18000.0,36000.0,1.0,24.238104776442302,20.0,25.0,1.0,18000.0,34045.90304024218,36000.0,1.0,24.732438460971533,20.0,26.0,1.0,722.0,15.504794499553977,12.0,17.0,1.0,27738.29212960025,18000.0,36000.0,1.0,20.0,23.99338567457299,25.0,1.0,31753.69296666052,18000.0,36000.0,1.0,24.483992560329437,20.0,26.0,1.0,1.0,91121.0,7.0,8.0
91.0,24.0,91.0,24.0,-721.0,911.0,12.0,-711.0,15.297418228514214,12.0,17.0,30000.0,18000.0,36000.0,1.0,24.613981820733915,20.0,25.0,1.0,18000.0,34155.59129632858,36000.0,1.0,25.11986903423819,20.0,26.0,1.0,722.0,15.104878780895739,12.0,17.0,1.0,26294.054719618995,18000.0,36000.0,1.0,20.0,23.366665657902963,25.0,1.0,30349.148565566666,18000.0,36000.0,1.0,23.8603186617576,20.0,26.0,1.0,1.0,91121.0,7.0,13.0
81.0,21.0,81.0,23.0,-721.0,912.0,12.0,-711.0,15.216291582165347,12.0,17.0,30000.0,12500.0,23000.0,0.0,27.853863810412705,20.0,24.0,0.0,12500.0,34069.522167026,26000.0,0.0,28.35130267449254,20.0,25.0,0.0,722.0,15.438667410238274,12.0,17.0,1.0,16438.06850262307,12500.0,23000.0,1.0,20.0,21.961537446668792,24.0,1.0,20355.61151624023,12500.0,26000.0,1.0,22.440399108233777,20.0,25.0,1.0,0.0,912.0,7.0,7.0
92.0,24.0,92.0,24.0,-721.0,921.0,13.0,-711.0,15.072441486142454,12.0,17.0,30000.0,15000.0,28000.0,0.0,24.295941569827743,19.5,25.0,1.0,15000.0,33959.16608586194,28000.0,0.0,24.779331425591646,20.0,26.0,1.0,722.0,15.63445076593911,12.0,17.0,1.0,22409.615039547625,15000.0,28000.0,1.0,19.5,22.37330712866877,25.0,1.0,26426.7555155361,15000.0,28000.0,1.0,22.86377530129878,20.0,26.0,1.0,0.0,92122.0,7.0,22.0
11.0,22.0,11.0,22.0,-121.0,21.0,13.0,-111.0,9.99861514545153,9.0,11.0,30000.0,10000.0,19000.0,0.0,25.912198898975475,16.5,19.0,0.0,10000.0,36509.779651680044,25000.0,0.0,27.221318218289124,17.0,20.0,0.0,121.0,9.999045450523516,9.0,11.0,1.0,11967.414264266694,10000.0,19000.0,1.0,16.5,16.941835673281766,19.0,1.0,18492.564228268773,10000.0,25000.0,1.0,18.25404596861631,17.0,20.0,1.0,0.0,211.0,1.0,47.0
11.0,21.0,11.0,21.0,-121.0,11.0,11.0,-111.0,10.024878777518973,9.0,11.0,30000.0,10000.0,19000.0,0.0,26.81113407378521,16.5,19.0,0.0,10000.0,36432.785315901674,25000.0,0.0,28.10009600462353,17.0,20.0,0.0,121.0,9.992145863836583,9.0,11.0,1.0,13267.076287645865,10000.0,19000.0,1.0,16.5,17.11353950656423,19.0,1.0,19821.192598919733,10000.0,25000.0,1.0,18.426812995520134,17.0,20.0,1.0,0.0,111.0,1.0,56.0
11.0,22.0,11.0,22.0,-121.0,11.0,11.0,-111.0,10.204240041239293,9.0,11.0,30000.0,10000.0,19000.0,0.0,25.532855605682315,16.5,19.0,0.0,10000.0,36997.08133374789,25000.0,0.0,26.856537475054935,17.0,20.0,0.0,122.0,10.164087518970073,9.0,11.0,1.0,16507.225380442567,10000.0,19000.0,1.0,16.5,17.82851361972719,19.0,1.0,23445.481726252016,10000.0,25000.0,1.0,19.141067196275113,17.0,20.0,1.0,0.0,111.0,1.0,30.0
11.0,21.0,11.0,22.0,-121.0,11.0,12.0,-111.0,9.992611277792873,9.0,11.0,30000.0,10000.0,19000.0,0.0,24.848974774690852,16.5,19.0,0.0,10000.0,36483.39612242714,25000.0,0.0,26.146394596363432,17.0,20.0,0.0,121.0,10.002050920577302,9.0,11.0,1.0,15092.984050738312,10000.0,19000.0,1.0,16.5,17.54359051944903,19.0,1.0,21506.50939634427,10000.0,25000.0,1.0,18.827028204430952,17.0,20.0,1.0,0.0,111.0,1.0,7.0
11.0,22.0,11.0,22.0,-121.0,21.0,13.0,-111.0,9.98351623367367,9.0,11.0,30000.0,10000.0,19000.0,0.0,24.915760169501016,16.5,19.0,0.0,10000.0,36410.82324825612,25000.0,0.0,26.20097742789439,17.0,20.0,0.0,121.0,9.995151177386933,9.0,11.0,1.0,14362.711070493848,10000.0,19000.0,1.0,16.5,17.401170529276175,19.0,1.0,20881.48223432808,10000.0,25000.0,1.0,18.70802877178907,17.0,20.0,1.0,0.0,211.0,1.0,16.0
11.0,22.0,11.0,22.0,-121.0,11.0,11.0,-111.0,9.999898928051106,9.0,11.0,30000.0,10000.0,19000.0,0.0,25.33660943627808,16.5,19.0,0.0,10000.0,36479.339618494516,25000.0,0.0,26.62786462293693,17.0,20.0,0.0,121.0,9.997374733060305,9.0,11.0,1.0,9847.520524256013,10000.0,19000.0,0.0,16.5,16.493824323413286,19.0,0.0,16406.412424114336,10000.0,25000.0,1.0,17.800933331907366,17.0,20.0,1.0,0.0,111.0,1.0,27.0
11.0,22.0,11.0,22.0,-121.0,11.0,12.0,-111.0,10.20598160783032,9.0,11.0,30000.0,10000.0,19000.0,0.0,23.918301682729492,16.5,19.0,0.0,10000.0,36996.060300908546,25000.0,0.0,25.23620418103841,17.0,20.0,0.0,122.0,10.19926428560489,9.0,11.0,1.0,15712.946096109403,10000.0,19000.0,1.0,16.5,17.692631271362572,19.0,1.0,22785.35736290447,10000.0,25000.0,1.0,19.024916597200445,17.0,20.0,1.0,0.0,111.0,1.0,49.0
11.0,22.0,11.0,21.0,-121.0,21.0,13.0,-111.0,10.17294747238157,9.0,11.0,30000.0,10000.0,19000.0,0.0,25.454497965532248,16.5,19.0,0.0,10000.0,36952.4186907301,25000.0,0.0,26.76645959175452,17.0,20.0,0.0,122.0,10.19703410270479,9.0,11.0,1.0,13569.729163692307,10000.0,19000.0,1.0,16.5,17.23953951078043,19.0,1.0,20645.154506668227,10000.0,25000.0,1.0,18.574713203866818,17.0,20.0,1.0,0.0,211.0,1.0,20.0
11.0,22.0,11.0,22.0,-121.0,11.0,11.0,-111.0,10.204872641789171,9.0,11.0,30000.0,10000.0,19000.0,0.0,23.392116805473258,16.5,19.0,0.0,10000.0,36824.64238388292,25000.0,0.0,24.67823024181573,17.0,20.0,0.0,122.0,10.21286246226791,9.0,11.0,1.0,16428.865785470145,10000.0,19000.0,1.0,16.5,17.875283195106867,19.0,1.0,23391.73171805352,10000.0,25000.0,1.0,19.187445053213157,17.0,20.0,1.0,0.0,111.0,1.0,27.0
11.0,22.0,11.0,21.0,-121.0,11.0,12.0,-111.0,10.191547105383709,9.0,11.0,30000.0,10000.0,19000.0,0.0,23.869671172584848,16.5,19.0,0.0,10000.0,36911.88172669949,25000.0,0.0,25.173090566195338,17.0,20.0,0.0,122.0,10.221068115047082,9.0,11.0,1.0,14132.69524776072,10000.0,19000.0,1.0,16.5,17.371254620370173,19.0,1.0,21070.061786622817,10000.0,25000.0,1.0,18.67947985408741,17.0,20.0,1.0,0.0,111.0,1.0,46.0
11.0,22.0,11.0,21.0,-121.0,11.0,11.0,-111.0,10.198738544079323,9.0,11.0,30000.0,10000.0,19000.0,0.0,23.74320814046471,16.5,19.0,0.0,10000.0,36892.231115903895,25000.0,0.0,25.04580240018227,17.0,20.0,0.0,122.0,10.18631815112716,9.0,11.0,1.0,13438.976747034701,10000.0,19000.0,1.0,16.5,17.22376835613329,19.0,1.0,20496.68115166731,10000.0,25000.0,1.0,18.557636168987695,17.0,20.0,1.0,0.0,111.0,1.0,26.0
11.0,22.0,11.0,22.0,-121.0,21.0,13.0,-111.0,10.198827722295693,9.0,11.0,30000.0,10000.0,19000.0,0.0,24.64596673060155,16.5,19.0,0.0,10000.0,36959.3843767402,25000.0,0.0,25.9588903336412,17.0,20.0,0.0,122.0,10.199131131365732,9.0,11.0,1.0,13002.56176020251,10000.0,19000.0,1.0,16.5,17.176483634296346,19.0,1.0,20028.94584728713,10000.0,25000.0,1.0,18.502047076773806,17.0,20.0,1.0,0.0,211.0,1.0,5.0
11.0,22.0,11.0,22.0,-121.0,11.0,11.0,-111.0,10.008282504871895,9.0,11.0,30000.0,10000.0,19000.0,0.0,23.514185270420093,16.5,19.0,0.0,10000.0,36513.00462191557,25000.0,0.0,24.81471852392682,17.0,20.0,0.0,121.0,9.992079530373967,9.0,11.0,1.0,17318.288615007637,10000.0,19000.0,1.0,16.5,18.05575086266466,19.0,1.0,23862.275362611002,10000.0,25000.0,1.0,19.362470705473925,17.0,20.0,1.0,0.0,111.0,1.0,57.0
11.0,22.0,11.0,22.0,-121.0,21.0,13.0,-111.0,10.002429652883546,9.0,11.0,30000.0,10000.0,19000.0,0.0,27.42923271995953,16.5,19.0,0.0,10000.0,36434.336644793395,25000.0,0.0,28.714249555052575,17.0,20.0,0.0,121.0,9.985488622131983,9.0,11.0,1.0,13194.28305572751,10000.0,19000.0,1.0,16.5,17.138672562427345,19.0,1.0,19652.545289158126,10000.0,25000.0,1.0,18.428467634327944,17.0,20.0,1.0,0.0,211.0,1.0,4.0
11.0,22.0,11.0,21.0,-121.0,21.0,12.0,-111.0,10.227958390924925,9.0,11.0,30000.0,10000.0,19000.0,0.0,24.74111189976986,16.5,19.0,0.0,10000.0,37079.612304999944,25000.0,0.0,26.083817833920364,17.0,20.0,0.0,122.0,10.21074671011151,9.0,11.0,1.0,15537.809151951278,10000.0,19000.0,1.0,16.5,17.63934507032678,19.0,1.0,22578.99577485205,10000.0,25000.0,1.0,18.974763261991455,17.0,20.0,1.0,0.0,211.0,1.0,53.0
92.0,24.0,92.0,24.0,-721.0,921.0,13.0,-711.0,15.208662065644784,12.0,17.0,30000.0,15000.0,28000.0,0.0,24.316656697194052,19.5,25.0,1.0,15000.0,33988.64354761357,28000.0,0.0,24.801982905014118,20.0,26.0,1.0,722.0,15.358206411479358,12.0,17.0,1.0,19437.88611481875,15000.0,28000.0,1.0,19.5,21.848580725814003,25.0,1.0,23468.90775421848,15000.0,28000.0,1.0,22.339063372993895,20.0,26.0,1.0,0.0,92122.0,7.0,22.0
11.0,22.0,11.0,21.0,-121.0,11.0,11.0,-111.0,10.19373833031313,9.0,11.0,30000.0,10000.0,19000.0,0.0,24.135503307280807,16.5,19.0,0.0,10000.0,37062.669176805546,25000.0,0.0,25.46775592471604,17.0,20.0,0.0,122.0,10.18560154060693,9.0,11.0,1.0,12540.930110802636,10000.0,19000.0,1.0,16.5,17.030708728656613,19.0,1.0,19625.222262352192,10000.0,25000.0,1.0,18.367040153123337,17.0,20.0,1.0,0.0,111.0,1.0,26.0
91.0,24.0,91.0,24.0,-721.0,911.0,11.0,-711.0,15.298948164547019,12.0,17.0,30000.0,18000.0,36000.0,1.0,25.233387640834657,20.0,25.0,0.0,18000.0,34483.23739086022,36000.0,1.0,25.793249502645764,20.0,26.0,1.0,721.0,15.073741151077707,12.0,17.0,1.0,25657.85601499392,18000.0,36000.0,1.0,20.0,23.356811833762453,25.0,1.0,30050.29424884703,18000.0,36000.0,1.0,23.905334794538227,20.0,26.0,1.0,0.0,91121.0,7.0,4.0
11.0,21.0,11.0,21.0,-121.0,11.0,11.0,-111.0,10.201933187221814,9.0,11.0,30000.0,10000.0,19000.0,0.0,23.012407962050624,16.5,19.0,0.0,10000.0,37064.45008635931,25000.0,0.0,24.34629811458315,17.0,20.0,0.0,122.0,10.212106199007529,9.0,11.0,1.0,11975.741499502388,10000.0,19000.0,1.0,16.5,16.93447589943435,19.0,1.0,18921.755818277023,10000.0,25000.0,1.0,18.246003334110906,17.0,20.0,1.0,0.0,111.0,1.0,18.0
91.0,21.0,91.0,24.0,-721.0,911.0,12.0,-711.0,15.270528410382802,12.0,17.0,30000.0,18000.0,36000.0,1.0,25.02883714570458,20.0,25.0,0.0,18000.0,34043.22115828436,36000.0,1.0,25.522572941449656,20.0,26.0,1.0,722.0,15.188376614902513,12.0,17.0,1.0,27342.57474059652,18000.0,36000.0,1.0,20.0,23.513985017685442,25.0,1.0,31485.66182265142,18000.0,36000.0,1.0,24.019915887459465,20.0,26.0,1.0,0.0,91121.0,7.0,26.0
11.0,21.0,11.0,21.0,-121.0,11.0,11.0,-111.0,10.000696495021263,9.0,11.0,30000.0,10000.0,19000.0,0.0,27.408018280829307,16.5,19.0,0.0,10000.0,36606.147122781986,25000.0,0.0,28.734326485397933,17.0,20.0,0.0,121.0,9.997333271210527,9.0,11.0,1.0,11412.691902718369,10000.0,19000.0,1.0,16.5,16.739637641819257,19.0,1.0,17865.471315760635,10000.0,25000.0,1.0,18.035154395945884,17.0,20.0,1.0,0.0,111.0,1.0,18.0
11.0,22.0,11.0,22.0,-121.0,11.0,11.0,-111.0,10.209547069709004,9.0,11.0,30000.0,10000.0,19000.0,0.0,24.744334034580277,16.5,19.0,0.0,10000.0,36992.04962656921,25000.0,0.0,26.059212296269894,17.0,20.0,0.0,122.0,10.196256353239644,9.0,11.0,1.0,15046.920066552917,10000.0,19000.0,1.0,16.5,17.576258685493286,19.0,1.0,22037.56228622947,10000.0,25000.0,1.0,18.89087227962084,17.0,20.0,1.0,0.0,111.0,1.0,15.0
11.0,22.0,11.0,22.0,-121.0,11.0,11.0,-111.0,10.194190085808012,9.0,11.0,30000.0,10000.0,19000.0,0.0,23.622405857671307,16.5,19.0,0.0,10000.0,37187.40170685183,25000.0,0.0,24.973447927363,17.0,20.0,0.0,122.0,10.197842871519335,9.0,11.0,1.0,14314.749712945602,10000.0,19000.0,1.0,16.5,17.456830299769432,19.0,1.0,21267.14655033521,10000.0,25000.0,1.0,18.763697648445717,17.0,20.0,1.0,0.0,111.0,1.0,57.0
91.0,24.0,91.0,24.0,-721.0,911.0,12.0,-711.0,14.528034331192595,12.0,17.0,30000.0,18000.0,36000.0,1.0,24.445015237933077,20.0,25.0,1.0,18000.0,34486.974273207314,36000.0,1.0,25.007455972935713,20.0,26.0,1.0,721.0,15.94046986163351,12.0,17.0,1.0,30664.91871556416,18000.0,36000.0,1.0,20.0,24.788850367415577,25.0,1.0,35164.49382003673,18000.0,36000.0,1.0,25.352870612432522,20.0,26.0,1.0,1.0,91121.0,7.0,23.0
11.0,21.0,11.0,22.0,-121.0,21.0,13.0,-111.0,10.222849725519442,9.0,11.0,30000.0,10000.0,19000.0,0.0,29.918372448664694,16.5,19.0,0.0,10000.0,36953.62867618496,25000.0,0.0,31.230330731649765,17.0,20.0,0.0,122.0,10.198992717610865,9.0,11.0,1.0,14421.330506562137,10000.0,19000.0,1.0,16.5,17.445970919784614,19.0,1.0,21397.62554270817,10000.0,25000.0,1.0,18.762205720841163,17.0,20.0,1.0,0.0,211.0,1.0,32.0
81.0,21.0,81.0,23.0,-721.0,912.0,12.0,-711.0,13.792038282239742,12.0,17.0,30000.0,12500.0,23000.0,0.0,25.80868166592292,20.0,24.0,0.0,12500.0,34583.897605615995,26000.0,0.0,26.38069481712577,20.0,25.0,0.0,721.0,14.993849029571976,12.0,17.0,1.0,16977.4218242037,12500.0,23000.0,1.0,20.0,21.675153965727176,24.0,1.0,21551.41684369938,12500.0,26000.0,1.0,22.24593139790245,20.0,25.0,1.0,0.0,912.0,7.0,7.0
11.0,22.0,11.0,22.0,-121.0,21.0,13.0,-111.0,10.203960149680405,9.0,11.0,30000.0,10000.0,19000.0,0.0,28.88962777037801,16.5,19.0,0.0,10000.0,36965.462612026444,25000.0,0.0,30.198451929248694,17.0,20.0,0.0,122.0,10.186353559374146,9.0,11.0,1.0,13436.30549350376,10000.0,19000.0,1.0,16.5,17.251637980196477,19.0,1.0,20544.07677564922,10000.0,25000.0,1.0,18.587202218778014,17.0,20.0,1.0,0.0,211.0,1.0,31.0
11.0,22.0,11.0,22.0,-121.0,21.0,13.0,-111.0,10.21119152233145,9.0,11.0,30000.0,10000.0,19000.0,0.0,26.396735564403027,16.5,19.0,0.0,10000.0,37101.68088094172,25000.0,0.0,27.736286884376746,17.0,20.0,0.0,122.0,10.206219012208326,9.0,11.0,1.0,13798.847408172882,10000.0,19000.0,1.0,16.5,17.333609941141177,19.0,1.0,20803.973821141743,10000.0,25000.0,1.0,18.654948718592813,17.0,20.0,1.0,0.0,211.0,1.0,8.0
11.0,22.0,11.0,22.0,-121.0,21.0,13.0,-111.0,9.979194408351189,9.0,11.0,30000.0,10000.0,19000.0,0.0,24.298159741021124,16.5,19.0,0.0,10000.0,36536.53732441942,25000.0,0.0,25.601286801387356,17.0,20.0,0.0,121.0,10.008764006755072,9.0,11.0,1.0,16020.819188305702,10000.0,19000.0,1.0,16.5,17.758429736456957,19.0,1.0,22413.677631458144,10000.0,25000.0,1.0,19.03291290956461,17.0,20.0,1.0,0.0,211.0,1.0,3.0
11.0,22.0,11.0,21.0,-121.0,11.0,12.0,-111.0,10.221948350510491,9.0,11.0,30000.0,10000.0,19000.0,0.0,23.775218453662596,16.5,19.0,0.0,10000.0,36962.42293376832,25000.0,0.0,25.08774135414108,17.0,20.0,0.0,122.0,10.212824372585136,9.0,11.0,1.0,15946.571387575294,10000.0,19000.0,1.0,16.5,17.729743211946747,19.0,1.0,22949.243984104913,10000.0,25000.0,1.0,19.04985378766606,17.0,20.0,1.0,0.0,111.0,1.0,10.0
11.0,21.0,11.0,22.0,-121.0,21.0,13.0,-111.0,9.997897897175807,9.0,11.0,30000.0,10000.0,19000.0,0.0,25.50453545268985,16.5,19.0,0.0,10000.0,36568.61560049454,25000.0,0.0,26.82220293937024,17.0,20.0,0.0,121.0,10.011303447257871,9.0,11.0,1.0,14072.547616289134,10000.0,19000.0,1.0,16.5,17.32459600278905,19.0,1.0,20580.15506784884,10000.0,25000.0,1.0,18.63002522509788,17.0,20.0,1.0,0.0,211.0,1.0,24.0
11.0,22.0,11.0,21.0,-121.0,11.0,11.0,-111.0,10.007810779854974,9.0,11.0,30000.0,10000.0,19000.0,0.0,24.218193215986858,16.5,19.0,0.0,10000.0,36487.129325519534,25000.0,0.0,25.515397828602985,17.0,20.0,0.0,121.0,10.02217000228699,9.0,11.0,1.0,11883.659684924829,10000.0,19000.0,1.0,16.5,16.888030618010944,19.0,1.0,18439.10158304502,10000.0,25000.0,1.0,18.19889541525275,17.0,20.0,1.0,0.0,111.0,1.0,0.0
11.0,22.0,11.0,21.0,-121.0,11.0,12.0,-111.0,10.203056572742009,9.0,11.0,30000.0,10000.0,19000.0,0.0,24.456347965766565,16.5,19.0,0.0,10000.0,37093.14305296273,25000.0,0.0,25.787672416526352,17.0,20.0,0.0,122.0,10.200654026824969,9.0,11.0,1.0,12014.354783067356,10000.0,19000.0,1.0,16.5,16.94040471501912,19.0,1.0,18929.26504623954,10000.0,25000.0,1.0,18.238276341099702,17.0,20.0,1.0,0.0,111.0,1.0,10.0
11.0,22.0,11.0,21.0,-121.0,11.0,11.0,-111.0,10.019191922508462,9.0,11.0,30000.0,10000.0,19000.0,0.0,24.53572507012686,16.5,19.0,0.0,10000.0,36518.9495103189,25000.0,0.0,25.836571918764804,17.0,20.0,0.0,121.0,10.00386021620952,9.0,11.0,1.0,16318.911123409223,10000.0,19000.0,1.0,16.5,17.73419751161275,19.0,1.0,22787.47334942077,10000.0,25000.0,1.0,19.024989651298142,17.0,20.0,1.0,0.0,111.0,1.0,12.0
92.0,24.0,92.0,24.0,-721.0,921.0,13.0,-711.0,14.87627395648301,12.0,17.0,30000.0,15000.0,28000.0,0.0,24.160485617043797,19.5,25.0,1.0,15000.0,34107.17487493831,28000.0,0.0,24.663081050626687,20.0,26.0,1.0,722.0,15.267420234448844,12.0,17.0,1.0,19703.076711730828,15000.0,28000.0,1.0,19.5,21.691356497010958,25.0,1.0,23639.21864097988,15000.0,28000.0,1.0,22.1730226105349,20.0,26.0,1.0,0.0,92122.0,7.0,22.0
11.0,21.0,11.0,22.0,-121.0,21.0,13.0,-111.0,10.01158247307575,9.0,11.0,30000.0,10000.0,19000.0,0.0,26.753327256979453,16.5,19.0,0.0,10000.0,36522.39793142786,25000.0,0.0,28.067217601836333,17.0,20.0,0.0,121.0,10.009000359883327,9.0,11.0,1.0,15001.297244834104,10000.0,19000.0,1.0,16.5,17.572642774815883,19.0,1.0,21456.085198867288,10000.0,25000.0,1.0,18.872913574001252,17.0,20.0,1.0,0.0,211.0,1.0,9.0
11.0,22.0,11.0,21.0,-121.0,11.0,11.0,-111.0,10.007147567800567,9.0,11.0,30000.0,10000.0,19000.0,0.0,23.857170261937576,16.5,19.0,0.0,10000.0,36415.5743543569,25000.0,0.0,25.12921061678139,17.0,20.0,0.0,121.0,10.00620225543267,9.0,11.0,1.0,14013.484986847134,10000.0,19000.0,1.0,16.5,17.285621071312836,19.0,1.0,20497.253199272018,10000.0,25000.0,1.0,18.571182482047156,17.0,20.0,1.0,0.0,111.0,1.0,1.0
11.0,22.0,11.0,21.0,-121.0,21.0,12.0,-111.0,10.212118753238856,9.0,11.0,30000.0,10000.0,19000.0,0.0,24.098832218903226,16.5,19.0,0.0,10000.0,37019.273700760605,25000.0,0.0,25.427699177626373,17.0,20.0,0.0,122.0,10.182323019432095,9.0,11.0,1.0,11694.458793221496,10000.0,19000.0,1.0,16.5,16.877245199195123,19.0,1.0,18644.142185464498,10000.0,25000.0,1.0,18.19293753820991,17.0,20.0,1.0,0.0,211.0,1.0,53.0
81.0,23.0,81.0,21.0,-721.0,912.0,11.0,-711.0,15.332976241243115,12.0,17.0,30000.0,12500.0,23000.0,0.0,25.799090271428753,20.0,24.0,0.0,12500.0,34441.83580985398,26000.0,0.0,26.356623081543866,20.0,25.0,0.0,721.0,15.077166729928956,12.0,17.0,1.0,10315.927007801718,12500.0,23000.0,0.0,20.0,20.83747445758106,24.0,1.0,14843.245699714405,12500.0,26000.0,1.0,21.40573695548544,20.0,25.0,1.0,0.0,912.0,7.0,12.0
11.0,21.0,11.0,22.0,-121.0,21.0,13.0,-111.0,10.005524386866107,9.0,11.0,30000.0,10000.0,19000.0,0.0,28.570992819236302,16.5,19.0,0.0,10000.0,36522.39465071853,25000.0,0.0,29.870125013617297,17.0,20.0,0.0,121.0,10.02144274010605,9.0,11.0,1.0,14652.113715504875,10000.0,19000.0,1.0,16.5,17.476142180136787,19.0,1.0,21238.50322718025,10000.0,25000.0,1.0,18.78802088689492,17.0,20.0,1.0,0.0,211.0,1.0,9.0
91.0,24.0,91.0,24.0,-721.0,911.0,12.0,-711.0,14.468161314307856,12.0,17.0,30000.0,18000.0,36000.0,1.0,24.08679905118409,20.0,25.0,1.0,18000.0,34542.50970989335,36000.0,1.0,24.658415659962237,20.0,26.0,1.0,721.0,15.076468892762627,12.0,17.0,1.0,29615.155510042514,18000.0,36000.0,1.0,20.0,23.811755293259843,25.0,1.0,34083.32314544026,18000.0,36000.0,1.0,24.374016905081096,20.0,26.0,1.0,1.0,91121.0,7.0,1.0
11.0,22.0,11.0,21.0,-121.0,21.0,12.0,-111.0,9.990212511370432,9.0,11.0,30000.0,10000.0,19000.0,0.0,23.695322279837875,16.5,19.0,0.0,10000.0,36555.82571670381,25000.0,0.0,25.00016751835139,17.0,20.0,0.0,121.0,10.011843453251425,9.0,11.0,1.0,14988.491112858266,10000.0,19000.0,1.0,16.5,17.449237503736256,19.0,1.0,21478.051330789593,10000.0,25000.0,1.0,18.740893523334037,17.0,20.0,1.0,0.0,211.0,1.0,53.0
11.0,22.0,11.0,22.0,-121.0,11.0,11.0,-111.0,10.00288102512496,9.0,11.0,30000.0,10000.0,19000.0,0.0,23.509368485997193,16.5,19.0,0.0,10000.0,36488.24027899301,25000.0,0.0,24.806869853992428,17.0,20.0,0.0,121.0,10.001748181884716,9.0,11.0,1.0,18247.33753091899,10000.0,19000.0,1.0,16.5,18.169446275637963,19.0,1.0,24679.500925866778,10000.0,25000.0,1.0,19.455733534624756,17.0,20.0,1.0,0.0,111.0,1.0,27.0
11.0,21.0,11.0,21.0,-121.0,21.0,12.0,-111.0,10.011432153863277,9.0,11.0,30000.0,10000.0,19000.0,0.0,24.371240317566855,16.5,19.0,0.0,10000.0,36546.86998639516,25000.0,0.0,25.682715818782658,17.0,20.0,0.0,121.0,10.014974757257376,9.0,11.0,1.0,14363.39843346358,10000.0,19000.0,1.0,16.5,17.34047185788431,19.0,1.0,20818.030523254252,10000.0,25000.0,1.0,18.633470171996684,17.0,20.0,1.0,0.0,211.0,1.0,6.0
92.0,24.0,92.0,24.0,-721.0,921.0,13.0,-711.0,15.060373797604568,12.0,17.0,30000.0,15000.0,28000.0,0.0,23.961073753593155,19.5,25.0,1.0,15000.0,34535.50331798337,28000.0,0.0,24.529027460944555,20.0,26.0,1.0,721.0,15.196177336805837,12.0,17.0,1.0,19490.89288184195,15000.0,28000.0,1.0,19.5,21.660395222555273,25.0,1.0,23954.841285110182,15000.0,28000.0,1.0,22.21938853979285,20.0,26.0,1.0,0.0,92122.0,7.0,25.0
11.0,22.0,11.0,22.0,-121.0,21.0,13.0,-111.0,10.192503982703558,9.0,11.0,30000.0,10000.0,19000.0,0.0,24.482356715537513,16.5,19.0,0.0,10000.0,36836.96851309837,25000.0,0.0,25.773535923019846,17.0,20.0,0.0,122.0,10.187590328166579,9.0,11.0,1.0,14804.878140547422,10000.0,19000.0,1.0,16.5,17.514430275690216,19.0,1.0,21802.690023618256,10000.0,25000.0,1.0,18.835985170082903,17.0,20.0,1.0,0.0,211.0,1.0,31.0
81.0,23.0,81.0,23.0,-721.0,912.0,12.0,-711.0,15.376923709253786,12.0,17.0,30000.0,12500.0,23000.0,0.0,26.891320130338414,20.0,24.0,0.0,12500.0,33981.39998051028,26000.0,0.0,27.374996421315803,20.0,25.0,0.0,722.0,15.182191393287178,12.0,17.0,1.0,18956.30778379075,12500.0,23000.0,1.0,20.0,22.11294379592607,24.0,1.0,22788.396075440578,12500.0,26000.0,1.0,22.578481109603736,20.0,25.0,1.0,0.0,912.0,7.0,10.0
81.0,21.0,81.0,23.0,-721.0,912.0,12.0,-711.0,15.034191608176986,12.0,17.0,30000.0,12500.0,23000.0,0.0,27.842702488096464,20.0,24.0,0.0,12500.0,34504.86152814046,26000.0,0.0,28.404952167293253,20.0,25.0,0.0,721.0,15.330522361081156,12.0,17.0,1.0,19096.827107651392,12500.0,23000.0,1.0,20.0,22.269234007380064,24.0,1.0,23639.714981864483,12500.0,26000.0,1.0,22.836229737203894,20.0,25.0,1.0,0.0,912.0,7.0,7.0
11.0,22.0,11.0,22.0,-121.0,11.0,11.0,-111.0,10.008539984471527,9.0,11.0,30000.0,10000.0,19000.0,0.0,25.122555022205304,16.5,19.0,0.0,10000.0,36507.164510625786,25000.0,0.0,26.423590283240415,17.0,20.0,0.0,121.0,10.004246617082961,9.0,11.0,1.0,19770.795058414926,10000.0,19000.0,0.0,16.5,18.507961287938127,19.0,1.0,26320.82255830984,10000.0,25000.0,0.0,19.817566527547076,17.0,20.0,1.0,0.0,111.0,1.0,27.0
11.0,22.0,11.0,22.0,-121.0,21.0,13.0,-111.0,10.191417779390507,9.0,11.0,30000.0,10000.0,19000.0,0.0,25.084423305096784,16.5,19.0,0.0,10000.0,37070.37936382113,25000.0,0.0,26.42174760579026,17.0,20.0,0.0,122.0,10.206244411470331,9.0,11.0,1.0,12683.944146434098,10000.0,19000.0,1.0,16.5,17.133195451645257,19.0,1.0,19645.872559489573,10000.0,25000.0,1.0,18.450006837199503,17.0,20.0,1.0,0.0,211.0,1.0,22.0
11.0,22.0,11.0,21.0,-121.0,21.0,13.0,-111.0,10.22124257305225,9.0,11.0,30000.0,10000.0,19000.0,0.0,24.79005397619618,16.5,19.0,0.0,10000.0,37081.10907409997,25000.0,0.0,26.126107214327693,17.0,20.0,0.0,122.0,10.191277466943019,9.0,11.0,1.0,12170.107934673944,10000.0,19000.0,1.0,16.5,16.9655337454814,19.0,1.0,19086.59886821743,10000.0,25000.0,1.0,18.27052707513754,17.0,20.0,1.0,0.0,211.0,1.0,58.0
11.0,21.0,11.0,22.0,-121.0,11.0,11.0,-111.0,9.995103735762,9.0,11.0,30000.0,10000.0,19000.0,0.0,23.63674291109382,16.5,19.0,0.0,10000.0,36515.06377413288,25000.0,0.0,24.937912636467917,17.0,20.0,0.0,121.0,9.988654313102261,9.0,11.0,1.0,15246.412817258204,10000.0,19000.0,1.0,16.5,17.596028865075887,19.0,1.0,21770.5977278464,10000.0,25000.0,1.0,18.89902023748647,17.0,20.0,1.0,0.0,111.0,1.0,29.0
11.0,22.0,11.0,22.0,-121.0,21.0,13.0,-111.0,10.012414966889898,9.0,11.0,30000.0,10000.0,19000.0,0.0,24.647024708147406,16.5,19.0,0.0,10000.0,36464.695444529105,25000.0,0.0,25.935250086908944,17.0,20.0,0.0,121.0,9.988454716477303,9.0,11.0,1.0,14401.774974338812,10000.0,19000.0,1.0,16.5,17.357698697185466,19.0,1.0,20915.427406758674,10000.0,25000.0,1.0,18.655679776708123,17.0,20.0,1.0,0.0,211.0,1.0,8.0
11.0,22.0,11.0,21.0,-121.0,21.0,13.0,-111.0,9.997521017576588,9.0,11.0,30000.0,10000.0,19000.0,0.0,25.270813194170273,16.5,19.0,0.0,10000.0,36507.13851987535,25000.0,0.0,26.579298097964607,17.0,20.0,0.0,121.0,9.991841746461864,9.0,11.0,1.0,12662.09971852923,10000.0,19000.0,1.0,16.5,17.019815955549433,19.0,1.0,19201.66088134549,10000.0,25000.0,1.0,18.334820551325077,17.0,20.0,1.0,0.0,211.0,1.0,2.0
11.0,22.0,11.0,21.0,-121.0,11.0,11.0,-111.0,10.019408765660126,9.0,11.0,30000.0,10000.0,19000.0,0.0,25.719773527757287,16.5,19.0,0.0,10000.0,36544.49175624112,25000.0,0.0,27.02091131995028,17.0,20.0,0.0,121.0,10.00170016299665,9.0,11.0,1.0,15340.445876488267,10000.0,19000.0,1.0,16.5,17.531568866789804,19.0,1.0,21848.173319340174,10000.0,25000.0,1.0,18.825397391993636,17.0,20.0,1.0,0.0,111.0,1.0,26.0
81.0,23.0,81.0,21.0,-721.0,912.0,12.0,-711.0,14.213149582673708,12.0,17.0,30000.0,12500.0,23000.0,0.0,24.898781914540336,20.0,24.0,0.0,12500.0,34487.72428800876,26000.0,0.0,25.46348281734889,20.0,25.0,0.0,721.0,16.168602688792447,12.0,17.0,1.0,14227.803898801942,12500.0,23000.0,1.0,20.0,22.36209404012531,24.0,1.0,18744.177998115,12500.0,26000.0,1.0,22.930400016077964,20.0,25.0,1.0,0.0,912.0,7.0,30.0
11.0,22.0,11.0,22.0,-121.0,21.0,13.0,-111.0,10.004555871740928,9.0,11.0,30000.0,10000.0,19000.0,0.0,25.917196478592842,16.5,19.0,0.0,10000.0,36452.674456001645,25000.0,0.0,27.207768855905694,17.0,20.0,0.0,121.0,9.990979616148328,9.0,11.0,1.0,14184.756194679903,10000.0,19000.0,1.0,16.5,17.37707030066688,19.0,1.0,20668.57400710402,10000.0,25000.0,1.0,18.673871530188176,17.0,20.0,1.0,0.0,211.0,1.0,22.0
11.0,21.0,11.0,22.0,-121.0,21.0,13.0,-111.0,10.010223872314585,9.0,11.0,30000.0,10000.0,19000.0,0.0,27.73427760173881,16.5,19.0,0.0,10000.0,36529.25318061889,25000.0,0.0,29.039312850764155,17.0,20.0,0.0,121.0,10.021592780620212,9.0,11.0,1.0,13224.55161050735,10000.0,19000.0,1.0,16.5,17.22190591430003,19.0,1.0,19732.241698714904,10000.0,25000.0,1.0,18.522631237688195,17.0,20.0,1.0,0.0,211.0,1.0,9.0
11.0,22.0,11.0,21.0,-121.0,11.0,11.0,-111.0,10.019930362857542,9.0,11.0,30000.0,10000.0,19000.0,0.0,25.003189986056974,16.5,19.0,0.0,10000.0,36486.86592284659,25000.0,0.0,26.303250611091933,17.0,20.0,0.0,121.0,9.992479641127144,9.0,11.0,1.0,14541.201983048899,10000.0,19000.0,1.0,16.5,17.373141117255724,19.0,1.0,21035.672191095924,10000.0,25000.0,1.0,18.674725749706315,17.0,20.0,1.0,0.0,111.0,1.0,54.0
11.0,21.0,11.0,22.0,-121.0,21.0,13.0,-111.0,10.173447058598528,9.0,11.0,30000.0,10000.0,19000.0,0.0,26.46368997743602,16.5,19.0,0.0,10000.0,36984.38200029512,25000.0,0.0,27.780320706494454,17.0,20.0,0.0,122.0,10.18868670185258,9.0,11.0,1.0,14617.93887092963,10000.0,19000.0,1.0,16.5,17.50410716996605,19.0,1.0,21619.901851501163,10000.0,25000.0,1.0,18.82405210189568,17.0,20.0,1.0,0.0,211.0,1.0,9.0
11.0,22.0,11.0,22.0,-121.0,11.0,11.0,-111.0,10.014976849968248,9.0,11.0,30000.0,10000.0,19000.0,0.0,24.551257332755675,16.5,19.0,0.0,10000.0,36558.08301376086,25000.0,0.0,25.86307946210014,17.0,20.0,0.0,121.0,9.994973626348402,9.0,11.0,1.0,15625.085568377914,10000.0,19000.0,1.0,16.5,17.646723013188414,19.0,1.0,22058.390108318854,10000.0,25000.0,1.0,18.93358553728248,17.0,20.0,1.0,0.0,111.0,1.0,38.0
11.0,22.0,11.0,22.0,-121.0,21.0,12.0,-111.0,9.993186730251754,9.0,11.0,30000.0,10000.0,19000.0,0.0,24.33111822899789,16.5,19.0,0.0,10000.0,36440.30889239103,25000.0,0.0,25.61251683916082,17.0,20.0,0.0,121.0,9.991188719378805,9.0,11.0,1.0,15050.650342370796,10000.0,19000.0,1.0,16.5,17.484907659002317,19.0,1.0,21503.72709091751,10000.0,25000.0,1.0,18.768846630723363,17.0,20.0,1.0,0.0,211.0,1.0,48.0
91.0,24.0,91.0,21.0,-721.0,911.0,11.0,-711.0,15.065219019095334,12.0,17.0,30000.0,18000.0,36000.0,1.0,25.516532094355227,20.0,25.0,0.0,18000.0,33958.00201326451,36000.0,1.0,25.998919955028594,20.0,26.0,1.0,722.0,15.3321326911331,12.0,17.0,1.0,21977.722347811312,18000.0,36000.0,1.0,20.0,22.940511799471263,25.0,1.0,26011.301456745852,18000.0,36000.0,1.0,23.432110740223415,20.0,26.0,1.0,0.0,91121.0,7.0,15.0
11.0,22.0,11.0,21.0,-121.0,11.0,11.0,-111.0,10.159981688223516,9.0,11.0,30000.0,10000.0,19000.0,0.0,24.40416577479856,16.5,19.0,0.0,10000.0,36993.37308628731,25000.0,0.0,25.72728038661838,17.0,20.0,0.0,122.0,10.198931709857966,9.0,11.0,1.0,17300.974554742035,10000.0,19000.0,1.0,16.5,17.952163846781175,19.0,1.0,24455.945128204854,10000.0,25000.0,1.0,19.305851973538232,17.0,20.0,1.0,0.0,111.0,1.0,1.0
11.0,22.0,11.0,22.0,-121.0,21.0,13.0,-111.0,10.196400414144422,9.0,11.0,30000.0,10000.0,19000.0,0.0,26.383963734505706,16.5,19.0,0.0,10000.0,37041.11186874429,25000.0,0.0,27.7191182981582,17.0,20.0,0.0,122.0,10.204534453608854,9.0,11.0,1.0,14378.765392212648,10000.0,19000.0,1.0,16.5,17.449467707097575,19.0,1.0,21529.89278032285,10000.0,25000.0,1.0,18.805483709325706,17.0,20.0,1.0,0.0,211.0,1.0,19.0
11.0,22.0,11.0,21.0,-121.0,11.0,11.0,-111.0,9.98821218661687,9.0,11.0,30000.0,10000.0,19000.0,0.0,24.10036466453675,16.5,19.0,0.0,10000.0,36657.305900891726,25000.0,0.0,25.431183189942367,17.0,20.0,0.0,121.0,9.998293560641077,9.0,11.0,1.0,12485.84072468281,10000.0,19000.0,1.0,16.5,16.998110448445942,19.0,1.0,18868.59030464916,10000.0,25000.0,1.0,18.274044213620584,17.0,20.0,1.0,0.0,111.0,1.0,39.0
81.0,23.0,81.0,23.0,-721.0,912.0,12.0,-711.0,15.190797102690249,12.0,17.0,30000.0,12500.0,23000.0,0.0,25.979333020560297,20.0,24.0,0.0,12500.0,34057.78487323865,26000.0,0.0,26.476639130155988,20.0,25.0,0.0,722.0,15.226952399272493,12.0,17.0,1.0,20487.04156282387,12500.0,23000.0,1.0,20.0,22.35310523873738,24.0,1.0,24448.117275380482,12500.0,26000.0,1.0,22.838559055034274,20.0,25.0,1.0,0.0,912.0,7.0,31.0
11.0,22.0,11.0,21.0,-121.0,11.0,11.0,-111.0,9.998023627736407,9.0,11.0,30000.0,10000.0,19000.0,0.0,24.652235807611774,16.5,19.0,0.0,10000.0,36472.61232812327,25000.0,0.0,25.951175592147038,17.0,20.0,0.0,121.0,10.002974730062432,9.0,11.0,1.0,15953.01444028738,10000.0,19000.0,1.0,16.5,17.70153816120549,19.0,1.0,22523.950634601242,10000.0,25000.0,1.0,19.02020982138691,17.0,20.0,1.0,0.0,111.0,1.0,54.0
11.0,21.0,11.0,22.0,-121.0,21.0,13.0,-111.0,9.990467793932513,9.0,11.0,30000.0,10000.0,19000.0,0.0,26.43378670464269,16.5,19.0,0.0,10000.0,36494.40910585039,25000.0,0.0,27.732538834420147,17.0,20.0,0.0,121.0,10.00258539916622,9.0,11.0,1.0,12141.271649765258,10000.0,19000.0,1.0,16.5,16.947722824866766,19.0,1.0,18582.69759862541,10000.0,25000.0,1.0,18.235879381303853,17.0,20.0,1.0,0.0,211.0,1.0,9.0
11.0,22.0,11.0,21.0,-121.0,21.0,13.0,-111.0,9.99692555743757,9.0,11.0,30000.0,10000.0,19000.0,0.0,24.47227864488098,16.5,19.0,0.0,10000.0,36443.784822819325,25000.0,0.0,25.76375903781948,17.0,20.0,0.0,121.0,10.000395753758474,9.0,11.0,1.0,11684.933068202228,10000.0,19000.0,1.0,16.5,16.843133323283112,19.0,1.0,18174.202359271127,10000.0,25000.0,1.0,18.143729833618877,17.0,20.0,1.0,0.0,211.0,1.0,33.0
91.0,21.0,91.0,24.0,-721.0,911.0,11.0,-711.0,14.87604314620291,12.0,17.0,30000.0,18000.0,36000.0,1.0,24.346455377609686,20.0,25.0,1.0,18000.0,34478.390770665304,36000.0,1.0,24.90804021102892,20.0,26.0,1.0,721.0,14.617144691161755,12.0,17.0,1.0,24187.18921282458,18000.0,36000.0,1.0,20.0,22.71246958913911,25.0,1.0,28631.00067417208,18000.0,36000.0,1.0,23.269718218627638,20.0,26.0,1.0,1.0,91121.0,7.0,18.0
11.0,21.0,11.0,22.0,-121.0,21.0,12.0,-111.0,10.008794283872009,9.0,11.0,30000.0,10000.0,19000.0,0.0,27.868337412745163,16.5,19.0,0.0,10000.0,36487.34402294449,25000.0,0.0,29.171053181483973,17.0,20.0,0.0,121.0,9.995731258799022,9.0,11.0,1.0,16833.80993799785,10000.0,19000.0,1.0,16.5,17.883472212106568,19.0,1.0,23264.646697133045,10000.0,25000.0,1.0,19.1748408250059,17.0,20.0,1.0,0.0,211.0,1.0,37.0
11.0,22.0,11.0,22.0,-121.0,21.0,12.0,-111.0,9.992270347553628,9.0,11.0,30000.0,10000.0,19000.0,0.0,24.36369378568374,16.5,19.0,0.0,10000.0,36500.28600068755,25000.0,0.0,25.66825105514846,17.0,20.0,0.0,121.0,10.005362091213282,9.0,11.0,1.0,15124.158822727357,10000.0,19000.0,1.0,16.5,17.537774444330246,19.0,1.0,21691.39676569152,10000.0,25000.0,1.0,18.85576845226963,17.0,20.0,1.0,0.0,211.0,1.0,23.0
11.0,21.0,11.0,22.0,-121.0,21.0,13.0,-111.0,10.191689645259736,9.0,11.0,30000.0,10000.0,19000.0,0.0,26.945401302477695,16.5,19.0,0.0,10000.0,37051.60422554168,25000.0,0.0,28.277624615682527,17.0,20.0,0.0,122.0,10.172171937155959,9.0,11.0,1.0,16094.565856804293,10000.0,19000.0,1.0,16.5,17.72474226454826,19.0,1.0,23144.403154807274,10000.0,25000.0,1.0,19.0566317612222,17.0,20.0,1.0,0.0,211.0,1.0,24.0
91.0,24.0,91.0,24.0,-721.0,911.0,11.0,-711.0,15.237478999711927,12.0,17.0,30000.0,18000.0,36000.0,1.0,25.94787703078366,20.0,25.0,0.0,18000.0,33889.58586215131,36000.0,1.0,26.42056319570507,20.0,26.0,0.0,722.0,15.091863771036305,12.0,17.0,1.0,25015.026521793046,18000.0,36000.0,1.0,20.0,23.17104934409076,25.0,1.0,28959.922719068178,18000.0,36000.0,1.0,23.650457157824352,20.0,26.0,1.0,0.0,91121.0,7.0,16.0
11.0,22.0,11.0,22.0,-121.0,11.0,11.0,-111.0,10.170943464864159,9.0,11.0,30000.0,10000.0,19000.0,0.0,24.697831406698185,16.5,19.0,0.0,10000.0,36925.240394959575,25000.0,0.0,26.00988246052377,17.0,20.0,0.0,122.0,10.199584847688747,9.0,11.0,1.0,13217.803296879732,10000.0,19000.0,1.0,16.5,17.173333673670477,19.0,1.0,20107.971739916575,10000.0,25000.0,1.0,18.478740020763077,17.0,20.0,1.0,0.0,111.0,1.0,38.0
11.0,22.0,11.0,22.0,-121.0,11.0,11.0,-111.0,10.206751604661873,9.0,11.0,30000.0,10000.0,19000.0,0.0,25.158416551685395,16.5,19.0,0.0,10000.0,36938.965467369344,25000.0,0.0,26.464421666454058,17.0,20.0,0.0,122.0,10.212473032311584,9.0,11.0,1.0,14682.327882532196,10000.0,19000.0,1.0,16.5,17.485005891627257,19.0,1.0,21520.811652867666,10000.0,25000.0,1.0,18.772099021477707,17.0,20.0,1.0,0.0,111.0,1.0,38.0
11.0,22.0,11.0,22.0,-121.0,21.0,12.0,-111.0,10.005852751433542,9.0,11.0,30000.0,10000.0,19000.0,0.0,23.761104216527436,16.5,19.0,0.0,10000.0,36471.2971828789,25000.0,0.0,25.053144130457206,17.0,20.0,0.0,121.0,10.00094683347401,9.0,11.0,1.0,16389.247037909037,10000.0,19000.0,1.0,16.5,17.746688303911665,19.0,1.0,22838.14669798106,10000.0,25000.0,1.0,19.034256395172527,17.0,20.0,1.0,0.0,211.0,1.0,48.0
11.0,22.0,11.0,22.0,-121.0,11.0,11.0,-111.0,10.008703395563966,9.0,11.0,30000.0,10000.0,19000.0,0.0,25.546981138647165,16.5,19.0,0.0,10000.0,36532.69539621708,25000.0,0.0,26.85265336921769,17.0,20.0,0.0,121.0,10.018520234001194,9.0,11.0,1.0,15895.820004929441,10000.0,19000.0,1.0,16.5,17.7384027743492,19.0,1.0,22425.70272055546,10000.0,25000.0,1.0,19.043512842027003,17.0,20.0,1.0,0.0,111.0,1.0,11.0
91.0,24.0,91.0,21.0,-721.0,911.0,11.0,-711.0,14.760715745889666,12.0,17.0,30000.0,18000.0,36000.0,1.0,25.39725054829443,20.0,25.0,0.0,18000.0,34023.602294811295,36000.0,1.0,25.886712530857277,20.0,26.0,1.0,722.0,15.291823926625211,12.0,17.0,1.0,23543.380409770565,18000.0,36000.0,1.0,20.0,23.085125763914156,25.0,1.0,27478.027327590644,18000.0,36000.0,1.0,23.563766529072417,20.0,26.0,1.0,0.0,91121.0,7.0,3.0
11.0,22.0,11.0,21.0,-121.0,11.0,11.0,-111.0,10.002056895777145,9.0,11.0,30000.0,10000.0,19000.0,0.0,24.14770633709175,16.5,19.0,0.0,10000.0,36507.38564799027,25000.0,0.0,25.44746836582428,17.0,20.0,0.0,121.0,9.990280317784876,9.0,11.0,1.0,11944.05870182599,10000.0,19000.0,1.0,16.5,16.836256802719404,19.0,1.0,18384.256557356908,10000.0,25000.0,1.0,18.122598981122334,17.0,20.0,1.0,0.0,111.0,1.0,26.0
91.0,24.0,91.0,24.0,-721.0,911.0,12.0,-711.0,15.29363095119397,12.0,17.0,30000.0,18000.0,36000.0,1.0,24.94218631572881,20.0,25.0,1.0,18000.0,33966.96306311234,36000.0,1.0,25.429357063213338,20.0,26.0,1.0,722.0,15.284285520347897,12.0,17.0,1.0,27682.71194074937,18000.0,36000.0,1.0,20.0,23.74285333012653,25.0,1.0,31616.09055881646,18000.0,36000.0,1.0,24.225899673391442,20.0,26.0,1.0,1.0,91121.0,7.0,23.0
11.0,22.0,11.0,22.0,-121.0,11.0,11.0,-111.0,10.199748789979786,9.0,11.0,30000.0,10000.0,19000.0,0.0,24.492122864036318,16.5,19.0,0.0,10000.0,37000.00717149642,25000.0,0.0,25.808602718568245,17.0,20.0,0.0,122.0,10.191601521205442,9.0,11.0,1.0,15132.819848689942,10000.0,19000.0,1.0,16.5,17.532285846314895,19.0,1.0,22119.31270574879,10000.0,25000.0,1.0,18.84622408592144,17.0,20.0,1.0,0.0,111.0,1.0,44.0
11.0,22.0,11.0,21.0,-121.0,11.0,11.0,-111.0,10.02352266903065,9.0,11.0,30000.0,10000.0,19000.0,0.0,24.7749111206179,16.5,19.0,0.0,10000.0,36490.30945133628,25000.0,0.0,26.0728365431065,17.0,20.0,0.0,121.0,9.98361173240617,9.0,11.0,1.0,12582.315135067929,10000.0,19000.0,1.0,16.5,16.96538900924549,19.0,1.0,19185.54722491642,10000.0,25000.0,1.0,18.28589658508108,17.0,20.0,1.0,0.0,111.0,1.0,0.0
81.0,23.0,81.0,23.0,-721.0,912.0,12.0,-711.0,15.054016897229298,12.0,17.0,30000.0,12500.0,23000.0,0.0,27.330359993739588,20.0,24.0,0.0,12500.0,33921.142441072574,26000.0,0.0,27.8090583428256,20.0,25.0,0.0,722.0,15.352036935595883,12.0,17.0,1.0,17766.0572932805,12500.0,23000.0,1.0,20.0,22.14559497598607,24.0,1.0,21758.69294343144,12500.0,26000.0,1.0,22.6330213123031,20.0,25.0,1.0,0.0,912.0,7.0,5.0
11.0,22.0,11.0,21.0,-121.0,11.0,11.0,-111.0,10.212050260445393,9.0,11.0,30000.0,10000.0,19000.0,0.0,24.537182958122333,16.5,19.0,0.0,10000.0,36931.9777888736,25000.0,0.0,25.838909281676305,17.0,20.0,0.0,122.0,10.217285783924599,9.0,11.0,1.0,18366.57393509748,10000.0,19000.0,1.0,16.5,18.155137791384416,19.0,1.0,25282.249220418234,10000.0,25000.0,0.0,19.453802737845024,17.0,20.0,1.0,0.0,111.0,1.0,39.0
81.0,21.0,81.0,21.0,-721.0,912.0,12.0,-711.0,15.581500503754066,12.0,17.0,30000.0,12500.0,23000.0,0.0,29.348615348856256,20.0,24.0,0.0,12500.0,34451.636274398246,26000.0,0.0,29.905313506141017,20.0,25.0,0.0,721.0,13.929695599180752,12.0,17.0,1.0,15155.691024178426,12500.0,23000.0,1.0,20.0,20.367012262208945,24.0,1.0,19624.461738703078,12500.0,26000.0,1.0,20.925853162219415,20.0,25.0,1.0,0.0,912.0,7.0,6.0
91.0,21.0,91.0,24.0,-721.0,911.0,12.0,-711.0,15.629954686640865,12.0,17.0,30000.0,18000.0,36000.0,1.0,25.58075916803534,20.0,25.0,0.0,18000.0,33944.795435271095,36000.0,1.0,26.064559795449565,20.0,26.0,0.0,722.0,15.074450429945053,12.0,17.0,1.0,27632.05022237716,18000.0,36000.0,1.0,20.0,23.464966386892208,25.0,1.0,31590.73761594944,18000.0,36000.0,1.0,23.950470762511483,20.0,26.0,1.0,0.0,91121.0,7.0,19.0
11.0,22.0,11.0,22.0,-121.0,11.0,12.0,-111.0,10.002033575434004,9.0,11.0,30000.0,10000.0,19000.0,0.0,24.288647822260476,16.5,19.0,0.0,10000.0,36492.35595560049,25000.0,0.0,25.58580319886351,17.0,20.0,0.0,121.0,9.999709615818684,9.0,11.0,1.0,14267.188623225247,10000.0,19000.0,1.0,16.5,17.393271375886737,19.0,1.0,20766.318800893077,10000.0,25000.0,1.0,18.69178022396254,17.0,20.0,1.0,0.0,111.0,1.0,49.0
11.0,22.0,11.0,22.0,-121.0,21.0,13.0,-111.0,10.197920046067571,9.0,11.0,30000.0,10000.0,19000.0,0.0,24.589436658710014,16.5,19.0,0.0,10000.0,36929.20039568849,25000.0,0.0,25.897821175455128,17.0,20.0,0.0,122.0,10.201691324037666,9.0,11.0,1.0,11916.612477215755,10000.0,19000.0,1.0,16.5,16.994240253300152,19.0,1.0,18957.152182546168,10000.0,25000.0,1.0,18.32364806573913,17.0,20.0,1.0,0.0,211.0,1.0,47.0
11.0,22.0,11.0,22.0,-121.0,11.0,11.0,-111.0,10.003174228364195,9.0,11.0,30000.0,10000.0,19000.0,0.0,24.10379890423518,16.5,19.0,0.0,10000.0,36603.13475914127,25000.0,0.0,25.420812925723972,17.0,20.0,0.0,121.0,10.016728786651186,9.0,11.0,1.0,13751.78810583411,10000.0,19000.0,1.0,16.5,17.296030293414955,19.0,1.0,20323.478251677032,10000.0,25000.0,1.0,18.60677259728404,17.0,20.0,1.0,0.0,111.0,1.0,17.0
11.0,21.0,11.0,22.0,-121.0,11.0,11.0,-111.0,10.001161589323528,9.0,11.0,30000.0,10000.0,19000.0,0.0,25.72281970568043,16.5,19.0,0.0,10000.0,36511.4184161787,25000.0,0.0,27.024642984121662,17.0,20.0,0.0,121.0,10.013502568063615,9.0,11.0,1.0,14534.991120957427,10000.0,19000.0,1.0,16.5,17.445293968436903,19.0,1.0,20959.494736626686,10000.0,25000.0,1.0,18.729740432286846,17.0,20.0,1.0,0.0,111.0,1.0,35.0
91.0,24.0,91.0,24.0,-721.0,911.0,12.0,-711.0,14.158390011573115,12.0,17.0,30000.0,18000.0,36000.0,1.0,24.50539912802977,20.0,25.0,1.0,18000.0,34580.08078559675,36000.0,1.0,25.07774939057926,20.0,26.0,1.0,721.0,15.131110651797272,12.0,17.0,1.0,27183.11086521864,18000.0,36000.0,1.0,20.0,23.54459226281073,25.0,1.0,31698.8216767051,18000.0,36000.0,1.0,24.108898524979665,20.0,26.0,1.0,1.0,91121.0,7.0,27.0
91.0,24.0,91.0,24.0,-721.0,911.0,11.0,-711.0,15.365107396887485,12.0,17.0,30000.0,18000.0,36000.0,1.0,24.32441203250491,20.0,25.0,1.0,18000.0,34043.5603806984,36000.0,1.0,24.816809633269834,20.0,26.0,1.0,722.0,15.219815835164782,12.0,17.0,1.0,22410.866666259735,18000.0,36000.0,1.0,20.0,22.93153438215369,25.0,1.0,26420.57294359635,18000.0,36000.0,1.0,23.419809457791757,20.0,26.0,1.0,1.0,91121.0,7.0,4.0
91.0,24.0,91.0,24.0,-721.0,911.0,12.0,-711.0,15.368916845143204,12.0,17.0,30000.0,18000.0,36000.0,1.0,25.287254028626293,20.0,25.0,0.0,18000.0,34454.90141883369,36000.0,1.0,25.846576814261276,20.0,26.0,1.0,721.0,15.360202634300856,12.0,17.0,1.0,25113.29794685944,18000.0,36000.0,1.0,20.0,23.470575277768702,25.0,1.0,29599.1510636668,18000.0,36000.0,1.0,24.033784117954205,20.0,26.0,1.0,0.0,91121.0,7.0,8.0
91.0,24.0,91.0,24.0,-721.0,911.0,11.0,-711.0,15.018936190611694,12.0,17.0,30000.0,18000.0,36000.0,1.0,25.303486761150047,20.0,25.0,0.0,18000.0,33939.19637338866,36000.0,1.0,25.78496879488519,20.0,26.0,1.0,722.0,15.160648496676233,12.0,17.0,1.0,26622.97558614137,18000.0,36000.0,1.0,20.0,23.437836855729984,25.0,1.0,30662.319609504786,18000.0,36000.0,1.0,23.931559785732546,20.0,26.0,1.0,0.0,91121.0,7.0,28.0
11.0,22.0,11.0,22.0,-121.0,21.0,12.0,-111.0,10.210134638811313,9.0,11.0,30000.0,10000.0,19000.0,0.0,24.11848171691186,16.5,19.0,0.0,10000.0,37030.62248374822,25000.0,0.0,25.44328393936521,17.0,20.0,0.0,122.0,10.194304364602438,9.0,11.0,1.0,15453.426652963484,10000.0,19000.0,1.0,16.5,17.63217258932495,19.0,1.0,22432.989598190456,10000.0,25000.0,1.0,18.947353502958666,17.0,20.0,1.0,0.0,211.0,1.0,48.0
11.0,21.0,11.0,21.0,-121.0,21.0,13.0,-111.0,10.156132632694444,9.0,11.0,30000.0,10000.0,19000.0,0.0,25.138474224095255,16.5,19.0,0.0,10000.0,36917.69520345088,25000.0,0.0,26.448760557519794,17.0,20.0,0.0,122.0,10.215077345316969,9.0,11.0,1.0,10248.096459061684,10000.0,19000.0,1.0,16.5,16.635647716861858,19.0,1.0,17147.46660283731,10000.0,25000.0,1.0,17.942463085673836,17.0,20.0,1.0,0.0,211.0,1.0,34.0
11.0,22.0,11.0,22.0,-121.0,21.0,13.0,-111.0,10.20715766846431,9.0,11.0,30000.0,10000.0,19000.0,0.0,25.91107979682428,16.5,19.0,0.0,10000.0,36942.10759585028,25000.0,0.0,27.224131242671792,17.0,20.0,0.0,122.0,10.215443443982757,9.0,11.0,1.0,15322.98977844992,10000.0,19000.0,1.0,16.5,17.62444926594257,19.0,1.0,22331.19983401171,10000.0,25000.0,1.0,18.950003533029868,17.0,20.0,1.0,0.0,211.0,1.0,8.0
11.0,21.0,11.0,21.0,-121.0,11.0,11.0,-111.0,10.21207952936035,9.0,11.0,30000.0,10000.0,19000.0,0.0,25.81327173817739,16.5,19.0,0.0,10000.0,36849.725401354604,25000.0,0.0,27.103967596257046,17.0,20.0,0.0,122.0,10.217137370123789,9.0,11.0,1.0,12880.061283742045,10000.0,19000.0,1.0,16.5,17.12137991052077,19.0,1.0,19867.331537163256,10000.0,25000.0,1.0,18.437993387258164,17.0,20.0,1.0,0.0,111.0,1.0,56.0
11.0,22.0,11.0,22.0,-121.0,11.0,11.0,-111.0,10.00085103097999,9.0,11.0,30000.0,10000.0,19000.0,0.0,23.100271458445842,16.5,19.0,0.0,10000.0,36515.882962636024,25000.0,0.0,24.40667030180187,17.0,20.0,0.0,121.0,10.016522695133226,9.0,11.0,1.0,16325.045382682662,10000.0,19000.0,1.0,16.5,17.81869200808257,19.0,1.0,22815.287963141913,10000.0,25000.0,1.0,19.119950095256968,17.0,20.0,1.0,0.0,111.0,1.0,44.0
11.0,22.0,11.0,21.0,-121.0,11.0,11.0,-111.0,10.217654936637205,9.0,11.0,30000.0,10000.0,19000.0,0.0,23.9837841955982,16.5,19.0,0.0,10000.0,37123.65351592587,25000.0,0.0,25.329233053116777,17.0,20.0,0.0,122.0,10.18665891477757,9.0,11.0,1.0,15540.635562672385,10000.0,19000.0,1.0,16.5,17.613655216444396,19.0,1.0,22659.287341612024,10000.0,25000.0,1.0,18.958159392796393,17.0,20.0,1.0,0.0,111.0,1.0,26.0
11.0,21.0,11.0,22.0,-121.0,11.0,11.0,-111.0,9.986673238490061,9.0,11.0,30000.0,10000.0,19000.0,0.0,30.569788899845747,16.5,19.0,0.0,10000.0,36531.00330754444,25000.0,0.0,31.86811760856917,17.0,20.0,0.0,121.0,9.995603226466185,9.0,11.0,1.0,17953.966631507563,10000.0,19000.0,1.0,16.5,18.126820201202122,19.0,1.0,24431.531311457846,10000.0,25000.0,1.0,19.414525595085063,17.0,20.0,1.0,0.0,111.0,1.0,35.0
81.0,23.0,81.0,21.0,-721.0,912.0,12.0,-711.0,15.282189393197756,12.0,17.0,30000.0,12500.0,23000.0,0.0,25.646490231275244,20.0,24.0,0.0,12500.0,34010.78736046895,26000.0,0.0,26.136018313773512,20.0,25.0,0.0,722.0,15.272375172600055,12.0,17.0,1.0,18212.863156084157,12500.0,23000.0,1.0,20.0,22.003704354125063,24.0,1.0,22190.33452917854,12500.0,26000.0,1.0,22.48916612496175,20.0,25.0,1.0,0.0,912.0,7.0,30.0
11.0,22.0,11.0,22.0,-121.0,21.0,13.0,-111.0,9.999677121021183,9.0,11.0,30000.0,10000.0,19000.0,0.0,25.63890550271659,16.5,19.0,0.0,10000.0,36433.15704803088,25000.0,0.0,26.92647043396338,17.0,20.0,0.0,121.0,10.002323274897375,9.0,11.0,1.0,17091.75685795714,10000.0,19000.0,1.0,16.5,17.935064063806365,19.0,1.0,23650.551160734474,10000.0,25000.0,1.0,19.247774677345983,17.0,20.0,1.0,0.0,211.0,1.0,21.0
11.0,21.0,11.0,22.0,-121.0,11.0,11.0,-111.0,10.196047226200955,9.0,11.0,30000.0,10000.0,19000.0,0.0,25.525804394487842,16.5,19.0,0.0,10000.0,37007.4665141813,25000.0,0.0,26.8507394709252,17.0,20.0,0.0,122.0,10.202144468900162,9.0,11.0,1.0,14182.311035047609,10000.0,19000.0,1.0,16.5,17.398483817450547,19.0,1.0,21166.89442258945,10000.0,25000.0,1.0,18.71909227212213,17.0,20.0,1.0,0.0,111.0,1.0,29.0
11.0,22.0,11.0,21.0,-121.0,21.0,13.0,-111.0,9.999543489850076,9.0,11.0,30000.0,10000.0,19000.0,0.0,26.852743046689,16.5,19.0,0.0,10000.0,36540.2635756342,25000.0,0.0,28.164978443084586,17.0,20.0,0.0,121.0,9.994320447277827,9.0,11.0,1.0,14039.245818319308,10000.0,19000.0,1.0,16.5,17.28061447983693,19.0,1.0,20571.121934842744,10000.0,25000.0,1.0,18.59116702039595,17.0,20.0,1.0,0.0,211.0,1.0,58.0
81.0,23.0,81.0,23.0,-721.0,912.0,11.0,-711.0,15.925356364617622,12.0,17.0,30000.0,12500.0,23000.0,0.0,27.798315653360923,20.0,24.0,0.0,12500.0,34505.73034287836,26000.0,0.0,28.366041705498088,20.0,25.0,0.0,721.0,14.85062412302144,12.0,17.0,1.0,16861.739850212736,12500.0,23000.0,1.0,20.0,21.582540452199414,24.0,1.0,21362.80779434952,12500.0,26000.0,1.0,22.149679037926113,20.0,25.0,1.0,0.0,912.0,7.0,17.0
81.0,23.0,81.0,21.0,-721.0,912.0,12.0,-711.0,15.11680575688272,12.0,17.0,30000.0,12500.0,23000.0,0.0,26.088425392247693,20.0,24.0,0.0,12500.0,34039.083365278006,26000.0,0.0,26.579676426075643,20.0,25.0,0.0,722.0,14.9036842669238,12.0,17.0,1.0,14953.143438901836,12500.0,23000.0,1.0,20.0,21.204028802712756,24.0,1.0,19012.296532395594,12500.0,26000.0,1.0,21.697720804909764,20.0,25.0,1.0,0.0,912.0,7.0,30.0
11.0,22.0,11.0,22.0,-121.0,21.0,13.0,-111.0,10.014985953748656,9.0,11.0,30000.0,10000.0,19000.0,0.0,25.456271191170345,16.5,19.0,0.0,10000.0,36509.47747357785,25000.0,0.0,26.755449822923346,17.0,20.0,0.0,121.0,9.999692577452246,9.0,11.0,1.0,16297.363522072914,10000.0,19000.0,1.0,16.5,17.762441079631486,19.0,1.0,22819.9304784446,10000.0,25000.0,1.0,19.064232144781094,17.0,20.0,1.0,0.0,211.0,1.0,22.0
92.0,24.0,92.0,24.0,-721.0,921.0,13.0,-711.0,15.199479586453524,12.0,17.0,30000.0,15000.0,28000.0,0.0,23.893939284226683,19.5,25.0,1.0,15000.0,34063.153101167314,28000.0,0.0,24.38895693545046,20.0,26.0,1.0,722.0,14.959031692878302,12.0,17.0,1.0,21151.99885462569,15000.0,28000.0,1.0,19.5,21.609364148373817,25.0,1.0,25146.7041572256,15000.0,28000.0,1.0,22.096042741817925,20.0,26.0,1.0,0.0,92122.0,7.0,22.0
11.0,22.0,11.0,22.0,-121.0,21.0,13.0,-111.0,10.204157987098176,9.0,11.0,30000.0,10000.0,19000.0,0.0,26.33557510525867,16.5,19.0,0.0,10000.0,37168.266253871436,25000.0,0.0,27.691021738400032,17.0,20.0,0.0,122.0,10.191751442011997,9.0,11.0,1.0,13617.358062138272,10000.0,19000.0,1.0,16.5,17.33274569710097,19.0,1.0,20561.883027258373,10000.0,25000.0,1.0,18.64588511594642,17.0,20.0,1.0,0.0,211.0,1.0,13.0
11.0,22.0,11.0,22.0,-121.0,11.0,11.0,-111.0,10.201035742557298,9.0,11.0,30000.0,10000.0,19000.0,0.0,25.817733401528983,16.5,19.0,0.0,10000.0,37177.69584244399,25000.0,0.0,27.168165579865967,17.0,20.0,0.0,122.0,10.179051355164416,9.0,11.0,1.0,14455.16456551993,10000.0,19000.0,1.0,16.5,17.419802274464047,19.0,1.0,21521.24938010445,10000.0,25000.0,1.0,18.749235635522172,17.0,20.0,1.0,0.0,111.0,1.0,15.0
91.0,24.0,91.0,24.0,-721.0,911.0,11.0,-711.0,15.286010128401823,12.0,17.0,30000.0,18000.0,36000.0,1.0,24.75699848069299,20.0,25.0,1.0,18000.0,34029.95229777303,36000.0,1.0,25.24886730436569,20.0,26.0,1.0,722.0,15.177701218403934,12.0,17.0,1.0,28507.35753061396,18000.0,36000.0,1.0,20.0,23.721432801573698,25.0,1.0,32565.624018577935,18000.0,36000.0,1.0,24.216757464520267,20.0,26.0,1.0,1.0,91121.0,7.0,0.0
92.0,24.0,92.0,24.0,-721.0,921.0,13.0,-711.0,15.148778672282837,12.0,17.0,30000.0,15000.0,28000.0,0.0,23.886615630542607,19.5,25.0,1.0,15000.0,34058.147377506284,28000.0,0.0,24.382536849267645,20.0,26.0,1.0,722.0,15.353681946321716,12.0,17.0,1.0,21626.748856236634,15000.0,28000.0,1.0,19.5,21.992855509225517,25.0,1.0,25590.641055604054,15000.0,28000.0,1.0,22.47725838264036,20.0,26.0,1.0,0.0,92122.0,7.0,20.0
92.0,24.0,92.0,24.0,-721.0,921.0,13.0,-711.0,14.663259795574621,12.0,17.0,30000.0,15000.0,28000.0,0.0,23.74012317625591,19.5,25.0,1.0,15000.0,34500.33910659674,28000.0,0.0,24.301724868922445,20.0,26.0,1.0,721.0,15.09539984706084,12.0,17.0,1.0,19792.465993061727,15000.0,28000.0,1.0,19.5,21.588944287749737,25.0,1.0,24287.062275671356,15000.0,28000.0,1.0,22.149829327827334,20.0,26.0,1.0,0.0,92122.0,7.0,20.0
81.0,23.0,81.0,21.0,-721.0,912.0,12.0,-711.0,15.163609499670057,12.0,17.0,30000.0,12500.0,23000.0,0.0,25.838046099647684,20.0,24.0,0.0,12500.0,33982.70625533851,26000.0,0.0,26.323101853130115,20.0,25.0,0.0,722.0,15.094742348638796,12.0,17.0,1.0,14901.98287005031,12500.0,23000.0,1.0,20.0,21.397692551136217,24.0,1.0,18955.872256812305,12500.0,26000.0,1.0,21.89141773320168,20.0,25.0,1.0,0.0,912.0,7.0,30.0
91.0,24.0,91.0,21.0,-721.0,911.0,12.0,-711.0,15.364558881121788,12.0,17.0,30000.0,18000.0,36000.0,1.0,24.641534823303864,20.0,25.0,1.0,18000.0,34542.68938194008,36000.0,1.0,25.210471244771867,20.0,26.0,1.0,721.0,15.237297789315544,12.0,17.0,1.0,26915.084428181843,18000.0,36000.0,1.0,20.0,23.509320112266437,25.0,1.0,31396.20383110569,18000.0,36000.0,1.0,24.07054537398167,20.0,26.0,1.0,1.0,91121.0,7.0,14.0
11.0,22.0,11.0,22.0,-121.0,11.0,11.0,-111.0,9.997488547472448,9.0,11.0,30000.0,10000.0,19000.0,0.0,23.559965404116568,16.5,19.0,0.0,10000.0,36506.570720549644,25000.0,0.0,24.85559736431808,17.0,20.0,0.0,121.0,9.995268839887574,9.0,11.0,1.0,12402.590181818758,10000.0,19000.0,1.0,16.5,17.015414515866297,19.0,1.0,18944.91066531778,10000.0,25000.0,1.0,18.318165208413337,17.0,20.0,1.0,0.0,111.0,1.0,11.0
91.0,24.0,91.0,24.0,-721.0,911.0,12.0,-711.0,15.161584662826776,12.0,17.0,30000.0,18000.0,36000.0,1.0,25.42634174826791,20.0,25.0,0.0,18000.0,34467.49203557276,36000.0,1.0,25.985585488079515,20.0,26.0,1.0,721.0,15.001208372088975,12.0,17.0,1.0,24798.48074238702,18000.0,36000.0,1.0,20.0,23.117453355926735,25.0,1.0,29277.92561883048,18000.0,36000.0,1.0,23.67819336061731,20.0,26.0,1.0,0.0,91121.0,7.0,24.0
92.0,24.0,92.0,24.0,-721.0,921.0,13.0,-711.0,15.635480630977662,12.0,17.0,30000.0,15000.0,28000.0,0.0,24.42955668707223,19.5,25.0,1.0,15000.0,34473.685661291136,28000.0,0.0,24.9919699598231,20.0,26.0,1.0,721.0,15.558083346953019,12.0,17.0,1.0,19686.146325459897,15000.0,28000.0,1.0,19.5,22.091761502538734,25.0,1.0,24210.14191274721,15000.0,28000.0,1.0,22.66049953126792,20.0,26.0,1.0,0.0,92122.0,7.0,25.0
91.0,24.0,91.0,24.0,-721.0,911.0,12.0,-711.0,15.18473258901293,12.0,17.0,30000.0,18000.0,36000.0,1.0,24.07020404598427,20.0,25.0,1.0,18000.0,34036.443642157654,36000.0,1.0,24.563041891090307,20.0,26.0,1.0,722.0,15.192854125764644,12.0,17.0,1.0,29001.97184406436,18000.0,36000.0,1.0,20.0,23.783924752576027,25.0,1.0,33147.52605658699,18000.0,36000.0,1.0,24.29008467601244,20.0,26.0,1.0,1.0,91121.0,7.0,8.0
11.0,22.0,11.0,21.0,-121.0,11.0,11.0,-111.0,10.203520649026112,9.0,11.0,30000.0,10000.0,19000.0,0.0,23.69463481367214,16.5,19.0,0.0,10000.0,37065.906334827225,25000.0,0.0,25.029313382213015,17.0,20.0,0.0,122.0,10.198676491743237,9.0,11.0,1.0,15395.53334647436,10000.0,19000.0,1.0,16.5,17.601612098372698,19.0,1.0,22354.034666703366,10000.0,25000.0,1.0,18.916002940987813,17.0,20.0,1.0,0.0,111.0,1.0,39.0
11.0,22.0,11.0,22.0,-121.0,11.0,11.0,-111.0,10.219734323908435,9.0,11.0,30000.0,10000.0,19000.0,0.0,26.39779127544753,16.5,19.0,0.0,10000.0,36948.13616331425,25000.0,0.0,27.70954531397165,17.0,20.0,0.0,122.0,10.181596566304952,9.0,11.0,1.0,14934.951059668218,10000.0,19000.0,1.0,16.5,17.537334004236044,19.0,1.0,21961.415310254393,10000.0,25000.0,1.0,18.863875776102425,17.0,20.0,1.0,0.0,111.0,1.0,38.0
11.0,21.0,11.0,22.0,-121.0,21.0,13.0,-111.0,10.208384396321042,9.0,11.0,30000.0,10000.0,19000.0,0.0,28.0605621856418,16.5,19.0,0.0,10000.0,36893.382795998434,25000.0,0.0,29.36064673786595,17.0,20.0,0.0,122.0,10.172403556501642,9.0,11.0,1.0,14450.68869458167,10000.0,19000.0,1.0,16.5,17.384738013052413,19.0,1.0,21513.85761267752,10000.0,25000.0,1.0,18.71684404457828,17.0,20.0,1.0,0.0,211.0,1.0,24.0
11.0,22.0,11.0,21.0,-121.0,11.0,11.0,-111.0,10.18313534288446,9.0,11.0,30000.0,10000.0,19000.0,0.0,24.31731217370408,16.5,19.0,0.0,10000.0,36944.37563242318,25000.0,0.0,25.626732638850164,17.0,20.0,0.0,122.0,10.197727309111094,9.0,11.0,1.0,12751.26053953987,10000.0,19000.0,1.0,16.5,17.094552040840856,19.0,1.0,19777.4366976992,10000.0,25000.0,1.0,18.419396683498093,17.0,20.0,1.0,0.0,111.0,1.0,54.0
11.0,21.0,11.0,22.0,-121.0,21.0,13.0,-111.0,10.016653328018034,9.0,11.0,30000.0,10000.0,19000.0,0.0,26.914627916143203,16.5,19.0,0.0,10000.0,36466.21167034835,25000.0,0.0,28.193922618085196,17.0,20.0,0.0,121.0,9.998794180392151,9.0,11.0,1.0,13280.774401000148,10000.0,19000.0,1.0,16.5,17.13355635951519,19.0,1.0,19764.625614144865,10000.0,25000.0,1.0,18.416340921485666,17.0,20.0,1.0,0.0,211.0,1.0,52.0
11.0,22.0,11.0,22.0,-121.0,11.0,11.0,-111.0,9.981756159004616,9.0,11.0,30000.0,10000.0,19000.0,0.0,23.585040819616985,16.5,19.0,0.0,10000.0,36534.81135688663,25000.0,0.0,24.89240680573422,17.0,20.0,0.0,121.0,9.991699683482084,9.0,11.0,1.0,14609.939287129871,10000.0,19000.0,1.0,16.5,17.426415522971006,19.0,1.0,21091.63242235178,10000.0,25000.0,1.0,18.723154583159562,17.0,20.0,1.0,0.0,111.0,1.0,11.0
11.0,21.0,11.0,22.0,-121.0,21.0,13.0,-111.0,10.194527202572495,9.0,11.0,30000.0,10000.0,19000.0,0.0,26.898887533490726,16.5,19.0,0.0,10000.0,37102.090205320215,25000.0,0.0,28.232685252622925,17.0,20.0,0.0,122.0,10.209611796823205,9.0,11.0,1.0,14885.464741516696,10000.0,19000.0,1.0,16.5,17.521613856857876,19.0,1.0,21769.604017742702,10000.0,25000.0,1.0,18.814479618819096,17.0,20.0,1.0,0.0,211.0,1.0,59.0
11.0,21.0,11.0,22.0,-121.0,21.0,13.0,-111.0,10.208961837274076,9.0,11.0,30000.0,10000.0,19000.0,0.0,28.418908043423848,16.5,19.0,0.0,10000.0,37036.432084556734,25000.0,0.0,29.746365318125395,17.0,20.0,0.0,122.0,10.187710472570004,9.0,11.0,1.0,14281.57583258227,10000.0,19000.0,1.0,16.5,17.415311698086217,19.0,1.0,21307.29991534209,10000.0,25000.0,1.0,18.740748855956962,17.0,20.0,1.0,0.0,211.0,1.0,32.0
91.0,24.0,91.0,21.0,-721.0,911.0,12.0,-711.0,15.465292270741475,12.0,17.0,30000.0,18000.0,36000.0,1.0,24.73709740556079,20.0,25.0,1.0,18000.0,34100.54273775062,36000.0,1.0,25.239125461899192,20.0,26.0,1.0,722.0,15.093782752831364,12.0,17.0,1.0,25663.163301521363,18000.0,36000.0,1.0,20.0,23.221979178847242,25.0,1.0,29695.2060493939,18000.0,36000.0,1.0,23.715620804662414,20.0,26.0,1.0,1.0,91121.0,7.0,29.0
11.0,22.0,11.0,22.0,-121.0,11.0,11.0,-111.0,10.213994138081553,9.0,11.0,30000.0,10000.0,19000.0,0.0,24.830142244857207,16.5,19.0,0.0,10000.0,37090.43967856728,25000.0,0.0,26.16724302700506,17.0,20.0,0.0,122.0,10.19997412668184,9.0,11.0,1.0,18249.312401133262,10000.0,19000.0,1.0,16.5,18.171235836058937,19.0,1.0,25154.31387909863,10000.0,25000.0,0.0,19.4733670571774,17.0,20.0,1.0,0.0,111.0,1.0,55.0
81.0,23.0,81.0,23.0,-721.0,912.0,12.0,-711.0,15.425670577015307,12.0,17.0,30000.0,12500.0,23000.0,0.0,26.720140192550588,20.0,24.0,0.0,12500.0,34092.995413036704,26000.0,0.0,27.218298756257138,20.0,25.0,0.0,722.0,15.195804598813945,12.0,17.0,1.0,18513.087216589123,12500.0,23000.0,1.0,20.0,22.01504913542133,24.0,1.0,22586.544316866686,12500.0,26000.0,1.0,22.51082969064286,20.0,25.0,1.0,0.0,912.0,7.0,5.0
11.0,21.0,11.0,21.0,-121.0,21.0,12.0,-111.0,10.178549539948934,9.0,11.0,30000.0,10000.0,19000.0,0.0,24.359604004977946,16.5,19.0,0.0,10000.0,36964.15588874197,25000.0,0.0,25.676141268053193,17.0,20.0,0.0,122.0,10.190184143204128,9.0,11.0,1.0,13597.297995908577,10000.0,19000.0,1.0,16.5,17.208048570366845,19.0,1.0,20534.82496826353,10000.0,25000.0,1.0,18.519551776011603,17.0,20.0,1.0,0.0,211.0,1.0,6.0
91.0,21.0,91.0,24.0,-721.0,911.0,12.0,-711.0,15.211150750709859,12.0,17.0,30000.0,18000.0,36000.0,1.0,24.699686112829195,20.0,25.0,1.0,18000.0,34035.88805604532,36000.0,1.0,25.191259365881983,20.0,26.0,1.0,722.0,15.110759248229918,12.0,17.0,1.0,25365.33523715923,18000.0,36000.0,1.0,20.0,23.220652801435726,25.0,1.0,29442.387726883077,18000.0,36000.0,1.0,23.71723990380555,20.0,26.0,1.0,1.0,91121.0,7.0,19.0
91.0,24.0,91.0,21.0,-721.0,911.0,11.0,-711.0,15.333023886098276,12.0,17.0,30000.0,18000.0,36000.0,1.0,25.06462542294369,20.0,25.0,0.0,18000.0,34458.370281110074,36000.0,1.0,25.62218554349542,20.0,26.0,1.0,721.0,15.516637808099711,12.0,17.0,1.0,22654.902785992963,18000.0,36000.0,1.0,20.0,23.311605067857275,25.0,1.0,27167.271275982137,18000.0,36000.0,1.0,23.875918160000392,20.0,26.0,1.0,0.0,91121.0,7.0,15.0
11.0,22.0,11.0,22.0,-121.0,21.0,13.0,-111.0,10.18796051371202,9.0,11.0,30000.0,10000.0,19000.0,0.0,24.636712780343842,16.5,19.0,0.0,10000.0,37054.03037189685,25000.0,0.0,25.972052634791144,17.0,20.0,0.0,122.0,10.200029941033003,9.0,11.0,1.0,15498.404004995948,10000.0,19000.0,1.0,16.5,17.675196844478204,19.0,1.0,22408.89951879975,10000.0,25000.0,1.0,18.98336530804552,17.0,20.0,1.0,0.0,211.0,1.0,36.0
11.0,22.0,11.0,22.0,-121.0,21.0,13.0,-111.0,10.21751814660627,9.0,11.0,30000.0,10000.0,19000.0,0.0,24.75476990409979,16.5,19.0,0.0,10000.0,37271.60661035811,25000.0,0.0,26.12105748894521,17.0,20.0,0.0,122.0,10.180442456333722,9.0,11.0,1.0,12986.682351472311,10000.0,19000.0,1.0,16.5,17.11378888539786,19.0,1.0,19942.102839832958,10000.0,25000.0,1.0,18.420667154512394,17.0,20.0,1.0,0.0,211.0,1.0,36.0
11.0,22.0,11.0,22.0,-121.0,21.0,13.0,-111.0,10.193044575760922,9.0,11.0,30000.0,10000.0,19000.0,0.0,25.93581273173182,16.5,19.0,0.0,10000.0,36803.86805745663,25000.0,0.0,27.219530755154953,17.0,20.0,0.0,122.0,10.181471780475974,9.0,11.0,1.0,16353.688704952698,10000.0,19000.0,1.0,16.5,17.7660177903486,19.0,1.0,23347.339326780777,10000.0,25000.0,1.0,19.085542989389737,17.0,20.0,1.0,0.0,211.0,1.0,47.0
11.0,21.0,11.0,22.0,-121.0,11.0,11.0,-111.0,10.003341527375325,9.0,11.0,30000.0,10000.0,19000.0,0.0,26.89872128267057,16.5,19.0,0.0,10000.0,36506.41647078327,25000.0,0.0,28.20167439831296,17.0,20.0,0.0,121.0,9.996461948460361,9.0,11.0,1.0,12784.879360692132,10000.0,19000.0,1.0,16.5,17.08560726545189,19.0,1.0,19301.89753530194,10000.0,25000.0,1.0,18.390683442704912,17.0,20.0,1.0,0.0,111.0,1.0,35.0
11.0,21.0,11.0,22.0,-121.0,21.0,13.0,-111.0,9.995974970933275,9.0,11.0,30000.0,10000.0,19000.0,0.0,27.616566344080827,16.5,19.0,0.0,10000.0,36547.000013200544,25000.0,0.0,28.922009160144533,17.0,20.0,0.0,121.0,9.995552556858248,9.0,11.0,1.0,13405.760673465536,10000.0,19000.0,1.0,16.5,17.189991901078443,19.0,1.0,19948.718521757313,10000.0,25000.0,1.0,18.49462872735586,17.0,20.0,1.0,0.0,211.0,1.0,24.0
11.0,22.0,11.0,22.0,-121.0,21.0,13.0,-111.0,10.196280118423248,9.0,11.0,30000.0,10000.0,19000.0,0.0,27.758974635836196,16.5,19.0,0.0,10000.0,37132.33423271288,25000.0,0.0,29.104830428446686,17.0,20.0,0.0,122.0,10.190533358953893,9.0,11.0,1.0,14457.766651699028,10000.0,19000.0,1.0,16.5,17.475487229533627,19.0,1.0,21485.642740837106,10000.0,25000.0,1.0,18.801632000053946,17.0,20.0,1.0,0.0,211.0,1.0,28.0
91.0,24.0,91.0,24.0,-721.0,911.0,11.0,-711.0,14.715485285231432,12.0,17.0,30000.0,18000.0,36000.0,1.0,24.15061755234009,20.0,25.0,1.0,18000.0,34474.275130729904,36000.0,1.0,24.71139330740881,20.0,26.0,1.0,721.0,15.243270839419697,12.0,17.0,1.0,25036.779068312855,18000.0,36000.0,1.0,20.0,23.402747198091653,25.0,1.0,29553.773505641115,18000.0,36000.0,1.0,23.968877105668604,20.0,26.0,1.0,1.0,91121.0,7.0,9.0
91.0,24.0,91.0,24.0,-721.0,911.0,11.0,-711.0,14.713167176932028,12.0,17.0,30000.0,18000.0,36000.0,1.0,23.537330037702503,20.0,25.0,1.0,18000.0,34506.513688867446,36000.0,1.0,24.10201457803274,20.0,26.0,1.0,721.0,14.93570182139953,12.0,17.0,1.0,28630.20943861273,18000.0,36000.0,1.0,20.0,23.51649310545051,25.0,1.0,33118.16993160644,18000.0,36000.0,1.0,24.078852854687913,20.0,26.0,1.0,1.0,91121.0,7.0,9.0
81.0,23.0,81.0,23.0,-721.0,912.0,12.0,-711.0,15.132105767305106,12.0,17.0,30000.0,12500.0,23000.0,0.0,26.653167846478716,20.0,24.0,0.0,12500.0,34011.10220678872,26000.0,0.0,27.13977941260208,20.0,25.0,0.0,722.0,15.369994700816209,12.0,17.0,1.0,18778.61543334735,12500.0,23000.0,1.0,20.0,22.208025991713875,24.0,1.0,22717.611769973304,12500.0,26000.0,1.0,22.685889949674277,20.0,25.0,1.0,0.0,912.0,7.0,31.0
11.0,21.0,11.0,22.0,-121.0,11.0,11.0,-111.0,10.005355053623168,9.0,11.0,30000.0,10000.0,19000.0,0.0,25.350678529833424,16.5,19.0,0.0,10000.0,36462.15387844554,25000.0,0.0,26.643347860214888,17.0,20.0,0.0,121.0,10.000795473708058,9.0,11.0,1.0,14788.293852264933,10000.0,19000.0,1.0,16.5,17.54607008788855,19.0,1.0,21349.067301274947,10000.0,25000.0,1.0,18.8584669729897,17.0,20.0,1.0,0.0,111.0,1.0,43.0
11.0,22.0,11.0,22.0,-121.0,21.0,13.0,-111.0,10.189476646748574,9.0,11.0,30000.0,10000.0,19000.0,0.0,27.018319602296963,16.5,19.0,0.0,10000.0,37078.770560936704,25000.0,0.0,28.35288628575322,17.0,20.0,0.0,122.0,10.221631012427546,9.0,11.0,1.0,15044.947631359715,10000.0,19000.0,1.0,16.5,17.588688679769025,19.0,1.0,22006.343221329436,10000.0,25000.0,1.0,18.90112655930718,17.0,20.0,1.0,0.0,211.0,1.0,47.0
11.0,21.0,11.0,21.0,-121.0,11.0,11.0,-111.0,10.00101898508743,9.0,11.0,30000.0,10000.0,19000.0,0.0,25.780765550872786,16.5,19.0,0.0,10000.0,36572.552211728755,25000.0,0.0,27.096459719105372,17.0,20.0,0.0,121.0,9.999958233521246,9.0,11.0,1.0,12801.97551968892,10000.0,19000.0,1.0,16.5,17.048278954216055,19.0,1.0,19227.373095707157,10000.0,25000.0,1.0,18.334515692549914,17.0,20.0,1.0,0.0,111.0,1.0,56.0
92.0,24.0,92.0,24.0,-721.0,921.0,13.0,-711.0,14.961487293809459,12.0,17.0,30000.0,15000.0,28000.0,0.0,23.936974957719116,19.5,25.0,1.0,15000.0,34606.84961773655,28000.0,0.0,24.512489275012975,20.0,26.0,1.0,721.0,14.98248908801766,12.0,17.0,1.0,17649.88687312937,15000.0,28000.0,1.0,19.5,21.157048925505507,25.0,1.0,22151.421899551904,15000.0,28000.0,1.0,21.719406734523552,20.0,26.0,1.0,0.0,92122.0,7.0,25.0
81.0,21.0,81.0,21.0,-721.0,912.0,12.0,-711.0,14.879924757618012,12.0,17.0,30000.0,12500.0,23000.0,0.0,27.1089289206097,20.0,24.0,0.0,12500.0,34021.15846470082,26000.0,0.0,27.596019692701343,20.0,25.0,0.0,722.0,14.918877241719475,12.0,17.0,1.0,18165.947937220804,12500.0,23000.0,1.0,20.0,21.63755856595641,24.0,1.0,22233.299050485286,12500.0,26000.0,1.0,22.1302447437132,20.0,25.0,1.0,0.0,912.0,7.0,6.0
11.0,21.0,11.0,22.0,-121.0,11.0,12.0,-111.0,10.182612897965551,9.0,11.0,30000.0,10000.0,19000.0,0.0,25.206682618862338,16.5,19.0,0.0,10000.0,36793.15960276575,25000.0,0.0,26.49038980326739,17.0,20.0,0.0,122.0,10.21268141947664,9.0,11.0,1.0,16608.4553312843,10000.0,19000.0,1.0,16.5,17.873755146947325,19.0,1.0,23507.498489888643,10000.0,25000.0,1.0,19.177471206351427,17.0,20.0,1.0,0.0,111.0,1.0,7.0
11.0,22.0,11.0,22.0,-121.0,21.0,13.0,-111.0,10.204809194029634,9.0,11.0,30000.0,10000.0,19000.0,0.0,25.479294490934073,16.5,19.0,0.0,10000.0,37032.80223236126,25000.0,0.0,26.806292680432456,17.0,20.0,0.0,122.0,10.21110125556852,9.0,11.0,1.0,16285.678935383577,10000.0,19000.0,1.0,16.5,17.81156414124535,19.0,1.0,23235.357134078695,10000.0,25000.0,1.0,19.122877908157353,17.0,20.0,1.0,0.0,211.0,1.0,4.0
91.0,24.0,91.0,21.0,-721.0,911.0,12.0,-711.0,15.69334678742877,12.0,17.0,30000.0,18000.0,36000.0,1.0,24.44672451193389,20.0,25.0,1.0,18000.0,34553.663408411114,36000.0,1.0,25.016753307540487,20.0,26.0,1.0,721.0,15.138830457606508,12.0,17.0,1.0,25555.48271676458,18000.0,36000.0,1.0,20.0,23.269293786384083,25.0,1.0,30038.47629882338,18000.0,36000.0,1.0,23.830476114347302,20.0,26.0,1.0,1.0,91121.0,7.0,14.0
11.0,22.0,11.0,22.0,-121.0,11.0,11.0,-111.0,9.998670227264041,9.0,11.0,30000.0,10000.0,19000.0,0.0,27.110279647115483,16.5,19.0,0.0,10000.0,36484.35988148781,25000.0,0.0,28.405766435853554,17.0,20.0,0.0,121.0,10.003021177065959,9.0,11.0,1.0,16860.171627384974,10000.0,19000.0,1.0,16.5,17.932527239740864,19.0,1.0,23331.10138230568,10000.0,25000.0,1.0,19.225330872106255,17.0,20.0,1.0,0.0,111.0,1.0,15.0
11.0,21.0,11.0,21.0,-121.0,11.0,11.0,-111.0,9.999461539645353,9.0,11.0,30000.0,10000.0,19000.0,0.0,26.980048969929356,16.5,19.0,0.0,10000.0,36448.705585158365,25000.0,0.0,28.27109102219118,17.0,20.0,0.0,121.0,10.005536978686033,9.0,11.0,1.0,11508.871027746829,10000.0,19000.0,1.0,16.5,16.78919081319341,19.0,1.0,18022.40581704583,10000.0,25000.0,1.0,18.093211784659246,17.0,20.0,1.0,0.0,111.0,1.0,18.0
11.0,22.0,11.0,22.0,-121.0,11.0,11.0,-111.0,9.992382635644237,9.0,11.0,30000.0,10000.0,19000.0,0.0,24.94299704025845,16.5,19.0,0.0,10000.0,36494.23037467224,25000.0,0.0,26.237945123725453,17.0,20.0,0.0,121.0,9.997310669623765,9.0,11.0,1.0,16462.560952196756,10000.0,19000.0,1.0,16.5,17.824603369321032,19.0,1.0,22841.3896474195,10000.0,25000.0,1.0,19.096540383729746,17.0,20.0,1.0,0.0,111.0,1.0,15.0
11.0,22.0,11.0,22.0,-121.0,21.0,13.0,-111.0,9.990314673274197,9.0,11.0,30000.0,10000.0,19000.0,0.0,25.235451921123023,16.5,19.0,0.0,10000.0,36485.95164050505,25000.0,0.0,26.528571027025272,17.0,20.0,0.0,121.0,10.007349890378908,9.0,11.0,1.0,15685.348948043315,10000.0,19000.0,1.0,16.5,17.682269626817245,19.0,1.0,22113.48914078217,10000.0,25000.0,1.0,18.96386273132604,17.0,20.0,1.0,0.0,211.0,1.0,22.0
11.0,22.0,11.0,21.0,-121.0,11.0,11.0,-111.0,10.008911724129872,9.0,11.0,30000.0,10000.0,19000.0,0.0,24.242555604212818,16.5,19.0,0.0,10000.0,36509.662877549614,25000.0,0.0,25.54418325603148,17.0,20.0,0.0,121.0,9.994752500631344,9.0,11.0,1.0,13187.28580147403,10000.0,19000.0,1.0,16.5,17.10570531216181,19.0,1.0,19695.63667450702,10000.0,25000.0,1.0,18.40707062453367,17.0,20.0,1.0,0.0,111.0,1.0,1.0
11.0,22.0,11.0,21.0,-121.0,21.0,13.0,-111.0,10.192763690668928,9.0,11.0,30000.0,10000.0,19000.0,0.0,26.638171810370302,16.5,19.0,0.0,10000.0,37124.15452762397,25000.0,0.0,27.98262504293669,17.0,20.0,0.0,122.0,10.228194542569835,9.0,11.0,1.0,13695.946207356712,10000.0,19000.0,1.0,16.5,17.277365799786267,19.0,1.0,20747.894631669165,10000.0,25000.0,1.0,18.608192470964664,17.0,20.0,1.0,0.0,211.0,1.0,2.0
91.0,24.0,91.0,24.0,-721.0,911.0,12.0,-711.0,15.275046018578092,12.0,17.0,30000.0,18000.0,36000.0,1.0,25.174044680128112,20.0,25.0,0.0,18000.0,34425.027885228155,36000.0,1.0,25.728649781325817,20.0,26.0,1.0,721.0,14.249823848037401,12.0,17.0,1.0,26247.230971324592,18000.0,36000.0,1.0,20.0,22.58943666093417,25.0,1.0,30748.67393646826,18000.0,36000.0,1.0,23.153619146552668,20.0,26.0,1.0,0.0,91121.0,7.0,23.0
11.0,21.0,11.0,22.0,-121.0,21.0,13.0,-111.0,10.020364989351643,9.0,11.0,30000.0,10000.0,19000.0,0.0,28.13838134214059,16.5,19.0,0.0,10000.0,36525.14705111682,25000.0,0.0,29.438751409931204,17.0,20.0,0.0,121.0,10.023417973799095,9.0,11.0,1.0,16150.376499999828,10000.0,19000.0,1.0,16.5,17.80211497941014,19.0,1.0,22678.430003469828,10000.0,25000.0,1.0,19.103064262291834,17.0,20.0,1.0,0.0,211.0,1.0,59.0
11.0,22.0,11.0,21.0,-121.0,11.0,11.0,-111.0,10.003165027511399,9.0,11.0,30000.0,10000.0,19000.0,0.0,24.643720598764908,16.5,19.0,0.0,10000.0,36383.81296427455,25000.0,0.0,25.91847360009173,17.0,20.0,0.0,121.0,10.000720379741058,9.0,11.0,1.0,13983.559933601518,10000.0,19000.0,1.0,16.5,17.26967843048504,19.0,1.0,20494.946158184925,10000.0,25000.0,1.0,18.56990592446662,17.0,20.0,1.0,0.0,111.0,1.0,26.0
91.0,24.0,91.0,21.0,-721.0,911.0,11.0,-711.0,15.11681538368652,12.0,17.0,30000.0,18000.0,36000.0,1.0,24.523750082845073,20.0,25.0,1.0,18000.0,33949.91342454302,36000.0,1.0,25.00552172888553,20.0,26.0,1.0,722.0,15.299971139121446,12.0,17.0,1.0,22345.222778488303,18000.0,36000.0,1.0,20.0,22.90427923199595,25.0,1.0,26374.36035508745,18000.0,36000.0,1.0,23.395713862016027,20.0,26.0,1.0,1.0,91121.0,7.0,21.0
11.0,22.0,11.0,21.0,-121.0,21.0,12.0,-111.0,10.217821351542351,9.0,11.0,30000.0,10000.0,19000.0,0.0,24.853584167487803,16.5,19.0,0.0,10000.0,37055.309466508996,25000.0,0.0,26.186681151868896,17.0,20.0,0.0,122.0,10.203926963942035,9.0,11.0,1.0,14216.340082434244,10000.0,19000.0,1.0,16.5,17.379726558003128,19.0,1.0,21264.417292714006,10000.0,25000.0,1.0,18.711457011402807,17.0,20.0,1.0,0.0,211.0,1.0,53.0
81.0,23.0,81.0,23.0,-721.0,912.0,11.0,-711.0,15.400958074592033,12.0,17.0,30000.0,12500.0,23000.0,0.0,26.917625538857806,20.0,24.0,0.0,12500.0,33989.09628656477,26000.0,0.0,27.406040591341977,20.0,25.0,0.0,722.0,15.235087116057073,12.0,17.0,1.0,17028.150018900837,12500.0,23000.0,1.0,20.0,21.817305778956836,24.0,1.0,21070.405884939835,12500.0,26000.0,1.0,22.312229558464317,20.0,25.0,1.0,0.0,912.0,7.0,17.0
11.0,21.0,11.0,21.0,-121.0,21.0,13.0,-111.0,10.007248954823925,9.0,11.0,30000.0,10000.0,19000.0,0.0,26.840468193852253,16.5,19.0,0.0,10000.0,36573.34870383049,25000.0,0.0,28.154449856869086,17.0,20.0,0.0,121.0,10.00231397437291,9.0,11.0,1.0,13251.644308306539,10000.0,19000.0,1.0,16.5,17.1534963665303,19.0,1.0,19743.24923986309,10000.0,25000.0,1.0,18.451137831776826,17.0,20.0,1.0,0.0,211.0,1.0,34.0
11.0,22.0,11.0,21.0,-121.0,11.0,11.0,-111.0,9.979339335083257,9.0,11.0,30000.0,10000.0,19000.0,0.0,24.68947623964378,16.5,19.0,0.0,10000.0,36544.699223088064,25000.0,0.0,26.003617059840604,17.0,20.0,0.0,121.0,9.987823576234703,9.0,11.0,1.0,12070.312284144557,10000.0,19000.0,1.0,16.5,16.878631332651757,19.0,1.0,18483.939640573306,10000.0,25000.0,1.0,18.166453618644784,17.0,20.0,1.0,0.0,111.0,1.0,39.0
11.0,21.0,11.0,22.0,-121.0,21.0,13.0,-111.0,9.999087821969734,9.0,11.0,30000.0,10000.0,19000.0,0.0,26.914282246212732,16.5,19.0,0.0,10000.0,36461.944087565294,25000.0,0.0,28.20140801867242,17.0,20.0,0.0,121.0,10.00386074308915,9.0,11.0,1.0,13494.072398570486,10000.0,19000.0,1.0,16.5,17.23228443342253,19.0,1.0,20049.66029519931,10000.0,25000.0,1.0,18.538062697832576,17.0,20.0,1.0,0.0,211.0,1.0,59.0
11.0,22.0,11.0,21.0,-121.0,11.0,12.0,-111.0,9.998817054179812,9.0,11.0,30000.0,10000.0,19000.0,0.0,23.66023042143682,16.5,19.0,0.0,10000.0,36480.18662357283,25000.0,0.0,24.956617377239713,17.0,20.0,0.0,121.0,9.993008131929818,9.0,11.0,1.0,13650.251611127422,10000.0,19000.0,1.0,16.5,17.210062884739596,19.0,1.0,20221.761625370647,10000.0,25000.0,1.0,18.52471944592609,17.0,20.0,1.0,0.0,111.0,1.0,10.0
11.0,22.0,11.0,21.0,-121.0,11.0,11.0,-111.0,10.209213035476267,9.0,11.0,30000.0,10000.0,19000.0,0.0,23.950155747974655,16.5,19.0,0.0,10000.0,36964.41105752472,25000.0,0.0,25.269876826490936,17.0,20.0,0.0,122.0,10.21288591453106,9.0,11.0,1.0,14295.26827773491,10000.0,19000.0,1.0,16.5,17.42177231524863,19.0,1.0,21283.9765599392,10000.0,25000.0,1.0,18.746097596373605,17.0,20.0,1.0,0.0,111.0,1.0,12.0
91.0,21.0,91.0,24.0,-721.0,911.0,12.0,-711.0,15.462669339057902,12.0,17.0,30000.0,18000.0,36000.0,1.0,24.807869273617925,20.0,25.0,1.0,18000.0,33985.236509073824,36000.0,1.0,25.29510233129525,20.0,26.0,1.0,722.0,15.241527932054419,12.0,17.0,1.0,24501.106713477115,18000.0,36000.0,1.0,20.0,23.311805685432756,25.0,1.0,28447.577198891373,18000.0,36000.0,1.0,23.794299228102968,20.0,26.0,1.0,1.0,91121.0,7.0,19.0
11.0,22.0,11.0,22.0,-121.0,21.0,13.0,-111.0,10.219498086436726,9.0,11.0,30000.0,10000.0,19000.0,0.0,26.47605831162406,16.5,19.0,0.0,10000.0,37032.73384086505,25000.0,0.0,27.810688890558446,17.0,20.0,0.0,122.0,10.201831755008842,9.0,11.0,1.0,15315.911494709562,10000.0,19000.0,1.0,16.5,17.60286299563775,19.0,1.0,22331.154034273997,10000.0,25000.0,1.0,18.93417417899861,17.0,20.0,1.0,0.0,211.0,1.0,22.0
92.0,24.0,92.0,24.0,-721.0,921.0,13.0,-711.0,14.256151848863878,12.0,17.0,30000.0,15000.0,28000.0,0.0,24.13532769106544,19.5,25.0,1.0,15000.0,34485.073066761455,28000.0,0.0,24.694271815857974,20.0,26.0,1.0,721.0,15.157257976212746,12.0,17.0,1.0,21090.96529375718,15000.0,28000.0,1.0,19.5,21.865420144263496,25.0,1.0,25564.769560616645,15000.0,28000.0,1.0,22.422959915235047,20.0,26.0,1.0,0.0,92122.0,7.0,25.0
81.0,23.0,81.0,23.0,-721.0,912.0,12.0,-711.0,15.03052901002049,12.0,17.0,30000.0,12500.0,23000.0,0.0,26.22801959526179,20.0,24.0,0.0,12500.0,33964.085565596826,26000.0,0.0,26.71027828831178,20.0,25.0,0.0,722.0,15.359544745664934,12.0,17.0,1.0,16221.17175205491,12500.0,23000.0,1.0,20.0,21.889004235829056,24.0,1.0,20236.499979159154,12500.0,26000.0,1.0,22.37749695651494,20.0,25.0,1.0,0.0,912.0,7.0,10.0
11.0,22.0,11.0,21.0,-121.0,11.0,12.0,-111.0,10.181078324041934,9.0,11.0,30000.0,10000.0,19000.0,0.0,23.151106528825544,16.5,19.0,0.0,10000.0,37110.54420423558,25000.0,0.0,24.490077956148557,17.0,20.0,0.0,122.0,10.197731740435337,9.0,11.0,1.0,14583.739623884432,10000.0,19000.0,1.0,16.5,17.456644194381667,19.0,1.0,21584.66662120021,10000.0,25000.0,1.0,18.774973839051654,17.0,20.0,1.0,0.0,111.0,1.0,10.0
11.0,22.0,11.0,22.0,-121.0,21.0,13.0,-111.0,10.007003559345664,9.0,11.0,30000.0,10000.0,19000.0,0.0,27.794340047970785,16.5,19.0,0.0,10000.0,36549.04599599853,25000.0,0.0,29.10102995895494,17.0,20.0,0.0,121.0,10.0036938493042,9.0,11.0,1.0,13978.926678820151,10000.0,19000.0,1.0,16.5,17.305761887191256,19.0,1.0,20469.059505491667,10000.0,25000.0,1.0,18.600697224451125,17.0,20.0,1.0,0.0,211.0,1.0,4.0
11.0,21.0,11.0,22.0,-121.0,11.0,12.0,-111.0,10.019217631470454,9.0,11.0,30000.0,10000.0,19000.0,0.0,25.273454067895237,16.5,19.0,0.0,10000.0,36465.41133720765,25000.0,0.0,26.572853933277987,17.0,20.0,0.0,121.0,9.984770589778474,9.0,11.0,1.0,14600.927383234106,10000.0,19000.0,1.0,16.5,17.455637897099855,19.0,1.0,21101.964437521685,10000.0,25000.0,1.0,18.76219771713412,17.0,20.0,1.0,0.0,111.0,1.0,7.0
11.0,22.0,11.0,22.0,-121.0,21.0,13.0,-111.0,10.188818050119556,9.0,11.0,30000.0,10000.0,19000.0,0.0,25.241417698023028,16.5,19.0,0.0,10000.0,37026.87600619545,25000.0,0.0,26.57074820423655,17.0,20.0,0.0,122.0,10.200306927535376,9.0,11.0,1.0,15162.324371971228,10000.0,19000.0,1.0,16.5,17.58543632313272,19.0,1.0,22084.82201153305,10000.0,25000.0,1.0,18.895020736369435,17.0,20.0,1.0,0.0,211.0,1.0,41.0
11.0,22.0,11.0,21.0,-121.0,21.0,13.0,-111.0,10.196160837839091,9.0,11.0,30000.0,10000.0,19000.0,0.0,26.58347122610324,16.5,19.0,0.0,10000.0,36941.52021512475,25000.0,0.0,27.892731325229974,17.0,20.0,0.0,122.0,10.206699868492336,9.0,11.0,1.0,12147.275073542554,10000.0,19000.0,1.0,16.5,16.98883010054223,19.0,1.0,19070.186651215816,10000.0,25000.0,1.0,18.294580371020587,17.0,20.0,1.0,0.0,211.0,1.0,33.0
92.0,24.0,92.0,24.0,-721.0,921.0,13.0,-711.0,15.141395585612145,12.0,17.0,30000.0,15000.0,28000.0,0.0,24.751602609878983,19.5,25.0,1.0,15000.0,33982.191042818544,28000.0,0.0,25.239390319856252,20.0,26.0,1.0,722.0,15.431256999802079,12.0,17.0,1.0,26722.785421133747,15000.0,28000.0,1.0,19.5,22.84091545075037,25.0,1.0,30724.78286084022,15000.0,28000.0,0.0,23.331129291688455,20.0,26.0,1.0,0.0,92122.0,7.0,22.0
11.0,22.0,11.0,22.0,-121.0,21.0,13.0,-111.0,9.996150782509936,9.0,11.0,30000.0,10000.0,19000.0,0.0,25.678180600185186,16.5,19.0,0.0,10000.0,36466.836967921336,25000.0,0.0,26.973649191154852,17.0,20.0,0.0,121.0,9.998943525859323,9.0,11.0,1.0,14144.426493780082,10000.0,19000.0,1.0,16.5,17.353138825542494,19.0,1.0,20553.021421217578,10000.0,25000.0,1.0,18.636940084477185,17.0,20.0,1.0,0.0,211.0,1.0,47.0
92.0,24.0,92.0,24.0,-721.0,921.0,13.0,-711.0,15.158233414450786,12.0,17.0,30000.0,15000.0,28000.0,0.0,24.1791662080338,19.5,25.0,1.0,15000.0,34067.60109560411,28000.0,0.0,24.67630223039319,20.0,26.0,1.0,722.0,15.260133550141807,12.0,17.0,1.0,21436.6631345913,15000.0,28000.0,1.0,19.5,21.97432371729589,25.0,1.0,25475.068816894847,15000.0,28000.0,1.0,22.467891520624395,20.0,26.0,1.0,0.0,92122.0,7.0,22.0
11.0,22.0,11.0,22.0,-121.0,21.0,13.0,-111.0,10.011364367739093,9.0,11.0,30000.0,10000.0,19000.0,0.0,24.99344347416743,16.5,19.0,0.0,10000.0,36436.59837756603,25000.0,0.0,26.2811184441332,17.0,20.0,0.0,121.0,9.997100152352063,9.0,11.0,1.0,12878.225663240344,10000.0,19000.0,1.0,16.5,17.092374017319464,19.0,1.0,19356.786821900518,10000.0,25000.0,1.0,18.38844385981191,17.0,20.0,1.0,0.0,211.0,1.0,36.0
91.0,24.0,91.0,24.0,-721.0,911.0,12.0,-711.0,15.008329128845627,12.0,17.0,30000.0,18000.0,36000.0,1.0,25.144547377044873,20.0,25.0,0.0,18000.0,34042.08741672864,36000.0,1.0,25.63534361351868,20.0,26.0,1.0,722.0,14.991445014586352,12.0,17.0,1.0,29159.164297686548,18000.0,36000.0,1.0,20.0,23.62579944642334,25.0,1.0,33076.76970287372,18000.0,36000.0,1.0,24.10148089282101,20.0,26.0,1.0,0.0,91121.0,7.0,27.0
91.0,21.0,91.0,24.0,-721.0,911.0,12.0,-711.0,15.762933916783641,12.0,17.0,30000.0,18000.0,36000.0,1.0,25.902996055664346,20.0,25.0,0.0,18000.0,34493.84349115931,36000.0,1.0,26.464639924934456,20.0,26.0,0.0,721.0,14.103245806322033,12.0,17.0,1.0,28527.968332088738,18000.0,36000.0,1.0,20.0,22.745284118670774,25.0,1.0,32997.00044136413,18000.0,36000.0,1.0,23.303827043159288,20.0,26.0,1.0,0.0,91121.0,7.0,26.0
91.0,24.0,91.0,21.0,-721.0,911.0,11.0,-711.0,15.543020267228902,12.0,17.0,30000.0,18000.0,36000.0,1.0,24.84792293032539,20.0,25.0,1.0,18000.0,33983.81464367357,36000.0,1.0,25.33369047195129,20.0,26.0,1.0,722.0,15.486642700400697,12.0,17.0,1.0,24741.075165066166,18000.0,36000.0,1.0,20.0,23.479183783421515,25.0,1.0,28753.10023326221,18000.0,36000.0,1.0,23.96839117097254,20.0,26.0,1.0,1.0,91121.0,7.0,2.0
81.0,21.0,81.0,21.0,-721.0,912.0,12.0,-711.0,15.065219019095334,12.0,17.0,30000.0,12500.0,23000.0,0.0,26.484920481923492,20.0,24.0,0.0,12500.0,34011.52035458175,26000.0,0.0,26.972321858673723,20.0,25.0,0.0,722.0,15.123425911156012,12.0,17.0,1.0,14432.357977312075,12500.0,23000.0,1.0,20.0,21.391064773467768,24.0,1.0,18358.504185630878,12500.0,26000.0,1.0,21.868093156253277,20.0,25.0,1.0,0.0,912.0,7.0,6.0
11.0,22.0,11.0,22.0,-121.0,21.0,13.0,-111.0,9.992020025258723,9.0,11.0,30000.0,10000.0,19000.0,0.0,28.73205831395395,16.5,19.0,0.0,10000.0,36535.835089971086,25000.0,0.0,30.04201696129405,17.0,20.0,0.0,121.0,9.999873044115086,9.0,11.0,1.0,13164.82348087954,10000.0,19000.0,1.0,16.5,17.135257260407187,19.0,1.0,19626.432648101243,10000.0,25000.0,1.0,18.430339019327693,17.0,20.0,1.0,0.0,211.0,1.0,41.0
91.0,24.0,91.0,24.0,-721.0,911.0,12.0,-711.0,15.104225482025736,12.0,17.0,30000.0,18000.0,36000.0,1.0,24.5437470451267,20.0,25.0,1.0,18000.0,34498.988704802956,36000.0,1.0,25.105583955359453,20.0,26.0,1.0,721.0,14.69905900183765,12.0,17.0,1.0,26421.586730383773,18000.0,36000.0,1.0,20.0,23.005185839198653,25.0,1.0,30929.78579326717,18000.0,36000.0,1.0,23.56817294550114,20.0,26.0,1.0,1.0,91121.0,7.0,23.0
11.0,22.0,11.0,22.0,-121.0,21.0,13.0,-111.0,10.222387984613253,9.0,11.0,30000.0,10000.0,19000.0,0.0,26.389723724270446,16.5,19.0,0.0,10000.0,37027.40519601565,25000.0,0.0,27.719444291950136,17.0,20.0,0.0,122.0,10.192165802625428,9.0,11.0,1.0,15127.980152068198,10000.0,19000.0,1.0,16.5,17.617651933344696,19.0,1.0,22048.83902449955,10000.0,25000.0,1.0,18.92721188214318,17.0,20.0,1.0,0.0,211.0,1.0,41.0
11.0,22.0,11.0,22.0,-121.0,11.0,12.0,-111.0,9.996512541693221,9.0,11.0,30000.0,10000.0,19000.0,0.0,23.54153330731068,16.5,19.0,0.0,10000.0,36456.10716249569,25000.0,0.0,24.829523016900957,17.0,20.0,0.0,121.0,10.002096141697768,9.0,11.0,1.0,15077.194623765985,10000.0,19000.0,1.0,16.5,17.52080797206658,19.0,1.0,21520.339575126916,10000.0,25000.0,1.0,18.806211727902543,17.0,20.0,1.0,0.0,111.0,1.0,14.0
91.0,24.0,91.0,21.0,-721.0,911.0,11.0,-711.0,14.984174105593075,12.0,17.0,30000.0,18000.0,36000.0,1.0,24.827487265522258,20.0,25.0,1.0,18000.0,34539.06191971909,36000.0,1.0,25.395786621357622,20.0,26.0,1.0,721.0,14.704124545115004,12.0,17.0,1.0,20508.965670878548,18000.0,36000.0,1.0,20.0,22.181924199790906,25.0,1.0,24983.042170940764,18000.0,36000.0,1.0,22.742087255046354,20.0,26.0,1.0,1.0,91121.0,7.0,15.0
91.0,21.0,91.0,24.0,-721.0,911.0,11.0,-711.0,16.01389464351199,12.0,17.0,30000.0,18000.0,36000.0,1.0,25.931508731359123,20.0,25.0,0.0,18000.0,34469.381802692384,36000.0,1.0,26.492438825861747,20.0,26.0,0.0,721.0,13.753349296855017,12.0,17.0,1.0,26351.585103897367,18000.0,36000.0,1.0,20.0,22.115320230414834,25.0,1.0,30849.324533039788,18000.0,36000.0,1.0,22.679809350927474,20.0,26.0,1.0,0.0,91121.0,7.0,18.0
91.0,24.0,91.0,24.0,-721.0,911.0,11.0,-711.0,14.83535679715186,12.0,17.0,30000.0,18000.0,36000.0,1.0,24.37819721019179,20.0,25.0,1.0,18000.0,34532.25204136727,36000.0,1.0,24.94414427867598,20.0,26.0,1.0,721.0,14.775695546541066,12.0,17.0,1.0,26632.787664972388,18000.0,36000.0,1.0,20.0,23.152394353835305,25.0,1.0,31121.52138040298,18000.0,36000.0,1.0,23.712907243292292,20.0,26.0,1.0,1.0,91121.0,7.0,16.0
11.0,22.0,11.0,22.0,-121.0,21.0,12.0,-111.0,10.207544704683007,9.0,11.0,30000.0,10000.0,19000.0,0.0,23.84585269883715,16.5,19.0,0.0,10000.0,37160.121872016054,25000.0,0.0,25.196484100374555,17.0,20.0,0.0,122.0,10.203864323078164,9.0,11.0,1.0,16097.078968888414,10000.0,19000.0,1.0,16.5,17.827762025682325,19.0,1.0,23030.71279156853,10000.0,25000.0,1.0,19.13567042934708,17.0,20.0,1.0,0.0,211.0,1.0,25.0
11.0,22.0,11.0,22.0,-121.0,21.0,13.0,-111.0,9.99679107679883,9.0,11.0,30000.0,10000.0,19000.0,0.0,26.24344337611508,16.5,19.0,0.0,10000.0,36359.7932112379,25000.0,0.0,27.51217554573981,17.0,20.0,0.0,121.0,9.995099637270112,9.0,11.0,1.0,13652.192530821576,10000.0,19000.0,1.0,16.5,17.270340089004886,19.0,1.0,20171.177913731924,10000.0,25000.0,1.0,18.570829931032605,17.0,20.0,1.0,0.0,211.0,1.0,3.0
11.0,22.0,11.0,22.0,-121.0,11.0,11.0,-111.0,10.017079199376765,9.0,11.0,30000.0,10000.0,19000.0,0.0,23.739676008610786,16.5,19.0,0.0,10000.0,36537.2665155842,25000.0,0.0,25.047394127861633,17.0,20.0,0.0,121.0,9.999461021192003,9.0,11.0,1.0,15325.20655242319,10000.0,19000.0,1.0,16.5,17.610536683069462,19.0,1.0,21841.016883726847,10000.0,25000.0,1.0,18.91396269630218,17.0,20.0,1.0,0.0,111.0,1.0,57.0
11.0,22.0,11.0,22.0,-121.0,21.0,13.0,-111.0,9.988689380383313,9.0,11.0,30000.0,10000.0,19000.0,0.0,26.491731718832778,16.5,19.0,0.0,10000.0,36507.39780718372,25000.0,0.0,27.79471074433919,17.0,20.0,0.0,121.0,9.995905247458547,9.0,11.0,1.0,15434.743903607714,10000.0,19000.0,1.0,16.5,17.642604421471507,19.0,1.0,21992.356206397726,10000.0,25000.0,1.0,18.95563791675064,17.0,20.0,1.0,0.0,211.0,1.0,13.0
91.0,24.0,91.0,21.0,-721.0,911.0,11.0,-711.0,15.155936132801433,12.0,17.0,30000.0,18000.0,36000.0,1.0,24.32910407563088,20.0,25.0,1.0,18000.0,34000.31393029485,36000.0,1.0,24.814133330104614,20.0,26.0,1.0,722.0,15.309842222278261,12.0,17.0,1.0,22214.567581825635,18000.0,36000.0,1.0,20.0,22.90973604026818,25.0,1.0,26255.2661151748,18000.0,36000.0,1.0,23.399661838926434,20.0,26.0,1.0,1.0,91121.0,7.0,15.0
91.0,24.0,91.0,24.0,-721.0,911.0,11.0,-711.0,14.675748408921983,12.0,17.0,30000.0,18000.0,36000.0,1.0,24.034249980137027,20.0,25.0,1.0,18000.0,34585.62521911194,36000.0,1.0,24.60768513822683,20.0,26.0,1.0,721.0,15.224941339623507,12.0,17.0,1.0,24516.534892502386,18000.0,36000.0,1.0,20.0,23.341146616205876,25.0,1.0,29033.262843615306,18000.0,36000.0,1.0,23.905966129998735,20.0,26.0,1.0,1.0,91121.0,7.0,0.0
11.0,22.0,11.0,22.0,-121.0,11.0,11.0,-111.0,10.235097096009131,9.0,11.0,30000.0,10000.0,19000.0,0.0,26.511267886193984,16.5,19.0,0.0,10000.0,36874.3618919047,25000.0,0.0,27.803585509808784,17.0,20.0,0.0,122.0,10.1978640620574,9.0,11.0,1.0,18738.564431233084,10000.0,19000.0,1.0,16.5,18.282085112229304,19.0,1.0,25615.08403383172,10000.0,25000.0,0.0,19.574808365864794,17.0,20.0,1.0,0.0,111.0,1.0,15.0
11.0,22.0,11.0,22.0,-121.0,21.0,13.0,-111.0,9.993906120848571,9.0,11.0,30000.0,10000.0,19000.0,0.0,26.237259419320186,16.5,19.0,0.0,10000.0,36564.48802111808,25000.0,0.0,27.54578278952626,17.0,20.0,0.0,121.0,10.006246152050581,9.0,11.0,1.0,15095.040783446093,10000.0,19000.0,1.0,16.5,17.548121583950053,19.0,1.0,21578.839091977465,10000.0,25000.0,1.0,18.840560779074195,17.0,20.0,1.0,0.0,211.0,1.0,4.0
81.0,23.0,81.0,21.0,-721.0,912.0,12.0,-711.0,15.387674148369898,12.0,17.0,30000.0,12500.0,23000.0,0.0,26.52235343619313,20.0,24.0,0.0,12500.0,34443.782559952284,26000.0,0.0,27.077382713915632,20.0,25.0,0.0,721.0,14.65067826182026,12.0,17.0,1.0,15891.21875547671,12500.0,23000.0,1.0,20.0,20.977751596342813,24.0,1.0,20400.953627026458,12500.0,26000.0,1.0,21.541018330191086,20.0,25.0,1.0,0.0,912.0,7.0,11.0
91.0,24.0,91.0,21.0,-721.0,911.0,11.0,-711.0,15.691833479521266,12.0,17.0,30000.0,18000.0,36000.0,1.0,25.30541928028769,20.0,25.0,0.0,18000.0,34528.57960449389,36000.0,1.0,25.871689041744116,20.0,26.0,1.0,721.0,14.920454668080712,12.0,17.0,1.0,24279.928375801825,18000.0,36000.0,1.0,20.0,22.885927967513336,25.0,1.0,28747.651303353672,18000.0,36000.0,1.0,23.444587992817436,20.0,26.0,1.0,0.0,91121.0,7.0,2.0
91.0,24.0,91.0,24.0,-721.0,911.0,11.0,-711.0,15.185912641550072,12.0,17.0,30000.0,18000.0,36000.0,1.0,24.013993311463217,20.0,25.0,1.0,18000.0,34548.69869666184,36000.0,1.0,24.583199000005433,20.0,26.0,1.0,721.0,14.994624744883312,12.0,17.0,1.0,27299.84765690127,18000.0,36000.0,1.0,20.0,23.415667223222982,25.0,1.0,31792.596995725493,18000.0,36000.0,1.0,23.97787163626308,20.0,26.0,1.0,1.0,91121.0,7.0,0.0
91.0,24.0,91.0,24.0,-721.0,911.0,11.0,-711.0,14.76837500403474,12.0,17.0,30000.0,18000.0,36000.0,1.0,25.08590306796547,20.0,25.0,0.0,18000.0,34495.1803288518,36000.0,1.0,25.649078046004433,20.0,26.0,1.0,721.0,15.257169518041025,12.0,17.0,1.0,21209.566903085364,18000.0,36000.0,1.0,20.0,22.963676040037832,25.0,1.0,25706.17512854912,18000.0,36000.0,1.0,23.527029910931862,20.0,26.0,1.0,0.0,91121.0,7.0,28.0
92.0,24.0,92.0,24.0,-721.0,921.0,13.0,-711.0,14.49880605601341,12.0,17.0,30000.0,15000.0,28000.0,0.0,23.999294927376262,19.5,25.0,1.0,15000.0,34491.111144304945,28000.0,0.0,24.560249738413695,20.0,26.0,1.0,721.0,14.976038742488216,12.0,17.0,1.0,21677.94625466306,15000.0,28000.0,1.0,19.5,21.727371537603858,25.0,1.0,26190.789869931337,15000.0,28000.0,1.0,22.29104080699044,20.0,26.0,1.0,0.0,92122.0,7.0,22.0
11.0,22.0,11.0,22.0,-121.0,21.0,12.0,-111.0,9.991934187760448,9.0,11.0,30000.0,10000.0,19000.0,0.0,24.607347665417464,16.5,19.0,0.0,10000.0,36461.9300782137,25000.0,0.0,25.903453911856108,17.0,20.0,0.0,121.0,10.000174380141312,9.0,11.0,1.0,15809.306660618731,10000.0,19000.0,1.0,16.5,17.71050721956772,19.0,1.0,22212.697739719984,10000.0,25000.0,1.0,18.994871964397472,17.0,20.0,1.0,0.0,211.0,1.0,48.0
11.0,22.0,11.0,22.0,-121.0,21.0,13.0,-111.0,9.992523172436933,9.0,11.0,30000.0,10000.0,19000.0,0.0,25.18919578684259,16.5,19.0,0.0,10000.0,36484.4176988199,25000.0,0.0,26.483832278623115,17.0,20.0,0.0,121.0,10.011490685570253,9.0,11.0,1.0,14754.698449582434,10000.0,19000.0,1.0,16.5,17.477695663964692,19.0,1.0,21320.368852356572,10000.0,25000.0,1.0,18.7885545400025,17.0,20.0,1.0,0.0,211.0,1.0,31.0
91.0,24.0,91.0,24.0,-721.0,911.0,11.0,-711.0,15.23140320827579,12.0,17.0,30000.0,18000.0,36000.0,1.0,24.045763001658397,20.0,25.0,1.0,18000.0,33987.47955985127,36000.0,1.0,24.531038449880114,20.0,26.0,1.0,722.0,15.123937464533292,12.0,17.0,1.0,23939.07468233642,18000.0,36000.0,1.0,20.0,23.064270050261758,25.0,1.0,28002.886831281245,18000.0,36000.0,1.0,23.558835158989645,20.0,26.0,1.0,1.0,91121.0,7.0,0.0
81.0,23.0,81.0,23.0,-721.0,912.0,12.0,-711.0,14.730432346176721,12.0,17.0,30000.0,12500.0,23000.0,0.0,25.902191877064727,20.0,24.0,0.0,12500.0,34534.68533631222,26000.0,0.0,26.471527884017384,20.0,25.0,0.0,721.0,16.14295343881072,12.0,17.0,1.0,19127.061945288795,12500.0,23000.0,1.0,20.0,23.10758978268693,24.0,1.0,23688.66073492842,12500.0,26000.0,1.0,23.680304810875754,20.0,25.0,1.0,0.0,912.0,7.0,10.0
91.0,24.0,91.0,21.0,-721.0,911.0,11.0,-711.0,15.00926474327833,12.0,17.0,30000.0,18000.0,36000.0,1.0,24.502205857747864,20.0,25.0,1.0,18000.0,33973.02244508659,36000.0,1.0,24.98851732279815,20.0,26.0,1.0,722.0,15.090132191135137,12.0,17.0,1.0,24670.18472691176,18000.0,36000.0,1.0,20.0,23.11863959762485,25.0,1.0,28647.201692006896,18000.0,36000.0,1.0,23.605440005515096,20.0,26.0,1.0,1.0,91121.0,7.0,21.0
11.0,22.0,11.0,22.0,-121.0,21.0,12.0,-111.0,10.01250353815156,9.0,11.0,30000.0,10000.0,19000.0,0.0,24.192288734482144,16.5,19.0,0.0,10000.0,36532.140382155034,25000.0,0.0,25.49477371551898,17.0,20.0,0.0,121.0,9.99249198118363,9.0,11.0,1.0,15402.794055646857,10000.0,19000.0,1.0,16.5,17.606132898701144,19.0,1.0,21970.967905499223,10000.0,25000.0,1.0,18.915802821846494,17.0,20.0,1.0,0.0,211.0,1.0,48.0
11.0,22.0,11.0,22.0,-121.0,11.0,11.0,-111.0,10.185760378318486,9.0,11.0,30000.0,10000.0,19000.0,0.0,25.40508911596932,16.5,19.0,0.0,10000.0,36854.154754397714,25000.0,0.0,26.696533410989193,17.0,20.0,0.0,122.0,10.21620262749672,9.0,11.0,1.0,16675.55182248662,10000.0,19000.0,1.0,16.5,17.82992278034714,19.0,1.0,23735.820010422456,10000.0,25000.0,1.0,19.16020250109168,17.0,20.0,1.0,0.0,111.0,1.0,11.0
11.0,21.0,11.0,22.0,-121.0,21.0,13.0,-111.0,10.179242753964354,9.0,11.0,30000.0,10000.0,19000.0,0.0,26.605747085285785,16.5,19.0,0.0,10000.0,37083.17355530477,25000.0,0.0,27.94048617517069,17.0,20.0,0.0,122.0,10.19365965609076,9.0,11.0,1.0,14603.21823786309,10000.0,19000.0,1.0,16.5,17.467368685460023,19.0,1.0,21726.5125387567,10000.0,25000.0,1.0,18.809668048580455,17.0,20.0,1.0,0.0,211.0,1.0,59.0
11.0,22.0,11.0,22.0,-121.0,11.0,12.0,-111.0,10.204299957456763,9.0,11.0,30000.0,10000.0,19000.0,0.0,25.146813765197713,16.5,19.0,0.0,10000.0,36950.27828100863,25000.0,0.0,26.454403746993673,17.0,20.0,0.0,122.0,10.185155127029198,9.0,11.0,1.0,16560.335994147896,10000.0,19000.0,1.0,16.5,17.805813889545195,19.0,1.0,23669.955766794017,10000.0,25000.0,1.0,19.143381568596663,17.0,20.0,1.0,0.0,111.0,1.0,40.0
11.0,22.0,11.0,22.0,-121.0,21.0,13.0,-111.0,10.005660134681987,9.0,11.0,30000.0,10000.0,19000.0,0.0,25.292366079634412,16.5,19.0,0.0,10000.0,36472.55818476643,25000.0,0.0,26.58871361742574,17.0,20.0,0.0,121.0,10.003335153894934,9.0,11.0,1.0,14791.677719544785,10000.0,19000.0,1.0,16.5,17.518665718304774,19.0,1.0,21276.556877684372,10000.0,25000.0,1.0,18.817480945538133,17.0,20.0,1.0,0.0,211.0,1.0,31.0
92.0,24.0,92.0,24.0,-721.0,921.0,13.0,-711.0,15.235151655055805,12.0,17.0,30000.0,15000.0,28000.0,0.0,24.386779745849623,19.5,25.0,1.0,15000.0,33985.22445314038,28000.0,0.0,24.872407354894737,20.0,26.0,1.0,722.0,15.438826111207378,12.0,17.0,1.0,24104.022071405478,15000.0,28000.0,1.0,19.5,22.356045870176875,25.0,1.0,28147.31511963223,15000.0,28000.0,0.0,22.848749545657892,20.0,26.0,1.0,0.0,92122.0,7.0,20.0
11.0,22.0,11.0,22.0,-121.0,21.0,13.0,-111.0,10.24096819598714,9.0,11.0,30000.0,10000.0,19000.0,0.0,26.15126433645505,16.5,19.0,0.0,10000.0,36936.95652403382,25000.0,0.0,27.461631062684678,17.0,20.0,0.0,122.0,10.211181875193025,9.0,11.0,1.0,14639.525244018267,10000.0,19000.0,1.0,16.5,17.51075043552714,19.0,1.0,21670.5691718953,10000.0,25000.0,1.0,18.838889941927196,17.0,20.0,1.0,0.0,211.0,1.0,36.0
11.0,22.0,11.0,21.0,-121.0,21.0,13.0,-111.0,10.00631591356108,9.0,11.0,30000.0,10000.0,19000.0,0.0,25.800969661434074,16.5,19.0,0.0,10000.0,36551.92854673253,25000.0,0.0,27.114400469579156,17.0,20.0,0.0,121.0,9.995200636645263,9.0,11.0,1.0,12447.09774013893,10000.0,19000.0,1.0,16.5,16.9630792450342,19.0,1.0,18938.77829268952,10000.0,25000.0,1.0,18.264432453259946,17.0,20.0,1.0,0.0,211.0,1.0,58.0
11.0,22.0,11.0,22.0,-121.0,21.0,13.0,-111.0,10.000805642985599,9.0,11.0,30000.0,10000.0,19000.0,0.0,26.028527531758584,16.5,19.0,0.0,10000.0,36531.3524190661,25000.0,0.0,27.328192056737716,17.0,20.0,0.0,121.0,9.995379348484208,9.0,11.0,1.0,15296.410128448017,10000.0,19000.0,1.0,16.5,17.566222191717667,19.0,1.0,21809.82515582114,10000.0,25000.0,1.0,18.862317380645365,17.0,20.0,1.0,0.0,211.0,1.0,21.0
91.0,24.0,91.0,21.0,-721.0,911.0,12.0,-711.0,14.522040009823652,12.0,17.0,30000.0,18000.0,36000.0,1.0,24.667796569599638,20.0,25.0,1.0,18000.0,34506.19799057646,36000.0,1.0,25.228335275178676,20.0,26.0,1.0,721.0,14.908198680557264,12.0,17.0,1.0,26003.63348100584,18000.0,36000.0,1.0,20.0,23.084409441749443,25.0,1.0,30534.70077299953,18000.0,36000.0,1.0,23.64804171002906,20.0,26.0,1.0,1.0,91121.0,7.0,29.0
91.0,24.0,91.0,24.0,-721.0,911.0,12.0,-711.0,15.696868647830241,12.0,17.0,30000.0,18000.0,36000.0,1.0,24.79747521740724,20.0,25.0,1.0,18000.0,34533.06008757837,36000.0,1.0,25.36351527325163,20.0,26.0,1.0,721.0,15.240842676160055,12.0,17.0,1.0,23939.64464120642,18000.0,36000.0,1.0,20.0,23.235733526231108,25.0,1.0,28376.771495242774,18000.0,36000.0,1.0,23.789794466020922,20.0,26.0,1.0,1.0,91121.0,7.0,24.0
91.0,24.0,91.0,24.0,-721.0,911.0,12.0,-711.0,14.932865432252445,12.0,17.0,30000.0,18000.0,36000.0,1.0,24.01869084588029,20.0,25.0,1.0,18000.0,34501.56088189529,36000.0,1.0,24.581872356272,20.0,26.0,1.0,721.0,14.648530594589522,12.0,17.0,1.0,28042.973439942263,18000.0,36000.0,1.0,20.0,23.155829820631887,25.0,1.0,32606.21424169599,18000.0,36000.0,1.0,23.726727985610328,20.0,26.0,1.0,1.0,91121.0,7.0,24.0
11.0,22.0,11.0,22.0,-121.0,21.0,13.0,-111.0,10.179403298554963,9.0,11.0,30000.0,10000.0,19000.0,0.0,24.877294544906185,16.5,19.0,0.0,10000.0,36866.453049468604,25000.0,0.0,26.167853862715763,17.0,20.0,0.0,122.0,10.181437614956897,9.0,11.0,1.0,14967.08107480246,10000.0,19000.0,1.0,16.5,17.47856748279546,19.0,1.0,22002.55830575529,10000.0,25000.0,1.0,18.800895128558068,17.0,20.0,1.0,0.0,211.0,1.0,31.0
11.0,22.0,11.0,22.0,-121.0,21.0,13.0,-111.0,10.01020929351531,9.0,11.0,30000.0,10000.0,19000.0,0.0,25.814008339981875,16.5,19.0,0.0,10000.0,36607.19812157592,25000.0,0.0,27.137795911647558,17.0,20.0,0.0,121.0,10.00396057199877,9.0,11.0,1.0,14351.231941098424,10000.0,19000.0,1.0,16.5,17.377216750036645,19.0,1.0,20781.685198122876,10000.0,25000.0,1.0,18.665592540377816,17.0,20.0,1.0,0.0,211.0,1.0,19.0
81.0,21.0,81.0,23.0,-721.0,912.0,12.0,-711.0,15.510580387543689,12.0,17.0,30000.0,12500.0,23000.0,0.0,28.511046865383918,20.0,24.0,0.0,12500.0,34462.20648744067,26000.0,0.0,29.07125256950463,20.0,25.0,0.0,721.0,14.963276729967532,12.0,17.0,1.0,19323.663206431236,12500.0,23000.0,1.0,20.0,21.95677328553112,24.0,1.0,23851.4910965465,12500.0,26000.0,1.0,22.5252173991011,20.0,25.0,1.0,0.0,912.0,7.0,7.0
11.0,22.0,11.0,21.0,-121.0,21.0,13.0,-111.0,10.005817139290185,9.0,11.0,30000.0,10000.0,19000.0,0.0,25.68356581245076,16.5,19.0,0.0,10000.0,36478.16084914264,25000.0,0.0,26.973311111712963,17.0,20.0,0.0,121.0,9.997013222911963,9.0,11.0,1.0,12101.765225993493,10000.0,19000.0,1.0,16.5,16.849150755513676,19.0,1.0,18648.128792779713,10000.0,25000.0,1.0,18.152474620749487,17.0,20.0,1.0,0.0,211.0,1.0,2.0
11.0,22.0,11.0,21.0,-121.0,11.0,11.0,-111.0,9.995669947334099,9.0,11.0,30000.0,10000.0,19000.0,0.0,24.712853586383986,16.5,19.0,0.0,10000.0,36465.80819478582,25000.0,0.0,26.00605693312859,17.0,20.0,0.0,121.0,9.989353048512772,9.0,11.0,1.0,16215.340603578336,10000.0,19000.0,1.0,16.5,17.713169675291873,19.0,1.0,22791.433435127678,10000.0,25000.0,1.0,19.028430660781794,17.0,20.0,1.0,0.0,111.0,1.0,0.0
11.0,22.0,11.0,21.0,-121.0,11.0,11.0,-111.0,9.99536670075323,9.0,11.0,30000.0,10000.0,19000.0,0.0,25.2695737972777,16.5,19.0,0.0,10000.0,36482.43316551713,25000.0,0.0,26.567043460097043,17.0,20.0,0.0,121.0,9.997247748333907,9.0,11.0,1.0,14866.048625834495,10000.0,19000.0,1.0,16.5,17.407341734679015,19.0,1.0,21385.57262534139,10000.0,25000.0,1.0,18.712235188942344,17.0,20.0,1.0,0.0,111.0,1.0,54.0
11.0,21.0,11.0,22.0,-121.0,11.0,11.0,-111.0,10.211497293925616,9.0,11.0,30000.0,10000.0,19000.0,0.0,25.71171677604521,16.5,19.0,0.0,10000.0,36955.870644459574,25000.0,0.0,27.031641946478924,17.0,20.0,0.0,122.0,10.22983484072017,9.0,11.0,1.0,11390.575621058058,10000.0,19000.0,1.0,16.5,16.928628266647898,19.0,1.0,18407.162143769554,10000.0,25000.0,1.0,18.260074700205376,17.0,20.0,1.0,0.0,111.0,1.0,35.0
11.0,21.0,11.0,22.0,-121.0,21.0,12.0,-111.0,10.20120211200404,9.0,11.0,30000.0,10000.0,19000.0,0.0,25.142755605149276,16.5,19.0,0.0,10000.0,37155.54247784826,25000.0,0.0,26.491248812291772,17.0,20.0,0.0,122.0,10.20345337271927,9.0,11.0,1.0,16518.123911939656,10000.0,19000.0,1.0,16.5,17.824150254960752,19.0,1.0,23600.714415309863,10000.0,25000.0,1.0,19.15889534414632,17.0,20.0,1.0,0.0,211.0,1.0,37.0
11.0,22.0,11.0,22.0,-121.0,11.0,12.0,-111.0,10.003734805776979,9.0,11.0,30000.0,10000.0,19000.0,0.0,23.37889491301755,16.5,19.0,0.0,10000.0,36514.84147652759,25000.0,0.0,24.689282597642393,17.0,20.0,0.0,121.0,9.99741172150164,9.0,11.0,1.0,14237.59256051101,10000.0,19000.0,1.0,16.5,17.407516765294506,19.0,1.0,20717.049701498185,10000.0,25000.0,1.0,18.710787285566564,17.0,20.0,1.0,0.0,111.0,1.0,49.0
81.0,23.0,81.0,23.0,-721.0,912.0,11.0,-711.0,15.261301305482466,12.0,17.0,30000.0,12500.0,23000.0,0.0,27.408908020695836,20.0,24.0,0.0,12500.0,34031.85198938855,26000.0,0.0,27.900308460620227,20.0,25.0,0.0,722.0,15.095702614351422,12.0,17.0,1.0,15312.023124507396,12500.0,23000.0,1.0,20.0,21.543544313740576,24.0,1.0,19319.89831951085,12500.0,26000.0,1.0,22.03202247195923,20.0,25.0,1.0,0.0,912.0,7.0,17.0
11.0,21.0,11.0,22.0,-121.0,21.0,13.0,-111.0,10.193127463335754,9.0,11.0,30000.0,10000.0,19000.0,0.0,26.244915829310948,16.5,19.0,0.0,10000.0,37185.428503248666,25000.0,0.0,27.604765025382605,17.0,20.0,0.0,122.0,10.230618185018008,9.0,11.0,1.0,15449.966911132547,10000.0,19000.0,1.0,16.5,17.694684694216093,19.0,1.0,22306.563555006076,10000.0,25000.0,1.0,18.992302147335764,17.0,20.0,1.0,0.0,211.0,1.0,52.0
81.0,21.0,81.0,21.0,-721.0,912.0,12.0,-711.0,15.175160930770547,12.0,17.0,30000.0,12500.0,23000.0,0.0,27.588909899501367,20.0,24.0,0.0,12500.0,34018.17243799382,26000.0,0.0,28.07805755942489,20.0,25.0,0.0,722.0,15.33176708113308,12.0,17.0,1.0,15122.218866071255,12500.0,23000.0,1.0,20.0,21.63888816586391,24.0,1.0,18975.16817130518,12500.0,26000.0,1.0,22.107922575298094,20.0,25.0,1.0,0.0,912.0,7.0,6.0
11.0,21.0,11.0,22.0,-121.0,11.0,11.0,-111.0,10.1988575829361,9.0,11.0,30000.0,10000.0,19000.0,0.0,24.51983551385453,16.5,19.0,0.0,10000.0,36900.98271660497,25000.0,0.0,25.821010825349347,17.0,20.0,0.0,122.0,10.202207168186135,9.0,11.0,1.0,19791.292446658612,10000.0,19000.0,0.0,16.5,18.452122983101194,19.0,1.0,26873.077599539163,10000.0,25000.0,0.0,19.787388463489467,17.0,20.0,1.0,0.0,111.0,1.0,35.0
11.0,22.0,11.0,22.0,-121.0,21.0,13.0,-111.0,9.985425521692303,9.0,11.0,30000.0,10000.0,19000.0,0.0,25.051037732648055,16.5,19.0,0.0,10000.0,36490.991221205106,25000.0,0.0,26.352473533772255,17.0,20.0,0.0,121.0,9.981780106405568,9.0,11.0,1.0,13674.791625897124,10000.0,19000.0,1.0,16.5,17.243736057837864,19.0,1.0,20137.988749852917,10000.0,25000.0,1.0,18.539599176456807,17.0,20.0,1.0,0.0,211.0,1.0,31.0
11.0,22.0,11.0,21.0,-121.0,21.0,13.0,-111.0,9.999661398881745,9.0,11.0,30000.0,10000.0,19000.0,0.0,24.40704496040437,16.5,19.0,0.0,10000.0,36480.42941161005,25000.0,0.0,25.695549132954376,17.0,20.0,0.0,121.0,9.998548041665448,9.0,11.0,1.0,11176.937784719414,10000.0,19000.0,1.0,16.5,16.681620280130222,19.0,1.0,17695.2021125238,10000.0,25000.0,1.0,17.977647171359507,17.0,20.0,1.0,0.0,211.0,1.0,20.0
81.0,23.0,81.0,23.0,-721.0,912.0,12.0,-711.0,15.241317953430874,12.0,17.0,30000.0,12500.0,23000.0,0.0,26.233104124157315,20.0,24.0,0.0,12500.0,34516.824015705264,26000.0,0.0,26.798345114520846,20.0,25.0,0.0,721.0,14.395712068971982,12.0,17.0,1.0,18106.476468192024,12500.0,23000.0,1.0,20.0,21.223645871368813,24.0,1.0,22652.720032150613,12500.0,26000.0,1.0,21.79256846069058,20.0,25.0,1.0,0.0,912.0,7.0,10.0
11.0,22.0,11.0,21.0,-121.0,11.0,11.0,-111.0,10.185507075775748,9.0,11.0,30000.0,10000.0,19000.0,0.0,26.46807324090876,16.5,19.0,0.0,10000.0,37136.94000706985,25000.0,0.0,27.816226462750613,17.0,20.0,0.0,122.0,10.19235760181074,9.0,11.0,1.0,16271.506674652499,10000.0,19000.0,1.0,16.5,17.742652484773146,19.0,1.0,23384.853924693838,10000.0,25000.0,1.0,19.086349083556854,17.0,20.0,1.0,0.0,111.0,1.0,54.0
11.0,22.0,11.0,22.0,-121.0,21.0,13.0,-111.0,10.023862806845267,9.0,11.0,30000.0,10000.0,19000.0,0.0,26.075679068245265,16.5,19.0,0.0,10000.0,36522.45330139537,25000.0,0.0,27.379011201418674,17.0,20.0,0.0,121.0,9.997388201830255,9.0,11.0,1.0,15105.925783235689,10000.0,19000.0,1.0,16.5,17.52780472008427,19.0,1.0,21678.81680111112,10000.0,25000.0,1.0,18.841215437737276,17.0,20.0,1.0,0.0,211.0,1.0,36.0
11.0,22.0,11.0,22.0,-121.0,11.0,11.0,-111.0,10.00957457205174,9.0,11.0,30000.0,10000.0,19000.0,0.0,24.785621393279108,16.5,19.0,0.0,10000.0,36512.71582528851,25000.0,0.0,26.08193550815851,17.0,20.0,0.0,121.0,9.998204358609291,9.0,11.0,1.0,15779.508611370537,10000.0,19000.0,1.0,16.5,17.687558204130614,19.0,1.0,22291.854176889196,10000.0,25000.0,1.0,18.983798621188907,17.0,20.0,1.0,0.0,111.0,1.0,17.0
11.0,22.0,11.0,21.0,-121.0,11.0,11.0,-111.0,10.006297871127098,9.0,11.0,30000.0,10000.0,19000.0,0.0,26.21216608378007,16.5,19.0,0.0,10000.0,36527.38901948634,25000.0,0.0,27.524288204940532,17.0,20.0,0.0,121.0,9.976657928131651,9.0,11.0,1.0,15945.417886876428,10000.0,19000.0,1.0,16.5,17.63898108788851,19.0,1.0,22330.95745892887,10000.0,25000.0,1.0,18.922588929097717,17.0,20.0,1.0,0.0,111.0,1.0,12.0
91.0,24.0,91.0,24.0,-721.0,911.0,12.0,-711.0,15.174749626189174,12.0,17.0,30000.0,18000.0,36000.0,1.0,25.096736657967078,20.0,25.0,0.0,18000.0,33981.480083032555,36000.0,1.0,25.585206877905605,20.0,26.0,1.0,722.0,14.970871386591446,12.0,17.0,1.0,28543.433706948876,18000.0,36000.0,1.0,20.0,23.47086047197378,25.0,1.0,32523.138490322748,18000.0,36000.0,1.0,23.959112888232106,20.0,26.0,1.0,0.0,91121.0,7.0,32.0
11.0,22.0,11.0,22.0,-121.0,21.0,13.0,-111.0,10.167902198275323,9.0,11.0,30000.0,10000.0,19000.0,0.0,24.407521033438847,16.5,19.0,0.0,10000.0,37086.71723583281,25000.0,0.0,25.744051218983433,17.0,20.0,0.0,122.0,10.17908939578131,9.0,11.0,1.0,17570.786861400637,10000.0,19000.0,1.0,16.5,18.05772317320785,19.0,1.0,24668.163548787274,10000.0,25000.0,1.0,19.396263694185464,17.0,20.0,1.0,0.0,211.0,1.0,28.0
11.0,21.0,11.0,22.0,-121.0,11.0,12.0,-111.0,10.19375678602632,9.0,11.0,30000.0,10000.0,19000.0,0.0,23.721443162332243,16.5,19.0,0.0,10000.0,37056.608020180785,25000.0,0.0,25.062962559587234,17.0,20.0,0.0,122.0,10.194041076615926,9.0,11.0,1.0,16553.48078575822,10000.0,19000.0,1.0,16.5,17.875954966639476,19.0,1.0,23483.275589381803,10000.0,25000.0,1.0,19.193366125296937,17.0,20.0,1.0,0.0,111.0,1.0,7.0
92.0,24.0,92.0,24.0,-721.0,921.0,13.0,-711.0,14.905413473719333,12.0,17.0,30000.0,15000.0,28000.0,0.0,24.439536135240054,19.5,25.0,1.0,15000.0,34492.26387773149,28000.0,0.0,24.997996870664796,20.0,26.0,1.0,721.0,14.806344527056586,12.0,17.0,1.0,21520.195577099134,15000.0,28000.0,1.0,19.5,21.524132628108156,25.0,1.0,26096.520829470344,15000.0,28000.0,1.0,22.09304354597539,20.0,26.0,1.0,0.0,92122.0,7.0,22.0
11.0,22.0,11.0,21.0,-121.0,21.0,13.0,-111.0,9.980270745094321,9.0,11.0,30000.0,10000.0,19000.0,0.0,24.82832271893137,16.5,19.0,0.0,10000.0,36587.285494576885,25000.0,0.0,26.1447317153749,17.0,20.0,0.0,121.0,9.99618365835006,9.0,11.0,1.0,12330.476349066532,10000.0,19000.0,1.0,16.5,16.927486646222746,19.0,1.0,18889.30364928529,10000.0,25000.0,1.0,18.23820853177569,17.0,20.0,1.0,0.0,211.0,1.0,2.0
81.0,23.0,81.0,23.0,-721.0,912.0,11.0,-711.0,15.284150814606193,12.0,17.0,30000.0,12500.0,23000.0,0.0,27.307754892405207,20.0,24.0,0.0,12500.0,33952.09906588457,26000.0,0.0,27.788700016143316,20.0,25.0,0.0,722.0,15.158771322154479,12.0,17.0,1.0,17476.017790874103,12500.0,23000.0,1.0,20.0,21.74869114841195,24.0,1.0,21463.74136518369,12500.0,26000.0,1.0,22.23397154647567,20.0,25.0,1.0,0.0,912.0,7.0,17.0
11.0,22.0,11.0,21.0,-121.0,21.0,13.0,-111.0,10.220947378799384,9.0,11.0,30000.0,10000.0,19000.0,0.0,24.46889458637611,16.5,19.0,0.0,10000.0,36777.28514611713,25000.0,0.0,25.74687491945251,17.0,20.0,0.0,122.0,10.207096386845603,9.0,11.0,1.0,11208.254991192927,10000.0,19000.0,1.0,16.5,16.788974071342153,19.0,1.0,18120.462367159824,10000.0,25000.0,1.0,18.092396443896792,17.0,20.0,1.0,0.0,211.0,1.0,2.0
11.0,22.0,11.0,21.0,-121.0,21.0,13.0,-111.0,10.202410807355893,9.0,11.0,30000.0,10000.0,19000.0,0.0,25.50984158800099,16.5,19.0,0.0,10000.0,36933.48140964589,25000.0,0.0,26.81727444415484,17.0,20.0,0.0,122.0,10.180758892025345,9.0,11.0,1.0,14081.749986859371,10000.0,19000.0,1.0,16.5,17.33125677656768,19.0,1.0,21059.288597188148,10000.0,25000.0,1.0,18.646997411789464,17.0,20.0,1.0,0.0,211.0,1.0,33.0
11.0,21.0,11.0,22.0,-121.0,21.0,13.0,-111.0,10.19314024593001,9.0,11.0,30000.0,10000.0,19000.0,0.0,26.405237475276767,16.5,19.0,0.0,10000.0,37147.29976163405,25000.0,0.0,27.758522728637345,17.0,20.0,0.0,122.0,10.205847000620961,9.0,11.0,1.0,11497.078790206531,10000.0,19000.0,1.0,16.5,16.88942767941601,19.0,1.0,18335.592723485977,10000.0,25000.0,1.0,18.184246753674635,17.0,20.0,1.0,0.0,211.0,1.0,9.0
91.0,24.0,91.0,24.0,-721.0,911.0,12.0,-711.0,15.250112677744681,12.0,17.0,30000.0,18000.0,36000.0,1.0,24.99008497026903,20.0,25.0,1.0,18000.0,34477.97893973236,36000.0,1.0,25.546564598411255,20.0,26.0,1.0,721.0,14.74033024469818,12.0,17.0,1.0,27403.73637898724,18000.0,36000.0,1.0,20.0,23.209860967417363,25.0,1.0,31893.488753538033,18000.0,36000.0,1.0,23.76780368342085,20.0,26.0,1.0,1.0,91121.0,7.0,23.0
11.0,22.0,11.0,21.0,-121.0,11.0,12.0,-111.0,10.003027184984173,9.0,11.0,30000.0,10000.0,19000.0,0.0,23.51752140885733,16.5,19.0,0.0,10000.0,36509.03496769883,25000.0,0.0,24.818199486728545,17.0,20.0,0.0,121.0,10.006367803607207,9.0,11.0,1.0,13495.214748645361,10000.0,19000.0,1.0,16.5,17.20500091598763,19.0,1.0,19970.984747488877,10000.0,25000.0,1.0,18.499031769505944,17.0,20.0,1.0,0.0,111.0,1.0,10.0
11.0,22.0,11.0,22.0,-121.0,21.0,13.0,-111.0,9.989457760730295,9.0,11.0,30000.0,10000.0,19000.0,0.0,25.535690565547533,16.5,19.0,0.0,10000.0,36517.22285718486,25000.0,0.0,26.843291875091097,17.0,20.0,0.0,121.0,10.003267381508916,9.0,11.0,1.0,13898.761696165984,10000.0,19000.0,1.0,16.5,17.322836800849185,19.0,1.0,20307.465624882407,10000.0,25000.0,1.0,18.608665110437844,17.0,20.0,1.0,0.0,211.0,1.0,19.0
92.0,24.0,92.0,24.0,-721.0,921.0,13.0,-711.0,15.094262905456427,12.0,17.0,30000.0,15000.0,28000.0,0.0,24.686823295411003,19.5,25.0,1.0,15000.0,33991.66863924085,28000.0,0.0,25.175528386161492,20.0,26.0,1.0,722.0,15.222124018412753,12.0,17.0,1.0,22854.34366049363,15000.0,28000.0,1.0,19.5,22.121911738989745,25.0,1.0,26973.888993202454,15000.0,28000.0,1.0,22.62627293668052,20.0,26.0,1.0,0.0,92122.0,7.0,25.0
11.0,22.0,11.0,22.0,-121.0,21.0,13.0,-111.0,10.217808521156972,9.0,11.0,30000.0,10000.0,19000.0,0.0,25.620776132322206,16.5,19.0,0.0,10000.0,37105.46660594062,25000.0,0.0,26.96384711791041,17.0,20.0,0.0,122.0,10.197383995553684,9.0,11.0,1.0,13076.361481615328,10000.0,19000.0,1.0,16.5,17.175015942292283,19.0,1.0,20079.93933197474,10000.0,25000.0,1.0,18.498827977136223,17.0,20.0,1.0,0.0,211.0,1.0,47.0
11.0,21.0,11.0,22.0,-121.0,21.0,12.0,-111.0,9.990633850542288,9.0,11.0,30000.0,10000.0,19000.0,0.0,26.52130389074905,16.5,19.0,0.0,10000.0,36462.8033422266,25000.0,0.0,27.81741475845526,17.0,20.0,0.0,121.0,10.014679125100074,9.0,11.0,1.0,15503.967971420889,10000.0,19000.0,1.0,16.5,17.65232916745665,19.0,1.0,22064.73799167363,10000.0,25000.0,1.0,18.968087186613865,17.0,20.0,1.0,0.0,211.0,1.0,37.0
11.0,21.0,11.0,22.0,-121.0,11.0,12.0,-111.0,10.192980895148487,9.0,11.0,30000.0,10000.0,19000.0,0.0,23.864866955545132,16.5,19.0,0.0,10000.0,36972.44641386807,25000.0,0.0,25.180641750992258,17.0,20.0,0.0,122.0,10.190755275591071,9.0,11.0,1.0,17474.745963362886,10000.0,19000.0,1.0,16.5,18.0350167159622,19.0,1.0,24466.098978675647,10000.0,25000.0,1.0,19.3543593881877,17.0,20.0,1.0,0.0,111.0,1.0,51.0
11.0,22.0,11.0,22.0,-121.0,21.0,13.0,-111.0,10.210623808209656,9.0,11.0,30000.0,10000.0,19000.0,0.0,27.324114426632292,16.5,19.0,0.0,10000.0,37078.61384155838,25000.0,0.0,28.658017514133306,17.0,20.0,0.0,122.0,10.192637955623919,9.0,11.0,1.0,15089.910998498244,10000.0,19000.0,1.0,16.5,17.605141173247937,19.0,1.0,22133.44719729503,10000.0,25000.0,1.0,18.932434184676254,17.0,20.0,1.0,0.0,211.0,1.0,19.0
91.0,24.0,91.0,21.0,-721.0,911.0,11.0,-711.0,15.288141015837361,12.0,17.0,30000.0,18000.0,36000.0,1.0,24.113104679425803,20.0,25.0,1.0,18000.0,33968.63633824949,36000.0,1.0,24.59618044739253,20.0,26.0,1.0,722.0,15.328888063003838,12.0,17.0,1.0,20079.027728947036,18000.0,36000.0,1.0,20.0,22.695413660526718,25.0,1.0,24099.05690279698,18000.0,36000.0,1.0,23.184745137359084,20.0,26.0,1.0,1.0,91121.0,7.0,3.0
81.0,23.0,81.0,21.0,-721.0,912.0,12.0,-711.0,14.804098467999978,12.0,17.0,30000.0,12500.0,23000.0,0.0,26.066584937668267,20.0,24.0,0.0,12500.0,34478.16526585334,26000.0,0.0,26.625742384805978,20.0,25.0,0.0,721.0,14.94207653438152,12.0,17.0,1.0,15631.915808075863,12500.0,23000.0,1.0,20.0,21.350311027429004,24.0,1.0,20213.979967322288,12500.0,26000.0,1.0,21.922441608995918,20.0,25.0,1.0,0.0,912.0,7.0,30.0
11.0,22.0,11.0,22.0,-121.0,11.0,12.0,-111.0,9.999855487057303,9.0,11.0,30000.0,10000.0,19000.0,0.0,24.661126289249005,16.5,19.0,0.0,10000.0,36523.5283298553,25000.0,0.0,25.968147659261746,17.0,20.0,0.0,121.0,10.004470310575165,9.0,11.0,1.0,14610.533761858047,10000.0,19000.0,1.0,16.5,17.458015505519175,19.0,1.0,21002.980044028714,10000.0,25000.0,1.0,18.738773934852293,17.0,20.0,1.0,0.0,111.0,1.0,42.0
92.0,24.0,92.0,24.0,-721.0,921.0,13.0,-711.0,15.620278681202917,12.0,17.0,30000.0,15000.0,28000.0,0.0,24.86271149467671,19.5,25.0,1.0,15000.0,34531.589577364575,28000.0,0.0,25.43284669882419,20.0,26.0,1.0,721.0,15.706509515159283,12.0,17.0,1.0,22373.351840113162,15000.0,28000.0,1.0,19.5,22.56117499289607,25.0,1.0,26896.909577184175,15000.0,28000.0,1.0,23.13029968300046,20.0,26.0,1.0,0.0,92122.0,7.0,25.0
91.0,24.0,91.0,21.0,-721.0,911.0,11.0,-711.0,15.155906993404356,12.0,17.0,30000.0,18000.0,36000.0,1.0,24.51284423327938,20.0,25.0,1.0,18000.0,34016.41654858605,36000.0,1.0,25.002423946633662,20.0,26.0,1.0,722.0,15.190314379216602,12.0,17.0,1.0,23983.966928330086,18000.0,36000.0,1.0,20.0,23.03286593752763,25.0,1.0,28011.27265373442,18000.0,36000.0,1.0,23.52377298334379,20.0,26.0,1.0,1.0,91121.0,7.0,3.0
91.0,24.0,91.0,24.0,-721.0,911.0,12.0,-711.0,15.226171218250618,12.0,17.0,30000.0,18000.0,36000.0,1.0,24.495951461129145,20.0,25.0,1.0,18000.0,34008.111526618544,36000.0,1.0,24.981956336813017,20.0,26.0,1.0,722.0,15.059570878018192,12.0,17.0,1.0,29075.371492469098,18000.0,36000.0,1.0,20.0,23.6317897038029,25.0,1.0,33076.101875015986,18000.0,36000.0,1.0,24.11689957644528,20.0,26.0,1.0,1.0,91121.0,7.0,13.0
11.0,22.0,11.0,21.0,-121.0,11.0,11.0,-111.0,9.987355034226914,9.0,11.0,30000.0,10000.0,19000.0,0.0,23.340740068374412,16.5,19.0,0.0,10000.0,36494.77697175466,25000.0,0.0,24.637899103829827,17.0,20.0,0.0,121.0,9.99263581186287,9.0,11.0,1.0,15995.814945319204,10000.0,19000.0,1.0,16.5,17.69239269659114,19.0,1.0,22451.3437086212,10000.0,25000.0,1.0,18.981712945827837,17.0,20.0,1.0,0.0,111.0,1.0,1.0
11.0,22.0,11.0,21.0,-121.0,11.0,11.0,-111.0,9.986342867990276,9.0,11.0,30000.0,10000.0,19000.0,0.0,24.291989708449357,16.5,19.0,0.0,10000.0,36517.14111451279,25000.0,0.0,25.597657854388405,17.0,20.0,0.0,121.0,10.000443009809604,9.0,11.0,1.0,12965.234303202846,10000.0,19000.0,1.0,16.5,17.064123462350924,19.0,1.0,19469.861024761733,10000.0,25000.0,1.0,18.367284428537594,17.0,20.0,1.0,0.0,111.0,1.0,39.0
11.0,22.0,11.0,21.0,-121.0,11.0,12.0,-111.0,10.200681179929077,9.0,11.0,30000.0,10000.0,19000.0,0.0,24.25436343233327,16.5,19.0,0.0,10000.0,36862.06854614271,25000.0,0.0,25.54800872042935,17.0,20.0,0.0,122.0,10.22098656104082,9.0,11.0,1.0,15485.35814250642,10000.0,19000.0,1.0,16.5,17.638946623192638,19.0,1.0,22521.005808428024,10000.0,25000.0,1.0,18.965315252494634,17.0,20.0,1.0,0.0,111.0,1.0,46.0
81.0,23.0,81.0,23.0,-721.0,912.0,11.0,-711.0,15.0600905811743,12.0,17.0,30000.0,12500.0,23000.0,0.0,26.1715841664513,20.0,24.0,0.0,12500.0,34451.868686659145,26000.0,0.0,26.728867790414984,20.0,25.0,0.0,721.0,14.017008529640114,12.0,17.0,1.0,15552.970990845357,12500.0,23000.0,1.0,20.0,20.61890747605784,24.0,1.0,20040.52145124533,12500.0,26000.0,1.0,21.180657734053053,20.0,25.0,1.0,0.0,912.0,7.0,17.0
81.0,23.0,81.0,23.0,-721.0,912.0,12.0,-711.0,14.943115514288117,12.0,17.0,30000.0,12500.0,23000.0,0.0,26.055857472341486,20.0,24.0,0.0,12500.0,34487.49339847426,26000.0,0.0,26.617003319358336,20.0,25.0,0.0,721.0,14.569265853114967,12.0,17.0,1.0,18652.356577376093,12500.0,23000.0,1.0,20.0,21.52743078605145,24.0,1.0,23143.18254190856,12500.0,26000.0,1.0,22.08899335916401,20.0,25.0,1.0,0.0,912.0,7.0,10.0
92.0,24.0,92.0,24.0,-721.0,921.0,13.0,-711.0,14.560006657146241,12.0,17.0,30000.0,15000.0,28000.0,0.0,24.28962317383162,19.5,25.0,1.0,15000.0,34449.406446363435,28000.0,0.0,24.846236622108414,20.0,26.0,1.0,721.0,16.099668459326235,12.0,17.0,1.0,22241.73680740743,15000.0,28000.0,1.0,19.5,22.910013130327638,25.0,1.0,26723.410723703942,15000.0,28000.0,1.0,23.470663186166163,20.0,26.0,1.0,0.0,92122.0,7.0,22.0
11.0,22.0,11.0,21.0,-121.0,21.0,13.0,-111.0,10.00614316367431,9.0,11.0,30000.0,10000.0,19000.0,0.0,25.876649116754237,16.5,19.0,0.0,10000.0,36503.075840765516,25000.0,0.0,27.183248246754292,17.0,20.0,0.0,121.0,10.006621621570867,9.0,11.0,1.0,13365.959265264162,10000.0,19000.0,1.0,16.5,17.171570881039145,19.0,1.0,19877.732007830502,10000.0,25000.0,1.0,18.479917394063,17.0,20.0,1.0,0.0,211.0,1.0,58.0
11.0,22.0,11.0,22.0,-121.0,21.0,13.0,-111.0,9.98283212173564,9.0,11.0,30000.0,10000.0,19000.0,0.0,24.532608150548143,16.5,19.0,0.0,10000.0,36413.60473717618,25000.0,0.0,25.814459239540746,17.0,20.0,0.0,121.0,10.002360959200738,9.0,11.0,1.0,13465.955537052083,10000.0,19000.0,1.0,16.5,17.22024342642926,19.0,1.0,19999.011171784594,10000.0,25000.0,1.0,18.525968494157436,17.0,20.0,1.0,0.0,211.0,1.0,16.0
91.0,24.0,91.0,24.0,-721.0,911.0,11.0,-711.0,15.028058830685064,12.0,17.0,30000.0,18000.0,36000.0,1.0,24.000385167826828,20.0,25.0,1.0,18000.0,33989.69042659085,36000.0,1.0,24.489023872668973,20.0,26.0,1.0,722.0,15.329421055127234,12.0,17.0,1.0,24474.808142799382,18000.0,36000.0,1.0,20.0,23.40820755233991,25.0,1.0,28474.150796731938,18000.0,36000.0,1.0,23.898028417039786,20.0,26.0,1.0,1.0,91121.0,7.0,0.0
11.0,22.0,11.0,21.0,-121.0,11.0,12.0,-111.0,10.215324628172992,9.0,11.0,30000.0,10000.0,19000.0,0.0,24.07096563080711,16.5,19.0,0.0,10000.0,37042.563103801825,25000.0,0.0,25.400856688680864,17.0,20.0,0.0,122.0,10.196375656986373,9.0,11.0,1.0,14230.547918194228,10000.0,19000.0,1.0,16.5,17.359744280056862,19.0,1.0,21121.174615174827,10000.0,25000.0,1.0,18.66094423984334,17.0,20.0,1.0,0.0,111.0,1.0,45.0
11.0,22.0,11.0,22.0,-121.0,11.0,11.0,-111.0,10.161098915657524,9.0,11.0,30000.0,10000.0,19000.0,0.0,24.119005983606613,16.5,19.0,0.0,10000.0,37036.15385288796,25000.0,0.0,25.446483901839862,17.0,20.0,0.0,122.0,10.212708494654539,9.0,11.0,1.0,10657.930496091576,10000.0,19000.0,1.0,16.5,16.72838249645101,19.0,1.0,17733.092523893043,10000.0,25000.0,1.0,18.063219902823796,17.0,20.0,1.0,0.0,111.0,1.0,38.0
11.0,22.0,11.0,22.0,-121.0,11.0,11.0,-111.0,10.180495998847967,9.0,11.0,30000.0,10000.0,19000.0,0.0,24.249083483298953,16.5,19.0,0.0,10000.0,37151.923364586335,25000.0,0.0,25.5974648130762,17.0,20.0,0.0,122.0,10.195306171087639,9.0,11.0,1.0,15137.331199389255,10000.0,19000.0,1.0,16.5,17.565245469561425,19.0,1.0,22157.28728511768,10000.0,25000.0,1.0,18.888746469127835,17.0,20.0,1.0,0.0,111.0,1.0,30.0
11.0,21.0,11.0,22.0,-121.0,21.0,13.0,-111.0,10.20833093359782,9.0,11.0,30000.0,10000.0,19000.0,0.0,28.927283846930145,16.5,19.0,0.0,10000.0,36972.06364356542,25000.0,0.0,30.248113113783546,17.0,20.0,0.0,122.0,10.201528704047275,9.0,11.0,1.0,14024.461003451073,10000.0,19000.0,1.0,16.5,17.428986519342512,19.0,1.0,21013.34976787909,10000.0,25000.0,1.0,18.753003237313656,17.0,20.0,1.0,0.0,211.0,1.0,59.0
11.0,22.0,11.0,21.0,-121.0,21.0,13.0,-111.0,10.19786975247554,9.0,11.0,30000.0,10000.0,19000.0,0.0,26.515734700774264,16.5,19.0,0.0,10000.0,36975.44503035815,25000.0,0.0,27.832900336185705,17.0,20.0,0.0,122.0,10.191677275405086,9.0,11.0,1.0,12789.994296802763,10000.0,19000.0,1.0,16.5,17.098733056420492,19.0,1.0,19916.992765979703,10000.0,25000.0,1.0,18.444516361481938,17.0,20.0,1.0,0.0,211.0,1.0,58.0
11.0,22.0,11.0,22.0,-121.0,21.0,13.0,-111.0,10.196652364622935,9.0,11.0,30000.0,10000.0,19000.0,0.0,25.461819369297583,16.5,19.0,0.0,10000.0,37182.73825499619,25000.0,0.0,26.813779135440488,17.0,20.0,0.0,122.0,10.167853955816808,9.0,11.0,1.0,16044.764085016266,10000.0,19000.0,1.0,16.5,17.732546550270513,19.0,1.0,23021.96120039792,10000.0,25000.0,1.0,19.045818654246034,17.0,20.0,1.0,0.0,211.0,1.0,36.0
11.0,21.0,11.0,22.0,-121.0,21.0,13.0,-111.0,9.994062379598612,9.0,11.0,30000.0,10000.0,19000.0,0.0,27.763772541591443,16.5,19.0,0.0,10000.0,36469.465154077036,25000.0,0.0,29.05860845154018,17.0,20.0,0.0,121.0,10.01175833429701,9.0,11.0,1.0,16740.83242535437,10000.0,19000.0,1.0,16.5,17.92329345647632,19.0,1.0,23302.717375155666,10000.0,25000.0,1.0,19.23662679510639,17.0,20.0,1.0,0.0,211.0,1.0,59.0
11.0,21.0,11.0,21.0,-121.0,21.0,12.0,-111.0,10.207858761164175,9.0,11.0,30000.0,10000.0,19000.0,0.0,25.807781003913995,16.5,19.0,0.0,10000.0,37132.19719625424,25000.0,0.0,27.156409796650916,17.0,20.0,0.0,122.0,10.20648168309912,9.0,11.0,1.0,15750.550950483339,10000.0,19000.0,1.0,16.5,17.683873467878044,19.0,1.0,22848.73173107525,10000.0,25000.0,1.0,19.026070088827566,17.0,20.0,1.0,0.0,211.0,1.0,6.0
11.0,22.0,11.0,21.0,-121.0,11.0,11.0,-111.0,10.2004409056111,9.0,11.0,30000.0,10000.0,19000.0,0.0,23.924529071069557,16.5,19.0,0.0,10000.0,36809.07793163995,25000.0,0.0,25.207596241873663,17.0,20.0,0.0,122.0,10.227574684400533,9.0,11.0,1.0,15808.295528363353,10000.0,19000.0,1.0,16.5,17.655468808308726,19.0,1.0,22747.640460710438,10000.0,25000.0,1.0,18.963082814047674,17.0,20.0,1.0,0.0,111.0,1.0,26.0
11.0,22.0,11.0,22.0,-121.0,11.0,11.0,-111.0,10.20519921599272,9.0,11.0,30000.0,10000.0,19000.0,0.0,24.780099071507877,16.5,19.0,0.0,10000.0,36808.423781172285,25000.0,0.0,26.066670950946275,17.0,20.0,0.0,122.0,10.198597741056917,9.0,11.0,1.0,13635.03613076555,10000.0,19000.0,1.0,16.5,17.290325336044635,19.0,1.0,20576.493741029535,10000.0,25000.0,1.0,18.60203630626594,17.0,20.0,1.0,0.0,111.0,1.0,57.0
11.0,21.0,11.0,22.0,-121.0,11.0,11.0,-111.0,10.200242401240937,9.0,11.0,30000.0,10000.0,19000.0,0.0,26.326770070628648,16.5,19.0,0.0,10000.0,37140.605162934706,25000.0,0.0,27.671705120292838,17.0,20.0,0.0,122.0,10.164435991427947,9.0,11.0,1.0,17654.2487256911,10000.0,19000.0,1.0,16.5,18.022771737998482,19.0,1.0,24571.107244827752,10000.0,25000.0,1.0,19.325564042528022,17.0,20.0,1.0,0.0,111.0,1.0,29.0
92.0,24.0,92.0,24.0,-721.0,921.0,13.0,-711.0,14.94356718916693,12.0,17.0,30000.0,15000.0,28000.0,0.0,24.308641226999956,19.5,25.0,1.0,15000.0,34005.47706156468,28000.0,0.0,24.798112760911394,20.0,26.0,1.0,722.0,15.24634402804552,12.0,17.0,1.0,22329.260029145433,15000.0,28000.0,1.0,19.5,22.009906030722412,25.0,1.0,26310.15833552009,15000.0,28000.0,1.0,22.496374027022828,20.0,26.0,1.0,0.0,92122.0,7.0,20.0
11.0,22.0,11.0,22.0,-121.0,21.0,13.0,-111.0,9.990514959900631,9.0,11.0,30000.0,10000.0,19000.0,0.0,26.561279466519522,16.5,19.0,0.0,10000.0,36527.94088358931,25000.0,0.0,27.866955408863678,17.0,20.0,0.0,121.0,10.009453403197885,9.0,11.0,1.0,13157.80298022105,10000.0,19000.0,1.0,16.5,17.19892143732544,19.0,1.0,19572.128396335815,10000.0,25000.0,1.0,18.481872758658913,17.0,20.0,1.0,0.0,211.0,1.0,28.0
81.0,21.0,81.0,23.0,-721.0,912.0,12.0,-711.0,15.265024031388494,12.0,17.0,30000.0,12500.0,23000.0,0.0,27.58351206919278,20.0,24.0,0.0,12500.0,34106.33014276619,26000.0,0.0,28.086651078837004,20.0,25.0,0.0,722.0,15.040732778043948,12.0,17.0,1.0,15673.83297880238,12500.0,23000.0,1.0,20.0,21.500260602025314,24.0,1.0,19699.47906445495,12500.0,26000.0,1.0,21.99351358322593,20.0,25.0,1.0,0.0,912.0,7.0,7.0
11.0,22.0,11.0,22.0,-121.0,21.0,13.0,-111.0,10.218239353536852,9.0,11.0,30000.0,10000.0,19000.0,0.0,25.823456919867482,16.5,19.0,0.0,10000.0,36971.60508386573,25000.0,0.0,27.14483757035142,17.0,20.0,0.0,122.0,10.20890257512296,9.0,11.0,1.0,15434.620150333307,10000.0,19000.0,1.0,16.5,17.62538109292099,19.0,1.0,22445.155160664955,10000.0,25000.0,1.0,18.95414042463228,17.0,20.0,1.0,0.0,211.0,1.0,36.0
11.0,22.0,11.0,21.0,-121.0,11.0,11.0,-111.0,10.193624340613628,9.0,11.0,30000.0,10000.0,19000.0,0.0,23.98722901650681,16.5,19.0,0.0,10000.0,37086.699795023014,25000.0,0.0,25.318931768100327,17.0,20.0,0.0,122.0,10.208049848938128,9.0,11.0,1.0,15353.107956808753,10000.0,19000.0,1.0,16.5,17.59012011990265,19.0,1.0,22279.89261138507,10000.0,25000.0,1.0,18.89177229242354,17.0,20.0,1.0,0.0,111.0,1.0,39.0
91.0,24.0,91.0,24.0,-721.0,911.0,11.0,-711.0,14.537864624913292,12.0,17.0,30000.0,18000.0,36000.0,1.0,24.465104801305692,20.0,25.0,1.0,18000.0,34556.953829426864,36000.0,1.0,25.034596320017577,20.0,26.0,1.0,721.0,15.596332778809021,12.0,17.0,1.0,27561.715933264422,18000.0,36000.0,1.0,20.0,24.004041269093257,25.0,1.0,32023.730761827886,18000.0,36000.0,1.0,24.56166807339054,20.0,26.0,1.0,1.0,91121.0,7.0,16.0
91.0,24.0,91.0,24.0,-721.0,911.0,12.0,-711.0,15.324587241196996,12.0,17.0,30000.0,18000.0,36000.0,1.0,24.642251327042697,20.0,25.0,1.0,18000.0,33942.3433168362,36000.0,1.0,25.120328272545496,20.0,26.0,1.0,722.0,14.85480750674428,12.0,17.0,1.0,30202.928050762825,18000.0,36000.0,1.0,20.0,23.481028323697146,25.0,1.0,34110.783630452264,18000.0,36000.0,1.0,23.954923037794067,20.0,26.0,1.0,1.0,91121.0,7.0,27.0
11.0,22.0,11.0,21.0,-121.0,11.0,11.0,-111.0,10.230464440583924,9.0,11.0,30000.0,10000.0,19000.0,0.0,25.00358034614124,16.5,19.0,0.0,10000.0,36835.155014865806,25000.0,0.0,26.296983585413315,17.0,20.0,0.0,122.0,10.20324439136983,9.0,11.0,1.0,15414.29826915127,10000.0,19000.0,1.0,16.5,17.620791931725513,19.0,1.0,22429.225804359416,10000.0,25000.0,1.0,18.948213179314468,17.0,20.0,1.0,0.0,111.0,1.0,0.0
92.0,24.0,92.0,24.0,-721.0,921.0,13.0,-711.0,15.015736943114215,12.0,17.0,30000.0,15000.0,28000.0,0.0,24.84186798538348,19.5,25.0,1.0,15000.0,33947.64137952389,28000.0,0.0,25.322508982839594,20.0,26.0,1.0,722.0,15.042452214397143,12.0,17.0,1.0,20963.77281193462,15000.0,28000.0,1.0,19.5,21.58081945047133,25.0,1.0,24964.515239417353,15000.0,28000.0,1.0,22.067925711157606,20.0,26.0,1.0,0.0,92122.0,7.0,22.0
11.0,22.0,11.0,22.0,-121.0,21.0,13.0,-111.0,10.196946046643978,9.0,11.0,30000.0,10000.0,19000.0,0.0,24.70208134602233,16.5,19.0,0.0,10000.0,36941.35361947917,25000.0,0.0,26.009113093753626,17.0,20.0,0.0,122.0,10.220124375932693,9.0,11.0,1.0,14545.423644939414,10000.0,19000.0,1.0,16.5,17.470494727602357,19.0,1.0,21511.72936307558,10000.0,25000.0,1.0,18.78222486514421,17.0,20.0,1.0,0.0,211.0,1.0,28.0
92.0,24.0,92.0,24.0,-721.0,921.0,13.0,-711.0,15.100179481949635,12.0,17.0,30000.0,15000.0,28000.0,0.0,24.03560268600062,19.5,25.0,1.0,15000.0,34050.93930744834,28000.0,0.0,24.529835126170674,20.0,26.0,1.0,722.0,15.292279825679792,12.0,17.0,1.0,22164.36853789255,15000.0,28000.0,1.0,19.5,22.069694600064455,25.0,1.0,26126.538628702267,15000.0,28000.0,1.0,22.553096804770203,20.0,26.0,1.0,0.0,92122.0,7.0,25.0
11.0,22.0,11.0,22.0,-121.0,11.0,11.0,-111.0,10.213604013052063,9.0,11.0,30000.0,10000.0,19000.0,0.0,26.156443157469216,16.5,19.0,0.0,10000.0,37002.940247596125,25000.0,0.0,27.478094798847202,17.0,20.0,0.0,122.0,10.201942839358185,9.0,11.0,1.0,13789.945311102954,10000.0,19000.0,1.0,16.5,17.324099058996758,19.0,1.0,20801.052140970965,10000.0,25000.0,1.0,18.6472919639701,17.0,20.0,1.0,0.0,111.0,1.0,57.0
11.0,21.0,11.0,22.0,-121.0,21.0,13.0,-111.0,10.209877817690286,9.0,11.0,30000.0,10000.0,19000.0,0.0,26.576371139938367,16.5,19.0,0.0,10000.0,36961.6636691632,25000.0,0.0,27.88917853527613,17.0,20.0,0.0,122.0,10.182317516885774,9.0,11.0,1.0,13812.209069446726,10000.0,19000.0,1.0,16.5,17.28549954030013,19.0,1.0,20741.10951466547,10000.0,25000.0,1.0,18.592128555765864,17.0,20.0,1.0,0.0,211.0,1.0,24.0
91.0,24.0,91.0,21.0,-721.0,911.0,11.0,-711.0,14.966861065630349,12.0,17.0,30000.0,18000.0,36000.0,1.0,24.134814699293997,20.0,25.0,1.0,18000.0,34451.979291058175,36000.0,1.0,24.690502804420724,20.0,26.0,1.0,721.0,15.228159797425823,12.0,17.0,1.0,22317.466237333894,18000.0,36000.0,1.0,20.0,22.98999930630154,25.0,1.0,26795.96368722617,18000.0,36000.0,1.0,23.548997360659968,20.0,26.0,1.0,1.0,91121.0,7.0,2.0
11.0,22.0,11.0,22.0,-121.0,11.0,11.0,-111.0,10.18908600883636,9.0,11.0,30000.0,10000.0,19000.0,0.0,24.79933814030155,16.5,19.0,0.0,10000.0,37058.24793734164,25000.0,0.0,26.127526925092443,17.0,20.0,0.0,122.0,10.227634320523975,9.0,11.0,1.0,16646.462262265286,10000.0,19000.0,1.0,16.5,17.856255580235757,19.0,1.0,23656.917261679937,10000.0,25000.0,1.0,19.175450908759547,17.0,20.0,1.0,0.0,111.0,1.0,30.0
11.0,21.0,11.0,22.0,-121.0,11.0,11.0,-111.0,10.183688729350163,9.0,11.0,30000.0,10000.0,19000.0,0.0,27.306527511640848,16.5,19.0,0.0,10000.0,36930.07742224971,25000.0,0.0,28.60917831040937,17.0,20.0,0.0,122.0,10.187115322718912,9.0,11.0,1.0,15453.755642090877,10000.0,19000.0,1.0,16.5,17.633535232795108,19.0,1.0,22451.755453321715,10000.0,25000.0,1.0,18.948953443652915,17.0,20.0,1.0,0.0,111.0,1.0,29.0
81.0,23.0,81.0,21.0,-721.0,912.0,12.0,-711.0,15.27626617675699,12.0,17.0,30000.0,12500.0,23000.0,0.0,25.99905154923818,20.0,24.0,0.0,12500.0,34002.83453859754,26000.0,0.0,26.48641563691104,20.0,25.0,0.0,722.0,15.314752531384212,12.0,17.0,1.0,14624.993839205516,12500.0,23000.0,1.0,20.0,21.52787393347799,24.0,1.0,18694.650464743998,12500.0,26000.0,1.0,22.023373927125565,20.0,25.0,1.0,0.0,912.0,7.0,11.0
81.0,23.0,81.0,23.0,-721.0,912.0,12.0,-711.0,15.147626968638455,12.0,17.0,30000.0,12500.0,23000.0,0.0,26.350361447546277,20.0,24.0,0.0,12500.0,33948.00158652535,26000.0,0.0,26.83008684892134,20.0,25.0,0.0,722.0,15.224854949964147,12.0,17.0,1.0,15884.030844839683,12500.0,23000.0,1.0,20.0,21.73178825515688,24.0,1.0,19855.132652210617,12500.0,26000.0,1.0,22.214320586183344,20.0,25.0,1.0,0.0,912.0,7.0,10.0
11.0,22.0,11.0,21.0,-121.0,11.0,11.0,-111.0,10.195181202160184,9.0,11.0,30000.0,10000.0,19000.0,0.0,23.775293530564703,16.5,19.0,0.0,10000.0,37076.51920455742,25000.0,0.0,25.111064740477676,17.0,20.0,0.0,122.0,10.181183159174033,9.0,11.0,1.0,14834.59016664841,10000.0,19000.0,1.0,16.5,17.462099003100548,19.0,1.0,21925.796800303233,10000.0,25000.0,1.0,18.800642627581873,17.0,20.0,1.0,0.0,111.0,1.0,54.0
11.0,22.0,11.0,22.0,-121.0,11.0,11.0,-111.0,10.201646094329567,9.0,11.0,30000.0,10000.0,19000.0,0.0,25.040717210894705,16.5,19.0,0.0,10000.0,37223.92174548897,25000.0,0.0,26.402652691552678,17.0,20.0,0.0,122.0,10.166525666250672,9.0,11.0,1.0,14249.578251895888,10000.0,19000.0,1.0,16.5,17.33450301528247,19.0,1.0,21282.187091016258,10000.0,25000.0,1.0,18.66037002174166,17.0,20.0,1.0,0.0,111.0,1.0,38.0
81.0,23.0,81.0,23.0,-721.0,912.0,12.0,-711.0,14.80225440496156,12.0,17.0,30000.0,12500.0,23000.0,0.0,26.554213812697967,20.0,24.0,0.0,12500.0,34006.19270604357,26000.0,0.0,27.043419950015846,20.0,25.0,0.0,722.0,14.847933638861289,12.0,17.0,1.0,18929.14992690408,12500.0,23000.0,1.0,20.0,21.69105171500825,24.0,1.0,22921.43622226491,12500.0,26000.0,1.0,22.178559705992882,20.0,25.0,1.0,0.0,912.0,7.0,10.0
91.0,24.0,91.0,21.0,-721.0,911.0,12.0,-711.0,15.308288970829311,12.0,17.0,30000.0,18000.0,36000.0,1.0,25.10252759595402,20.0,25.0,0.0,18000.0,33981.90241657893,36000.0,1.0,25.58743733998294,20.0,26.0,1.0,722.0,15.203461394659731,12.0,17.0,1.0,25492.8979305987,18000.0,36000.0,1.0,20.0,23.269287543583786,25.0,1.0,29369.26056627341,18000.0,36000.0,1.0,23.741344820929935,20.0,26.0,1.0,0.0,91121.0,7.0,14.0
11.0,22.0,11.0,22.0,-121.0,11.0,11.0,-111.0,10.185621273910916,9.0,11.0,30000.0,10000.0,19000.0,0.0,23.490950737023923,16.5,19.0,0.0,10000.0,37134.75720007871,25000.0,0.0,24.841947576207126,17.0,20.0,0.0,122.0,10.181848278771565,9.0,11.0,1.0,18907.244845562884,10000.0,19000.0,1.0,16.5,18.284081177751208,19.0,1.0,26046.116896112013,10000.0,25000.0,0.0,19.635857181497876,17.0,20.0,1.0,0.0,111.0,1.0,17.0
92.0,24.0,92.0,24.0,-721.0,921.0,13.0,-711.0,14.299205896232703,12.0,17.0,30000.0,15000.0,28000.0,0.0,23.799227930572904,19.5,25.0,1.0,15000.0,34494.333427837504,28000.0,0.0,24.360831256165984,20.0,26.0,1.0,721.0,14.877275790955334,12.0,17.0,1.0,21836.051896293873,15000.0,28000.0,1.0,19.5,21.583740725982295,25.0,1.0,26318.47654286333,15000.0,28000.0,1.0,22.14385595300163,20.0,26.0,1.0,0.0,92122.0,7.0,25.0
11.0,21.0,11.0,21.0,-121.0,11.0,11.0,-111.0,10.203631121016732,9.0,11.0,30000.0,10000.0,19000.0,0.0,24.556255854416882,16.5,19.0,0.0,10000.0,37007.000922221865,25000.0,0.0,25.87658857350029,17.0,20.0,0.0,122.0,10.213442925055583,9.0,11.0,1.0,12201.249726456717,10000.0,19000.0,1.0,16.5,17.006109294777517,19.0,1.0,19279.551037097004,10000.0,25000.0,1.0,18.339877182024473,17.0,20.0,1.0,0.0,111.0,1.0,18.0
11.0,22.0,11.0,22.0,-121.0,21.0,13.0,-111.0,10.198053533611736,9.0,11.0,30000.0,10000.0,19000.0,0.0,25.814048699057356,16.5,19.0,0.0,10000.0,36951.27427835839,25000.0,0.0,27.12682360481299,17.0,20.0,0.0,122.0,10.202892593989436,9.0,11.0,1.0,12058.422660043803,10000.0,19000.0,1.0,16.5,17.006776330101292,19.0,1.0,19101.79863215994,10000.0,25000.0,1.0,18.33694499526003,17.0,20.0,1.0,0.0,211.0,1.0,28.0
11.0,22.0,11.0,22.0,-121.0,21.0,13.0,-111.0,10.201164778918143,9.0,11.0,30000.0,10000.0,19000.0,0.0,25.123243225651567,16.5,19.0,0.0,10000.0,36872.393865988415,25000.0,0.0,26.41875228315044,17.0,20.0,0.0,122.0,10.197066987551858,9.0,11.0,1.0,13359.84316221638,10000.0,19000.0,1.0,16.5,17.266095030698718,19.0,1.0,20424.347604849318,10000.0,25000.0,1.0,18.597818687787996,17.0,20.0,1.0,0.0,211.0,1.0,47.0
11.0,21.0,11.0,22.0,-121.0,21.0,13.0,-111.0,10.017372866858038,9.0,11.0,30000.0,10000.0,19000.0,0.0,28.137015508188988,16.5,19.0,0.0,10000.0,36486.59352222955,25000.0,0.0,29.436813649765348,17.0,20.0,0.0,121.0,10.002122232626618,9.0,11.0,1.0,15085.653175776606,10000.0,19000.0,1.0,16.5,17.58891631290591,19.0,1.0,21532.55467606815,10000.0,25000.0,1.0,18.880760878206274,17.0,20.0,1.0,0.0,211.0,1.0,32.0
11.0,22.0,11.0,22.0,-121.0,21.0,12.0,-111.0,9.990932998486976,9.0,11.0,30000.0,10000.0,19000.0,0.0,23.641851126702864,16.5,19.0,0.0,10000.0,36445.375272927005,25000.0,0.0,24.932780028683574,17.0,20.0,0.0,121.0,9.988050164649096,9.0,11.0,1.0,14467.003074379412,10000.0,19000.0,1.0,16.5,17.368772240966486,19.0,1.0,21032.83701065425,10000.0,25000.0,1.0,18.683827522471265,17.0,20.0,1.0,0.0,211.0,1.0,25.0
11.0,22.0,11.0,21.0,-121.0,21.0,12.0,-111.0,10.210922481774606,9.0,11.0,30000.0,10000.0,19000.0,0.0,24.22627746262565,16.5,19.0,0.0,10000.0,37185.61540806474,25000.0,0.0,25.58080968273289,17.0,20.0,0.0,122.0,10.215225298125558,9.0,11.0,1.0,14087.183825990374,10000.0,19000.0,1.0,16.5,17.375952376698432,19.0,1.0,21100.860880437293,10000.0,25000.0,1.0,18.698073171113986,17.0,20.0,1.0,0.0,211.0,1.0,53.0
11.0,22.0,11.0,21.0,-121.0,11.0,12.0,-111.0,10.194821925900309,9.0,11.0,30000.0,10000.0,19000.0,0.0,24.0340424062951,16.5,19.0,0.0,10000.0,37105.18844902651,25000.0,0.0,25.37536192119017,17.0,20.0,0.0,122.0,10.199685635473546,9.0,11.0,1.0,13671.381751033357,10000.0,19000.0,1.0,16.5,17.30750655267967,19.0,1.0,20790.74430774049,10000.0,25000.0,1.0,18.65150185969125,17.0,20.0,1.0,0.0,111.0,1.0,10.0
91.0,24.0,91.0,24.0,-721.0,911.0,12.0,-711.0,15.271100705881457,12.0,17.0,30000.0,18000.0,36000.0,1.0,24.9833103633368,20.0,25.0,1.0,18000.0,33980.70626330358,36000.0,1.0,25.468623854542237,20.0,26.0,1.0,722.0,15.538400011116122,12.0,17.0,1.0,27400.071582496133,18000.0,36000.0,1.0,20.0,23.983983482810594,25.0,1.0,31341.042143683422,18000.0,36000.0,1.0,24.46445253912333,20.0,26.0,1.0,1.0,91121.0,7.0,27.0
11.0,21.0,11.0,21.0,-121.0,21.0,13.0,-111.0,10.209613865557053,9.0,11.0,30000.0,10000.0,19000.0,0.0,27.25220186057678,16.5,19.0,0.0,10000.0,37067.93746504691,25000.0,0.0,28.579379140988557,17.0,20.0,0.0,122.0,10.205564059981798,9.0,11.0,1.0,13125.038630859543,10000.0,19000.0,1.0,16.5,17.157591596801126,19.0,1.0,19975.331276829565,10000.0,25000.0,1.0,18.4439007653335,17.0,20.0,1.0,0.0,211.0,1.0,34.0
91.0,21.0,91.0,24.0,-721.0,911.0,11.0,-711.0,15.041372264588697,12.0,17.0,30000.0,18000.0,36000.0,1.0,24.540218088888928,20.0,25.0,1.0,18000.0,34509.18210101022,36000.0,1.0,25.10401849492952,20.0,26.0,1.0,721.0,14.76177861421372,12.0,17.0,1.0,26841.561348342486,18000.0,36000.0,1.0,20.0,23.114856545928628,25.0,1.0,31397.42362265188,18000.0,36000.0,1.0,23.684493553834162,20.0,26.0,1.0,1.0,91121.0,7.0,18.0
91.0,24.0,91.0,21.0,-721.0,911.0,11.0,-711.0,15.019075018127822,12.0,17.0,30000.0,18000.0,36000.0,1.0,24.41417352343845,20.0,25.0,1.0,18000.0,34005.95065904303,36000.0,1.0,24.903080185112515,20.0,26.0,1.0,722.0,15.352087416619328,12.0,17.0,1.0,24055.940641446403,18000.0,36000.0,1.0,20.0,23.261890797395374,25.0,1.0,28050.33032291984,18000.0,36000.0,1.0,23.749386498368644,20.0,26.0,1.0,1.0,91121.0,7.0,3.0
11.0,22.0,11.0,22.0,-121.0,11.0,11.0,-111.0,9.968104187350502,9.0,11.0,30000.0,10000.0,19000.0,0.0,25.74403132718355,16.5,19.0,0.0,10000.0,36461.108897163474,25000.0,0.0,27.03827120376626,17.0,20.0,0.0,121.0,9.98317318713287,9.0,11.0,1.0,15217.618229066691,10000.0,19000.0,1.0,16.5,17.517089103370797,19.0,1.0,21772.7283261339,10000.0,25000.0,1.0,18.830158580769467,17.0,20.0,1.0,0.0,111.0,1.0,27.0
11.0,22.0,11.0,22.0,-121.0,11.0,12.0,-111.0,9.99911376985517,9.0,11.0,30000.0,10000.0,19000.0,0.0,24.635096718901277,16.5,19.0,0.0,10000.0,36465.516541233505,25000.0,0.0,25.930558563128756,17.0,20.0,0.0,121.0,9.988962988415873,9.0,11.0,1.0,18220.200611625463,10000.0,19000.0,1.0,16.5,18.183902771049173,19.0,1.0,24762.733038141287,10000.0,25000.0,1.0,19.494795886722073,17.0,20.0,1.0,0.0,111.0,1.0,40.0
11.0,21.0,11.0,22.0,-121.0,21.0,13.0,-111.0,10.005764227705503,9.0,11.0,30000.0,10000.0,19000.0,0.0,25.590809373061436,16.5,19.0,0.0,10000.0,36430.04617562583,25000.0,0.0,26.872281685775413,17.0,20.0,0.0,121.0,10.000395031573904,9.0,11.0,1.0,15628.393981112888,10000.0,19000.0,1.0,16.5,17.68430050466835,19.0,1.0,22155.536801242102,10000.0,25000.0,1.0,18.98512363667507,17.0,20.0,1.0,0.0,211.0,1.0,24.0
81.0,23.0,81.0,23.0,-721.0,912.0,11.0,-711.0,15.046472444465984,12.0,17.0,30000.0,12500.0,23000.0,0.0,25.78472565755701,20.0,24.0,0.0,12500.0,34503.9506100286,26000.0,0.0,26.346987785330278,20.0,25.0,0.0,721.0,13.745869738863293,12.0,17.0,1.0,15694.66434748518,12500.0,23000.0,1.0,20.0,20.255737501208394,24.0,1.0,20166.05257800696,12500.0,26000.0,1.0,20.813934621531068,20.0,25.0,1.0,0.0,912.0,7.0,17.0
11.0,22.0,11.0,22.0,-121.0,21.0,13.0,-111.0,10.002785272105076,9.0,11.0,30000.0,10000.0,19000.0,0.0,24.559585870635047,16.5,19.0,0.0,10000.0,36503.39201013635,25000.0,0.0,25.864956373323864,17.0,20.0,0.0,121.0,9.991802498602766,9.0,11.0,1.0,15087.184725117439,10000.0,19000.0,1.0,16.5,17.51070646539616,19.0,1.0,21538.45853096623,10000.0,25000.0,1.0,18.805615724717814,17.0,20.0,1.0,0.0,211.0,1.0,13.0
91.0,21.0,91.0,24.0,-721.0,911.0,12.0,-711.0,15.060504214338472,12.0,17.0,30000.0,18000.0,36000.0,1.0,24.75722643267291,20.0,25.0,1.0,18000.0,33951.08769270959,36000.0,1.0,25.237957080968563,20.0,26.0,1.0,722.0,15.295649488782255,12.0,17.0,1.0,26994.411358301128,18000.0,36000.0,1.0,20.0,23.55093076008872,25.0,1.0,31007.035308273735,18000.0,36000.0,1.0,24.03914855297555,20.0,26.0,1.0,1.0,91121.0,7.0,19.0
11.0,22.0,11.0,21.0,-121.0,11.0,11.0,-111.0,10.205125240572462,9.0,11.0,30000.0,10000.0,19000.0,0.0,25.28088767892188,16.5,19.0,0.0,10000.0,37076.71494164614,25000.0,0.0,26.614179031128188,17.0,20.0,0.0,122.0,10.189539132827223,9.0,11.0,1.0,14176.246796534526,10000.0,19000.0,1.0,16.5,17.37285082352414,19.0,1.0,21177.82611638103,10000.0,25000.0,1.0,18.691986218395137,17.0,20.0,1.0,0.0,111.0,1.0,39.0
11.0,22.0,11.0,21.0,-121.0,11.0,11.0,-111.0,10.189076478136307,9.0,11.0,30000.0,10000.0,19000.0,0.0,24.729422231661378,16.5,19.0,0.0,10000.0,36995.663693062015,25000.0,0.0,26.052303260619222,17.0,20.0,0.0,122.0,10.166937771817619,9.0,11.0,1.0,16147.658554342985,10000.0,19000.0,1.0,16.5,17.692359495158556,19.0,1.0,23264.900564975364,10000.0,25000.0,1.0,19.03823100177558,17.0,20.0,1.0,0.0,111.0,1.0,12.0
91.0,24.0,91.0,21.0,-721.0,911.0,12.0,-711.0,14.774279770668562,12.0,17.0,30000.0,18000.0,36000.0,1.0,23.675287288934797,20.0,25.0,1.0,18000.0,34462.50487002666,36000.0,1.0,24.230089528245962,20.0,26.0,1.0,721.0,14.643204503642863,12.0,17.0,1.0,22555.194189868147,18000.0,36000.0,1.0,20.0,22.367237857781895,25.0,1.0,26988.53326935597,18000.0,36000.0,1.0,22.918414051548343,20.0,26.0,1.0,1.0,91121.0,7.0,14.0
91.0,24.0,91.0,24.0,-721.0,911.0,12.0,-711.0,15.632100343025904,12.0,17.0,30000.0,18000.0,36000.0,1.0,25.009247260524305,20.0,25.0,0.0,18000.0,34591.328906050774,36000.0,1.0,25.583409587385308,20.0,26.0,1.0,721.0,14.699330575990956,12.0,17.0,1.0,24095.2977081491,18000.0,36000.0,1.0,20.0,22.64658886062022,25.0,1.0,28566.621590181036,18000.0,36000.0,1.0,23.20574412411557,20.0,26.0,1.0,0.0,91121.0,7.0,24.0
91.0,24.0,91.0,21.0,-721.0,911.0,11.0,-711.0,15.218573810572995,12.0,17.0,30000.0,18000.0,36000.0,1.0,24.016364937281786,20.0,25.0,1.0,18000.0,34009.167075164536,36000.0,1.0,24.503411503181532,20.0,26.0,1.0,722.0,15.230851743239272,12.0,17.0,1.0,22975.35945150533,18000.0,36000.0,1.0,20.0,22.961958163013325,25.0,1.0,27144.700658840546,18000.0,36000.0,1.0,23.468463199851573,20.0,26.0,1.0,1.0,91121.0,7.0,3.0
11.0,21.0,11.0,22.0,-121.0,11.0,11.0,-111.0,10.229100206406459,9.0,11.0,30000.0,10000.0,19000.0,0.0,23.796090867681865,16.5,19.0,0.0,10000.0,37138.15647452642,25000.0,0.0,25.145993168977437,17.0,20.0,0.0,122.0,10.185971333794125,9.0,11.0,1.0,14992.586578655411,10000.0,19000.0,1.0,16.5,17.538578643602975,19.0,1.0,22212.278595039177,10000.0,25000.0,1.0,18.903900194390122,17.0,20.0,1.0,0.0,111.0,1.0,43.0
11.0,22.0,11.0,22.0,-121.0,21.0,13.0,-111.0,9.994297851011305,9.0,11.0,30000.0,10000.0,19000.0,0.0,26.683871217301125,16.5,19.0,0.0,10000.0,36527.511674632886,25000.0,0.0,27.989080069849166,17.0,20.0,0.0,121.0,9.99488410680848,9.0,11.0,1.0,14581.021647672338,10000.0,19000.0,1.0,16.5,17.402950178341428,19.0,1.0,21031.18633145603,10000.0,25000.0,1.0,18.69269311030496,17.0,20.0,1.0,0.0,211.0,1.0,5.0
11.0,22.0,11.0,22.0,-121.0,21.0,13.0,-111.0,10.198364473515673,9.0,11.0,30000.0,10000.0,19000.0,0.0,25.46698098697261,16.5,19.0,0.0,10000.0,37087.82779916821,25000.0,0.0,26.80822762717187,17.0,20.0,0.0,122.0,10.206926426553046,9.0,11.0,1.0,16835.269821384354,10000.0,19000.0,1.0,16.5,17.91028392699848,19.0,1.0,23878.353761547925,10000.0,25000.0,1.0,19.243063579531004,17.0,20.0,1.0,0.0,211.0,1.0,19.0
11.0,22.0,11.0,22.0,-121.0,21.0,13.0,-111.0,10.230192788190763,9.0,11.0,30000.0,10000.0,19000.0,0.0,25.809878222762478,16.5,19.0,0.0,10000.0,36950.86909323686,25000.0,0.0,27.121434739466885,17.0,20.0,0.0,122.0,10.199497708714892,9.0,11.0,1.0,15097.350494472532,10000.0,19000.0,1.0,16.5,17.58863342793627,19.0,1.0,21988.280572585183,10000.0,25000.0,1.0,18.888880077509455,17.0,20.0,1.0,0.0,211.0,1.0,36.0
81.0,23.0,81.0,23.0,-721.0,912.0,11.0,-711.0,14.8748948089552,12.0,17.0,30000.0,12500.0,23000.0,0.0,25.989719413856555,20.0,24.0,0.0,12500.0,34492.10270858024,26000.0,0.0,26.549834475505726,20.0,25.0,0.0,721.0,15.250855274544408,12.0,17.0,1.0,20185.42087332408,12500.0,23000.0,1.0,20.0,22.400305816330558,24.0,1.0,24710.091907315043,12500.0,26000.0,1.0,22.964481784592657,20.0,25.0,1.0,0.0,912.0,7.0,17.0
11.0,22.0,11.0,22.0,-121.0,21.0,13.0,-111.0,10.012278496917858,9.0,11.0,30000.0,10000.0,19000.0,0.0,25.417744674749972,16.5,19.0,0.0,10000.0,36516.20707834697,25000.0,0.0,26.719377786906644,17.0,20.0,0.0,121.0,10.008071387737699,9.0,11.0,1.0,13795.724851551971,10000.0,19000.0,1.0,16.5,17.27580953338527,19.0,1.0,20291.93816643025,10000.0,25000.0,1.0,18.573448827626926,17.0,20.0,1.0,0.0,211.0,1.0,21.0
81.0,21.0,81.0,21.0,-721.0,912.0,12.0,-711.0,15.478448915869727,12.0,17.0,30000.0,12500.0,23000.0,0.0,27.000571275945973,20.0,24.0,0.0,12500.0,33967.95692761627,26000.0,0.0,27.485163119524703,20.0,25.0,0.0,722.0,15.23485188330409,12.0,17.0,1.0,15583.4860355314,12500.0,23000.0,1.0,20.0,21.69811376485587,24.0,1.0,19637.6513857372,12500.0,26000.0,1.0,22.193233922929124,20.0,25.0,1.0,0.0,912.0,7.0,6.0
11.0,22.0,11.0,22.0,-121.0,21.0,13.0,-111.0,9.998460052742715,9.0,11.0,30000.0,10000.0,19000.0,0.0,24.425238952972425,16.5,19.0,0.0,10000.0,36464.55240609843,25000.0,0.0,25.71977198962712,17.0,20.0,0.0,121.0,9.998387407196093,9.0,11.0,1.0,14542.478519087916,10000.0,19000.0,1.0,16.5,17.437021512532105,19.0,1.0,20990.482033537315,10000.0,25000.0,1.0,18.72824061720607,17.0,20.0,1.0,0.0,211.0,1.0,31.0
11.0,22.0,11.0,21.0,-121.0,21.0,13.0,-111.0,9.999981055034366,9.0,11.0,30000.0,10000.0,19000.0,0.0,26.388121223443356,16.5,19.0,0.0,10000.0,36603.440364010814,25000.0,0.0,27.702171397021928,17.0,20.0,0.0,121.0,10.008876518970325,9.0,11.0,1.0,13776.3700091043,10000.0,19000.0,1.0,16.5,17.226173873775018,19.0,1.0,20236.66731786876,10000.0,25000.0,1.0,18.511739326325717,17.0,20.0,1.0,0.0,211.0,1.0,33.0
81.0,23.0,81.0,23.0,-721.0,912.0,12.0,-711.0,15.328733695612245,12.0,17.0,30000.0,12500.0,23000.0,0.0,25.658644584477784,20.0,24.0,0.0,12500.0,33993.27270476754,26000.0,0.0,26.143000659798346,20.0,25.0,0.0,722.0,15.166225577940633,12.0,17.0,1.0,20349.97435240511,12500.0,23000.0,1.0,20.0,22.21652809122245,24.0,1.0,24251.914927921633,12500.0,26000.0,1.0,22.689806217465836,20.0,25.0,1.0,0.0,912.0,7.0,31.0
11.0,22.0,11.0,21.0,-121.0,21.0,12.0,-111.0,9.996068254828314,9.0,11.0,30000.0,10000.0,19000.0,0.0,23.759502120508955,16.5,19.0,0.0,10000.0,36518.03767414962,25000.0,0.0,25.062236796592977,17.0,20.0,0.0,121.0,10.006397858169509,9.0,11.0,1.0,12661.917883548964,10000.0,19000.0,1.0,16.5,17.003515622678556,19.0,1.0,19118.45407018269,10000.0,25000.0,1.0,18.293958237190814,17.0,20.0,1.0,0.0,211.0,1.0,53.0
11.0,22.0,11.0,21.0,-121.0,21.0,13.0,-111.0,10.006045251163215,9.0,11.0,30000.0,10000.0,19000.0,0.0,25.930554603941047,16.5,19.0,0.0,10000.0,36562.71930094426,25000.0,0.0,27.24096329225341,17.0,20.0,0.0,121.0,9.99866979177173,9.0,11.0,1.0,11080.363192501773,10000.0,19000.0,1.0,16.5,16.692105482337617,19.0,1.0,17562.92680024963,10000.0,25000.0,1.0,17.986509110557414,17.0,20.0,1.0,0.0,211.0,1.0,58.0
11.0,22.0,11.0,21.0,-121.0,21.0,13.0,-111.0,10.002286442829584,9.0,11.0,30000.0,10000.0,19000.0,0.0,27.729821100420978,16.5,19.0,0.0,10000.0,36564.07777468808,25000.0,0.0,29.046006335151045,17.0,20.0,0.0,121.0,9.994567719476319,9.0,11.0,1.0,10452.285100207411,10000.0,19000.0,1.0,16.5,16.582277768840612,19.0,1.0,17015.396352764124,10000.0,25000.0,1.0,17.898269202978728,17.0,20.0,1.0,0.0,211.0,1.0,58.0
91.0,24.0,91.0,24.0,-721.0,911.0,11.0,-711.0,14.226047162855627,12.0,17.0,30000.0,18000.0,36000.0,1.0,23.84173069144788,20.0,25.0,1.0,18000.0,34545.383263815085,36000.0,1.0,24.407531862508492,20.0,26.0,1.0,721.0,15.10049003023809,12.0,17.0,1.0,23915.64621566025,18000.0,36000.0,1.0,20.0,23.147291689299102,25.0,1.0,28378.777000756992,18000.0,36000.0,1.0,23.70285421906582,20.0,26.0,1.0,1.0,91121.0,7.0,16.0
11.0,22.0,11.0,22.0,-121.0,21.0,13.0,-111.0,10.17638172948239,9.0,11.0,30000.0,10000.0,19000.0,0.0,24.173892806867194,16.5,19.0,0.0,10000.0,36996.29774012139,25000.0,0.0,25.49535228788396,17.0,20.0,0.0,122.0,10.190479429595255,9.0,11.0,1.0,13367.009809144069,10000.0,19000.0,1.0,16.5,17.28525688144302,19.0,1.0,20309.13576366665,10000.0,25000.0,1.0,18.5964844051672,17.0,20.0,1.0,0.0,211.0,1.0,47.0
81.0,21.0,81.0,23.0,-721.0,912.0,12.0,-711.0,14.71442948050092,12.0,17.0,30000.0,12500.0,23000.0,0.0,27.570889390941367,20.0,24.0,0.0,12500.0,34528.45968913943,26000.0,0.0,28.135699302681882,20.0,25.0,0.0,721.0,15.269016374848114,12.0,17.0,1.0,16846.15646294955,12500.0,23000.0,1.0,20.0,21.932207875083712,24.0,1.0,21355.31110570038,12500.0,26000.0,1.0,22.494609974390116,20.0,25.0,1.0,0.0,912.0,7.0,7.0
11.0,22.0,11.0,22.0,-121.0,21.0,13.0,-111.0,10.199067986287188,9.0,11.0,30000.0,10000.0,19000.0,0.0,26.364339379615373,16.5,19.0,0.0,10000.0,36890.47867563067,25000.0,0.0,27.662607742331417,17.0,20.0,0.0,122.0,10.191060139332109,9.0,11.0,1.0,13187.021101297298,10000.0,19000.0,1.0,16.5,17.203624830684113,19.0,1.0,20188.46839699418,10000.0,25000.0,1.0,18.52280132699554,17.0,20.0,1.0,0.0,211.0,1.0,47.0
11.0,21.0,11.0,21.0,-121.0,21.0,13.0,-111.0,10.014922870039634,9.0,11.0,30000.0,10000.0,19000.0,0.0,26.93342369687871,16.5,19.0,0.0,10000.0,36480.30980347161,25000.0,0.0,28.235738226183784,17.0,20.0,0.0,121.0,10.013379253114088,9.0,11.0,1.0,12632.249366321863,10000.0,19000.0,1.0,16.5,17.042918499648867,19.0,1.0,19159.398806968813,10000.0,25000.0,1.0,18.354646149914323,17.0,20.0,1.0,0.0,211.0,1.0,34.0
11.0,22.0,11.0,22.0,-121.0,21.0,13.0,-111.0,10.211981670026356,9.0,11.0,30000.0,10000.0,19000.0,0.0,23.777809189422307,16.5,19.0,0.0,10000.0,37107.88226674103,25000.0,0.0,25.12056934895358,17.0,20.0,0.0,122.0,10.204865222787586,9.0,11.0,1.0,12465.662360910803,10000.0,19000.0,1.0,16.5,17.09788290082966,19.0,1.0,19598.563720097074,10000.0,25000.0,1.0,18.44536945273807,17.0,20.0,1.0,0.0,211.0,1.0,16.0
91.0,21.0,91.0,24.0,-721.0,911.0,11.0,-711.0,14.785382141410064,12.0,17.0,30000.0,18000.0,36000.0,1.0,25.396865579964746,20.0,25.0,0.0,18000.0,34500.51793154947,36000.0,1.0,25.9584888742172,20.0,26.0,1.0,721.0,15.017407191123008,12.0,17.0,1.0,26843.49353164327,18000.0,36000.0,1.0,20.0,23.422985139792587,25.0,1.0,31307.286392067275,18000.0,36000.0,1.0,23.98002548254016,20.0,26.0,1.0,0.0,91121.0,7.0,18.0
11.0,21.0,11.0,22.0,-121.0,21.0,13.0,-111.0,9.997184574155161,9.0,11.0,30000.0,10000.0,19000.0,0.0,26.49177525629623,16.5,19.0,0.0,10000.0,36489.26874527733,25000.0,0.0,27.79055832767346,17.0,20.0,0.0,121.0,9.987337538726173,9.0,11.0,1.0,13852.194264765634,10000.0,19000.0,1.0,16.5,17.268038624370345,19.0,1.0,20285.774579154528,10000.0,25000.0,1.0,18.555676034479944,17.0,20.0,1.0,0.0,211.0,1.0,24.0
11.0,22.0,11.0,21.0,-121.0,11.0,12.0,-111.0,9.983292023018505,9.0,11.0,30000.0,10000.0,19000.0,0.0,23.757087260213154,16.5,19.0,0.0,10000.0,36538.741836729205,25000.0,0.0,25.061917601477127,17.0,20.0,0.0,121.0,10.0166030740901,9.0,11.0,1.0,14236.192047675808,10000.0,19000.0,1.0,16.5,17.36123912559592,19.0,1.0,20743.057336435653,10000.0,25000.0,1.0,18.659708382724173,17.0,20.0,1.0,0.0,111.0,1.0,45.0
92.0,24.0,92.0,24.0,-721.0,921.0,13.0,-711.0,14.594199814025052,12.0,17.0,30000.0,15000.0,28000.0,0.0,23.15346647723746,19.5,25.0,1.0,15000.0,34476.90673208292,28000.0,0.0,23.713640831404824,20.0,26.0,1.0,721.0,15.21250439326712,12.0,17.0,1.0,21153.982898859147,15000.0,28000.0,1.0,19.5,21.881004153225554,25.0,1.0,25635.353917857356,15000.0,28000.0,1.0,22.441737102688567,20.0,26.0,1.0,0.0,92122.0,7.0,25.0
81.0,21.0,81.0,23.0,-721.0,912.0,12.0,-711.0,15.069801773794024,12.0,17.0,30000.0,12500.0,23000.0,0.0,28.739834126218234,20.0,24.0,0.0,12500.0,34500.286501009046,26000.0,0.0,29.304645530084557,20.0,25.0,0.0,721.0,15.651895249206552,12.0,17.0,1.0,17889.76754503981,12500.0,23000.0,1.0,20.0,22.47694149333808,24.0,1.0,22405.91544713633,12500.0,26000.0,1.0,23.043743592733122,20.0,25.0,1.0,0.0,912.0,7.0,7.0
11.0,22.0,11.0,22.0,-121.0,11.0,11.0,-111.0,10.21080170594956,9.0,11.0,30000.0,10000.0,19000.0,0.0,23.758444601103577,16.5,19.0,0.0,10000.0,36943.24753120257,25000.0,0.0,25.065153570053532,17.0,20.0,0.0,122.0,10.202697855809948,9.0,11.0,1.0,13358.402230775617,10000.0,19000.0,1.0,16.5,17.237274736594557,19.0,1.0,20307.857496477845,10000.0,25000.0,1.0,18.545151992043174,17.0,20.0,1.0,0.0,111.0,1.0,17.0
11.0,21.0,11.0,22.0,-121.0,11.0,11.0,-111.0,10.188034939812422,9.0,11.0,30000.0,10000.0,19000.0,0.0,24.740442959403318,16.5,19.0,0.0,10000.0,37168.88581972756,25000.0,0.0,26.096479018259444,17.0,20.0,0.0,122.0,10.195247938395934,9.0,11.0,1.0,16195.872134865826,10000.0,19000.0,1.0,16.5,17.780912153646007,19.0,1.0,23294.72021215106,10000.0,25000.0,1.0,19.123700169972103,17.0,20.0,1.0,0.0,111.0,1.0,35.0
11.0,22.0,11.0,21.0,-121.0,11.0,12.0,-111.0,9.978993576141402,9.0,11.0,30000.0,10000.0,19000.0,0.0,24.43136686548017,16.5,19.0,0.0,10000.0,36553.09173510777,25000.0,0.0,25.73695216905792,17.0,20.0,0.0,121.0,10.009953156795477,9.0,11.0,1.0,12539.715594901705,10000.0,19000.0,1.0,16.5,16.95843940276805,19.0,1.0,19018.82086402891,10000.0,25000.0,1.0,18.24928423779255,17.0,20.0,1.0,0.0,111.0,1.0,45.0
11.0,21.0,11.0,22.0,-121.0,11.0,11.0,-111.0,10.211902027409288,9.0,11.0,30000.0,10000.0,19000.0,0.0,26.113141453768687,16.5,19.0,0.0,10000.0,37022.28205430852,25000.0,0.0,27.440695433097044,17.0,20.0,0.0,122.0,10.18171890096448,9.0,11.0,1.0,18178.14657765609,10000.0,19000.0,1.0,16.5,18.15771868527755,19.0,1.0,25072.89027620273,10000.0,25000.0,0.0,19.461161691791194,17.0,20.0,1.0,0.0,111.0,1.0,35.0
11.0,22.0,11.0,21.0,-121.0,11.0,11.0,-111.0,10.220844791772274,9.0,11.0,30000.0,10000.0,19000.0,0.0,24.566253660876548,16.5,19.0,0.0,10000.0,37042.72919993831,25000.0,0.0,25.891695095945774,17.0,20.0,0.0,122.0,10.20457359816805,9.0,11.0,1.0,15048.374539806815,10000.0,19000.0,1.0,16.5,17.501920219010454,19.0,1.0,22044.04180382631,10000.0,25000.0,1.0,18.81850459907863,17.0,20.0,1.0,0.0,111.0,1.0,39.0
92.0,24.0,92.0,24.0,-721.0,921.0,13.0,-711.0,15.367525562555157,12.0,17.0,30000.0,15000.0,28000.0,0.0,25.40953209793333,19.5,25.0,0.0,15000.0,33998.71937581811,28000.0,0.0,25.896230101080267,20.0,26.0,1.0,722.0,15.321747255238874,12.0,17.0,1.0,23452.711153742046,15000.0,28000.0,1.0,19.5,22.284786194704395,25.0,1.0,27435.423941253044,15000.0,28000.0,1.0,22.769535980476196,20.0,26.0,1.0,0.0,92122.0,7.0,22.0
91.0,21.0,91.0,24.0,-721.0,911.0,12.0,-711.0,15.13337453780739,12.0,17.0,30000.0,18000.0,36000.0,1.0,24.506237943678727,20.0,25.0,1.0,18000.0,33933.222990679715,36000.0,1.0,24.9850458539154,20.0,26.0,1.0,722.0,15.2027999044341,12.0,17.0,1.0,25398.564375173493,18000.0,36000.0,1.0,20.0,23.349195890373345,25.0,1.0,29324.614310730976,18000.0,36000.0,1.0,23.827130594198575,20.0,26.0,1.0,1.0,91121.0,7.0,26.0
11.0,22.0,11.0,22.0,-121.0,21.0,13.0,-111.0,10.190457190161656,9.0,11.0,30000.0,10000.0,19000.0,0.0,25.570774293162593,16.5,19.0,0.0,10000.0,37012.75616931981,25000.0,0.0,26.896928441263643,17.0,20.0,0.0,122.0,10.182288436883688,9.0,11.0,1.0,13689.15740646247,10000.0,19000.0,1.0,16.5,17.30867551600295,19.0,1.0,20533.997305271227,10000.0,25000.0,1.0,18.603075692727366,17.0,20.0,1.0,0.0,211.0,1.0,41.0
91.0,24.0,91.0,24.0,-721.0,911.0,12.0,-711.0,15.18845733041978,12.0,17.0,30000.0,18000.0,36000.0,1.0,24.69152220723651,20.0,25.0,1.0,18000.0,34067.199911155156,36000.0,1.0,25.18690373373252,20.0,26.0,1.0,722.0,15.25815333969942,12.0,17.0,1.0,27982.67248354845,18000.0,36000.0,1.0,20.0,23.737099826329832,25.0,1.0,32023.4541449281,18000.0,36000.0,1.0,24.229263632235014,20.0,26.0,1.0,1.0,91121.0,7.0,13.0
11.0,22.0,11.0,21.0,-121.0,11.0,11.0,-111.0,9.983586806438057,9.0,11.0,30000.0,10000.0,19000.0,0.0,26.4924163080819,16.5,19.0,0.0,10000.0,36646.54793179106,25000.0,0.0,27.82041798048076,17.0,20.0,0.0,121.0,9.999623763420544,9.0,11.0,1.0,15473.308339486539,10000.0,19000.0,1.0,16.5,17.551583285682604,19.0,1.0,21979.604406937837,10000.0,25000.0,1.0,18.851562184107415,17.0,20.0,1.0,0.0,111.0,1.0,0.0
11.0,22.0,11.0,22.0,-121.0,21.0,13.0,-111.0,10.233988761254116,9.0,11.0,30000.0,10000.0,19000.0,0.0,24.708999167106576,16.5,19.0,0.0,10000.0,37079.99645154461,25000.0,0.0,26.047410972705286,17.0,20.0,0.0,122.0,10.212144841963484,9.0,11.0,1.0,14928.306361775421,10000.0,19000.0,1.0,16.5,17.543111042999477,19.0,1.0,21858.377094331074,10000.0,25000.0,1.0,18.853180694243868,17.0,20.0,1.0,0.0,211.0,1.0,22.0
11.0,21.0,11.0,22.0,-121.0,11.0,12.0,-111.0,9.995338319971117,9.0,11.0,30000.0,10000.0,19000.0,0.0,25.30728011386854,16.5,19.0,0.0,10000.0,36527.68002032103,25000.0,0.0,26.614293780906195,17.0,20.0,0.0,121.0,9.994982478005989,9.0,11.0,1.0,17113.220877614724,10000.0,19000.0,1.0,16.5,17.950576604582107,19.0,1.0,23619.94315911961,10000.0,25000.0,1.0,19.253393979678734,17.0,20.0,1.0,0.0,111.0,1.0,51.0
91.0,24.0,91.0,24.0,-721.0,911.0,11.0,-711.0,14.49820115206871,12.0,17.0,30000.0,18000.0,36000.0,1.0,23.398478914014945,20.0,25.0,1.0,18000.0,34469.28174776764,36000.0,1.0,23.956588563471595,20.0,26.0,1.0,721.0,15.281706162458494,12.0,17.0,1.0,23906.086623398976,18000.0,36000.0,1.0,20.0,23.331391865838533,25.0,1.0,28462.68925503544,18000.0,36000.0,1.0,23.90040586875435,20.0,26.0,1.0,1.0,91121.0,7.0,9.0
11.0,22.0,11.0,22.0,-121.0,11.0,11.0,-111.0,10.200002945214527,9.0,11.0,30000.0,10000.0,19000.0,0.0,26.30634628030986,16.5,19.0,0.0,10000.0,36929.66866242702,25000.0,0.0,27.613413672942492,17.0,20.0,0.0,122.0,10.184314418298767,9.0,11.0,1.0,17834.21750043897,10000.0,19000.0,1.0,16.5,18.0553350616349,19.0,1.0,24870.101173362367,10000.0,25000.0,1.0,19.382436626692066,17.0,20.0,1.0,0.0,111.0,1.0,38.0
11.0,22.0,11.0,21.0,-121.0,11.0,11.0,-111.0,10.210333705953214,9.0,11.0,30000.0,10000.0,19000.0,0.0,24.627791364580254,16.5,19.0,0.0,10000.0,37008.091662857434,25000.0,0.0,25.949557698617607,17.0,20.0,0.0,122.0,10.1994817073701,9.0,11.0,1.0,14339.76483840197,10000.0,19000.0,1.0,16.5,17.36744802681481,19.0,1.0,21225.568509955498,10000.0,25000.0,1.0,18.666150143410597,17.0,20.0,1.0,0.0,111.0,1.0,39.0
11.0,22.0,11.0,21.0,-121.0,21.0,13.0,-111.0,10.20048139648818,9.0,11.0,30000.0,10000.0,19000.0,0.0,24.91739026455818,16.5,19.0,0.0,10000.0,36921.13394906769,25000.0,0.0,26.223241181415503,17.0,20.0,0.0,122.0,10.201074258745859,9.0,11.0,1.0,13299.088039432443,10000.0,19000.0,1.0,16.5,17.183521086859685,19.0,1.0,20347.738368142105,10000.0,25000.0,1.0,18.51343126662034,17.0,20.0,1.0,0.0,211.0,1.0,58.0
91.0,24.0,91.0,24.0,-721.0,911.0,12.0,-711.0,15.02217872289228,12.0,17.0,30000.0,18000.0,36000.0,1.0,24.599275586937736,20.0,25.0,1.0,18000.0,34485.89934353742,36000.0,1.0,25.160198654770117,20.0,26.0,1.0,721.0,13.959981151933427,12.0,17.0,1.0,27226.891127006787,18000.0,36000.0,1.0,20.0,22.361523951919594,25.0,1.0,31797.541953701733,18000.0,36000.0,1.0,22.933044462604663,20.0,26.0,1.0,1.0,91121.0,7.0,13.0
11.0,22.0,11.0,22.0,-121.0,21.0,13.0,-111.0,9.998342152000488,9.0,11.0,30000.0,10000.0,19000.0,0.0,25.42636689711703,16.5,19.0,0.0,10000.0,36518.371174446234,25000.0,0.0,26.732381886096622,17.0,20.0,0.0,121.0,10.006977831377547,9.0,11.0,1.0,13501.541268173127,10000.0,19000.0,1.0,16.5,17.23998622458491,19.0,1.0,19949.23197871034,10000.0,25000.0,1.0,18.531839739352186,17.0,20.0,1.0,0.0,211.0,1.0,31.0
11.0,22.0,11.0,22.0,-121.0,21.0,13.0,-111.0,10.001573673251572,9.0,11.0,30000.0,10000.0,19000.0,0.0,25.4620617964354,16.5,19.0,0.0,10000.0,36564.338034218614,25000.0,0.0,26.774425189994655,17.0,20.0,0.0,121.0,9.981029244099826,9.0,11.0,1.0,14989.52108592842,10000.0,19000.0,1.0,16.5,17.49273983307843,19.0,1.0,21508.808606038794,10000.0,25000.0,1.0,18.796096584190497,17.0,20.0,1.0,0.0,211.0,1.0,21.0
11.0,22.0,11.0,22.0,-121.0,21.0,13.0,-111.0,9.988574036241397,9.0,11.0,30000.0,10000.0,19000.0,0.0,24.991441074264365,16.5,19.0,0.0,10000.0,36519.716266705946,25000.0,0.0,26.29238243803883,17.0,20.0,0.0,121.0,9.992378351685723,9.0,11.0,1.0,15480.678827092182,10000.0,19000.0,1.0,16.5,17.604372237469594,19.0,1.0,21944.255288555178,10000.0,25000.0,1.0,18.894111488788987,17.0,20.0,1.0,0.0,211.0,1.0,16.0
91.0,24.0,91.0,21.0,-721.0,911.0,12.0,-711.0,15.6038105492235,12.0,17.0,30000.0,18000.0,36000.0,1.0,25.15544589625437,20.0,25.0,0.0,18000.0,34522.182621062675,36000.0,1.0,25.720343007717076,20.0,26.0,1.0,721.0,15.000668278234967,12.0,17.0,1.0,25304.437691548417,18000.0,36000.0,1.0,20.0,23.096632180405805,25.0,1.0,29760.4509186742,18000.0,36000.0,1.0,23.653263615173348,20.0,26.0,1.0,0.0,91121.0,7.0,29.0
92.0,24.0,92.0,24.0,-721.0,921.0,13.0,-711.0,15.305673362011545,12.0,17.0,30000.0,15000.0,28000.0,0.0,25.02036434640757,19.5,25.0,0.0,15000.0,33960.49571730905,28000.0,0.0,25.502767894544615,20.0,26.0,1.0,722.0,14.956127652812212,12.0,17.0,1.0,21166.881874117906,15000.0,28000.0,1.0,19.5,21.629828050872327,25.0,1.0,25255.20478254078,15000.0,28000.0,1.0,22.12780144049972,20.0,26.0,1.0,0.0,92122.0,7.0,20.0
11.0,22.0,11.0,22.0,-121.0,11.0,11.0,-111.0,9.995618863102083,9.0,11.0,30000.0,10000.0,19000.0,0.0,23.969593943122852,16.5,19.0,0.0,10000.0,36502.10621890882,25000.0,0.0,25.272617470429136,17.0,20.0,0.0,121.0,10.017382263355287,9.0,11.0,1.0,11894.341109071562,10000.0,19000.0,1.0,16.5,16.892621290591496,19.0,1.0,18376.723218348758,10000.0,25000.0,1.0,18.191692101956225,17.0,20.0,1.0,0.0,111.0,1.0,11.0
11.0,21.0,11.0,22.0,-121.0,11.0,12.0,-111.0,9.993741811631239,9.0,11.0,30000.0,10000.0,19000.0,0.0,25.956800949772234,16.5,19.0,0.0,10000.0,36539.13019113053,25000.0,0.0,27.265632974985763,17.0,20.0,0.0,121.0,9.999497028406092,9.0,11.0,1.0,14665.898430525338,10000.0,19000.0,1.0,16.5,17.4839303328163,19.0,1.0,21281.737616058363,10000.0,25000.0,1.0,18.808115957906477,17.0,20.0,1.0,0.0,111.0,1.0,7.0
92.0,24.0,92.0,24.0,-721.0,921.0,13.0,-711.0,14.593705116608566,12.0,17.0,30000.0,15000.0,28000.0,0.0,23.803337346279307,19.5,25.0,1.0,15000.0,34492.21142391873,28000.0,0.0,24.367124295566764,20.0,26.0,1.0,721.0,14.650294826914228,12.0,17.0,1.0,23198.860952931893,15000.0,28000.0,1.0,19.5,21.64401084421561,25.0,1.0,27669.480537046504,15000.0,28000.0,1.0,22.205087948319058,20.0,26.0,1.0,0.0,92122.0,7.0,20.0
11.0,22.0,11.0,21.0,-121.0,11.0,11.0,-111.0,10.00795292207393,9.0,11.0,30000.0,10000.0,19000.0,0.0,24.657272524478664,16.5,19.0,0.0,10000.0,36543.30360690501,25000.0,0.0,25.965384051650204,17.0,20.0,0.0,121.0,10.015802846313283,9.0,11.0,1.0,14278.736022126619,10000.0,19000.0,1.0,16.5,17.349795690716988,19.0,1.0,20724.91574836307,10000.0,25000.0,1.0,18.638490593580876,17.0,20.0,1.0,0.0,111.0,1.0,0.0
11.0,22.0,11.0,22.0,-121.0,21.0,12.0,-111.0,9.992681866742217,9.0,11.0,30000.0,10000.0,19000.0,0.0,23.99718522179443,16.5,19.0,0.0,10000.0,36552.20261361413,25000.0,0.0,25.306859658782226,17.0,20.0,0.0,121.0,10.015900914237788,9.0,11.0,1.0,17641.563766667896,10000.0,19000.0,1.0,16.5,18.05465662811602,19.0,1.0,24041.73410443685,10000.0,25000.0,1.0,19.333942385599645,17.0,20.0,1.0,0.0,211.0,1.0,25.0
11.0,21.0,11.0,22.0,-121.0,21.0,12.0,-111.0,10.202784646079055,9.0,11.0,30000.0,10000.0,19000.0,0.0,26.030421192392033,16.5,19.0,0.0,10000.0,36896.65169430334,25000.0,0.0,27.327357957189687,17.0,20.0,0.0,122.0,10.188462798526551,9.0,11.0,1.0,15853.299643578774,10000.0,19000.0,1.0,16.5,17.710869312622187,19.0,1.0,22784.01003320728,10000.0,25000.0,1.0,19.014210920825917,17.0,20.0,1.0,0.0,211.0,1.0,37.0
92.0,24.0,92.0,24.0,-721.0,921.0,13.0,-711.0,14.971393985217674,12.0,17.0,30000.0,15000.0,28000.0,0.0,23.9824444637894,19.5,25.0,1.0,15000.0,33874.7589754174,28000.0,0.0,24.457759501708644,20.0,26.0,1.0,722.0,14.949713301327803,12.0,17.0,1.0,22346.920860674076,15000.0,28000.0,1.0,19.5,21.74204643389617,25.0,1.0,26338.24985009592,15000.0,28000.0,1.0,22.231661065926506,20.0,26.0,1.0,0.0,92122.0,7.0,20.0
11.0,21.0,11.0,22.0,-121.0,21.0,13.0,-111.0,10.001194695510597,9.0,11.0,30000.0,10000.0,19000.0,0.0,26.58267428460121,16.5,19.0,0.0,10000.0,36459.05716650335,25000.0,0.0,27.86928555136185,17.0,20.0,0.0,121.0,9.99541212092797,9.0,11.0,1.0,16512.234169007363,10000.0,19000.0,1.0,16.5,17.839231899552416,19.0,1.0,23075.203905500428,10000.0,25000.0,1.0,19.146542020628846,17.0,20.0,1.0,0.0,211.0,1.0,9.0
11.0,22.0,11.0,21.0,-121.0,21.0,12.0,-111.0,10.003081958207089,9.0,11.0,30000.0,10000.0,19000.0,0.0,23.879459980805677,16.5,19.0,0.0,10000.0,36596.88135347045,25000.0,0.0,25.193683551637132,17.0,20.0,0.0,121.0,10.021214622588454,9.0,11.0,1.0,12500.110661466253,10000.0,19000.0,1.0,16.5,16.985966445099816,19.0,1.0,19020.086952826005,10000.0,25000.0,1.0,18.284869072605687,17.0,20.0,1.0,0.0,211.0,1.0,53.0
91.0,24.0,91.0,24.0,-721.0,911.0,11.0,-711.0,14.108409637003858,12.0,17.0,30000.0,18000.0,36000.0,1.0,23.18624274694382,20.0,25.0,1.0,18000.0,34462.25283599044,36000.0,1.0,23.74693152805433,20.0,26.0,1.0,721.0,13.88018870290011,12.0,17.0,1.0,25700.898264080846,18000.0,36000.0,1.0,20.0,22.039900205181358,25.0,1.0,30205.27065240293,18000.0,36000.0,1.0,22.60588137139996,20.0,26.0,1.0,1.0,91121.0,7.0,4.0
11.0,22.0,11.0,22.0,-121.0,11.0,11.0,-111.0,10.176025934919897,9.0,11.0,30000.0,10000.0,19000.0,0.0,24.216538214447247,16.5,19.0,0.0,10000.0,37107.65308744102,25000.0,0.0,25.559990260426616,17.0,20.0,0.0,122.0,10.216449336907273,9.0,11.0,1.0,14412.865772837997,10000.0,19000.0,1.0,16.5,17.493516340633498,19.0,1.0,21450.21162265039,10000.0,25000.0,1.0,18.82367927400744,17.0,20.0,1.0,0.0,111.0,1.0,30.0
11.0,22.0,11.0,21.0,-121.0,21.0,12.0,-111.0,10.202646894330348,9.0,11.0,30000.0,10000.0,19000.0,0.0,24.16555720800948,16.5,19.0,0.0,10000.0,36905.02168918187,25000.0,0.0,25.463948333188256,17.0,20.0,0.0,122.0,10.227541463518023,9.0,11.0,1.0,13273.373895284203,10000.0,19000.0,1.0,16.5,17.167133435469108,19.0,1.0,20230.523674024134,10000.0,25000.0,1.0,18.47532650652167,17.0,20.0,1.0,0.0,211.0,1.0,53.0
11.0,21.0,11.0,22.0,-121.0,21.0,12.0,-111.0,10.197591226668617,9.0,11.0,30000.0,10000.0,19000.0,0.0,25.462228342446515,16.5,19.0,0.0,10000.0,36757.692795801995,25000.0,0.0,26.740425472268736,17.0,20.0,0.0,122.0,10.210285372859854,9.0,11.0,1.0,15071.56015337593,10000.0,19000.0,1.0,16.5,17.580121270135084,19.0,1.0,22048.5286712333,10000.0,25000.0,1.0,18.899793738810377,17.0,20.0,1.0,0.0,211.0,1.0,37.0
11.0,22.0,11.0,21.0,-121.0,11.0,12.0,-111.0,10.205559390884396,9.0,11.0,30000.0,10000.0,19000.0,0.0,24.000398740173424,16.5,19.0,0.0,10000.0,36817.62158813914,25000.0,0.0,25.288354260870427,17.0,20.0,0.0,122.0,10.16356323618551,9.0,11.0,1.0,14796.434458363812,10000.0,19000.0,1.0,16.5,17.472158782998335,19.0,1.0,21768.67265899909,10000.0,25000.0,1.0,18.78932380397067,17.0,20.0,1.0,0.0,111.0,1.0,10.0
11.0,22.0,11.0,22.0,-121.0,11.0,12.0,-111.0,9.990932756365119,9.0,11.0,30000.0,10000.0,19000.0,0.0,23.611184126362453,16.5,19.0,0.0,10000.0,36525.68371183045,25000.0,0.0,24.91749060061489,17.0,20.0,0.0,121.0,9.99453643843582,9.0,11.0,1.0,16796.37876214736,10000.0,19000.0,1.0,16.5,17.86781282111842,19.0,1.0,23276.853347967317,10000.0,25000.0,1.0,19.165069366411576,17.0,20.0,1.0,0.0,111.0,1.0,14.0
11.0,22.0,11.0,22.0,-121.0,11.0,11.0,-111.0,10.191764142598254,9.0,11.0,30000.0,10000.0,19000.0,0.0,26.86653006695576,16.5,19.0,0.0,10000.0,37079.13041955607,25000.0,0.0,28.209338152857814,17.0,20.0,0.0,122.0,10.179786900011994,9.0,11.0,1.0,14540.406126277176,10000.0,19000.0,1.0,16.5,17.47594262759275,19.0,1.0,21507.853871546155,10000.0,25000.0,1.0,18.79756613442933,17.0,20.0,1.0,0.0,111.0,1.0,15.0
81.0,21.0,81.0,23.0,-721.0,912.0,12.0,-711.0,14.930474145478964,12.0,17.0,30000.0,12500.0,23000.0,0.0,26.579236740810387,20.0,24.0,0.0,12500.0,34068.220711135276,26000.0,0.0,27.073849187743754,20.0,25.0,0.0,722.0,15.511633649047084,12.0,17.0,1.0,15681.916934429915,12500.0,23000.0,1.0,20.0,22.01695449046229,24.0,1.0,19629.351749538917,12500.0,26000.0,1.0,22.496881842404356,20.0,25.0,1.0,0.0,912.0,7.0,7.0
11.0,21.0,11.0,22.0,-121.0,21.0,13.0,-111.0,10.190522525773869,9.0,11.0,30000.0,10000.0,19000.0,0.0,26.5962317553682,16.5,19.0,0.0,10000.0,37155.18763757431,25000.0,0.0,27.951820989236754,17.0,20.0,0.0,122.0,10.20441467944022,9.0,11.0,1.0,15134.919990059243,10000.0,19000.0,1.0,16.5,17.591967935762476,19.0,1.0,22151.11377571579,10000.0,25000.0,1.0,18.921224028031194,17.0,20.0,1.0,0.0,211.0,1.0,32.0
81.0,23.0,81.0,21.0,-721.0,912.0,11.0,-711.0,15.148810921112068,12.0,17.0,30000.0,12500.0,23000.0,0.0,26.47255921427203,20.0,24.0,0.0,12500.0,34019.178777676854,26000.0,0.0,26.962813422081357,20.0,25.0,0.0,722.0,15.058228489969542,12.0,17.0,1.0,14644.031918528271,12500.0,23000.0,1.0,20.0,21.242890948025618,24.0,1.0,18687.0963639747,12500.0,26000.0,1.0,21.736058698570442,20.0,25.0,1.0,0.0,912.0,7.0,12.0
11.0,22.0,11.0,21.0,-121.0,11.0,11.0,-111.0,10.213151205999454,9.0,11.0,30000.0,10000.0,19000.0,0.0,26.096345140873066,16.5,19.0,0.0,10000.0,37004.282263282286,25000.0,0.0,27.417518401851815,17.0,20.0,0.0,122.0,10.18661688948461,9.0,11.0,1.0,14928.474080045613,10000.0,19000.0,1.0,16.5,17.468123638377033,19.0,1.0,22200.648901190507,10000.0,25000.0,1.0,18.839827770465686,17.0,20.0,1.0,0.0,111.0,1.0,54.0
11.0,22.0,11.0,21.0,-121.0,11.0,12.0,-111.0,9.984624631985366,9.0,11.0,30000.0,10000.0,19000.0,0.0,25.165998441908734,16.5,19.0,0.0,10000.0,36573.14187464907,25000.0,0.0,26.47646354485257,17.0,20.0,0.0,121.0,10.010942763317628,9.0,11.0,1.0,14967.505240434699,10000.0,19000.0,1.0,16.5,17.468825623666543,19.0,1.0,21615.06355911399,10000.0,25000.0,1.0,18.794126881807774,17.0,20.0,1.0,0.0,111.0,1.0,45.0
11.0,21.0,11.0,22.0,-121.0,21.0,13.0,-111.0,10.189761056288447,9.0,11.0,30000.0,10000.0,19000.0,0.0,27.054268566850553,16.5,19.0,0.0,10000.0,37071.659946178785,25000.0,0.0,28.393960308889678,17.0,20.0,0.0,122.0,10.200685048425507,9.0,11.0,1.0,14502.407420091062,10000.0,19000.0,1.0,16.5,17.51164968156155,19.0,1.0,21511.998701462253,10000.0,25000.0,1.0,18.83958281553482,17.0,20.0,1.0,0.0,211.0,1.0,9.0
11.0,22.0,11.0,22.0,-121.0,21.0,13.0,-111.0,10.20122074454039,9.0,11.0,30000.0,10000.0,19000.0,0.0,26.202518036009526,16.5,19.0,0.0,10000.0,37143.56763062964,25000.0,0.0,27.54365030519109,17.0,20.0,0.0,122.0,10.221057616612796,9.0,11.0,1.0,16183.415971329063,10000.0,19000.0,1.0,16.5,17.812187603184885,19.0,1.0,23248.986541431783,10000.0,25000.0,1.0,19.13867671642775,17.0,20.0,1.0,0.0,211.0,1.0,16.0
11.0,22.0,11.0,21.0,-121.0,11.0,11.0,-111.0,10.20185317349753,9.0,11.0,30000.0,10000.0,19000.0,0.0,24.103391958967336,16.5,19.0,0.0,10000.0,36995.33655090626,25000.0,0.0,25.422226083830136,17.0,20.0,0.0,122.0,10.203827265426941,9.0,11.0,1.0,16997.525486881328,10000.0,19000.0,1.0,16.5,17.89911244825828,19.0,1.0,23946.81199873851,10000.0,25000.0,1.0,19.20926473737133,17.0,20.0,1.0,0.0,111.0,1.0,0.0
11.0,22.0,11.0,22.0,-121.0,21.0,13.0,-111.0,9.992331113982935,9.0,11.0,30000.0,10000.0,19000.0,0.0,25.024618708717,16.5,19.0,0.0,10000.0,36490.27632088576,25000.0,0.0,26.32458220273069,17.0,20.0,0.0,121.0,10.019053025964228,9.0,11.0,1.0,13133.061521716052,10000.0,19000.0,1.0,16.5,17.18486956017653,19.0,1.0,19704.05002605036,10000.0,25000.0,1.0,18.500999221363656,17.0,20.0,1.0,0.0,211.0,1.0,36.0
11.0,22.0,11.0,22.0,-121.0,11.0,11.0,-111.0,9.999205647557405,9.0,11.0,30000.0,10000.0,19000.0,0.0,24.090101483951507,16.5,19.0,0.0,10000.0,36479.97427226772,25000.0,0.0,25.38414789193768,17.0,20.0,0.0,121.0,9.995724948300408,9.0,11.0,1.0,14286.460769525524,10000.0,19000.0,1.0,16.5,17.379367885857263,19.0,1.0,20797.317160135695,10000.0,25000.0,1.0,18.679581431648764,17.0,20.0,1.0,0.0,111.0,1.0,57.0
91.0,24.0,91.0,21.0,-721.0,911.0,12.0,-711.0,15.105053770452104,12.0,17.0,30000.0,18000.0,36000.0,1.0,25.04596141490569,20.0,25.0,0.0,18000.0,34507.06648712315,36000.0,1.0,25.613375673646285,20.0,26.0,1.0,721.0,15.398237056088998,12.0,17.0,1.0,25770.330859111426,18000.0,36000.0,1.0,20.0,23.550617827839083,25.0,1.0,30237.676651436195,18000.0,36000.0,1.0,24.11303147505995,20.0,26.0,1.0,0.0,91121.0,7.0,14.0
11.0,21.0,11.0,21.0,-121.0,11.0,11.0,-111.0,10.199816877652712,9.0,11.0,30000.0,10000.0,19000.0,0.0,24.55554607560582,16.5,19.0,0.0,10000.0,37066.833831031116,25000.0,0.0,25.890647617668307,17.0,20.0,0.0,122.0,10.211037766244974,9.0,11.0,1.0,12496.843353635186,10000.0,19000.0,1.0,16.5,17.032933948180244,19.0,1.0,19432.702293121067,10000.0,25000.0,1.0,18.34329105958898,17.0,20.0,1.0,0.0,111.0,1.0,56.0
91.0,24.0,91.0,21.0,-721.0,911.0,11.0,-711.0,15.000137450049081,12.0,17.0,30000.0,18000.0,36000.0,1.0,24.115603188453484,20.0,25.0,1.0,18000.0,34519.63148897416,36000.0,1.0,24.680148890845004,20.0,26.0,1.0,721.0,14.644080482227258,12.0,17.0,1.0,19850.671506606617,18000.0,36000.0,1.0,20.0,22.089439200553116,25.0,1.0,24404.03238539156,18000.0,36000.0,1.0,22.65819803007866,20.0,26.0,1.0,1.0,91121.0,7.0,15.0
11.0,22.0,11.0,21.0,-121.0,21.0,13.0,-111.0,10.1644057942952,9.0,11.0,30000.0,10000.0,19000.0,0.0,26.10593963897655,16.5,19.0,0.0,10000.0,37091.93325448413,25000.0,0.0,27.444552728420817,17.0,20.0,0.0,122.0,10.177698989049908,9.0,11.0,1.0,12301.39538667587,10000.0,19000.0,1.0,16.5,16.986637459765163,19.0,1.0,19446.292009827535,10000.0,25000.0,1.0,18.335247464862096,17.0,20.0,1.0,0.0,211.0,1.0,2.0
81.0,23.0,81.0,21.0,-721.0,912.0,12.0,-711.0,15.584552003772226,12.0,17.0,30000.0,12500.0,23000.0,0.0,27.92077856843556,20.0,24.0,0.0,12500.0,34526.20601714124,26000.0,0.0,28.48710337979284,20.0,25.0,0.0,721.0,14.860315926346267,12.0,17.0,1.0,15283.83498786868,12500.0,23000.0,1.0,20.0,21.322213801000693,24.0,1.0,19728.48059314538,12500.0,26000.0,1.0,21.878333667048704,20.0,25.0,1.0,0.0,912.0,7.0,11.0
11.0,22.0,11.0,22.0,-121.0,21.0,12.0,-111.0,10.195420321698887,9.0,11.0,30000.0,10000.0,19000.0,0.0,24.80669046766944,16.5,19.0,0.0,10000.0,37070.85406158032,25000.0,0.0,26.142634755931685,17.0,20.0,0.0,122.0,10.207117572538255,9.0,11.0,1.0,16006.37146069149,10000.0,19000.0,1.0,16.5,17.71734760501054,19.0,1.0,23044.484690115787,10000.0,25000.0,1.0,19.047105946379972,17.0,20.0,1.0,0.0,211.0,1.0,48.0
92.0,24.0,92.0,24.0,-721.0,921.0,13.0,-711.0,15.202585538891931,12.0,17.0,30000.0,15000.0,28000.0,0.0,25.42800491442216,19.5,25.0,0.0,15000.0,33948.23419399251,28000.0,0.0,25.909474568642654,20.0,26.0,1.0,722.0,14.96678448708404,12.0,17.0,1.0,21908.136037306023,15000.0,28000.0,1.0,19.5,21.66634682757384,25.0,1.0,25882.182944780903,15000.0,28000.0,1.0,22.150964227754734,20.0,26.0,1.0,0.0,92122.0,7.0,25.0
92.0,24.0,92.0,24.0,-721.0,921.0,13.0,-711.0,15.332241114705885,12.0,17.0,30000.0,15000.0,28000.0,0.0,24.6317704236764,19.5,25.0,1.0,15000.0,34528.40411324521,28000.0,0.0,25.196533763716875,20.0,26.0,1.0,721.0,15.64454145629617,12.0,17.0,1.0,21445.695137263716,15000.0,28000.0,1.0,19.5,22.284598691139117,25.0,1.0,25912.95168058892,15000.0,28000.0,1.0,22.841735965802084,20.0,26.0,1.0,0.0,92122.0,7.0,22.0
92.0,24.0,92.0,24.0,-721.0,921.0,13.0,-711.0,14.621621780016058,12.0,17.0,30000.0,15000.0,28000.0,0.0,24.413148218834426,19.5,25.0,1.0,15000.0,34440.591413349255,28000.0,0.0,24.969380374901725,20.0,26.0,1.0,721.0,15.3452338102187,12.0,17.0,1.0,22360.834862020216,15000.0,28000.0,1.0,19.5,22.176250757478982,25.0,1.0,26934.550646300886,15000.0,28000.0,1.0,22.749158182440798,20.0,26.0,1.0,0.0,92122.0,7.0,22.0
11.0,22.0,11.0,22.0,-121.0,11.0,11.0,-111.0,10.185376818690557,9.0,11.0,30000.0,10000.0,19000.0,0.0,24.971514633949248,16.5,19.0,0.0,10000.0,37054.03323491377,25000.0,0.0,26.297766355433424,17.0,20.0,0.0,122.0,10.21504180163725,9.0,11.0,1.0,16057.255792798911,10000.0,19000.0,1.0,16.5,17.736223643956208,19.0,1.0,22998.80707951799,10000.0,25000.0,1.0,19.04132726867629,17.0,20.0,1.0,0.0,111.0,1.0,27.0
91.0,24.0,91.0,24.0,-721.0,911.0,12.0,-711.0,15.05785897618071,12.0,17.0,30000.0,18000.0,36000.0,1.0,24.616607503112665,20.0,25.0,1.0,18000.0,34509.70313569971,36000.0,1.0,25.178908208078536,20.0,26.0,1.0,721.0,15.460859878881458,12.0,17.0,1.0,27031.476136851288,18000.0,36000.0,1.0,20.0,23.807737090052555,25.0,1.0,31482.88541617224,18000.0,36000.0,1.0,24.362769317349137,20.0,26.0,1.0,1.0,91121.0,7.0,27.0
81.0,23.0,81.0,23.0,-721.0,912.0,12.0,-711.0,14.733666547343226,12.0,17.0,30000.0,12500.0,23000.0,0.0,25.786579090420062,20.0,24.0,0.0,12500.0,34532.93345233113,26000.0,0.0,26.354276670085824,20.0,25.0,0.0,721.0,14.525925842344838,12.0,17.0,1.0,18246.27993934775,12500.0,23000.0,1.0,20.0,21.393895414704655,24.0,1.0,22712.61863692402,12500.0,26000.0,1.0,21.953252770210867,20.0,25.0,1.0,0.0,912.0,7.0,5.0
91.0,24.0,91.0,24.0,-721.0,911.0,11.0,-711.0,15.353309457971273,12.0,17.0,30000.0,18000.0,36000.0,1.0,25.73931550573031,20.0,25.0,0.0,18000.0,34026.04484605496,36000.0,1.0,26.227643403139805,20.0,26.0,0.0,722.0,15.304747500449368,12.0,17.0,1.0,22846.031496797303,18000.0,36000.0,1.0,20.0,23.181045567837913,25.0,1.0,26862.640236268522,18000.0,36000.0,1.0,23.66822893897809,20.0,26.0,1.0,0.0,91121.0,7.0,0.0
91.0,24.0,91.0,21.0,-721.0,911.0,11.0,-711.0,15.232686427674398,12.0,17.0,30000.0,18000.0,36000.0,1.0,24.924032823714867,20.0,25.0,1.0,18000.0,34064.10202872452,36000.0,1.0,25.421406559844492,20.0,26.0,1.0,722.0,15.503405880508017,12.0,17.0,1.0,23780.273560250887,18000.0,36000.0,1.0,20.0,23.36457079592804,25.0,1.0,27802.92984379314,18000.0,36000.0,1.0,23.85687231069553,20.0,26.0,1.0,1.0,91121.0,7.0,21.0
11.0,22.0,11.0,22.0,-121.0,21.0,13.0,-111.0,10.021008864011053,9.0,11.0,30000.0,10000.0,19000.0,0.0,25.905051314082197,16.5,19.0,0.0,10000.0,36510.1879117654,25000.0,0.0,27.2011712432198,17.0,20.0,0.0,121.0,10.007045981401044,9.0,11.0,1.0,14190.134038762393,10000.0,19000.0,1.0,16.5,17.342035754516083,19.0,1.0,20752.164821363906,10000.0,25000.0,1.0,18.648477133508145,17.0,20.0,1.0,0.0,211.0,1.0,47.0
91.0,24.0,91.0,21.0,-721.0,911.0,11.0,-711.0,15.217979457790312,12.0,17.0,30000.0,18000.0,36000.0,1.0,24.351825415012406,20.0,25.0,1.0,18000.0,34011.68346159635,36000.0,1.0,24.841017416100108,20.0,26.0,1.0,722.0,15.12816618210092,12.0,17.0,1.0,24869.276565014075,18000.0,36000.0,1.0,20.0,23.124517545698417,25.0,1.0,28907.56752683512,18000.0,36000.0,1.0,23.61695411391198,20.0,26.0,1.0,1.0,91121.0,7.0,3.0
11.0,21.0,11.0,22.0,-121.0,21.0,13.0,-111.0,9.989285293273369,9.0,11.0,30000.0,10000.0,19000.0,0.0,26.79665594259437,16.5,19.0,0.0,10000.0,36507.03643987333,25000.0,0.0,28.09847287153481,17.0,20.0,0.0,121.0,9.987720064329215,9.0,11.0,1.0,15303.157661001396,10000.0,19000.0,1.0,16.5,17.564069226193066,19.0,1.0,21788.950722451034,10000.0,25000.0,1.0,18.861636142102938,17.0,20.0,1.0,0.0,211.0,1.0,9.0
11.0,22.0,11.0,21.0,-121.0,11.0,11.0,-111.0,10.200690062831885,9.0,11.0,30000.0,10000.0,19000.0,0.0,23.331090063971995,16.5,19.0,0.0,10000.0,36951.79265598397,25000.0,0.0,24.64164807740325,17.0,20.0,0.0,122.0,10.208218063853725,9.0,11.0,1.0,13512.0904592673,10000.0,19000.0,1.0,16.5,17.23922290377739,19.0,1.0,20559.759637106858,10000.0,25000.0,1.0,18.56785564271266,17.0,20.0,1.0,0.0,111.0,1.0,54.0
11.0,22.0,11.0,22.0,-121.0,11.0,11.0,-111.0,9.993309750412324,9.0,11.0,30000.0,10000.0,19000.0,0.0,24.816477198439088,16.5,19.0,0.0,10000.0,36528.00117858313,25000.0,0.0,26.117982030463818,17.0,20.0,0.0,121.0,9.990313636805105,9.0,11.0,1.0,12552.51097993459,10000.0,19000.0,1.0,16.5,16.984374313442327,19.0,1.0,18977.38413698419,10000.0,25000.0,1.0,18.265318239506534,17.0,20.0,1.0,0.0,111.0,1.0,17.0
81.0,23.0,81.0,23.0,-721.0,912.0,12.0,-711.0,14.462717626334948,12.0,17.0,30000.0,12500.0,23000.0,0.0,25.055784110075425,20.0,24.0,0.0,12500.0,34528.43215434223,26000.0,0.0,25.621903890787063,20.0,25.0,0.0,721.0,15.365424513307175,12.0,17.0,1.0,18869.022448236556,12500.0,23000.0,1.0,20.0,22.255111899595114,24.0,1.0,23341.158502823037,12500.0,26000.0,1.0,22.814193850311202,20.0,25.0,1.0,0.0,912.0,7.0,31.0
11.0,22.0,11.0,22.0,-121.0,21.0,13.0,-111.0,10.001613142970731,9.0,11.0,30000.0,10000.0,19000.0,0.0,26.47238508541416,16.5,19.0,0.0,10000.0,36535.54497039343,25000.0,0.0,27.786964037123326,17.0,20.0,0.0,121.0,9.992997865027121,9.0,11.0,1.0,16172.906979638165,10000.0,19000.0,1.0,16.5,17.783410581665116,19.0,1.0,22697.3014754845,10000.0,25000.0,1.0,19.095746693762962,17.0,20.0,1.0,0.0,211.0,1.0,36.0
11.0,22.0,11.0,22.0,-121.0,21.0,13.0,-111.0,10.197574971639117,9.0,11.0,30000.0,10000.0,19000.0,0.0,25.437675781846032,16.5,19.0,0.0,10000.0,36927.575819138176,25000.0,0.0,26.746345815534163,17.0,20.0,0.0,122.0,10.193395214495398,9.0,11.0,1.0,14226.115265150924,10000.0,19000.0,1.0,16.5,17.423766028996795,19.0,1.0,21248.27691670485,10000.0,25000.0,1.0,18.750304022231756,17.0,20.0,1.0,0.0,211.0,1.0,47.0
81.0,21.0,81.0,23.0,-721.0,912.0,12.0,-711.0,15.251385455182438,12.0,17.0,30000.0,12500.0,23000.0,0.0,26.921158601567498,20.0,24.0,0.0,12500.0,34515.63784292811,26000.0,0.0,27.485815878744862,20.0,25.0,0.0,721.0,14.997741113980695,12.0,17.0,1.0,16250.338018160603,12500.0,23000.0,1.0,20.0,21.642139321887704,24.0,1.0,20703.8847329173,12500.0,26000.0,1.0,22.199032422975293,20.0,25.0,1.0,0.0,912.0,7.0,7.0
11.0,22.0,11.0,22.0,-121.0,11.0,11.0,-111.0,10.190331757475237,9.0,11.0,30000.0,10000.0,19000.0,0.0,25.621341812824994,16.5,19.0,0.0,10000.0,37096.87983263423,25000.0,0.0,26.968010816402742,17.0,20.0,0.0,122.0,10.205425642537199,9.0,11.0,1.0,15996.485193666182,10000.0,19000.0,1.0,16.5,17.775299267754715,19.0,1.0,22883.31609283941,10000.0,25000.0,1.0,19.082110419065366,17.0,20.0,1.0,0.0,111.0,1.0,50.0
11.0,21.0,11.0,22.0,-121.0,21.0,13.0,-111.0,10.202409041158827,9.0,11.0,30000.0,10000.0,19000.0,0.0,27.204470125136453,16.5,19.0,0.0,10000.0,37039.46332813341,25000.0,0.0,28.524835499131623,17.0,20.0,0.0,122.0,10.205153463194705,9.0,11.0,1.0,12933.526282729727,10000.0,19000.0,1.0,16.5,17.157883180595388,19.0,1.0,19900.907531257548,10000.0,25000.0,1.0,18.46472839295886,17.0,20.0,1.0,0.0,211.0,1.0,59.0
81.0,21.0,81.0,21.0,-721.0,912.0,12.0,-711.0,15.205752309435322,12.0,17.0,30000.0,12500.0,23000.0,0.0,26.731541905277307,20.0,24.0,0.0,12500.0,34024.12599120535,26000.0,0.0,27.22235988175463,20.0,25.0,0.0,722.0,15.186373265667681,12.0,17.0,1.0,15142.321042798721,12500.0,23000.0,1.0,20.0,21.54841847157846,24.0,1.0,19103.15551182894,12500.0,26000.0,1.0,22.03151685455646,20.0,25.0,1.0,0.0,912.0,7.0,6.0
91.0,24.0,91.0,24.0,-721.0,911.0,11.0,-711.0,15.031217275450905,12.0,17.0,30000.0,18000.0,36000.0,1.0,24.313830901572146,20.0,25.0,1.0,18000.0,34503.06130872762,36000.0,1.0,24.875736729703306,20.0,26.0,1.0,721.0,15.891513621443268,12.0,17.0,1.0,25456.276714658434,18000.0,36000.0,1.0,20.0,24.04059829467556,25.0,1.0,30019.19841291014,18000.0,36000.0,1.0,24.609973686164118,20.0,26.0,1.0,1.0,91121.0,7.0,4.0
11.0,22.0,11.0,22.0,-121.0,21.0,13.0,-111.0,10.185018059839068,9.0,11.0,30000.0,10000.0,19000.0,0.0,24.598815071618944,16.5,19.0,0.0,10000.0,37029.25117445881,25000.0,0.0,25.925426263377716,17.0,20.0,0.0,122.0,10.215842407746086,9.0,11.0,1.0,13695.697452222192,10000.0,19000.0,1.0,16.5,17.348279581621014,19.0,1.0,20661.77303268964,10000.0,25000.0,1.0,18.662967817725637,17.0,20.0,1.0,0.0,211.0,1.0,5.0
11.0,22.0,11.0,22.0,-121.0,11.0,11.0,-111.0,10.249546665358716,9.0,11.0,30000.0,10000.0,19000.0,0.0,22.975743920559147,16.5,19.0,0.0,10000.0,37072.799098788375,25000.0,0.0,24.308004993037486,17.0,20.0,0.0,122.0,10.181353438825496,9.0,11.0,1.0,16491.99619775633,10000.0,19000.0,1.0,16.5,17.846592190747977,19.0,1.0,23588.13272426088,10000.0,25000.0,1.0,19.18324919559252,17.0,20.0,1.0,0.0,111.0,1.0,17.0
11.0,22.0,11.0,22.0,-121.0,11.0,11.0,-111.0,9.990869681642003,9.0,11.0,30000.0,10000.0,19000.0,0.0,24.001215720300173,16.5,19.0,0.0,10000.0,36528.702906416394,25000.0,0.0,25.30639621903867,17.0,20.0,0.0,121.0,10.012650695919557,9.0,11.0,1.0,14406.527649133344,10000.0,19000.0,1.0,16.5,17.41535303336121,19.0,1.0,20949.591420494133,10000.0,25000.0,1.0,18.723404473102708,17.0,20.0,1.0,0.0,111.0,1.0,44.0
11.0,22.0,11.0,22.0,-121.0,21.0,12.0,-111.0,10.011154686193102,9.0,11.0,30000.0,10000.0,19000.0,0.0,24.276367380428965,16.5,19.0,0.0,10000.0,36438.44404504739,25000.0,0.0,25.55976498046666,17.0,20.0,0.0,121.0,10.003901122715291,9.0,11.0,1.0,17847.63928216538,10000.0,19000.0,1.0,16.5,18.104365600520126,19.0,1.0,24336.143473017582,10000.0,25000.0,1.0,19.397741864740336,17.0,20.0,1.0,0.0,211.0,1.0,23.0
92.0,24.0,92.0,24.0,-721.0,921.0,13.0,-711.0,15.07038939389837,12.0,17.0,30000.0,15000.0,28000.0,0.0,24.618818401254906,19.5,25.0,1.0,15000.0,34049.3137697065,28000.0,0.0,25.113964754557976,20.0,26.0,1.0,722.0,15.129335289361988,12.0,17.0,1.0,19657.551664613788,15000.0,28000.0,1.0,19.5,21.64262641703032,25.0,1.0,23633.087070559697,15000.0,28000.0,1.0,22.128751220054422,20.0,26.0,1.0,0.0,92122.0,7.0,25.0
11.0,22.0,11.0,22.0,-121.0,21.0,13.0,-111.0,10.015045747162135,9.0,11.0,30000.0,10000.0,19000.0,0.0,26.285890951331247,16.5,19.0,0.0,10000.0,36539.13257062889,25000.0,0.0,27.599038495665454,17.0,20.0,0.0,121.0,10.009581571639567,9.0,11.0,1.0,14849.909062642982,10000.0,19000.0,1.0,16.5,17.47349455802398,19.0,1.0,21313.528425958782,10000.0,25000.0,1.0,18.771478014204757,17.0,20.0,1.0,0.0,211.0,1.0,5.0
11.0,21.0,11.0,22.0,-121.0,21.0,13.0,-111.0,10.005755310740488,9.0,11.0,30000.0,10000.0,19000.0,0.0,27.140858584269658,16.5,19.0,0.0,10000.0,36447.83933692133,25000.0,0.0,28.429693663301144,17.0,20.0,0.0,121.0,9.994527929678814,9.0,11.0,1.0,16040.908219976141,10000.0,19000.0,1.0,16.5,17.72339553602737,19.0,1.0,22598.350181318492,10000.0,25000.0,1.0,19.034138683750776,17.0,20.0,1.0,0.0,211.0,1.0,24.0
11.0,22.0,11.0,22.0,-121.0,11.0,11.0,-111.0,10.005704855728665,9.0,11.0,30000.0,10000.0,19000.0,0.0,23.019436058215476,16.5,19.0,0.0,10000.0,36543.377481322634,25000.0,0.0,24.331162653199193,17.0,20.0,0.0,121.0,9.987857099848597,9.0,11.0,1.0,16361.910056525983,10000.0,19000.0,1.0,16.5,17.798370825031302,19.0,1.0,22936.37845724023,10000.0,25000.0,1.0,19.116330101217482,17.0,20.0,1.0,0.0,111.0,1.0,27.0
91.0,21.0,91.0,24.0,-721.0,911.0,12.0,-711.0,15.481269553277489,12.0,17.0,30000.0,18000.0,36000.0,1.0,24.91434543697455,20.0,25.0,1.0,18000.0,33988.43490838439,36000.0,1.0,25.401873126618256,20.0,26.0,1.0,722.0,14.985141700621366,12.0,17.0,1.0,28975.159954093768,18000.0,36000.0,1.0,20.0,23.630144321782648,25.0,1.0,32950.96917700869,18000.0,36000.0,1.0,24.116128706493846,20.0,26.0,1.0,1.0,91121.0,7.0,26.0
11.0,21.0,11.0,22.0,-121.0,11.0,11.0,-111.0,10.175091674327147,9.0,11.0,30000.0,10000.0,19000.0,0.0,24.848104234837283,16.5,19.0,0.0,10000.0,37127.173677939565,25000.0,0.0,26.187745729197818,17.0,20.0,0.0,122.0,10.205621031427295,9.0,11.0,1.0,16910.666088852744,10000.0,19000.0,1.0,16.5,17.904234165737847,19.0,1.0,23920.351522137564,10000.0,25000.0,1.0,19.2217922740675,17.0,20.0,1.0,0.0,111.0,1.0,43.0
11.0,21.0,11.0,21.0,-121.0,21.0,12.0,-111.0,10.001791746959423,9.0,11.0,30000.0,10000.0,19000.0,0.0,25.82588395976881,16.5,19.0,0.0,10000.0,36590.60500503814,25000.0,0.0,27.145814754022926,17.0,20.0,0.0,121.0,9.982592616034411,9.0,11.0,1.0,14689.575639397008,10000.0,19000.0,1.0,16.5,17.404392107638902,19.0,1.0,21242.92997913198,10000.0,25000.0,1.0,18.716862539725582,17.0,20.0,1.0,0.0,211.0,1.0,6.0
11.0,22.0,11.0,21.0,-121.0,11.0,11.0,-111.0,9.985685530903414,9.0,11.0,30000.0,10000.0,19000.0,0.0,26.205960421564676,16.5,19.0,0.0,10000.0,36546.97852496907,25000.0,0.0,27.523948256802427,17.0,20.0,0.0,121.0,9.984358706556705,9.0,11.0,1.0,14367.181929725533,10000.0,19000.0,1.0,16.5,17.333733667434032,19.0,1.0,20891.948201383355,10000.0,25000.0,1.0,18.647249901070253,17.0,20.0,1.0,0.0,111.0,1.0,39.0
81.0,23.0,81.0,23.0,-721.0,912.0,11.0,-711.0,15.427648159098617,12.0,17.0,30000.0,12500.0,23000.0,0.0,27.0164375857592,20.0,24.0,0.0,12500.0,34038.54412201232,26000.0,0.0,27.50993684756604,20.0,25.0,0.0,722.0,15.155986874918103,12.0,17.0,1.0,17201.853790199122,12500.0,23000.0,1.0,20.0,21.793958062826068,24.0,1.0,21188.751520388025,12500.0,26000.0,1.0,22.28114627404888,20.0,25.0,1.0,0.0,912.0,7.0,17.0
11.0,22.0,11.0,22.0,-121.0,21.0,12.0,-111.0,10.013021011203158,9.0,11.0,30000.0,10000.0,19000.0,0.0,24.927934951875905,16.5,19.0,0.0,10000.0,36465.611889038584,25000.0,0.0,26.221844563358193,17.0,20.0,0.0,121.0,9.993536710745545,9.0,11.0,1.0,16503.325465964837,10000.0,19000.0,1.0,16.5,17.82638214753745,19.0,1.0,23002.412825117877,10000.0,25000.0,1.0,19.126990928916314,17.0,20.0,1.0,0.0,211.0,1.0,25.0
11.0,22.0,11.0,21.0,-121.0,21.0,13.0,-111.0,10.195205099466525,9.0,11.0,30000.0,10000.0,19000.0,0.0,26.119940109003682,16.5,19.0,0.0,10000.0,37068.7492113606,25000.0,0.0,27.449561130681623,17.0,20.0,0.0,122.0,10.175685618811539,9.0,11.0,1.0,11849.76751683721,10000.0,19000.0,1.0,16.5,16.856447818236802,19.0,1.0,18929.697501792234,10000.0,25000.0,1.0,18.188171926495585,17.0,20.0,1.0,0.0,211.0,1.0,58.0
11.0,22.0,11.0,22.0,-121.0,21.0,13.0,-111.0,9.998620413926407,9.0,11.0,30000.0,10000.0,19000.0,0.0,24.451061965446975,16.5,19.0,0.0,10000.0,36494.838905924684,25000.0,0.0,25.749539693082557,17.0,20.0,0.0,121.0,10.00708885325684,9.0,11.0,1.0,13130.59435943497,10000.0,19000.0,1.0,16.5,17.155816093494593,19.0,1.0,19632.795670496365,10000.0,25000.0,1.0,18.4557657466437,17.0,20.0,1.0,0.0,211.0,1.0,31.0
91.0,24.0,91.0,24.0,-721.0,911.0,11.0,-711.0,15.162689237762297,12.0,17.0,30000.0,18000.0,36000.0,1.0,25.05277088370407,20.0,25.0,0.0,18000.0,34026.20983356349,36000.0,1.0,25.543958330848742,20.0,26.0,1.0,722.0,15.3387623647604,12.0,17.0,1.0,23998.648545824974,18000.0,36000.0,1.0,20.0,23.214155527411997,25.0,1.0,28024.76687314243,18000.0,36000.0,1.0,23.705331811025395,20.0,26.0,1.0,0.0,91121.0,7.0,4.0
81.0,23.0,81.0,21.0,-721.0,912.0,11.0,-711.0,15.191584085382763,12.0,17.0,30000.0,12500.0,23000.0,0.0,27.253171930356963,20.0,24.0,0.0,12500.0,34087.47675448086,26000.0,0.0,27.750345779437747,20.0,25.0,0.0,722.0,15.143957387408802,12.0,17.0,1.0,14026.71737906672,12500.0,23000.0,1.0,20.0,21.31754186976092,24.0,1.0,18030.146639392773,12500.0,26000.0,1.0,21.804492733199346,20.0,25.0,1.0,0.0,912.0,7.0,12.0
11.0,21.0,11.0,22.0,-121.0,21.0,13.0,-111.0,10.196793214380975,9.0,11.0,30000.0,10000.0,19000.0,0.0,25.84636979982077,16.5,19.0,0.0,10000.0,37074.58851940242,25000.0,0.0,27.16834955071481,17.0,20.0,0.0,122.0,10.20961019880425,9.0,11.0,1.0,13517.929940487997,10000.0,19000.0,1.0,16.5,17.252247337797627,19.0,1.0,20489.358352661628,10000.0,25000.0,1.0,18.55495026821193,17.0,20.0,1.0,0.0,211.0,1.0,24.0
11.0,22.0,11.0,22.0,-121.0,11.0,11.0,-111.0,10.180088295631082,9.0,11.0,30000.0,10000.0,19000.0,0.0,24.30587716343927,16.5,19.0,0.0,10000.0,36975.744905518055,25000.0,0.0,25.619493124804542,17.0,20.0,0.0,122.0,10.209447517482815,9.0,11.0,1.0,13192.474707579891,10000.0,19000.0,1.0,16.5,17.26543885035204,19.0,1.0,20186.02282121581,10000.0,25000.0,1.0,18.582407368134426,17.0,20.0,1.0,0.0,111.0,1.0,30.0
11.0,21.0,11.0,22.0,-121.0,11.0,11.0,-111.0,10.009743834320162,9.0,11.0,30000.0,10000.0,19000.0,0.0,23.91383928612907,16.5,19.0,0.0,10000.0,36499.793343466146,25000.0,0.0,25.21498530958515,17.0,20.0,0.0,121.0,9.99463189014355,9.0,11.0,1.0,12777.962234051214,10000.0,19000.0,1.0,16.5,17.081557237509276,19.0,1.0,19285.12606892328,10000.0,25000.0,1.0,18.384178705656744,17.0,20.0,1.0,0.0,111.0,1.0,43.0
91.0,24.0,91.0,21.0,-721.0,911.0,12.0,-711.0,15.013417945520601,12.0,17.0,30000.0,18000.0,36000.0,1.0,24.505969052817328,20.0,25.0,1.0,18000.0,33984.00348160748,36000.0,1.0,24.99306627317696,20.0,26.0,1.0,722.0,15.267947528802997,12.0,17.0,1.0,26620.611780428888,18000.0,36000.0,1.0,20.0,23.4640321874569,25.0,1.0,30541.20815768624,18000.0,36000.0,1.0,23.943377049059173,20.0,26.0,1.0,1.0,91121.0,7.0,14.0
11.0,22.0,11.0,22.0,-121.0,21.0,13.0,-111.0,9.999681329123794,9.0,11.0,30000.0,10000.0,19000.0,0.0,27.23453607887955,16.5,19.0,0.0,10000.0,36514.71378581056,25000.0,0.0,28.52966937646934,17.0,20.0,0.0,121.0,9.994722736604038,9.0,11.0,1.0,13705.745012430429,10000.0,19000.0,1.0,16.5,17.23356288255117,19.0,1.0,20181.48924667548,10000.0,25000.0,1.0,18.520948984257302,17.0,20.0,1.0,0.0,211.0,1.0,21.0
11.0,22.0,11.0,22.0,-121.0,11.0,12.0,-111.0,10.209720486574971,9.0,11.0,30000.0,10000.0,19000.0,0.0,25.014221959156114,16.5,19.0,0.0,10000.0,37036.88064715492,25000.0,0.0,26.339948070623862,17.0,20.0,0.0,122.0,10.197826740539272,9.0,11.0,1.0,15861.184457624859,10000.0,19000.0,1.0,16.5,17.71562035278978,19.0,1.0,22813.047551506934,10000.0,25000.0,1.0,19.02532942546457,17.0,20.0,1.0,0.0,111.0,1.0,14.0
91.0,24.0,91.0,21.0,-721.0,911.0,11.0,-711.0,15.061303575618506,12.0,17.0,30000.0,18000.0,36000.0,1.0,24.212895313431233,20.0,25.0,1.0,18000.0,34448.472015872016,36000.0,1.0,24.770636538958982,20.0,26.0,1.0,721.0,14.253999785442597,12.0,17.0,1.0,23644.712263298654,18000.0,36000.0,1.0,20.0,22.188584714909787,25.0,1.0,28222.416265027794,18000.0,36000.0,1.0,22.76252880872853,20.0,26.0,1.0,1.0,91121.0,7.0,3.0
81.0,23.0,81.0,23.0,-721.0,912.0,12.0,-711.0,14.279223891074604,12.0,17.0,30000.0,12500.0,23000.0,0.0,25.17215239567462,20.0,24.0,0.0,12500.0,34482.962354876145,26000.0,0.0,25.729983001449376,20.0,25.0,0.0,721.0,15.748087475734055,12.0,17.0,1.0,16690.0854974056,12500.0,23000.0,1.0,20.0,22.413677644168487,24.0,1.0,21122.542827034667,12500.0,26000.0,1.0,22.965223733902732,20.0,25.0,1.0,0.0,912.0,7.0,5.0
11.0,22.0,11.0,21.0,-121.0,21.0,13.0,-111.0,9.993169743934173,9.0,11.0,30000.0,10000.0,19000.0,0.0,25.18868410382386,16.5,19.0,0.0,10000.0,36554.019346128756,25000.0,0.0,26.496469022904886,17.0,20.0,0.0,121.0,9.992353638517177,9.0,11.0,1.0,15213.866048160819,10000.0,19000.0,1.0,16.5,17.490490698008493,19.0,1.0,21797.90437666895,10000.0,25000.0,1.0,18.80426558604881,17.0,20.0,1.0,0.0,211.0,1.0,33.0
11.0,22.0,11.0,21.0,-121.0,11.0,12.0,-111.0,10.002130249209271,9.0,11.0,30000.0,10000.0,19000.0,0.0,24.55051048358881,16.5,19.0,0.0,10000.0,36535.73157945652,25000.0,0.0,25.864557986180767,17.0,20.0,0.0,121.0,10.003049686107618,9.0,11.0,1.0,15253.243210205752,10000.0,19000.0,1.0,16.5,17.56122063558176,19.0,1.0,21671.713467918486,10000.0,25000.0,1.0,18.851692055662557,17.0,20.0,1.0,0.0,111.0,1.0,10.0
11.0,22.0,11.0,22.0,-121.0,21.0,13.0,-111.0,10.20624155699108,9.0,11.0,30000.0,10000.0,19000.0,0.0,25.517397220444288,16.5,19.0,0.0,10000.0,36836.52481354498,25000.0,0.0,26.806638208527648,17.0,20.0,0.0,122.0,10.21980386467444,9.0,11.0,1.0,15098.371204833069,10000.0,19000.0,1.0,16.5,17.58837901972428,19.0,1.0,22217.421619178007,10000.0,25000.0,1.0,18.93089906327344,17.0,20.0,1.0,0.0,211.0,1.0,47.0
11.0,22.0,11.0,22.0,-121.0,21.0,13.0,-111.0,10.206190103162065,9.0,11.0,30000.0,10000.0,19000.0,0.0,24.612820687741497,16.5,19.0,0.0,10000.0,37051.9727882284,25000.0,0.0,25.938195391708476,17.0,20.0,0.0,122.0,10.204629278998521,9.0,11.0,1.0,13277.501639449307,10000.0,19000.0,1.0,16.5,17.231692554922212,19.0,1.0,20273.474617870525,10000.0,25000.0,1.0,18.546542440717843,17.0,20.0,1.0,0.0,211.0,1.0,16.0
91.0,24.0,91.0,24.0,-721.0,911.0,12.0,-711.0,15.197051593357092,12.0,17.0,30000.0,18000.0,36000.0,1.0,24.200311172128863,20.0,25.0,1.0,18000.0,34011.51720001085,36000.0,1.0,24.689805182604314,20.0,26.0,1.0,722.0,14.918795184373701,12.0,17.0,1.0,23055.494971155837,18000.0,36000.0,1.0,20.0,22.829642747245757,25.0,1.0,27067.874560165987,18000.0,36000.0,1.0,23.319241988293285,20.0,26.0,1.0,1.0,91121.0,7.0,24.0
91.0,24.0,91.0,24.0,-721.0,911.0,11.0,-711.0,14.667523717371026,12.0,17.0,30000.0,18000.0,36000.0,1.0,23.141215038144757,20.0,25.0,1.0,18000.0,34497.88158474173,36000.0,1.0,23.70723546262847,20.0,26.0,1.0,721.0,14.824240361268103,12.0,17.0,1.0,24632.89376332449,18000.0,36000.0,1.0,20.0,22.903312587328596,25.0,1.0,29186.508272029554,18000.0,36000.0,1.0,23.476346529772957,20.0,26.0,1.0,1.0,91121.0,7.0,28.0
11.0,21.0,11.0,22.0,-121.0,11.0,11.0,-111.0,9.995380877431911,9.0,11.0,30000.0,10000.0,19000.0,0.0,24.919763451117067,16.5,19.0,0.0,10000.0,36419.45322037433,25000.0,0.0,26.201899648309585,17.0,20.0,0.0,121.0,10.004718236531184,9.0,11.0,1.0,15612.417085219406,10000.0,19000.0,1.0,16.5,17.659973580581287,19.0,1.0,22086.19341230271,10000.0,25000.0,1.0,18.95295955252323,17.0,20.0,1.0,0.0,111.0,1.0,43.0
11.0,22.0,11.0,21.0,-121.0,11.0,12.0,-111.0,9.99244271694484,9.0,11.0,30000.0,10000.0,19000.0,0.0,24.244625768098004,16.5,19.0,0.0,10000.0,36574.173725943794,25000.0,0.0,25.556428585129158,17.0,20.0,0.0,121.0,10.009524854022342,9.0,11.0,1.0,13519.472937043995,10000.0,19000.0,1.0,16.5,17.186353943589594,19.0,1.0,19947.84715258232,10000.0,25000.0,1.0,18.469064099482683,17.0,20.0,1.0,0.0,111.0,1.0,46.0
11.0,22.0,11.0,22.0,-121.0,21.0,13.0,-111.0,10.1503613813179,9.0,11.0,30000.0,10000.0,19000.0,0.0,25.479507524292238,16.5,19.0,0.0,10000.0,37110.3597206908,25000.0,0.0,26.820029781200425,17.0,20.0,0.0,122.0,10.213566166343627,9.0,11.0,1.0,14579.204598619206,10000.0,19000.0,1.0,16.5,17.47529031145214,19.0,1.0,21579.862308422158,10000.0,25000.0,1.0,18.795130353535836,17.0,20.0,1.0,0.0,211.0,1.0,19.0
11.0,22.0,11.0,21.0,-121.0,11.0,11.0,-111.0,9.994072135533038,9.0,11.0,30000.0,10000.0,19000.0,0.0,25.897187556410906,16.5,19.0,0.0,10000.0,36579.27817256947,25000.0,0.0,27.216629817661627,17.0,20.0,0.0,121.0,9.992861990249024,9.0,11.0,1.0,14200.785019937213,10000.0,19000.0,1.0,16.5,17.29268109901051,19.0,1.0,20660.926261102126,10000.0,25000.0,1.0,18.58823102769103,17.0,20.0,1.0,0.0,111.0,1.0,54.0
11.0,22.0,11.0,22.0,-121.0,21.0,13.0,-111.0,10.18223835125724,9.0,11.0,30000.0,10000.0,19000.0,0.0,25.21622890151375,16.5,19.0,0.0,10000.0,37042.50446953219,25000.0,0.0,26.544309446068265,17.0,20.0,0.0,122.0,10.194408672634378,9.0,11.0,1.0,13800.184091820818,10000.0,19000.0,1.0,16.5,17.32510196109908,19.0,1.0,20665.80186416217,10000.0,25000.0,1.0,18.619825085413964,17.0,20.0,1.0,0.0,211.0,1.0,3.0
11.0,22.0,11.0,22.0,-121.0,21.0,13.0,-111.0,10.002585345689631,9.0,11.0,30000.0,10000.0,19000.0,0.0,26.178444468258057,16.5,19.0,0.0,10000.0,36396.26356269613,25000.0,0.0,27.456993112443023,17.0,20.0,0.0,121.0,10.000163635508837,9.0,11.0,1.0,13755.886453118634,10000.0,19000.0,1.0,16.5,17.27761489014585,19.0,1.0,20261.87562516673,10000.0,25000.0,1.0,18.57809657816089,17.0,20.0,1.0,0.0,211.0,1.0,41.0
11.0,21.0,11.0,22.0,-121.0,21.0,13.0,-111.0,10.011714705705495,9.0,11.0,30000.0,10000.0,19000.0,0.0,27.328343302044487,16.5,19.0,0.0,10000.0,36416.0409423847,25000.0,0.0,28.617964804835548,17.0,20.0,0.0,121.0,9.991250656736572,9.0,11.0,1.0,13521.302718992705,10000.0,19000.0,1.0,16.5,17.20932376673577,19.0,1.0,20011.800381028886,10000.0,25000.0,1.0,18.513911038534868,17.0,20.0,1.0,0.0,211.0,1.0,24.0
11.0,22.0,11.0,22.0,-121.0,11.0,11.0,-111.0,10.018409100369393,9.0,11.0,30000.0,10000.0,19000.0,0.0,25.320495117921883,16.5,19.0,0.0,10000.0,36479.75555305468,25000.0,0.0,26.607855112635697,17.0,20.0,0.0,121.0,10.014976768916044,9.0,11.0,1.0,16371.787497997086,10000.0,19000.0,1.0,16.5,17.79082886725213,19.0,1.0,22888.96057626984,10000.0,25000.0,1.0,19.085622757376434,17.0,20.0,1.0,0.0,111.0,1.0,15.0
11.0,22.0,11.0,22.0,-121.0,21.0,12.0,-111.0,10.00222382589901,9.0,11.0,30000.0,10000.0,19000.0,0.0,23.77524768610788,16.5,19.0,0.0,10000.0,36499.88969998429,25000.0,0.0,25.078293293168553,17.0,20.0,0.0,121.0,9.984386955282499,9.0,11.0,1.0,15828.752961496924,10000.0,19000.0,1.0,16.5,17.726395614215782,19.0,1.0,22344.79716353231,10000.0,25000.0,1.0,19.032679745913573,17.0,20.0,1.0,0.0,211.0,1.0,23.0
11.0,22.0,11.0,21.0,-121.0,11.0,11.0,-111.0,9.994840842869987,9.0,11.0,30000.0,10000.0,19000.0,0.0,23.978825983629516,16.5,19.0,0.0,10000.0,36567.44255250442,25000.0,0.0,25.29515149340872,17.0,20.0,0.0,121.0,10.012814282555873,9.0,11.0,1.0,15928.393060009808,10000.0,19000.0,1.0,16.5,17.688040795036223,19.0,1.0,22317.829728145352,10000.0,25000.0,1.0,18.9686882330832,17.0,20.0,1.0,0.0,111.0,1.0,1.0
11.0,22.0,11.0,22.0,-121.0,11.0,12.0,-111.0,10.178493617134498,9.0,11.0,30000.0,10000.0,19000.0,0.0,24.750086711842865,16.5,19.0,0.0,10000.0,37201.26365609072,25000.0,0.0,26.1025258222503,17.0,20.0,0.0,122.0,10.184035302558659,9.0,11.0,1.0,15671.34807405763,10000.0,19000.0,1.0,16.5,17.65957861192935,19.0,1.0,22855.966612222204,10000.0,25000.0,1.0,19.008891672582777,17.0,20.0,1.0,0.0,111.0,1.0,42.0
11.0,22.0,11.0,22.0,-121.0,21.0,13.0,-111.0,10.010537469921283,9.0,11.0,30000.0,10000.0,19000.0,0.0,25.6354870486227,16.5,19.0,0.0,10000.0,36416.96863242975,25000.0,0.0,26.913176530035315,17.0,20.0,0.0,121.0,9.993175626926115,9.0,11.0,1.0,12936.587705859662,10000.0,19000.0,1.0,16.5,17.09518675688404,19.0,1.0,19435.681329963358,10000.0,25000.0,1.0,18.38922823314553,17.0,20.0,1.0,0.0,211.0,1.0,41.0
11.0,22.0,11.0,22.0,-121.0,11.0,12.0,-111.0,10.230670086533038,9.0,11.0,30000.0,10000.0,19000.0,0.0,24.827511336252478,16.5,19.0,0.0,10000.0,36909.62063710329,25000.0,0.0,26.132124234841932,17.0,20.0,0.0,122.0,10.191152593931209,9.0,11.0,1.0,15698.141879531246,10000.0,19000.0,1.0,16.5,17.673204642193685,19.0,1.0,22521.817292571723,10000.0,25000.0,1.0,18.96159013065842,17.0,20.0,1.0,0.0,111.0,1.0,49.0
11.0,21.0,11.0,22.0,-121.0,21.0,13.0,-111.0,10.034816266433362,9.0,11.0,30000.0,10000.0,19000.0,0.0,27.792480989443703,16.5,19.0,0.0,10000.0,36501.92368826586,25000.0,0.0,29.088677179302824,17.0,20.0,0.0,121.0,9.994777553973886,9.0,11.0,1.0,14503.338849821963,10000.0,19000.0,1.0,16.5,17.40794481435666,19.0,1.0,20982.355621133494,10000.0,25000.0,1.0,18.699574377490954,17.0,20.0,1.0,0.0,211.0,1.0,52.0
11.0,22.0,11.0,22.0,-121.0,21.0,13.0,-111.0,9.991921680129273,9.0,11.0,30000.0,10000.0,19000.0,0.0,25.84082737681043,16.5,19.0,0.0,10000.0,36500.58064171515,25000.0,0.0,27.14507164198979,17.0,20.0,0.0,121.0,10.004474052762378,9.0,11.0,1.0,14623.050764378877,10000.0,19000.0,1.0,16.5,17.46791479104266,19.0,1.0,21087.20608291407,10000.0,25000.0,1.0,18.764850860003378,17.0,20.0,1.0,0.0,211.0,1.0,41.0
11.0,22.0,11.0,22.0,-121.0,21.0,13.0,-111.0,9.999871220081522,9.0,11.0,30000.0,10000.0,19000.0,0.0,26.400706944885492,16.5,19.0,0.0,10000.0,36556.84210176986,25000.0,0.0,27.71064332614978,17.0,20.0,0.0,121.0,10.022155332928156,9.0,11.0,1.0,12665.224681099142,10000.0,19000.0,1.0,16.5,17.090091641563085,19.0,1.0,19218.622789548175,10000.0,25000.0,1.0,18.39933997634436,17.0,20.0,1.0,0.0,211.0,1.0,47.0
11.0,22.0,11.0,22.0,-121.0,21.0,13.0,-111.0,9.999913852201264,9.0,11.0,30000.0,10000.0,19000.0,0.0,27.49006690989284,16.5,19.0,0.0,10000.0,36459.54272494557,25000.0,0.0,28.781453045456878,17.0,20.0,0.0,121.0,9.998073378596265,9.0,11.0,1.0,14280.686355869902,10000.0,19000.0,1.0,16.5,17.403786556628212,19.0,1.0,20790.934586329804,10000.0,25000.0,1.0,18.705309692535188,17.0,20.0,1.0,0.0,211.0,1.0,8.0
91.0,24.0,91.0,24.0,-721.0,911.0,12.0,-711.0,14.668169113400578,12.0,17.0,30000.0,18000.0,36000.0,1.0,23.88996159238329,20.0,25.0,1.0,18000.0,34570.67117311714,36000.0,1.0,24.461353405342553,20.0,26.0,1.0,721.0,14.789515714613449,12.0,17.0,1.0,26276.097742187012,18000.0,36000.0,1.0,20.0,23.051805415425925,25.0,1.0,30732.51123872032,18000.0,36000.0,1.0,23.60891357101956,20.0,26.0,1.0,1.0,91121.0,7.0,32.0
11.0,22.0,11.0,22.0,-121.0,11.0,11.0,-111.0,10.185400133311017,9.0,11.0,30000.0,10000.0,19000.0,0.0,24.279199618045403,16.5,19.0,0.0,10000.0,36748.15354851179,25000.0,0.0,25.544282015378602,17.0,20.0,0.0,122.0,10.18956575494964,9.0,11.0,1.0,15685.971511513579,10000.0,19000.0,1.0,16.5,17.643933215796334,19.0,1.0,22667.798132043037,10000.0,25000.0,1.0,18.952822513493487,17.0,20.0,1.0,0.0,111.0,1.0,15.0
11.0,22.0,11.0,22.0,-121.0,21.0,13.0,-111.0,10.21268509096024,9.0,11.0,30000.0,10000.0,19000.0,0.0,25.63433785645379,16.5,19.0,0.0,10000.0,37091.25507697346,25000.0,0.0,26.977727551041834,17.0,20.0,0.0,122.0,10.20964741801737,9.0,11.0,1.0,15732.932048371444,10000.0,19000.0,1.0,16.5,17.730922755913042,19.0,1.0,22831.552988067782,10000.0,25000.0,1.0,19.075707862732948,17.0,20.0,1.0,0.0,211.0,1.0,28.0
91.0,24.0,91.0,21.0,-721.0,911.0,11.0,-711.0,15.01079665242357,12.0,17.0,30000.0,18000.0,36000.0,1.0,25.00930911444935,20.0,25.0,0.0,18000.0,33984.7003445106,36000.0,1.0,25.495037898173077,20.0,26.0,1.0,722.0,15.394788112925324,12.0,17.0,1.0,21967.91118513914,18000.0,36000.0,1.0,20.0,22.99263647933926,25.0,1.0,25910.11148861942,18000.0,36000.0,1.0,23.4731845740643,20.0,26.0,1.0,0.0,91121.0,7.0,2.0
11.0,21.0,11.0,22.0,-121.0,21.0,13.0,-111.0,10.194323605699768,9.0,11.0,30000.0,10000.0,19000.0,0.0,26.563558460514287,16.5,19.0,0.0,10000.0,36840.48309899474,25000.0,0.0,27.853349807870703,17.0,20.0,0.0,122.0,10.218994287678392,9.0,11.0,1.0,13817.187497324456,10000.0,19000.0,1.0,16.5,17.29792966645874,19.0,1.0,20835.937794947735,10000.0,25000.0,1.0,18.621333769958408,17.0,20.0,1.0,0.0,211.0,1.0,59.0
11.0,22.0,11.0,21.0,-121.0,21.0,12.0,-111.0,10.172321998824675,9.0,11.0,30000.0,10000.0,19000.0,0.0,23.792808783174273,16.5,19.0,0.0,10000.0,37019.155583309024,25000.0,0.0,25.122941635401023,17.0,20.0,0.0,122.0,10.178374851753295,9.0,11.0,1.0,15459.508985990205,10000.0,19000.0,1.0,16.5,17.60142045559028,19.0,1.0,22435.303380613004,10000.0,25000.0,1.0,18.92333634483642,17.0,20.0,1.0,0.0,211.0,1.0,53.0
11.0,22.0,11.0,21.0,-121.0,11.0,11.0,-111.0,10.00133997259455,9.0,11.0,30000.0,10000.0,19000.0,0.0,22.787766386479255,16.5,19.0,0.0,10000.0,36501.749517174736,25000.0,0.0,24.092249870371056,17.0,20.0,0.0,121.0,10.008237854293858,9.0,11.0,1.0,11978.031132602202,10000.0,19000.0,1.0,16.5,16.89642719398586,19.0,1.0,18472.438196863615,10000.0,25000.0,1.0,18.199437519225306,17.0,20.0,1.0,0.0,111.0,1.0,0.0
91.0,24.0,91.0,24.0,-721.0,911.0,12.0,-711.0,15.415323212630046,12.0,17.0,30000.0,18000.0,36000.0,1.0,23.878658753114934,20.0,25.0,1.0,18000.0,34111.04491383889,36000.0,1.0,24.381137435354695,20.0,26.0,1.0,722.0,15.050364450138034,12.0,17.0,1.0,22068.03549906153,18000.0,36000.0,1.0,20.0,22.64785621936796,25.0,1.0,26180.093006720566,18000.0,36000.0,1.0,23.15045866741886,20.0,26.0,1.0,1.0,91121.0,7.0,1.0
11.0,22.0,11.0,22.0,-121.0,21.0,13.0,-111.0,10.184005831214561,9.0,11.0,30000.0,10000.0,19000.0,0.0,26.01097033895266,16.5,19.0,0.0,10000.0,36909.821710725926,25000.0,0.0,27.31469905678993,17.0,20.0,0.0,122.0,10.181955206875838,9.0,11.0,1.0,13812.918264555714,10000.0,19000.0,1.0,16.5,17.32541700261383,19.0,1.0,20984.920354964677,10000.0,25000.0,1.0,18.678613290607892,17.0,20.0,1.0,0.0,211.0,1.0,21.0
81.0,23.0,81.0,23.0,-721.0,912.0,11.0,-711.0,15.076369886319378,12.0,17.0,30000.0,12500.0,23000.0,0.0,27.17538620290344,20.0,24.0,0.0,12500.0,33894.41113313264,26000.0,0.0,27.648294318130027,20.0,25.0,0.0,722.0,15.320705741903497,12.0,17.0,1.0,17089.261688345487,12500.0,23000.0,1.0,20.0,21.970472149266552,24.0,1.0,20999.72770830427,12500.0,26000.0,1.0,22.44532984968319,20.0,25.0,1.0,0.0,912.0,7.0,17.0
91.0,24.0,91.0,21.0,-721.0,911.0,11.0,-711.0,15.13931850560818,12.0,17.0,30000.0,18000.0,36000.0,1.0,23.8422782446703,20.0,25.0,1.0,18000.0,34033.53571607699,36000.0,1.0,24.335915131119478,20.0,26.0,1.0,722.0,15.203045058483037,12.0,17.0,1.0,21599.192967213825,18000.0,36000.0,1.0,20.0,22.82822155495174,25.0,1.0,25603.812585007334,18000.0,36000.0,1.0,23.318319597634634,20.0,26.0,1.0,1.0,91121.0,7.0,21.0
11.0,22.0,11.0,21.0,-121.0,21.0,12.0,-111.0,9.988266620626689,9.0,11.0,30000.0,10000.0,19000.0,0.0,23.184835471698435,16.5,19.0,0.0,10000.0,36561.23978097371,25000.0,0.0,24.50405809994871,17.0,20.0,0.0,121.0,10.004454890185077,9.0,11.0,1.0,14137.255419694015,10000.0,19000.0,1.0,16.5,17.327859970293968,19.0,1.0,20715.197012365275,10000.0,25000.0,1.0,18.650440715098387,17.0,20.0,1.0,0.0,211.0,1.0,53.0
11.0,22.0,11.0,22.0,-121.0,11.0,11.0,-111.0,10.185924095985285,9.0,11.0,30000.0,10000.0,19000.0,0.0,23.28645524963644,16.5,19.0,0.0,10000.0,36978.134504282505,25000.0,0.0,24.610185132060376,17.0,20.0,0.0,122.0,10.213816992110443,9.0,11.0,1.0,18856.603120001553,10000.0,19000.0,1.0,16.5,18.344804470304048,19.0,1.0,25905.09328986091,10000.0,25000.0,0.0,19.681880598327687,17.0,20.0,1.0,0.0,111.0,1.0,57.0
11.0,22.0,11.0,22.0,-121.0,21.0,12.0,-111.0,10.224438869213056,9.0,11.0,30000.0,10000.0,19000.0,0.0,23.121387679089274,16.5,19.0,0.0,10000.0,37134.292293254846,25000.0,0.0,24.468552201191923,17.0,20.0,0.0,122.0,10.207742357073393,9.0,11.0,1.0,15188.572759295494,10000.0,19000.0,1.0,16.5,17.62628051937844,19.0,1.0,22213.71508182182,10000.0,25000.0,1.0,18.952834312047838,17.0,20.0,1.0,0.0,211.0,1.0,25.0
11.0,22.0,11.0,21.0,-121.0,11.0,11.0,-111.0,9.995122600668234,9.0,11.0,30000.0,10000.0,19000.0,0.0,26.10098848116189,16.5,19.0,0.0,10000.0,36570.97253593567,25000.0,0.0,27.41015623772493,17.0,20.0,0.0,121.0,10.000418686814024,9.0,11.0,1.0,15160.756469711101,10000.0,19000.0,1.0,16.5,17.563330178265794,19.0,1.0,21665.527443940235,10000.0,25000.0,1.0,18.859308266245325,17.0,20.0,1.0,0.0,111.0,1.0,54.0
91.0,24.0,91.0,24.0,-721.0,911.0,11.0,-711.0,15.049903139891047,12.0,17.0,30000.0,18000.0,36000.0,1.0,24.3202213646195,20.0,25.0,1.0,18000.0,34523.95679236069,36000.0,1.0,24.883313471871727,20.0,26.0,1.0,721.0,15.232941739584788,12.0,17.0,1.0,27906.02685352432,18000.0,36000.0,1.0,20.0,23.81378691051487,25.0,1.0,32406.69953344752,18000.0,36000.0,1.0,24.373980868969554,20.0,26.0,1.0,1.0,91121.0,7.0,0.0
11.0,22.0,11.0,22.0,-121.0,21.0,13.0,-111.0,10.00424382829619,9.0,11.0,30000.0,10000.0,19000.0,0.0,26.353785278827978,16.5,19.0,0.0,10000.0,36467.96331505399,25000.0,0.0,27.644922354949948,17.0,20.0,0.0,121.0,9.994804880507521,9.0,11.0,1.0,14625.37506554362,10000.0,19000.0,1.0,16.5,17.416283756936235,19.0,1.0,21138.069586691872,10000.0,25000.0,1.0,18.71635009190442,17.0,20.0,1.0,0.0,211.0,1.0,4.0
11.0,21.0,11.0,22.0,-121.0,21.0,12.0,-111.0,10.2267437613675,9.0,11.0,30000.0,10000.0,19000.0,0.0,24.852054950517342,16.5,19.0,0.0,10000.0,36926.05402609222,25000.0,0.0,26.15961942031452,17.0,20.0,0.0,122.0,10.204150470279028,9.0,11.0,1.0,18349.717055238743,10000.0,19000.0,1.0,16.5,18.19988234946918,19.0,1.0,25417.814548838753,10000.0,25000.0,0.0,19.53426309742132,17.0,20.0,1.0,0.0,211.0,1.0,37.0
11.0,22.0,11.0,21.0,-121.0,11.0,11.0,-111.0,10.205272334517419,9.0,11.0,30000.0,10000.0,19000.0,0.0,25.546492890674465,16.5,19.0,0.0,10000.0,36944.10642734301,25000.0,0.0,26.853333980115735,17.0,20.0,0.0,122.0,10.199720251984937,9.0,11.0,1.0,14125.561576210519,10000.0,19000.0,1.0,16.5,17.339498226225516,19.0,1.0,21271.931019803716,10000.0,25000.0,1.0,18.684404057801103,17.0,20.0,1.0,0.0,111.0,1.0,54.0
11.0,21.0,11.0,22.0,-121.0,11.0,12.0,-111.0,10.016518344598976,9.0,11.0,30000.0,10000.0,19000.0,0.0,25.099974339257184,16.5,19.0,0.0,10000.0,36615.46923799618,25000.0,0.0,26.420345214685188,17.0,20.0,0.0,121.0,9.994134328013974,9.0,11.0,1.0,17150.486765567595,10000.0,19000.0,1.0,16.5,17.913518381063867,19.0,1.0,23637.828497974246,10000.0,25000.0,1.0,19.208316493527455,17.0,20.0,1.0,0.0,111.0,1.0,51.0
11.0,21.0,11.0,22.0,-121.0,21.0,13.0,-111.0,10.011402562403203,9.0,11.0,30000.0,10000.0,19000.0,0.0,26.908735108313763,16.5,19.0,0.0,10000.0,36325.82405186013,25000.0,0.0,28.17015296865511,17.0,20.0,0.0,121.0,10.004368432307666,9.0,11.0,1.0,14117.28941963438,10000.0,19000.0,1.0,16.5,17.325026645079976,19.0,1.0,20595.1434246742,10000.0,25000.0,1.0,18.616760444763855,17.0,20.0,1.0,0.0,211.0,1.0,52.0
11.0,22.0,11.0,22.0,-121.0,21.0,13.0,-111.0,9.993491861581976,9.0,11.0,30000.0,10000.0,19000.0,0.0,25.66934160777066,16.5,19.0,0.0,10000.0,36501.14832434493,25000.0,0.0,26.973002910666867,17.0,20.0,0.0,121.0,10.002965130931038,9.0,11.0,1.0,13926.104527889813,10000.0,19000.0,1.0,16.5,17.35459866483042,19.0,1.0,20412.02512900562,10000.0,25000.0,1.0,18.65520638511097,17.0,20.0,1.0,0.0,211.0,1.0,3.0
11.0,22.0,11.0,22.0,-121.0,11.0,11.0,-111.0,10.193781826070767,9.0,11.0,30000.0,10000.0,19000.0,0.0,24.2418889647897,16.5,19.0,0.0,10000.0,37085.717279765355,25000.0,0.0,25.577446878052598,17.0,20.0,0.0,122.0,10.201868006415998,9.0,11.0,1.0,16994.140249580072,10000.0,19000.0,1.0,16.5,17.95211717352392,19.0,1.0,24087.609476614707,10000.0,25000.0,1.0,19.289136219670045,17.0,20.0,1.0,0.0,111.0,1.0,38.0
11.0,21.0,11.0,22.0,-121.0,21.0,13.0,-111.0,9.997784595519509,9.0,11.0,30000.0,10000.0,19000.0,0.0,28.105629565778,16.5,19.0,0.0,10000.0,36478.98037038033,25000.0,0.0,29.397852006827698,17.0,20.0,0.0,121.0,10.004897151514474,9.0,11.0,1.0,18050.658596897472,10000.0,19000.0,1.0,16.5,18.14806361744691,19.0,1.0,24478.870294892506,10000.0,25000.0,1.0,19.43016032666718,17.0,20.0,1.0,0.0,211.0,1.0,52.0
91.0,24.0,91.0,21.0,-721.0,911.0,11.0,-711.0,15.1522019292666,12.0,17.0,30000.0,18000.0,36000.0,1.0,24.784295316188782,20.0,25.0,1.0,18000.0,33988.52062970935,36000.0,1.0,25.268331440215718,20.0,26.0,1.0,722.0,15.340169107689535,12.0,17.0,1.0,22106.39890448797,18000.0,36000.0,1.0,20.0,22.99103864574559,25.0,1.0,26049.792087650778,18000.0,36000.0,1.0,23.469598224370976,20.0,26.0,1.0,1.0,91121.0,7.0,3.0
91.0,24.0,91.0,24.0,-721.0,911.0,11.0,-711.0,15.313538570358151,12.0,17.0,30000.0,18000.0,36000.0,1.0,25.733539007211803,20.0,25.0,0.0,18000.0,34525.42757040693,36000.0,1.0,26.300598488074243,20.0,26.0,0.0,721.0,15.388575354358235,12.0,17.0,1.0,27044.09552285101,18000.0,36000.0,1.0,20.0,23.824953161303643,25.0,1.0,31576.81004033375,18000.0,36000.0,1.0,24.392925734324027,20.0,26.0,1.0,0.0,91121.0,7.0,0.0
11.0,22.0,11.0,21.0,-121.0,11.0,11.0,-111.0,10.00539741832028,9.0,11.0,30000.0,10000.0,19000.0,0.0,23.253251298732025,16.5,19.0,0.0,10000.0,36475.23788814759,25000.0,0.0,24.548057118059198,17.0,20.0,0.0,121.0,9.981622852931897,9.0,11.0,1.0,15242.632232628011,10000.0,19000.0,1.0,16.5,17.506867063330773,19.0,1.0,21766.35840046543,10000.0,25000.0,1.0,18.811368728246332,17.0,20.0,1.0,0.0,111.0,1.0,26.0
81.0,23.0,81.0,23.0,-721.0,912.0,12.0,-711.0,15.373287457419485,12.0,17.0,30000.0,12500.0,23000.0,0.0,26.920020610095378,20.0,24.0,0.0,12500.0,34010.86928633501,26000.0,0.0,27.41195432147866,20.0,25.0,0.0,722.0,15.310851488711023,12.0,17.0,1.0,17247.516898624217,12500.0,23000.0,1.0,20.0,22.074302229159073,24.0,1.0,21228.578442585513,12500.0,26000.0,1.0,22.562580016530116,20.0,25.0,1.0,0.0,912.0,7.0,10.0
11.0,21.0,11.0,22.0,-121.0,21.0,12.0,-111.0,10.22369668120188,9.0,11.0,30000.0,10000.0,19000.0,0.0,25.411448027004894,16.5,19.0,0.0,10000.0,37079.785080291214,25000.0,0.0,26.74928710322661,17.0,20.0,0.0,122.0,10.195976885882253,9.0,11.0,1.0,16607.071994175196,10000.0,19000.0,1.0,16.5,17.843053719179203,19.0,1.0,23580.22140359363,10000.0,25000.0,1.0,19.160742273062343,17.0,20.0,1.0,0.0,211.0,1.0,37.0
81.0,21.0,81.0,21.0,-721.0,912.0,12.0,-711.0,15.285641297441881,12.0,17.0,30000.0,12500.0,23000.0,0.0,28.029394621869592,20.0,24.0,0.0,12500.0,33952.036681996105,26000.0,0.0,28.51230035528797,20.0,25.0,0.0,722.0,15.487233008474234,12.0,17.0,1.0,15163.707805476095,12500.0,23000.0,1.0,20.0,21.712160775888478,24.0,1.0,19163.50693718387,12500.0,26000.0,1.0,22.20090268003699,20.0,25.0,1.0,0.0,912.0,7.0,6.0
91.0,24.0,91.0,24.0,-721.0,911.0,12.0,-711.0,15.297329684142332,12.0,17.0,30000.0,18000.0,36000.0,1.0,24.76565210067058,20.0,25.0,1.0,18000.0,34005.79405126583,36000.0,1.0,25.2522675599973,20.0,26.0,1.0,722.0,15.159533634261246,12.0,17.0,1.0,25448.9837621091,18000.0,36000.0,1.0,20.0,23.206107768715697,25.0,1.0,29386.133476336483,18000.0,36000.0,1.0,23.684384457958224,20.0,26.0,1.0,1.0,91121.0,7.0,13.0
11.0,21.0,11.0,22.0,-121.0,11.0,11.0,-111.0,10.200660416913225,9.0,11.0,30000.0,10000.0,19000.0,0.0,26.672716887515307,16.5,19.0,0.0,10000.0,36840.53222523106,25000.0,0.0,27.967821923704168,17.0,20.0,0.0,122.0,10.199673693585595,9.0,11.0,1.0,13709.403305701757,10000.0,19000.0,1.0,16.5,17.33582037928832,19.0,1.0,20833.783472564508,10000.0,25000.0,1.0,18.684665809735264,17.0,20.0,1.0,0.0,111.0,1.0,35.0
11.0,22.0,11.0,21.0,-121.0,11.0,11.0,-111.0,10.191747145152492,9.0,11.0,30000.0,10000.0,19000.0,0.0,24.718857626441064,16.5,19.0,0.0,10000.0,36913.99854720815,25000.0,0.0,26.02433600528575,17.0,20.0,0.0,122.0,10.173814667842434,9.0,11.0,1.0,14149.697160266105,10000.0,19000.0,1.0,16.5,17.305575115171237,19.0,1.0,21442.863993844036,10000.0,25000.0,1.0,18.6826467980092,17.0,20.0,1.0,0.0,111.0,1.0,12.0
11.0,22.0,11.0,22.0,-121.0,11.0,12.0,-111.0,10.212958795357181,9.0,11.0,30000.0,10000.0,19000.0,0.0,23.62313392967195,16.5,19.0,0.0,10000.0,36843.075047620434,25000.0,0.0,24.915499087592504,17.0,20.0,0.0,122.0,10.199911858966725,9.0,11.0,1.0,14935.689684190897,10000.0,19000.0,1.0,16.5,17.534764416490653,19.0,1.0,21820.01083073507,10000.0,25000.0,1.0,18.834919204187035,17.0,20.0,1.0,0.0,111.0,1.0,14.0
11.0,22.0,11.0,22.0,-121.0,21.0,13.0,-111.0,10.008911124501775,9.0,11.0,30000.0,10000.0,19000.0,0.0,25.03163095517459,16.5,19.0,0.0,10000.0,36505.1702882349,25000.0,0.0,26.327993848762127,17.0,20.0,0.0,121.0,9.996549887327022,9.0,11.0,1.0,15653.279565634497,10000.0,19000.0,1.0,16.5,17.662402586775052,19.0,1.0,22237.05936646388,10000.0,25000.0,1.0,18.974430935791908,17.0,20.0,1.0,0.0,211.0,1.0,5.0
91.0,24.0,91.0,21.0,-721.0,911.0,11.0,-711.0,14.915882946023373,12.0,17.0,30000.0,18000.0,36000.0,1.0,24.103545024872744,20.0,25.0,1.0,18000.0,34511.19368676727,36000.0,1.0,24.666574619433323,20.0,26.0,1.0,721.0,15.246754308522174,12.0,17.0,1.0,27312.425601192248,18000.0,36000.0,1.0,20.0,23.647476766658098,25.0,1.0,31877.500240438276,18000.0,36000.0,1.0,24.217231093725207,20.0,26.0,1.0,1.0,91121.0,7.0,21.0
11.0,22.0,11.0,22.0,-121.0,21.0,13.0,-111.0,10.180703794728917,9.0,11.0,30000.0,10000.0,19000.0,0.0,25.250376992216843,16.5,19.0,0.0,10000.0,37064.137904068295,25000.0,0.0,26.582611969304867,17.0,20.0,0.0,122.0,10.216881363316098,9.0,11.0,1.0,13169.27068533712,10000.0,19000.0,1.0,16.5,17.208875844687256,19.0,1.0,20357.299232884445,10000.0,25000.0,1.0,18.564475519749486,17.0,20.0,1.0,0.0,211.0,1.0,16.0
11.0,21.0,11.0,22.0,-121.0,21.0,13.0,-111.0,10.167264295869574,9.0,11.0,30000.0,10000.0,19000.0,0.0,25.11210707557973,16.5,19.0,0.0,10000.0,36949.77701229572,25000.0,0.0,26.425269586525665,17.0,20.0,0.0,122.0,10.219708607614498,9.0,11.0,1.0,15583.646859058363,10000.0,19000.0,1.0,16.5,17.664378256805318,19.0,1.0,22610.15825656167,10000.0,25000.0,1.0,18.992039753513936,17.0,20.0,1.0,0.0,211.0,1.0,24.0
11.0,22.0,11.0,22.0,-121.0,11.0,12.0,-111.0,10.223583604903789,9.0,11.0,30000.0,10000.0,19000.0,0.0,25.359425398241022,16.5,19.0,0.0,10000.0,36884.08844677632,25000.0,0.0,26.665684846477856,17.0,20.0,0.0,122.0,10.193463489742836,9.0,11.0,1.0,14387.281476542299,10000.0,19000.0,1.0,16.5,17.472672089389604,19.0,1.0,21527.985946613542,10000.0,25000.0,1.0,18.8276245646829,17.0,20.0,1.0,0.0,111.0,1.0,49.0
11.0,21.0,11.0,21.0,-121.0,21.0,13.0,-111.0,9.999032285465711,9.0,11.0,30000.0,10000.0,19000.0,0.0,27.306382245976174,16.5,19.0,0.0,10000.0,36512.65205895407,25000.0,0.0,28.607564772988862,17.0,20.0,0.0,121.0,10.008063201379432,9.0,11.0,1.0,12468.900958004106,10000.0,19000.0,1.0,16.5,16.938459314839534,19.0,1.0,19024.73796242395,10000.0,25000.0,1.0,18.24826989321462,17.0,20.0,1.0,0.0,211.0,1.0,34.0
11.0,22.0,11.0,22.0,-121.0,21.0,13.0,-111.0,10.206628629490373,9.0,11.0,30000.0,10000.0,19000.0,0.0,25.933402314127367,16.5,19.0,0.0,10000.0,36943.50553044939,25000.0,0.0,27.244716574482453,17.0,20.0,0.0,122.0,10.194229146305153,9.0,11.0,1.0,14068.103447619693,10000.0,19000.0,1.0,16.5,17.399808668092167,19.0,1.0,21115.541758271676,10000.0,25000.0,1.0,18.73075113155019,17.0,20.0,1.0,0.0,211.0,1.0,19.0
11.0,21.0,11.0,22.0,-121.0,21.0,13.0,-111.0,10.009262592579594,9.0,11.0,30000.0,10000.0,19000.0,0.0,27.260678083273206,16.5,19.0,0.0,10000.0,36518.34682956816,25000.0,0.0,28.563726665510945,17.0,20.0,0.0,121.0,9.987738671705989,9.0,11.0,1.0,13391.336608450642,10000.0,19000.0,1.0,16.5,17.22206854044429,19.0,1.0,19861.570732400865,10000.0,25000.0,1.0,18.51549916363777,17.0,20.0,1.0,0.0,211.0,1.0,9.0
11.0,22.0,11.0,22.0,-121.0,21.0,13.0,-111.0,10.00762884892443,9.0,11.0,30000.0,10000.0,19000.0,0.0,28.813442319723755,16.5,19.0,0.0,10000.0,36483.322507013174,25000.0,0.0,30.108637697762145,17.0,20.0,0.0,121.0,9.995300481971032,9.0,11.0,1.0,15591.991349496839,10000.0,19000.0,1.0,16.5,17.633187952728072,19.0,1.0,22028.81639128723,10000.0,25000.0,1.0,18.91909437406534,17.0,20.0,1.0,0.0,211.0,1.0,3.0
11.0,22.0,11.0,22.0,-121.0,21.0,13.0,-111.0,10.185185636587251,9.0,11.0,30000.0,10000.0,19000.0,0.0,24.994281861439255,16.5,19.0,0.0,10000.0,37032.639677158506,25000.0,0.0,26.3265013357755,17.0,20.0,0.0,122.0,10.219776567467218,9.0,11.0,1.0,13299.425684903625,10000.0,19000.0,1.0,16.5,17.286273414536517,19.0,1.0,20592.330299965222,10000.0,25000.0,1.0,18.667795858266683,17.0,20.0,1.0,0.0,211.0,1.0,21.0
11.0,21.0,11.0,22.0,-121.0,11.0,11.0,-111.0,10.217238875516097,9.0,11.0,30000.0,10000.0,19000.0,0.0,26.373809225692924,16.5,19.0,0.0,10000.0,36937.42796753211,25000.0,0.0,27.686533028414356,17.0,20.0,0.0,122.0,10.200621602524137,9.0,11.0,1.0,14833.96529366526,10000.0,19000.0,1.0,16.5,17.578464033291052,19.0,1.0,21690.623413886547,10000.0,25000.0,1.0,18.875904289775562,17.0,20.0,1.0,0.0,111.0,1.0,29.0
11.0,22.0,11.0,22.0,-121.0,11.0,12.0,-111.0,9.985933817692553,9.0,11.0,30000.0,10000.0,19000.0,0.0,23.86888693181401,16.5,19.0,0.0,10000.0,36444.22230866692,25000.0,0.0,25.159172845120068,17.0,20.0,0.0,121.0,10.0086213666551,9.0,11.0,1.0,16833.19095841919,10000.0,19000.0,1.0,16.5,17.974751180204123,19.0,1.0,23302.60695384314,10000.0,25000.0,1.0,19.27008146621643,17.0,20.0,1.0,0.0,111.0,1.0,49.0
11.0,22.0,11.0,22.0,-121.0,21.0,13.0,-111.0,10.19973300498561,9.0,11.0,30000.0,10000.0,19000.0,0.0,25.025319624050468,16.5,19.0,0.0,10000.0,36945.15710874258,25000.0,0.0,26.34138607384978,17.0,20.0,0.0,122.0,10.198854907338319,9.0,11.0,1.0,15246.812434583144,10000.0,19000.0,1.0,16.5,17.615764116673194,19.0,1.0,22187.212877114584,10000.0,25000.0,1.0,18.93092920618427,17.0,20.0,1.0,0.0,211.0,1.0,28.0
11.0,21.0,11.0,22.0,-121.0,21.0,13.0,-111.0,10.011184991353213,9.0,11.0,30000.0,10000.0,19000.0,0.0,27.43381332270595,16.5,19.0,0.0,10000.0,36482.277623667746,25000.0,0.0,28.732618020309765,17.0,20.0,0.0,121.0,9.99272925408896,9.0,11.0,1.0,11939.62278537645,10000.0,19000.0,1.0,16.5,16.897008096839347,19.0,1.0,18368.87090281763,10000.0,25000.0,1.0,18.185187675341936,17.0,20.0,1.0,0.0,211.0,1.0,59.0
92.0,24.0,92.0,24.0,-721.0,921.0,13.0,-711.0,15.303158921681046,12.0,17.0,30000.0,15000.0,28000.0,0.0,24.598665909355987,19.5,25.0,1.0,15000.0,34008.90435588793,28000.0,0.0,25.089166671359465,20.0,26.0,1.0,722.0,15.049312219874603,12.0,17.0,1.0,19580.60629865807,15000.0,28000.0,1.0,19.5,21.535847111061706,25.0,1.0,23625.154471397196,15000.0,28000.0,1.0,22.03070899465207,20.0,26.0,1.0,0.0,92122.0,7.0,25.0
11.0,21.0,11.0,21.0,-121.0,21.0,13.0,-111.0,10.220334798848487,9.0,11.0,30000.0,10000.0,19000.0,0.0,28.351921918453936,16.5,19.0,0.0,10000.0,37032.023287773874,25000.0,0.0,29.672785685969135,17.0,20.0,0.0,122.0,10.192466008926168,9.0,11.0,1.0,12930.234253041937,10000.0,19000.0,1.0,16.5,17.08816030102679,19.0,1.0,19784.39781305461,10000.0,25000.0,1.0,18.375615693670937,17.0,20.0,1.0,0.0,211.0,1.0,34.0
11.0,21.0,11.0,22.0,-121.0,11.0,11.0,-111.0,9.999813810533148,9.0,11.0,30000.0,10000.0,19000.0,0.0,26.58542043891292,16.5,19.0,0.0,10000.0,36477.61477529173,25000.0,0.0,27.878218402589724,17.0,20.0,0.0,121.0,10.013163904487643,9.0,11.0,1.0,16048.752587986282,10000.0,19000.0,1.0,16.5,17.76753612919135,19.0,1.0,22517.835055138556,10000.0,25000.0,1.0,19.058631220596368,17.0,20.0,1.0,0.0,111.0,1.0,43.0
11.0,22.0,11.0,21.0,-121.0,21.0,13.0,-111.0,10.219701809978792,9.0,11.0,30000.0,10000.0,19000.0,0.0,26.20531833102506,16.5,19.0,0.0,10000.0,37070.17028088325,25000.0,0.0,27.541844167575118,17.0,20.0,0.0,122.0,10.191000346591391,9.0,11.0,1.0,11677.788667189974,10000.0,19000.0,1.0,16.5,16.8789326682568,19.0,1.0,18735.78557739382,10000.0,25000.0,1.0,18.213157283791727,17.0,20.0,1.0,0.0,211.0,1.0,2.0
91.0,24.0,91.0,24.0,-721.0,911.0,11.0,-711.0,14.968403531132637,12.0,17.0,30000.0,18000.0,36000.0,1.0,24.666460439878733,20.0,25.0,1.0,18000.0,34553.51935462442,36000.0,1.0,25.23541434248874,20.0,26.0,1.0,721.0,15.551052683307654,12.0,17.0,1.0,26485.663888054612,18000.0,36000.0,1.0,20.0,23.83020007585162,25.0,1.0,31010.588817989836,18000.0,36000.0,1.0,24.39558115747355,20.0,26.0,1.0,1.0,91121.0,7.0,0.0
11.0,22.0,11.0,22.0,-121.0,21.0,12.0,-111.0,10.201007950254894,9.0,11.0,30000.0,10000.0,19000.0,0.0,23.531126159779177,16.5,19.0,0.0,10000.0,36975.014940183064,25000.0,0.0,24.849023764163007,17.0,20.0,0.0,122.0,10.210439128136212,9.0,11.0,1.0,14046.742076055903,10000.0,19000.0,1.0,16.5,17.36659607651651,19.0,1.0,21095.172374907837,10000.0,25000.0,1.0,18.69836518169918,17.0,20.0,1.0,0.0,211.0,1.0,48.0
81.0,23.0,81.0,23.0,-721.0,912.0,12.0,-711.0,14.882526070383141,12.0,17.0,30000.0,12500.0,23000.0,0.0,26.14855193360063,20.0,24.0,0.0,12500.0,34531.60693479619,26000.0,0.0,26.712757084180083,20.0,25.0,0.0,721.0,15.017284395729305,12.0,17.0,1.0,17495.84989012302,12500.0,23000.0,1.0,20.0,21.771232937628053,24.0,1.0,22003.310363194327,12500.0,26000.0,1.0,22.332431746689043,20.0,25.0,1.0,0.0,912.0,7.0,10.0
81.0,23.0,81.0,23.0,-721.0,912.0,12.0,-711.0,15.05766888010409,12.0,17.0,30000.0,12500.0,23000.0,0.0,25.44098120866399,20.0,24.0,0.0,12500.0,34130.78120185812,26000.0,0.0,25.944747236703265,20.0,25.0,0.0,722.0,15.350794588779298,12.0,17.0,1.0,15559.17871234498,12500.0,23000.0,1.0,20.0,21.857589257245927,24.0,1.0,19494.136090841283,12500.0,26000.0,1.0,22.33747375177622,20.0,25.0,1.0,0.0,912.0,7.0,5.0
11.0,22.0,11.0,22.0,-121.0,11.0,12.0,-111.0,9.994465956781385,9.0,11.0,30000.0,10000.0,19000.0,0.0,24.409357509799896,16.5,19.0,0.0,10000.0,36459.253265006264,25000.0,0.0,25.701270954335865,17.0,20.0,0.0,121.0,9.994706862563179,9.0,11.0,1.0,15977.084302075033,10000.0,19000.0,1.0,16.5,17.770219460823125,19.0,1.0,22471.712322701464,10000.0,25000.0,1.0,19.069208200367335,17.0,20.0,1.0,0.0,111.0,1.0,42.0
11.0,22.0,11.0,22.0,-121.0,11.0,11.0,-111.0,10.209615178530903,9.0,11.0,30000.0,10000.0,19000.0,0.0,23.297012677222696,16.5,19.0,0.0,10000.0,37201.75523004584,25000.0,0.0,24.650741489491168,17.0,20.0,0.0,122.0,10.2220974076937,9.0,11.0,1.0,15473.392122843718,10000.0,19000.0,1.0,16.5,17.665245978127402,19.0,1.0,22406.328010239235,10000.0,25000.0,1.0,18.968444263070733,17.0,20.0,1.0,0.0,111.0,1.0,50.0
11.0,22.0,11.0,22.0,-121.0,21.0,13.0,-111.0,10.211688960581508,9.0,11.0,30000.0,10000.0,19000.0,0.0,25.920428020230702,16.5,19.0,0.0,10000.0,37062.37792158937,25000.0,0.0,27.248671901170045,17.0,20.0,0.0,122.0,10.188630865119194,9.0,11.0,1.0,15132.052026297166,10000.0,19000.0,1.0,16.5,17.567018455857184,19.0,1.0,22233.087278452458,10000.0,25000.0,1.0,18.902532743923945,17.0,20.0,1.0,0.0,211.0,1.0,3.0
11.0,22.0,11.0,22.0,-121.0,11.0,11.0,-111.0,9.998299864036609,9.0,11.0,30000.0,10000.0,19000.0,0.0,24.885027643593308,16.5,19.0,0.0,10000.0,36553.50829297436,25000.0,0.0,26.193848696794284,17.0,20.0,0.0,121.0,10.003598633556496,9.0,11.0,1.0,16024.757142683231,10000.0,19000.0,1.0,16.5,17.713655285651605,19.0,1.0,22516.77545487805,10000.0,25000.0,1.0,19.010195987961524,17.0,20.0,1.0,0.0,111.0,1.0,50.0
11.0,22.0,11.0,21.0,-121.0,21.0,13.0,-111.0,10.212050635547932,9.0,11.0,30000.0,10000.0,19000.0,0.0,26.626093379226486,16.5,19.0,0.0,10000.0,36888.97803772979,25000.0,0.0,27.925774980626592,17.0,20.0,0.0,122.0,10.20788742607221,9.0,11.0,1.0,14790.217552908853,10000.0,19000.0,1.0,16.5,17.465626681843606,19.0,1.0,21883.49123059085,10000.0,25000.0,1.0,18.803850906407547,17.0,20.0,1.0,0.0,211.0,1.0,2.0
91.0,24.0,91.0,24.0,-721.0,911.0,12.0,-711.0,15.04906619322453,12.0,17.0,30000.0,18000.0,36000.0,1.0,23.88225190679671,20.0,25.0,1.0,18000.0,34005.47206131641,36000.0,1.0,24.37089359987754,20.0,26.0,1.0,722.0,15.403373198310948,12.0,17.0,1.0,24235.166725463503,18000.0,36000.0,1.0,20.0,23.39820793664176,25.0,1.0,28213.36407592697,18000.0,36000.0,1.0,23.883522291350122,20.0,26.0,1.0,1.0,91121.0,7.0,27.0
91.0,24.0,91.0,24.0,-721.0,911.0,12.0,-711.0,15.389102507753888,12.0,17.0,30000.0,18000.0,36000.0,1.0,24.758358395110754,20.0,25.0,1.0,18000.0,34004.48780983141,36000.0,1.0,25.248084015530615,20.0,26.0,1.0,722.0,15.232862332296408,12.0,17.0,1.0,25231.127229523936,18000.0,36000.0,1.0,20.0,23.358990291144373,25.0,1.0,29191.43243533326,18000.0,36000.0,1.0,23.843312635491486,20.0,26.0,1.0,1.0,91121.0,7.0,32.0
92.0,24.0,92.0,24.0,-721.0,921.0,13.0,-711.0,15.043827418527487,12.0,17.0,30000.0,15000.0,28000.0,0.0,24.203392275726962,19.5,25.0,1.0,15000.0,34027.02156520992,28000.0,0.0,24.6948596954395,20.0,26.0,1.0,722.0,15.501670313407528,12.0,17.0,1.0,20874.13397579694,15000.0,28000.0,1.0,19.5,22.10355844665917,25.0,1.0,24943.40666492521,15000.0,28000.0,1.0,22.600182295389,20.0,26.0,1.0,0.0,92122.0,7.0,20.0
11.0,22.0,11.0,22.0,-121.0,11.0,12.0,-111.0,10.210442395915754,9.0,11.0,30000.0,10000.0,19000.0,0.0,24.51651772928241,16.5,19.0,0.0,10000.0,36860.871277963255,25000.0,0.0,25.806455873650304,17.0,20.0,0.0,122.0,10.18416195921864,9.0,11.0,1.0,15168.38663542826,10000.0,19000.0,1.0,16.5,17.559534330812333,19.0,1.0,22154.409403117625,10000.0,25000.0,1.0,18.873002676211794,17.0,20.0,1.0,0.0,111.0,1.0,40.0
11.0,22.0,11.0,22.0,-121.0,21.0,12.0,-111.0,10.003042509361377,9.0,11.0,30000.0,10000.0,19000.0,0.0,24.00703355525755,16.5,19.0,0.0,10000.0,36519.16499288427,25000.0,0.0,25.311805804487456,17.0,20.0,0.0,121.0,10.008451050088311,9.0,11.0,1.0,17639.07018681254,10000.0,19000.0,1.0,16.5,18.051809544534503,19.0,1.0,24145.492470797213,10000.0,25000.0,1.0,19.354031416074882,17.0,20.0,1.0,0.0,211.0,1.0,25.0
11.0,22.0,11.0,22.0,-121.0,11.0,12.0,-111.0,10.208458118372185,9.0,11.0,30000.0,10000.0,19000.0,0.0,23.859159110066585,16.5,19.0,0.0,10000.0,36931.12295857715,25000.0,0.0,25.162913922890304,17.0,20.0,0.0,122.0,10.17980410103115,9.0,11.0,1.0,15372.313419286746,10000.0,19000.0,1.0,16.5,17.618129438341267,19.0,1.0,22444.101680300006,10000.0,25000.0,1.0,18.948343609359092,17.0,20.0,1.0,0.0,111.0,1.0,14.0
91.0,24.0,91.0,24.0,-721.0,911.0,12.0,-711.0,15.105761469357814,12.0,17.0,30000.0,18000.0,36000.0,1.0,25.17050256318754,20.0,25.0,0.0,18000.0,33982.65817071964,36000.0,1.0,25.65622884578202,20.0,26.0,1.0,722.0,15.176759476485545,12.0,17.0,1.0,25503.8711984013,18000.0,36000.0,1.0,20.0,23.319589202154553,25.0,1.0,29573.20933340196,18000.0,36000.0,1.0,23.81588700131432,20.0,26.0,1.0,0.0,91121.0,7.0,24.0
91.0,21.0,91.0,24.0,-721.0,911.0,11.0,-711.0,15.389324484629569,12.0,17.0,30000.0,18000.0,36000.0,1.0,25.386043646988362,20.0,25.0,0.0,18000.0,34450.740076884846,36000.0,1.0,25.942210626659115,20.0,26.0,1.0,721.0,14.493575534880897,12.0,17.0,1.0,27974.898174701382,18000.0,36000.0,1.0,20.0,23.043847713395056,25.0,1.0,32458.318553360146,18000.0,36000.0,1.0,23.604098441929672,20.0,26.0,1.0,0.0,91121.0,7.0,18.0
11.0,21.0,11.0,22.0,-121.0,21.0,13.0,-111.0,10.195618231204639,9.0,11.0,30000.0,10000.0,19000.0,0.0,25.987308934604457,16.5,19.0,0.0,10000.0,36954.47840822529,25000.0,0.0,27.29395241984757,17.0,20.0,0.0,122.0,10.204300763162205,9.0,11.0,1.0,12627.306778977812,10000.0,19000.0,1.0,16.5,17.090633444704086,19.0,1.0,19434.809190184667,10000.0,25000.0,1.0,18.36966231707212,17.0,20.0,1.0,0.0,211.0,1.0,24.0
91.0,24.0,91.0,21.0,-721.0,911.0,12.0,-711.0,15.173276681604516,12.0,17.0,30000.0,18000.0,36000.0,1.0,24.077346478806568,20.0,25.0,1.0,18000.0,34520.5840600026,36000.0,1.0,24.64300206697938,20.0,26.0,1.0,721.0,14.718584505640685,12.0,17.0,1.0,28714.0889956028,18000.0,36000.0,1.0,20.0,23.251438174304116,25.0,1.0,33168.77579850438,18000.0,36000.0,1.0,23.808848112970207,20.0,26.0,1.0,1.0,91121.0,7.0,29.0
91.0,24.0,91.0,24.0,-721.0,911.0,11.0,-711.0,15.459200264181005,12.0,17.0,30000.0,18000.0,36000.0,1.0,24.4561288142885,20.0,25.0,1.0,18000.0,34440.34783777595,36000.0,1.0,25.009168045080056,20.0,26.0,1.0,721.0,15.0692573833552,12.0,17.0,1.0,24777.947898208375,18000.0,36000.0,1.0,20.0,23.12513356962831,25.0,1.0,29299.52655173409,18000.0,36000.0,1.0,23.688289987068316,20.0,26.0,1.0,1.0,91121.0,7.0,28.0
11.0,22.0,11.0,22.0,-121.0,11.0,11.0,-111.0,9.997353792008958,9.0,11.0,30000.0,10000.0,19000.0,0.0,23.933589888566807,16.5,19.0,0.0,10000.0,36574.15730180104,25000.0,0.0,25.249109393653455,17.0,20.0,0.0,121.0,9.980384183728242,9.0,11.0,1.0,14372.592301262652,10000.0,19000.0,1.0,16.5,17.390027902514213,19.0,1.0,20757.83129470074,10000.0,25000.0,1.0,18.66774397392711,17.0,20.0,1.0,0.0,111.0,1.0,30.0
81.0,21.0,81.0,23.0,-721.0,912.0,12.0,-711.0,15.487051584840593,12.0,17.0,30000.0,12500.0,23000.0,0.0,26.780121939896514,20.0,24.0,0.0,12500.0,34505.938896153355,26000.0,0.0,27.339267083709153,20.0,25.0,0.0,721.0,14.502817314063263,12.0,17.0,1.0,16556.937365062815,12500.0,23000.0,1.0,20.0,21.107109561895122,24.0,1.0,21112.770010536955,12500.0,26000.0,1.0,21.672446056341286,20.0,25.0,1.0,0.0,912.0,7.0,7.0
11.0,22.0,11.0,22.0,-121.0,21.0,13.0,-111.0,10.002132156121533,9.0,11.0,30000.0,10000.0,19000.0,0.0,26.427633494570543,16.5,19.0,0.0,10000.0,36435.229219450266,25000.0,0.0,27.713243909938683,17.0,20.0,0.0,121.0,9.99593875849432,9.0,11.0,1.0,14193.14102656429,10000.0,19000.0,1.0,16.5,17.382695102880245,19.0,1.0,20735.132795990623,10000.0,25000.0,1.0,18.689634214016618,17.0,20.0,1.0,0.0,211.0,1.0,5.0
11.0,22.0,11.0,22.0,-121.0,11.0,11.0,-111.0,10.008381089741041,9.0,11.0,30000.0,10000.0,19000.0,0.0,24.90029125003081,16.5,19.0,0.0,10000.0,36427.77576494278,25000.0,0.0,26.188161632578257,17.0,20.0,0.0,121.0,9.998049079326655,9.0,11.0,1.0,12707.427378432609,10000.0,19000.0,1.0,16.5,17.075853579363297,19.0,1.0,19056.58151046358,10000.0,25000.0,1.0,18.347971316492266,17.0,20.0,1.0,0.0,111.0,1.0,30.0
11.0,21.0,11.0,22.0,-121.0,11.0,11.0,-111.0,9.992210285757142,9.0,11.0,30000.0,10000.0,19000.0,0.0,25.407344449567983,16.5,19.0,0.0,10000.0,36513.24285311172,25000.0,0.0,26.70494540951175,17.0,20.0,0.0,121.0,10.001371516104683,9.0,11.0,1.0,16459.937205775004,10000.0,19000.0,1.0,16.5,17.79270061077529,19.0,1.0,22929.656922724735,10000.0,25000.0,1.0,19.081630672897926,17.0,20.0,1.0,0.0,111.0,1.0,43.0
11.0,22.0,11.0,21.0,-121.0,21.0,13.0,-111.0,10.001434288051714,9.0,11.0,30000.0,10000.0,19000.0,0.0,27.74382597932295,16.5,19.0,0.0,10000.0,36416.93934994809,25000.0,0.0,29.022653670474607,17.0,20.0,0.0,121.0,10.013047493781471,9.0,11.0,1.0,12341.167010788788,10000.0,19000.0,1.0,16.5,16.95186146382733,19.0,1.0,18850.68288128994,10000.0,25000.0,1.0,18.249138669860983,17.0,20.0,1.0,0.0,211.0,1.0,33.0
91.0,24.0,91.0,24.0,-721.0,911.0,11.0,-711.0,15.467098124733194,12.0,17.0,30000.0,18000.0,36000.0,1.0,24.986742384454065,20.0,25.0,1.0,18000.0,34410.44617986559,36000.0,1.0,25.54058598471583,20.0,26.0,1.0,721.0,14.830855549338342,12.0,17.0,1.0,25987.591551926776,18000.0,36000.0,1.0,20.0,23.119400662026628,25.0,1.0,30490.815568780396,18000.0,36000.0,1.0,23.68489487747933,20.0,26.0,1.0,1.0,91121.0,7.0,4.0
11.0,22.0,11.0,22.0,-121.0,21.0,13.0,-111.0,10.008546407500429,9.0,11.0,30000.0,10000.0,19000.0,0.0,24.63844651394689,16.5,19.0,0.0,10000.0,36542.64096652895,25000.0,0.0,25.94348599409298,17.0,20.0,0.0,121.0,9.981774723521863,9.0,11.0,1.0,16479.76389435704,10000.0,19000.0,1.0,16.5,17.804842764078465,19.0,1.0,23021.69616252363,10000.0,25000.0,1.0,19.109740882449223,17.0,20.0,1.0,0.0,211.0,1.0,8.0
11.0,22.0,11.0,22.0,-121.0,11.0,11.0,-111.0,10.000682855306236,9.0,11.0,30000.0,10000.0,19000.0,0.0,26.807013775819804,16.5,19.0,0.0,10000.0,36491.173673389334,25000.0,0.0,28.111714927032857,17.0,20.0,0.0,121.0,9.996766798991414,9.0,11.0,1.0,17676.84293389789,10000.0,19000.0,1.0,16.5,18.10410302265518,19.0,1.0,24256.246988899922,10000.0,25000.0,1.0,19.426538144064406,17.0,20.0,1.0,0.0,111.0,1.0,44.0
81.0,23.0,81.0,21.0,-721.0,912.0,12.0,-711.0,14.794007737338372,12.0,17.0,30000.0,12500.0,23000.0,0.0,26.458403107890206,20.0,24.0,0.0,12500.0,34443.99176304234,26000.0,0.0,27.013064963576127,20.0,25.0,0.0,721.0,14.491413985678202,12.0,17.0,1.0,15286.34967306721,12500.0,23000.0,1.0,20.0,20.88592170299234,24.0,1.0,19793.38324787619,12500.0,26000.0,1.0,21.448451909963495,20.0,25.0,1.0,0.0,912.0,7.0,30.0
91.0,24.0,91.0,24.0,-721.0,911.0,11.0,-711.0,15.264485732112682,12.0,17.0,30000.0,18000.0,36000.0,1.0,23.516054534254337,20.0,25.0,1.0,18000.0,34028.67110637606,36000.0,1.0,24.005659184615354,20.0,26.0,1.0,722.0,15.19891574932399,12.0,17.0,1.0,23043.646173436297,18000.0,36000.0,1.0,20.0,23.070443280702982,25.0,1.0,27067.624025596575,18000.0,36000.0,1.0,23.559477559586977,20.0,26.0,1.0,1.0,91121.0,7.0,4.0
11.0,22.0,11.0,22.0,-121.0,11.0,11.0,-111.0,10.187332696586136,9.0,11.0,30000.0,10000.0,19000.0,0.0,24.86639007077205,16.5,19.0,0.0,10000.0,36949.78577550083,25000.0,0.0,26.176870140896362,17.0,20.0,0.0,122.0,10.20304636846044,9.0,11.0,1.0,16432.82652762342,10000.0,19000.0,1.0,16.5,17.873478956468965,19.0,1.0,23506.762030783244,10000.0,25000.0,1.0,19.20736920772174,17.0,20.0,1.0,0.0,111.0,1.0,17.0
81.0,23.0,81.0,21.0,-721.0,912.0,12.0,-711.0,15.254020396730574,12.0,17.0,30000.0,12500.0,23000.0,0.0,27.021257381003952,20.0,24.0,0.0,12500.0,33972.244370324624,26000.0,0.0,27.503070957578228,20.0,25.0,0.0,722.0,15.08986347244084,12.0,17.0,1.0,17289.661422906334,12500.0,23000.0,1.0,20.0,21.697796571844627,24.0,1.0,21176.19907769589,12500.0,26000.0,1.0,22.169214348136098,20.0,25.0,1.0,0.0,912.0,7.0,30.0
11.0,21.0,11.0,21.0,-121.0,11.0,11.0,-111.0,10.217522582576203,9.0,11.0,30000.0,10000.0,19000.0,0.0,24.27837396215485,16.5,19.0,0.0,10000.0,36907.321117796666,25000.0,0.0,25.581223951054234,17.0,20.0,0.0,122.0,10.186841402987142,9.0,11.0,1.0,12661.627694179258,10000.0,19000.0,1.0,16.5,17.061387449131963,19.0,1.0,19702.36660314584,10000.0,25000.0,1.0,18.389402529501737,17.0,20.0,1.0,0.0,111.0,1.0,18.0
11.0,22.0,11.0,22.0,-121.0,21.0,13.0,-111.0,9.98717350287835,9.0,11.0,30000.0,10000.0,19000.0,0.0,26.09469139150785,16.5,19.0,0.0,10000.0,36623.048803020785,25000.0,0.0,27.4195958466061,17.0,20.0,0.0,121.0,9.9933787610433,9.0,11.0,1.0,13506.51572889355,10000.0,19000.0,1.0,16.5,17.26970198188741,19.0,1.0,19929.41520789467,10000.0,25000.0,1.0,18.554567666479,17.0,20.0,1.0,0.0,211.0,1.0,5.0
11.0,22.0,11.0,21.0,-121.0,11.0,11.0,-111.0,10.002333500565888,9.0,11.0,30000.0,10000.0,19000.0,0.0,24.982894597583957,16.5,19.0,0.0,10000.0,36566.395325695914,25000.0,0.0,26.298097068748334,17.0,20.0,0.0,121.0,10.007319141009432,9.0,11.0,1.0,12729.357774164655,10000.0,19000.0,1.0,16.5,17.03246064423258,19.0,1.0,19229.524244905748,10000.0,25000.0,1.0,18.334397944876667,17.0,20.0,1.0,0.0,111.0,1.0,54.0
11.0,22.0,11.0,22.0,-121.0,11.0,12.0,-111.0,10.185759294136464,9.0,11.0,30000.0,10000.0,19000.0,0.0,24.71309209289423,16.5,19.0,0.0,10000.0,36831.558377064575,25000.0,0.0,25.999340112878546,17.0,20.0,0.0,122.0,10.200337025356193,9.0,11.0,1.0,17686.037992398375,10000.0,19000.0,1.0,16.5,18.062793940070026,19.0,1.0,24586.504354293997,10000.0,25000.0,1.0,19.36201597771737,17.0,20.0,1.0,0.0,111.0,1.0,40.0
11.0,22.0,11.0,22.0,-121.0,11.0,12.0,-111.0,10.006605135230448,9.0,11.0,30000.0,10000.0,19000.0,0.0,24.68523263320961,16.5,19.0,0.0,10000.0,36488.54020134706,25000.0,0.0,25.988185121286715,17.0,20.0,0.0,121.0,10.032288716735543,9.0,11.0,1.0,15084.59847846459,10000.0,19000.0,1.0,16.5,17.592452282289344,19.0,1.0,21610.07188469357,10000.0,25000.0,1.0,18.902821263090587,17.0,20.0,1.0,0.0,111.0,1.0,14.0
11.0,22.0,11.0,21.0,-121.0,11.0,12.0,-111.0,10.00687345641422,9.0,11.0,30000.0,10000.0,19000.0,0.0,24.179237020966198,16.5,19.0,0.0,10000.0,36454.385392014214,25000.0,0.0,25.47776856774846,17.0,20.0,0.0,121.0,10.003441323688358,9.0,11.0,1.0,14923.693585550529,10000.0,19000.0,1.0,16.5,17.47803996720857,19.0,1.0,21433.333115641522,10000.0,25000.0,1.0,18.787687869309764,17.0,20.0,1.0,0.0,111.0,1.0,45.0
11.0,22.0,11.0,22.0,-121.0,21.0,13.0,-111.0,9.994899867909488,9.0,11.0,30000.0,10000.0,19000.0,0.0,24.464835312369278,16.5,19.0,0.0,10000.0,36561.46730854796,25000.0,0.0,25.778968084624932,17.0,20.0,0.0,121.0,9.988944445499504,9.0,11.0,1.0,15052.620973058265,10000.0,19000.0,1.0,16.5,17.50941050441403,19.0,1.0,21639.09619647544,10000.0,25000.0,1.0,18.82855186986234,17.0,20.0,1.0,0.0,211.0,1.0,22.0
11.0,22.0,11.0,22.0,-121.0,11.0,12.0,-111.0,9.986606242678967,9.0,11.0,30000.0,10000.0,19000.0,0.0,24.06431891680935,16.5,19.0,0.0,10000.0,36567.79902055436,25000.0,0.0,25.37840471394693,17.0,20.0,0.0,121.0,9.985487186349502,9.0,11.0,1.0,15110.430665880258,10000.0,19000.0,1.0,16.5,17.51613519453344,19.0,1.0,21626.590511723338,10000.0,25000.0,1.0,18.81988902112021,17.0,20.0,1.0,0.0,111.0,1.0,14.0
11.0,22.0,11.0,22.0,-121.0,21.0,12.0,-111.0,10.191772850070867,9.0,11.0,30000.0,10000.0,19000.0,0.0,24.103057664747837,16.5,19.0,0.0,10000.0,36982.4954607591,25000.0,0.0,25.418685995420855,17.0,20.0,0.0,122.0,10.195601083893083,9.0,11.0,1.0,16151.386589246691,10000.0,19000.0,1.0,16.5,17.765136584841507,19.0,1.0,23152.392232514656,10000.0,25000.0,1.0,19.084252568410463,17.0,20.0,1.0,0.0,211.0,1.0,48.0
11.0,21.0,11.0,22.0,-121.0,21.0,13.0,-111.0,10.186058398788134,9.0,11.0,30000.0,10000.0,19000.0,0.0,26.86410522408061,16.5,19.0,0.0,10000.0,37045.43023701462,25000.0,0.0,28.195156827330656,17.0,20.0,0.0,122.0,10.2005346437946,9.0,11.0,1.0,13212.050656086962,10000.0,19000.0,1.0,16.5,17.211184336024772,19.0,1.0,20352.37555148443,10000.0,25000.0,1.0,18.560163827697693,17.0,20.0,1.0,0.0,211.0,1.0,24.0
11.0,21.0,11.0,22.0,-121.0,11.0,11.0,-111.0,10.203574594807094,9.0,11.0,30000.0,10000.0,19000.0,0.0,27.291167541519414,16.5,19.0,0.0,10000.0,37072.33377945784,25000.0,0.0,28.625320741551644,17.0,20.0,0.0,122.0,10.189793184687028,9.0,11.0,1.0,16792.267520308793,10000.0,19000.0,1.0,16.5,17.931926337259448,19.0,1.0,23768.377092302464,10000.0,25000.0,1.0,19.247927419714625,17.0,20.0,1.0,0.0,111.0,1.0,43.0
11.0,22.0,11.0,21.0,-121.0,11.0,12.0,-111.0,10.21925948320937,9.0,11.0,30000.0,10000.0,19000.0,0.0,24.004386050439827,16.5,19.0,0.0,10000.0,36849.231295826925,25000.0,0.0,25.29967438602008,17.0,20.0,0.0,122.0,10.20636129481501,9.0,11.0,1.0,13158.863784516507,10000.0,19000.0,1.0,16.5,17.151373044884977,19.0,1.0,20253.09034812775,10000.0,25000.0,1.0,18.492993515989216,17.0,20.0,1.0,0.0,111.0,1.0,10.0
11.0,22.0,11.0,22.0,-121.0,11.0,11.0,-111.0,10.21053800822442,9.0,11.0,30000.0,10000.0,19000.0,0.0,23.932601436261294,16.5,19.0,0.0,10000.0,36950.34587795462,25000.0,0.0,25.240390829723093,17.0,20.0,0.0,122.0,10.177861179238914,9.0,11.0,1.0,16377.624395620413,10000.0,19000.0,1.0,16.5,17.766297141906634,19.0,1.0,23513.77136605656,10000.0,25000.0,1.0,19.10904719809051,17.0,20.0,1.0,0.0,111.0,1.0,55.0
11.0,21.0,11.0,22.0,-121.0,11.0,11.0,-111.0,10.002403764928511,9.0,11.0,30000.0,10000.0,19000.0,0.0,25.292641093896115,16.5,19.0,0.0,10000.0,36435.52940204154,25000.0,0.0,26.57715464465146,17.0,20.0,0.0,121.0,10.018003609844783,9.0,11.0,1.0,15993.3298267377,10000.0,19000.0,1.0,16.5,17.716528379437268,19.0,1.0,22496.349669068666,10000.0,25000.0,1.0,19.01451283206911,17.0,20.0,1.0,0.0,111.0,1.0,35.0
11.0,22.0,11.0,22.0,-121.0,11.0,11.0,-111.0,10.004848458666473,9.0,11.0,30000.0,10000.0,19000.0,0.0,23.035237886016223,16.5,19.0,0.0,10000.0,36543.76269914272,25000.0,0.0,24.34784230022858,17.0,20.0,0.0,121.0,9.996271569551121,9.0,11.0,1.0,14862.630554158859,10000.0,19000.0,1.0,16.5,17.499992369660525,19.0,1.0,21281.587857619008,10000.0,25000.0,1.0,18.787562240167333,17.0,20.0,1.0,0.0,111.0,1.0,27.0
11.0,22.0,11.0,22.0,-121.0,11.0,11.0,-111.0,10.203331407075787,9.0,11.0,30000.0,10000.0,19000.0,0.0,24.66005933315226,16.5,19.0,0.0,10000.0,36790.72386857998,25000.0,0.0,25.936847875555298,17.0,20.0,0.0,122.0,10.2044202054861,9.0,11.0,1.0,17531.74078359919,10000.0,19000.0,1.0,16.5,18.041506584474654,19.0,1.0,24531.193373090497,10000.0,25000.0,1.0,19.357540197725452,17.0,20.0,1.0,0.0,111.0,1.0,50.0
91.0,21.0,91.0,24.0,-721.0,911.0,12.0,-711.0,14.921840180051914,12.0,17.0,30000.0,18000.0,36000.0,1.0,24.851910170455817,20.0,25.0,1.0,18000.0,34532.44960768317,36000.0,1.0,25.4194431830665,20.0,26.0,1.0,721.0,15.543634418364453,12.0,17.0,1.0,27806.630417822496,18000.0,36000.0,1.0,20.0,23.98453312239897,25.0,1.0,32397.284288039526,18000.0,36000.0,1.0,24.559354211727957,20.0,26.0,1.0,1.0,91121.0,7.0,19.0
11.0,21.0,11.0,22.0,-121.0,21.0,13.0,-111.0,10.179283687167997,9.0,11.0,30000.0,10000.0,19000.0,0.0,26.323673567194177,16.5,19.0,0.0,10000.0,36843.860785360936,25000.0,0.0,27.618949208043706,17.0,20.0,0.0,122.0,10.205151935971372,9.0,11.0,1.0,12407.982304540581,10000.0,19000.0,1.0,16.5,17.07655387526761,19.0,1.0,19345.240655939084,10000.0,25000.0,1.0,18.38950602883374,17.0,20.0,1.0,0.0,211.0,1.0,52.0
11.0,22.0,11.0,21.0,-121.0,21.0,13.0,-111.0,10.206536368597776,9.0,11.0,30000.0,10000.0,19000.0,0.0,26.168409017257744,16.5,19.0,0.0,10000.0,37078.253945169934,25000.0,0.0,27.50075093025505,17.0,20.0,0.0,122.0,10.18906899629863,9.0,11.0,1.0,11975.706612393835,10000.0,19000.0,1.0,16.5,16.931241657672672,19.0,1.0,18939.03262454999,10000.0,25000.0,1.0,18.241950650557964,17.0,20.0,1.0,0.0,211.0,1.0,2.0
91.0,21.0,91.0,24.0,-721.0,911.0,12.0,-711.0,15.25478998967748,12.0,17.0,30000.0,18000.0,36000.0,1.0,25.50853461426241,20.0,25.0,0.0,18000.0,34515.561832252664,36000.0,1.0,26.07203737899873,20.0,26.0,0.0,721.0,14.980105524844713,12.0,17.0,1.0,23740.103423536057,18000.0,36000.0,1.0,20.0,22.96619382626254,25.0,1.0,28303.494258915725,18000.0,36000.0,1.0,23.53566523377198,20.0,26.0,1.0,0.0,91121.0,7.0,19.0
11.0,21.0,11.0,22.0,-121.0,11.0,11.0,-111.0,10.01732100063926,9.0,11.0,30000.0,10000.0,19000.0,0.0,24.577514131233944,16.5,19.0,0.0,10000.0,36483.357660708134,25000.0,0.0,25.871372723309214,17.0,20.0,0.0,121.0,10.019145817374651,9.0,11.0,1.0,16915.922187596694,10000.0,19000.0,1.0,16.5,17.9327594984913,19.0,1.0,23491.926261896893,10000.0,25000.0,1.0,19.24510717670438,17.0,20.0,1.0,0.0,111.0,1.0,43.0
11.0,22.0,11.0,22.0,-121.0,11.0,12.0,-111.0,10.203789689758509,9.0,11.0,30000.0,10000.0,19000.0,0.0,23.754967539479026,16.5,19.0,0.0,10000.0,36981.81186998641,25000.0,0.0,25.075255511261158,17.0,20.0,0.0,122.0,10.193433822962126,9.0,11.0,1.0,16735.46978281659,10000.0,19000.0,1.0,16.5,17.88345470986434,19.0,1.0,23819.21776512219,10000.0,25000.0,1.0,19.223019199761175,17.0,20.0,1.0,0.0,111.0,1.0,14.0
11.0,21.0,11.0,22.0,-121.0,11.0,12.0,-111.0,10.199130014278165,9.0,11.0,30000.0,10000.0,19000.0,0.0,25.24057762351246,16.5,19.0,0.0,10000.0,37218.252884571084,25000.0,0.0,26.59953137169073,17.0,20.0,0.0,122.0,10.169785934305363,9.0,11.0,1.0,15076.248638302832,10000.0,19000.0,1.0,16.5,17.521994399442256,19.0,1.0,22276.68791366851,10000.0,25000.0,1.0,18.877594445362462,17.0,20.0,1.0,0.0,111.0,1.0,7.0
91.0,21.0,91.0,24.0,-721.0,911.0,12.0,-711.0,14.974020338339086,12.0,17.0,30000.0,18000.0,36000.0,1.0,25.190607449518915,20.0,25.0,0.0,18000.0,33951.521177381954,36000.0,1.0,25.67194149802452,20.0,26.0,1.0,722.0,14.95781237148348,12.0,17.0,1.0,26088.848530467996,18000.0,36000.0,1.0,20.0,23.100909845003955,25.0,1.0,30118.14550293747,18000.0,36000.0,1.0,23.59171774842384,20.0,26.0,1.0,0.0,91121.0,7.0,26.0
11.0,22.0,11.0,21.0,-121.0,21.0,13.0,-111.0,10.016652443782322,9.0,11.0,30000.0,10000.0,19000.0,0.0,24.280308019649055,16.5,19.0,0.0,10000.0,36427.223548677735,25000.0,0.0,25.566568803817653,17.0,20.0,0.0,121.0,10.00024544538945,9.0,11.0,1.0,12201.998934192672,10000.0,19000.0,1.0,16.5,16.93270721540913,19.0,1.0,18708.308766760423,10000.0,25000.0,1.0,18.23479529806251,17.0,20.0,1.0,0.0,211.0,1.0,58.0
11.0,21.0,11.0,22.0,-121.0,21.0,13.0,-111.0,10.212359083081557,9.0,11.0,30000.0,10000.0,19000.0,0.0,26.4048044546986,16.5,19.0,0.0,10000.0,36959.850969496765,25000.0,0.0,27.719890893074844,17.0,20.0,0.0,122.0,10.222645077600639,9.0,11.0,1.0,14946.243316129876,10000.0,19000.0,1.0,16.5,17.58077054776836,19.0,1.0,22134.522422854156,10000.0,25000.0,1.0,18.939019224348847,17.0,20.0,1.0,0.0,211.0,1.0,32.0
92.0,24.0,92.0,24.0,-721.0,921.0,13.0,-711.0,15.212717935039775,12.0,17.0,30000.0,15000.0,28000.0,0.0,24.840675198472795,19.5,25.0,1.0,15000.0,34549.04766072989,28000.0,0.0,25.411543914101994,20.0,26.0,1.0,721.0,14.328113144067178,12.0,17.0,1.0,22061.54475298739,15000.0,28000.0,1.0,19.5,21.135131973702943,25.0,1.0,26533.393843650418,15000.0,28000.0,1.0,21.6963128927142,20.0,26.0,1.0,0.0,92122.0,7.0,20.0
11.0,22.0,11.0,21.0,-121.0,21.0,13.0,-111.0,10.21676533384889,9.0,11.0,30000.0,10000.0,19000.0,0.0,23.88160945542205,16.5,19.0,0.0,10000.0,37105.792973351134,25000.0,0.0,25.224148727440067,17.0,20.0,0.0,122.0,10.177766243021614,9.0,11.0,1.0,13145.567732321893,10000.0,19000.0,1.0,16.5,17.151068788442394,19.0,1.0,20168.966880395707,10000.0,25000.0,1.0,18.478040910302582,17.0,20.0,1.0,0.0,211.0,1.0,33.0
11.0,21.0,11.0,22.0,-121.0,11.0,11.0,-111.0,10.215344082384863,9.0,11.0,30000.0,10000.0,19000.0,0.0,25.380989832822333,16.5,19.0,0.0,10000.0,37151.88671344105,25000.0,0.0,26.72972171877454,17.0,20.0,0.0,122.0,10.233489129713824,9.0,11.0,1.0,15446.230185240525,10000.0,19000.0,1.0,16.5,17.690745833192544,19.0,1.0,22368.006637270635,10000.0,25000.0,1.0,18.99608259009909,17.0,20.0,1.0,0.0,111.0,1.0,35.0
11.0,22.0,11.0,22.0,-121.0,21.0,12.0,-111.0,10.2016535035353,9.0,11.0,30000.0,10000.0,19000.0,0.0,24.044425523387883,16.5,19.0,0.0,10000.0,37095.915567249285,25000.0,0.0,25.37670217848134,17.0,20.0,0.0,122.0,10.210834790542322,9.0,11.0,1.0,14568.447446848271,10000.0,19000.0,1.0,16.5,17.453525819820758,19.0,1.0,21504.01801561766,10000.0,25000.0,1.0,18.755697283242863,17.0,20.0,1.0,0.0,211.0,1.0,48.0
11.0,22.0,11.0,21.0,-121.0,11.0,12.0,-111.0,10.218757063156145,9.0,11.0,30000.0,10000.0,19000.0,0.0,23.566813147545542,16.5,19.0,0.0,10000.0,37127.32525038049,25000.0,0.0,24.908223822663324,17.0,20.0,0.0,122.0,10.198632242085587,9.0,11.0,1.0,13591.085594655058,10000.0,19000.0,1.0,16.5,17.234512486511164,19.0,1.0,20667.295934451642,10000.0,25000.0,1.0,18.56630299076453,17.0,20.0,1.0,0.0,111.0,1.0,45.0
91.0,24.0,91.0,24.0,-721.0,911.0,12.0,-711.0,15.142316518296976,12.0,17.0,30000.0,18000.0,36000.0,1.0,25.051634564571778,20.0,25.0,0.0,18000.0,34035.7867770071,36000.0,1.0,25.54368197427442,20.0,26.0,1.0,722.0,15.176568330152879,12.0,17.0,1.0,26902.358122497255,18000.0,36000.0,1.0,20.0,23.469174187985303,25.0,1.0,30858.06743844519,18000.0,36000.0,1.0,23.951458468596435,20.0,26.0,1.0,0.0,91121.0,7.0,13.0
11.0,22.0,11.0,22.0,-121.0,11.0,11.0,-111.0,10.159759801477355,9.0,11.0,30000.0,10000.0,19000.0,0.0,24.848253328948907,16.5,19.0,0.0,10000.0,37135.45201621138,25000.0,0.0,26.190147075114005,17.0,20.0,0.0,122.0,10.184615629913328,9.0,11.0,1.0,12254.175860041805,10000.0,19000.0,1.0,16.5,16.959709026764937,19.0,1.0,19308.03757729353,10000.0,25000.0,1.0,18.286258893989647,17.0,20.0,1.0,0.0,111.0,1.0,17.0
11.0,22.0,11.0,22.0,-121.0,21.0,13.0,-111.0,10.200173592815286,9.0,11.0,30000.0,10000.0,19000.0,0.0,26.636188563185637,16.5,19.0,0.0,10000.0,37012.83864686945,25000.0,0.0,27.963263070957705,17.0,20.0,0.0,122.0,10.208629420499483,9.0,11.0,1.0,15640.283493449506,10000.0,19000.0,1.0,16.5,17.761485315676634,19.0,1.0,22778.847201118064,10000.0,25000.0,1.0,19.11235140508577,17.0,20.0,1.0,0.0,211.0,1.0,36.0
11.0,22.0,11.0,22.0,-121.0,21.0,13.0,-111.0,10.19198536928515,9.0,11.0,30000.0,10000.0,19000.0,0.0,25.230420718218255,16.5,19.0,0.0,10000.0,36920.69026769865,25000.0,0.0,26.544560449123843,17.0,20.0,0.0,122.0,10.20788009854287,9.0,11.0,1.0,12316.190869958706,10000.0,19000.0,1.0,16.5,17.082031003294915,19.0,1.0,19268.54095259963,10000.0,25000.0,1.0,18.40218247856117,17.0,20.0,1.0,0.0,211.0,1.0,3.0
81.0,23.0,81.0,21.0,-721.0,912.0,12.0,-711.0,15.204033613309665,12.0,17.0,30000.0,12500.0,23000.0,0.0,26.162027931201543,20.0,24.0,0.0,12500.0,33955.154374949,26000.0,0.0,26.64630189541166,20.0,25.0,0.0,722.0,14.920926329518757,12.0,17.0,1.0,15564.626770011335,12500.0,23000.0,1.0,20.0,21.281705883411586,24.0,1.0,19520.258668619437,12500.0,26000.0,1.0,21.766038316205602,20.0,25.0,1.0,0.0,912.0,7.0,11.0
91.0,24.0,91.0,21.0,-721.0,911.0,12.0,-711.0,15.252534598333158,12.0,17.0,30000.0,18000.0,36000.0,1.0,23.954945358925997,20.0,25.0,1.0,18000.0,33934.69011878106,36000.0,1.0,24.433687382408184,20.0,26.0,1.0,722.0,15.108119221156134,12.0,17.0,1.0,26733.36925297104,18000.0,36000.0,1.0,20.0,23.291262605020158,25.0,1.0,30682.492241926248,18000.0,36000.0,1.0,23.771760706176376,20.0,26.0,1.0,1.0,91121.0,7.0,29.0
11.0,22.0,11.0,21.0,-121.0,21.0,13.0,-111.0,10.002914327039235,9.0,11.0,30000.0,10000.0,19000.0,0.0,25.827152801007685,16.5,19.0,0.0,10000.0,36541.54389427043,25000.0,0.0,27.133194520636735,17.0,20.0,0.0,121.0,10.007250359463935,9.0,11.0,1.0,12905.080877948676,10000.0,19000.0,1.0,16.5,17.067424324869776,19.0,1.0,19344.54755873912,10000.0,25000.0,1.0,18.353085978021692,17.0,20.0,1.0,0.0,211.0,1.0,2.0
91.0,24.0,91.0,24.0,-721.0,911.0,11.0,-711.0,15.624395692022023,12.0,17.0,30000.0,18000.0,36000.0,1.0,25.41318106433286,20.0,25.0,0.0,18000.0,33999.85475262609,36000.0,1.0,25.89863405362914,20.0,26.0,1.0,722.0,15.263518607103181,12.0,17.0,1.0,25220.7794259363,18000.0,36000.0,1.0,20.0,23.348010281288726,25.0,1.0,29213.266379796987,18000.0,36000.0,1.0,23.832569058130705,20.0,26.0,1.0,0.0,91121.0,7.0,4.0
81.0,23.0,81.0,23.0,-721.0,912.0,12.0,-711.0,15.33637933079528,12.0,17.0,30000.0,12500.0,23000.0,0.0,26.97844803961648,20.0,24.0,0.0,12500.0,34075.48828896086,26000.0,0.0,27.475875910122802,20.0,25.0,0.0,722.0,15.309305092245365,12.0,17.0,1.0,15623.713936388462,12500.0,23000.0,1.0,20.0,21.7197632863168,24.0,1.0,19586.287879086747,12500.0,26000.0,1.0,22.203409558440633,20.0,25.0,1.0,0.0,912.0,7.0,5.0
11.0,22.0,11.0,22.0,-121.0,21.0,13.0,-111.0,10.208536211013964,9.0,11.0,30000.0,10000.0,19000.0,0.0,25.785105701904673,16.5,19.0,0.0,10000.0,36977.574600943015,25000.0,0.0,27.09588874215773,17.0,20.0,0.0,122.0,10.1929301224266,9.0,11.0,1.0,14009.158565876827,10000.0,19000.0,1.0,16.5,17.34880296860822,19.0,1.0,21008.549611636332,10000.0,25000.0,1.0,18.663684370756283,17.0,20.0,1.0,0.0,211.0,1.0,28.0
81.0,23.0,81.0,21.0,-721.0,912.0,12.0,-711.0,15.513184085934972,12.0,17.0,30000.0,12500.0,23000.0,0.0,26.935650405618382,20.0,24.0,0.0,12500.0,34476.16661285681,26000.0,0.0,27.496601874545934,20.0,25.0,0.0,721.0,14.818918355790608,12.0,17.0,1.0,16708.09374283135,12500.0,23000.0,1.0,20.0,21.325229364001743,24.0,1.0,21195.10053389028,12500.0,26000.0,1.0,21.88753931986954,20.0,25.0,1.0,0.0,912.0,7.0,11.0
11.0,22.0,11.0,21.0,-121.0,11.0,12.0,-111.0,9.986596942180421,9.0,11.0,30000.0,10000.0,19000.0,0.0,23.570453882338896,16.5,19.0,0.0,10000.0,36434.67762863867,25000.0,0.0,24.855413377831926,17.0,20.0,0.0,121.0,9.99245066587396,9.0,11.0,1.0,15347.46212010446,10000.0,19000.0,1.0,16.5,17.554373980868775,19.0,1.0,21809.593876090352,10000.0,25000.0,1.0,18.844815870921604,17.0,20.0,1.0,0.0,111.0,1.0,46.0
11.0,22.0,11.0,22.0,-121.0,11.0,11.0,-111.0,10.19088040426418,9.0,11.0,30000.0,10000.0,19000.0,0.0,25.16283025414558,16.5,19.0,0.0,10000.0,37134.88674500634,25000.0,0.0,26.514487370703957,17.0,20.0,0.0,122.0,10.185552018044532,9.0,11.0,1.0,15470.917921038495,10000.0,19000.0,1.0,16.5,17.648596974204704,19.0,1.0,22595.619135281868,10000.0,25000.0,1.0,18.99832450930878,17.0,20.0,1.0,0.0,111.0,1.0,15.0
91.0,24.0,91.0,24.0,-721.0,911.0,12.0,-711.0,14.9878650033767,12.0,17.0,30000.0,18000.0,36000.0,1.0,25.460805233818654,20.0,25.0,0.0,18000.0,34524.425218545555,36000.0,1.0,26.02559364904299,20.0,26.0,0.0,721.0,15.224073022842273,12.0,17.0,1.0,26064.395242667637,18000.0,36000.0,1.0,20.0,23.522363409879794,25.0,1.0,30530.112061689466,18000.0,36000.0,1.0,24.079823198300563,20.0,26.0,1.0,0.0,91121.0,7.0,1.0
11.0,22.0,11.0,22.0,-121.0,11.0,12.0,-111.0,9.991549001108618,9.0,11.0,30000.0,10000.0,19000.0,0.0,23.464666047301463,16.5,19.0,0.0,10000.0,36506.40044655059,25000.0,0.0,24.765846906113698,17.0,20.0,0.0,121.0,9.998444004616985,9.0,11.0,1.0,16783.710701947355,10000.0,19000.0,1.0,16.5,17.860623564902752,19.0,1.0,23365.569109284996,10000.0,25000.0,1.0,19.17689486504698,17.0,20.0,1.0,0.0,111.0,1.0,14.0
11.0,22.0,11.0,22.0,-121.0,21.0,13.0,-111.0,10.213526258896255,9.0,11.0,30000.0,10000.0,19000.0,0.0,25.48216038895235,16.5,19.0,0.0,10000.0,37048.59832893189,25000.0,0.0,26.81459794267949,17.0,20.0,0.0,122.0,10.207472063716493,9.0,11.0,1.0,12836.229309077677,10000.0,19000.0,1.0,16.5,17.1722985037602,19.0,1.0,19876.338495657536,10000.0,25000.0,1.0,18.503131305515254,17.0,20.0,1.0,0.0,211.0,1.0,41.0
11.0,22.0,11.0,21.0,-121.0,11.0,11.0,-111.0,9.999117731270248,9.0,11.0,30000.0,10000.0,19000.0,0.0,23.389688125281047,16.5,19.0,0.0,10000.0,36451.521392622824,25000.0,0.0,24.67575121994389,17.0,20.0,0.0,121.0,10.016356335756416,9.0,11.0,1.0,12240.90111037496,10000.0,19000.0,1.0,16.5,16.958728448321622,19.0,1.0,18678.195307178346,10000.0,25000.0,1.0,18.241955456677005,17.0,20.0,1.0,0.0,111.0,1.0,26.0
11.0,21.0,11.0,22.0,-121.0,11.0,11.0,-111.0,9.999667412721834,9.0,11.0,30000.0,10000.0,19000.0,0.0,25.58156608727787,16.5,19.0,0.0,10000.0,36513.73012721377,25000.0,0.0,26.88656905632337,17.0,20.0,0.0,121.0,9.993660555170562,9.0,11.0,1.0,15532.893347307625,10000.0,19000.0,1.0,16.5,17.633794687056803,19.0,1.0,22029.833317655175,10000.0,25000.0,1.0,18.93543380710438,17.0,20.0,1.0,0.0,111.0,1.0,43.0
11.0,22.0,11.0,21.0,-121.0,21.0,13.0,-111.0,9.99124785517613,9.0,11.0,30000.0,10000.0,19000.0,0.0,26.37682051578687,16.5,19.0,0.0,10000.0,36486.295884336425,25000.0,0.0,27.67190400537959,17.0,20.0,0.0,121.0,9.986056569122606,9.0,11.0,1.0,12873.347775127591,10000.0,19000.0,1.0,16.5,17.008631446880294,19.0,1.0,19369.30091799709,10000.0,25000.0,1.0,18.30564314886171,17.0,20.0,1.0,0.0,211.0,1.0,33.0
91.0,24.0,91.0,24.0,-721.0,911.0,12.0,-711.0,15.015327098884491,12.0,17.0,30000.0,18000.0,36000.0,1.0,23.752843394448988,20.0,25.0,1.0,18000.0,34032.8544209053,36000.0,1.0,24.24407069594508,20.0,26.0,1.0,722.0,15.33760541065784,12.0,17.0,1.0,25587.456750395097,18000.0,36000.0,1.0,20.0,23.522768183228006,25.0,1.0,29536.261777474552,18000.0,36000.0,1.0,24.003757734333846,20.0,26.0,1.0,1.0,91121.0,7.0,8.0
11.0,22.0,11.0,22.0,-121.0,11.0,12.0,-111.0,9.986471091456043,9.0,11.0,30000.0,10000.0,19000.0,0.0,24.233662693769574,16.5,19.0,0.0,10000.0,36471.52707792113,25000.0,0.0,25.53296118756554,17.0,20.0,0.0,121.0,10.003755929310758,9.0,11.0,1.0,16611.708710155945,10000.0,19000.0,1.0,16.5,17.850292599447,19.0,1.0,23020.302159913757,10000.0,25000.0,1.0,19.136955811446697,17.0,20.0,1.0,0.0,111.0,1.0,42.0
11.0,22.0,11.0,22.0,-121.0,21.0,13.0,-111.0,10.006247198924985,9.0,11.0,30000.0,10000.0,19000.0,0.0,26.035637791349497,16.5,19.0,0.0,10000.0,36516.73890437574,25000.0,0.0,27.340622561117186,17.0,20.0,0.0,121.0,10.0036967704953,9.0,11.0,1.0,13614.093836869788,10000.0,19000.0,1.0,16.5,17.251929566119227,19.0,1.0,20133.03861653465,10000.0,25000.0,1.0,18.557356065055224,17.0,20.0,1.0,0.0,211.0,1.0,28.0
11.0,22.0,11.0,22.0,-121.0,11.0,11.0,-111.0,10.20265955079245,9.0,11.0,30000.0,10000.0,19000.0,0.0,25.15279561702326,16.5,19.0,0.0,10000.0,37047.291416274085,25000.0,0.0,26.486190162560035,17.0,20.0,0.0,122.0,10.176347941521021,9.0,11.0,1.0,16186.161542364016,10000.0,19000.0,1.0,16.5,17.744426194717427,19.0,1.0,23053.803960894395,10000.0,25000.0,1.0,19.043829951516642,17.0,20.0,1.0,0.0,111.0,1.0,55.0
11.0,22.0,11.0,22.0,-121.0,21.0,13.0,-111.0,10.003649021639585,9.0,11.0,30000.0,10000.0,19000.0,0.0,25.028599547517345,16.5,19.0,0.0,10000.0,36521.31452133036,25000.0,0.0,26.331636293271764,17.0,20.0,0.0,121.0,10.003260298123317,9.0,11.0,1.0,13888.563528201279,10000.0,19000.0,1.0,16.5,17.28055763637091,19.0,1.0,20311.79947933505,10000.0,25000.0,1.0,18.563997109133943,17.0,20.0,1.0,0.0,211.0,1.0,21.0
11.0,22.0,11.0,21.0,-121.0,11.0,11.0,-111.0,10.189475466879006,9.0,11.0,30000.0,10000.0,19000.0,0.0,23.877111232292638,16.5,19.0,0.0,10000.0,36943.40923183949,25000.0,0.0,25.183461964903838,17.0,20.0,0.0,122.0,10.191853955024742,9.0,11.0,1.0,13712.521431326857,10000.0,19000.0,1.0,16.5,17.23966458089496,19.0,1.0,20566.765647414417,10000.0,25000.0,1.0,18.529239579891513,17.0,20.0,1.0,0.0,111.0,1.0,0.0
11.0,22.0,11.0,22.0,-121.0,21.0,13.0,-111.0,10.168342550276668,9.0,11.0,30000.0,10000.0,19000.0,0.0,25.932359652495663,16.5,19.0,0.0,10000.0,37132.67930214076,25000.0,0.0,27.283288378933975,17.0,20.0,0.0,122.0,10.180169514441062,9.0,11.0,1.0,13214.162044429642,10000.0,19000.0,1.0,16.5,17.23503755376415,19.0,1.0,20306.803078708257,10000.0,25000.0,1.0,18.578383036386136,17.0,20.0,1.0,0.0,211.0,1.0,8.0
11.0,22.0,11.0,22.0,-121.0,21.0,13.0,-111.0,10.191542536707638,9.0,11.0,30000.0,10000.0,19000.0,0.0,24.66596507596325,16.5,19.0,0.0,10000.0,37177.20835302734,25000.0,0.0,26.01196623250272,17.0,20.0,0.0,122.0,10.216449927787693,9.0,11.0,1.0,13693.26766332447,10000.0,19000.0,1.0,16.5,17.343319774554065,19.0,1.0,20525.370114335314,10000.0,25000.0,1.0,18.624600371177383,17.0,20.0,1.0,0.0,211.0,1.0,22.0
11.0,22.0,11.0,21.0,-121.0,21.0,13.0,-111.0,9.998481856872496,9.0,11.0,30000.0,10000.0,19000.0,0.0,25.102721559353714,16.5,19.0,0.0,10000.0,36571.397469958814,25000.0,0.0,26.415740747609068,17.0,20.0,0.0,121.0,10.00579376943371,9.0,11.0,1.0,13037.958406897842,10000.0,19000.0,1.0,16.5,17.073058943830205,19.0,1.0,19563.3815606567,10000.0,25000.0,1.0,18.376892086101666,17.0,20.0,1.0,0.0,211.0,1.0,33.0
11.0,22.0,11.0,22.0,-121.0,21.0,13.0,-111.0,10.202499917478594,9.0,11.0,30000.0,10000.0,19000.0,0.0,27.689173778165742,16.5,19.0,0.0,10000.0,36918.02498602765,25000.0,0.0,28.994149283779215,17.0,20.0,0.0,122.0,10.208281105201976,9.0,11.0,1.0,14071.384955956753,10000.0,19000.0,1.0,16.5,17.45116674964332,19.0,1.0,21232.08589594995,10000.0,25000.0,1.0,18.80191921853259,17.0,20.0,1.0,0.0,211.0,1.0,19.0
11.0,22.0,11.0,22.0,-121.0,21.0,12.0,-111.0,10.201065935174348,9.0,11.0,30000.0,10000.0,19000.0,0.0,24.603299288203594,16.5,19.0,0.0,10000.0,37068.27971502024,25000.0,0.0,25.940266696236414,17.0,20.0,0.0,122.0,10.199510230990903,9.0,11.0,1.0,14771.520359493656,10000.0,19000.0,1.0,16.5,17.57452774613387,19.0,1.0,21600.15205208722,10000.0,25000.0,1.0,18.866165652745984,17.0,20.0,1.0,0.0,211.0,1.0,25.0
91.0,21.0,91.0,24.0,-721.0,911.0,12.0,-711.0,14.310322844305315,12.0,17.0,30000.0,18000.0,36000.0,1.0,23.9898907079523,20.0,25.0,1.0,18000.0,34586.31894586233,36000.0,1.0,24.5589012824118,20.0,26.0,1.0,721.0,15.267969194784673,12.0,17.0,1.0,26928.13264781145,18000.0,36000.0,1.0,20.0,23.66214615351725,25.0,1.0,31444.442647329637,18000.0,36000.0,1.0,24.222470931971976,20.0,26.0,1.0,1.0,91121.0,7.0,19.0
91.0,24.0,91.0,24.0,-721.0,911.0,12.0,-711.0,14.978287403200122,12.0,17.0,30000.0,18000.0,36000.0,1.0,24.349666313967894,20.0,25.0,1.0,18000.0,34026.33051871807,36000.0,1.0,24.839302225982884,20.0,26.0,1.0,722.0,15.07935549868379,12.0,17.0,1.0,29204.11631659902,18000.0,36000.0,1.0,20.0,23.71349995055843,25.0,1.0,33239.60120020527,18000.0,36000.0,1.0,24.20424911092203,20.0,26.0,1.0,1.0,91121.0,7.0,13.0
11.0,22.0,11.0,22.0,-121.0,21.0,13.0,-111.0,10.004120977978744,9.0,11.0,30000.0,10000.0,19000.0,0.0,25.41383869500074,16.5,19.0,0.0,10000.0,36446.038990962516,25000.0,0.0,26.699598835575063,17.0,20.0,0.0,121.0,10.00120573231961,9.0,11.0,1.0,13160.180764454857,10000.0,19000.0,1.0,16.5,17.097772369098806,19.0,1.0,19723.713844806527,10000.0,25000.0,1.0,18.40696848595274,17.0,20.0,1.0,0.0,211.0,1.0,4.0
11.0,22.0,11.0,21.0,-121.0,11.0,12.0,-111.0,10.206833671601036,9.0,11.0,30000.0,10000.0,19000.0,0.0,25.113798281878076,16.5,19.0,0.0,10000.0,36902.55341290679,25000.0,0.0,26.420002933034674,17.0,20.0,0.0,122.0,10.165241737512138,9.0,11.0,1.0,15569.899142338361,10000.0,19000.0,1.0,16.5,17.59550147141178,19.0,1.0,22574.734141778576,10000.0,25000.0,1.0,18.921061377945005,17.0,20.0,1.0,0.0,111.0,1.0,10.0
11.0,22.0,11.0,22.0,-121.0,21.0,13.0,-111.0,9.997511517058443,9.0,11.0,30000.0,10000.0,19000.0,0.0,26.923088840454106,16.5,19.0,0.0,10000.0,36396.228134114484,25000.0,0.0,28.196192138641592,17.0,20.0,0.0,121.0,9.996961519578974,9.0,11.0,1.0,13529.516552566702,10000.0,19000.0,1.0,16.5,17.20346074947951,19.0,1.0,20017.334366331477,10000.0,25000.0,1.0,18.49479402958725,17.0,20.0,1.0,0.0,211.0,1.0,21.0
11.0,22.0,11.0,21.0,-121.0,21.0,12.0,-111.0,10.001621924616252,9.0,11.0,30000.0,10000.0,19000.0,0.0,23.536163573887876,16.5,19.0,0.0,10000.0,36570.64179178849,25000.0,0.0,24.849039473341975,17.0,20.0,0.0,121.0,9.989757079136599,9.0,11.0,1.0,12844.391727153787,10000.0,19000.0,1.0,16.5,17.010898325047037,19.0,1.0,19401.11589161682,10000.0,25000.0,1.0,18.320993351936146,17.0,20.0,1.0,0.0,211.0,1.0,53.0
11.0,22.0,11.0,21.0,-121.0,11.0,11.0,-111.0,10.190589953138266,9.0,11.0,30000.0,10000.0,19000.0,0.0,24.459371457174484,16.5,19.0,0.0,10000.0,37093.255574717776,25000.0,0.0,25.792144017856938,17.0,20.0,0.0,122.0,10.193121962880255,9.0,11.0,1.0,16374.683820331225,10000.0,19000.0,1.0,16.5,17.752336803713135,19.0,1.0,23387.76709414275,10000.0,25000.0,1.0,19.07004555601464,17.0,20.0,1.0,0.0,111.0,1.0,12.0
11.0,22.0,11.0,21.0,-121.0,21.0,13.0,-111.0,10.176237512204782,9.0,11.0,30000.0,10000.0,19000.0,0.0,25.141265256803685,16.5,19.0,0.0,10000.0,37065.176275888836,25000.0,0.0,26.47296164533116,17.0,20.0,0.0,122.0,10.212018392395617,9.0,11.0,1.0,12557.596829990882,10000.0,19000.0,1.0,16.5,17.05277188775373,19.0,1.0,19495.479269125553,10000.0,25000.0,1.0,18.360474997689444,17.0,20.0,1.0,0.0,211.0,1.0,2.0
81.0,21.0,81.0,21.0,-721.0,912.0,12.0,-711.0,15.282597863758527,12.0,17.0,30000.0,12500.0,23000.0,0.0,28.66825940202351,20.0,24.0,0.0,12500.0,34463.169958804414,26000.0,0.0,29.227903242003908,20.0,25.0,0.0,721.0,14.964690085390048,12.0,17.0,1.0,15774.538493412967,12500.0,23000.0,1.0,20.0,21.364433663382385,24.0,1.0,20281.58110702661,12500.0,26000.0,1.0,21.929578763954293,20.0,25.0,1.0,0.0,912.0,7.0,6.0
11.0,22.0,11.0,22.0,-121.0,21.0,12.0,-111.0,10.210358201634191,9.0,11.0,30000.0,10000.0,19000.0,0.0,24.625798263284594,16.5,19.0,0.0,10000.0,36764.79911239755,25000.0,0.0,25.89997619023158,17.0,20.0,0.0,122.0,10.210968367275347,9.0,11.0,1.0,17733.595283222927,10000.0,19000.0,1.0,16.5,18.070496551260117,19.0,1.0,24825.17932171727,10000.0,25000.0,1.0,19.40622577230665,17.0,20.0,1.0,0.0,211.0,1.0,23.0
11.0,22.0,11.0,21.0,-121.0,11.0,11.0,-111.0,10.007239028401083,9.0,11.0,30000.0,10000.0,19000.0,0.0,24.83417048432286,16.5,19.0,0.0,10000.0,36467.02774828994,25000.0,0.0,26.13360537841141,17.0,20.0,0.0,121.0,9.9962109701123,9.0,11.0,1.0,14985.701560931397,10000.0,19000.0,1.0,16.5,17.472213172342393,19.0,1.0,21477.018348881455,10000.0,25000.0,1.0,18.776528519539653,17.0,20.0,1.0,0.0,111.0,1.0,0.0
11.0,22.0,11.0,22.0,-121.0,21.0,13.0,-111.0,10.002993424799762,9.0,11.0,30000.0,10000.0,19000.0,0.0,25.18448614410493,16.5,19.0,0.0,10000.0,36423.83661354856,25000.0,0.0,26.466694615227933,17.0,20.0,0.0,121.0,10.00895543991341,9.0,11.0,1.0,15633.362384542928,10000.0,19000.0,1.0,16.5,17.689257739245328,19.0,1.0,22071.986620659958,10000.0,25000.0,1.0,18.974417844425314,17.0,20.0,1.0,0.0,211.0,1.0,5.0
81.0,23.0,81.0,21.0,-721.0,912.0,12.0,-711.0,15.010277190441615,12.0,17.0,30000.0,12500.0,23000.0,0.0,25.6786628936266,20.0,24.0,0.0,12500.0,33952.52992590983,26000.0,0.0,26.16186749051966,20.0,25.0,0.0,722.0,15.174108753520454,12.0,17.0,1.0,15090.383859067664,12500.0,23000.0,1.0,20.0,21.444184736924967,24.0,1.0,19060.3306132449,12500.0,26000.0,1.0,21.929518575503696,20.0,25.0,1.0,0.0,912.0,7.0,11.0
11.0,21.0,11.0,22.0,-121.0,21.0,13.0,-111.0,9.991446791876674,9.0,11.0,30000.0,10000.0,19000.0,0.0,29.52362258417591,16.5,19.0,0.0,10000.0,36537.51847792456,25000.0,0.0,30.829070704240788,17.0,20.0,0.0,121.0,10.007710528506145,9.0,11.0,1.0,12574.026563887965,10000.0,19000.0,1.0,16.5,17.025455437175367,19.0,1.0,18997.695717598683,10000.0,25000.0,1.0,18.308169489754626,17.0,20.0,1.0,0.0,211.0,1.0,59.0
11.0,22.0,11.0,21.0,-121.0,11.0,12.0,-111.0,9.986255185842271,9.0,11.0,30000.0,10000.0,19000.0,0.0,25.33129075479615,16.5,19.0,0.0,10000.0,36455.052802148195,25000.0,0.0,26.6211492767344,17.0,20.0,0.0,121.0,10.002627282536158,9.0,11.0,1.0,13500.350102465243,10000.0,19000.0,1.0,16.5,17.18707758233106,19.0,1.0,20040.36583379296,10000.0,25000.0,1.0,18.493913526702567,17.0,20.0,1.0,0.0,111.0,1.0,46.0
11.0,22.0,11.0,22.0,-121.0,21.0,13.0,-111.0,9.986520264955166,9.0,11.0,30000.0,10000.0,19000.0,0.0,26.329679894269155,16.5,19.0,0.0,10000.0,36524.67529731359,25000.0,0.0,27.635200265004308,17.0,20.0,0.0,121.0,10.001110227787155,9.0,11.0,1.0,14633.503250784757,10000.0,19000.0,1.0,16.5,17.4463558813001,19.0,1.0,21137.681278738655,10000.0,25000.0,1.0,18.747774959407778,17.0,20.0,1.0,0.0,211.0,1.0,13.0
11.0,22.0,11.0,22.0,-121.0,21.0,13.0,-111.0,10.174878960326671,9.0,11.0,30000.0,10000.0,19000.0,0.0,26.391261702342725,16.5,19.0,0.0,10000.0,37011.161144441015,25000.0,0.0,27.712349851337553,17.0,20.0,0.0,122.0,10.203171519146128,9.0,11.0,1.0,13459.004640342657,10000.0,19000.0,1.0,16.5,17.282168876648537,19.0,1.0,20164.096872998107,10000.0,25000.0,1.0,18.545585549577485,17.0,20.0,1.0,0.0,211.0,1.0,41.0
11.0,22.0,11.0,21.0,-121.0,21.0,12.0,-111.0,10.001415201818055,9.0,11.0,30000.0,10000.0,19000.0,0.0,25.129549582603754,16.5,19.0,0.0,10000.0,36469.617024768064,25000.0,0.0,26.425715511451468,17.0,20.0,0.0,121.0,9.989055091824127,9.0,11.0,1.0,15369.119862110094,10000.0,19000.0,1.0,16.5,17.53000547120933,19.0,1.0,21864.80208354521,10000.0,25000.0,1.0,18.831393474210614,17.0,20.0,1.0,0.0,211.0,1.0,53.0
91.0,24.0,91.0,24.0,-721.0,911.0,12.0,-711.0,16.6151990913662,12.0,17.0,30000.0,18000.0,36000.0,1.0,26.128652148509808,20.0,25.0,0.0,18000.0,34505.83479554939,36000.0,1.0,26.69126778276521,20.0,26.0,0.0,721.0,14.35005779846069,12.0,17.0,1.0,21762.45871168159,18000.0,36000.0,1.0,20.0,22.095123347114335,25.0,1.0,26306.58744160015,18000.0,36000.0,1.0,22.66252050735789,20.0,26.0,1.0,0.0,91121.0,7.0,32.0
11.0,22.0,11.0,22.0,-121.0,21.0,12.0,-111.0,10.199665890024244,9.0,11.0,30000.0,10000.0,19000.0,0.0,24.305617150836945,16.5,19.0,0.0,10000.0,37074.04548280149,25000.0,0.0,25.64058500175499,17.0,20.0,0.0,122.0,10.207647088991536,9.0,11.0,1.0,14889.487284769635,10000.0,19000.0,1.0,16.5,17.548071809017916,19.0,1.0,21841.25199612477,10000.0,25000.0,1.0,18.859963628114674,17.0,20.0,1.0,0.0,211.0,1.0,25.0
11.0,22.0,11.0,21.0,-121.0,11.0,11.0,-111.0,10.002149624639815,9.0,11.0,30000.0,10000.0,19000.0,0.0,23.41112958914446,16.5,19.0,0.0,10000.0,36444.525703994565,25000.0,0.0,24.69818410392582,17.0,20.0,0.0,121.0,10.019325285159384,9.0,11.0,1.0,17351.867479144217,10000.0,19000.0,1.0,16.5,17.98619653091308,19.0,1.0,23931.608411362744,10000.0,25000.0,1.0,19.30025526259825,17.0,20.0,1.0,0.0,111.0,1.0,1.0
11.0,22.0,11.0,22.0,-121.0,21.0,13.0,-111.0,9.992552671419116,9.0,11.0,30000.0,10000.0,19000.0,0.0,24.58443062051958,16.5,19.0,0.0,10000.0,36505.468989956375,25000.0,0.0,25.879648087650306,17.0,20.0,0.0,121.0,9.99975117637065,9.0,11.0,1.0,12413.112086192803,10000.0,19000.0,1.0,16.5,16.961931301331365,19.0,1.0,18910.79714297367,10000.0,25000.0,1.0,18.255599012982902,17.0,20.0,1.0,0.0,211.0,1.0,13.0
91.0,21.0,91.0,24.0,-721.0,911.0,11.0,-711.0,15.078688486317919,12.0,17.0,30000.0,18000.0,36000.0,1.0,24.73668323222735,20.0,25.0,1.0,18000.0,33945.205234560184,36000.0,1.0,25.217188426737625,20.0,26.0,1.0,722.0,15.180047686536001,12.0,17.0,1.0,26731.11328534144,18000.0,36000.0,1.0,20.0,23.488543429225896,25.0,1.0,30758.802551954846,18000.0,36000.0,1.0,23.979094743902124,20.0,26.0,1.0,1.0,91121.0,7.0,18.0
11.0,21.0,11.0,22.0,-121.0,21.0,13.0,-111.0,10.209034343818477,9.0,11.0,30000.0,10000.0,19000.0,0.0,28.44143416022323,16.5,19.0,0.0,10000.0,37132.63014718989,25000.0,0.0,29.79192530993005,17.0,20.0,0.0,122.0,10.197048498955528,9.0,11.0,1.0,14096.908228276583,10000.0,19000.0,1.0,16.5,17.39136622996388,19.0,1.0,20896.658855118265,10000.0,25000.0,1.0,18.678830019934964,17.0,20.0,1.0,0.0,211.0,1.0,52.0
11.0,22.0,11.0,22.0,-121.0,21.0,13.0,-111.0,10.204040953856513,9.0,11.0,30000.0,10000.0,19000.0,0.0,25.106033616632224,16.5,19.0,0.0,10000.0,37133.87121234821,25000.0,0.0,26.447323690982603,17.0,20.0,0.0,122.0,10.193936685491037,9.0,11.0,1.0,13177.826191006032,10000.0,19000.0,1.0,16.5,17.19085476782202,19.0,1.0,20137.086226731,10000.0,25000.0,1.0,18.499314947840976,17.0,20.0,1.0,0.0,211.0,1.0,22.0
91.0,24.0,91.0,21.0,-721.0,911.0,11.0,-711.0,15.605328456479299,12.0,17.0,30000.0,18000.0,36000.0,1.0,25.802552954438575,20.0,25.0,0.0,18000.0,34484.54224640105,36000.0,1.0,26.362805488341532,20.0,26.0,0.0,721.0,14.54373379292774,12.0,17.0,1.0,25400.863633799174,18000.0,36000.0,1.0,20.0,22.605630445331407,25.0,1.0,29862.9921224814,18000.0,36000.0,1.0,23.163082835124598,20.0,26.0,1.0,0.0,91121.0,7.0,3.0
11.0,22.0,11.0,22.0,-121.0,11.0,11.0,-111.0,10.00146563101764,9.0,11.0,30000.0,10000.0,19000.0,0.0,23.692656687971358,16.5,19.0,0.0,10000.0,36600.09149891097,25000.0,0.0,25.014218835249338,17.0,20.0,0.0,121.0,10.001315870402932,9.0,11.0,1.0,13272.518293869049,10000.0,19000.0,1.0,16.5,17.17291763936634,19.0,1.0,19671.990097929924,10000.0,25000.0,1.0,18.454308920110712,17.0,20.0,1.0,0.0,111.0,1.0,38.0
11.0,22.0,11.0,22.0,-121.0,21.0,13.0,-111.0,10.188605187739066,9.0,11.0,30000.0,10000.0,19000.0,0.0,24.647252473499698,16.5,19.0,0.0,10000.0,36843.340974874576,25000.0,0.0,25.938335211392815,17.0,20.0,0.0,122.0,10.190529392201817,9.0,11.0,1.0,12824.271111685997,10000.0,19000.0,1.0,16.5,17.146840671814186,19.0,1.0,19778.774800543313,10000.0,25000.0,1.0,18.458895660198316,17.0,20.0,1.0,0.0,211.0,1.0,16.0
11.0,21.0,11.0,22.0,-121.0,11.0,11.0,-111.0,10.213765503975797,9.0,11.0,30000.0,10000.0,19000.0,0.0,24.56682042019797,16.5,19.0,0.0,10000.0,37046.59139354553,25000.0,0.0,25.893149343169576,17.0,20.0,0.0,122.0,10.209754479796603,9.0,11.0,1.0,11853.139795275163,10000.0,19000.0,1.0,16.5,16.950182634730886,19.0,1.0,18903.316726137768,10000.0,25000.0,1.0,18.27718643745391,17.0,20.0,1.0,0.0,111.0,1.0,43.0
91.0,24.0,91.0,24.0,-721.0,911.0,11.0,-711.0,15.174194796821162,12.0,17.0,30000.0,18000.0,36000.0,1.0,24.92532510447302,20.0,25.0,1.0,18000.0,33956.48979192262,36000.0,1.0,25.408372807767307,20.0,26.0,1.0,722.0,15.414054872046467,12.0,17.0,1.0,22923.4429457204,18000.0,36000.0,1.0,20.0,23.307543825981185,25.0,1.0,26915.357870425272,18000.0,36000.0,1.0,23.794916582524515,20.0,26.0,1.0,1.0,91121.0,7.0,16.0
92.0,24.0,92.0,24.0,-721.0,921.0,13.0,-711.0,15.431865303960805,12.0,17.0,30000.0,15000.0,28000.0,0.0,24.619327427455,19.5,25.0,1.0,15000.0,34498.959252543325,28000.0,0.0,25.18188423340934,20.0,26.0,1.0,721.0,15.087737453444252,12.0,17.0,1.0,19551.5719969491,15000.0,28000.0,1.0,19.5,21.552366058137544,25.0,1.0,24024.86167400857,15000.0,28000.0,1.0,22.11171310077023,20.0,26.0,1.0,0.0,92122.0,7.0,25.0
11.0,21.0,11.0,22.0,-121.0,21.0,13.0,-111.0,10.193445657316586,9.0,11.0,30000.0,10000.0,19000.0,0.0,30.052418361189197,16.5,19.0,0.0,10000.0,36961.11983845079,25000.0,0.0,31.369725673419996,17.0,20.0,0.0,122.0,10.164181502476959,9.0,11.0,1.0,13619.452795149113,10000.0,19000.0,1.0,16.5,17.288664377736083,19.0,1.0,20573.232716906707,10000.0,25000.0,1.0,18.604582699954427,17.0,20.0,1.0,0.0,211.0,1.0,32.0
92.0,24.0,92.0,24.0,-721.0,921.0,13.0,-711.0,15.17894935936046,12.0,17.0,30000.0,15000.0,28000.0,0.0,24.463237519127823,19.5,25.0,1.0,15000.0,33972.40900802218,28000.0,0.0,24.945232284595665,20.0,26.0,1.0,722.0,15.203911664964446,12.0,17.0,1.0,21961.06079994099,15000.0,28000.0,1.0,19.5,21.893970405870864,25.0,1.0,25997.14737105812,15000.0,28000.0,1.0,22.38369152882796,20.0,26.0,1.0,0.0,92122.0,7.0,25.0
81.0,23.0,81.0,21.0,-721.0,912.0,12.0,-711.0,15.052991572689827,12.0,17.0,30000.0,12500.0,23000.0,0.0,26.563255927567,20.0,24.0,0.0,12500.0,33975.025063528614,26000.0,0.0,27.048074279896614,20.0,25.0,0.0,722.0,15.296964758219309,12.0,17.0,1.0,16734.191160650975,12500.0,23000.0,1.0,20.0,21.881898897241484,24.0,1.0,20781.551976763316,12500.0,26000.0,1.0,22.37553976007649,20.0,25.0,1.0,0.0,912.0,7.0,11.0
91.0,21.0,91.0,24.0,-721.0,911.0,12.0,-711.0,15.317586980509818,12.0,17.0,30000.0,18000.0,36000.0,1.0,25.16627295258195,20.0,25.0,0.0,18000.0,33961.11881326406,36000.0,1.0,25.649307980238838,20.0,26.0,1.0,722.0,14.884717914742383,12.0,17.0,1.0,26764.129955347213,18000.0,36000.0,1.0,20.0,23.2088116220896,25.0,1.0,30779.942869703293,18000.0,36000.0,1.0,23.698516272113075,20.0,26.0,1.0,0.0,91121.0,7.0,26.0
91.0,24.0,91.0,21.0,-721.0,911.0,11.0,-711.0,15.033928363276654,12.0,17.0,30000.0,18000.0,36000.0,1.0,24.439486694415677,20.0,25.0,1.0,18000.0,34472.41263682386,36000.0,1.0,24.997136290543363,20.0,26.0,1.0,721.0,14.919193978061974,12.0,17.0,1.0,26730.86824002571,18000.0,36000.0,1.0,20.0,23.168894535715346,25.0,1.0,31225.148999868394,18000.0,36000.0,1.0,23.72927079214023,20.0,26.0,1.0,1.0,91121.0,7.0,15.0
81.0,23.0,81.0,23.0,-721.0,912.0,12.0,-711.0,14.734854232732605,12.0,17.0,30000.0,12500.0,23000.0,0.0,26.797615081023498,20.0,24.0,0.0,12500.0,34433.35215417292,26000.0,0.0,27.34992851841218,20.0,25.0,0.0,721.0,14.4129487882156,12.0,17.0,1.0,18268.29827316293,12500.0,23000.0,1.0,20.0,21.288307673773545,24.0,1.0,22737.97192807746,12500.0,26000.0,1.0,21.845146096371632,20.0,25.0,1.0,0.0,912.0,7.0,10.0
11.0,22.0,11.0,21.0,-121.0,11.0,11.0,-111.0,10.003378057557688,9.0,11.0,30000.0,10000.0,19000.0,0.0,23.993669327064705,16.5,19.0,0.0,10000.0,36511.81770726561,25000.0,0.0,25.291177717815486,17.0,20.0,0.0,121.0,10.00056687129118,9.0,11.0,1.0,14243.706186504223,10000.0,19000.0,1.0,16.5,17.36787086951884,19.0,1.0,20730.734294729555,10000.0,25000.0,1.0,18.660439823355986,17.0,20.0,1.0,0.0,111.0,1.0,12.0
11.0,22.0,11.0,22.0,-121.0,21.0,13.0,-111.0,10.204009455218014,9.0,11.0,30000.0,10000.0,19000.0,0.0,24.73485745023612,16.5,19.0,0.0,10000.0,37075.57043251073,25000.0,0.0,26.073831083973296,17.0,20.0,0.0,122.0,10.2032917602311,9.0,11.0,1.0,12544.553266353169,10000.0,19000.0,1.0,16.5,17.09104504542946,19.0,1.0,19584.52033161978,10000.0,25000.0,1.0,18.423281134757058,17.0,20.0,1.0,0.0,211.0,1.0,41.0
92.0,24.0,92.0,24.0,-721.0,921.0,13.0,-711.0,14.922485222166763,12.0,17.0,30000.0,15000.0,28000.0,0.0,23.822372006154744,19.5,25.0,1.0,15000.0,34538.40297254827,28000.0,0.0,24.391680198439914,20.0,26.0,1.0,721.0,14.668594209651651,12.0,17.0,1.0,23665.39154242443,15000.0,28000.0,1.0,19.5,21.734667126579865,25.0,1.0,28226.95194885898,15000.0,28000.0,0.0,22.30688024310898,20.0,26.0,1.0,0.0,92122.0,7.0,25.0
11.0,22.0,11.0,22.0,-121.0,11.0,12.0,-111.0,10.002300397516752,9.0,11.0,30000.0,10000.0,19000.0,0.0,23.646499021607767,16.5,19.0,0.0,10000.0,36514.07238781021,25000.0,0.0,24.941741763135045,17.0,20.0,0.0,121.0,10.010627152098992,9.0,11.0,1.0,14782.576541458617,10000.0,19000.0,1.0,16.5,17.503745957752507,19.0,1.0,21285.90970683354,10000.0,25000.0,1.0,18.79685333769937,17.0,20.0,1.0,0.0,111.0,1.0,42.0
11.0,22.0,11.0,22.0,-121.0,21.0,13.0,-111.0,10.19787885131156,9.0,11.0,30000.0,10000.0,19000.0,0.0,24.93446119133762,16.5,19.0,0.0,10000.0,37121.40274433526,25000.0,0.0,26.278733359084,17.0,20.0,0.0,122.0,10.17739622338706,9.0,11.0,1.0,15675.150710392449,10000.0,19000.0,1.0,16.5,17.710351918766165,19.0,1.0,22571.398501707718,10000.0,25000.0,1.0,19.01212269350879,17.0,20.0,1.0,0.0,211.0,1.0,22.0
11.0,22.0,11.0,22.0,-121.0,21.0,13.0,-111.0,9.99306443126751,9.0,11.0,30000.0,10000.0,19000.0,0.0,27.83402915735217,16.5,19.0,0.0,10000.0,36465.16553697165,25000.0,0.0,29.131952204795418,17.0,20.0,0.0,121.0,10.005595389674115,9.0,11.0,1.0,15647.168693128708,10000.0,19000.0,1.0,16.5,17.677164434671912,19.0,1.0,22160.691106682014,10000.0,25000.0,1.0,18.98479543224556,17.0,20.0,1.0,0.0,211.0,1.0,31.0
11.0,22.0,11.0,21.0,-121.0,11.0,12.0,-111.0,10.184531879135916,9.0,11.0,30000.0,10000.0,19000.0,0.0,24.90841379142728,16.5,19.0,0.0,10000.0,36790.48555832247,25000.0,0.0,26.18779383444331,17.0,20.0,0.0,122.0,10.194765531532866,9.0,11.0,1.0,14438.609736201563,10000.0,19000.0,1.0,16.5,17.415262445122455,19.0,1.0,21523.848465724244,10000.0,25000.0,1.0,18.750176267219576,17.0,20.0,1.0,0.0,111.0,1.0,45.0
11.0,21.0,11.0,22.0,-121.0,11.0,11.0,-111.0,10.203194805743125,9.0,11.0,30000.0,10000.0,19000.0,0.0,25.256402564297787,16.5,19.0,0.0,10000.0,37016.845233582855,25000.0,0.0,26.577555110550364,17.0,20.0,0.0,122.0,10.199502808655557,9.0,11.0,1.0,16970.420163092906,10000.0,19000.0,1.0,16.5,17.918528752556398,19.0,1.0,23909.206109541417,10000.0,25000.0,1.0,19.224984063438495,17.0,20.0,1.0,0.0,111.0,1.0,35.0
11.0,22.0,11.0,22.0,-121.0,21.0,13.0,-111.0,10.196107570357198,9.0,11.0,30000.0,10000.0,19000.0,0.0,25.512838670240978,16.5,19.0,0.0,10000.0,36951.25334035543,25000.0,0.0,26.82402361540966,17.0,20.0,0.0,122.0,10.190786381122408,9.0,11.0,1.0,13478.721780343292,10000.0,19000.0,1.0,16.5,17.229574468467327,19.0,1.0,20502.557628924445,10000.0,25000.0,1.0,18.55445033920128,17.0,20.0,1.0,0.0,211.0,1.0,19.0
11.0,22.0,11.0,22.0,-121.0,21.0,12.0,-111.0,10.216962527144437,9.0,11.0,30000.0,10000.0,19000.0,0.0,24.62162237966058,16.5,19.0,0.0,10000.0,37072.364777210096,25000.0,0.0,25.952210333050303,17.0,20.0,0.0,122.0,10.21957447069888,9.0,11.0,1.0,15679.312709712629,10000.0,19000.0,1.0,16.5,17.719839245386723,19.0,1.0,22597.4120409277,10000.0,25000.0,1.0,19.021403845127224,17.0,20.0,1.0,0.0,211.0,1.0,25.0
11.0,21.0,11.0,22.0,-121.0,21.0,13.0,-111.0,9.992079530373967,9.0,11.0,30000.0,10000.0,19000.0,0.0,27.010288020174748,16.5,19.0,0.0,10000.0,36475.66403430134,25000.0,0.0,28.30557584243395,17.0,20.0,0.0,121.0,10.002807255744555,9.0,11.0,1.0,16017.52422792433,10000.0,19000.0,1.0,16.5,17.737595828475854,19.0,1.0,22548.7623529635,10000.0,25000.0,1.0,19.043999799223386,17.0,20.0,1.0,0.0,211.0,1.0,52.0
92.0,24.0,92.0,24.0,-721.0,921.0,13.0,-711.0,15.397258721776954,12.0,17.0,30000.0,15000.0,28000.0,0.0,25.014559410250797,19.5,25.0,0.0,15000.0,34022.49682647968,28000.0,0.0,25.507853313952012,20.0,26.0,1.0,722.0,15.222507796968266,12.0,17.0,1.0,22615.20459093327,15000.0,28000.0,1.0,19.5,21.98297947606024,25.0,1.0,26597.063338334858,15000.0,28000.0,1.0,22.471289779392805,20.0,26.0,1.0,0.0,92122.0,7.0,20.0
11.0,22.0,11.0,22.0,-121.0,11.0,12.0,-111.0,9.990446715817772,9.0,11.0,30000.0,10000.0,19000.0,0.0,24.477619487762993,16.5,19.0,0.0,10000.0,36401.94058645878,25000.0,0.0,25.758018055515006,17.0,20.0,0.0,121.0,9.995160675749037,9.0,11.0,1.0,15835.01917109099,10000.0,19000.0,1.0,16.5,17.674570586614244,19.0,1.0,22338.866772168712,10000.0,25000.0,1.0,18.97535072364198,17.0,20.0,1.0,0.0,111.0,1.0,49.0
11.0,22.0,11.0,21.0,-121.0,21.0,13.0,-111.0,10.183545457529894,9.0,11.0,30000.0,10000.0,19000.0,0.0,24.247703998419315,16.5,19.0,0.0,10000.0,36925.22896247726,25000.0,0.0,25.55715135631877,17.0,20.0,0.0,122.0,10.171138743707674,9.0,11.0,1.0,12044.529270493307,10000.0,19000.0,1.0,16.5,16.916836334702552,19.0,1.0,18880.859827308093,10000.0,25000.0,1.0,18.209474460294032,17.0,20.0,1.0,0.0,211.0,1.0,33.0
11.0,22.0,11.0,22.0,-121.0,21.0,12.0,-111.0,9.991282095665532,9.0,11.0,30000.0,10000.0,19000.0,0.0,24.3311448185472,16.5,19.0,0.0,10000.0,36494.332154633725,25000.0,0.0,25.63349340991573,17.0,20.0,0.0,121.0,9.986757061577473,9.0,11.0,1.0,16342.817338997376,10000.0,19000.0,1.0,16.5,17.763358850978577,19.0,1.0,22795.263773228442,10000.0,25000.0,1.0,19.057307839791214,17.0,20.0,1.0,0.0,211.0,1.0,48.0
11.0,22.0,11.0,22.0,-121.0,11.0,11.0,-111.0,10.01170536204383,9.0,11.0,30000.0,10000.0,19000.0,0.0,22.590571726834398,16.5,19.0,0.0,10000.0,36492.01916252232,25000.0,0.0,23.88902344220422,17.0,20.0,0.0,121.0,10.016731547154231,9.0,11.0,1.0,13672.025676013325,10000.0,19000.0,1.0,16.5,17.281489828252933,19.0,1.0,20148.507016632782,10000.0,25000.0,1.0,18.576833864640637,17.0,20.0,1.0,0.0,111.0,1.0,57.0
11.0,22.0,11.0,22.0,-121.0,21.0,13.0,-111.0,10.013982897274904,9.0,11.0,30000.0,10000.0,19000.0,0.0,24.967066278003443,16.5,19.0,0.0,10000.0,36422.50312746604,25000.0,0.0,26.25231657404414,17.0,20.0,0.0,121.0,9.985690847503024,9.0,11.0,1.0,13243.467475083145,10000.0,19000.0,1.0,16.5,17.14329422441327,19.0,1.0,19777.411168257495,10000.0,25000.0,1.0,18.45084564156281,17.0,20.0,1.0,0.0,211.0,1.0,5.0
11.0,22.0,11.0,22.0,-121.0,11.0,11.0,-111.0,10.210075162390082,9.0,11.0,30000.0,10000.0,19000.0,0.0,25.85338864336316,16.5,19.0,0.0,10000.0,36901.17564050018,25000.0,0.0,27.154789413155566,17.0,20.0,0.0,122.0,10.210550328898965,9.0,11.0,1.0,14366.477961562496,10000.0,19000.0,1.0,16.5,17.411841245710963,19.0,1.0,21447.524558507022,10000.0,25000.0,1.0,18.747161482761413,17.0,20.0,1.0,0.0,111.0,1.0,55.0
11.0,22.0,11.0,22.0,-121.0,21.0,13.0,-111.0,10.004908439266543,9.0,11.0,30000.0,10000.0,19000.0,0.0,27.14682455745572,16.5,19.0,0.0,10000.0,36511.21522041175,25000.0,0.0,28.442873139861995,17.0,20.0,0.0,121.0,9.995899840651555,9.0,11.0,1.0,14480.692882351304,10000.0,19000.0,1.0,16.5,17.420763021939756,19.0,1.0,21027.98976692998,10000.0,25000.0,1.0,18.723993610793585,17.0,20.0,1.0,0.0,211.0,1.0,22.0
11.0,22.0,11.0,22.0,-121.0,21.0,12.0,-111.0,10.001481439154178,9.0,11.0,30000.0,10000.0,19000.0,0.0,24.115114958836667,16.5,19.0,0.0,10000.0,36564.087255255115,25000.0,0.0,25.424313937704557,17.0,20.0,0.0,121.0,9.999267485141804,9.0,11.0,1.0,15411.020617277547,10000.0,19000.0,1.0,16.5,17.60681031433426,19.0,1.0,21893.446756380432,10000.0,25000.0,1.0,18.8997220858994,17.0,20.0,1.0,0.0,211.0,1.0,48.0
11.0,22.0,11.0,21.0,-121.0,11.0,11.0,-111.0,10.202117967052434,9.0,11.0,30000.0,10000.0,19000.0,0.0,25.652661370606715,16.5,19.0,0.0,10000.0,36817.48196153985,25000.0,0.0,26.944466167027223,17.0,20.0,0.0,122.0,10.215533397789264,9.0,11.0,1.0,15237.654313104447,10000.0,19000.0,1.0,16.5,17.579079806302346,19.0,1.0,22078.344384529824,10000.0,25000.0,1.0,18.875282171771822,17.0,20.0,1.0,0.0,111.0,1.0,0.0
11.0,22.0,11.0,22.0,-121.0,11.0,11.0,-111.0,10.18493160396352,9.0,11.0,30000.0,10000.0,19000.0,0.0,25.09049381424986,16.5,19.0,0.0,10000.0,36915.782071998765,25000.0,0.0,26.391454001754408,17.0,20.0,0.0,122.0,10.181499330385623,9.0,11.0,1.0,16128.179245144647,10000.0,19000.0,1.0,16.5,17.712260093677486,19.0,1.0,23207.99185393692,10000.0,25000.0,1.0,19.044076834451314,17.0,20.0,1.0,0.0,111.0,1.0,30.0
91.0,24.0,91.0,21.0,-721.0,911.0,12.0,-711.0,15.330500603001216,12.0,17.0,30000.0,18000.0,36000.0,1.0,25.028224788373073,20.0,25.0,0.0,18000.0,34491.53222301036,36000.0,1.0,25.59387617257561,20.0,26.0,1.0,721.0,14.956917672389077,12.0,17.0,1.0,23681.80435158657,18000.0,36000.0,1.0,20.0,22.878915414513827,25.0,1.0,28156.477232445217,18000.0,36000.0,1.0,23.4424435788993,20.0,26.0,1.0,0.0,91121.0,7.0,29.0
91.0,24.0,91.0,24.0,-721.0,911.0,11.0,-711.0,15.202412889842886,12.0,17.0,30000.0,18000.0,36000.0,1.0,25.351793694002566,20.0,25.0,0.0,18000.0,34552.08108861897,36000.0,1.0,25.9212622980587,20.0,26.0,1.0,721.0,14.83906498988905,12.0,17.0,1.0,23228.56934938887,18000.0,36000.0,1.0,20.0,22.697145671167643,25.0,1.0,27714.521860277917,18000.0,36000.0,1.0,23.25834154279328,20.0,26.0,1.0,0.0,91121.0,7.0,9.0
81.0,23.0,81.0,23.0,-721.0,912.0,12.0,-711.0,15.343023916476643,12.0,17.0,30000.0,12500.0,23000.0,0.0,26.28681134748673,20.0,24.0,0.0,12500.0,33964.1154748037,26000.0,0.0,26.773358569628055,20.0,25.0,0.0,722.0,15.536602088950076,12.0,17.0,1.0,17549.016311570736,12500.0,23000.0,1.0,20.0,22.219201852749336,24.0,1.0,21522.04499180724,12500.0,26000.0,1.0,22.706843063037898,20.0,25.0,1.0,0.0,912.0,7.0,10.0
81.0,23.0,81.0,23.0,-721.0,912.0,12.0,-711.0,15.459292442967419,12.0,17.0,30000.0,12500.0,23000.0,0.0,26.063600356213215,20.0,24.0,0.0,12500.0,33988.215380073125,26000.0,0.0,26.548723909003495,20.0,25.0,0.0,722.0,15.231888967791498,12.0,17.0,1.0,16799.41452770128,12500.0,23000.0,1.0,20.0,21.870602228942452,24.0,1.0,20840.174580637235,12500.0,26000.0,1.0,22.362117276662214,20.0,25.0,1.0,0.0,912.0,7.0,31.0
11.0,22.0,11.0,22.0,-121.0,21.0,13.0,-111.0,9.989966805789024,9.0,11.0,30000.0,10000.0,19000.0,0.0,26.404889133467435,16.5,19.0,0.0,10000.0,36570.276874904805,25000.0,0.0,27.715637528069912,17.0,20.0,0.0,121.0,10.004919388125844,9.0,11.0,1.0,15866.32855811493,10000.0,19000.0,1.0,16.5,17.721663123015706,19.0,1.0,22346.921405297122,10000.0,25000.0,1.0,19.014519852229178,17.0,20.0,1.0,0.0,211.0,1.0,36.0
91.0,21.0,91.0,24.0,-721.0,911.0,12.0,-711.0,15.152722678671468,12.0,17.0,30000.0,18000.0,36000.0,1.0,24.900015106276797,20.0,25.0,1.0,18000.0,34060.19779645902,36000.0,1.0,25.39572441900385,20.0,26.0,1.0,722.0,15.264717189491703,12.0,17.0,1.0,27230.457502966645,18000.0,36000.0,1.0,20.0,23.56310294092523,25.0,1.0,31178.156263856887,18000.0,36000.0,1.0,24.04507725294545,20.0,26.0,1.0,1.0,91121.0,7.0,19.0
11.0,22.0,11.0,22.0,-121.0,21.0,13.0,-111.0,10.191615149056181,9.0,11.0,30000.0,10000.0,19000.0,0.0,24.816680045524468,16.5,19.0,0.0,10000.0,37116.138983425044,25000.0,0.0,26.150354937285048,17.0,20.0,0.0,122.0,10.214798162808783,9.0,11.0,1.0,13220.689495870765,10000.0,19000.0,1.0,16.5,17.227166408002287,19.0,1.0,20210.9227617149,10000.0,25000.0,1.0,18.537244614164415,17.0,20.0,1.0,0.0,211.0,1.0,4.0
11.0,22.0,11.0,21.0,-121.0,11.0,11.0,-111.0,9.994518996782423,9.0,11.0,30000.0,10000.0,19000.0,0.0,25.10878508219297,16.5,19.0,0.0,10000.0,36565.76387908463,25000.0,0.0,26.425431749297807,17.0,20.0,0.0,121.0,10.010646321687316,9.0,11.0,1.0,13533.177597015356,10000.0,19000.0,1.0,16.5,17.21104566639807,19.0,1.0,20112.662861919813,10000.0,25000.0,1.0,18.530443912335233,17.0,20.0,1.0,0.0,111.0,1.0,1.0
11.0,22.0,11.0,22.0,-121.0,21.0,13.0,-111.0,9.991626069559272,9.0,11.0,30000.0,10000.0,19000.0,0.0,27.14465779024929,16.5,19.0,0.0,10000.0,36472.26309970781,25000.0,0.0,28.437268742817015,17.0,20.0,0.0,121.0,10.013479856034097,9.0,11.0,1.0,15122.943541336055,10000.0,19000.0,1.0,16.5,17.53764591233552,19.0,1.0,21591.800584135497,10000.0,25000.0,1.0,18.829576622707123,17.0,20.0,1.0,0.0,211.0,1.0,21.0
91.0,24.0,91.0,21.0,-721.0,911.0,12.0,-711.0,14.3199267280263,12.0,17.0,30000.0,18000.0,36000.0,1.0,24.025454266501175,20.0,25.0,1.0,18000.0,34507.14049398669,36000.0,1.0,24.590687877036498,20.0,26.0,1.0,721.0,15.192274401737182,12.0,17.0,1.0,24054.779965930953,18000.0,36000.0,1.0,20.0,23.169785389352274,25.0,1.0,28638.046289623722,18000.0,36000.0,1.0,23.744565824007495,20.0,26.0,1.0,1.0,91121.0,7.0,14.0
11.0,21.0,11.0,22.0,-121.0,21.0,12.0,-111.0,10.175117559140018,9.0,11.0,30000.0,10000.0,19000.0,0.0,24.930833713582523,16.5,19.0,0.0,10000.0,36945.06964871419,25000.0,0.0,26.242504778342088,17.0,20.0,0.0,122.0,10.202339501521477,9.0,11.0,1.0,14725.87310973578,10000.0,19000.0,1.0,16.5,17.526623618819535,19.0,1.0,21906.00779880376,10000.0,25000.0,1.0,18.882689920396587,17.0,20.0,1.0,0.0,211.0,1.0,37.0
91.0,24.0,91.0,21.0,-721.0,911.0,11.0,-711.0,15.192819411823349,12.0,17.0,30000.0,18000.0,36000.0,1.0,24.42591173477665,20.0,25.0,1.0,18000.0,34540.8300423881,36000.0,1.0,24.99086473267875,20.0,26.0,1.0,721.0,15.827608074331998,12.0,17.0,1.0,20161.626850305514,18000.0,36000.0,1.0,20.0,23.30994757019948,25.0,1.0,24665.609649631802,18000.0,36000.0,1.0,23.870316172685353,20.0,26.0,1.0,1.0,91121.0,7.0,21.0
11.0,21.0,11.0,22.0,-121.0,11.0,11.0,-111.0,10.183079092495188,9.0,11.0,30000.0,10000.0,19000.0,0.0,24.6021044204727,16.5,19.0,0.0,10000.0,36813.364493492685,25000.0,0.0,25.89201697526328,17.0,20.0,0.0,122.0,10.186586929895343,9.0,11.0,1.0,14613.970089772283,10000.0,19000.0,1.0,16.5,17.46211261721147,19.0,1.0,21483.250141139517,10000.0,25000.0,1.0,18.762611157850802,17.0,20.0,1.0,0.0,111.0,1.0,43.0
11.0,21.0,11.0,22.0,-121.0,11.0,12.0,-111.0,10.016676260193597,9.0,11.0,30000.0,10000.0,19000.0,0.0,25.278288194972284,16.5,19.0,0.0,10000.0,36386.99259687845,25000.0,0.0,26.553413670148537,17.0,20.0,0.0,121.0,10.000814759769163,9.0,11.0,1.0,15680.079445040932,10000.0,19000.0,1.0,16.5,17.693521912533427,19.0,1.0,22228.34471245722,10000.0,25000.0,1.0,19.00084452705708,17.0,20.0,1.0,0.0,111.0,1.0,7.0
91.0,24.0,91.0,24.0,-721.0,911.0,12.0,-711.0,15.09362877452533,12.0,17.0,30000.0,18000.0,36000.0,1.0,24.75612283147716,20.0,25.0,1.0,18000.0,34506.764877564805,36000.0,1.0,25.31963698633975,20.0,26.0,1.0,721.0,15.534839780312387,12.0,17.0,1.0,28522.907563645655,18000.0,36000.0,1.0,20.0,24.08168478572437,25.0,1.0,33095.76913106304,18000.0,36000.0,1.0,24.653463498719756,20.0,26.0,1.0,1.0,91121.0,7.0,23.0
11.0,22.0,11.0,22.0,-121.0,21.0,13.0,-111.0,10.195673723180228,9.0,11.0,30000.0,10000.0,19000.0,0.0,24.83970138860161,16.5,19.0,0.0,10000.0,36759.476590212886,25000.0,0.0,26.113200602842447,17.0,20.0,0.0,122.0,10.184932773763755,9.0,11.0,1.0,14666.619568575357,10000.0,19000.0,1.0,16.5,17.474650426351083,19.0,1.0,21592.49303470491,10000.0,25000.0,1.0,18.77949915233353,17.0,20.0,1.0,0.0,211.0,1.0,28.0
11.0,21.0,11.0,22.0,-121.0,21.0,13.0,-111.0,10.204687594931594,9.0,11.0,30000.0,10000.0,19000.0,0.0,26.599878969597746,16.5,19.0,0.0,10000.0,36891.08647499743,25000.0,0.0,27.89954360230992,17.0,20.0,0.0,122.0,10.20346754041362,9.0,11.0,1.0,12448.573751508706,10000.0,19000.0,1.0,16.5,17.049670528780734,19.0,1.0,19522.776017497385,10000.0,25000.0,1.0,18.383870951764283,17.0,20.0,1.0,0.0,211.0,1.0,9.0
11.0,22.0,11.0,22.0,-121.0,21.0,12.0,-111.0,10.194931689062273,9.0,11.0,30000.0,10000.0,19000.0,0.0,24.190674234450213,16.5,19.0,0.0,10000.0,36964.79615007591,25000.0,0.0,25.50503182397615,17.0,20.0,0.0,122.0,10.173132346400275,9.0,11.0,1.0,15592.599427129675,10000.0,19000.0,1.0,16.5,17.673593212394806,19.0,1.0,22672.87022759219,10000.0,25000.0,1.0,19.009742535643177,17.0,20.0,1.0,0.0,211.0,1.0,23.0
11.0,22.0,11.0,22.0,-121.0,11.0,11.0,-111.0,9.990792424748902,9.0,11.0,30000.0,10000.0,19000.0,0.0,24.61353316682258,16.5,19.0,0.0,10000.0,36567.41496037271,25000.0,0.0,25.92857604216736,17.0,20.0,0.0,121.0,10.012724196050007,9.0,11.0,1.0,15514.3086248021,10000.0,19000.0,1.0,16.5,17.64860698770722,19.0,1.0,21991.4303422533,10000.0,25000.0,1.0,18.945569768142178,17.0,20.0,1.0,0.0,111.0,1.0,11.0
11.0,22.0,11.0,22.0,-121.0,21.0,13.0,-111.0,9.986269046548028,9.0,11.0,30000.0,10000.0,19000.0,0.0,25.563725193429722,16.5,19.0,0.0,10000.0,36519.81895909998,25000.0,0.0,26.87046542600395,17.0,20.0,0.0,121.0,9.996733259269382,9.0,11.0,1.0,12056.24333299197,10000.0,19000.0,1.0,16.5,16.92956132822941,19.0,1.0,18561.703139602203,10000.0,25000.0,1.0,18.23342361551379,17.0,20.0,1.0,0.0,211.0,1.0,5.0
81.0,21.0,81.0,23.0,-721.0,912.0,12.0,-711.0,14.738049050341916,12.0,17.0,30000.0,12500.0,23000.0,0.0,26.70710334732906,20.0,24.0,0.0,12500.0,34445.515963337835,26000.0,0.0,27.261725324876387,20.0,25.0,0.0,721.0,15.349683760042216,12.0,17.0,1.0,18403.540489051535,12500.0,23000.0,1.0,20.0,22.195878745573182,24.0,1.0,22925.303694505277,12500.0,26000.0,1.0,22.76001331885824,20.0,25.0,1.0,0.0,912.0,7.0,7.0
91.0,21.0,91.0,24.0,-721.0,911.0,12.0,-711.0,15.209421211134925,12.0,17.0,30000.0,18000.0,36000.0,1.0,24.317092416339243,20.0,25.0,1.0,18000.0,33990.8919244903,36000.0,1.0,24.80442059528462,20.0,26.0,1.0,722.0,15.316487565815633,12.0,17.0,1.0,26973.841262742313,18000.0,36000.0,1.0,20.0,23.579619793778356,25.0,1.0,30931.70751704071,18000.0,36000.0,1.0,24.062915205107473,20.0,26.0,1.0,1.0,91121.0,7.0,19.0
11.0,22.0,11.0,22.0,-121.0,21.0,13.0,-111.0,9.991474048070419,9.0,11.0,30000.0,10000.0,19000.0,0.0,25.661051576572564,16.5,19.0,0.0,10000.0,36443.65457496189,25000.0,0.0,26.95117353045103,17.0,20.0,0.0,121.0,10.012129866950556,9.0,11.0,1.0,14815.73889530781,10000.0,19000.0,1.0,16.5,17.52260467953288,19.0,1.0,21360.594881822293,10000.0,25000.0,1.0,18.832988762811453,17.0,20.0,1.0,0.0,211.0,1.0,13.0
11.0,22.0,11.0,21.0,-121.0,21.0,13.0,-111.0,9.985130850695489,9.0,11.0,30000.0,10000.0,19000.0,0.0,24.524043332498138,16.5,19.0,0.0,10000.0,36510.15463915215,25000.0,0.0,25.82461490028726,17.0,20.0,0.0,121.0,9.999080083745385,9.0,11.0,1.0,12507.879618553001,10000.0,19000.0,1.0,16.5,16.998503424178484,19.0,1.0,18999.346521940042,10000.0,25000.0,1.0,18.295341633983096,17.0,20.0,1.0,0.0,211.0,1.0,2.0
11.0,22.0,11.0,21.0,-121.0,21.0,13.0,-111.0,10.213535296733818,9.0,11.0,30000.0,10000.0,19000.0,0.0,26.778055108309076,16.5,19.0,0.0,10000.0,37118.54345675835,25000.0,0.0,28.119161055560806,17.0,20.0,0.0,122.0,10.206542013729663,9.0,11.0,1.0,13884.962630805356,10000.0,19000.0,1.0,16.5,17.272652698658323,19.0,1.0,20834.126205480876,10000.0,25000.0,1.0,18.581848133796733,17.0,20.0,1.0,0.0,211.0,1.0,20.0
92.0,24.0,92.0,24.0,-721.0,921.0,13.0,-711.0,15.090593819574485,12.0,17.0,30000.0,15000.0,28000.0,0.0,24.284882878118907,19.5,25.0,1.0,15000.0,34458.52977802755,28000.0,0.0,24.84143287875301,20.0,26.0,1.0,721.0,14.685614546874126,12.0,17.0,1.0,19269.21864064392,15000.0,28000.0,1.0,19.5,21.126887305923898,25.0,1.0,23723.130700338228,15000.0,28000.0,1.0,21.68286088534535,20.0,26.0,1.0,0.0,92122.0,7.0,25.0
11.0,22.0,11.0,22.0,-121.0,21.0,13.0,-111.0,10.212566261905497,9.0,11.0,30000.0,10000.0,19000.0,0.0,26.413925389048238,16.5,19.0,0.0,10000.0,37044.60929504863,25000.0,0.0,27.740868235870952,17.0,20.0,0.0,122.0,10.218878350490709,9.0,11.0,1.0,12765.164418691871,10000.0,19000.0,1.0,16.5,17.132799256304267,19.0,1.0,19723.235059184506,10000.0,25000.0,1.0,18.44344143351888,17.0,20.0,1.0,0.0,211.0,1.0,28.0
11.0,21.0,11.0,21.0,-121.0,21.0,12.0,-111.0,10.18724883889355,9.0,11.0,30000.0,10000.0,19000.0,0.0,25.106455138592374,16.5,19.0,0.0,10000.0,37074.38045506021,25000.0,0.0,26.4457338983145,17.0,20.0,0.0,122.0,10.17345988184037,9.0,11.0,1.0,15582.002485461187,10000.0,19000.0,1.0,16.5,17.63574981156282,19.0,1.0,22564.87172003978,10000.0,25000.0,1.0,18.957704222581082,17.0,20.0,1.0,0.0,211.0,1.0,6.0
11.0,21.0,11.0,22.0,-121.0,11.0,11.0,-111.0,10.193280320839666,9.0,11.0,30000.0,10000.0,19000.0,0.0,23.659162162517138,16.5,19.0,0.0,10000.0,36928.32389460384,25000.0,0.0,24.959390118985286,17.0,20.0,0.0,122.0,10.207863463020502,9.0,11.0,1.0,16606.38340389944,10000.0,19000.0,1.0,16.5,17.881639794148782,19.0,1.0,23606.38613621155,10000.0,25000.0,1.0,19.195319608540032,17.0,20.0,1.0,0.0,111.0,1.0,35.0
91.0,24.0,91.0,24.0,-721.0,911.0,12.0,-711.0,15.456150186030701,12.0,17.0,30000.0,18000.0,36000.0,1.0,24.83085550711494,20.0,25.0,1.0,18000.0,34009.96084982771,36000.0,1.0,25.31927412933145,20.0,26.0,1.0,722.0,15.14196310672598,12.0,17.0,1.0,27726.798419982297,18000.0,36000.0,1.0,20.0,23.534665904152433,25.0,1.0,31732.22410792856,18000.0,36000.0,1.0,24.022532137555032,20.0,26.0,1.0,1.0,91121.0,7.0,23.0
81.0,23.0,81.0,21.0,-721.0,912.0,12.0,-711.0,14.822932554872299,12.0,17.0,30000.0,12500.0,23000.0,0.0,26.18539013255983,20.0,24.0,0.0,12500.0,34490.19840616658,26000.0,0.0,26.746832543547217,20.0,25.0,0.0,721.0,15.269189406702013,12.0,17.0,1.0,14483.986559717554,12500.0,23000.0,1.0,20.0,21.50973377420666,24.0,1.0,19022.800165895085,12500.0,26000.0,1.0,22.077254899904577,20.0,25.0,1.0,0.0,912.0,7.0,30.0
11.0,22.0,11.0,22.0,-121.0,11.0,11.0,-111.0,10.195078079761654,9.0,11.0,30000.0,10000.0,19000.0,0.0,24.38759594774854,16.5,19.0,0.0,10000.0,36994.41239253794,25000.0,0.0,25.709891346365257,17.0,20.0,0.0,122.0,10.198244408812004,9.0,11.0,1.0,14163.199171433333,10000.0,19000.0,1.0,16.5,17.425810888627655,19.0,1.0,21177.270709418495,10000.0,25000.0,1.0,18.75182285356999,17.0,20.0,1.0,0.0,111.0,1.0,55.0
11.0,22.0,11.0,22.0,-121.0,21.0,13.0,-111.0,10.004829880550679,9.0,11.0,30000.0,10000.0,19000.0,0.0,25.324947048961537,16.5,19.0,0.0,10000.0,36479.49484885571,25000.0,0.0,26.62164469914137,17.0,20.0,0.0,121.0,9.999365593921322,9.0,11.0,1.0,12486.56383420514,10000.0,19000.0,1.0,16.5,17.053410219246516,19.0,1.0,19091.940942782338,10000.0,25000.0,1.0,18.375299837965226,17.0,20.0,1.0,0.0,211.0,1.0,16.0
11.0,22.0,11.0,21.0,-121.0,11.0,12.0,-111.0,10.219611446417348,9.0,11.0,30000.0,10000.0,19000.0,0.0,25.24406241715408,16.5,19.0,0.0,10000.0,36884.73664340994,25000.0,0.0,26.548266649021823,17.0,20.0,0.0,122.0,10.188975769912625,9.0,11.0,1.0,14341.032602128405,10000.0,19000.0,1.0,16.5,17.39607701442083,19.0,1.0,21238.58078748773,10000.0,25000.0,1.0,18.70270818984394,17.0,20.0,1.0,0.0,111.0,1.0,45.0
11.0,21.0,11.0,22.0,-121.0,21.0,13.0,-111.0,10.205279896743551,9.0,11.0,30000.0,10000.0,19000.0,0.0,25.856595498746614,16.5,19.0,0.0,10000.0,36861.29161921423,25000.0,0.0,27.14967724265046,17.0,20.0,0.0,122.0,10.205781595018209,9.0,11.0,1.0,13897.567608003706,10000.0,19000.0,1.0,16.5,17.38448257821701,19.0,1.0,20862.52695309304,10000.0,25000.0,1.0,18.69710158291673,17.0,20.0,1.0,0.0,211.0,1.0,32.0
11.0,22.0,11.0,21.0,-121.0,21.0,13.0,-111.0,10.21934899322844,9.0,11.0,30000.0,10000.0,19000.0,0.0,25.605377081846427,16.5,19.0,0.0,10000.0,36736.548039904155,25000.0,0.0,26.878027868046097,17.0,20.0,0.0,122.0,10.2201364379109,9.0,11.0,1.0,11141.497743453187,10000.0,19000.0,1.0,16.5,16.78518470016784,19.0,1.0,18144.035654211737,10000.0,25000.0,1.0,18.10808558719939,17.0,20.0,1.0,0.0,211.0,1.0,20.0
11.0,22.0,11.0,22.0,-121.0,21.0,13.0,-111.0,9.999744266672689,9.0,11.0,30000.0,10000.0,19000.0,0.0,25.46104063122339,16.5,19.0,0.0,10000.0,36554.55807140089,25000.0,0.0,26.76710141544425,17.0,20.0,0.0,121.0,9.998915634674754,9.0,11.0,1.0,14913.225628905577,10000.0,19000.0,1.0,16.5,17.51807178985449,19.0,1.0,21457.24336353431,10000.0,25000.0,1.0,18.822032307305168,17.0,20.0,1.0,0.0,211.0,1.0,8.0
91.0,24.0,91.0,21.0,-721.0,911.0,12.0,-711.0,14.992283604128987,12.0,17.0,30000.0,18000.0,36000.0,1.0,24.02958746941561,20.0,25.0,1.0,18000.0,34021.33897399949,36000.0,1.0,24.52220201285547,20.0,26.0,1.0,722.0,15.298028850380966,12.0,17.0,1.0,26302.05641346035,18000.0,36000.0,1.0,20.0,23.430883655714887,25.0,1.0,30306.189329145152,18000.0,36000.0,1.0,23.921390454790025,20.0,26.0,1.0,1.0,91121.0,7.0,29.0
11.0,22.0,11.0,22.0,-121.0,21.0,13.0,-111.0,10.174744910625568,9.0,11.0,30000.0,10000.0,19000.0,0.0,26.08444303783922,16.5,19.0,0.0,10000.0,37081.25299831241,25000.0,0.0,27.416899893886104,17.0,20.0,0.0,122.0,10.180485317750794,9.0,11.0,1.0,13984.155478420631,10000.0,19000.0,1.0,16.5,17.39712698741183,19.0,1.0,20907.421369546566,10000.0,25000.0,1.0,18.69985591194888,17.0,20.0,1.0,0.0,211.0,1.0,31.0
11.0,22.0,11.0,22.0,-121.0,11.0,11.0,-111.0,10.210791362666223,9.0,11.0,30000.0,10000.0,19000.0,0.0,24.73619523104188,16.5,19.0,0.0,10000.0,36937.855319151146,25000.0,0.0,26.039946226565938,17.0,20.0,0.0,122.0,10.196936588812074,9.0,11.0,1.0,16401.95247551187,10000.0,19000.0,1.0,16.5,17.834743187232895,19.0,1.0,23492.53684455479,10000.0,25000.0,1.0,19.167194788590027,17.0,20.0,1.0,0.0,111.0,1.0,57.0
11.0,22.0,11.0,22.0,-121.0,21.0,13.0,-111.0,10.19628285371688,9.0,11.0,30000.0,10000.0,19000.0,0.0,25.262583277603134,16.5,19.0,0.0,10000.0,37094.32713559917,25000.0,0.0,26.602222411247734,17.0,20.0,0.0,122.0,10.20243323131393,9.0,11.0,1.0,13162.165963347243,10000.0,19000.0,1.0,16.5,17.217416128578368,19.0,1.0,20277.37675399639,10000.0,25000.0,1.0,18.56099877385187,17.0,20.0,1.0,0.0,211.0,1.0,19.0
91.0,21.0,91.0,24.0,-721.0,911.0,12.0,-711.0,15.296597024918938,12.0,17.0,30000.0,18000.0,36000.0,1.0,24.323760202829156,20.0,25.0,1.0,18000.0,34042.863573235576,36000.0,1.0,24.81695555867851,20.0,26.0,1.0,722.0,15.469998469467738,12.0,17.0,1.0,27614.080598242297,18000.0,36000.0,1.0,20.0,23.87005001645063,25.0,1.0,31697.823473437868,18000.0,36000.0,1.0,24.368232303348194,20.0,26.0,1.0,1.0,91121.0,7.0,19.0
11.0,22.0,11.0,21.0,-121.0,11.0,12.0,-111.0,9.982496739451717,9.0,11.0,30000.0,10000.0,19000.0,0.0,25.452956043845738,16.5,19.0,0.0,10000.0,36447.57883132503,25000.0,0.0,26.740090070751503,17.0,20.0,0.0,121.0,10.005151170098046,9.0,11.0,1.0,14722.760805593056,10000.0,19000.0,1.0,16.5,17.424874770611265,19.0,1.0,21165.240030457615,10000.0,25000.0,1.0,18.71099076002252,17.0,20.0,1.0,0.0,111.0,1.0,10.0
11.0,22.0,11.0,22.0,-121.0,21.0,13.0,-111.0,10.21034889945715,9.0,11.0,30000.0,10000.0,19000.0,0.0,25.419615031958894,16.5,19.0,0.0,10000.0,37210.11392809919,25000.0,0.0,26.781649306106853,17.0,20.0,0.0,122.0,10.19612557836428,9.0,11.0,1.0,14819.634348404172,10000.0,19000.0,1.0,16.5,17.50113279433635,19.0,1.0,21823.581410178973,10000.0,25000.0,1.0,18.82422089635336,17.0,20.0,1.0,0.0,211.0,1.0,19.0
81.0,23.0,81.0,23.0,-721.0,912.0,12.0,-711.0,15.087282897598124,12.0,17.0,30000.0,12500.0,23000.0,0.0,26.551585962877986,20.0,24.0,0.0,12500.0,33945.46175999106,26000.0,0.0,27.0320889931639,20.0,25.0,0.0,722.0,15.211642868984597,12.0,17.0,1.0,18154.61871909432,12500.0,23000.0,1.0,20.0,21.951208863766958,24.0,1.0,22229.725243727604,12500.0,26000.0,1.0,22.447500845020027,20.0,25.0,1.0,0.0,912.0,7.0,5.0
11.0,22.0,11.0,22.0,-121.0,21.0,13.0,-111.0,10.200884749392102,9.0,11.0,30000.0,10000.0,19000.0,0.0,27.21187837663703,16.5,19.0,0.0,10000.0,37242.16280088402,25000.0,0.0,28.58583836879642,17.0,20.0,0.0,122.0,10.212829281869846,9.0,11.0,1.0,12442.252838298391,10000.0,19000.0,1.0,16.5,17.10714546710366,19.0,1.0,19477.037637690813,10000.0,25000.0,1.0,18.44176236727005,17.0,20.0,1.0,0.0,211.0,1.0,19.0
11.0,22.0,11.0,22.0,-121.0,11.0,11.0,-111.0,10.198628523278094,9.0,11.0,30000.0,10000.0,19000.0,0.0,24.012205640362655,16.5,19.0,0.0,10000.0,37006.72791125363,25000.0,0.0,25.330040684700702,17.0,20.0,0.0,122.0,10.184448875690126,9.0,11.0,1.0,17552.05845183014,10000.0,19000.0,1.0,16.5,17.999066843723156,19.0,1.0,24758.570486827906,10000.0,25000.0,1.0,19.354477561457845,17.0,20.0,1.0,0.0,111.0,1.0,11.0
11.0,22.0,11.0,22.0,-121.0,21.0,13.0,-111.0,9.997153337126585,9.0,11.0,30000.0,10000.0,19000.0,0.0,26.02408131847305,16.5,19.0,0.0,10000.0,36595.40022318132,25000.0,0.0,27.343366141926207,17.0,20.0,0.0,121.0,9.989716640406876,9.0,11.0,1.0,13676.960665580043,10000.0,19000.0,1.0,16.5,17.2455413383936,19.0,1.0,20115.747888705107,10000.0,25000.0,1.0,18.53349869920037,17.0,20.0,1.0,0.0,211.0,1.0,19.0
11.0,21.0,11.0,22.0,-121.0,11.0,11.0,-111.0,10.001989989721835,9.0,11.0,30000.0,10000.0,19000.0,0.0,26.399896974691597,16.5,19.0,0.0,10000.0,36504.48167972688,25000.0,0.0,27.70490721057954,17.0,20.0,0.0,121.0,10.007660170257056,9.0,11.0,1.0,17744.206942200537,10000.0,19000.0,1.0,16.5,18.085671834039065,19.0,1.0,24190.839088653447,10000.0,25000.0,1.0,19.37907557508528,17.0,20.0,1.0,0.0,111.0,1.0,35.0
11.0,22.0,11.0,22.0,-121.0,21.0,13.0,-111.0,10.205990682686377,9.0,11.0,30000.0,10000.0,19000.0,0.0,25.70561426952306,16.5,19.0,0.0,10000.0,37052.854399417054,25000.0,0.0,27.027230895934217,17.0,20.0,0.0,122.0,10.211941333145285,9.0,11.0,1.0,14282.000481226005,10000.0,19000.0,1.0,16.5,17.400944476463522,19.0,1.0,21217.382537560137,10000.0,25000.0,1.0,18.70054825630653,17.0,20.0,1.0,0.0,211.0,1.0,4.0
11.0,22.0,11.0,21.0,-121.0,11.0,11.0,-111.0,10.206148593598602,9.0,11.0,30000.0,10000.0,19000.0,0.0,25.209825599285807,16.5,19.0,0.0,10000.0,37023.51580172835,25000.0,0.0,26.537725796523446,17.0,20.0,0.0,122.0,10.225556276540615,9.0,11.0,1.0,16631.497784441457,10000.0,19000.0,1.0,16.5,17.838508200777166,19.0,1.0,23652.090899962313,10000.0,25000.0,1.0,19.1658558206873,17.0,20.0,1.0,0.0,111.0,1.0,0.0
11.0,22.0,11.0,22.0,-121.0,11.0,11.0,-111.0,10.214189065373601,9.0,11.0,30000.0,10000.0,19000.0,0.0,28.022850192093635,16.5,19.0,0.0,10000.0,37075.58139231032,25000.0,0.0,29.359669541350296,17.0,20.0,0.0,122.0,10.19178397086981,9.0,11.0,1.0,16119.775158761722,10000.0,19000.0,1.0,16.5,17.7473583738406,19.0,1.0,22971.22816971515,10000.0,25000.0,1.0,19.041832205421343,17.0,20.0,1.0,0.0,111.0,1.0,27.0
11.0,22.0,11.0,21.0,-121.0,21.0,12.0,-111.0,10.189026849209602,9.0,11.0,30000.0,10000.0,19000.0,0.0,24.19227808632578,16.5,19.0,0.0,10000.0,37152.774849439586,25000.0,0.0,25.540639386810025,17.0,20.0,0.0,122.0,10.207235079316044,9.0,11.0,1.0,13812.991077484472,10000.0,19000.0,1.0,16.5,17.301204593152328,19.0,1.0,20744.048184807725,10000.0,25000.0,1.0,18.60777013892694,17.0,20.0,1.0,0.0,211.0,1.0,53.0
92.0,24.0,92.0,24.0,-721.0,921.0,13.0,-711.0,15.127552054199361,12.0,17.0,30000.0,15000.0,28000.0,0.0,24.569807767057085,19.5,25.0,1.0,15000.0,34101.42329702586,28000.0,0.0,25.070502800059504,20.0,26.0,1.0,722.0,15.365329806428422,12.0,17.0,1.0,22994.571476093013,15000.0,28000.0,1.0,19.5,22.284723016702024,25.0,1.0,26961.931335953577,15000.0,28000.0,1.0,22.769051805053575,20.0,26.0,1.0,0.0,92122.0,7.0,22.0
11.0,21.0,11.0,22.0,-121.0,11.0,11.0,-111.0,9.990976269326206,9.0,11.0,30000.0,10000.0,19000.0,0.0,27.44604887126684,16.5,19.0,0.0,10000.0,36616.38017615057,25000.0,0.0,28.767275329473723,17.0,20.0,0.0,121.0,9.98618359393832,9.0,11.0,1.0,16794.213117485797,10000.0,19000.0,1.0,16.5,17.87467443260288,19.0,1.0,23298.31004016694,10000.0,25000.0,1.0,19.1734790224546,17.0,20.0,1.0,0.0,111.0,1.0,35.0
11.0,21.0,11.0,22.0,-121.0,21.0,13.0,-111.0,9.999144887621958,9.0,11.0,30000.0,10000.0,19000.0,0.0,26.39329522592969,16.5,19.0,0.0,10000.0,36545.58802344815,25000.0,0.0,27.69891172273566,17.0,20.0,0.0,121.0,10.00321473755452,9.0,11.0,1.0,12531.967498907836,10000.0,19000.0,1.0,16.5,17.08756965650807,19.0,1.0,19030.983808951863,10000.0,25000.0,1.0,18.38389672093804,17.0,20.0,1.0,0.0,211.0,1.0,32.0
11.0,22.0,11.0,22.0,-121.0,21.0,13.0,-111.0,10.196441720577287,9.0,11.0,30000.0,10000.0,19000.0,0.0,24.914695801939075,16.5,19.0,0.0,10000.0,36920.1174464263,25000.0,0.0,26.22547376871089,17.0,20.0,0.0,122.0,10.213494877399642,9.0,11.0,1.0,14549.899306591831,10000.0,19000.0,1.0,16.5,17.49317203650287,19.0,1.0,21529.84983940167,10000.0,25000.0,1.0,18.815283321231018,17.0,20.0,1.0,0.0,211.0,1.0,3.0
11.0,22.0,11.0,22.0,-121.0,21.0,13.0,-111.0,9.9949953391985,9.0,11.0,30000.0,10000.0,19000.0,0.0,25.358055027892394,16.5,19.0,0.0,10000.0,36450.33141493379,25000.0,0.0,26.6396403636161,17.0,20.0,0.0,121.0,10.01388411269196,9.0,11.0,1.0,13441.020263170556,10000.0,19000.0,1.0,16.5,17.2333710345816,19.0,1.0,19993.855590658677,10000.0,25000.0,1.0,18.53532237985325,17.0,20.0,1.0,0.0,211.0,1.0,41.0
91.0,21.0,91.0,24.0,-721.0,911.0,11.0,-711.0,15.785585361257143,12.0,17.0,30000.0,18000.0,36000.0,1.0,26.216321924909764,20.0,25.0,0.0,18000.0,34557.447440623735,36000.0,1.0,26.783952770070325,20.0,26.0,0.0,721.0,15.314894216282962,12.0,17.0,1.0,29104.9198947892,18000.0,36000.0,1.0,20.0,23.917452529674712,25.0,1.0,33606.50435149157,18000.0,36000.0,1.0,24.47812563079333,20.0,26.0,1.0,0.0,91121.0,7.0,18.0
11.0,21.0,11.0,21.0,-121.0,21.0,13.0,-111.0,10.00463732676871,9.0,11.0,30000.0,10000.0,19000.0,0.0,26.10185766555815,16.5,19.0,0.0,10000.0,36561.114868941986,25000.0,0.0,27.40795506385623,17.0,20.0,0.0,121.0,9.999893795877032,9.0,11.0,1.0,13018.76684132543,10000.0,19000.0,1.0,16.5,17.09136943204699,19.0,1.0,19539.91330813067,10000.0,25000.0,1.0,18.389510465140727,17.0,20.0,1.0,0.0,211.0,1.0,34.0
91.0,24.0,91.0,21.0,-721.0,911.0,12.0,-711.0,15.19572027931211,12.0,17.0,30000.0,18000.0,36000.0,1.0,24.361188604498388,20.0,25.0,1.0,18000.0,33990.71449067001,36000.0,1.0,24.84661955708354,20.0,26.0,1.0,722.0,15.543147382304058,12.0,17.0,1.0,24719.00480009132,18000.0,36000.0,1.0,20.0,23.453551871055247,25.0,1.0,28713.57499149105,18000.0,36000.0,1.0,23.93945183150415,20.0,26.0,1.0,1.0,91121.0,7.0,29.0
11.0,22.0,11.0,21.0,-121.0,21.0,13.0,-111.0,10.211587976908657,9.0,11.0,30000.0,10000.0,19000.0,0.0,25.799386178068833,16.5,19.0,0.0,10000.0,36943.72071581411,25000.0,0.0,27.112214532400348,17.0,20.0,0.0,122.0,10.179343725918413,9.0,11.0,1.0,12397.902115501696,10000.0,19000.0,1.0,16.5,17.006590232730385,19.0,1.0,19463.10910677563,10000.0,25000.0,1.0,18.342387631125348,17.0,20.0,1.0,0.0,211.0,1.0,33.0
81.0,23.0,81.0,23.0,-721.0,912.0,11.0,-711.0,15.220828115773907,12.0,17.0,30000.0,12500.0,23000.0,0.0,26.758995223139735,20.0,24.0,0.0,12500.0,33968.079875991534,26000.0,0.0,27.243536374237625,20.0,25.0,0.0,722.0,15.405743253340093,12.0,17.0,1.0,19712.603508798446,12500.0,23000.0,1.0,20.0,22.336082210654947,24.0,1.0,23678.223069358555,12500.0,26000.0,1.0,22.82032293330672,20.0,25.0,1.0,0.0,912.0,7.0,17.0
11.0,21.0,11.0,22.0,-121.0,21.0,13.0,-111.0,10.20905892870594,9.0,11.0,30000.0,10000.0,19000.0,0.0,28.6423329478776,16.5,19.0,0.0,10000.0,36927.8402377991,25000.0,0.0,29.94632517897363,17.0,20.0,0.0,122.0,10.22988892278031,9.0,11.0,1.0,13602.950937905754,10000.0,19000.0,1.0,16.5,17.295364162804578,19.0,1.0,20644.63075469147,10000.0,25000.0,1.0,18.62078384047766,17.0,20.0,1.0,0.0,211.0,1.0,24.0
11.0,22.0,11.0,22.0,-121.0,11.0,11.0,-111.0,10.217362745744492,9.0,11.0,30000.0,10000.0,19000.0,0.0,24.14039205649816,16.5,19.0,0.0,10000.0,37080.94998550549,25000.0,0.0,25.481677093895883,17.0,20.0,0.0,122.0,10.204759455914594,9.0,11.0,1.0,16017.510816389547,10000.0,19000.0,1.0,16.5,17.779954128429836,19.0,1.0,22991.234313258654,10000.0,25000.0,1.0,19.10092815034022,17.0,20.0,1.0,0.0,111.0,1.0,15.0
11.0,22.0,11.0,21.0,-121.0,11.0,12.0,-111.0,10.187957432072034,9.0,11.0,30000.0,10000.0,19000.0,0.0,24.108470704488475,16.5,19.0,0.0,10000.0,36974.507512951,25000.0,0.0,25.42141403900445,17.0,20.0,0.0,122.0,10.21835272485678,9.0,11.0,1.0,14249.88950628773,10000.0,19000.0,1.0,16.5,17.380383881239254,19.0,1.0,21125.53621279198,10000.0,25000.0,1.0,18.674716778153993,17.0,20.0,1.0,0.0,111.0,1.0,45.0
11.0,21.0,11.0,22.0,-121.0,21.0,13.0,-111.0,10.215979421285486,9.0,11.0,30000.0,10000.0,19000.0,0.0,26.62896541357704,16.5,19.0,0.0,10000.0,37030.588918582915,25000.0,0.0,27.955384952558397,17.0,20.0,0.0,122.0,10.214124436252328,9.0,11.0,1.0,14107.40119523124,10000.0,19000.0,1.0,16.5,17.38288139748639,19.0,1.0,21010.819039632,10000.0,25000.0,1.0,18.6853083236807,17.0,20.0,1.0,0.0,211.0,1.0,32.0
11.0,22.0,11.0,21.0,-121.0,11.0,11.0,-111.0,9.995855991072455,9.0,11.0,30000.0,10000.0,19000.0,0.0,25.21272009457593,16.5,19.0,0.0,10000.0,36420.523073552176,25000.0,0.0,26.496509257861824,17.0,20.0,0.0,121.0,10.005120650707271,9.0,11.0,1.0,14137.542192535637,10000.0,19000.0,1.0,16.5,17.316386915649282,19.0,1.0,20584.590225943666,10000.0,25000.0,1.0,18.605479767689108,17.0,20.0,1.0,0.0,111.0,1.0,12.0
11.0,21.0,11.0,22.0,-121.0,21.0,13.0,-111.0,10.200238105620933,9.0,11.0,30000.0,10000.0,19000.0,0.0,26.422109608981337,16.5,19.0,0.0,10000.0,37155.57877773385,25000.0,0.0,27.774524638934984,17.0,20.0,0.0,122.0,10.189973094858257,9.0,11.0,1.0,14737.130866513,10000.0,19000.0,1.0,16.5,17.53261497922817,19.0,1.0,21840.503801367428,10000.0,25000.0,1.0,18.875163027243023,17.0,20.0,1.0,0.0,211.0,1.0,32.0
11.0,22.0,11.0,22.0,-121.0,11.0,12.0,-111.0,9.991647728647136,9.0,11.0,30000.0,10000.0,19000.0,0.0,25.10160010995887,16.5,19.0,0.0,10000.0,36587.5924097026,25000.0,0.0,26.421726454543236,17.0,20.0,0.0,121.0,10.004850484764587,9.0,11.0,1.0,15344.024784623825,10000.0,19000.0,1.0,16.5,17.639389278104915,19.0,1.0,21752.484826036303,10000.0,25000.0,1.0,18.923618235018594,17.0,20.0,1.0,0.0,111.0,1.0,42.0
91.0,24.0,91.0,24.0,-721.0,911.0,11.0,-711.0,15.289136425254906,12.0,17.0,30000.0,18000.0,36000.0,1.0,24.677535350897262,20.0,25.0,1.0,18000.0,33944.601087310715,36000.0,1.0,25.15939603440306,20.0,26.0,1.0,722.0,15.03348080108022,12.0,17.0,1.0,26841.789497606,18000.0,36000.0,1.0,20.0,23.278796580218795,25.0,1.0,30882.815824824887,18000.0,36000.0,1.0,23.77243628294122,20.0,26.0,1.0,1.0,91121.0,7.0,0.0
11.0,22.0,11.0,22.0,-121.0,21.0,13.0,-111.0,9.994323383695809,9.0,11.0,30000.0,10000.0,19000.0,0.0,25.597559487084318,16.5,19.0,0.0,10000.0,36535.04055335325,25000.0,0.0,26.907261625272746,17.0,20.0,0.0,121.0,9.98949814863486,9.0,11.0,1.0,13875.948174600919,10000.0,19000.0,1.0,16.5,17.306580383529358,19.0,1.0,20292.33122948673,10000.0,25000.0,1.0,18.59250210625041,17.0,20.0,1.0,0.0,211.0,1.0,36.0
91.0,24.0,91.0,24.0,-721.0,911.0,11.0,-711.0,14.988127800535898,12.0,17.0,30000.0,18000.0,36000.0,1.0,24.134465458956853,20.0,25.0,1.0,18000.0,33919.96606988203,36000.0,1.0,24.61354558813317,20.0,26.0,1.0,722.0,14.9595915901658,12.0,17.0,1.0,23066.429738722643,18000.0,36000.0,1.0,20.0,22.72070599596917,25.0,1.0,27127.542114288004,18000.0,36000.0,1.0,23.217036374038983,20.0,26.0,1.0,1.0,91121.0,7.0,28.0
11.0,22.0,11.0,22.0,-121.0,11.0,12.0,-111.0,10.014090430517,9.0,11.0,30000.0,10000.0,19000.0,0.0,23.117386632486095,16.5,19.0,0.0,10000.0,36504.88568016394,25000.0,0.0,24.41907252216944,17.0,20.0,0.0,121.0,10.00017733158075,9.0,11.0,1.0,14570.998331905963,10000.0,19000.0,1.0,16.5,17.423379867076882,19.0,1.0,21153.65556458925,10000.0,25000.0,1.0,18.740628541028965,17.0,20.0,1.0,0.0,111.0,1.0,42.0
11.0,21.0,11.0,22.0,-121.0,11.0,12.0,-111.0,10.015997600356526,9.0,11.0,30000.0,10000.0,19000.0,0.0,25.123262701393173,16.5,19.0,0.0,10000.0,36465.67621518625,25000.0,0.0,26.413741585434362,17.0,20.0,0.0,121.0,10.008391150493258,9.0,11.0,1.0,16651.667677666817,10000.0,19000.0,1.0,16.5,17.867783734734022,19.0,1.0,23154.78679930129,10000.0,25000.0,1.0,19.16573581701781,17.0,20.0,1.0,0.0,111.0,1.0,7.0
92.0,24.0,92.0,24.0,-721.0,921.0,13.0,-711.0,15.223506871040032,12.0,17.0,30000.0,15000.0,28000.0,0.0,25.29671959877718,19.5,25.0,0.0,15000.0,34038.07562905197,28000.0,0.0,25.79171198252082,20.0,26.0,1.0,722.0,15.325878697969756,12.0,17.0,1.0,20099.61213557016,15000.0,28000.0,1.0,19.5,21.814670095746784,25.0,1.0,24208.76293958042,15000.0,28000.0,1.0,22.318374963730314,20.0,26.0,1.0,0.0,92122.0,7.0,25.0
11.0,22.0,11.0,22.0,-121.0,21.0,13.0,-111.0,10.195802868377227,9.0,11.0,30000.0,10000.0,19000.0,0.0,24.4454949547981,16.5,19.0,0.0,10000.0,36980.547856384044,25000.0,0.0,25.761885353411035,17.0,20.0,0.0,122.0,10.20661798686834,9.0,11.0,1.0,14886.066534528552,10000.0,19000.0,1.0,16.5,17.54941589021933,19.0,1.0,22046.82919936299,10000.0,25000.0,1.0,18.899791163431328,17.0,20.0,1.0,0.0,211.0,1.0,13.0
92.0,24.0,92.0,24.0,-721.0,921.0,13.0,-711.0,15.022428473683227,12.0,17.0,30000.0,15000.0,28000.0,0.0,23.731575316622212,19.5,25.0,1.0,15000.0,33998.3203108827,28000.0,0.0,24.219071852127644,20.0,26.0,1.0,722.0,14.958306301529987,12.0,17.0,1.0,20096.158508537283,15000.0,28000.0,1.0,19.5,21.432898456096108,25.0,1.0,24106.187634730544,15000.0,28000.0,1.0,21.921822592807786,20.0,26.0,1.0,0.0,92122.0,7.0,22.0
11.0,22.0,11.0,22.0,-121.0,21.0,13.0,-111.0,9.996154777450496,9.0,11.0,30000.0,10000.0,19000.0,0.0,24.786842697751126,16.5,19.0,0.0,10000.0,36458.344400779744,25000.0,0.0,26.07804286819029,17.0,20.0,0.0,121.0,10.001324688745209,9.0,11.0,1.0,15188.815247275441,10000.0,19000.0,1.0,16.5,17.582079061741805,19.0,1.0,21710.340068402093,10000.0,25000.0,1.0,18.885910730976622,17.0,20.0,1.0,0.0,211.0,1.0,28.0
11.0,21.0,11.0,22.0,-121.0,11.0,11.0,-111.0,10.194199550890872,9.0,11.0,30000.0,10000.0,19000.0,0.0,28.396193678484632,16.5,19.0,0.0,10000.0,37033.86202369898,25000.0,0.0,29.71761279744065,17.0,20.0,0.0,122.0,10.192642231699427,9.0,11.0,1.0,15326.49707264038,10000.0,19000.0,1.0,16.5,17.621002718394582,19.0,1.0,22325.115507403338,10000.0,25000.0,1.0,18.935800787337996,17.0,20.0,1.0,0.0,111.0,1.0,43.0
11.0,22.0,11.0,22.0,-121.0,11.0,11.0,-111.0,10.017437160457737,9.0,11.0,30000.0,10000.0,19000.0,0.0,25.070423536498463,16.5,19.0,0.0,10000.0,36464.9406435463,25000.0,0.0,26.356681021145956,17.0,20.0,0.0,121.0,9.993009903105865,9.0,11.0,1.0,14760.649824805289,10000.0,19000.0,1.0,16.5,17.455769661498568,19.0,1.0,21323.95784084018,10000.0,25000.0,1.0,18.761598210458132,17.0,20.0,1.0,0.0,111.0,1.0,30.0
91.0,24.0,91.0,24.0,-721.0,911.0,12.0,-711.0,15.039175498954318,12.0,17.0,30000.0,18000.0,36000.0,1.0,25.219078646983974,20.0,25.0,0.0,18000.0,33919.7993961994,36000.0,1.0,25.698015165630522,20.0,26.0,1.0,722.0,15.120066173599207,12.0,17.0,1.0,24616.826478223895,18000.0,36000.0,1.0,20.0,23.248147437262098,25.0,1.0,28654.41543919227,18000.0,36000.0,1.0,23.74147594855451,20.0,26.0,1.0,0.0,91121.0,7.0,23.0
11.0,21.0,11.0,21.0,-121.0,21.0,12.0,-111.0,10.193516549575667,9.0,11.0,30000.0,10000.0,19000.0,0.0,25.066865544424484,16.5,19.0,0.0,10000.0,37125.651834225006,25000.0,0.0,26.407423225062313,17.0,20.0,0.0,122.0,10.21891996745118,9.0,11.0,1.0,13419.348614252951,10000.0,19000.0,1.0,16.5,17.22115694504345,19.0,1.0,20417.44894984015,10000.0,25000.0,1.0,18.537718204700607,17.0,20.0,1.0,0.0,211.0,1.0,6.0
11.0,22.0,11.0,22.0,-121.0,21.0,13.0,-111.0,10.182949352430946,9.0,11.0,30000.0,10000.0,19000.0,0.0,27.417574770172152,16.5,19.0,0.0,10000.0,37110.854379734796,25000.0,0.0,28.762098881284075,17.0,20.0,0.0,122.0,10.184383400012253,9.0,11.0,1.0,14825.730735486153,10000.0,19000.0,1.0,16.5,17.487655121930434,19.0,1.0,21815.157090897083,10000.0,25000.0,1.0,18.809219557910573,17.0,20.0,1.0,0.0,211.0,1.0,19.0
11.0,21.0,11.0,22.0,-121.0,11.0,11.0,-111.0,10.18980977248385,9.0,11.0,30000.0,10000.0,19000.0,0.0,25.79856360263319,16.5,19.0,0.0,10000.0,37073.39713941785,25000.0,0.0,27.131939335431852,17.0,20.0,0.0,122.0,10.226720604415588,9.0,11.0,1.0,20751.36333071574,10000.0,19000.0,0.0,16.5,18.702711292949065,19.0,1.0,27518.420237892813,10000.0,25000.0,0.0,19.978340143507296,17.0,20.0,1.0,0.0,111.0,1.0,29.0
11.0,22.0,11.0,21.0,-121.0,11.0,12.0,-111.0,10.010986255849899,9.0,11.0,30000.0,10000.0,19000.0,0.0,24.727694658789538,16.5,19.0,0.0,10000.0,36515.58731836699,25000.0,0.0,26.027094214995046,17.0,20.0,0.0,121.0,9.999401318880903,9.0,11.0,1.0,14563.146631384234,10000.0,19000.0,1.0,16.5,17.366691634411033,19.0,1.0,21084.021894853246,10000.0,25000.0,1.0,18.667145762243482,17.0,20.0,1.0,0.0,111.0,1.0,45.0
11.0,22.0,11.0,21.0,-121.0,11.0,12.0,-111.0,10.206550517250415,9.0,11.0,30000.0,10000.0,19000.0,0.0,24.059384120012005,16.5,19.0,0.0,10000.0,36981.794546192425,25000.0,0.0,25.376009795714932,17.0,20.0,0.0,122.0,10.20105946918541,9.0,11.0,1.0,12362.640514044577,10000.0,19000.0,1.0,16.5,17.011438091911575,19.0,1.0,19367.402544819295,10000.0,25000.0,1.0,18.33239497210746,17.0,20.0,1.0,0.0,111.0,1.0,46.0
11.0,22.0,11.0,21.0,-121.0,11.0,11.0,-111.0,10.185783224974077,9.0,11.0,30000.0,10000.0,19000.0,0.0,24.231335748473715,16.5,19.0,0.0,10000.0,37049.032919647594,25000.0,0.0,25.562449648767142,17.0,20.0,0.0,122.0,10.197132754320638,9.0,11.0,1.0,14956.856477507165,10000.0,19000.0,1.0,16.5,17.497930049017832,19.0,1.0,21923.330750626126,10000.0,25000.0,1.0,18.81345387288001,17.0,20.0,1.0,0.0,111.0,1.0,26.0
81.0,23.0,81.0,21.0,-721.0,912.0,12.0,-711.0,15.757987859399558,12.0,17.0,30000.0,12500.0,23000.0,0.0,26.79282327136103,20.0,24.0,0.0,12500.0,34520.217590474225,26000.0,0.0,27.356579625489534,20.0,25.0,0.0,721.0,15.461720748841053,12.0,17.0,1.0,15958.105505133259,12500.0,23000.0,1.0,20.0,21.87843336790369,24.0,1.0,20403.437215374408,12500.0,26000.0,1.0,22.43285004092815,20.0,25.0,1.0,0.0,912.0,7.0,30.0
92.0,24.0,92.0,24.0,-721.0,921.0,13.0,-711.0,15.408293722735687,12.0,17.0,30000.0,15000.0,28000.0,0.0,24.506492008937588,19.5,25.0,1.0,15000.0,33996.75717345874,28000.0,0.0,24.993456038083316,20.0,26.0,1.0,722.0,15.311203738164508,12.0,17.0,1.0,19750.398732875063,15000.0,28000.0,1.0,19.5,21.821891239977017,25.0,1.0,23757.67426774224,15000.0,28000.0,1.0,22.310136824000654,20.0,26.0,1.0,0.0,92122.0,7.0,25.0
11.0,22.0,11.0,21.0,-121.0,21.0,13.0,-111.0,10.194917418691999,9.0,11.0,30000.0,10000.0,19000.0,0.0,25.89418172999546,16.5,19.0,0.0,10000.0,36978.38859048618,25000.0,0.0,27.214291952243347,17.0,20.0,0.0,122.0,10.232283758671798,9.0,11.0,1.0,12394.716041294356,10000.0,19000.0,1.0,16.5,17.062400763973397,19.0,1.0,19315.971154563576,10000.0,25000.0,1.0,18.371702977133126,17.0,20.0,1.0,0.0,211.0,1.0,58.0
11.0,22.0,11.0,22.0,-121.0,21.0,12.0,-111.0,10.207559610116586,9.0,11.0,30000.0,10000.0,19000.0,0.0,25.41779542495661,16.5,19.0,0.0,10000.0,36855.66001253208,25000.0,0.0,26.702816324320818,17.0,20.0,0.0,122.0,10.195537699072553,9.0,11.0,1.0,16959.030379871696,10000.0,19000.0,1.0,16.5,17.903183683460576,19.0,1.0,23928.108921101575,10000.0,25000.0,1.0,19.20946368544735,17.0,20.0,1.0,0.0,211.0,1.0,25.0
11.0,22.0,11.0,22.0,-121.0,21.0,12.0,-111.0,10.196112593819107,9.0,11.0,30000.0,10000.0,19000.0,0.0,23.87504936633907,16.5,19.0,0.0,10000.0,36930.22400468798,25000.0,0.0,25.184726531751597,17.0,20.0,0.0,122.0,10.191998448801138,9.0,11.0,1.0,16956.353166021796,10000.0,19000.0,1.0,16.5,17.912439815739567,19.0,1.0,23936.387674032325,10000.0,25000.0,1.0,19.231530194744487,17.0,20.0,1.0,0.0,211.0,1.0,23.0
11.0,22.0,11.0,21.0,-121.0,11.0,11.0,-111.0,10.001168192337472,9.0,11.0,30000.0,10000.0,19000.0,0.0,24.316160939964302,16.5,19.0,0.0,10000.0,36480.15911805605,25000.0,0.0,25.616394093345157,17.0,20.0,0.0,121.0,10.015872513165021,9.0,11.0,1.0,14932.754772410139,10000.0,19000.0,1.0,16.5,17.540065456035535,19.0,1.0,21422.025485895534,10000.0,25000.0,1.0,18.84212683589071,17.0,20.0,1.0,0.0,111.0,1.0,26.0
81.0,21.0,81.0,21.0,-721.0,912.0,12.0,-711.0,14.975275111556854,12.0,17.0,30000.0,12500.0,23000.0,0.0,28.206667730211443,20.0,24.0,0.0,12500.0,34017.656232352994,26000.0,0.0,28.69844361105384,20.0,25.0,0.0,722.0,15.223460352344274,12.0,17.0,1.0,14660.29347038451,12500.0,23000.0,1.0,20.0,21.476262841339626,24.0,1.0,18656.123710979675,12500.0,26000.0,1.0,21.965367140617744,20.0,25.0,1.0,0.0,912.0,7.0,6.0
11.0,22.0,11.0,22.0,-121.0,21.0,13.0,-111.0,10.207666379774734,9.0,11.0,30000.0,10000.0,19000.0,0.0,24.664409176704957,16.5,19.0,0.0,10000.0,37118.277571942606,25000.0,0.0,26.00098284223189,17.0,20.0,0.0,122.0,10.200690873199443,9.0,11.0,1.0,14438.409677635222,10000.0,19000.0,1.0,16.5,17.45553967590707,19.0,1.0,21641.3222381712,10000.0,25000.0,1.0,18.80800495226159,17.0,20.0,1.0,0.0,211.0,1.0,4.0
11.0,22.0,11.0,22.0,-121.0,11.0,11.0,-111.0,10.00695095007154,9.0,11.0,30000.0,10000.0,19000.0,0.0,24.022421007430154,16.5,19.0,0.0,10000.0,36533.87398991115,25000.0,0.0,25.32341152310318,17.0,20.0,0.0,121.0,10.006052362969236,9.0,11.0,1.0,14564.569480823151,10000.0,19000.0,1.0,16.5,17.431235699801633,19.0,1.0,21048.050039221944,10000.0,25000.0,1.0,18.722192141271353,17.0,20.0,1.0,0.0,111.0,1.0,55.0
91.0,24.0,91.0,24.0,-721.0,911.0,12.0,-711.0,15.171893058706667,12.0,17.0,30000.0,18000.0,36000.0,1.0,24.390005629367078,20.0,25.0,1.0,18000.0,33995.51049189207,36000.0,1.0,24.874174503867177,20.0,26.0,1.0,722.0,15.042551193640486,12.0,17.0,1.0,25602.40506261404,18000.0,36000.0,1.0,20.0,23.27310516669413,25.0,1.0,29624.832120085815,18000.0,36000.0,1.0,23.76053574286879,20.0,26.0,1.0,1.0,91121.0,7.0,23.0
11.0,22.0,11.0,21.0,-121.0,11.0,12.0,-111.0,10.225522743803172,9.0,11.0,30000.0,10000.0,19000.0,0.0,24.463377174099634,16.5,19.0,0.0,10000.0,37041.85556864321,25000.0,0.0,25.796209847412353,17.0,20.0,0.0,122.0,10.185551069174927,9.0,11.0,1.0,12537.21014724087,10000.0,19000.0,1.0,16.5,17.022939433189663,19.0,1.0,19569.569428096016,10000.0,25000.0,1.0,18.353974716238447,17.0,20.0,1.0,0.0,111.0,1.0,45.0
11.0,21.0,11.0,22.0,-121.0,21.0,13.0,-111.0,10.212489123113086,9.0,11.0,30000.0,10000.0,19000.0,0.0,28.04460569868528,16.5,19.0,0.0,10000.0,36912.126243640945,25000.0,0.0,29.356962530407507,17.0,20.0,0.0,122.0,10.19395887863617,9.0,11.0,1.0,15082.693947749007,10000.0,19000.0,1.0,16.5,17.58259568934537,19.0,1.0,22004.54569264753,10000.0,25000.0,1.0,18.896799033640924,17.0,20.0,1.0,0.0,211.0,1.0,52.0
11.0,22.0,11.0,22.0,-121.0,11.0,11.0,-111.0,10.234850167341303,9.0,11.0,30000.0,10000.0,19000.0,0.0,25.228219726318223,16.5,19.0,0.0,10000.0,36886.10669195856,25000.0,0.0,26.544504510917474,17.0,20.0,0.0,122.0,10.205494645213804,9.0,11.0,1.0,16127.861537639445,10000.0,19000.0,1.0,16.5,17.801748986605347,19.0,1.0,23124.715123554495,10000.0,25000.0,1.0,19.139203128285107,17.0,20.0,1.0,0.0,111.0,1.0,55.0
11.0,21.0,11.0,22.0,-121.0,21.0,13.0,-111.0,10.200928120842356,9.0,11.0,30000.0,10000.0,19000.0,0.0,25.860757801898583,16.5,19.0,0.0,10000.0,36880.18297968539,25000.0,0.0,27.163035490334124,17.0,20.0,0.0,122.0,10.214380197502091,9.0,11.0,1.0,13452.87950880064,10000.0,19000.0,1.0,16.5,17.293536672976934,19.0,1.0,20443.74206057117,10000.0,25000.0,1.0,18.616763736991246,17.0,20.0,1.0,0.0,211.0,1.0,24.0
11.0,21.0,11.0,22.0,-121.0,21.0,13.0,-111.0,10.20377013007481,9.0,11.0,30000.0,10000.0,19000.0,0.0,26.692124678153164,16.5,19.0,0.0,10000.0,36930.889383295886,25000.0,0.0,28.00360139122074,17.0,20.0,0.0,122.0,10.193458763994519,9.0,11.0,1.0,14847.000578417645,10000.0,19000.0,1.0,16.5,17.540021259301238,19.0,1.0,21995.441032817886,10000.0,25000.0,1.0,18.892663419958254,17.0,20.0,1.0,0.0,211.0,1.0,59.0
81.0,23.0,81.0,23.0,-721.0,912.0,12.0,-711.0,14.946945962951887,12.0,17.0,30000.0,12500.0,23000.0,0.0,27.07830394466988,20.0,24.0,0.0,12500.0,33962.99394259209,26000.0,0.0,27.560065286886644,20.0,25.0,0.0,722.0,15.176866285782179,12.0,17.0,1.0,17253.119630937686,12500.0,23000.0,1.0,20.0,21.83422808882398,24.0,1.0,21260.217577990446,12500.0,26000.0,1.0,22.321350934160332,20.0,25.0,1.0,0.0,912.0,7.0,31.0
11.0,21.0,11.0,21.0,-121.0,21.0,12.0,-111.0,10.20805345735862,9.0,11.0,30000.0,10000.0,19000.0,0.0,25.3407577616437,16.5,19.0,0.0,10000.0,36963.405669810934,25000.0,0.0,26.65306316827237,17.0,20.0,0.0,122.0,10.182075139859856,9.0,11.0,1.0,13240.79274504802,10000.0,19000.0,1.0,16.5,17.145874956668635,19.0,1.0,20371.361543576648,10000.0,25000.0,1.0,18.489683493806595,17.0,20.0,1.0,0.0,211.0,1.0,6.0
11.0,22.0,11.0,22.0,-121.0,21.0,13.0,-111.0,10.006185716097933,9.0,11.0,30000.0,10000.0,19000.0,0.0,24.936364833320873,16.5,19.0,0.0,10000.0,36532.77452604329,25000.0,0.0,26.24581108187166,17.0,20.0,0.0,121.0,10.004209874865335,9.0,11.0,1.0,14061.602855534833,10000.0,19000.0,1.0,16.5,17.34086892739599,19.0,1.0,20570.52972399686,10000.0,25000.0,1.0,18.64553508968603,17.0,20.0,1.0,0.0,211.0,1.0,16.0
11.0,22.0,11.0,22.0,-121.0,21.0,12.0,-111.0,10.208577052691556,9.0,11.0,30000.0,10000.0,19000.0,0.0,23.922906681559443,16.5,19.0,0.0,10000.0,37000.62499401506,25000.0,0.0,25.241950518831654,17.0,20.0,0.0,122.0,10.198126987794753,9.0,11.0,1.0,14867.351811765711,10000.0,19000.0,1.0,16.5,17.54296001808984,19.0,1.0,21879.88300243639,10000.0,25000.0,1.0,18.86424719725472,17.0,20.0,1.0,0.0,211.0,1.0,23.0
11.0,22.0,11.0,22.0,-121.0,21.0,12.0,-111.0,10.194128685122225,9.0,11.0,30000.0,10000.0,19000.0,0.0,23.542280964332974,16.5,19.0,0.0,10000.0,36824.3946066115,25000.0,0.0,24.831910123547296,17.0,20.0,0.0,122.0,10.205798475402148,9.0,11.0,1.0,14578.423813218576,10000.0,19000.0,1.0,16.5,17.502860558330845,19.0,1.0,21564.82090612901,10000.0,25000.0,1.0,18.823103880740526,17.0,20.0,1.0,0.0,211.0,1.0,25.0
11.0,21.0,11.0,22.0,-121.0,21.0,13.0,-111.0,10.203016509960031,9.0,11.0,30000.0,10000.0,19000.0,0.0,27.585887082835875,16.5,19.0,0.0,10000.0,37112.134212153986,25000.0,0.0,28.931972030116164,17.0,20.0,0.0,122.0,10.207478890658765,9.0,11.0,1.0,11944.13787013151,10000.0,19000.0,1.0,16.5,17.01361132845348,19.0,1.0,19015.205089792136,10000.0,25000.0,1.0,18.351923691755964,17.0,20.0,1.0,0.0,211.0,1.0,52.0
91.0,24.0,91.0,24.0,-721.0,911.0,12.0,-711.0,14.660953312653852,12.0,17.0,30000.0,18000.0,36000.0,1.0,24.088432586139604,20.0,25.0,1.0,18000.0,34540.33699922875,36000.0,1.0,24.656905753776968,20.0,26.0,1.0,721.0,15.131183547262848,12.0,17.0,1.0,21637.40188040075,18000.0,36000.0,1.0,20.0,22.787197324806503,25.0,1.0,26199.082450068658,18000.0,36000.0,1.0,23.358342815467093,20.0,26.0,1.0,1.0,91121.0,7.0,32.0
11.0,21.0,11.0,21.0,-121.0,21.0,12.0,-111.0,9.990814348932341,9.0,11.0,30000.0,10000.0,19000.0,0.0,24.808573311119677,16.5,19.0,0.0,10000.0,36486.95715442325,25000.0,0.0,26.114670484815214,17.0,20.0,0.0,121.0,9.993310080616391,9.0,11.0,1.0,13492.980014266766,10000.0,19000.0,1.0,16.5,17.15947839165328,19.0,1.0,19992.033370022014,10000.0,25000.0,1.0,18.468011039176695,17.0,20.0,1.0,0.0,211.0,1.0,6.0
11.0,22.0,11.0,21.0,-121.0,11.0,11.0,-111.0,10.19159965050478,9.0,11.0,30000.0,10000.0,19000.0,0.0,24.057954837971607,16.5,19.0,0.0,10000.0,37066.81689841316,25000.0,0.0,25.392506712309,17.0,20.0,0.0,122.0,10.195696351328875,9.0,11.0,1.0,11302.529542550874,10000.0,19000.0,1.0,16.5,16.806490683499785,19.0,1.0,18441.46162250044,10000.0,25000.0,1.0,18.154661341523113,17.0,20.0,1.0,0.0,111.0,1.0,54.0
91.0,24.0,91.0,24.0,-721.0,911.0,12.0,-711.0,15.273415231359996,12.0,17.0,30000.0,18000.0,36000.0,1.0,24.713704555960817,20.0,25.0,1.0,18000.0,34479.466685551066,36000.0,1.0,25.273453651879727,20.0,26.0,1.0,721.0,15.00491615766465,12.0,17.0,1.0,25337.050728482584,18000.0,36000.0,1.0,20.0,23.19506104083966,25.0,1.0,29818.38933963627,18000.0,36000.0,1.0,23.755044050466886,20.0,26.0,1.0,1.0,91121.0,7.0,32.0
11.0,21.0,11.0,22.0,-121.0,21.0,13.0,-111.0,10.18554914637272,9.0,11.0,30000.0,10000.0,19000.0,0.0,26.38929444454773,16.5,19.0,0.0,10000.0,37011.21443130209,25000.0,0.0,27.709951106303983,17.0,20.0,0.0,122.0,10.171909372823515,9.0,11.0,1.0,13123.747236263638,10000.0,19000.0,1.0,16.5,17.191210226900154,19.0,1.0,20448.915230763734,10000.0,25000.0,1.0,18.5710042704584,17.0,20.0,1.0,0.0,211.0,1.0,59.0
92.0,24.0,92.0,24.0,-721.0,921.0,13.0,-711.0,15.105585777846938,12.0,17.0,30000.0,15000.0,28000.0,0.0,24.322148295481913,19.5,25.0,1.0,15000.0,33973.61691505303,28000.0,0.0,24.80698386402703,20.0,26.0,1.0,722.0,15.054297828873848,12.0,17.0,1.0,20002.016277199797,15000.0,28000.0,1.0,19.5,21.538480271172503,25.0,1.0,23989.757248823455,15000.0,28000.0,1.0,22.02503916764378,20.0,26.0,1.0,0.0,92122.0,7.0,20.0
91.0,24.0,91.0,24.0,-721.0,911.0,11.0,-711.0,15.370573599106233,12.0,17.0,30000.0,18000.0,36000.0,1.0,24.571789378257762,20.0,25.0,1.0,18000.0,34042.35833413463,36000.0,1.0,25.065766527308302,20.0,26.0,1.0,722.0,15.294371843833718,12.0,17.0,1.0,25876.44791736055,18000.0,36000.0,1.0,20.0,23.483152004791698,25.0,1.0,29943.522502058404,18000.0,36000.0,1.0,23.980149485534593,20.0,26.0,1.0,1.0,91121.0,7.0,4.0
91.0,24.0,91.0,24.0,-721.0,911.0,11.0,-711.0,15.61505809328324,12.0,17.0,30000.0,18000.0,36000.0,1.0,25.073957991485145,20.0,25.0,0.0,18000.0,34442.8495553101,36000.0,1.0,25.62912783098101,20.0,26.0,1.0,721.0,14.81707187167463,12.0,17.0,1.0,19405.895681535258,18000.0,36000.0,1.0,20.0,22.17384151980444,25.0,1.0,23903.091695995565,18000.0,36000.0,1.0,22.735802387136825,20.0,26.0,1.0,0.0,91121.0,7.0,0.0
11.0,22.0,11.0,22.0,-121.0,11.0,11.0,-111.0,10.002909033426686,9.0,11.0,30000.0,10000.0,19000.0,0.0,24.926307491263433,16.5,19.0,0.0,10000.0,36534.04577777178,25000.0,0.0,26.237039241167253,17.0,20.0,0.0,121.0,10.009834893323696,9.0,11.0,1.0,16836.261189789868,10000.0,19000.0,1.0,16.5,17.92420492065227,19.0,1.0,23384.46647054232,10000.0,25000.0,1.0,19.237777071549722,17.0,20.0,1.0,0.0,111.0,1.0,27.0
91.0,24.0,91.0,21.0,-721.0,911.0,12.0,-711.0,15.149322820939574,12.0,17.0,30000.0,18000.0,36000.0,1.0,24.565200037676583,20.0,25.0,1.0,18000.0,33902.12471230098,36000.0,1.0,25.041903478729097,20.0,26.0,1.0,722.0,15.194760246953752,12.0,17.0,1.0,22988.21043464286,18000.0,36000.0,1.0,20.0,22.928486971054195,25.0,1.0,26976.76836647471,18000.0,36000.0,1.0,23.41574953468978,20.0,26.0,1.0,1.0,91121.0,7.0,29.0
11.0,21.0,11.0,22.0,-121.0,11.0,12.0,-111.0,10.201641791972436,9.0,11.0,30000.0,10000.0,19000.0,0.0,26.601768884912595,16.5,19.0,0.0,10000.0,37106.98134952536,25000.0,0.0,27.94219951856008,17.0,20.0,0.0,122.0,10.209240638631568,9.0,11.0,1.0,15933.11212797143,10000.0,19000.0,1.0,16.5,17.728311845170747,19.0,1.0,22936.977945221875,10000.0,25000.0,1.0,19.0492941066517,17.0,20.0,1.0,0.0,111.0,1.0,51.0
81.0,23.0,81.0,21.0,-721.0,912.0,11.0,-711.0,15.277197613836352,12.0,17.0,30000.0,12500.0,23000.0,0.0,26.346390935519707,20.0,24.0,0.0,12500.0,33958.19188358104,26000.0,0.0,26.82947797652388,20.0,25.0,0.0,722.0,15.515891716503257,12.0,17.0,1.0,13368.917930523856,12500.0,23000.0,1.0,20.0,21.61965901957905,24.0,1.0,17328.608462562188,12500.0,26000.0,1.0,22.102928966735835,20.0,25.0,1.0,0.0,912.0,7.0,12.0
11.0,21.0,11.0,22.0,-121.0,21.0,13.0,-111.0,9.987552014099052,9.0,11.0,30000.0,10000.0,19000.0,0.0,28.35145268176175,16.5,19.0,0.0,10000.0,36542.34917160312,25000.0,0.0,29.653222557403403,17.0,20.0,0.0,121.0,9.986937836501324,9.0,11.0,1.0,14901.842640218478,10000.0,19000.0,1.0,16.5,17.481515842957627,19.0,1.0,21402.164861825007,10000.0,25000.0,1.0,18.77492336800691,17.0,20.0,1.0,0.0,211.0,1.0,32.0
81.0,21.0,81.0,21.0,-721.0,912.0,12.0,-711.0,15.094555423440333,12.0,17.0,30000.0,12500.0,23000.0,0.0,27.824510835028658,20.0,24.0,0.0,12500.0,33949.15728885927,26000.0,0.0,28.3082976463214,20.0,25.0,0.0,722.0,15.114202946952659,12.0,17.0,1.0,14792.958798076685,12500.0,23000.0,1.0,20.0,21.378485809509186,24.0,1.0,18750.89836859662,12500.0,26000.0,1.0,21.863348483759445,20.0,25.0,1.0,0.0,912.0,7.0,6.0
91.0,24.0,91.0,24.0,-721.0,911.0,12.0,-711.0,15.21857631445001,12.0,17.0,30000.0,18000.0,36000.0,1.0,24.939246765899373,20.0,25.0,1.0,18000.0,34046.69047318945,36000.0,1.0,25.432303254659526,20.0,26.0,1.0,722.0,15.24930677658849,12.0,17.0,1.0,27776.356503862276,18000.0,36000.0,1.0,20.0,23.70399849811447,25.0,1.0,31737.709499129644,18000.0,36000.0,1.0,24.186657305731803,20.0,26.0,1.0,1.0,91121.0,7.0,1.0
81.0,23.0,81.0,23.0,-721.0,912.0,12.0,-711.0,15.37142509061687,12.0,17.0,30000.0,12500.0,23000.0,0.0,25.249889257319005,20.0,24.0,0.0,12500.0,33981.380546319175,26000.0,0.0,25.735048974040676,20.0,25.0,0.0,722.0,15.063431984242111,12.0,17.0,1.0,16125.243241546857,12500.0,23000.0,1.0,20.0,21.586135246775576,24.0,1.0,20119.663027186347,12500.0,26000.0,1.0,22.072883888138165,20.0,25.0,1.0,0.0,912.0,7.0,5.0
81.0,21.0,81.0,23.0,-721.0,912.0,12.0,-711.0,14.91735088082698,12.0,17.0,30000.0,12500.0,23000.0,0.0,26.894429004577354,20.0,24.0,0.0,12500.0,34057.53060368969,26000.0,0.0,27.386932036477024,20.0,25.0,0.0,722.0,15.126761377194343,12.0,17.0,1.0,19240.571351827355,12500.0,23000.0,1.0,20.0,21.925958947139414,24.0,1.0,23242.48732646607,12500.0,26000.0,1.0,22.411711475814126,20.0,25.0,1.0,0.0,912.0,7.0,7.0
11.0,22.0,11.0,22.0,-121.0,21.0,13.0,-111.0,9.996920490837267,9.0,11.0,30000.0,10000.0,19000.0,0.0,24.8713465363249,16.5,19.0,0.0,10000.0,36489.48905420714,25000.0,0.0,26.169121141776863,17.0,20.0,0.0,121.0,9.982924593341263,9.0,11.0,1.0,14637.085102325365,10000.0,19000.0,1.0,16.5,17.430073203433995,19.0,1.0,21103.7769723404,10000.0,25000.0,1.0,18.72328880486065,17.0,20.0,1.0,0.0,211.0,1.0,19.0
91.0,24.0,91.0,24.0,-721.0,911.0,12.0,-711.0,15.015508396708194,12.0,17.0,30000.0,18000.0,36000.0,1.0,23.620612754056474,20.0,25.0,1.0,18000.0,34547.36962068332,36000.0,1.0,24.187535897586443,20.0,26.0,1.0,721.0,14.2887595875827,12.0,17.0,1.0,31472.855809940484,18000.0,36000.0,1.0,20.0,23.27837693140789,25.0,1.0,36006.00335114728,18000.0,36000.0,0.0,23.843527000242613,20.0,26.0,1.0,0.0,91121.0,7.0,1.0
11.0,22.0,11.0,21.0,-121.0,11.0,11.0,-111.0,10.006645290405533,9.0,11.0,30000.0,10000.0,19000.0,0.0,24.311156602669143,16.5,19.0,0.0,10000.0,36476.264438345264,25000.0,0.0,25.61232253278468,17.0,20.0,0.0,121.0,10.005840612763192,9.0,11.0,1.0,15095.379092482384,10000.0,19000.0,1.0,16.5,17.52426171387684,19.0,1.0,21577.227971878965,10000.0,25000.0,1.0,18.826549630981003,17.0,20.0,1.0,0.0,111.0,1.0,12.0
11.0,22.0,11.0,22.0,-121.0,21.0,13.0,-111.0,9.996730174572374,9.0,11.0,30000.0,10000.0,19000.0,0.0,24.77905245236804,16.5,19.0,0.0,10000.0,36480.26598028478,25000.0,0.0,26.076713997660327,17.0,20.0,0.0,121.0,10.0095481995144,9.0,11.0,1.0,13574.47439613724,10000.0,19000.0,1.0,16.5,17.22611506443284,19.0,1.0,20111.80473227572,10000.0,25000.0,1.0,18.535203643804206,17.0,20.0,1.0,0.0,211.0,1.0,13.0
11.0,22.0,11.0,21.0,-121.0,21.0,13.0,-111.0,10.200998755150975,9.0,11.0,30000.0,10000.0,19000.0,0.0,24.90056537565267,16.5,19.0,0.0,10000.0,37059.55639822336,25000.0,0.0,26.232755443422207,17.0,20.0,0.0,122.0,10.199479704195607,9.0,11.0,1.0,12476.328296919648,10000.0,19000.0,1.0,16.5,17.05068128592695,19.0,1.0,19493.60169274306,10000.0,25000.0,1.0,18.374892241036257,17.0,20.0,1.0,0.0,211.0,1.0,2.0
11.0,22.0,11.0,21.0,-121.0,21.0,13.0,-111.0,10.179113477127887,9.0,11.0,30000.0,10000.0,19000.0,0.0,25.426159959666116,16.5,19.0,0.0,10000.0,37112.382333042646,25000.0,0.0,26.76929675310889,17.0,20.0,0.0,122.0,10.18512266354015,9.0,11.0,1.0,13004.84733591357,10000.0,19000.0,1.0,16.5,17.126191273436945,19.0,1.0,19989.28762581625,10000.0,25000.0,1.0,18.44516687059937,17.0,20.0,1.0,0.0,211.0,1.0,20.0
11.0,22.0,11.0,22.0,-121.0,21.0,13.0,-111.0,10.215516744086875,9.0,11.0,30000.0,10000.0,19000.0,0.0,24.978002240371886,16.5,19.0,0.0,10000.0,36985.47516546287,25000.0,0.0,26.296462711283024,17.0,20.0,0.0,122.0,10.233811179938627,9.0,11.0,1.0,14630.242163225495,10000.0,19000.0,1.0,16.5,17.523832618498197,19.0,1.0,21645.341989259156,10000.0,25000.0,1.0,18.84788454067093,17.0,20.0,1.0,0.0,211.0,1.0,36.0
11.0,22.0,11.0,22.0,-121.0,11.0,11.0,-111.0,9.995696280812043,9.0,11.0,30000.0,10000.0,19000.0,0.0,24.007430904508965,16.5,19.0,0.0,10000.0,36557.86519922636,25000.0,0.0,25.32352633946575,17.0,20.0,0.0,121.0,9.995691023994237,9.0,11.0,1.0,17548.677003663906,10000.0,19000.0,1.0,16.5,18.056823223569427,19.0,1.0,24081.857979686127,10000.0,25000.0,1.0,19.367964791301517,17.0,20.0,1.0,0.0,111.0,1.0,44.0
11.0,22.0,11.0,22.0,-121.0,11.0,11.0,-111.0,10.004191654648928,9.0,11.0,30000.0,10000.0,19000.0,0.0,25.394734133623924,16.5,19.0,0.0,10000.0,36538.05500703513,25000.0,0.0,26.703805371569615,17.0,20.0,0.0,121.0,9.999872045962805,9.0,11.0,1.0,13684.23169485234,10000.0,19000.0,1.0,16.5,17.28713467237569,19.0,1.0,20203.224338476095,10000.0,25000.0,1.0,18.592389180171164,17.0,20.0,1.0,0.0,111.0,1.0,15.0
11.0,22.0,11.0,21.0,-121.0,11.0,11.0,-111.0,10.004163117324843,9.0,11.0,30000.0,10000.0,19000.0,0.0,24.034710368844706,16.5,19.0,0.0,10000.0,36494.01449868563,25000.0,0.0,25.3224747139884,17.0,20.0,0.0,121.0,9.993028268536797,9.0,11.0,1.0,13708.50610967706,10000.0,19000.0,1.0,16.5,17.187594955792676,19.0,1.0,20216.573669345824,10000.0,25000.0,1.0,18.478146025677724,17.0,20.0,1.0,0.0,111.0,1.0,12.0
91.0,21.0,91.0,24.0,-721.0,911.0,12.0,-711.0,15.211544094364022,12.0,17.0,30000.0,18000.0,36000.0,1.0,24.571790914629858,20.0,25.0,1.0,18000.0,34011.52589968493,36000.0,1.0,25.058568426005035,20.0,26.0,1.0,722.0,15.097620844714138,12.0,17.0,1.0,28834.62279832754,18000.0,36000.0,1.0,20.0,23.636460364041554,25.0,1.0,32857.943635116615,18000.0,36000.0,1.0,24.124669128828515,20.0,26.0,1.0,1.0,91121.0,7.0,26.0
11.0,22.0,11.0,22.0,-121.0,21.0,12.0,-111.0,9.992200675024351,9.0,11.0,30000.0,10000.0,19000.0,0.0,23.54603169241338,16.5,19.0,0.0,10000.0,36504.03484750827,25000.0,0.0,24.855610076290745,17.0,20.0,0.0,121.0,10.001934520129264,9.0,11.0,1.0,14922.48140258289,10000.0,19000.0,1.0,16.5,17.5351171118874,19.0,1.0,21472.00026401934,10000.0,25000.0,1.0,18.853853638801947,17.0,20.0,1.0,0.0,211.0,1.0,48.0
11.0,22.0,11.0,21.0,-121.0,11.0,11.0,-111.0,10.19817183660343,9.0,11.0,30000.0,10000.0,19000.0,0.0,23.2371355195444,16.5,19.0,0.0,10000.0,37140.29112577143,25000.0,0.0,24.5759904358801,17.0,20.0,0.0,122.0,10.196716333613036,9.0,11.0,1.0,10716.355510925778,10000.0,19000.0,1.0,16.5,16.694794809058216,19.0,1.0,17699.978144715613,10000.0,25000.0,1.0,18.00427327882756,17.0,20.0,1.0,0.0,111.0,1.0,1.0
11.0,22.0,11.0,21.0,-121.0,11.0,11.0,-111.0,10.009470297428326,9.0,11.0,30000.0,10000.0,19000.0,0.0,24.12302901925296,16.5,19.0,0.0,10000.0,36474.57349001992,25000.0,0.0,25.41438326804934,17.0,20.0,0.0,121.0,9.997954915402254,9.0,11.0,1.0,16344.712895122686,10000.0,19000.0,1.0,16.5,17.725266502121887,19.0,1.0,22862.7775938112,10000.0,25000.0,1.0,19.02529507629059,17.0,20.0,1.0,0.0,111.0,1.0,39.0
11.0,21.0,11.0,22.0,-121.0,21.0,12.0,-111.0,9.995997201572099,9.0,11.0,30000.0,10000.0,19000.0,0.0,25.16887303568511,16.5,19.0,0.0,10000.0,36504.76740831014,25000.0,0.0,26.47446174546206,17.0,20.0,0.0,121.0,10.007181146755583,9.0,11.0,1.0,14466.562216855176,10000.0,19000.0,1.0,16.5,17.47420786957569,19.0,1.0,21057.9052402564,10000.0,25000.0,1.0,18.797173395233948,17.0,20.0,1.0,0.0,211.0,1.0,37.0
81.0,23.0,81.0,21.0,-721.0,912.0,12.0,-711.0,14.980461222195355,12.0,17.0,30000.0,12500.0,23000.0,0.0,26.09388141967626,20.0,24.0,0.0,12500.0,33956.668698027,26000.0,0.0,26.57656056423433,20.0,25.0,0.0,722.0,15.33744226848269,12.0,17.0,1.0,14643.597729861125,12500.0,23000.0,1.0,20.0,21.550974401097783,24.0,1.0,18682.998092541136,12500.0,26000.0,1.0,22.043746088694014,20.0,25.0,1.0,0.0,912.0,7.0,30.0
11.0,22.0,11.0,22.0,-121.0,21.0,13.0,-111.0,10.210278831617778,9.0,11.0,30000.0,10000.0,19000.0,0.0,25.22232372901121,16.5,19.0,0.0,10000.0,37082.36891799524,25000.0,0.0,26.557144305687935,17.0,20.0,0.0,122.0,10.208236671790697,9.0,11.0,1.0,14201.23059453009,10000.0,19000.0,1.0,16.5,17.40201504566297,19.0,1.0,21064.715423072495,10000.0,25000.0,1.0,18.69558233690769,17.0,20.0,1.0,0.0,211.0,1.0,5.0
11.0,22.0,11.0,21.0,-121.0,11.0,11.0,-111.0,9.997694545634644,9.0,11.0,30000.0,10000.0,19000.0,0.0,24.74802245022532,16.5,19.0,0.0,10000.0,36520.23886212388,25000.0,0.0,26.04993365122583,17.0,20.0,0.0,121.0,9.995105603992496,9.0,11.0,1.0,16551.884961391253,10000.0,19000.0,1.0,16.5,17.7612182478088,19.0,1.0,23089.25037379295,10000.0,25000.0,1.0,19.06654914678552,17.0,20.0,1.0,0.0,111.0,1.0,0.0
11.0,22.0,11.0,22.0,-121.0,11.0,12.0,-111.0,9.987289856637604,9.0,11.0,30000.0,10000.0,19000.0,0.0,24.02197747850302,16.5,19.0,0.0,10000.0,36437.84324960982,25000.0,0.0,25.308251836667118,17.0,20.0,0.0,121.0,10.008285999174142,9.0,11.0,1.0,16137.682354779845,10000.0,19000.0,1.0,16.5,17.751442875086084,19.0,1.0,22721.508437571945,10000.0,25000.0,1.0,19.066884450868585,17.0,20.0,1.0,0.0,111.0,1.0,14.0
11.0,21.0,11.0,22.0,-121.0,11.0,11.0,-111.0,10.015975972214894,9.0,11.0,30000.0,10000.0,19000.0,0.0,24.535836439265864,16.5,19.0,0.0,10000.0,36552.69905305055,25000.0,0.0,25.848499220878494,17.0,20.0,0.0,121.0,10.022735535926085,9.0,11.0,1.0,15625.611349097571,10000.0,19000.0,1.0,16.5,17.674588864351346,19.0,1.0,22170.01982493713,10000.0,25000.0,1.0,18.9855908445057,17.0,20.0,1.0,0.0,111.0,1.0,29.0
11.0,22.0,11.0,22.0,-121.0,11.0,12.0,-111.0,9.988544837228048,9.0,11.0,30000.0,10000.0,19000.0,0.0,23.75032488234475,16.5,19.0,0.0,10000.0,36431.88061091311,25000.0,0.0,25.037459864911334,17.0,20.0,0.0,121.0,9.999212239967337,9.0,11.0,1.0,14143.269091815626,10000.0,19000.0,1.0,16.5,17.365685274837073,19.0,1.0,20608.778158695415,10000.0,25000.0,1.0,18.65954991622397,17.0,20.0,1.0,0.0,111.0,1.0,40.0
11.0,22.0,11.0,21.0,-121.0,21.0,13.0,-111.0,10.181693933858787,9.0,11.0,30000.0,10000.0,19000.0,0.0,25.059485356353527,16.5,19.0,0.0,10000.0,36997.49032919254,25000.0,0.0,26.386515482667317,17.0,20.0,0.0,122.0,10.217470619462283,9.0,11.0,1.0,12426.750072291405,10000.0,19000.0,1.0,16.5,17.033808222909105,19.0,1.0,19250.854621284478,10000.0,25000.0,1.0,18.32795682413679,17.0,20.0,1.0,0.0,211.0,1.0,33.0
11.0,22.0,11.0,22.0,-121.0,21.0,13.0,-111.0,10.007878510489801,9.0,11.0,30000.0,10000.0,19000.0,0.0,23.940217405455822,16.5,19.0,0.0,10000.0,36490.21912533115,25000.0,0.0,25.238819983456516,17.0,20.0,0.0,121.0,10.005714173272906,9.0,11.0,1.0,13368.42804501976,10000.0,19000.0,1.0,16.5,17.219230401616986,19.0,1.0,19804.508002688824,10000.0,25000.0,1.0,18.50700048516115,17.0,20.0,1.0,0.0,211.0,1.0,31.0
11.0,21.0,11.0,22.0,-121.0,11.0,12.0,-111.0,10.225283932840313,9.0,11.0,30000.0,10000.0,19000.0,0.0,25.462596871444987,16.5,19.0,0.0,10000.0,37111.67112965943,25000.0,0.0,26.797492573658847,17.0,20.0,0.0,122.0,10.19958820759786,9.0,11.0,1.0,14839.468535927019,10000.0,19000.0,1.0,16.5,17.4811716458351,19.0,1.0,21844.39899653339,10000.0,25000.0,1.0,18.7960315986769,17.0,20.0,1.0,0.0,111.0,1.0,7.0
91.0,24.0,91.0,24.0,-721.0,911.0,11.0,-711.0,15.18522235723651,12.0,17.0,30000.0,18000.0,36000.0,1.0,24.637224102921188,20.0,25.0,1.0,18000.0,34002.77702163093,36000.0,1.0,25.12605614415142,20.0,26.0,1.0,722.0,15.219059940256232,12.0,17.0,1.0,29310.976670444103,18000.0,36000.0,1.0,20.0,23.885445405273302,25.0,1.0,33347.22254913606,18000.0,36000.0,1.0,24.378364771284897,20.0,26.0,1.0,1.0,91121.0,7.0,16.0
11.0,22.0,11.0,21.0,-121.0,11.0,11.0,-111.0,10.013088364158385,9.0,11.0,30000.0,10000.0,19000.0,0.0,22.80482964064167,16.5,19.0,0.0,10000.0,36452.176978925505,25000.0,0.0,24.096511811952045,17.0,20.0,0.0,121.0,10.013500408255398,9.0,11.0,1.0,14509.467071780982,10000.0,19000.0,1.0,16.5,17.398305511600526,19.0,1.0,20973.259658003426,10000.0,25000.0,1.0,18.69231304889255,17.0,20.0,1.0,0.0,111.0,1.0,26.0
11.0,22.0,11.0,22.0,-121.0,21.0,13.0,-111.0,10.193848358194073,9.0,11.0,30000.0,10000.0,19000.0,0.0,27.556916653695993,16.5,19.0,0.0,10000.0,36903.06006399878,25000.0,0.0,28.860139303820226,17.0,20.0,0.0,122.0,10.20495469895605,9.0,11.0,1.0,15270.567240272678,10000.0,19000.0,1.0,16.5,17.646027984863306,19.0,1.0,22353.203472400062,10000.0,25000.0,1.0,18.98315266214043,17.0,20.0,1.0,0.0,211.0,1.0,36.0
11.0,22.0,11.0,22.0,-121.0,21.0,13.0,-111.0,9.996435575743144,9.0,11.0,30000.0,10000.0,19000.0,0.0,25.242103324354453,16.5,19.0,0.0,10000.0,36425.71741429191,25000.0,0.0,26.524447784593118,17.0,20.0,0.0,121.0,9.991107960994523,9.0,11.0,1.0,14794.221145572092,10000.0,19000.0,1.0,16.5,17.499172736143322,19.0,1.0,21281.370077800988,10000.0,25000.0,1.0,18.793776740590285,17.0,20.0,1.0,0.0,211.0,1.0,4.0
11.0,21.0,11.0,22.0,-121.0,11.0,12.0,-111.0,9.985329423789706,9.0,11.0,30000.0,10000.0,19000.0,0.0,24.504241755490806,16.5,19.0,0.0,10000.0,36531.02248792577,25000.0,0.0,25.810599526854453,17.0,20.0,0.0,121.0,9.995163620379284,9.0,11.0,1.0,14048.898353170105,10000.0,19000.0,1.0,16.5,17.365779670977837,19.0,1.0,20554.335500404053,10000.0,25000.0,1.0,18.66701977375168,17.0,20.0,1.0,0.0,111.0,1.0,7.0
11.0,22.0,11.0,22.0,-121.0,21.0,13.0,-111.0,10.00524583949216,9.0,11.0,30000.0,10000.0,19000.0,0.0,25.061217322151887,16.5,19.0,0.0,10000.0,36522.32382529838,25000.0,0.0,26.366050856726396,17.0,20.0,0.0,121.0,10.013117944681117,9.0,11.0,1.0,13688.439699897319,10000.0,19000.0,1.0,16.5,17.253488718335745,19.0,1.0,20232.020182616285,10000.0,25000.0,1.0,18.562574786237068,17.0,20.0,1.0,0.0,211.0,1.0,8.0
91.0,24.0,91.0,24.0,-721.0,911.0,12.0,-711.0,15.09755321594403,12.0,17.0,30000.0,18000.0,36000.0,1.0,24.482465086998328,20.0,25.0,1.0,18000.0,33928.05020280377,36000.0,1.0,24.960847620527918,20.0,26.0,1.0,722.0,15.204197561783092,12.0,17.0,1.0,27226.15725989388,18000.0,36000.0,1.0,20.0,23.511180217884693,25.0,1.0,31192.361624290297,18000.0,36000.0,1.0,23.994209403963264,20.0,26.0,1.0,1.0,91121.0,7.0,13.0
91.0,24.0,91.0,24.0,-721.0,911.0,12.0,-711.0,15.317015285369893,12.0,17.0,30000.0,18000.0,36000.0,1.0,24.63967008208406,20.0,25.0,1.0,18000.0,33969.55180693454,36000.0,1.0,25.123562428732235,20.0,26.0,1.0,722.0,15.423983357095006,12.0,17.0,1.0,29025.92383706586,18000.0,36000.0,1.0,20.0,23.980528566721127,25.0,1.0,32993.843333159195,18000.0,36000.0,1.0,24.464221933040584,20.0,26.0,1.0,1.0,91121.0,7.0,13.0
11.0,22.0,11.0,22.0,-121.0,11.0,11.0,-111.0,10.203079635783013,9.0,11.0,30000.0,10000.0,19000.0,0.0,23.87105637914004,16.5,19.0,0.0,10000.0,37092.4986239804,25000.0,0.0,25.209439787232032,17.0,20.0,0.0,122.0,10.197241661899225,9.0,11.0,1.0,15270.310611009576,10000.0,19000.0,1.0,16.5,17.653235232122924,19.0,1.0,22285.148072937936,10000.0,25000.0,1.0,18.976963662293294,17.0,20.0,1.0,0.0,111.0,1.0,57.0
11.0,21.0,11.0,22.0,-121.0,11.0,11.0,-111.0,10.186339185481874,9.0,11.0,30000.0,10000.0,19000.0,0.0,24.298940360429782,16.5,19.0,0.0,10000.0,36990.566184155155,25000.0,0.0,25.618953750575095,17.0,20.0,0.0,122.0,10.190610011957363,9.0,11.0,1.0,15885.079737536804,10000.0,19000.0,1.0,16.5,17.720523419855898,19.0,1.0,23076.546834418077,10000.0,25000.0,1.0,19.078472491876592,17.0,20.0,1.0,0.0,111.0,1.0,35.0
11.0,21.0,11.0,22.0,-121.0,11.0,11.0,-111.0,9.989021869668768,9.0,11.0,30000.0,10000.0,19000.0,0.0,25.519241649467844,16.5,19.0,0.0,10000.0,36450.43296437218,25000.0,0.0,26.81748562490706,17.0,20.0,0.0,121.0,10.000854815983468,9.0,11.0,1.0,17628.361992769045,10000.0,19000.0,1.0,16.5,18.06410286646841,19.0,1.0,24109.069385701572,10000.0,25000.0,1.0,19.36844001343664,17.0,20.0,1.0,0.0,111.0,1.0,29.0
11.0,21.0,11.0,21.0,-121.0,11.0,11.0,-111.0,10.001768555052093,9.0,11.0,30000.0,10000.0,19000.0,0.0,26.677323113670184,16.5,19.0,0.0,10000.0,36546.083150509905,25000.0,0.0,27.985792560979867,17.0,20.0,0.0,121.0,10.02188887234306,9.0,11.0,1.0,15136.366950579393,10000.0,19000.0,1.0,16.5,17.52227811923478,19.0,1.0,21612.984668514735,10000.0,25000.0,1.0,18.81686240895051,17.0,20.0,1.0,0.0,111.0,1.0,56.0
11.0,22.0,11.0,22.0,-121.0,21.0,13.0,-111.0,9.98819227003407,9.0,11.0,30000.0,10000.0,19000.0,0.0,25.59003153198381,16.5,19.0,0.0,10000.0,36562.587667870466,25000.0,0.0,26.89872809223357,17.0,20.0,0.0,121.0,10.003214418411803,9.0,11.0,1.0,16094.24728383609,10000.0,19000.0,1.0,16.5,17.760553619339365,19.0,1.0,22522.91655012165,10000.0,25000.0,1.0,19.042544471356628,17.0,20.0,1.0,0.0,211.0,1.0,31.0
11.0,22.0,11.0,22.0,-121.0,11.0,12.0,-111.0,9.992442017532444,9.0,11.0,30000.0,10000.0,19000.0,0.0,24.58455506870829,16.5,19.0,0.0,10000.0,36533.56694907144,25000.0,0.0,25.89191124370441,17.0,20.0,0.0,121.0,10.009340256630777,9.0,11.0,1.0,14474.130277910435,10000.0,19000.0,1.0,16.5,17.43050279994894,19.0,1.0,20968.830014926054,10000.0,25000.0,1.0,18.730081708701036,17.0,20.0,1.0,0.0,111.0,1.0,14.0
11.0,22.0,11.0,22.0,-121.0,11.0,12.0,-111.0,10.203818567825634,9.0,11.0,30000.0,10000.0,19000.0,0.0,23.89972961366842,16.5,19.0,0.0,10000.0,36773.31724749902,25000.0,0.0,25.180140140736157,17.0,20.0,0.0,122.0,10.202213559677615,9.0,11.0,1.0,16264.752236822495,10000.0,19000.0,1.0,16.5,17.830005092601297,19.0,1.0,23234.473096823614,10000.0,25000.0,1.0,19.147543255037757,17.0,20.0,1.0,0.0,111.0,1.0,40.0
11.0,22.0,11.0,21.0,-121.0,21.0,13.0,-111.0,10.193770196283376,9.0,11.0,30000.0,10000.0,19000.0,0.0,24.91235040636841,16.5,19.0,0.0,10000.0,37069.43561098418,25000.0,0.0,26.241589182398467,17.0,20.0,0.0,122.0,10.18542311139869,9.0,11.0,1.0,13227.59448184218,10000.0,19000.0,1.0,16.5,17.151662962099884,19.0,1.0,20233.58143364435,10000.0,25000.0,1.0,18.468971730882856,17.0,20.0,1.0,0.0,211.0,1.0,20.0
11.0,22.0,11.0,21.0,-121.0,21.0,12.0,-111.0,10.235465461934991,9.0,11.0,30000.0,10000.0,19000.0,0.0,23.973604089079156,16.5,19.0,0.0,10000.0,37115.63131799848,25000.0,0.0,25.314282339202578,17.0,20.0,0.0,122.0,10.216642289419129,9.0,11.0,1.0,13940.185143599061,10000.0,19000.0,1.0,16.5,17.327949217928126,19.0,1.0,21025.76716959455,10000.0,25000.0,1.0,18.662965787391094,17.0,20.0,1.0,0.0,211.0,1.0,53.0
11.0,22.0,11.0,22.0,-121.0,11.0,11.0,-111.0,9.990123198360727,9.0,11.0,30000.0,10000.0,19000.0,0.0,25.431723673870266,16.5,19.0,0.0,10000.0,36492.967634550114,25000.0,0.0,26.72660269670192,17.0,20.0,0.0,121.0,10.005345251704233,9.0,11.0,1.0,15204.484186408468,10000.0,19000.0,1.0,16.5,17.593677560157516,19.0,1.0,21742.814906124197,10000.0,25000.0,1.0,18.89760324865855,17.0,20.0,1.0,0.0,111.0,1.0,55.0
11.0,22.0,11.0,22.0,-121.0,21.0,13.0,-111.0,10.213462994326465,9.0,11.0,30000.0,10000.0,19000.0,0.0,25.82183743832771,16.5,19.0,0.0,10000.0,36964.76791408545,25000.0,0.0,27.135471971218024,17.0,20.0,0.0,122.0,10.199693961625574,9.0,11.0,1.0,12027.84885008611,10000.0,19000.0,1.0,16.5,17.01382659968249,19.0,1.0,19074.844302011377,10000.0,25000.0,1.0,18.342970182492827,17.0,20.0,1.0,0.0,211.0,1.0,16.0
11.0,22.0,11.0,22.0,-121.0,21.0,13.0,-111.0,9.991182156943154,9.0,11.0,30000.0,10000.0,19000.0,0.0,27.726664480162786,16.5,19.0,0.0,10000.0,36415.05467451798,25000.0,0.0,29.005262860023564,17.0,20.0,0.0,121.0,9.994275238808786,9.0,11.0,1.0,14701.474517769439,10000.0,19000.0,1.0,16.5,17.44551227887342,19.0,1.0,21263.82196866828,10000.0,25000.0,1.0,18.75346789959979,17.0,20.0,1.0,0.0,211.0,1.0,47.0
11.0,22.0,11.0,21.0,-121.0,11.0,11.0,-111.0,9.998935493152045,9.0,11.0,30000.0,10000.0,19000.0,0.0,23.593868127153556,16.5,19.0,0.0,10000.0,36572.88034428005,25000.0,0.0,24.909667916355293,17.0,20.0,0.0,121.0,9.985831035084027,9.0,11.0,1.0,18079.019708734944,10000.0,19000.0,1.0,16.5,18.106549341830586,19.0,1.0,24650.38603859343,10000.0,25000.0,1.0,19.42204604627307,17.0,20.0,1.0,0.0,111.0,1.0,12.0
11.0,21.0,11.0,22.0,-121.0,21.0,13.0,-111.0,10.20371274678111,9.0,11.0,30000.0,10000.0,19000.0,0.0,25.59932141816416,16.5,19.0,0.0,10000.0,37179.63565196504,25000.0,0.0,26.953719925692152,17.0,20.0,0.0,122.0,10.199136688452723,9.0,11.0,1.0,15617.376894487532,10000.0,19000.0,1.0,16.5,17.67175516420584,19.0,1.0,22775.96914314839,10000.0,25000.0,1.0,19.022183950231227,17.0,20.0,1.0,0.0,211.0,1.0,59.0
81.0,21.0,81.0,21.0,-721.0,912.0,12.0,-711.0,15.005751901437385,12.0,17.0,30000.0,12500.0,23000.0,0.0,26.65489146033042,20.0,24.0,0.0,12500.0,34131.3869673039,26000.0,0.0,27.159897004736585,20.0,25.0,0.0,722.0,15.41341561717984,12.0,17.0,1.0,16410.277852384548,12500.0,23000.0,1.0,20.0,21.88674094355579,24.0,1.0,20415.56270832975,12500.0,26000.0,1.0,22.3763322297718,20.0,25.0,1.0,0.0,912.0,7.0,6.0
11.0,21.0,11.0,22.0,-121.0,21.0,12.0,-111.0,10.016622513276525,9.0,11.0,30000.0,10000.0,19000.0,0.0,24.89121812039005,16.5,19.0,0.0,10000.0,36558.605254379734,25000.0,0.0,26.204661240206107,17.0,20.0,0.0,121.0,9.99640077936521,9.0,11.0,1.0,15613.827794297484,10000.0,19000.0,1.0,16.5,17.62771197875806,19.0,1.0,22042.15810938048,10000.0,25000.0,1.0,18.915065904901503,17.0,20.0,1.0,0.0,211.0,1.0,37.0
11.0,22.0,11.0,21.0,-121.0,11.0,11.0,-111.0,10.002613068346523,9.0,11.0,30000.0,10000.0,19000.0,0.0,23.68325761708623,16.5,19.0,0.0,10000.0,36498.699616638056,25000.0,0.0,24.979892168915185,17.0,20.0,0.0,121.0,10.01373884672893,9.0,11.0,1.0,13009.588591543965,10000.0,19000.0,1.0,16.5,17.075287223225985,19.0,1.0,19462.96944605469,10000.0,25000.0,1.0,18.362879677976018,17.0,20.0,1.0,0.0,111.0,1.0,12.0
11.0,21.0,11.0,22.0,-121.0,11.0,11.0,-111.0,10.234776387022016,9.0,11.0,30000.0,10000.0,19000.0,0.0,23.911708125210886,16.5,19.0,0.0,10000.0,36987.580666237736,25000.0,0.0,25.22995531475838,17.0,20.0,0.0,122.0,10.16778101469082,9.0,11.0,1.0,17363.81456665722,10000.0,19000.0,1.0,16.5,17.958049624858432,19.0,1.0,24232.00335294502,10000.0,25000.0,1.0,19.25377285114648,17.0,20.0,1.0,0.0,111.0,1.0,35.0
11.0,22.0,11.0,22.0,-121.0,21.0,12.0,-111.0,10.008170742806037,9.0,11.0,30000.0,10000.0,19000.0,0.0,24.662445696442116,16.5,19.0,0.0,10000.0,36510.3404022802,25000.0,0.0,25.96403819472111,17.0,20.0,0.0,121.0,10.01204385907819,9.0,11.0,1.0,15396.870345758316,10000.0,19000.0,1.0,16.5,17.620468054381938,19.0,1.0,21887.705903699298,10000.0,25000.0,1.0,18.91816100862739,17.0,20.0,1.0,0.0,211.0,1.0,23.0
11.0,21.0,11.0,22.0,-121.0,11.0,11.0,-111.0,10.187954623220934,9.0,11.0,30000.0,10000.0,19000.0,0.0,28.172577003547588,16.5,19.0,0.0,10000.0,37100.10246647175,25000.0,0.0,29.5077724711295,17.0,20.0,0.0,122.0,10.22344743712713,9.0,11.0,1.0,15245.743703598913,10000.0,19000.0,1.0,16.5,17.592174682816726,19.0,1.0,22434.19588056927,10000.0,25000.0,1.0,18.943984577243455,17.0,20.0,1.0,0.0,111.0,1.0,29.0
11.0,22.0,11.0,21.0,-121.0,21.0,12.0,-111.0,10.195816713940907,9.0,11.0,30000.0,10000.0,19000.0,0.0,24.264917101827926,16.5,19.0,0.0,10000.0,37070.26954539279,25000.0,0.0,25.600887306602687,17.0,20.0,0.0,122.0,10.20500879466778,9.0,11.0,1.0,14222.825014226773,10000.0,19000.0,1.0,16.5,17.360846356612868,19.0,1.0,21210.832984168625,10000.0,25000.0,1.0,18.681272739034785,17.0,20.0,1.0,0.0,211.0,1.0,53.0
11.0,22.0,11.0,22.0,-121.0,21.0,13.0,-111.0,9.981694850047013,9.0,11.0,30000.0,10000.0,19000.0,0.0,26.066665411936512,16.5,19.0,0.0,10000.0,36556.62916849072,25000.0,0.0,27.377732507567636,17.0,20.0,0.0,121.0,9.995477714839234,9.0,11.0,1.0,14652.46508188595,10000.0,19000.0,1.0,16.5,17.463427985747476,19.0,1.0,21044.322665089196,10000.0,25000.0,1.0,18.741547266546622,17.0,20.0,1.0,0.0,211.0,1.0,41.0
11.0,21.0,11.0,22.0,-121.0,21.0,12.0,-111.0,10.018144880220913,9.0,11.0,30000.0,10000.0,19000.0,0.0,24.948178041950275,16.5,19.0,0.0,10000.0,36530.28083953741,25000.0,0.0,26.25276979272309,17.0,20.0,0.0,121.0,9.983294794722722,9.0,11.0,1.0,16205.200895918275,10000.0,19000.0,1.0,16.5,17.725424551771454,19.0,1.0,22670.018927302557,10000.0,25000.0,1.0,19.016938420964976,17.0,20.0,1.0,0.0,211.0,1.0,37.0
91.0,24.0,91.0,24.0,-721.0,911.0,11.0,-711.0,15.489726585948459,12.0,17.0,30000.0,18000.0,36000.0,1.0,25.557902627990778,20.0,25.0,0.0,18000.0,34519.87613844933,36000.0,1.0,26.121162604270815,20.0,26.0,0.0,721.0,14.696999674468671,12.0,17.0,1.0,23506.1178464479,18000.0,36000.0,1.0,20.0,22.6165332722897,25.0,1.0,28010.951123890423,18000.0,36000.0,1.0,23.177918630488545,20.0,26.0,1.0,0.0,91121.0,7.0,9.0
92.0,24.0,92.0,24.0,-721.0,921.0,13.0,-711.0,15.456753246950228,12.0,17.0,30000.0,15000.0,28000.0,0.0,25.067309847953,19.5,25.0,0.0,15000.0,33946.43457349216,28000.0,0.0,25.547904909957445,20.0,26.0,1.0,722.0,15.211138797342569,12.0,17.0,1.0,21332.41912619089,15000.0,28000.0,1.0,19.5,21.82289571444194,25.0,1.0,25308.56049233387,15000.0,28000.0,1.0,22.307108456554875,20.0,26.0,1.0,0.0,92122.0,7.0,25.0
11.0,22.0,11.0,22.0,-121.0,11.0,12.0,-111.0,10.004751975662948,9.0,11.0,30000.0,10000.0,19000.0,0.0,24.548019599133042,16.5,19.0,0.0,10000.0,36533.564788925214,25000.0,0.0,25.852733973701344,17.0,20.0,0.0,121.0,9.983618308953245,9.0,11.0,1.0,16829.925375078325,10000.0,19000.0,1.0,16.5,17.937727486725734,19.0,1.0,23386.376807745295,10000.0,25000.0,1.0,19.24701218913805,17.0,20.0,1.0,0.0,111.0,1.0,42.0
91.0,24.0,91.0,24.0,-721.0,911.0,11.0,-711.0,15.428193477325639,12.0,17.0,30000.0,18000.0,36000.0,1.0,24.351925583996646,20.0,25.0,1.0,18000.0,34539.53516914797,36000.0,1.0,24.918821287191655,20.0,26.0,1.0,721.0,14.808952531282772,12.0,17.0,1.0,23508.698055442208,18000.0,36000.0,1.0,20.0,22.7625605933619,25.0,1.0,27956.73732592078,18000.0,36000.0,1.0,23.318030317930692,20.0,26.0,1.0,1.0,91121.0,7.0,4.0
11.0,22.0,11.0,22.0,-121.0,11.0,11.0,-111.0,9.998211507850426,9.0,11.0,30000.0,10000.0,19000.0,0.0,25.36381931538098,16.5,19.0,0.0,10000.0,36536.395751317636,25000.0,0.0,26.674764782908714,17.0,20.0,0.0,121.0,9.983737594303477,9.0,11.0,1.0,17874.785535375162,10000.0,19000.0,1.0,16.5,18.082896768355234,19.0,1.0,24465.676048504443,10000.0,25000.0,1.0,19.404771754798123,17.0,20.0,1.0,0.0,111.0,1.0,11.0
11.0,21.0,11.0,22.0,-121.0,11.0,11.0,-111.0,10.19295495397029,9.0,11.0,30000.0,10000.0,19000.0,0.0,24.226514784768252,16.5,19.0,0.0,10000.0,36981.57187343113,25000.0,0.0,25.542652248381625,17.0,20.0,0.0,122.0,10.182293979654066,9.0,11.0,1.0,15831.547314729856,10000.0,19000.0,1.0,16.5,17.707801917401376,19.0,1.0,22800.250972013753,10000.0,25000.0,1.0,19.021513517374256,17.0,20.0,1.0,0.0,111.0,1.0,29.0
91.0,24.0,91.0,24.0,-721.0,911.0,12.0,-711.0,15.196151104169557,12.0,17.0,30000.0,18000.0,36000.0,1.0,25.318082063853183,20.0,25.0,0.0,18000.0,34016.0819571343,36000.0,1.0,25.809179582696096,20.0,26.0,1.0,722.0,15.120729109045607,12.0,17.0,1.0,28272.53875394421,18000.0,36000.0,1.0,20.0,23.569688837174358,25.0,1.0,32346.298601207985,18000.0,36000.0,1.0,24.067839366647284,20.0,26.0,1.0,0.0,91121.0,7.0,1.0
11.0,22.0,11.0,22.0,-121.0,11.0,11.0,-111.0,10.000402447207932,9.0,11.0,30000.0,10000.0,19000.0,0.0,25.083875172231615,16.5,19.0,0.0,10000.0,36573.358677333075,25000.0,0.0,26.402407970974085,17.0,20.0,0.0,121.0,10.000959001981924,9.0,11.0,1.0,15097.2800814814,10000.0,19000.0,1.0,16.5,17.600085140517294,19.0,1.0,21673.412325417918,10000.0,25000.0,1.0,18.91917428171963,17.0,20.0,1.0,0.0,111.0,1.0,17.0
11.0,22.0,11.0,22.0,-121.0,11.0,11.0,-111.0,10.018875408199426,9.0,11.0,30000.0,10000.0,19000.0,0.0,25.49784286654571,16.5,19.0,0.0,10000.0,36526.771136105934,25000.0,0.0,26.797437215198215,17.0,20.0,0.0,121.0,10.016907001353253,9.0,11.0,1.0,19388.854440450184,10000.0,19000.0,0.0,16.5,18.426583830355007,19.0,1.0,25880.82822871357,10000.0,25000.0,0.0,19.719249418114686,17.0,20.0,1.0,0.0,111.0,1.0,11.0
11.0,21.0,11.0,22.0,-121.0,21.0,13.0,-111.0,9.98820916720703,9.0,11.0,30000.0,10000.0,19000.0,0.0,27.174665153943565,16.5,19.0,0.0,10000.0,36613.16968616327,25000.0,0.0,28.499920089538477,17.0,20.0,0.0,121.0,9.983204618257787,9.0,11.0,1.0,15010.981802260954,10000.0,19000.0,1.0,16.5,17.519228669295824,19.0,1.0,21549.612060394793,10000.0,25000.0,1.0,18.82954617706409,17.0,20.0,1.0,0.0,211.0,1.0,32.0
81.0,23.0,81.0,23.0,-721.0,912.0,12.0,-711.0,14.978611416603078,12.0,17.0,30000.0,12500.0,23000.0,0.0,26.59306288495462,20.0,24.0,0.0,12500.0,33997.31526647517,26000.0,0.0,27.079644298992392,20.0,25.0,0.0,722.0,15.145976157383028,12.0,17.0,1.0,18703.535784021795,12500.0,23000.0,1.0,20.0,22.065265357193745,24.0,1.0,22769.58954122826,12500.0,26000.0,1.0,22.56021410525177,20.0,25.0,1.0,0.0,912.0,7.0,5.0
11.0,22.0,11.0,22.0,-121.0,21.0,13.0,-111.0,10.208220055855909,9.0,11.0,30000.0,10000.0,19000.0,0.0,27.36044008686258,16.5,19.0,0.0,10000.0,36984.93647313126,25000.0,0.0,28.681307150846365,17.0,20.0,0.0,122.0,10.210174743907608,9.0,11.0,1.0,12326.24420025553,10000.0,19000.0,1.0,16.5,17.06017785665815,19.0,1.0,19274.305343819244,10000.0,25000.0,1.0,18.37407171358605,17.0,20.0,1.0,0.0,211.0,1.0,31.0
11.0,22.0,11.0,22.0,-121.0,11.0,12.0,-111.0,10.206087393331533,9.0,11.0,30000.0,10000.0,19000.0,0.0,24.495310331542612,16.5,19.0,0.0,10000.0,36981.839653415496,25000.0,0.0,25.811002661044505,17.0,20.0,0.0,122.0,10.196626390514627,9.0,11.0,1.0,16406.31493462812,10000.0,19000.0,1.0,16.5,17.830615848671773,19.0,1.0,23558.219110017206,10000.0,25000.0,1.0,19.17835597620231,17.0,20.0,1.0,0.0,111.0,1.0,49.0
91.0,24.0,91.0,24.0,-721.0,911.0,12.0,-711.0,14.871949044826913,12.0,17.0,30000.0,18000.0,36000.0,1.0,24.520261765703395,20.0,25.0,1.0,18000.0,34475.931444779126,36000.0,1.0,25.079490647156415,20.0,26.0,1.0,721.0,14.00768778658345,12.0,17.0,1.0,27476.869142785687,18000.0,36000.0,1.0,20.0,22.51456583243653,25.0,1.0,31927.297612318518,18000.0,36000.0,1.0,23.070608337937045,20.0,26.0,1.0,1.0,91121.0,7.0,23.0
11.0,21.0,11.0,21.0,-121.0,21.0,12.0,-111.0,10.200088332803574,9.0,11.0,30000.0,10000.0,19000.0,0.0,24.432175539854942,16.5,19.0,0.0,10000.0,36938.10535126262,25000.0,0.0,25.73596409462837,17.0,20.0,0.0,122.0,10.206060034769989,9.0,11.0,1.0,13531.141380252528,10000.0,19000.0,1.0,16.5,17.20205983835467,19.0,1.0,20633.3831804048,10000.0,25000.0,1.0,18.53669243666003,17.0,20.0,1.0,0.0,211.0,1.0,6.0
11.0,22.0,11.0,21.0,-121.0,11.0,12.0,-111.0,10.196898999462872,9.0,11.0,30000.0,10000.0,19000.0,0.0,23.46451321068512,16.5,19.0,0.0,10000.0,36973.61557719494,25000.0,0.0,24.78015600701855,17.0,20.0,0.0,122.0,10.195421173543295,9.0,11.0,1.0,14918.553214471793,10000.0,19000.0,1.0,16.5,17.49121308001516,19.0,1.0,21976.48387314567,10000.0,25000.0,1.0,18.822762765442505,17.0,20.0,1.0,0.0,111.0,1.0,10.0
11.0,22.0,11.0,22.0,-121.0,21.0,12.0,-111.0,9.995506989141804,9.0,11.0,30000.0,10000.0,19000.0,0.0,24.311120298269117,16.5,19.0,0.0,10000.0,36475.040843756695,25000.0,0.0,25.60544937987515,17.0,20.0,0.0,121.0,10.014699462489968,9.0,11.0,1.0,15969.807831529846,10000.0,19000.0,1.0,16.5,17.751885815583165,19.0,1.0,22449.79016756735,10000.0,25000.0,1.0,19.0472026773932,17.0,20.0,1.0,0.0,211.0,1.0,48.0
81.0,23.0,81.0,23.0,-721.0,912.0,12.0,-711.0,15.233216070258944,12.0,17.0,30000.0,12500.0,23000.0,0.0,26.605662442556486,20.0,24.0,0.0,12500.0,34060.23950587369,26000.0,0.0,27.099249148693247,20.0,25.0,0.0,722.0,14.985194893503254,12.0,17.0,1.0,18035.33062310381,12500.0,23000.0,1.0,20.0,21.70661047324877,24.0,1.0,22058.686074149056,12500.0,26000.0,1.0,22.195713335734087,20.0,25.0,1.0,0.0,912.0,7.0,10.0
92.0,24.0,92.0,24.0,-721.0,921.0,13.0,-711.0,15.453143061152973,12.0,17.0,30000.0,15000.0,28000.0,0.0,24.3083810342986,19.5,25.0,1.0,15000.0,34464.904844985045,28000.0,0.0,24.866005230762717,20.0,26.0,1.0,721.0,14.657226199109662,12.0,17.0,1.0,21093.31194419084,15000.0,28000.0,1.0,19.5,21.31381104182404,25.0,1.0,25618.90779618126,15000.0,28000.0,1.0,21.879014968470308,20.0,26.0,1.0,0.0,92122.0,7.0,25.0
91.0,21.0,91.0,24.0,-721.0,911.0,12.0,-711.0,15.31035124977749,12.0,17.0,30000.0,18000.0,36000.0,1.0,25.121058994091385,20.0,25.0,0.0,18000.0,33929.48971482203,36000.0,1.0,25.600197912770618,20.0,26.0,1.0,722.0,15.2548700879382,12.0,17.0,1.0,27332.467411407993,18000.0,36000.0,1.0,20.0,23.549005270043853,25.0,1.0,31354.403318757537,18000.0,36000.0,1.0,24.0394165349915,20.0,26.0,1.0,0.0,91121.0,7.0,19.0
11.0,22.0,11.0,21.0,-121.0,21.0,12.0,-111.0,9.99783394445646,9.0,11.0,30000.0,10000.0,19000.0,0.0,24.21021171745635,16.5,19.0,0.0,10000.0,36474.25407940934,25000.0,0.0,25.513700642423583,17.0,20.0,0.0,121.0,9.987500915365999,9.0,11.0,1.0,14519.036176171732,10000.0,19000.0,1.0,16.5,17.419277280260026,19.0,1.0,21003.659215387004,10000.0,25000.0,1.0,18.724853831709737,17.0,20.0,1.0,0.0,211.0,1.0,53.0
91.0,24.0,91.0,24.0,-721.0,911.0,12.0,-711.0,14.859796698317695,12.0,17.0,30000.0,18000.0,36000.0,1.0,24.078924180368016,20.0,25.0,1.0,18000.0,34060.30240367981,36000.0,1.0,24.57406468701585,20.0,26.0,1.0,722.0,15.057035737862737,12.0,17.0,1.0,24734.858215624132,18000.0,36000.0,1.0,20.0,23.100790562242068,25.0,1.0,28803.56799353092,18000.0,36000.0,1.0,23.59695632048952,20.0,26.0,1.0,1.0,91121.0,7.0,23.0
11.0,22.0,11.0,21.0,-121.0,21.0,13.0,-111.0,9.998012408255068,9.0,11.0,30000.0,10000.0,19000.0,0.0,27.897940712783402,16.5,19.0,0.0,10000.0,36482.18664402196,25000.0,0.0,29.19464858799642,17.0,20.0,0.0,121.0,9.999894052039268,9.0,11.0,1.0,13129.447455931237,10000.0,19000.0,1.0,16.5,17.11070483976357,19.0,1.0,19504.816974060595,10000.0,25000.0,1.0,18.386044831581824,17.0,20.0,1.0,0.0,211.0,1.0,58.0
11.0,21.0,11.0,21.0,-121.0,21.0,13.0,-111.0,10.201160882005654,9.0,11.0,30000.0,10000.0,19000.0,0.0,28.133927781117585,16.5,19.0,0.0,10000.0,36982.5054454893,25000.0,0.0,29.45272755460652,17.0,20.0,0.0,122.0,10.209962751913729,9.0,11.0,1.0,13498.814316391916,10000.0,19000.0,1.0,16.5,17.217746060851873,19.0,1.0,20542.855472931144,10000.0,25000.0,1.0,18.548168207202192,17.0,20.0,1.0,0.0,211.0,1.0,34.0
91.0,24.0,91.0,24.0,-721.0,911.0,11.0,-711.0,15.257394254443062,12.0,17.0,30000.0,18000.0,36000.0,1.0,24.01700879977498,20.0,25.0,1.0,18000.0,33987.57960251801,36000.0,1.0,24.504322990774877,20.0,26.0,1.0,722.0,15.319378508634859,12.0,17.0,1.0,30376.397920502943,18000.0,36000.0,1.0,20.0,24.142502326863145,25.0,1.0,34328.83526721057,18000.0,36000.0,1.0,24.62552185251032,20.0,26.0,1.0,1.0,91121.0,7.0,16.0
11.0,21.0,11.0,21.0,-121.0,21.0,12.0,-111.0,10.008634952431494,9.0,11.0,30000.0,10000.0,19000.0,0.0,24.94035801883816,16.5,19.0,0.0,10000.0,36482.600033102855,25000.0,0.0,26.24221811026883,17.0,20.0,0.0,121.0,10.007724538149748,9.0,11.0,1.0,14516.92145109785,10000.0,19000.0,1.0,16.5,17.423489265442498,19.0,1.0,20944.170880501053,10000.0,25000.0,1.0,18.71423364070601,17.0,20.0,1.0,0.0,211.0,1.0,6.0
11.0,22.0,11.0,22.0,-121.0,21.0,13.0,-111.0,10.229955363032024,9.0,11.0,30000.0,10000.0,19000.0,0.0,26.142509635485386,16.5,19.0,0.0,10000.0,36982.3039154616,25000.0,0.0,27.45850500332906,17.0,20.0,0.0,122.0,10.22149254924843,9.0,11.0,1.0,13678.444068845412,10000.0,19000.0,1.0,16.5,17.277098515722532,19.0,1.0,20607.394151349483,10000.0,25000.0,1.0,18.58303797682268,17.0,20.0,1.0,0.0,211.0,1.0,19.0
11.0,22.0,11.0,22.0,-121.0,11.0,12.0,-111.0,10.207183914247642,9.0,11.0,30000.0,10000.0,19000.0,0.0,25.51297530090362,16.5,19.0,0.0,10000.0,36992.73447976507,25000.0,0.0,26.831977336282954,17.0,20.0,0.0,122.0,10.217017435963657,9.0,11.0,1.0,18730.467597658877,10000.0,19000.0,1.0,16.5,18.24018694448617,19.0,1.0,25773.539981407957,10000.0,25000.0,0.0,19.568683948965756,17.0,20.0,1.0,0.0,111.0,1.0,49.0
11.0,22.0,11.0,22.0,-121.0,21.0,13.0,-111.0,9.99677815859904,9.0,11.0,30000.0,10000.0,19000.0,0.0,25.21219079825328,16.5,19.0,0.0,10000.0,36495.31707306561,25000.0,0.0,26.507713508676225,17.0,20.0,0.0,121.0,9.985946966839018,9.0,11.0,1.0,15952.146240820508,10000.0,19000.0,1.0,16.5,17.714497680644534,19.0,1.0,22486.978766345455,10000.0,25000.0,1.0,19.01790194103615,17.0,20.0,1.0,0.0,211.0,1.0,16.0
11.0,22.0,11.0,21.0,-121.0,21.0,13.0,-111.0,10.007074620572851,9.0,11.0,30000.0,10000.0,19000.0,0.0,25.25126229305912,16.5,19.0,0.0,10000.0,36432.24262284969,25000.0,0.0,26.535878083383736,17.0,20.0,0.0,121.0,9.984998973179946,9.0,11.0,1.0,12872.760028688836,10000.0,19000.0,1.0,16.5,17.018723808606047,19.0,1.0,19333.59412724821,10000.0,25000.0,1.0,18.309049747524075,17.0,20.0,1.0,0.0,211.0,1.0,20.0
11.0,22.0,11.0,22.0,-121.0,21.0,13.0,-111.0,10.201845059079597,9.0,11.0,30000.0,10000.0,19000.0,0.0,24.888666187762222,16.5,19.0,0.0,10000.0,36907.94537484577,25000.0,0.0,26.192104097113,17.0,20.0,0.0,122.0,10.200084317391832,9.0,11.0,1.0,16135.645309855365,10000.0,19000.0,1.0,16.5,17.779819356049316,19.0,1.0,23013.56597111174,10000.0,25000.0,1.0,19.077591999132597,17.0,20.0,1.0,0.0,211.0,1.0,4.0
11.0,22.0,11.0,21.0,-121.0,21.0,13.0,-111.0,10.201894842185183,9.0,11.0,30000.0,10000.0,19000.0,0.0,25.498156261535698,16.5,19.0,0.0,10000.0,36935.62132716116,25000.0,0.0,26.80873673066206,17.0,20.0,0.0,122.0,10.20568435115228,9.0,11.0,1.0,12594.220252548588,10000.0,19000.0,1.0,16.5,17.069173425144513,19.0,1.0,19500.06323232905,10000.0,25000.0,1.0,18.374126868422852,17.0,20.0,1.0,0.0,211.0,1.0,33.0
11.0,21.0,11.0,22.0,-121.0,21.0,13.0,-111.0,10.17254050590882,9.0,11.0,30000.0,10000.0,19000.0,0.0,26.727735532420425,16.5,19.0,0.0,10000.0,36970.632425497504,25000.0,0.0,28.051683385117027,17.0,20.0,0.0,122.0,10.198748810371097,9.0,11.0,1.0,14487.131283021443,10000.0,19000.0,1.0,16.5,17.461739823143578,19.0,1.0,21379.496181994054,10000.0,25000.0,1.0,18.77082214896209,17.0,20.0,1.0,0.0,211.0,1.0,32.0
91.0,24.0,91.0,24.0,-721.0,911.0,11.0,-711.0,14.931197320049886,12.0,17.0,30000.0,18000.0,36000.0,1.0,24.326639607112167,20.0,25.0,1.0,18000.0,33918.75899339424,36000.0,1.0,24.80272229488674,20.0,26.0,1.0,722.0,15.394761413210174,12.0,17.0,1.0,30504.381025215433,18000.0,36000.0,1.0,20.0,24.109299356770883,25.0,1.0,34454.71847691041,18000.0,36000.0,1.0,24.589218452277834,20.0,26.0,1.0,1.0,91121.0,7.0,9.0
11.0,22.0,11.0,22.0,-121.0,21.0,13.0,-111.0,10.012106480075365,9.0,11.0,30000.0,10000.0,19000.0,0.0,25.273240108569897,16.5,19.0,0.0,10000.0,36475.31351554187,25000.0,0.0,26.56725206354932,17.0,20.0,0.0,121.0,10.012307217945292,9.0,11.0,1.0,12738.961085907873,10000.0,19000.0,1.0,16.5,17.097046242444403,19.0,1.0,19258.22726334458,10000.0,25000.0,1.0,18.3998415976111,17.0,20.0,1.0,0.0,211.0,1.0,19.0
11.0,22.0,11.0,22.0,-121.0,21.0,13.0,-111.0,10.195849165055352,9.0,11.0,30000.0,10000.0,19000.0,0.0,24.604293555562784,16.5,19.0,0.0,10000.0,37048.41566687564,25000.0,0.0,25.93443943375851,17.0,20.0,0.0,122.0,10.203944990480187,9.0,11.0,1.0,15561.233851637286,10000.0,19000.0,1.0,16.5,17.703320552453356,19.0,1.0,22587.918407294226,10000.0,25000.0,1.0,19.02936543130649,17.0,20.0,1.0,0.0,211.0,1.0,41.0
11.0,22.0,11.0,22.0,-121.0,11.0,11.0,-111.0,10.191768227117086,9.0,11.0,30000.0,10000.0,19000.0,0.0,26.61883760271327,16.5,19.0,0.0,10000.0,36898.421516439856,25000.0,0.0,27.920195009179057,17.0,20.0,0.0,122.0,10.183376670187492,9.0,11.0,1.0,15360.472794359013,10000.0,19000.0,1.0,16.5,17.612904598791182,19.0,1.0,22425.8998389092,10000.0,25000.0,1.0,18.9457668763944,17.0,20.0,1.0,0.0,111.0,1.0,44.0
11.0,22.0,11.0,22.0,-121.0,11.0,11.0,-111.0,9.992431340094987,9.0,11.0,30000.0,10000.0,19000.0,0.0,25.23646767603536,16.5,19.0,0.0,10000.0,36507.5880206706,25000.0,0.0,26.53646751455587,17.0,20.0,0.0,121.0,9.994435590722565,9.0,11.0,1.0,16369.08032330725,10000.0,19000.0,1.0,16.5,17.777379788496106,19.0,1.0,22801.00409101419,10000.0,25000.0,1.0,19.062264423607594,17.0,20.0,1.0,0.0,111.0,1.0,38.0
11.0,22.0,11.0,22.0,-121.0,11.0,11.0,-111.0,10.184968177012875,9.0,11.0,30000.0,10000.0,19000.0,0.0,26.12833023302512,16.5,19.0,0.0,10000.0,36842.184123881925,25000.0,0.0,27.419886352504406,17.0,20.0,0.0,122.0,10.200722710124058,9.0,11.0,1.0,15896.701283147619,10000.0,19000.0,1.0,16.5,17.770405065574565,19.0,1.0,22697.435296657637,10000.0,25000.0,1.0,19.054136908078156,17.0,20.0,1.0,0.0,111.0,1.0,55.0
11.0,21.0,11.0,22.0,-121.0,21.0,13.0,-111.0,10.188301765710776,9.0,11.0,30000.0,10000.0,19000.0,0.0,27.449368100149925,16.5,19.0,0.0,10000.0,37001.5366486436,25000.0,0.0,28.76918746346019,17.0,20.0,0.0,122.0,10.180095591201512,9.0,11.0,1.0,12895.464861728673,10000.0,19000.0,1.0,16.5,17.138173894167778,19.0,1.0,19985.545464178733,10000.0,25000.0,1.0,18.474684168431203,17.0,20.0,1.0,0.0,211.0,1.0,24.0
11.0,21.0,11.0,22.0,-121.0,21.0,13.0,-111.0,10.181116536018477,9.0,11.0,30000.0,10000.0,19000.0,0.0,26.36674887243965,16.5,19.0,0.0,10000.0,36988.10095076841,25000.0,0.0,27.6884382093518,17.0,20.0,0.0,122.0,10.198011759189349,9.0,11.0,1.0,13494.79949200263,10000.0,19000.0,1.0,16.5,17.305008076873804,19.0,1.0,20421.685285987627,10000.0,25000.0,1.0,18.61511953010224,17.0,20.0,1.0,0.0,211.0,1.0,32.0
11.0,22.0,11.0,22.0,-121.0,11.0,12.0,-111.0,10.201709129598076,9.0,11.0,30000.0,10000.0,19000.0,0.0,24.086641434818226,16.5,19.0,0.0,10000.0,37080.46526642509,25000.0,0.0,25.43013032935977,17.0,20.0,0.0,122.0,10.190695365245496,9.0,11.0,1.0,15148.126542255479,10000.0,19000.0,1.0,16.5,17.596693563212312,19.0,1.0,22039.786866435163,10000.0,25000.0,1.0,18.904357503658808,17.0,20.0,1.0,0.0,111.0,1.0,49.0
11.0,22.0,11.0,22.0,-121.0,11.0,11.0,-111.0,10.208649057345577,9.0,11.0,30000.0,10000.0,19000.0,0.0,24.41407132408159,16.5,19.0,0.0,10000.0,37045.78165679842,25000.0,0.0,25.739411680895866,17.0,20.0,0.0,122.0,10.194723043920488,9.0,11.0,1.0,16441.645471006254,10000.0,19000.0,1.0,16.5,17.829504412405235,19.0,1.0,23596.526195057984,10000.0,25000.0,1.0,19.175366750138704,17.0,20.0,1.0,0.0,111.0,1.0,44.0
11.0,22.0,11.0,22.0,-121.0,21.0,13.0,-111.0,10.194692093271975,9.0,11.0,30000.0,10000.0,19000.0,0.0,24.638992744179625,16.5,19.0,0.0,10000.0,37141.94858951047,25000.0,0.0,25.990874950901965,17.0,20.0,0.0,122.0,10.218835865665286,9.0,11.0,1.0,15635.359757165153,10000.0,19000.0,1.0,16.5,17.719552639572306,19.0,1.0,22572.3873470281,10000.0,25000.0,1.0,19.03264584498286,17.0,20.0,1.0,0.0,211.0,1.0,31.0
11.0,22.0,11.0,22.0,-121.0,21.0,13.0,-111.0,9.988109956357016,9.0,11.0,30000.0,10000.0,19000.0,0.0,25.18207535579198,16.5,19.0,0.0,10000.0,36471.36781898591,25000.0,0.0,26.472194955481612,17.0,20.0,0.0,121.0,10.000320655485584,9.0,11.0,1.0,12312.534584757668,10000.0,19000.0,1.0,16.5,17.0001227211132,19.0,1.0,18827.59897044624,10000.0,25000.0,1.0,18.298953585363762,17.0,20.0,1.0,0.0,211.0,1.0,31.0
11.0,22.0,11.0,22.0,-121.0,11.0,12.0,-111.0,10.00161484991909,9.0,11.0,30000.0,10000.0,19000.0,0.0,24.29004498316005,16.5,19.0,0.0,10000.0,36446.282353757524,25000.0,0.0,25.586600823392907,17.0,20.0,0.0,121.0,9.995287011586626,9.0,11.0,1.0,15005.280138176075,10000.0,19000.0,1.0,16.5,17.51360393863962,19.0,1.0,21483.214327206148,10000.0,25000.0,1.0,18.81652598649799,17.0,20.0,1.0,0.0,111.0,1.0,40.0
11.0,22.0,11.0,22.0,-121.0,21.0,13.0,-111.0,10.000664349018535,9.0,11.0,30000.0,10000.0,19000.0,0.0,25.030615733178124,16.5,19.0,0.0,10000.0,36527.142996755625,25000.0,0.0,26.326614962066344,17.0,20.0,0.0,121.0,9.993013274041942,9.0,11.0,1.0,14158.02806931288,10000.0,19000.0,1.0,16.5,17.292625036861274,19.0,1.0,20634.21842691055,10000.0,25000.0,1.0,18.578507346127637,17.0,20.0,1.0,0.0,211.0,1.0,36.0
91.0,24.0,91.0,24.0,-721.0,911.0,12.0,-711.0,15.200493716934696,12.0,17.0,30000.0,18000.0,36000.0,1.0,24.03708123552625,20.0,25.0,1.0,18000.0,33979.05369787431,36000.0,1.0,24.524619032973686,20.0,26.0,1.0,722.0,15.054825602852317,12.0,17.0,1.0,28232.208506447747,18000.0,36000.0,1.0,20.0,23.50419445502493,25.0,1.0,32320.660057426263,18000.0,36000.0,1.0,24.005136341081773,20.0,26.0,1.0,1.0,91121.0,7.0,32.0
11.0,22.0,11.0,21.0,-121.0,11.0,11.0,-111.0,9.99660410852492,9.0,11.0,30000.0,10000.0,19000.0,0.0,23.561379153582976,16.5,19.0,0.0,10000.0,36522.0865661989,25000.0,0.0,24.87630940925176,17.0,20.0,0.0,121.0,9.984803963279111,9.0,11.0,1.0,12731.405037116443,10000.0,19000.0,1.0,16.5,17.046815181771983,19.0,1.0,19291.08307168508,10000.0,25000.0,1.0,18.369324324751243,17.0,20.0,1.0,0.0,111.0,1.0,39.0
11.0,22.0,11.0,22.0,-121.0,21.0,12.0,-111.0,10.187459191604374,9.0,11.0,30000.0,10000.0,19000.0,0.0,23.710887442450293,16.5,19.0,0.0,10000.0,36888.126303262936,25000.0,0.0,25.012712937959897,17.0,20.0,0.0,122.0,10.217027349856638,9.0,11.0,1.0,16903.50683223639,10000.0,19000.0,1.0,16.5,17.950742750553946,19.0,1.0,23918.54428768777,10000.0,25000.0,1.0,19.276553894164273,17.0,20.0,1.0,0.0,211.0,1.0,23.0
81.0,21.0,81.0,21.0,-721.0,912.0,12.0,-711.0,15.630468179487417,12.0,17.0,30000.0,12500.0,23000.0,0.0,28.108698591880014,20.0,24.0,0.0,12500.0,34497.90249111082,26000.0,0.0,28.670689480883926,20.0,25.0,0.0,721.0,15.942062456701262,12.0,17.0,1.0,13257.5322544935,12500.0,23000.0,1.0,20.0,22.038296027367934,24.0,1.0,17768.902825572164,12500.0,26000.0,1.0,22.601969687007553,20.0,25.0,1.0,0.0,912.0,7.0,6.0
81.0,23.0,81.0,21.0,-721.0,912.0,12.0,-711.0,14.541801730535612,12.0,17.0,30000.0,12500.0,23000.0,0.0,26.28306315375478,20.0,24.0,0.0,12500.0,34485.4071196152,26000.0,0.0,26.84436506176985,20.0,25.0,0.0,721.0,14.577165695941746,12.0,17.0,1.0,16258.4740904917,12500.0,23000.0,1.0,20.0,21.117450961375848,24.0,1.0,20793.63996327124,12500.0,26000.0,1.0,21.684979658252388,20.0,25.0,1.0,0.0,912.0,7.0,11.0
11.0,21.0,11.0,22.0,-121.0,11.0,12.0,-111.0,10.001093095830173,9.0,11.0,30000.0,10000.0,19000.0,0.0,24.374953369644835,16.5,19.0,0.0,10000.0,36452.89078496909,25000.0,0.0,25.660146197608622,17.0,20.0,0.0,121.0,10.00050079597369,9.0,11.0,1.0,15155.10507893589,10000.0,19000.0,1.0,16.5,17.555615549989763,19.0,1.0,21545.948094355575,10000.0,25000.0,1.0,18.828450606673464,17.0,20.0,1.0,0.0,111.0,1.0,51.0
11.0,22.0,11.0,22.0,-121.0,21.0,13.0,-111.0,10.014616031339559,9.0,11.0,30000.0,10000.0,19000.0,0.0,25.47166695467157,16.5,19.0,0.0,10000.0,36534.805823885785,25000.0,0.0,26.778956317526166,17.0,20.0,0.0,121.0,9.99808621968634,9.0,11.0,1.0,14141.115856290062,10000.0,19000.0,1.0,16.5,17.35144366613647,19.0,1.0,20724.561695705495,10000.0,25000.0,1.0,18.668463474948396,17.0,20.0,1.0,0.0,211.0,1.0,5.0
11.0,22.0,11.0,22.0,-121.0,21.0,13.0,-111.0,9.997845217926344,9.0,11.0,30000.0,10000.0,19000.0,0.0,25.87201833032031,16.5,19.0,0.0,10000.0,36533.89699607423,25000.0,0.0,27.1774524788654,17.0,20.0,0.0,121.0,10.005860850999708,9.0,11.0,1.0,11979.873694277268,10000.0,19000.0,1.0,16.5,16.9723474257446,19.0,1.0,18494.396765753012,10000.0,25000.0,1.0,18.273910778227652,17.0,20.0,1.0,0.0,211.0,1.0,13.0
91.0,21.0,91.0,24.0,-721.0,911.0,12.0,-711.0,15.325787403837625,12.0,17.0,30000.0,18000.0,36000.0,1.0,25.0990721929728,20.0,25.0,0.0,18000.0,34036.26447230121,36000.0,1.0,25.591909941682424,20.0,26.0,1.0,722.0,15.013029988721566,12.0,17.0,1.0,25430.081100351763,18000.0,36000.0,1.0,20.0,23.16390674246815,25.0,1.0,29406.03623706113,18000.0,36000.0,1.0,23.64938057402536,20.0,26.0,1.0,0.0,91121.0,7.0,26.0
11.0,22.0,11.0,22.0,-121.0,21.0,13.0,-111.0,10.193633652384523,9.0,11.0,30000.0,10000.0,19000.0,0.0,26.257900787789595,16.5,19.0,0.0,10000.0,37001.28291661329,25000.0,0.0,27.57295076712539,17.0,20.0,0.0,122.0,10.207774913525617,9.0,11.0,1.0,12814.363773495175,10000.0,19000.0,1.0,16.5,17.147647667543637,19.0,1.0,19831.778038147906,10000.0,25000.0,1.0,18.465727595698617,17.0,20.0,1.0,0.0,211.0,1.0,5.0
11.0,22.0,11.0,22.0,-121.0,11.0,12.0,-111.0,10.226376357478296,9.0,11.0,30000.0,10000.0,19000.0,0.0,23.835079852239772,16.5,19.0,0.0,10000.0,37051.7246225085,25000.0,0.0,25.167488212798673,17.0,20.0,0.0,122.0,10.221972933382412,9.0,11.0,1.0,16882.394183745462,10000.0,19000.0,1.0,16.5,17.947975948007972,19.0,1.0,23866.105698604973,10000.0,25000.0,1.0,19.26753337661615,17.0,20.0,1.0,0.0,111.0,1.0,42.0
91.0,24.0,91.0,24.0,-721.0,911.0,11.0,-711.0,15.349883691016869,12.0,17.0,30000.0,18000.0,36000.0,1.0,24.621579095877735,20.0,25.0,1.0,18000.0,34050.55671448691,36000.0,1.0,25.116862222501815,20.0,26.0,1.0,722.0,15.14987593103414,12.0,17.0,1.0,25390.30459184936,18000.0,36000.0,1.0,20.0,23.363675917341222,25.0,1.0,29334.15345434811,18000.0,36000.0,1.0,23.845911307001387,20.0,26.0,1.0,1.0,91121.0,7.0,9.0
11.0,22.0,11.0,22.0,-121.0,21.0,13.0,-111.0,10.005896403612867,9.0,11.0,30000.0,10000.0,19000.0,0.0,25.245620309783025,16.5,19.0,0.0,10000.0,36438.37873766728,25000.0,0.0,26.533536262959135,17.0,20.0,0.0,121.0,9.995854822455886,9.0,11.0,1.0,15662.666048439583,10000.0,19000.0,1.0,16.5,17.662971842896642,19.0,1.0,22176.268977203516,10000.0,25000.0,1.0,18.965935440786684,17.0,20.0,1.0,0.0,211.0,1.0,31.0
11.0,21.0,11.0,22.0,-121.0,11.0,11.0,-111.0,9.985271093133129,9.0,11.0,30000.0,10000.0,19000.0,0.0,24.910235774348486,16.5,19.0,0.0,10000.0,36480.140048740075,25000.0,0.0,26.210875291032295,17.0,20.0,0.0,121.0,9.99753575186885,9.0,11.0,1.0,15622.470883351065,10000.0,19000.0,1.0,16.5,17.709835577264215,19.0,1.0,22148.210770479396,10000.0,25000.0,1.0,19.019627512154432,17.0,20.0,1.0,0.0,111.0,1.0,43.0
11.0,21.0,11.0,22.0,-121.0,21.0,13.0,-111.0,10.01628690696794,9.0,11.0,30000.0,10000.0,19000.0,0.0,27.804795979924485,16.5,19.0,0.0,10000.0,36596.416449155775,25000.0,0.0,29.121322731120248,17.0,20.0,0.0,121.0,9.994553118333146,9.0,11.0,1.0,14020.185337456773,10000.0,19000.0,1.0,16.5,17.310013428604737,19.0,1.0,20526.787716572002,10000.0,25000.0,1.0,18.60861489767898,17.0,20.0,1.0,0.0,211.0,1.0,59.0
91.0,24.0,91.0,21.0,-721.0,911.0,11.0,-711.0,14.901426118542172,12.0,17.0,30000.0,18000.0,36000.0,1.0,24.46038373086624,20.0,25.0,1.0,18000.0,34016.8472947504,36000.0,1.0,24.951866301989842,20.0,26.0,1.0,722.0,15.448436713590093,12.0,17.0,1.0,25780.54183907107,18000.0,36000.0,1.0,20.0,23.57166559139265,25.0,1.0,29781.0223136499,18000.0,36000.0,1.0,24.061145595261692,20.0,26.0,1.0,1.0,91121.0,7.0,3.0
91.0,24.0,91.0,24.0,-721.0,911.0,11.0,-711.0,15.177166394443704,12.0,17.0,30000.0,18000.0,36000.0,1.0,23.79539771955752,20.0,25.0,1.0,18000.0,33996.348050197324,36000.0,1.0,24.280445690256354,20.0,26.0,1.0,722.0,15.191182929228045,12.0,17.0,1.0,24187.56211232642,18000.0,36000.0,1.0,20.0,23.116364623251176,25.0,1.0,28281.417504749086,18000.0,36000.0,1.0,23.613247333537394,20.0,26.0,1.0,1.0,91121.0,7.0,4.0
91.0,24.0,91.0,24.0,-721.0,911.0,12.0,-711.0,14.709460144485202,12.0,17.0,30000.0,18000.0,36000.0,1.0,24.134795105415556,20.0,25.0,1.0,18000.0,34514.1679014257,36000.0,1.0,24.699756881452608,20.0,26.0,1.0,721.0,14.659369367515064,12.0,17.0,1.0,25571.083864493812,18000.0,36000.0,1.0,20.0,22.932788958777156,25.0,1.0,30034.999316275822,18000.0,36000.0,1.0,23.49146148864063,20.0,26.0,1.0,1.0,91121.0,7.0,32.0
11.0,21.0,11.0,22.0,-121.0,11.0,12.0,-111.0,10.028280912194612,9.0,11.0,30000.0,10000.0,19000.0,0.0,24.661575257471313,16.5,19.0,0.0,10000.0,36468.58045481098,25000.0,0.0,25.953945183131438,17.0,20.0,0.0,121.0,10.017242153384418,9.0,11.0,1.0,16394.903828944338,10000.0,19000.0,1.0,16.5,17.829204351335683,19.0,1.0,22844.197932090363,10000.0,25000.0,1.0,19.117721020312736,17.0,20.0,1.0,0.0,111.0,1.0,51.0
11.0,22.0,11.0,22.0,-121.0,21.0,13.0,-111.0,10.19090846085856,9.0,11.0,30000.0,10000.0,19000.0,0.0,25.593770215701785,16.5,19.0,0.0,10000.0,36867.222102065854,25000.0,0.0,26.887834676252904,17.0,20.0,0.0,122.0,10.164787225978568,9.0,11.0,1.0,13784.905016515084,10000.0,19000.0,1.0,16.5,17.335962917791388,19.0,1.0,20875.082389714385,10000.0,25000.0,1.0,18.6720412361118,17.0,20.0,1.0,0.0,211.0,1.0,36.0
11.0,21.0,11.0,22.0,-121.0,11.0,12.0,-111.0,9.996678616744957,9.0,11.0,30000.0,10000.0,19000.0,0.0,25.496701761113407,16.5,19.0,0.0,10000.0,36586.21090474151,25000.0,0.0,26.818702497932442,17.0,20.0,0.0,121.0,9.991205079764924,9.0,11.0,1.0,17088.33720059352,10000.0,19000.0,1.0,16.5,17.974045025560137,19.0,1.0,23605.606821264388,10000.0,25000.0,1.0,19.28220769529374,17.0,20.0,1.0,0.0,111.0,1.0,7.0
11.0,21.0,11.0,21.0,-121.0,21.0,13.0,-111.0,10.208886236236648,9.0,11.0,30000.0,10000.0,19000.0,0.0,26.591273866512427,16.5,19.0,0.0,10000.0,36997.842013537986,25000.0,0.0,27.91379405810918,17.0,20.0,0.0,122.0,10.209732932139193,9.0,11.0,1.0,11246.149444968909,10000.0,19000.0,1.0,16.5,16.82900291607384,19.0,1.0,18042.919864734773,10000.0,25000.0,1.0,18.11352264378391,17.0,20.0,1.0,0.0,211.0,1.0,34.0
11.0,22.0,11.0,22.0,-121.0,11.0,11.0,-111.0,10.177586020593422,9.0,11.0,30000.0,10000.0,19000.0,0.0,23.810338959640678,16.5,19.0,0.0,10000.0,37099.734620746545,25000.0,0.0,25.153574764260725,17.0,20.0,0.0,122.0,10.207616191485515,9.0,11.0,1.0,15389.388414757885,10000.0,19000.0,1.0,16.5,17.69486733812201,19.0,1.0,22497.76975664367,10000.0,25000.0,1.0,19.039739060990726,17.0,20.0,1.0,0.0,111.0,1.0,27.0
91.0,24.0,91.0,24.0,-721.0,911.0,12.0,-711.0,15.013728074945705,12.0,17.0,30000.0,18000.0,36000.0,1.0,24.788715532254557,20.0,25.0,1.0,18000.0,34596.89508234512,36000.0,1.0,25.364443313462136,20.0,26.0,1.0,721.0,14.735082550559746,12.0,17.0,1.0,29362.84711508496,18000.0,36000.0,1.0,20.0,23.410726169723105,25.0,1.0,33899.57304494679,18000.0,36000.0,1.0,23.978918200813307,20.0,26.0,1.0,1.0,91121.0,7.0,13.0
11.0,22.0,11.0,22.0,-121.0,21.0,13.0,-111.0,10.170968570327899,9.0,11.0,30000.0,10000.0,19000.0,0.0,24.8718286654184,16.5,19.0,0.0,10000.0,37189.96224362122,25000.0,0.0,26.232394510695602,17.0,20.0,0.0,122.0,10.195250981912384,9.0,11.0,1.0,12187.049526698693,10000.0,19000.0,1.0,16.5,17.031212681793875,19.0,1.0,19296.050571851978,10000.0,25000.0,1.0,18.376458134877655,17.0,20.0,1.0,0.0,211.0,1.0,41.0
11.0,22.0,11.0,22.0,-121.0,21.0,13.0,-111.0,9.995226928123012,9.0,11.0,30000.0,10000.0,19000.0,0.0,25.95596513207193,16.5,19.0,0.0,10000.0,36458.09351701348,25000.0,0.0,27.248168446019626,17.0,20.0,0.0,121.0,10.002901366279328,9.0,11.0,1.0,13060.473732836752,10000.0,19000.0,1.0,16.5,17.148006462427578,19.0,1.0,19599.741950635773,10000.0,25000.0,1.0,18.456452064766957,17.0,20.0,1.0,0.0,211.0,1.0,41.0
11.0,22.0,11.0,22.0,-121.0,21.0,13.0,-111.0,9.996678444333265,9.0,11.0,30000.0,10000.0,19000.0,0.0,25.160019928507907,16.5,19.0,0.0,10000.0,36483.95431530137,25000.0,0.0,26.4526123287858,17.0,20.0,0.0,121.0,9.998448120479667,9.0,11.0,1.0,15358.33963597957,10000.0,19000.0,1.0,16.5,17.595855266739033,19.0,1.0,21839.817329992595,10000.0,25000.0,1.0,18.88795394641064,17.0,20.0,1.0,0.0,211.0,1.0,16.0
81.0,23.0,81.0,21.0,-721.0,912.0,12.0,-711.0,14.748987556967583,12.0,17.0,30000.0,12500.0,23000.0,0.0,26.12300418715915,20.0,24.0,0.0,12500.0,34514.40271799214,26000.0,0.0,26.688790323238834,20.0,25.0,0.0,721.0,15.127761504196295,12.0,17.0,1.0,14567.486549892681,12500.0,23000.0,1.0,20.0,21.40674588581596,24.0,1.0,18971.85557899857,12500.0,26000.0,1.0,21.958741596104556,20.0,25.0,1.0,0.0,912.0,7.0,30.0
11.0,22.0,11.0,21.0,-121.0,11.0,11.0,-111.0,10.206788156985787,9.0,11.0,30000.0,10000.0,19000.0,0.0,25.567644253692915,16.5,19.0,0.0,10000.0,37096.31683032317,25000.0,0.0,26.909423546876603,17.0,20.0,0.0,122.0,10.196233205969417,9.0,11.0,1.0,15261.65020032988,10000.0,19000.0,1.0,16.5,17.58603531177554,19.0,1.0,22220.411541942765,10000.0,25000.0,1.0,18.90180546376269,17.0,20.0,1.0,0.0,111.0,1.0,54.0
11.0,22.0,11.0,22.0,-121.0,11.0,11.0,-111.0,10.183585167078599,9.0,11.0,30000.0,10000.0,19000.0,0.0,24.09734651894562,16.5,19.0,0.0,10000.0,37059.99498628428,25000.0,0.0,25.432723399035403,17.0,20.0,0.0,122.0,10.20092154093812,9.0,11.0,1.0,14025.614531166275,10000.0,19000.0,1.0,16.5,17.37018995200317,19.0,1.0,21025.279380116168,10000.0,25000.0,1.0,18.694155567534622,17.0,20.0,1.0,0.0,111.0,1.0,15.0
91.0,24.0,91.0,24.0,-721.0,911.0,12.0,-711.0,15.966440417216546,12.0,17.0,30000.0,18000.0,36000.0,1.0,26.53164337752849,20.0,25.0,0.0,18000.0,34487.17083266455,36000.0,1.0,27.091440198302653,20.0,26.0,0.0,721.0,15.259541782414594,12.0,17.0,1.0,25910.78033615071,18000.0,36000.0,1.0,20.0,23.48621445372057,25.0,1.0,30355.823382388033,18000.0,36000.0,1.0,24.04075562415565,20.0,26.0,1.0,0.0,91121.0,7.0,8.0
11.0,22.0,11.0,21.0,-121.0,11.0,11.0,-111.0,10.003441435364996,9.0,11.0,30000.0,10000.0,19000.0,0.0,25.5105879979674,16.5,19.0,0.0,10000.0,36540.18357985887,25000.0,0.0,26.817514005796316,17.0,20.0,0.0,121.0,9.985359569854523,9.0,11.0,1.0,13581.942346408374,10000.0,19000.0,1.0,16.5,17.175888172115158,19.0,1.0,20109.78269521985,10000.0,25000.0,1.0,18.48034762996432,17.0,20.0,1.0,0.0,111.0,1.0,26.0
91.0,24.0,91.0,24.0,-721.0,911.0,12.0,-711.0,15.243991234943051,12.0,17.0,30000.0,18000.0,36000.0,1.0,25.57461304981087,20.0,25.0,0.0,18000.0,34040.607281740755,36000.0,1.0,26.067523295078153,20.0,26.0,0.0,722.0,15.189225677161808,12.0,17.0,1.0,26357.033769004163,18000.0,36000.0,1.0,20.0,23.34488664877559,25.0,1.0,30271.769781272036,18000.0,36000.0,1.0,23.822441964948833,20.0,26.0,1.0,0.0,91121.0,7.0,32.0
81.0,23.0,81.0,23.0,-721.0,912.0,12.0,-711.0,14.690671512791717,12.0,17.0,30000.0,12500.0,23000.0,0.0,25.21922056728927,20.0,24.0,0.0,12500.0,34515.56037928169,26000.0,0.0,25.789058561150874,20.0,25.0,0.0,721.0,15.464786750642059,12.0,17.0,1.0,18695.24232721885,12500.0,23000.0,1.0,20.0,22.43612340158419,24.0,1.0,23158.843364870136,12500.0,26000.0,1.0,22.99940442255426,20.0,25.0,1.0,0.0,912.0,7.0,10.0
11.0,22.0,11.0,22.0,-121.0,11.0,12.0,-111.0,10.206615242084892,9.0,11.0,30000.0,10000.0,19000.0,0.0,24.19260434151427,16.5,19.0,0.0,10000.0,37119.44122981191,25000.0,0.0,25.530405373162427,17.0,20.0,0.0,122.0,10.196312299863227,9.0,11.0,1.0,15346.157147933985,10000.0,19000.0,1.0,16.5,17.63415035026364,19.0,1.0,22501.21368724295,10000.0,25000.0,1.0,18.97864378883667,17.0,20.0,1.0,0.0,111.0,1.0,14.0
11.0,21.0,11.0,22.0,-121.0,21.0,13.0,-111.0,9.999121477584914,9.0,11.0,30000.0,10000.0,19000.0,0.0,26.816707221798442,16.5,19.0,0.0,10000.0,36458.10667743886,25000.0,0.0,28.11155152061692,17.0,20.0,0.0,121.0,9.985325429045421,9.0,11.0,1.0,14403.415922005865,10000.0,19000.0,1.0,16.5,17.428104065882682,19.0,1.0,20808.47556978647,10000.0,25000.0,1.0,18.71231248527814,17.0,20.0,1.0,0.0,211.0,1.0,32.0
92.0,24.0,92.0,24.0,-721.0,921.0,13.0,-711.0,15.248134483976848,12.0,17.0,30000.0,15000.0,28000.0,0.0,24.97306580156322,19.5,25.0,1.0,15000.0,33970.952452826015,28000.0,0.0,25.456336256216286,20.0,26.0,1.0,722.0,15.275406898044388,12.0,17.0,1.0,21093.684424763418,15000.0,28000.0,1.0,19.5,21.841841846470942,25.0,1.0,25192.007345742717,15000.0,28000.0,1.0,22.340613464833485,20.0,26.0,1.0,0.0,92122.0,7.0,22.0
11.0,21.0,11.0,22.0,-121.0,11.0,12.0,-111.0,10.215032544451292,9.0,11.0,30000.0,10000.0,19000.0,0.0,24.895929957782798,16.5,19.0,0.0,10000.0,36963.30074014448,25000.0,0.0,26.20773578836735,17.0,20.0,0.0,122.0,10.186986416612928,9.0,11.0,1.0,16263.147733440426,10000.0,19000.0,1.0,16.5,17.76030141953801,19.0,1.0,23281.005157452346,10000.0,25000.0,1.0,19.082385102346016,17.0,20.0,1.0,0.0,111.0,1.0,51.0
11.0,22.0,11.0,22.0,-121.0,21.0,12.0,-111.0,9.980785917215245,9.0,11.0,30000.0,10000.0,19000.0,0.0,24.998327480756863,16.5,19.0,0.0,10000.0,36511.68622263915,25000.0,0.0,26.301682738931977,17.0,20.0,0.0,121.0,10.019283678737294,9.0,11.0,1.0,17408.210047713408,10000.0,19000.0,1.0,16.5,18.039099139058234,19.0,1.0,23916.54485242375,10000.0,25000.0,1.0,19.341783589698935,17.0,20.0,1.0,0.0,211.0,1.0,48.0
11.0,22.0,11.0,22.0,-121.0,21.0,13.0,-111.0,10.184698913241588,9.0,11.0,30000.0,10000.0,19000.0,0.0,26.026039120364295,16.5,19.0,0.0,10000.0,37063.7474422867,25000.0,0.0,27.35956013430576,17.0,20.0,0.0,122.0,10.18197138470069,9.0,11.0,1.0,14430.258898579943,10000.0,19000.0,1.0,16.5,17.463364493857448,19.0,1.0,21524.2536194681,10000.0,25000.0,1.0,18.802595703691267,17.0,20.0,1.0,0.0,211.0,1.0,16.0
11.0,22.0,11.0,22.0,-121.0,11.0,11.0,-111.0,10.196305572762643,9.0,11.0,30000.0,10000.0,19000.0,0.0,24.500759259438553,16.5,19.0,0.0,10000.0,36752.349148429224,25000.0,0.0,25.77043345862012,17.0,20.0,0.0,122.0,10.168332316563287,9.0,11.0,1.0,15258.832161915698,10000.0,19000.0,1.0,16.5,17.511753305519747,19.0,1.0,22310.127995992552,10000.0,25000.0,1.0,18.837639777697582,17.0,20.0,1.0,0.0,111.0,1.0,55.0
11.0,22.0,11.0,21.0,-121.0,21.0,13.0,-111.0,9.999818150618102,9.0,11.0,30000.0,10000.0,19000.0,0.0,26.869545867643616,16.5,19.0,0.0,10000.0,36482.46867632913,25000.0,0.0,28.165097790594174,17.0,20.0,0.0,121.0,9.994654115278049,9.0,11.0,1.0,11774.953346550872,10000.0,19000.0,1.0,16.5,16.825921617373766,19.0,1.0,18253.275732800466,10000.0,25000.0,1.0,18.120644884706557,17.0,20.0,1.0,0.0,211.0,1.0,20.0
91.0,24.0,91.0,24.0,-721.0,911.0,11.0,-711.0,14.390203496421286,12.0,17.0,30000.0,18000.0,36000.0,1.0,23.50201163537122,20.0,25.0,1.0,18000.0,34495.84371052707,36000.0,1.0,24.063540313941115,20.0,26.0,1.0,721.0,14.607786550994575,12.0,17.0,1.0,24689.49472316981,18000.0,36000.0,1.0,20.0,22.6200994443522,25.0,1.0,29218.811067886985,18000.0,36000.0,1.0,23.185808838546397,20.0,26.0,1.0,1.0,91121.0,7.0,0.0
11.0,22.0,11.0,22.0,-121.0,11.0,12.0,-111.0,10.210446048550574,9.0,11.0,30000.0,10000.0,19000.0,0.0,23.430329229055623,16.5,19.0,0.0,10000.0,37101.68157044917,25000.0,0.0,24.768859570185946,17.0,20.0,0.0,122.0,10.199493315622197,9.0,11.0,1.0,15929.380921313743,10000.0,19000.0,1.0,16.5,17.717446082712915,19.0,1.0,22993.85619635493,10000.0,25000.0,1.0,19.048963753000336,17.0,20.0,1.0,0.0,111.0,1.0,42.0
91.0,24.0,91.0,24.0,-721.0,911.0,12.0,-711.0,15.905112926935969,12.0,17.0,30000.0,18000.0,36000.0,1.0,24.96288697784562,20.0,25.0,1.0,18000.0,34542.872290753854,36000.0,1.0,25.53193274536397,20.0,26.0,1.0,721.0,15.156355677827305,12.0,17.0,1.0,26083.062968896767,18000.0,36000.0,1.0,20.0,23.468019587199095,25.0,1.0,30622.541925753067,18000.0,36000.0,1.0,24.036640301542143,20.0,26.0,1.0,1.0,91121.0,7.0,1.0
11.0,22.0,11.0,22.0,-121.0,21.0,13.0,-111.0,9.994765135363211,9.0,11.0,30000.0,10000.0,19000.0,0.0,26.726839224259315,16.5,19.0,0.0,10000.0,36532.62575913049,25000.0,0.0,28.037936300332703,17.0,20.0,0.0,121.0,9.983829525078033,9.0,11.0,1.0,16399.819409875912,10000.0,19000.0,1.0,16.5,17.79510526969216,19.0,1.0,22959.167424690473,10000.0,25000.0,1.0,19.11156549874343,17.0,20.0,1.0,0.0,211.0,1.0,19.0
91.0,24.0,91.0,24.0,-721.0,911.0,12.0,-711.0,14.906670594368666,12.0,17.0,30000.0,18000.0,36000.0,1.0,24.2706644543674,20.0,25.0,1.0,18000.0,34486.40337155379,36000.0,1.0,24.830545137385123,20.0,26.0,1.0,721.0,14.048141716329862,12.0,17.0,1.0,27949.81694342786,18000.0,36000.0,1.0,20.0,22.510627915654993,25.0,1.0,32438.476911154976,18000.0,36000.0,1.0,23.070790210579222,20.0,26.0,1.0,1.0,91121.0,7.0,27.0
11.0,21.0,11.0,22.0,-121.0,21.0,13.0,-111.0,9.987943979423116,9.0,11.0,30000.0,10000.0,19000.0,0.0,26.13687278381319,16.5,19.0,0.0,10000.0,36444.41806715281,25000.0,0.0,27.42463868444071,17.0,20.0,0.0,121.0,9.990875643359479,9.0,11.0,1.0,15724.183086802279,10000.0,19000.0,1.0,16.5,17.62723356644686,19.0,1.0,22281.946524182928,10000.0,25000.0,1.0,18.937648882623225,17.0,20.0,1.0,0.0,211.0,1.0,24.0
11.0,22.0,11.0,21.0,-121.0,21.0,13.0,-111.0,10.224392759179944,9.0,11.0,30000.0,10000.0,19000.0,0.0,25.838733522508278,16.5,19.0,0.0,10000.0,37109.7646211768,25000.0,0.0,27.1774894329452,17.0,20.0,0.0,122.0,10.198751597456566,9.0,11.0,1.0,15671.519988389457,10000.0,19000.0,1.0,16.5,17.647494250578532,19.0,1.0,22754.733401012247,10000.0,25000.0,1.0,18.98125061612545,17.0,20.0,1.0,0.0,211.0,1.0,2.0
11.0,22.0,11.0,22.0,-121.0,11.0,11.0,-111.0,10.200213171914475,9.0,11.0,30000.0,10000.0,19000.0,0.0,23.770709506077797,16.5,19.0,0.0,10000.0,37056.8935346248,25000.0,0.0,25.09920933607822,17.0,20.0,0.0,122.0,10.188141269126833,9.0,11.0,1.0,16906.232290615117,10000.0,19000.0,1.0,16.5,17.923083615919154,19.0,1.0,23761.011203766102,10000.0,25000.0,1.0,19.213534233620834,17.0,20.0,1.0,0.0,111.0,1.0,11.0
11.0,22.0,11.0,21.0,-121.0,21.0,13.0,-111.0,10.173589740925763,9.0,11.0,30000.0,10000.0,19000.0,0.0,26.20989439866575,16.5,19.0,0.0,10000.0,36995.92845407618,25000.0,0.0,27.532852216306622,17.0,20.0,0.0,122.0,10.214559227945164,9.0,11.0,1.0,12875.580012771969,10000.0,19000.0,1.0,16.5,17.151788855554912,19.0,1.0,19704.667019073175,10000.0,25000.0,1.0,18.443196293701575,17.0,20.0,1.0,0.0,211.0,1.0,33.0
81.0,23.0,81.0,21.0,-721.0,912.0,12.0,-711.0,15.216211413725205,12.0,17.0,30000.0,12500.0,23000.0,0.0,26.77077580611222,20.0,24.0,0.0,12500.0,34558.14443314857,26000.0,0.0,27.33890282724468,20.0,25.0,0.0,721.0,15.269110233608611,12.0,17.0,1.0,17843.489728966484,12500.0,23000.0,1.0,20.0,22.022588594765804,24.0,1.0,22346.137005751218,12500.0,26000.0,1.0,22.583798451558973,20.0,25.0,1.0,0.0,912.0,7.0,11.0
11.0,22.0,11.0,21.0,-121.0,11.0,11.0,-111.0,9.998906276541248,9.0,11.0,30000.0,10000.0,19000.0,0.0,24.70409328903192,16.5,19.0,0.0,10000.0,36456.9242284791,25000.0,0.0,25.996386754928288,17.0,20.0,0.0,121.0,10.011809238246562,9.0,11.0,1.0,16845.397523123225,10000.0,19000.0,1.0,16.5,17.87732068706542,19.0,1.0,23359.87848093009,10000.0,25000.0,1.0,19.181133598226545,17.0,20.0,1.0,0.0,111.0,1.0,12.0
81.0,23.0,81.0,21.0,-721.0,912.0,12.0,-711.0,14.734063262188496,12.0,17.0,30000.0,12500.0,23000.0,0.0,25.783191835689983,20.0,24.0,0.0,12500.0,34575.50274743583,26000.0,0.0,26.355890496742347,20.0,25.0,0.0,721.0,15.458899241855402,12.0,17.0,1.0,13502.952309247998,12500.0,23000.0,1.0,20.0,21.458120565681607,24.0,1.0,17962.361186824128,12500.0,26000.0,1.0,22.016288188836047,20.0,25.0,1.0,0.0,912.0,7.0,30.0
11.0,22.0,11.0,21.0,-121.0,21.0,13.0,-111.0,10.181586241034408,9.0,11.0,30000.0,10000.0,19000.0,0.0,24.516596700715628,16.5,19.0,0.0,10000.0,37196.789952314604,25000.0,0.0,25.87543818089404,17.0,20.0,0.0,122.0,10.210035943763684,9.0,11.0,1.0,13351.800596701723,10000.0,19000.0,1.0,16.5,17.205120514500237,19.0,1.0,20486.045345918166,10000.0,25000.0,1.0,18.552152699573597,17.0,20.0,1.0,0.0,211.0,1.0,58.0
91.0,21.0,91.0,24.0,-721.0,911.0,12.0,-711.0,15.22778517490405,12.0,17.0,30000.0,18000.0,36000.0,1.0,24.799394473495,20.0,25.0,1.0,18000.0,34444.43816023957,36000.0,1.0,25.355975582291222,20.0,26.0,1.0,721.0,14.964144386441006,12.0,17.0,1.0,25676.09239439381,18000.0,36000.0,1.0,20.0,23.196100723503157,25.0,1.0,30137.605816367373,18000.0,36000.0,1.0,23.754820183147395,20.0,26.0,1.0,1.0,91121.0,7.0,26.0
91.0,24.0,91.0,24.0,-721.0,911.0,12.0,-711.0,14.892311629266306,12.0,17.0,30000.0,18000.0,36000.0,1.0,24.00777424038009,20.0,25.0,1.0,18000.0,34034.01330868954,36000.0,1.0,24.495132126502778,20.0,26.0,1.0,722.0,15.010404925467046,12.0,17.0,1.0,28148.488485579255,18000.0,36000.0,1.0,20.0,23.494988249626854,25.0,1.0,32080.976121757445,18000.0,36000.0,1.0,23.97008059933306,20.0,26.0,1.0,1.0,91121.0,7.0,32.0
92.0,24.0,92.0,24.0,-721.0,921.0,13.0,-711.0,15.227223961877069,12.0,17.0,30000.0,15000.0,28000.0,0.0,24.442429135455598,19.5,25.0,1.0,15000.0,33962.03990555099,28000.0,0.0,24.92691384127923,20.0,26.0,1.0,722.0,15.078575969937617,12.0,17.0,1.0,22912.009402207135,15000.0,28000.0,1.0,19.5,21.987176398135382,25.0,1.0,26844.76276963797,15000.0,28000.0,1.0,22.468079898281136,20.0,26.0,1.0,0.0,92122.0,7.0,22.0
11.0,21.0,11.0,21.0,-121.0,11.0,11.0,-111.0,9.991016224129014,9.0,11.0,30000.0,10000.0,19000.0,0.0,26.879250223310734,16.5,19.0,0.0,10000.0,36488.06834048144,25000.0,0.0,28.176411784782232,17.0,20.0,0.0,121.0,9.997064986643275,9.0,11.0,1.0,16381.714842519386,10000.0,19000.0,1.0,16.5,17.778536851266352,19.0,1.0,22881.464839744127,10000.0,25000.0,1.0,19.07803393007622,17.0,20.0,1.0,0.0,111.0,1.0,18.0
11.0,22.0,11.0,22.0,-121.0,21.0,13.0,-111.0,10.219758696204066,9.0,11.0,30000.0,10000.0,19000.0,0.0,25.668428362367965,16.5,19.0,0.0,10000.0,37161.06933888004,25000.0,0.0,27.024877626501684,17.0,20.0,0.0,122.0,10.228946826261598,9.0,11.0,1.0,14655.27164507066,10000.0,19000.0,1.0,16.5,17.544331694320675,19.0,1.0,21493.678177661444,10000.0,25000.0,1.0,18.839662191767122,17.0,20.0,1.0,0.0,211.0,1.0,28.0
11.0,22.0,11.0,22.0,-121.0,11.0,11.0,-111.0,10.215374673886735,9.0,11.0,30000.0,10000.0,19000.0,0.0,24.768150906614252,16.5,19.0,0.0,10000.0,36996.91857533353,25000.0,0.0,26.08888521631478,17.0,20.0,0.0,122.0,10.200685301256462,9.0,11.0,1.0,16698.704444267652,10000.0,19000.0,1.0,16.5,17.882920121387144,19.0,1.0,23805.34375863418,10000.0,25000.0,1.0,19.224365254426026,17.0,20.0,1.0,0.0,111.0,1.0,57.0
11.0,21.0,11.0,22.0,-121.0,21.0,12.0,-111.0,10.173105042958587,9.0,11.0,30000.0,10000.0,19000.0,0.0,25.004587492789263,16.5,19.0,0.0,10000.0,36889.15688956666,25000.0,0.0,26.304588789675197,17.0,20.0,0.0,122.0,10.214166451514311,9.0,11.0,1.0,17611.910229463017,10000.0,19000.0,1.0,16.5,18.09985765439119,19.0,1.0,24669.4365665063,10000.0,25000.0,1.0,19.431630691068257,17.0,20.0,1.0,0.0,211.0,1.0,37.0
11.0,22.0,11.0,22.0,-121.0,21.0,13.0,-111.0,10.00811621228937,9.0,11.0,30000.0,10000.0,19000.0,0.0,25.260140126195395,16.5,19.0,0.0,10000.0,36519.175662193644,25000.0,0.0,26.570307581801398,17.0,20.0,0.0,121.0,9.98858117218689,9.0,11.0,1.0,14286.295264249575,10000.0,19000.0,1.0,16.5,17.41028648552089,19.0,1.0,20799.854481126484,10000.0,25000.0,1.0,18.71932519659668,17.0,20.0,1.0,0.0,211.0,1.0,41.0
11.0,21.0,11.0,21.0,-121.0,21.0,13.0,-111.0,9.989188168306677,9.0,11.0,30000.0,10000.0,19000.0,0.0,27.505550494588725,16.5,19.0,0.0,10000.0,36431.784803648276,25000.0,0.0,28.79301119598865,17.0,20.0,0.0,121.0,10.002016330155353,9.0,11.0,1.0,12509.155470583304,10000.0,19000.0,1.0,16.5,16.98174479743118,19.0,1.0,19017.625211155842,10000.0,25000.0,1.0,18.284555645904327,17.0,20.0,1.0,0.0,211.0,1.0,34.0
11.0,22.0,11.0,21.0,-121.0,11.0,11.0,-111.0,10.186126215450573,9.0,11.0,30000.0,10000.0,19000.0,0.0,24.7398684144436,16.5,19.0,0.0,10000.0,37200.02163893564,25000.0,0.0,26.09681088292773,17.0,20.0,0.0,122.0,10.185287373437564,9.0,11.0,1.0,11992.867683607798,10000.0,19000.0,1.0,16.5,16.936782842055376,19.0,1.0,18959.44648667086,10000.0,25000.0,1.0,18.249729818047392,17.0,20.0,1.0,0.0,111.0,1.0,12.0
11.0,22.0,11.0,22.0,-121.0,11.0,11.0,-111.0,10.1989514716375,9.0,11.0,30000.0,10000.0,19000.0,0.0,24.206791007754752,16.5,19.0,0.0,10000.0,36983.68801804537,25000.0,0.0,25.52260696566377,17.0,20.0,0.0,122.0,10.195386450020345,9.0,11.0,1.0,16280.580407699937,10000.0,19000.0,1.0,16.5,17.77909341173371,19.0,1.0,23048.789828658144,10000.0,25000.0,1.0,19.054310451721065,17.0,20.0,1.0,0.0,111.0,1.0,38.0
11.0,22.0,11.0,22.0,-121.0,21.0,12.0,-111.0,10.006695169645786,9.0,11.0,30000.0,10000.0,19000.0,0.0,24.433815545615737,16.5,19.0,0.0,10000.0,36498.09857701571,25000.0,0.0,25.733993094639178,17.0,20.0,0.0,121.0,10.004181804351264,9.0,11.0,1.0,17187.40411856426,10000.0,19000.0,1.0,16.5,17.96576590076443,19.0,1.0,23641.892212827195,10000.0,25000.0,1.0,19.257217609466245,17.0,20.0,1.0,0.0,211.0,1.0,23.0
11.0,22.0,11.0,22.0,-121.0,11.0,11.0,-111.0,9.987566388340214,9.0,11.0,30000.0,10000.0,19000.0,0.0,25.950566394122973,16.5,19.0,0.0,10000.0,36486.57238028813,25000.0,0.0,27.24495412553044,17.0,20.0,0.0,121.0,9.969710902530926,9.0,11.0,1.0,14126.098298165105,10000.0,19000.0,1.0,16.5,17.368358431911727,19.0,1.0,20635.667112566276,10000.0,25000.0,1.0,18.667335074139412,17.0,20.0,1.0,0.0,111.0,1.0,57.0
11.0,22.0,11.0,22.0,-121.0,11.0,12.0,-111.0,10.193300339778483,9.0,11.0,30000.0,10000.0,19000.0,0.0,24.65276192494753,16.5,19.0,0.0,10000.0,37100.35785064785,25000.0,0.0,25.994989982005187,17.0,20.0,0.0,122.0,10.16870132899355,9.0,11.0,1.0,13890.609306532473,10000.0,19000.0,1.0,16.5,17.310371414137514,19.0,1.0,20922.693286562535,10000.0,25000.0,1.0,18.639693205534385,17.0,20.0,1.0,0.0,111.0,1.0,49.0
91.0,24.0,91.0,24.0,-721.0,911.0,12.0,-711.0,14.516979888575452,12.0,17.0,30000.0,18000.0,36000.0,1.0,23.422499246756722,20.0,25.0,1.0,18000.0,34560.76497513097,36000.0,1.0,23.99371056457954,20.0,26.0,1.0,721.0,14.806716035175508,12.0,17.0,1.0,28342.11435453858,18000.0,36000.0,1.0,20.0,23.424341046117924,25.0,1.0,32816.069134216246,18000.0,36000.0,1.0,23.984679853207187,20.0,26.0,1.0,1.0,91121.0,7.0,8.0
11.0,21.0,11.0,22.0,-121.0,11.0,12.0,-111.0,10.217754688805448,9.0,11.0,30000.0,10000.0,19000.0,0.0,25.191649948700167,16.5,19.0,0.0,10000.0,36944.49263514824,25000.0,0.0,26.505382881650974,17.0,20.0,0.0,122.0,10.2064085580283,9.0,11.0,1.0,17181.643843988157,10000.0,19000.0,1.0,16.5,17.987330845903287,19.0,1.0,24301.858128846932,10000.0,25000.0,1.0,19.33430613799906,17.0,20.0,1.0,0.0,111.0,1.0,51.0
11.0,21.0,11.0,22.0,-121.0,21.0,13.0,-111.0,9.996179780638125,9.0,11.0,30000.0,10000.0,19000.0,0.0,26.535604221106723,16.5,19.0,0.0,10000.0,36524.22834488829,25000.0,0.0,27.836256244855473,17.0,20.0,0.0,121.0,10.015939165170709,9.0,11.0,1.0,15133.01995584103,10000.0,19000.0,1.0,16.5,17.574500531932927,19.0,1.0,21636.459854059518,10000.0,25000.0,1.0,18.87100822875099,17.0,20.0,1.0,0.0,211.0,1.0,9.0
11.0,22.0,11.0,22.0,-121.0,11.0,12.0,-111.0,10.196865910186835,9.0,11.0,30000.0,10000.0,19000.0,0.0,24.830165735563675,16.5,19.0,0.0,10000.0,37056.636936215495,25000.0,0.0,26.163440095944868,17.0,20.0,0.0,122.0,10.19242013575386,9.0,11.0,1.0,16028.77965319791,10000.0,19000.0,1.0,16.5,17.784248107047375,19.0,1.0,22952.396180655465,10000.0,25000.0,1.0,19.09238971623172,17.0,20.0,1.0,0.0,111.0,1.0,49.0
81.0,23.0,81.0,21.0,-721.0,912.0,11.0,-711.0,15.380943896141286,12.0,17.0,30000.0,12500.0,23000.0,0.0,26.107443215984134,20.0,24.0,0.0,12500.0,33972.66930571692,26000.0,0.0,26.590042347255046,20.0,25.0,0.0,722.0,15.105421247954693,12.0,17.0,1.0,14419.91722217322,12500.0,23000.0,1.0,20.0,21.234200500458265,24.0,1.0,18416.632742486905,12500.0,26000.0,1.0,21.719720761423527,20.0,25.0,1.0,0.0,912.0,7.0,12.0
91.0,24.0,91.0,24.0,-721.0,911.0,11.0,-711.0,15.352622665057297,12.0,17.0,30000.0,18000.0,36000.0,1.0,24.696425787361214,20.0,25.0,1.0,18000.0,34495.65302221774,36000.0,1.0,25.260018250731868,20.0,26.0,1.0,721.0,15.60607404167699,12.0,17.0,1.0,26581.801160168587,18000.0,36000.0,1.0,20.0,24.023657070951565,25.0,1.0,31135.18066610157,18000.0,36000.0,1.0,24.59448634975215,20.0,26.0,1.0,1.0,91121.0,7.0,9.0
91.0,24.0,91.0,21.0,-721.0,911.0,11.0,-711.0,15.182883034526368,12.0,17.0,30000.0,18000.0,36000.0,1.0,24.922231079077413,20.0,25.0,1.0,18000.0,33932.19850934799,36000.0,1.0,25.40175488576249,20.0,26.0,1.0,722.0,15.380154254936057,12.0,17.0,1.0,23906.829258905243,18000.0,36000.0,1.0,20.0,23.227458425784178,25.0,1.0,27862.48046539404,18000.0,36000.0,1.0,23.70984224235514,20.0,26.0,1.0,1.0,91121.0,7.0,3.0
11.0,21.0,11.0,22.0,-121.0,21.0,13.0,-111.0,10.20676877412466,9.0,11.0,30000.0,10000.0,19000.0,0.0,26.84767003192089,16.5,19.0,0.0,10000.0,36969.922451804574,25000.0,0.0,28.167824368745705,17.0,20.0,0.0,122.0,10.186326634075868,9.0,11.0,1.0,13456.071823502105,10000.0,19000.0,1.0,16.5,17.25486939953219,19.0,1.0,20576.810311680558,10000.0,25000.0,1.0,18.60358939771959,17.0,20.0,1.0,0.0,211.0,1.0,59.0
11.0,22.0,11.0,21.0,-121.0,21.0,13.0,-111.0,10.182069380725764,9.0,11.0,30000.0,10000.0,19000.0,0.0,26.02560733417866,16.5,19.0,0.0,10000.0,36986.19972044706,25000.0,0.0,27.345996229730886,17.0,20.0,0.0,122.0,10.20192628394667,9.0,11.0,1.0,13362.952418883036,10000.0,19000.0,1.0,16.5,17.195401497071067,19.0,1.0,20303.049809461896,10000.0,25000.0,1.0,18.507077071096155,17.0,20.0,1.0,0.0,211.0,1.0,20.0
91.0,24.0,91.0,24.0,-721.0,911.0,12.0,-711.0,15.278027556491944,12.0,17.0,30000.0,18000.0,36000.0,1.0,24.454438390348905,20.0,25.0,1.0,18000.0,34501.587984239115,36000.0,1.0,25.0169420582336,20.0,26.0,1.0,721.0,14.830600825720849,12.0,17.0,1.0,27626.186468102795,18000.0,36000.0,1.0,20.0,23.388300851648363,25.0,1.0,32178.913794065083,18000.0,36000.0,1.0,23.957194723921642,20.0,26.0,1.0,1.0,91121.0,7.0,8.0
11.0,22.0,11.0,22.0,-121.0,11.0,11.0,-111.0,10.009920039396162,9.0,11.0,30000.0,10000.0,19000.0,0.0,23.906821676060982,16.5,19.0,0.0,10000.0,36494.13171629275,25000.0,0.0,25.20557919086012,17.0,20.0,0.0,121.0,9.988920310153192,9.0,11.0,1.0,17969.918947610284,10000.0,19000.0,1.0,16.5,18.124490376887966,19.0,1.0,24527.525269594727,10000.0,25000.0,1.0,19.43594214008588,17.0,20.0,1.0,0.0,111.0,1.0,11.0
91.0,24.0,91.0,24.0,-721.0,911.0,12.0,-711.0,15.396768661313102,12.0,17.0,30000.0,18000.0,36000.0,1.0,24.81723420125121,20.0,25.0,1.0,18000.0,34025.43343374582,36000.0,1.0,25.307042480958458,20.0,26.0,1.0,722.0,15.227935179268902,12.0,17.0,1.0,25474.356938561257,18000.0,36000.0,1.0,20.0,23.174863358167684,25.0,1.0,29496.420271950443,18000.0,36000.0,1.0,23.664261569472288,20.0,26.0,1.0,1.0,91121.0,7.0,1.0
91.0,24.0,91.0,24.0,-721.0,911.0,11.0,-711.0,15.123000444632174,12.0,17.0,30000.0,18000.0,36000.0,1.0,24.065723052880934,20.0,25.0,1.0,18000.0,34058.62735790739,36000.0,1.0,24.560612533916824,20.0,26.0,1.0,722.0,15.539968518809557,12.0,17.0,1.0,23189.952336550796,18000.0,36000.0,1.0,20.0,23.363931037748365,25.0,1.0,27157.48517898218,18000.0,36000.0,1.0,23.847712892113062,20.0,26.0,1.0,1.0,91121.0,7.0,28.0
11.0,21.0,11.0,22.0,-121.0,21.0,13.0,-111.0,10.003542552270893,9.0,11.0,30000.0,10000.0,19000.0,0.0,25.93426208325745,16.5,19.0,0.0,10000.0,36556.31414670133,25000.0,0.0,27.240136522422304,17.0,20.0,0.0,121.0,9.998431357592438,9.0,11.0,1.0,15219.669517803837,10000.0,19000.0,1.0,16.5,17.547657815829247,19.0,1.0,21771.63299973921,10000.0,25000.0,1.0,18.852665697690085,17.0,20.0,1.0,0.0,211.0,1.0,52.0
91.0,24.0,91.0,24.0,-721.0,911.0,11.0,-711.0,13.588096944343773,12.0,17.0,30000.0,18000.0,36000.0,1.0,23.187437796633816,20.0,25.0,1.0,18000.0,34508.22712816071,36000.0,1.0,23.74967467882596,20.0,26.0,1.0,721.0,15.81508422456859,12.0,17.0,1.0,23888.080813388737,18000.0,36000.0,1.0,20.0,23.810678964818266,25.0,1.0,28455.59335184892,18000.0,36000.0,1.0,24.380309539319754,20.0,26.0,1.0,1.0,91121.0,7.0,16.0
11.0,21.0,11.0,21.0,-121.0,11.0,11.0,-111.0,10.16814618717942,9.0,11.0,30000.0,10000.0,19000.0,0.0,26.633043898524726,16.5,19.0,0.0,10000.0,36968.73189710057,25000.0,0.0,27.951032542943853,17.0,20.0,0.0,122.0,10.174894396174544,9.0,11.0,1.0,12220.199800416494,10000.0,19000.0,1.0,16.5,16.96632268269579,19.0,1.0,19158.476803430414,10000.0,25000.0,1.0,18.27855142629424,17.0,20.0,1.0,0.0,111.0,1.0,18.0
11.0,22.0,11.0,21.0,-121.0,21.0,13.0,-111.0,10.010209075071586,9.0,11.0,30000.0,10000.0,19000.0,0.0,25.266190818636098,16.5,19.0,0.0,10000.0,36548.86915131794,25000.0,0.0,26.5770833450295,17.0,20.0,0.0,121.0,9.998275679758118,9.0,11.0,1.0,12857.061810345589,10000.0,19000.0,1.0,16.5,17.055613891812825,19.0,1.0,19370.580582333972,10000.0,25000.0,1.0,18.35943030368973,17.0,20.0,1.0,0.0,211.0,1.0,20.0
81.0,23.0,81.0,21.0,-721.0,912.0,11.0,-711.0,15.167029784342217,12.0,17.0,30000.0,12500.0,23000.0,0.0,26.42890079538997,20.0,24.0,0.0,12500.0,34013.01092786202,26000.0,0.0,26.917097594854518,20.0,25.0,0.0,722.0,15.292215814878588,12.0,17.0,1.0,14441.229477319097,12500.0,23000.0,1.0,20.0,21.425214789577325,24.0,1.0,18450.492208828444,12500.0,26000.0,1.0,21.91295560786065,20.0,25.0,1.0,0.0,912.0,7.0,12.0
92.0,24.0,92.0,24.0,-721.0,921.0,13.0,-711.0,15.127969032649018,12.0,17.0,30000.0,15000.0,28000.0,0.0,24.991132879840634,19.5,25.0,1.0,15000.0,34522.903718505986,28000.0,0.0,25.557598774853314,20.0,26.0,1.0,721.0,15.932267390049764,12.0,17.0,1.0,21752.630433401784,15000.0,28000.0,1.0,19.5,22.657978785479933,25.0,1.0,26222.81761493966,15000.0,28000.0,1.0,23.217842258209462,20.0,26.0,1.0,0.0,92122.0,7.0,20.0
91.0,24.0,91.0,24.0,-721.0,911.0,12.0,-711.0,15.38148784745501,12.0,17.0,30000.0,18000.0,36000.0,1.0,24.56477355634398,20.0,25.0,1.0,18000.0,33988.99805211814,36000.0,1.0,25.052035517987076,20.0,26.0,1.0,722.0,15.152203514459993,12.0,17.0,1.0,29293.377569245436,18000.0,36000.0,1.0,20.0,23.696532859662202,25.0,1.0,33240.00454497311,18000.0,36000.0,1.0,24.178619132190086,20.0,26.0,1.0,1.0,91121.0,7.0,24.0
11.0,22.0,11.0,22.0,-121.0,11.0,11.0,-111.0,10.194795082671197,9.0,11.0,30000.0,10000.0,19000.0,0.0,26.204347176846113,16.5,19.0,0.0,10000.0,37025.30640711931,25000.0,0.0,27.529185380285664,17.0,20.0,0.0,122.0,10.178804657288664,9.0,11.0,1.0,16490.139144793768,10000.0,19000.0,1.0,16.5,17.884526700844187,19.0,1.0,23480.05622040491,10000.0,25000.0,1.0,19.202691154320505,17.0,20.0,1.0,0.0,111.0,1.0,57.0
11.0,21.0,11.0,21.0,-121.0,11.0,11.0,-111.0,10.211847140868544,9.0,11.0,30000.0,10000.0,19000.0,0.0,27.586505659960217,16.5,19.0,0.0,10000.0,37039.17781978358,25000.0,0.0,28.907939927301403,17.0,20.0,0.0,122.0,10.202696868036156,9.0,11.0,1.0,14776.562067031024,10000.0,19000.0,1.0,16.5,17.45766200968772,19.0,1.0,21919.95430920972,10000.0,25000.0,1.0,18.798659997740295,17.0,20.0,1.0,0.0,111.0,1.0,18.0
11.0,22.0,11.0,22.0,-121.0,21.0,13.0,-111.0,10.211680264300595,9.0,11.0,30000.0,10000.0,19000.0,0.0,24.972428739934628,16.5,19.0,0.0,10000.0,37121.39802291304,25000.0,0.0,26.312890780336545,17.0,20.0,0.0,122.0,10.208995051541352,9.0,11.0,1.0,15346.012858201912,10000.0,19000.0,1.0,16.5,17.623731307723844,19.0,1.0,22487.65433994762,10000.0,25000.0,1.0,18.96800377805038,17.0,20.0,1.0,0.0,211.0,1.0,5.0
91.0,21.0,91.0,24.0,-721.0,911.0,12.0,-711.0,15.47918220591334,12.0,17.0,30000.0,18000.0,36000.0,1.0,25.25868244227595,20.0,25.0,0.0,18000.0,33931.46682407196,36000.0,1.0,25.738833291670602,20.0,26.0,1.0,722.0,15.236507694951955,12.0,17.0,1.0,27974.621948792465,18000.0,36000.0,1.0,20.0,23.612644549840155,25.0,1.0,31957.53370572607,18000.0,36000.0,1.0,24.09907837943429,20.0,26.0,1.0,0.0,91121.0,7.0,26.0
11.0,21.0,11.0,22.0,-121.0,21.0,13.0,-111.0,9.99155125171252,9.0,11.0,30000.0,10000.0,19000.0,0.0,27.416630364557243,16.5,19.0,0.0,10000.0,36539.01425632383,25000.0,0.0,28.723579717577508,17.0,20.0,0.0,121.0,9.983385182887929,9.0,11.0,1.0,14785.911386235046,10000.0,19000.0,1.0,16.5,17.499684525593427,19.0,1.0,21319.562651288157,10000.0,25000.0,1.0,18.805561980358576,17.0,20.0,1.0,0.0,211.0,1.0,9.0
11.0,21.0,11.0,21.0,-121.0,21.0,13.0,-111.0,10.195711056355133,9.0,11.0,30000.0,10000.0,19000.0,0.0,26.193544430534324,16.5,19.0,0.0,10000.0,37091.77578920236,25000.0,0.0,27.534089130133665,17.0,20.0,0.0,122.0,10.19552415739929,9.0,11.0,1.0,12911.667952123653,10000.0,19000.0,1.0,16.5,17.113779545182652,19.0,1.0,19943.583458249086,10000.0,25000.0,1.0,18.443008970923863,17.0,20.0,1.0,0.0,211.0,1.0,34.0
11.0,22.0,11.0,22.0,-121.0,11.0,12.0,-111.0,9.995208118986834,9.0,11.0,30000.0,10000.0,19000.0,0.0,24.390611788254404,16.5,19.0,0.0,10000.0,36469.3878087878,25000.0,0.0,25.68512591404904,17.0,20.0,0.0,121.0,9.996695295517904,9.0,11.0,1.0,14295.506829694308,10000.0,19000.0,1.0,16.5,17.399177337000907,19.0,1.0,20800.341097232664,10000.0,25000.0,1.0,18.70078424234721,17.0,20.0,1.0,0.0,111.0,1.0,42.0
81.0,23.0,81.0,21.0,-721.0,912.0,12.0,-711.0,14.977172304364053,12.0,17.0,30000.0,12500.0,23000.0,0.0,26.223292793105813,20.0,24.0,0.0,12500.0,34464.983740215,26000.0,0.0,26.781025794385314,20.0,25.0,0.0,721.0,15.774587852037486,12.0,17.0,1.0,13122.936208635569,12500.0,23000.0,1.0,20.0,21.85924755986129,24.0,1.0,17630.237147809643,12500.0,26000.0,1.0,22.422266515078007,20.0,25.0,1.0,0.0,912.0,7.0,11.0
11.0,21.0,11.0,22.0,-121.0,21.0,13.0,-111.0,10.003883684970319,9.0,11.0,30000.0,10000.0,19000.0,0.0,26.91991358080932,16.5,19.0,0.0,10000.0,36630.84700543801,25000.0,0.0,28.251975838756284,17.0,20.0,0.0,121.0,9.990945187472011,9.0,11.0,1.0,14356.67697107129,10000.0,19000.0,1.0,16.5,17.362362348958207,19.0,1.0,20895.792440753947,10000.0,25000.0,1.0,18.67599677761835,17.0,20.0,1.0,0.0,211.0,1.0,52.0
81.0,21.0,81.0,21.0,-721.0,912.0,12.0,-711.0,14.552392005216921,12.0,17.0,30000.0,12500.0,23000.0,0.0,27.16188032792339,20.0,24.0,0.0,12500.0,34537.771530199054,26000.0,0.0,27.734324495028492,20.0,25.0,0.0,721.0,14.615128860054057,12.0,17.0,1.0,14974.36499114963,12500.0,23000.0,1.0,20.0,20.9420312154556,24.0,1.0,19459.046637926167,12500.0,26000.0,1.0,21.50777804359261,20.0,25.0,1.0,0.0,912.0,7.0,6.0
11.0,22.0,11.0,22.0,-121.0,21.0,13.0,-111.0,10.195461153011557,9.0,11.0,30000.0,10000.0,19000.0,0.0,26.265760733071794,16.5,19.0,0.0,10000.0,36971.24670399542,25000.0,0.0,27.580321476954982,17.0,20.0,0.0,122.0,10.172557114241622,9.0,11.0,1.0,13288.678239531633,10000.0,19000.0,1.0,16.5,17.21819768026358,19.0,1.0,20174.432354485165,10000.0,25000.0,1.0,18.51663717550655,17.0,20.0,1.0,0.0,211.0,1.0,19.0
11.0,22.0,11.0,21.0,-121.0,11.0,12.0,-111.0,9.987596352276361,9.0,11.0,30000.0,10000.0,19000.0,0.0,23.952013520764893,16.5,19.0,0.0,10000.0,36454.52715819869,25000.0,0.0,25.241110400140297,17.0,20.0,0.0,121.0,10.007500601432596,9.0,11.0,1.0,12710.173936037085,10000.0,19000.0,1.0,16.5,17.032454604834257,19.0,1.0,19196.525090144663,10000.0,25000.0,1.0,18.32790736633858,17.0,20.0,1.0,0.0,111.0,1.0,45.0
11.0,22.0,11.0,22.0,-121.0,21.0,13.0,-111.0,9.999151970096708,9.0,11.0,30000.0,10000.0,19000.0,0.0,26.25306173274046,16.5,19.0,0.0,10000.0,36506.59247537642,25000.0,0.0,27.54966338672679,17.0,20.0,0.0,121.0,10.007147584134517,9.0,11.0,1.0,15218.432929060447,10000.0,19000.0,1.0,16.5,17.58594150795868,19.0,1.0,21695.234760863565,10000.0,25000.0,1.0,18.876606629439458,17.0,20.0,1.0,0.0,211.0,1.0,13.0
91.0,24.0,91.0,21.0,-721.0,911.0,11.0,-711.0,15.160138765625991,12.0,17.0,30000.0,18000.0,36000.0,1.0,24.038969321219835,20.0,25.0,1.0,18000.0,34028.038277598745,36000.0,1.0,24.529865742422047,20.0,26.0,1.0,722.0,15.161171006497844,12.0,17.0,1.0,22758.93688644874,18000.0,36000.0,1.0,20.0,22.912238455450986,25.0,1.0,26815.994015092212,18000.0,36000.0,1.0,23.406671399680917,20.0,26.0,1.0,1.0,91121.0,7.0,21.0
11.0,22.0,11.0,22.0,-121.0,21.0,12.0,-111.0,10.178358920055546,9.0,11.0,30000.0,10000.0,19000.0,0.0,23.26897440127277,16.5,19.0,0.0,10000.0,37031.62687763212,25000.0,0.0,24.5969870083198,17.0,20.0,0.0,122.0,10.213758894387503,9.0,11.0,1.0,16746.33261738676,10000.0,19000.0,1.0,16.5,17.91468427330251,19.0,1.0,24008.470740817647,10000.0,25000.0,1.0,19.286231875282315,17.0,20.0,1.0,0.0,211.0,1.0,23.0
11.0,22.0,11.0,21.0,-121.0,11.0,11.0,-111.0,10.21997995737238,9.0,11.0,30000.0,10000.0,19000.0,0.0,24.771581144651556,16.5,19.0,0.0,10000.0,37160.79197733889,25000.0,0.0,26.119609016046557,17.0,20.0,0.0,122.0,10.199682619236981,9.0,11.0,1.0,14805.651840434637,10000.0,19000.0,1.0,16.5,17.470532921983505,19.0,1.0,21820.121018236143,10000.0,25000.0,1.0,18.79101534692214,17.0,20.0,1.0,0.0,111.0,1.0,1.0
11.0,22.0,11.0,22.0,-121.0,21.0,13.0,-111.0,9.996381207330298,9.0,11.0,30000.0,10000.0,19000.0,0.0,25.69901674328714,16.5,19.0,0.0,10000.0,36570.698518184894,25000.0,0.0,27.008963091930465,17.0,20.0,0.0,121.0,9.992877854915879,9.0,11.0,1.0,15316.747546006569,10000.0,19000.0,1.0,16.5,17.595075616246827,19.0,1.0,21764.270304811722,10000.0,25000.0,1.0,18.880465422569074,17.0,20.0,1.0,0.0,211.0,1.0,31.0
81.0,23.0,81.0,23.0,-721.0,912.0,12.0,-711.0,15.25127080261002,12.0,17.0,30000.0,12500.0,23000.0,0.0,25.767973100142832,20.0,24.0,0.0,12500.0,33985.01998071502,26000.0,0.0,26.253040009024325,20.0,25.0,0.0,722.0,15.301948630191605,12.0,17.0,1.0,18640.76668946515,12500.0,23000.0,1.0,20.0,22.144370581229744,24.0,1.0,22605.90782351917,12500.0,26000.0,1.0,22.627017785630798,20.0,25.0,1.0,0.0,912.0,7.0,31.0
11.0,22.0,11.0,22.0,-121.0,11.0,12.0,-111.0,10.20943951960424,9.0,11.0,30000.0,10000.0,19000.0,0.0,23.536765379778913,16.5,19.0,0.0,10000.0,36908.5819774418,25000.0,0.0,24.846448224131272,17.0,20.0,0.0,122.0,10.210015093728256,9.0,11.0,1.0,15528.327078021335,10000.0,19000.0,1.0,16.5,17.699782630712647,19.0,1.0,22450.027450644986,10000.0,25000.0,1.0,19.011952372835232,17.0,20.0,1.0,0.0,111.0,1.0,40.0
11.0,22.0,11.0,22.0,-121.0,21.0,13.0,-111.0,10.001289515395829,9.0,11.0,30000.0,10000.0,19000.0,0.0,26.08321951330168,16.5,19.0,0.0,10000.0,36412.91976630732,25000.0,0.0,27.36535878130334,17.0,20.0,0.0,121.0,10.032102101180326,9.0,11.0,1.0,14464.577125568025,10000.0,19000.0,1.0,16.5,17.44763958246098,19.0,1.0,20936.779742301405,10000.0,25000.0,1.0,18.7416313097511,17.0,20.0,1.0,0.0,211.0,1.0,16.0
11.0,22.0,11.0,22.0,-121.0,21.0,12.0,-111.0,9.993257152291042,9.0,11.0,30000.0,10000.0,19000.0,0.0,25.328075626610406,16.5,19.0,0.0,10000.0,36458.01148311491,25000.0,0.0,26.619771662349898,17.0,20.0,0.0,121.0,9.980280994107808,9.0,11.0,1.0,16226.766859250038,10000.0,19000.0,1.0,16.5,17.737137609483533,19.0,1.0,22813.318696505667,10000.0,25000.0,1.0,19.0545435818359,17.0,20.0,1.0,0.0,211.0,1.0,48.0
81.0,23.0,81.0,23.0,-721.0,912.0,12.0,-711.0,15.339082015574299,12.0,17.0,30000.0,12500.0,23000.0,0.0,25.90931680716774,20.0,24.0,0.0,12500.0,33943.85811796098,26000.0,0.0,26.391485662500592,20.0,25.0,0.0,722.0,15.164771534908317,12.0,17.0,1.0,16954.27836289349,12500.0,23000.0,1.0,20.0,21.78340827358423,24.0,1.0,21023.625872998626,12500.0,26000.0,1.0,22.280919231689744,20.0,25.0,1.0,0.0,912.0,7.0,10.0
11.0,22.0,11.0,22.0,-121.0,21.0,13.0,-111.0,10.195135398635458,9.0,11.0,30000.0,10000.0,19000.0,0.0,25.91544961767386,16.5,19.0,0.0,10000.0,37014.72369083892,25000.0,0.0,27.23131686832551,17.0,20.0,0.0,122.0,10.204065139035976,9.0,11.0,1.0,14174.19134061217,10000.0,19000.0,1.0,16.5,17.431937871183848,19.0,1.0,20986.56718708056,10000.0,25000.0,1.0,18.70984740412883,17.0,20.0,1.0,0.0,211.0,1.0,19.0
91.0,24.0,91.0,21.0,-721.0,911.0,11.0,-711.0,15.265396381867518,12.0,17.0,30000.0,18000.0,36000.0,1.0,24.956507210631454,20.0,25.0,1.0,18000.0,34554.03123648916,36000.0,1.0,25.528359271827227,20.0,26.0,1.0,721.0,15.043735116097753,12.0,17.0,1.0,22592.816901367427,18000.0,36000.0,1.0,20.0,22.839217999064036,25.0,1.0,27079.78689214679,18000.0,36000.0,1.0,23.402649144900636,20.0,26.0,1.0,1.0,91121.0,7.0,15.0
11.0,22.0,11.0,22.0,-121.0,11.0,11.0,-111.0,10.195145343727233,9.0,11.0,30000.0,10000.0,19000.0,0.0,25.41455479030145,16.5,19.0,0.0,10000.0,36944.94587065924,25000.0,0.0,26.7220845989063,17.0,20.0,0.0,122.0,10.207973592586553,9.0,11.0,1.0,14866.265844000665,10000.0,19000.0,1.0,16.5,17.523498215718952,19.0,1.0,22066.975866267298,10000.0,25000.0,1.0,18.87918091974262,17.0,20.0,1.0,0.0,111.0,1.0,27.0
11.0,22.0,11.0,22.0,-121.0,21.0,13.0,-111.0,10.002471451568281,9.0,11.0,30000.0,10000.0,19000.0,0.0,25.69307164372637,16.5,19.0,0.0,10000.0,36539.924435869165,25000.0,0.0,27.000459900434063,17.0,20.0,0.0,121.0,10.002571366618099,9.0,11.0,1.0,15733.070268374875,10000.0,19000.0,1.0,16.5,17.698181498164562,19.0,1.0,22231.76485375253,10000.0,25000.0,1.0,18.99732754613009,17.0,20.0,1.0,0.0,211.0,1.0,47.0
11.0,22.0,11.0,21.0,-121.0,11.0,12.0,-111.0,10.207571602322924,9.0,11.0,30000.0,10000.0,19000.0,0.0,24.153159723417318,16.5,19.0,0.0,10000.0,37065.30999910773,25000.0,0.0,25.488127386679967,17.0,20.0,0.0,122.0,10.191147279758605,9.0,11.0,1.0,13708.14000007148,10000.0,19000.0,1.0,16.5,17.25085588008867,19.0,1.0,20577.050958307627,10000.0,25000.0,1.0,18.548714574503176,17.0,20.0,1.0,0.0,111.0,1.0,45.0
11.0,22.0,11.0,21.0,-121.0,11.0,11.0,-111.0,10.183797379313793,9.0,11.0,30000.0,10000.0,19000.0,0.0,24.035869324061316,16.5,19.0,0.0,10000.0,37086.19263166773,25000.0,0.0,25.373384875681232,17.0,20.0,0.0,122.0,10.189294127741213,9.0,11.0,1.0,10701.602298768417,10000.0,19000.0,1.0,16.5,16.692649786357407,19.0,1.0,17788.189295820946,10000.0,25000.0,1.0,18.030239774259627,17.0,20.0,1.0,0.0,111.0,1.0,12.0
91.0,24.0,91.0,24.0,-721.0,911.0,12.0,-711.0,15.107497952395118,12.0,17.0,30000.0,18000.0,36000.0,1.0,24.93409963566582,20.0,25.0,1.0,18000.0,34485.973542045846,36000.0,1.0,25.494676144351164,20.0,26.0,1.0,721.0,14.488800083117603,12.0,17.0,1.0,25075.254945552686,18000.0,36000.0,1.0,20.0,22.593842528880188,25.0,1.0,29556.511680540523,18000.0,36000.0,1.0,23.153829615624467,20.0,26.0,1.0,1.0,91121.0,7.0,13.0
11.0,22.0,11.0,22.0,-121.0,21.0,13.0,-111.0,10.008053975742264,9.0,11.0,30000.0,10000.0,19000.0,0.0,24.508891869831228,16.5,19.0,0.0,10000.0,36487.216728096835,25000.0,0.0,25.80159876978935,17.0,20.0,0.0,121.0,9.994996967820219,9.0,11.0,1.0,13666.821595694475,10000.0,19000.0,1.0,16.5,17.28356960494269,19.0,1.0,20175.71639066247,10000.0,25000.0,1.0,18.58059629068826,17.0,20.0,1.0,0.0,211.0,1.0,22.0
91.0,24.0,91.0,24.0,-721.0,911.0,12.0,-711.0,15.226723508320832,12.0,17.0,30000.0,18000.0,36000.0,1.0,24.280950605840623,20.0,25.0,1.0,18000.0,34127.51445391153,36000.0,1.0,24.783392741892204,20.0,26.0,1.0,722.0,15.125611718420776,12.0,17.0,1.0,26815.140960865883,18000.0,36000.0,1.0,20.0,23.3103866257239,25.0,1.0,30790.102365849532,18000.0,36000.0,1.0,23.794258486463214,20.0,26.0,1.0,1.0,91121.0,7.0,23.0
11.0,21.0,11.0,22.0,-121.0,11.0,12.0,-111.0,10.204096571778361,9.0,11.0,30000.0,10000.0,19000.0,0.0,24.05972471513337,16.5,19.0,0.0,10000.0,37161.70671539802,25000.0,0.0,25.412060706227226,17.0,20.0,0.0,122.0,10.194991942945888,9.0,11.0,1.0,15084.210270578866,10000.0,19000.0,1.0,16.5,17.572375190121328,19.0,1.0,22106.07405621456,10000.0,25000.0,1.0,18.898304818244327,17.0,20.0,1.0,0.0,111.0,1.0,7.0
81.0,23.0,81.0,23.0,-721.0,912.0,12.0,-711.0,15.432193204925808,12.0,17.0,30000.0,12500.0,23000.0,0.0,27.324752834716037,20.0,24.0,0.0,12500.0,34530.74178053396,26000.0,0.0,27.891650516325903,20.0,25.0,0.0,721.0,15.443638499683768,12.0,17.0,1.0,16676.76821001051,12500.0,23000.0,1.0,20.0,22.100313085713346,24.0,1.0,21170.20791081511,12500.0,26000.0,1.0,22.66254343832012,20.0,25.0,1.0,0.0,912.0,7.0,31.0
91.0,24.0,91.0,24.0,-721.0,911.0,12.0,-711.0,14.88786305357254,12.0,17.0,30000.0,18000.0,36000.0,1.0,24.73110971740399,20.0,25.0,1.0,18000.0,34542.47464134569,36000.0,1.0,25.30054233306995,20.0,26.0,1.0,721.0,15.140557979591591,12.0,17.0,1.0,25602.55957143501,18000.0,36000.0,1.0,20.0,23.373376959480083,25.0,1.0,30099.263338445762,18000.0,36000.0,1.0,23.937071859307935,20.0,26.0,1.0,1.0,91121.0,7.0,13.0
11.0,22.0,11.0,22.0,-121.0,11.0,12.0,-111.0,10.012410969936303,9.0,11.0,30000.0,10000.0,19000.0,0.0,24.40643808001094,16.5,19.0,0.0,10000.0,36490.49902098034,25000.0,0.0,25.702214092954716,17.0,20.0,0.0,121.0,9.985834689472501,9.0,11.0,1.0,17427.66400592757,10000.0,19000.0,1.0,16.5,17.96735476754898,19.0,1.0,23923.47524628894,10000.0,25000.0,1.0,19.264191322436783,17.0,20.0,1.0,0.0,111.0,1.0,49.0
11.0,22.0,11.0,22.0,-121.0,21.0,13.0,-111.0,10.197394573530616,9.0,11.0,30000.0,10000.0,19000.0,0.0,25.554690188213407,16.5,19.0,0.0,10000.0,36901.55225659511,25000.0,0.0,26.850804187853825,17.0,20.0,0.0,122.0,10.216110523160637,9.0,11.0,1.0,15023.924314044953,10000.0,19000.0,1.0,16.5,17.577543020878128,19.0,1.0,21974.54671284818,10000.0,25000.0,1.0,18.882872410899676,17.0,20.0,1.0,0.0,211.0,1.0,13.0
11.0,22.0,11.0,21.0,-121.0,11.0,11.0,-111.0,9.993007196578356,9.0,11.0,30000.0,10000.0,19000.0,0.0,24.75776921841024,16.5,19.0,0.0,10000.0,36507.64216216098,25000.0,0.0,26.063982964949123,17.0,20.0,0.0,121.0,9.99549104973449,9.0,11.0,1.0,13887.343356372829,10000.0,19000.0,1.0,16.5,17.2399272704766,19.0,1.0,20343.21736173761,10000.0,25000.0,1.0,18.535750114080876,17.0,20.0,1.0,0.0,111.0,1.0,0.0
11.0,22.0,11.0,22.0,-121.0,11.0,11.0,-111.0,10.211855026157973,9.0,11.0,30000.0,10000.0,19000.0,0.0,23.775300151348063,16.5,19.0,0.0,10000.0,36977.330501823104,25000.0,0.0,25.08537241600322,17.0,20.0,0.0,122.0,10.191405692515998,9.0,11.0,1.0,16687.159497668592,10000.0,19000.0,1.0,16.5,17.860356482442583,19.0,1.0,23632.305773161934,10000.0,25000.0,1.0,19.164385796679525,17.0,20.0,1.0,0.0,111.0,1.0,11.0
11.0,22.0,11.0,21.0,-121.0,11.0,11.0,-111.0,10.0054292544933,9.0,11.0,30000.0,10000.0,19000.0,0.0,23.82248996454384,16.5,19.0,0.0,10000.0,36497.978814545255,25000.0,0.0,25.121917382089165,17.0,20.0,0.0,121.0,9.981979177388846,9.0,11.0,1.0,16904.442081312667,10000.0,19000.0,1.0,16.5,17.863881745308774,19.0,1.0,23457.683361803265,10000.0,25000.0,1.0,19.174360224339527,17.0,20.0,1.0,0.0,111.0,1.0,0.0
91.0,24.0,91.0,24.0,-721.0,911.0,12.0,-711.0,14.977508642632221,12.0,17.0,30000.0,18000.0,36000.0,1.0,24.098022150510303,20.0,25.0,1.0,18000.0,33984.04318569676,36000.0,1.0,24.586218945140423,20.0,26.0,1.0,722.0,14.962556012628545,12.0,17.0,1.0,26964.452452414218,18000.0,36000.0,1.0,20.0,23.213994980100882,25.0,1.0,30885.011916406318,18000.0,36000.0,1.0,23.694412604676153,20.0,26.0,1.0,1.0,91121.0,7.0,8.0
11.0,21.0,11.0,21.0,-121.0,11.0,11.0,-111.0,10.205120874496526,9.0,11.0,30000.0,10000.0,19000.0,0.0,24.625194833621215,16.5,19.0,0.0,10000.0,37060.69108022157,25000.0,0.0,25.959699918581258,17.0,20.0,0.0,122.0,10.209919546860627,9.0,11.0,1.0,13184.528129744664,10000.0,19000.0,1.0,16.5,17.174512542540583,19.0,1.0,20239.480699887434,10000.0,25000.0,1.0,18.507933021079918,17.0,20.0,1.0,0.0,111.0,1.0,56.0
11.0,21.0,11.0,22.0,-121.0,11.0,12.0,-111.0,10.226443200620851,9.0,11.0,30000.0,10000.0,19000.0,0.0,23.936204829548377,16.5,19.0,0.0,10000.0,36811.61262605816,25000.0,0.0,25.227132632349917,17.0,20.0,0.0,122.0,10.187132648899356,9.0,11.0,1.0,13890.476736939434,10000.0,19000.0,1.0,16.5,17.338864692422213,19.0,1.0,20919.42611459577,10000.0,25000.0,1.0,18.670981868520663,17.0,20.0,1.0,0.0,111.0,1.0,51.0
81.0,21.0,81.0,23.0,-721.0,912.0,12.0,-711.0,15.085706923690688,12.0,17.0,30000.0,12500.0,23000.0,0.0,26.78693793543996,20.0,24.0,0.0,12500.0,34013.17294508458,26000.0,0.0,27.274301451554432,20.0,25.0,0.0,722.0,15.039980611631158,12.0,17.0,1.0,16331.981523130831,12500.0,23000.0,1.0,20.0,21.582499444666958,24.0,1.0,20463.25232725179,12500.0,26000.0,1.0,22.08420487642104,20.0,25.0,1.0,0.0,912.0,7.0,7.0
11.0,22.0,11.0,21.0,-121.0,11.0,11.0,-111.0,9.99065616286763,9.0,11.0,30000.0,10000.0,19000.0,0.0,24.700296185271366,16.5,19.0,0.0,10000.0,36455.21957126433,25000.0,0.0,25.990771260975784,17.0,20.0,0.0,121.0,9.989165803315762,9.0,11.0,1.0,14875.85411307799,10000.0,19000.0,1.0,16.5,17.46206449908977,19.0,1.0,21382.84885400342,10000.0,25000.0,1.0,18.762890046261564,17.0,20.0,1.0,0.0,111.0,1.0,54.0
92.0,24.0,92.0,24.0,-721.0,921.0,13.0,-711.0,14.958791263198275,12.0,17.0,30000.0,15000.0,28000.0,0.0,23.66198843330524,19.5,25.0,1.0,15000.0,34008.53631185678,28000.0,0.0,24.1498087102948,20.0,26.0,1.0,722.0,15.263046158871365,12.0,17.0,1.0,20798.44766250359,15000.0,28000.0,1.0,19.5,21.8317399367135,25.0,1.0,24772.55071139935,15000.0,28000.0,1.0,22.31536984530709,20.0,26.0,1.0,0.0,92122.0,7.0,22.0
81.0,21.0,81.0,21.0,-721.0,912.0,12.0,-711.0,15.574743213441202,12.0,17.0,30000.0,12500.0,23000.0,0.0,26.816315458898995,20.0,24.0,0.0,12500.0,34482.5435020479,26000.0,0.0,27.375975385641954,20.0,25.0,0.0,721.0,15.069388663592283,12.0,17.0,1.0,16639.02678189662,12500.0,23000.0,1.0,20.0,21.598364692539125,24.0,1.0,21119.458317283614,12500.0,26000.0,1.0,22.15776093347375,20.0,25.0,1.0,0.0,912.0,7.0,6.0
11.0,22.0,11.0,22.0,-121.0,21.0,13.0,-111.0,10.01407866910095,9.0,11.0,30000.0,10000.0,19000.0,0.0,28.48742640702009,16.5,19.0,0.0,10000.0,36492.791097431764,25000.0,0.0,29.790708394023703,17.0,20.0,0.0,121.0,10.018510386465557,9.0,11.0,1.0,15423.219773223953,10000.0,19000.0,1.0,16.5,17.644402830742877,19.0,1.0,21947.880748771826,10000.0,25000.0,1.0,18.954081979992036,17.0,20.0,1.0,0.0,211.0,1.0,21.0
11.0,22.0,11.0,22.0,-121.0,21.0,12.0,-111.0,10.203475164010396,9.0,11.0,30000.0,10000.0,19000.0,0.0,24.857580091531098,16.5,19.0,0.0,10000.0,37102.16064048612,25000.0,0.0,26.193233880508004,17.0,20.0,0.0,122.0,10.186785886764532,9.0,11.0,1.0,16792.16686964378,10000.0,19000.0,1.0,16.5,17.884558024218997,19.0,1.0,23718.62133588767,10000.0,25000.0,1.0,19.18716797917792,17.0,20.0,1.0,0.0,211.0,1.0,23.0
11.0,22.0,11.0,22.0,-121.0,11.0,12.0,-111.0,10.19682687641335,9.0,11.0,30000.0,10000.0,19000.0,0.0,24.884655867827075,16.5,19.0,0.0,10000.0,37096.17289880544,25000.0,0.0,26.22015644924384,17.0,20.0,0.0,122.0,10.18634894224618,9.0,11.0,1.0,16853.400359046344,10000.0,19000.0,1.0,16.5,17.907482271704843,19.0,1.0,23756.86873260836,10000.0,25000.0,1.0,19.206715838609103,17.0,20.0,1.0,0.0,111.0,1.0,14.0
11.0,21.0,11.0,21.0,-121.0,21.0,13.0,-111.0,10.002768072008447,9.0,11.0,30000.0,10000.0,19000.0,0.0,25.77759984360477,16.5,19.0,0.0,10000.0,36435.00603901974,25000.0,0.0,27.07131789447966,17.0,20.0,0.0,121.0,9.990901076267493,9.0,11.0,1.0,10885.563498508758,10000.0,19000.0,1.0,16.5,16.676893049125464,19.0,1.0,17432.496071347643,10000.0,25000.0,1.0,17.993113235397846,17.0,20.0,1.0,0.0,211.0,1.0,34.0
11.0,22.0,11.0,22.0,-121.0,21.0,13.0,-111.0,10.007205279359624,9.0,11.0,30000.0,10000.0,19000.0,0.0,24.2709407363407,16.5,19.0,0.0,10000.0,36476.1129650828,25000.0,0.0,25.55928098576925,17.0,20.0,0.0,121.0,10.00252880966982,9.0,11.0,1.0,13687.12226167147,10000.0,19000.0,1.0,16.5,17.275501513124023,19.0,1.0,20097.52278259286,10000.0,25000.0,1.0,18.550769108144298,17.0,20.0,1.0,0.0,211.0,1.0,3.0
81.0,23.0,81.0,23.0,-721.0,912.0,11.0,-711.0,15.490214271849878,12.0,17.0,30000.0,12500.0,23000.0,0.0,27.56463551209036,20.0,24.0,0.0,12500.0,34502.48759525962,26000.0,0.0,28.130879797091428,20.0,25.0,0.0,721.0,15.976666012138834,12.0,17.0,1.0,19555.139642838512,12500.0,23000.0,1.0,20.0,23.026697666772,24.0,1.0,24035.500711303663,12500.0,26000.0,1.0,23.590159263519254,20.0,25.0,1.0,0.0,912.0,7.0,17.0
81.0,23.0,81.0,23.0,-721.0,912.0,11.0,-711.0,15.078123943899529,12.0,17.0,30000.0,12500.0,23000.0,0.0,26.213569232411096,20.0,24.0,0.0,12500.0,34062.88086303956,26000.0,0.0,26.70973163690687,20.0,25.0,0.0,722.0,15.084583673248455,12.0,17.0,1.0,14833.368868410074,12500.0,23000.0,1.0,20.0,21.502332591978885,24.0,1.0,18804.67532527456,12500.0,26000.0,1.0,21.987311853505485,20.0,25.0,1.0,0.0,912.0,7.0,17.0
11.0,21.0,11.0,22.0,-121.0,21.0,13.0,-111.0,9.996114774384031,9.0,11.0,30000.0,10000.0,19000.0,0.0,26.822081792902907,16.5,19.0,0.0,10000.0,36478.02288682241,25000.0,0.0,28.12234549641132,17.0,20.0,0.0,121.0,9.993987047994352,9.0,11.0,1.0,12779.88832149275,10000.0,19000.0,1.0,16.5,17.067841703163104,19.0,1.0,19264.82889347296,10000.0,25000.0,1.0,18.369493919043293,17.0,20.0,1.0,0.0,211.0,1.0,52.0
11.0,21.0,11.0,22.0,-121.0,11.0,12.0,-111.0,10.202948743435108,9.0,11.0,30000.0,10000.0,19000.0,0.0,25.145001331257575,16.5,19.0,0.0,10000.0,36842.43898347091,25000.0,0.0,26.432822641040854,17.0,20.0,0.0,122.0,10.190627482642139,9.0,11.0,1.0,16247.50968322346,10000.0,19000.0,1.0,16.5,17.79341359879851,19.0,1.0,23097.111957677327,10000.0,25000.0,1.0,19.082583117721587,17.0,20.0,1.0,0.0,111.0,1.0,51.0
11.0,22.0,11.0,22.0,-121.0,21.0,13.0,-111.0,10.206935049546878,9.0,11.0,30000.0,10000.0,19000.0,0.0,26.76557942339022,16.5,19.0,0.0,10000.0,37092.62313837526,25000.0,0.0,28.102839101748394,17.0,20.0,0.0,122.0,10.192521178907638,9.0,11.0,1.0,12652.088291175269,10000.0,19000.0,1.0,16.5,17.092545618356823,19.0,1.0,19681.629566593307,10000.0,25000.0,1.0,18.41791169541649,17.0,20.0,1.0,0.0,211.0,1.0,3.0
11.0,22.0,11.0,22.0,-121.0,11.0,11.0,-111.0,10.190812113295184,9.0,11.0,30000.0,10000.0,19000.0,0.0,23.377405424567876,16.5,19.0,0.0,10000.0,36971.3059012261,25000.0,0.0,24.697306888387782,17.0,20.0,0.0,122.0,10.204139775477985,9.0,11.0,1.0,15076.681537502573,10000.0,19000.0,1.0,16.5,17.597025407558675,19.0,1.0,22098.132196369806,10000.0,25000.0,1.0,18.92642095182078,17.0,20.0,1.0,0.0,111.0,1.0,30.0
11.0,21.0,11.0,22.0,-121.0,21.0,13.0,-111.0,10.007996542706387,9.0,11.0,30000.0,10000.0,19000.0,0.0,26.65466492026898,16.5,19.0,0.0,10000.0,36508.22252608022,25000.0,0.0,27.952933364449915,17.0,20.0,0.0,121.0,9.998749646644466,9.0,11.0,1.0,13055.852904481602,10000.0,19000.0,1.0,16.5,17.129111413821505,19.0,1.0,19598.310902954312,10000.0,25000.0,1.0,18.434209193247305,17.0,20.0,1.0,0.0,211.0,1.0,32.0
11.0,21.0,11.0,21.0,-121.0,11.0,11.0,-111.0,10.00665933073218,9.0,11.0,30000.0,10000.0,19000.0,0.0,25.239994229959102,16.5,19.0,0.0,10000.0,36480.57146988233,25000.0,0.0,26.53693218349308,17.0,20.0,0.0,121.0,10.004003378622421,9.0,11.0,1.0,10580.945266135988,10000.0,19000.0,1.0,16.5,16.62057800654873,19.0,1.0,16964.382036621093,10000.0,25000.0,1.0,17.898076674698874,17.0,20.0,1.0,0.0,111.0,1.0,18.0
11.0,22.0,11.0,22.0,-121.0,21.0,12.0,-111.0,9.981609178997948,9.0,11.0,30000.0,10000.0,19000.0,0.0,23.642536942887524,16.5,19.0,0.0,10000.0,36576.16613664658,25000.0,0.0,24.969707757371072,17.0,20.0,0.0,121.0,9.989826657856705,9.0,11.0,1.0,15762.463756142124,10000.0,19000.0,1.0,16.5,17.676136399044395,19.0,1.0,22255.217545609776,10000.0,25000.0,1.0,18.98647332727216,17.0,20.0,1.0,0.0,211.0,1.0,25.0
11.0,21.0,11.0,22.0,-121.0,11.0,12.0,-111.0,10.013592350150672,9.0,11.0,30000.0,10000.0,19000.0,0.0,24.82913320572703,16.5,19.0,0.0,10000.0,36461.33462474434,25000.0,0.0,26.12100683343158,17.0,20.0,0.0,121.0,9.99209526388741,9.0,11.0,1.0,16660.77748521755,10000.0,19000.0,1.0,16.5,17.82157029100599,19.0,1.0,23124.22764973171,10000.0,25000.0,1.0,19.113866897892972,17.0,20.0,1.0,0.0,111.0,1.0,7.0
91.0,24.0,91.0,21.0,-721.0,911.0,12.0,-711.0,15.256839652715332,12.0,17.0,30000.0,18000.0,36000.0,1.0,25.005798020156874,20.0,25.0,0.0,18000.0,34032.75320592107,36000.0,1.0,25.49890585062108,20.0,26.0,1.0,722.0,15.296931895263135,12.0,17.0,1.0,22885.502974321287,18000.0,36000.0,1.0,20.0,22.984725038680104,25.0,1.0,26826.110293434398,18000.0,36000.0,1.0,23.4665656638357,20.0,26.0,1.0,0.0,91121.0,7.0,14.0
11.0,22.0,11.0,21.0,-121.0,21.0,13.0,-111.0,10.219048509592977,9.0,11.0,30000.0,10000.0,19000.0,0.0,26.2338562656401,16.5,19.0,0.0,10000.0,37071.6302610826,25000.0,0.0,27.569520490210543,17.0,20.0,0.0,122.0,10.204009836787202,9.0,11.0,1.0,12618.538112278658,10000.0,19000.0,1.0,16.5,17.098165729596086,19.0,1.0,19764.941537035476,10000.0,25000.0,1.0,18.447952841816246,17.0,20.0,1.0,0.0,211.0,1.0,20.0
11.0,22.0,11.0,22.0,-121.0,11.0,11.0,-111.0,10.01187160436945,9.0,11.0,30000.0,10000.0,19000.0,0.0,25.00769230576434,16.5,19.0,0.0,10000.0,36488.420548422844,25000.0,0.0,26.299034503397873,17.0,20.0,0.0,121.0,10.004059072649786,9.0,11.0,1.0,13255.581843685586,10000.0,19000.0,1.0,16.5,17.15156105875813,19.0,1.0,19706.70541110689,10000.0,25000.0,1.0,18.43548031500675,17.0,20.0,1.0,0.0,111.0,1.0,27.0
91.0,24.0,91.0,24.0,-721.0,911.0,12.0,-711.0,15.113211442056055,12.0,17.0,30000.0,18000.0,36000.0,1.0,25.08213790746816,20.0,25.0,0.0,18000.0,34519.567234651564,36000.0,1.0,25.646641091554866,20.0,26.0,1.0,721.0,13.580221761876228,12.0,17.0,1.0,25878.561049947333,18000.0,36000.0,1.0,20.0,21.731648696352515,25.0,1.0,30419.633233234177,18000.0,36000.0,1.0,22.29883789247267,20.0,26.0,1.0,0.0,91121.0,7.0,8.0
11.0,22.0,11.0,21.0,-121.0,11.0,11.0,-111.0,9.99727283860947,9.0,11.0,30000.0,10000.0,19000.0,0.0,26.405537668795496,16.5,19.0,0.0,10000.0,36414.51831856791,25000.0,0.0,27.697256170339962,17.0,20.0,0.0,121.0,10.001832905908223,9.0,11.0,1.0,14657.633473531258,10000.0,19000.0,1.0,16.5,17.44716411629389,19.0,1.0,21199.29952630232,10000.0,25000.0,1.0,18.764486891229275,17.0,20.0,1.0,0.0,111.0,1.0,1.0
11.0,22.0,11.0,22.0,-121.0,21.0,13.0,-111.0,10.006126116336382,9.0,11.0,30000.0,10000.0,19000.0,0.0,25.212182218798475,16.5,19.0,0.0,10000.0,36482.16080621341,25000.0,0.0,26.510321669370146,17.0,20.0,0.0,121.0,10.014846239533842,9.0,11.0,1.0,14950.641192425572,10000.0,19000.0,1.0,16.5,17.521530371403173,19.0,1.0,21505.115959273673,10000.0,25000.0,1.0,18.834151660351484,17.0,20.0,1.0,0.0,211.0,1.0,21.0
91.0,24.0,91.0,24.0,-721.0,911.0,12.0,-711.0,15.74884959021112,12.0,17.0,30000.0,18000.0,36000.0,1.0,24.73780150669807,20.0,25.0,1.0,18000.0,34461.54275843079,36000.0,1.0,25.295956254347374,20.0,26.0,1.0,721.0,15.942320185209248,12.0,17.0,1.0,27771.430091274087,18000.0,36000.0,1.0,20.0,24.525858245715632,25.0,1.0,32346.839859530526,18000.0,36000.0,1.0,25.098258158227406,20.0,26.0,1.0,1.0,91121.0,7.0,32.0
11.0,21.0,11.0,21.0,-121.0,11.0,11.0,-111.0,9.992443728951523,9.0,11.0,30000.0,10000.0,19000.0,0.0,24.49246417661322,16.5,19.0,0.0,10000.0,36624.64080808184,25000.0,0.0,25.81377625580825,17.0,20.0,0.0,121.0,10.011797806983957,9.0,11.0,1.0,15420.079349577525,10000.0,19000.0,1.0,16.5,17.55909951888261,19.0,1.0,21961.097793392073,10000.0,25000.0,1.0,18.86373277077241,17.0,20.0,1.0,0.0,111.0,1.0,56.0
11.0,21.0,11.0,22.0,-121.0,21.0,13.0,-111.0,10.203445834545263,9.0,11.0,30000.0,10000.0,19000.0,0.0,25.437570356329996,16.5,19.0,0.0,10000.0,37070.4065157427,25000.0,0.0,26.772939154590524,17.0,20.0,0.0,122.0,10.191833363777913,9.0,11.0,1.0,14527.61883438017,10000.0,19000.0,1.0,16.5,17.447096046326667,19.0,1.0,21615.587310200695,10000.0,25000.0,1.0,18.785781725090743,17.0,20.0,1.0,0.0,211.0,1.0,24.0
11.0,22.0,11.0,21.0,-121.0,11.0,12.0,-111.0,10.006386861429162,9.0,11.0,30000.0,10000.0,19000.0,0.0,24.315280487064307,16.5,19.0,0.0,10000.0,36518.232801854625,25000.0,0.0,25.61484907568359,17.0,20.0,0.0,121.0,9.97807362515136,9.0,11.0,1.0,12788.633347027735,10000.0,19000.0,1.0,16.5,17.005108735583512,19.0,1.0,19395.192737315032,10000.0,25000.0,1.0,18.322287382535528,17.0,20.0,1.0,0.0,111.0,1.0,10.0
11.0,21.0,11.0,22.0,-121.0,21.0,13.0,-111.0,10.204914831183263,9.0,11.0,30000.0,10000.0,19000.0,0.0,27.725229425413918,16.5,19.0,0.0,10000.0,36938.7270086462,25000.0,0.0,29.03252885402956,17.0,20.0,0.0,122.0,10.203730847933658,9.0,11.0,1.0,15035.167752185242,10000.0,19000.0,1.0,16.5,17.586983325992485,19.0,1.0,22012.108141419438,10000.0,25000.0,1.0,18.901482393756044,17.0,20.0,1.0,0.0,211.0,1.0,52.0
81.0,23.0,81.0,23.0,-721.0,912.0,12.0,-711.0,14.864078911490829,12.0,17.0,30000.0,12500.0,23000.0,0.0,25.71325055702097,20.0,24.0,0.0,12500.0,34418.07417988953,26000.0,0.0,26.264800847815778,20.0,25.0,0.0,721.0,14.137780164156585,12.0,17.0,1.0,17930.541664016757,12500.0,23000.0,1.0,20.0,20.89216232070059,24.0,1.0,22410.834382309506,12500.0,26000.0,1.0,21.451479944399253,20.0,25.0,1.0,0.0,912.0,7.0,5.0
91.0,24.0,91.0,24.0,-721.0,911.0,11.0,-711.0,15.376870190180407,12.0,17.0,30000.0,18000.0,36000.0,1.0,25.272511347485192,20.0,25.0,0.0,18000.0,33982.15348867829,36000.0,1.0,25.760337157178377,20.0,26.0,1.0,722.0,15.066429379047577,12.0,17.0,1.0,24879.797833006283,18000.0,36000.0,1.0,20.0,23.154108493850437,25.0,1.0,28943.678027191432,18000.0,36000.0,1.0,23.651946071397568,20.0,26.0,1.0,0.0,91121.0,7.0,0.0
11.0,22.0,11.0,21.0,-121.0,11.0,12.0,-111.0,10.012269451034074,9.0,11.0,30000.0,10000.0,19000.0,0.0,24.689480269876533,16.5,19.0,0.0,10000.0,36510.64307062235,25000.0,0.0,25.993975756098465,17.0,20.0,0.0,121.0,9.993040899263216,9.0,11.0,1.0,13421.263851574982,10000.0,19000.0,1.0,16.5,17.150014120436786,19.0,1.0,19951.56998051339,10000.0,25000.0,1.0,18.458449366608754,17.0,20.0,1.0,0.0,111.0,1.0,45.0
11.0,22.0,11.0,22.0,-121.0,21.0,13.0,-111.0,10.000070774212547,9.0,11.0,30000.0,10000.0,19000.0,0.0,27.477231528571046,16.5,19.0,0.0,10000.0,36558.694553551264,25000.0,0.0,28.791256324780306,17.0,20.0,0.0,121.0,9.990824040088745,9.0,11.0,1.0,13775.795637238376,10000.0,19000.0,1.0,16.5,17.305909476180645,19.0,1.0,20328.562238149723,10000.0,25000.0,1.0,18.618746615807332,17.0,20.0,1.0,0.0,211.0,1.0,47.0
91.0,24.0,91.0,24.0,-721.0,911.0,12.0,-711.0,15.094224086476553,12.0,17.0,30000.0,18000.0,36000.0,1.0,24.404280786588963,20.0,25.0,1.0,18000.0,34039.567071594014,36000.0,1.0,24.89938791317067,20.0,26.0,1.0,722.0,15.14484615826503,12.0,17.0,1.0,26803.571784454965,18000.0,36000.0,1.0,20.0,23.356413455655076,25.0,1.0,30842.153916669165,18000.0,36000.0,1.0,23.85139986372969,20.0,26.0,1.0,1.0,91121.0,7.0,32.0
11.0,22.0,11.0,21.0,-121.0,11.0,12.0,-111.0,10.208891080692052,9.0,11.0,30000.0,10000.0,19000.0,0.0,24.58667101399194,16.5,19.0,0.0,10000.0,36905.63608390659,25000.0,0.0,25.886484162254163,17.0,20.0,0.0,122.0,10.23114950464824,9.0,11.0,1.0,13595.198322418866,10000.0,19000.0,1.0,16.5,17.270664407984476,19.0,1.0,20632.61482490396,10000.0,25000.0,1.0,18.595281921647747,17.0,20.0,1.0,0.0,111.0,1.0,45.0
11.0,21.0,11.0,22.0,-121.0,21.0,13.0,-111.0,10.185805558565173,9.0,11.0,30000.0,10000.0,19000.0,0.0,26.662923802241934,16.5,19.0,0.0,10000.0,37084.075268854926,25000.0,0.0,27.994837485852887,17.0,20.0,0.0,122.0,10.208241986066591,9.0,11.0,1.0,14242.901571825332,10000.0,19000.0,1.0,16.5,17.412011396171167,19.0,1.0,21204.73319503291,10000.0,25000.0,1.0,18.720941418797032,17.0,20.0,1.0,0.0,211.0,1.0,52.0
11.0,21.0,11.0,21.0,-121.0,11.0,11.0,-111.0,10.183983902478975,9.0,11.0,30000.0,10000.0,19000.0,0.0,26.283275887389404,16.5,19.0,0.0,10000.0,37029.24849291749,25000.0,0.0,27.610128835491683,17.0,20.0,0.0,122.0,10.206921270744454,9.0,11.0,1.0,14054.60186167439,10000.0,19000.0,1.0,16.5,17.3124539399668,19.0,1.0,20950.852147360998,10000.0,25000.0,1.0,18.61420191937514,17.0,20.0,1.0,0.0,111.0,1.0,18.0
11.0,22.0,11.0,22.0,-121.0,21.0,13.0,-111.0,9.983595240939602,9.0,11.0,30000.0,10000.0,19000.0,0.0,27.237767431094632,16.5,19.0,0.0,10000.0,36456.450184065456,25000.0,0.0,28.530974508929,17.0,20.0,0.0,121.0,9.993996801912338,9.0,11.0,1.0,15709.146553095554,10000.0,19000.0,1.0,16.5,17.686020241975694,19.0,1.0,22198.22991311858,10000.0,25000.0,1.0,18.9857636444029,17.0,20.0,1.0,0.0,211.0,1.0,13.0
11.0,21.0,11.0,21.0,-121.0,21.0,13.0,-111.0,10.213750356942398,9.0,11.0,30000.0,10000.0,19000.0,0.0,26.845190222901476,16.5,19.0,0.0,10000.0,36882.097156139745,25000.0,0.0,28.134720674150252,17.0,20.0,0.0,122.0,10.21555162817976,9.0,11.0,1.0,11319.295933397634,10000.0,19000.0,1.0,16.5,16.82456060608645,19.0,1.0,18430.90397321205,10000.0,25000.0,1.0,18.157095575678515,17.0,20.0,1.0,0.0,211.0,1.0,34.0
11.0,21.0,11.0,22.0,-121.0,11.0,12.0,-111.0,10.011241694353478,9.0,11.0,30000.0,10000.0,19000.0,0.0,24.773829811251286,16.5,19.0,0.0,10000.0,36461.19116181405,25000.0,0.0,26.06326532552183,17.0,20.0,0.0,121.0,9.994327332384888,9.0,11.0,1.0,13598.42336356461,10000.0,19000.0,1.0,16.5,17.212104013105527,19.0,1.0,20083.14435352181,10000.0,25000.0,1.0,18.50623528629925,17.0,20.0,1.0,0.0,111.0,1.0,7.0
11.0,22.0,11.0,22.0,-121.0,21.0,13.0,-111.0,9.997527503329017,9.0,11.0,30000.0,10000.0,19000.0,0.0,24.564995387405805,16.5,19.0,0.0,10000.0,36519.71727565855,25000.0,0.0,25.864276196357338,17.0,20.0,0.0,121.0,9.985651943050884,9.0,11.0,1.0,15432.077481162429,10000.0,19000.0,1.0,16.5,17.649774957393696,19.0,1.0,21915.176145539626,10000.0,25000.0,1.0,18.94175823228406,17.0,20.0,1.0,0.0,211.0,1.0,31.0
11.0,22.0,11.0,22.0,-121.0,11.0,11.0,-111.0,10.191301357505635,9.0,11.0,30000.0,10000.0,19000.0,0.0,24.128204655427805,16.5,19.0,0.0,10000.0,36797.440911726124,25000.0,0.0,25.411192277392107,17.0,20.0,0.0,122.0,10.184161468665604,9.0,11.0,1.0,16374.778484018623,10000.0,19000.0,1.0,16.5,17.78998475228326,19.0,1.0,23528.607825670308,10000.0,25000.0,1.0,19.140239151575045,17.0,20.0,1.0,0.0,111.0,1.0,30.0
11.0,22.0,11.0,22.0,-121.0,21.0,13.0,-111.0,10.20727631286555,9.0,11.0,30000.0,10000.0,19000.0,0.0,24.987415747300084,16.5,19.0,0.0,10000.0,36811.102498715656,25000.0,0.0,26.276993695494564,17.0,20.0,0.0,122.0,10.193696500804156,9.0,11.0,1.0,12612.5874370164,10000.0,19000.0,1.0,16.5,17.09785277662573,19.0,1.0,19704.464665313993,10000.0,25000.0,1.0,18.44059111988803,17.0,20.0,1.0,0.0,211.0,1.0,21.0
11.0,21.0,11.0,21.0,-121.0,21.0,12.0,-111.0,9.998499521884668,9.0,11.0,30000.0,10000.0,19000.0,0.0,24.991050101631586,16.5,19.0,0.0,10000.0,36550.0587913368,25000.0,0.0,26.2968581011533,17.0,20.0,0.0,121.0,10.000645941714867,9.0,11.0,1.0,13539.358495740955,10000.0,19000.0,1.0,16.5,17.157495211201976,19.0,1.0,19966.4997140979,10000.0,25000.0,1.0,18.438798583331465,17.0,20.0,1.0,0.0,211.0,1.0,6.0
91.0,24.0,91.0,24.0,-721.0,911.0,12.0,-711.0,15.468699863951608,12.0,17.0,30000.0,18000.0,36000.0,1.0,24.322436608301757,20.0,25.0,1.0,18000.0,34495.37637635703,36000.0,1.0,24.88246745511025,20.0,26.0,1.0,721.0,15.3686372580252,12.0,17.0,1.0,26231.992631746005,18000.0,36000.0,1.0,20.0,23.72518224945755,25.0,1.0,30760.36152125927,18000.0,36000.0,1.0,24.289323280494084,20.0,26.0,1.0,1.0,91121.0,7.0,1.0
11.0,22.0,11.0,21.0,-121.0,21.0,13.0,-111.0,9.988189898613866,9.0,11.0,30000.0,10000.0,19000.0,0.0,24.833757307723303,16.5,19.0,0.0,10000.0,36579.061738173514,25000.0,0.0,26.149567530092398,17.0,20.0,0.0,121.0,10.002022014333091,9.0,11.0,1.0,14797.163833646637,10000.0,19000.0,1.0,16.5,17.42590752486846,19.0,1.0,21287.67692193024,10000.0,25000.0,1.0,18.724008045863865,17.0,20.0,1.0,0.0,211.0,1.0,2.0
11.0,22.0,11.0,22.0,-121.0,21.0,13.0,-111.0,9.999468812847098,9.0,11.0,30000.0,10000.0,19000.0,0.0,26.625510833574534,16.5,19.0,0.0,10000.0,36496.965856245195,25000.0,0.0,27.925864556452854,17.0,20.0,0.0,121.0,9.995931461993884,9.0,11.0,1.0,14296.25860594055,10000.0,19000.0,1.0,16.5,17.351041555358186,19.0,1.0,20847.66703117908,10000.0,25000.0,1.0,18.662291841161412,17.0,20.0,1.0,0.0,211.0,1.0,31.0
11.0,21.0,11.0,22.0,-121.0,21.0,13.0,-111.0,10.200268219185487,9.0,11.0,30000.0,10000.0,19000.0,0.0,27.75529444203368,16.5,19.0,0.0,10000.0,37036.04364727698,25000.0,0.0,29.08217513142315,17.0,20.0,0.0,122.0,10.198534929191087,9.0,11.0,1.0,14074.70344241723,10000.0,19000.0,1.0,16.5,17.364835207124315,19.0,1.0,21083.970841463313,10000.0,25000.0,1.0,18.6866663418929,17.0,20.0,1.0,0.0,211.0,1.0,59.0
11.0,22.0,11.0,22.0,-121.0,21.0,13.0,-111.0,10.204415486263079,9.0,11.0,30000.0,10000.0,19000.0,0.0,26.892872873826867,16.5,19.0,0.0,10000.0,37082.264055634005,25000.0,0.0,28.237214927108358,17.0,20.0,0.0,122.0,10.20075081098854,9.0,11.0,1.0,14322.665451462994,10000.0,19000.0,1.0,16.5,17.483264669886125,19.0,1.0,21307.802348891077,10000.0,25000.0,1.0,18.80917022852886,17.0,20.0,1.0,0.0,211.0,1.0,13.0
11.0,22.0,11.0,22.0,-121.0,11.0,11.0,-111.0,9.995683208693213,9.0,11.0,30000.0,10000.0,19000.0,0.0,23.998517601795353,16.5,19.0,0.0,10000.0,36485.198873448906,25000.0,0.0,25.29328448036005,17.0,20.0,0.0,121.0,10.00326454262205,9.0,11.0,1.0,15745.207698481789,10000.0,19000.0,1.0,16.5,17.715436080533777,19.0,1.0,22168.227821486234,10000.0,25000.0,1.0,18.997789001069272,17.0,20.0,1.0,0.0,111.0,1.0,57.0
91.0,24.0,91.0,24.0,-721.0,911.0,11.0,-711.0,15.720572849075486,12.0,17.0,30000.0,18000.0,36000.0,1.0,25.29808756699859,20.0,25.0,0.0,18000.0,34440.031176483564,36000.0,1.0,25.85169346807406,20.0,26.0,1.0,721.0,15.833574666649245,12.0,17.0,1.0,22545.299334797688,18000.0,36000.0,1.0,20.0,23.61395945460419,25.0,1.0,27083.66379284775,18000.0,36000.0,1.0,24.179826054486384,20.0,26.0,1.0,0.0,91121.0,7.0,0.0
11.0,22.0,11.0,22.0,-121.0,21.0,13.0,-111.0,10.183630671817113,9.0,11.0,30000.0,10000.0,19000.0,0.0,27.28176052178651,16.5,19.0,0.0,10000.0,36996.83482111862,25000.0,0.0,28.597660909635067,17.0,20.0,0.0,122.0,10.228824828829884,9.0,11.0,1.0,13504.008602122758,10000.0,19000.0,1.0,16.5,17.291753768913907,19.0,1.0,20466.709837084938,10000.0,25000.0,1.0,18.60123462558726,17.0,20.0,1.0,0.0,211.0,1.0,8.0
11.0,22.0,11.0,22.0,-121.0,21.0,13.0,-111.0,10.209309820230457,9.0,11.0,30000.0,10000.0,19000.0,0.0,26.572359036982277,16.5,19.0,0.0,10000.0,36951.64792850508,25000.0,0.0,27.882868913089894,17.0,20.0,0.0,122.0,10.191959760943355,9.0,11.0,1.0,12603.697118873126,10000.0,19000.0,1.0,16.5,17.08919060120799,19.0,1.0,19593.896104000436,10000.0,25000.0,1.0,18.406968040482987,17.0,20.0,1.0,0.0,211.0,1.0,31.0
91.0,24.0,91.0,24.0,-721.0,911.0,12.0,-711.0,15.17370728370774,12.0,17.0,30000.0,18000.0,36000.0,1.0,23.97397906287233,20.0,25.0,1.0,18000.0,34049.04924518112,36000.0,1.0,24.467298970528635,20.0,26.0,1.0,722.0,15.447772444938344,12.0,17.0,1.0,26817.718879370717,18000.0,36000.0,1.0,20.0,23.8522699971176,25.0,1.0,30855.22939215489,18000.0,36000.0,1.0,24.344184071933686,20.0,26.0,1.0,1.0,91121.0,7.0,1.0
11.0,22.0,11.0,21.0,-121.0,11.0,12.0,-111.0,9.999355574005575,9.0,11.0,30000.0,10000.0,19000.0,0.0,23.517461627257198,16.5,19.0,0.0,10000.0,36555.777048305026,25000.0,0.0,24.83128772456646,17.0,20.0,0.0,121.0,10.003466694571756,9.0,11.0,1.0,13021.705767397727,10000.0,19000.0,1.0,16.5,17.102000872349116,19.0,1.0,19624.829418963112,10000.0,25000.0,1.0,18.42531557833498,17.0,20.0,1.0,0.0,111.0,1.0,45.0
11.0,22.0,11.0,21.0,-121.0,21.0,12.0,-111.0,10.218943392352728,9.0,11.0,30000.0,10000.0,19000.0,0.0,24.24963958573909,16.5,19.0,0.0,10000.0,37028.137221961304,25000.0,0.0,25.574793663246158,17.0,20.0,0.0,122.0,10.189097161933429,9.0,11.0,1.0,14883.52253965606,10000.0,19000.0,1.0,16.5,17.469751926951275,19.0,1.0,21839.72178606747,10000.0,25000.0,1.0,18.781342111407184,17.0,20.0,1.0,0.0,211.0,1.0,53.0
11.0,22.0,11.0,22.0,-121.0,21.0,13.0,-111.0,10.21239500781464,9.0,11.0,30000.0,10000.0,19000.0,0.0,24.891492874508863,16.5,19.0,0.0,10000.0,36975.84094965212,25000.0,0.0,26.206572760945996,17.0,20.0,0.0,122.0,10.216894380810736,9.0,11.0,1.0,14925.283295536674,10000.0,19000.0,1.0,16.5,17.56656095321403,19.0,1.0,21967.255395851782,10000.0,25000.0,1.0,18.894107830617774,17.0,20.0,1.0,0.0,211.0,1.0,28.0
91.0,21.0,91.0,24.0,-721.0,911.0,12.0,-711.0,15.150263021987948,12.0,17.0,30000.0,18000.0,36000.0,1.0,25.330965596789298,20.0,25.0,0.0,18000.0,34002.74719457165,36000.0,1.0,25.81978234801285,20.0,26.0,1.0,722.0,14.93985462438593,12.0,17.0,1.0,25864.590099813355,18000.0,36000.0,1.0,20.0,23.084085394688522,25.0,1.0,29925.4622634366,18000.0,36000.0,1.0,23.580000385484958,20.0,26.0,1.0,0.0,91121.0,7.0,19.0
81.0,23.0,81.0,23.0,-721.0,912.0,12.0,-711.0,15.298303069144811,12.0,17.0,30000.0,12500.0,23000.0,0.0,26.389743442783352,20.0,24.0,0.0,12500.0,34002.259843176376,26000.0,0.0,26.8764272858752,20.0,25.0,0.0,722.0,15.11000709633982,12.0,17.0,1.0,17335.90426356603,12500.0,23000.0,1.0,20.0,21.7697178295153,24.0,1.0,21363.282431675536,12500.0,26000.0,1.0,22.25945611769305,20.0,25.0,1.0,0.0,912.0,7.0,5.0
11.0,21.0,11.0,22.0,-121.0,11.0,12.0,-111.0,10.2129022406764,9.0,11.0,30000.0,10000.0,19000.0,0.0,24.549386376891427,16.5,19.0,0.0,10000.0,36843.65149549059,25000.0,0.0,25.845053532664302,17.0,20.0,0.0,122.0,10.181695115814259,9.0,11.0,1.0,17419.676883587523,10000.0,19000.0,1.0,16.5,18.014553721806113,19.0,1.0,24545.155363606304,10000.0,25000.0,1.0,19.36357747642162,17.0,20.0,1.0,0.0,111.0,1.0,7.0
11.0,21.0,11.0,22.0,-121.0,11.0,11.0,-111.0,10.211819950984893,9.0,11.0,30000.0,10000.0,19000.0,0.0,25.940051338398632,16.5,19.0,0.0,10000.0,36999.6584034803,25000.0,0.0,27.25557375075168,17.0,20.0,0.0,122.0,10.20519596947701,9.0,11.0,1.0,18694.190921389592,10000.0,19000.0,1.0,16.5,18.23324395590577,19.0,1.0,25636.26428293433,10000.0,25000.0,0.0,19.537943781081584,17.0,20.0,1.0,0.0,111.0,1.0,29.0
91.0,24.0,91.0,24.0,-721.0,911.0,12.0,-711.0,15.148659273185144,12.0,17.0,30000.0,18000.0,36000.0,1.0,24.813765950212392,20.0,25.0,1.0,18000.0,34479.927383210226,36000.0,1.0,25.375173166761257,20.0,26.0,1.0,721.0,15.408869042667504,12.0,17.0,1.0,26466.17053780683,18000.0,36000.0,1.0,20.0,23.85029939197942,25.0,1.0,30964.335988108323,18000.0,36000.0,1.0,24.41399213273551,20.0,26.0,1.0,1.0,91121.0,7.0,13.0
11.0,22.0,11.0,22.0,-121.0,11.0,11.0,-111.0,9.992153883481237,9.0,11.0,30000.0,10000.0,19000.0,0.0,22.974084236248505,16.5,19.0,0.0,10000.0,36536.13882862206,25000.0,0.0,24.284926347580438,17.0,20.0,0.0,121.0,10.001800179398073,9.0,11.0,1.0,13011.951470115146,10000.0,19000.0,1.0,16.5,17.159537955440392,19.0,1.0,19533.794814558165,10000.0,25000.0,1.0,18.467513064838137,17.0,20.0,1.0,0.0,111.0,1.0,15.0
81.0,23.0,81.0,23.0,-721.0,912.0,11.0,-711.0,15.352762540542221,12.0,17.0,30000.0,12500.0,23000.0,0.0,26.448957803802365,20.0,24.0,0.0,12500.0,34576.41789257616,26000.0,0.0,27.02263685287307,20.0,25.0,0.0,721.0,15.578836956172433,12.0,17.0,1.0,18762.17325561279,12500.0,23000.0,1.0,20.0,22.571940541131454,24.0,1.0,23232.968554273335,12500.0,26000.0,1.0,23.1323792195323,20.0,25.0,1.0,0.0,912.0,7.0,17.0
11.0,22.0,11.0,22.0,-121.0,21.0,13.0,-111.0,10.00080181840523,9.0,11.0,30000.0,10000.0,19000.0,0.0,25.976715757505374,16.5,19.0,0.0,10000.0,36524.461481515755,25000.0,0.0,27.27641892097227,17.0,20.0,0.0,121.0,10.00823999036596,9.0,11.0,1.0,15276.14536925749,10000.0,19000.0,1.0,16.5,17.597383760011077,19.0,1.0,21741.74100517766,10000.0,25000.0,1.0,18.885360572428542,17.0,20.0,1.0,0.0,211.0,1.0,36.0
11.0,21.0,11.0,22.0,-121.0,11.0,11.0,-111.0,10.19357543125781,9.0,11.0,30000.0,10000.0,19000.0,0.0,25.47462931032737,16.5,19.0,0.0,10000.0,36904.709968713876,25000.0,0.0,26.77349616693514,17.0,20.0,0.0,122.0,10.202517229369489,9.0,11.0,1.0,17218.538731949873,10000.0,19000.0,1.0,16.5,17.98690630453534,19.0,1.0,24376.707016783952,10000.0,25000.0,1.0,19.333452007587322,17.0,20.0,1.0,0.0,111.0,1.0,43.0
11.0,22.0,11.0,21.0,-121.0,11.0,11.0,-111.0,10.176658741501974,9.0,11.0,30000.0,10000.0,19000.0,0.0,23.92204247764836,16.5,19.0,0.0,10000.0,36727.28217561517,25000.0,0.0,25.192303825755733,17.0,20.0,0.0,122.0,10.199515482803827,9.0,11.0,1.0,15150.58803602335,10000.0,19000.0,1.0,16.5,17.518431479697483,19.0,1.0,22163.86857897441,10000.0,25000.0,1.0,18.84269571666322,17.0,20.0,1.0,0.0,111.0,1.0,12.0
11.0,22.0,11.0,22.0,-121.0,21.0,13.0,-111.0,10.224354173449875,9.0,11.0,30000.0,10000.0,19000.0,0.0,26.116205797043563,16.5,19.0,0.0,10000.0,36936.13128840227,25000.0,0.0,27.432581776687385,17.0,20.0,0.0,122.0,10.16659717760878,9.0,11.0,1.0,14897.148009507173,10000.0,19000.0,1.0,16.5,17.490891410851017,19.0,1.0,21803.373772571354,10000.0,25000.0,1.0,18.80159176043871,17.0,20.0,1.0,0.0,211.0,1.0,5.0
91.0,24.0,91.0,24.0,-721.0,911.0,12.0,-711.0,14.723029904171131,12.0,17.0,30000.0,18000.0,36000.0,1.0,24.327024165816333,20.0,25.0,1.0,18000.0,34443.90401026161,36000.0,1.0,24.884582427420685,20.0,26.0,1.0,721.0,14.107342534554789,12.0,17.0,1.0,23305.395053881522,18000.0,36000.0,1.0,20.0,22.038598966505237,25.0,1.0,27768.03244841821,18000.0,36000.0,1.0,22.598507628376172,20.0,26.0,1.0,1.0,91121.0,7.0,24.0
11.0,22.0,11.0,22.0,-121.0,21.0,13.0,-111.0,9.988202441051603,9.0,11.0,30000.0,10000.0,19000.0,0.0,25.906602266088164,16.5,19.0,0.0,10000.0,36411.605797030476,25000.0,0.0,27.191688482231523,17.0,20.0,0.0,121.0,10.001188546815753,9.0,11.0,1.0,13927.139295180357,10000.0,19000.0,1.0,16.5,17.309967248372743,19.0,1.0,20449.570740671454,10000.0,25000.0,1.0,18.617266388663413,17.0,20.0,1.0,0.0,211.0,1.0,13.0
92.0,24.0,92.0,24.0,-721.0,921.0,13.0,-711.0,15.367996632781173,12.0,17.0,30000.0,15000.0,28000.0,0.0,25.355285673715272,19.5,25.0,0.0,15000.0,34033.70384355361,28000.0,0.0,25.84929870247885,20.0,26.0,1.0,722.0,15.004846262264875,12.0,17.0,1.0,19966.193067539254,15000.0,28000.0,1.0,19.5,21.5410267006301,25.0,1.0,23976.188202804264,15000.0,28000.0,1.0,22.032136092626086,20.0,26.0,1.0,0.0,92122.0,7.0,25.0
11.0,22.0,11.0,22.0,-121.0,21.0,13.0,-111.0,10.212971471887407,9.0,11.0,30000.0,10000.0,19000.0,0.0,25.98641809425174,16.5,19.0,0.0,10000.0,37101.36138444805,25000.0,0.0,27.32710282136882,17.0,20.0,0.0,122.0,10.218966443048187,9.0,11.0,1.0,15024.509055964532,10000.0,19000.0,1.0,16.5,17.564554276192375,19.0,1.0,22116.367108110007,10000.0,25000.0,1.0,18.903444844163758,17.0,20.0,1.0,0.0,211.0,1.0,8.0
11.0,22.0,11.0,22.0,-121.0,21.0,12.0,-111.0,10.179129669710331,9.0,11.0,30000.0,10000.0,19000.0,0.0,24.17471590559647,16.5,19.0,0.0,10000.0,36920.85566438479,25000.0,0.0,25.484147287154002,17.0,20.0,0.0,122.0,10.192351915416927,9.0,11.0,1.0,16580.23303762493,10000.0,19000.0,1.0,16.5,17.852025738655378,19.0,1.0,23607.118906663534,10000.0,25000.0,1.0,19.181518119040142,17.0,20.0,1.0,0.0,211.0,1.0,25.0
11.0,22.0,11.0,21.0,-121.0,21.0,13.0,-111.0,10.189145092455623,9.0,11.0,30000.0,10000.0,19000.0,0.0,25.34326859847007,16.5,19.0,0.0,10000.0,36999.543950487074,25000.0,0.0,26.659053601788344,17.0,20.0,0.0,122.0,10.19825587052612,9.0,11.0,1.0,10857.419963743027,10000.0,19000.0,1.0,16.5,16.741605234183158,19.0,1.0,17867.031188233785,10000.0,25000.0,1.0,18.05928269910351,17.0,20.0,1.0,0.0,211.0,1.0,33.0
11.0,22.0,11.0,21.0,-121.0,11.0,11.0,-111.0,10.01799460618334,9.0,11.0,30000.0,10000.0,19000.0,0.0,24.895687769078158,16.5,19.0,0.0,10000.0,36460.08462279137,25000.0,0.0,26.182172648955795,17.0,20.0,0.0,121.0,10.005676421752273,9.0,11.0,1.0,14307.36454742339,10000.0,19000.0,1.0,16.5,17.334331327895445,19.0,1.0,20841.363947203492,10000.0,25000.0,1.0,18.635535866809754,17.0,20.0,1.0,0.0,111.0,1.0,0.0
11.0,22.0,11.0,21.0,-121.0,11.0,12.0,-111.0,10.001081343504811,9.0,11.0,30000.0,10000.0,19000.0,0.0,23.942057193465274,16.5,19.0,0.0,10000.0,36538.79522793811,25000.0,0.0,25.251930066035406,17.0,20.0,0.0,121.0,9.99118824422463,9.0,11.0,1.0,13744.314752204957,10000.0,19000.0,1.0,16.5,17.221172010930268,19.0,1.0,20149.50052697367,10000.0,25000.0,1.0,18.504279800312325,17.0,20.0,1.0,0.0,111.0,1.0,46.0
11.0,22.0,11.0,22.0,-121.0,21.0,13.0,-111.0,10.182884773741767,9.0,11.0,30000.0,10000.0,19000.0,0.0,24.574921874460237,16.5,19.0,0.0,10000.0,37001.60590106063,25000.0,0.0,25.898331421894135,17.0,20.0,0.0,122.0,10.212336833897385,9.0,11.0,1.0,13232.12278526098,10000.0,19000.0,1.0,16.5,17.26971927269838,19.0,1.0,20140.353920862486,10000.0,25000.0,1.0,18.57547957539554,17.0,20.0,1.0,0.0,211.0,1.0,5.0
91.0,24.0,91.0,24.0,-721.0,911.0,12.0,-711.0,15.10899519988338,12.0,17.0,30000.0,18000.0,36000.0,1.0,24.679557093776758,20.0,25.0,1.0,18000.0,33991.50255035352,36000.0,1.0,25.165376700398838,20.0,26.0,1.0,722.0,15.454004968720602,12.0,17.0,1.0,26779.32617830239,18000.0,36000.0,1.0,20.0,23.75603251565257,25.0,1.0,30780.830032481448,18000.0,36000.0,1.0,24.243069415619434,20.0,26.0,1.0,1.0,91121.0,7.0,8.0
11.0,22.0,11.0,22.0,-121.0,21.0,12.0,-111.0,9.98302250973523,9.0,11.0,30000.0,10000.0,19000.0,0.0,24.822990438220994,16.5,19.0,0.0,10000.0,36452.2113212513,25000.0,0.0,26.118168193266992,17.0,20.0,0.0,121.0,10.000195941940703,9.0,11.0,1.0,15532.624816204157,10000.0,19000.0,1.0,16.5,17.704402667335135,19.0,1.0,21960.9322137779,10000.0,25000.0,1.0,18.994782093767263,17.0,20.0,1.0,0.0,211.0,1.0,23.0
11.0,22.0,11.0,22.0,-121.0,11.0,12.0,-111.0,10.17694885406151,9.0,11.0,30000.0,10000.0,19000.0,0.0,24.129539622322525,16.5,19.0,0.0,10000.0,37072.60602896831,25000.0,0.0,25.470133238455873,17.0,20.0,0.0,122.0,10.189136015771307,9.0,11.0,1.0,17052.908340921687,10000.0,19000.0,1.0,16.5,17.960555018659903,19.0,1.0,24149.06014404104,10000.0,25000.0,1.0,19.305611673506917,17.0,20.0,1.0,0.0,111.0,1.0,40.0
81.0,23.0,81.0,23.0,-721.0,912.0,11.0,-711.0,15.460591739541446,12.0,17.0,30000.0,12500.0,23000.0,0.0,26.617955935320325,20.0,24.0,0.0,12500.0,34043.54059284205,26000.0,0.0,27.11138605083172,20.0,25.0,0.0,722.0,15.35179356339231,12.0,17.0,1.0,15587.50187335447,12500.0,23000.0,1.0,20.0,21.807619386625987,24.0,1.0,19560.92236246543,12500.0,26000.0,1.0,22.292492800383243,20.0,25.0,1.0,0.0,912.0,7.0,17.0
11.0,22.0,11.0,22.0,-121.0,21.0,13.0,-111.0,9.991583117863964,9.0,11.0,30000.0,10000.0,19000.0,0.0,25.26398604486691,16.5,19.0,0.0,10000.0,36543.91128698551,25000.0,0.0,26.572148340486155,17.0,20.0,0.0,121.0,9.981860821247729,9.0,11.0,1.0,12917.787374801857,10000.0,19000.0,1.0,16.5,17.09023607324374,19.0,1.0,19414.264839153846,10000.0,25000.0,1.0,18.388916098155914,17.0,20.0,1.0,0.0,211.0,1.0,47.0
11.0,22.0,11.0,22.0,-121.0,21.0,13.0,-111.0,9.996629208997886,9.0,11.0,30000.0,10000.0,19000.0,0.0,25.404832041558393,16.5,19.0,0.0,10000.0,36576.338607378675,25000.0,0.0,26.717613671113888,17.0,20.0,0.0,121.0,10.007551471431881,9.0,11.0,1.0,13377.322263058486,10000.0,19000.0,1.0,16.5,17.1918129178702,19.0,1.0,19982.966204394703,10000.0,25000.0,1.0,18.510444535749638,17.0,20.0,1.0,0.0,211.0,1.0,3.0
11.0,22.0,11.0,22.0,-121.0,21.0,12.0,-111.0,10.194093571496646,9.0,11.0,30000.0,10000.0,19000.0,0.0,24.097513931111948,16.5,19.0,0.0,10000.0,36972.25765867731,25000.0,0.0,25.40794688544818,17.0,20.0,0.0,122.0,10.18131637177131,9.0,11.0,1.0,14072.876054912591,10000.0,19000.0,1.0,16.5,17.364889646333026,19.0,1.0,21013.097438989626,10000.0,25000.0,1.0,18.669301396057275,17.0,20.0,1.0,0.0,211.0,1.0,48.0
11.0,22.0,11.0,22.0,-121.0,21.0,13.0,-111.0,10.175955790702638,9.0,11.0,30000.0,10000.0,19000.0,0.0,25.440294197921993,16.5,19.0,0.0,10000.0,37126.188052767335,25000.0,0.0,26.793524218474023,17.0,20.0,0.0,122.0,10.216790458420975,9.0,11.0,1.0,14037.861663213323,10000.0,19000.0,1.0,16.5,17.42393624806136,19.0,1.0,21010.12266398158,10000.0,25000.0,1.0,18.747936236203657,17.0,20.0,1.0,0.0,211.0,1.0,19.0
11.0,22.0,11.0,22.0,-121.0,11.0,11.0,-111.0,10.19949184356084,9.0,11.0,30000.0,10000.0,19000.0,0.0,24.391115310674536,16.5,19.0,0.0,10000.0,37105.60712630406,25000.0,0.0,25.734573693792587,17.0,20.0,0.0,122.0,10.253981185627813,9.0,11.0,1.0,13679.846174665836,10000.0,19000.0,1.0,16.5,17.3814630721742,19.0,1.0,20540.613574508938,10000.0,25000.0,1.0,18.678629565354143,17.0,20.0,1.0,0.0,111.0,1.0,15.0
11.0,22.0,11.0,21.0,-121.0,11.0,11.0,-111.0,10.009029092807536,9.0,11.0,30000.0,10000.0,19000.0,0.0,24.99580046580737,16.5,19.0,0.0,10000.0,36417.36244417318,25000.0,0.0,26.276401534025165,17.0,20.0,0.0,121.0,10.004066038442337,9.0,11.0,1.0,13599.49729838484,10000.0,19000.0,1.0,16.5,17.220768860822538,19.0,1.0,20121.19944421405,10000.0,25000.0,1.0,18.522191183030678,17.0,20.0,1.0,0.0,111.0,1.0,1.0
11.0,22.0,11.0,22.0,-121.0,21.0,13.0,-111.0,10.214838723416893,9.0,11.0,30000.0,10000.0,19000.0,0.0,25.141094538726996,16.5,19.0,0.0,10000.0,37086.755888702675,25000.0,0.0,26.476199825107763,17.0,20.0,0.0,122.0,10.224202698500074,9.0,11.0,1.0,13999.785895357856,10000.0,19000.0,1.0,16.5,17.33848244417766,19.0,1.0,20957.566841978885,10000.0,25000.0,1.0,18.649289570767376,17.0,20.0,1.0,0.0,211.0,1.0,41.0
11.0,22.0,11.0,22.0,-121.0,11.0,11.0,-111.0,10.00508887867304,9.0,11.0,30000.0,10000.0,19000.0,0.0,25.3656484448572,16.5,19.0,0.0,10000.0,36546.1104463906,25000.0,0.0,26.674406067119044,17.0,20.0,0.0,121.0,9.992299947043033,9.0,11.0,1.0,10326.701457677971,10000.0,19000.0,1.0,16.5,16.60042812270481,19.0,1.0,16845.03676924492,10000.0,25000.0,1.0,17.903632688734632,17.0,20.0,1.0,0.0,111.0,1.0,50.0
11.0,22.0,11.0,22.0,-121.0,21.0,12.0,-111.0,9.990634064393857,9.0,11.0,30000.0,10000.0,19000.0,0.0,24.530149894198033,16.5,19.0,0.0,10000.0,36498.472892304235,25000.0,0.0,25.83419083592578,17.0,20.0,0.0,121.0,9.993489895029722,9.0,11.0,1.0,17824.015891022256,10000.0,19000.0,1.0,16.5,18.08703466744562,19.0,1.0,24238.951966587654,10000.0,25000.0,1.0,19.374312374029607,17.0,20.0,1.0,0.0,211.0,1.0,23.0
11.0,21.0,11.0,22.0,-121.0,21.0,13.0,-111.0,10.167803262183122,9.0,11.0,30000.0,10000.0,19000.0,0.0,28.009338669570198,16.5,19.0,0.0,10000.0,36929.443518380416,25000.0,0.0,29.314513618140282,17.0,20.0,0.0,122.0,10.187547898917904,9.0,11.0,1.0,14149.73261092732,10000.0,19000.0,1.0,16.5,17.434058251765276,19.0,1.0,21095.905751764636,10000.0,25000.0,1.0,18.74238425915731,17.0,20.0,1.0,0.0,211.0,1.0,9.0
11.0,22.0,11.0,21.0,-121.0,11.0,12.0,-111.0,10.001338164131663,9.0,11.0,30000.0,10000.0,19000.0,0.0,22.972851974551602,16.5,19.0,0.0,10000.0,36492.98461314186,25000.0,0.0,24.276174134747006,17.0,20.0,0.0,121.0,9.994888677704436,9.0,11.0,1.0,13567.663700442976,10000.0,19000.0,1.0,16.5,17.181841082341606,19.0,1.0,20123.79894398989,10000.0,25000.0,1.0,18.49783932617821,17.0,20.0,1.0,0.0,111.0,1.0,45.0
11.0,22.0,11.0,22.0,-121.0,11.0,12.0,-111.0,10.00670701521217,9.0,11.0,30000.0,10000.0,19000.0,0.0,23.39054740021508,16.5,19.0,0.0,10000.0,36449.38694202029,25000.0,0.0,24.681466053682673,17.0,20.0,0.0,121.0,9.999156478777582,9.0,11.0,1.0,15007.86592582811,10000.0,19000.0,1.0,16.5,17.497741547285262,19.0,1.0,21474.689975307076,10000.0,25000.0,1.0,18.792150437496794,17.0,20.0,1.0,0.0,111.0,1.0,42.0
81.0,23.0,81.0,23.0,-721.0,912.0,12.0,-711.0,15.288130714148737,12.0,17.0,30000.0,12500.0,23000.0,0.0,26.04003936462875,20.0,24.0,0.0,12500.0,34476.107925599674,26000.0,0.0,26.598229234684712,20.0,25.0,0.0,721.0,14.59514662974362,12.0,17.0,1.0,20150.397095374257,12500.0,23000.0,1.0,20.0,21.719097963280568,24.0,1.0,24645.423451930154,12500.0,26000.0,1.0,22.279647042875855,20.0,25.0,1.0,0.0,912.0,7.0,31.0
11.0,21.0,11.0,22.0,-121.0,21.0,12.0,-111.0,10.00082317518257,9.0,11.0,30000.0,10000.0,19000.0,0.0,24.530243081536575,16.5,19.0,0.0,10000.0,36460.36209388414,25000.0,0.0,25.830583456113718,17.0,20.0,0.0,121.0,10.00320187671806,9.0,11.0,1.0,16890.37221344056,10000.0,19000.0,1.0,16.5,17.89120524595129,19.0,1.0,23404.776016864125,10000.0,25000.0,1.0,19.20242312488563,17.0,20.0,1.0,0.0,211.0,1.0,37.0
91.0,24.0,91.0,24.0,-721.0,911.0,12.0,-711.0,15.211767586145166,12.0,17.0,30000.0,18000.0,36000.0,1.0,25.17466168079464,20.0,25.0,0.0,18000.0,34141.067694509235,36000.0,1.0,25.680354215038623,20.0,26.0,1.0,722.0,15.166852238250543,12.0,17.0,1.0,29689.960641406986,18000.0,36000.0,1.0,20.0,23.75593216715695,25.0,1.0,33666.605438614126,18000.0,36000.0,1.0,24.241545958970647,20.0,26.0,1.0,0.0,91121.0,7.0,24.0
91.0,24.0,91.0,24.0,-721.0,911.0,11.0,-711.0,15.156817277006516,12.0,17.0,30000.0,18000.0,36000.0,1.0,23.833637304108684,20.0,25.0,1.0,18000.0,33993.73422357056,36000.0,1.0,24.319771417611115,20.0,26.0,1.0,722.0,15.118943150951663,12.0,17.0,1.0,24619.39267633502,18000.0,36000.0,1.0,20.0,23.11517021906648,25.0,1.0,28646.75755607665,18000.0,36000.0,1.0,23.605397997372076,20.0,26.0,1.0,1.0,91121.0,7.0,0.0
81.0,23.0,81.0,23.0,-721.0,912.0,12.0,-711.0,15.479424671101189,12.0,17.0,30000.0,12500.0,23000.0,0.0,25.553349110547167,20.0,24.0,0.0,12500.0,33959.48358336537,26000.0,0.0,26.03504403063377,20.0,25.0,0.0,722.0,15.350376785133466,12.0,17.0,1.0,17698.68854632847,12500.0,23000.0,1.0,20.0,22.078922756213103,24.0,1.0,21728.215796500503,12500.0,26000.0,1.0,22.56913890836814,20.0,25.0,1.0,0.0,912.0,7.0,10.0
11.0,21.0,11.0,22.0,-121.0,21.0,12.0,-111.0,10.006491723756616,9.0,11.0,30000.0,10000.0,19000.0,0.0,24.392876555886772,16.5,19.0,0.0,10000.0,36454.83359878471,25000.0,0.0,25.68700637393819,17.0,20.0,0.0,121.0,9.993726208203443,9.0,11.0,1.0,15054.416916704093,10000.0,19000.0,1.0,16.5,17.531830450440353,19.0,1.0,21530.935477922703,10000.0,25000.0,1.0,18.830307887382258,17.0,20.0,1.0,0.0,211.0,1.0,37.0
11.0,22.0,11.0,21.0,-121.0,11.0,11.0,-111.0,10.190505603619652,9.0,11.0,30000.0,10000.0,19000.0,0.0,23.57664530000325,16.5,19.0,0.0,10000.0,37092.4978498137,25000.0,0.0,24.91708549088549,17.0,20.0,0.0,122.0,10.233625287539574,9.0,11.0,1.0,16081.481894447074,10000.0,19000.0,1.0,16.5,17.7479812860349,19.0,1.0,23089.156460421516,10000.0,25000.0,1.0,19.072390377410535,17.0,20.0,1.0,0.0,111.0,1.0,39.0
91.0,24.0,91.0,24.0,-721.0,911.0,12.0,-711.0,15.483358275879569,12.0,17.0,30000.0,18000.0,36000.0,1.0,24.731708575284305,20.0,25.0,1.0,18000.0,34046.48423513637,36000.0,1.0,25.224532034526487,20.0,26.0,1.0,722.0,15.103532205877622,12.0,17.0,1.0,25965.535260779965,18000.0,36000.0,1.0,20.0,23.308868543493052,25.0,1.0,30014.932199066847,18000.0,36000.0,1.0,23.802046742395383,20.0,26.0,1.0,1.0,91121.0,7.0,23.0
11.0,21.0,11.0,22.0,-121.0,21.0,13.0,-111.0,10.220365842370164,9.0,11.0,30000.0,10000.0,19000.0,0.0,27.44107894343862,16.5,19.0,0.0,10000.0,36839.724554075474,25000.0,0.0,28.73052792427346,17.0,20.0,0.0,122.0,10.186943263427636,9.0,11.0,1.0,12163.72901008135,10000.0,19000.0,1.0,16.5,17.039322760055285,19.0,1.0,19141.60014334703,10000.0,25000.0,1.0,18.35481562092276,17.0,20.0,1.0,0.0,211.0,1.0,24.0
11.0,22.0,11.0,22.0,-121.0,11.0,11.0,-111.0,9.989519540402767,9.0,11.0,30000.0,10000.0,19000.0,0.0,25.185096254954892,16.5,19.0,0.0,10000.0,36454.573892526474,25000.0,0.0,26.471346471755922,17.0,20.0,0.0,121.0,9.995457214869718,9.0,11.0,1.0,17733.42512205743,10000.0,19000.0,1.0,16.5,18.042958942683647,19.0,1.0,24243.419832725973,10000.0,25000.0,1.0,19.340253271851733,17.0,20.0,1.0,0.0,111.0,1.0,27.0
11.0,21.0,11.0,22.0,-121.0,11.0,11.0,-111.0,10.183592803400616,9.0,11.0,30000.0,10000.0,19000.0,0.0,25.868728171453654,16.5,19.0,0.0,10000.0,36830.51011778557,25000.0,0.0,27.159210143556948,17.0,20.0,0.0,122.0,10.203393695303552,9.0,11.0,1.0,15079.122739039667,10000.0,19000.0,1.0,16.5,17.557762111268932,19.0,1.0,22162.46720045385,10000.0,25000.0,1.0,18.896011842551985,17.0,20.0,1.0,0.0,111.0,1.0,29.0
11.0,22.0,11.0,22.0,-121.0,11.0,11.0,-111.0,10.011048325576878,9.0,11.0,30000.0,10000.0,19000.0,0.0,24.35038923028668,16.5,19.0,0.0,10000.0,36491.50701962463,25000.0,0.0,25.650628619813656,17.0,20.0,0.0,121.0,10.003746749384916,9.0,11.0,1.0,12198.869868041746,10000.0,19000.0,1.0,16.5,16.973992636520226,19.0,1.0,18723.63670991423,10000.0,25000.0,1.0,18.280893919940958,17.0,20.0,1.0,0.0,111.0,1.0,38.0
92.0,24.0,92.0,24.0,-721.0,921.0,13.0,-711.0,15.496201805315042,12.0,17.0,30000.0,15000.0,28000.0,0.0,25.053665385278634,19.5,25.0,0.0,15000.0,34571.59300330029,28000.0,0.0,25.622112079209845,20.0,26.0,1.0,721.0,15.354864023235278,12.0,17.0,1.0,21711.632313211878,15000.0,28000.0,1.0,19.5,22.190625102140967,25.0,1.0,26206.677396646344,15000.0,28000.0,1.0,22.74955357956786,20.0,26.0,1.0,0.0,92122.0,7.0,25.0
11.0,22.0,11.0,22.0,-121.0,21.0,13.0,-111.0,10.201444629887698,9.0,11.0,30000.0,10000.0,19000.0,0.0,25.438896603322224,16.5,19.0,0.0,10000.0,36870.189362977195,25000.0,0.0,26.739192570942667,17.0,20.0,0.0,122.0,10.213608348682259,9.0,11.0,1.0,14015.908733165994,10000.0,19000.0,1.0,16.5,17.367358514009865,19.0,1.0,21185.289956245593,10000.0,25000.0,1.0,18.724281446140562,17.0,20.0,1.0,0.0,211.0,1.0,47.0
11.0,22.0,11.0,21.0,-121.0,21.0,13.0,-111.0,10.209848221327281,9.0,11.0,30000.0,10000.0,19000.0,0.0,24.637394008485863,16.5,19.0,0.0,10000.0,37181.8775853686,25000.0,0.0,25.99179896655552,17.0,20.0,0.0,122.0,10.179954037600686,9.0,11.0,1.0,12636.283069178044,10000.0,19000.0,1.0,16.5,17.021801597502918,19.0,1.0,19843.8831882565,10000.0,25000.0,1.0,18.381057477462658,17.0,20.0,1.0,0.0,211.0,1.0,58.0
11.0,22.0,11.0,22.0,-121.0,21.0,13.0,-111.0,10.170398332340733,9.0,11.0,30000.0,10000.0,19000.0,0.0,25.579720182133443,16.5,19.0,0.0,10000.0,36999.04359963795,25000.0,0.0,26.897203927985945,17.0,20.0,0.0,122.0,10.201751276149494,9.0,11.0,1.0,13494.670789985768,10000.0,19000.0,1.0,16.5,17.252002209427754,19.0,1.0,20371.354439237355,10000.0,25000.0,1.0,18.546453201807243,17.0,20.0,1.0,0.0,211.0,1.0,36.0
11.0,22.0,11.0,21.0,-121.0,11.0,11.0,-111.0,10.013289468270694,9.0,11.0,30000.0,10000.0,19000.0,0.0,25.436363814153722,16.5,19.0,0.0,10000.0,36516.2454119277,25000.0,0.0,26.74234845246522,17.0,20.0,0.0,121.0,10.009036725813822,9.0,11.0,1.0,15681.429887002922,10000.0,19000.0,1.0,16.5,17.651403298497822,19.0,1.0,22245.44544120751,10000.0,25000.0,1.0,18.966962019435083,17.0,20.0,1.0,0.0,111.0,1.0,0.0
11.0,22.0,11.0,22.0,-121.0,21.0,13.0,-111.0,10.171482037414162,9.0,11.0,30000.0,10000.0,19000.0,0.0,25.874103710537042,16.5,19.0,0.0,10000.0,37012.56635939442,25000.0,0.0,27.201950548782783,17.0,20.0,0.0,122.0,10.204192221027562,9.0,11.0,1.0,15073.425814951148,10000.0,19000.0,1.0,16.5,17.59072778555992,19.0,1.0,22220.6906853798,10000.0,25000.0,1.0,18.944080121055407,17.0,20.0,1.0,0.0,211.0,1.0,22.0
11.0,22.0,11.0,21.0,-121.0,11.0,11.0,-111.0,10.00522026495405,9.0,11.0,30000.0,10000.0,19000.0,0.0,24.015961889106205,16.5,19.0,0.0,10000.0,36531.03598695428,25000.0,0.0,25.329939097158196,17.0,20.0,0.0,121.0,10.003876947199283,9.0,11.0,1.0,9660.813530251266,10000.0,19000.0,0.0,16.5,16.421964259730327,19.0,0.0,16150.801966638901,10000.0,25000.0,1.0,17.72768312316461,17.0,20.0,1.0,0.0,111.0,1.0,26.0
11.0,22.0,11.0,22.0,-121.0,21.0,13.0,-111.0,9.986420120905008,9.0,11.0,30000.0,10000.0,19000.0,0.0,25.0564155232368,16.5,19.0,0.0,10000.0,36467.932058239945,25000.0,0.0,26.346594058958463,17.0,20.0,0.0,121.0,10.011307325736313,9.0,11.0,1.0,12819.541581682799,10000.0,19000.0,1.0,16.5,17.109745784592214,19.0,1.0,19332.455805712525,10000.0,25000.0,1.0,18.40889705290749,17.0,20.0,1.0,0.0,211.0,1.0,3.0
92.0,24.0,92.0,24.0,-721.0,921.0,13.0,-711.0,15.27863728351444,12.0,17.0,30000.0,15000.0,28000.0,0.0,25.163824504952068,19.5,25.0,0.0,15000.0,34038.81918838856,28000.0,0.0,25.65762203892613,20.0,26.0,1.0,722.0,15.105813682132087,12.0,17.0,1.0,19541.148858612287,15000.0,28000.0,1.0,19.5,21.585391128353443,25.0,1.0,23538.56938741228,15000.0,28000.0,1.0,22.07412714432902,20.0,26.0,1.0,0.0,92122.0,7.0,22.0
91.0,24.0,91.0,24.0,-721.0,911.0,12.0,-711.0,15.016852889190648,12.0,17.0,30000.0,18000.0,36000.0,1.0,24.958244285810572,20.0,25.0,1.0,18000.0,33981.81460755805,36000.0,1.0,25.442084803942898,20.0,26.0,1.0,722.0,15.27938650709809,12.0,17.0,1.0,27947.60430490077,18000.0,36000.0,1.0,20.0,23.728983299320216,25.0,1.0,31933.911011096574,18000.0,36000.0,1.0,24.213369663893573,20.0,26.0,1.0,1.0,91121.0,7.0,23.0
11.0,22.0,11.0,21.0,-121.0,11.0,11.0,-111.0,9.995037992598824,9.0,11.0,30000.0,10000.0,19000.0,0.0,23.738202065411976,16.5,19.0,0.0,10000.0,36510.305190087,25000.0,0.0,25.042544336631632,17.0,20.0,0.0,121.0,10.003646008523848,9.0,11.0,1.0,16329.629333677023,10000.0,19000.0,1.0,16.5,17.758264323632826,19.0,1.0,22862.23225003321,10000.0,25000.0,1.0,19.067073953305858,17.0,20.0,1.0,0.0,111.0,1.0,54.0
11.0,22.0,11.0,21.0,-121.0,11.0,11.0,-111.0,10.205364074335716,9.0,11.0,30000.0,10000.0,19000.0,0.0,22.360948967639374,16.5,19.0,0.0,10000.0,37049.242028780776,25000.0,0.0,23.690381648315384,17.0,20.0,0.0,122.0,10.20751697001873,9.0,11.0,1.0,13943.660558531046,10000.0,19000.0,1.0,16.5,17.30084420098825,19.0,1.0,20844.556468665003,10000.0,25000.0,1.0,18.602299947778985,17.0,20.0,1.0,0.0,111.0,1.0,39.0
11.0,22.0,11.0,22.0,-121.0,21.0,13.0,-111.0,10.201429715442769,9.0,11.0,30000.0,10000.0,19000.0,0.0,25.73241259330242,16.5,19.0,0.0,10000.0,36978.037759497194,25000.0,0.0,27.044256988080917,17.0,20.0,0.0,122.0,10.215789689783513,9.0,11.0,1.0,14591.518365463266,10000.0,19000.0,1.0,16.5,17.501081605039197,19.0,1.0,21572.898694274863,10000.0,25000.0,1.0,18.813554390057238,17.0,20.0,1.0,0.0,211.0,1.0,4.0
11.0,22.0,11.0,22.0,-121.0,11.0,11.0,-111.0,10.006357911684374,9.0,11.0,30000.0,10000.0,19000.0,0.0,25.113918100316447,16.5,19.0,0.0,10000.0,36461.588114363134,25000.0,0.0,26.40335920902533,17.0,20.0,0.0,121.0,10.003494942656129,9.0,11.0,1.0,16869.224328014512,10000.0,19000.0,1.0,16.5,17.900479052089345,19.0,1.0,23269.55255814787,10000.0,25000.0,1.0,19.177695455100096,17.0,20.0,1.0,0.0,111.0,1.0,38.0
11.0,22.0,11.0,21.0,-121.0,11.0,11.0,-111.0,10.176556886223512,9.0,11.0,30000.0,10000.0,19000.0,0.0,23.524346275139138,16.5,19.0,0.0,10000.0,36977.03402137023,25000.0,0.0,24.83929803799727,17.0,20.0,0.0,122.0,10.206641753804801,9.0,11.0,1.0,14762.046089113379,10000.0,19000.0,1.0,16.5,17.48055532472194,19.0,1.0,21725.452364940273,10000.0,25000.0,1.0,18.792938685595637,17.0,20.0,1.0,0.0,111.0,1.0,1.0
11.0,21.0,11.0,21.0,-121.0,11.0,11.0,-111.0,10.007008065262212,9.0,11.0,30000.0,10000.0,19000.0,0.0,25.38071238853977,16.5,19.0,0.0,10000.0,36511.30707620326,25000.0,0.0,26.680761778707204,17.0,20.0,0.0,121.0,10.007669386287969,9.0,11.0,1.0,12634.665078854632,10000.0,19000.0,1.0,16.5,17.03466459248199,19.0,1.0,19147.232103754406,10000.0,25000.0,1.0,18.334965544358216,17.0,20.0,1.0,0.0,111.0,1.0,56.0
11.0,22.0,11.0,22.0,-121.0,21.0,13.0,-111.0,10.005937520522107,9.0,11.0,30000.0,10000.0,19000.0,0.0,25.17715708772113,16.5,19.0,0.0,10000.0,36409.3369281128,25000.0,0.0,26.458742431132407,17.0,20.0,0.0,121.0,10.013770746455267,9.0,11.0,1.0,16631.930713782407,10000.0,19000.0,1.0,16.5,17.873597213475684,19.0,1.0,23110.508968759234,10000.0,25000.0,1.0,19.169027775302308,17.0,20.0,1.0,0.0,211.0,1.0,41.0
11.0,22.0,11.0,22.0,-121.0,21.0,13.0,-111.0,10.175524068266238,9.0,11.0,30000.0,10000.0,19000.0,0.0,25.909553083359306,16.5,19.0,0.0,10000.0,36948.632696487206,25000.0,0.0,27.216285537681806,17.0,20.0,0.0,122.0,10.179508743232361,9.0,11.0,1.0,13289.240996675686,10000.0,19000.0,1.0,16.5,17.184820323320437,19.0,1.0,20473.52180441864,10000.0,25000.0,1.0,18.53586783187416,17.0,20.0,1.0,0.0,211.0,1.0,3.0
81.0,23.0,81.0,23.0,-721.0,912.0,11.0,-711.0,14.390116196224596,12.0,17.0,30000.0,12500.0,23000.0,0.0,25.281267493435397,20.0,24.0,0.0,12500.0,34537.67699655666,26000.0,0.0,25.850822530308534,20.0,25.0,0.0,721.0,15.47843687658574,12.0,17.0,1.0,16166.729503264014,12500.0,23000.0,1.0,20.0,22.05144195691555,24.0,1.0,20605.092938835114,12500.0,26000.0,1.0,22.608531465957583,20.0,25.0,1.0,0.0,912.0,7.0,17.0
11.0,21.0,11.0,22.0,-121.0,21.0,12.0,-111.0,10.000247273659513,9.0,11.0,30000.0,10000.0,19000.0,0.0,25.223393888035332,16.5,19.0,0.0,10000.0,36560.17839997252,25000.0,0.0,26.535610442085545,17.0,20.0,0.0,121.0,9.997511104619168,9.0,11.0,1.0,14118.250337772462,10000.0,19000.0,1.0,16.5,17.325312675406458,19.0,1.0,20570.413565477633,10000.0,25000.0,1.0,18.615923216861283,17.0,20.0,1.0,0.0,211.0,1.0,37.0
11.0,22.0,11.0,22.0,-121.0,11.0,12.0,-111.0,10.01145332141858,9.0,11.0,30000.0,10000.0,19000.0,0.0,23.953739605743728,16.5,19.0,0.0,10000.0,36439.99365407511,25000.0,0.0,25.24408573344021,17.0,20.0,0.0,121.0,9.993593206963821,9.0,11.0,1.0,15455.386524930133,10000.0,19000.0,1.0,16.5,17.642360177310817,19.0,1.0,21994.69428813655,10000.0,25000.0,1.0,18.952605327122345,17.0,20.0,1.0,0.0,111.0,1.0,49.0
11.0,22.0,11.0,22.0,-121.0,11.0,12.0,-111.0,10.013362506090807,9.0,11.0,30000.0,10000.0,19000.0,0.0,23.958015846867962,16.5,19.0,0.0,10000.0,36594.20525701941,25000.0,0.0,25.27248616747978,17.0,20.0,0.0,121.0,10.008754004722405,9.0,11.0,1.0,15506.59831018071,10000.0,19000.0,1.0,16.5,17.613082358064887,19.0,1.0,22057.301234556977,10000.0,25000.0,1.0,18.918881046098097,17.0,20.0,1.0,0.0,111.0,1.0,14.0
81.0,23.0,81.0,23.0,-721.0,912.0,12.0,-711.0,15.13469770181281,12.0,17.0,30000.0,12500.0,23000.0,0.0,26.735453985924938,20.0,24.0,0.0,12500.0,33960.0339525108,26000.0,0.0,27.218970110932613,20.0,25.0,0.0,722.0,15.155641825080432,12.0,17.0,1.0,17050.468231548868,12500.0,23000.0,1.0,20.0,21.87433136139203,24.0,1.0,21023.956762180864,12500.0,26000.0,1.0,22.359490276727968,20.0,25.0,1.0,0.0,912.0,7.0,5.0
11.0,21.0,11.0,21.0,-121.0,21.0,12.0,-111.0,10.014111049584017,9.0,11.0,30000.0,10000.0,19000.0,0.0,25.208011655308525,16.5,19.0,0.0,10000.0,36528.86551720194,25000.0,0.0,26.51353159886741,17.0,20.0,0.0,121.0,9.99129992889773,9.0,11.0,1.0,12677.233449743968,10000.0,19000.0,1.0,16.5,17.005067124759428,19.0,1.0,19191.83906860772,10000.0,25000.0,1.0,18.307735641585047,17.0,20.0,1.0,0.0,211.0,1.0,6.0
91.0,24.0,91.0,24.0,-721.0,911.0,12.0,-711.0,15.371999710074217,12.0,17.0,30000.0,18000.0,36000.0,1.0,25.081893735127935,20.0,25.0,0.0,18000.0,34489.322650487884,36000.0,1.0,25.64851754432186,20.0,26.0,1.0,721.0,14.82194599782246,12.0,17.0,1.0,28255.08362107843,18000.0,36000.0,1.0,20.0,23.3230413009472,25.0,1.0,32754.464195971603,18000.0,36000.0,1.0,23.890934579921492,20.0,26.0,1.0,0.0,91121.0,7.0,32.0
11.0,22.0,11.0,22.0,-121.0,21.0,13.0,-111.0,10.192026160254025,9.0,11.0,30000.0,10000.0,19000.0,0.0,25.917493121029295,16.5,19.0,0.0,10000.0,36990.44409569775,25000.0,0.0,27.230675892643287,17.0,20.0,0.0,122.0,10.20816328644474,9.0,11.0,1.0,14546.829566664386,10000.0,19000.0,1.0,16.5,17.49439406041265,19.0,1.0,21655.85763629154,10000.0,25000.0,1.0,18.829853303939128,17.0,20.0,1.0,0.0,211.0,1.0,13.0
81.0,23.0,81.0,21.0,-721.0,912.0,12.0,-711.0,14.957075823134149,12.0,17.0,30000.0,12500.0,23000.0,0.0,25.083256044433817,20.0,24.0,0.0,12500.0,34031.321050299484,26000.0,0.0,25.575121384937624,20.0,25.0,0.0,722.0,15.174653905857653,12.0,17.0,1.0,13717.568175485163,12500.0,23000.0,1.0,20.0,21.34414305645932,24.0,1.0,17798.544301223606,12500.0,26000.0,1.0,21.842066860251908,20.0,25.0,1.0,0.0,912.0,7.0,11.0
11.0,21.0,11.0,22.0,-121.0,21.0,13.0,-111.0,10.19874474977935,9.0,11.0,30000.0,10000.0,19000.0,0.0,28.87846957643705,16.5,19.0,0.0,10000.0,37145.59251294995,25000.0,0.0,30.2334914534294,17.0,20.0,0.0,122.0,10.209727313606416,9.0,11.0,1.0,14044.869944633505,10000.0,19000.0,1.0,16.5,17.426967231105515,19.0,1.0,21029.16856571011,10000.0,25000.0,1.0,18.75140287585505,17.0,20.0,1.0,0.0,211.0,1.0,9.0
91.0,21.0,91.0,24.0,-721.0,911.0,11.0,-711.0,15.354791476062122,12.0,17.0,30000.0,18000.0,36000.0,1.0,25.910626063631188,20.0,25.0,0.0,18000.0,33989.19903512924,36000.0,1.0,26.397280875570093,20.0,26.0,0.0,722.0,15.11490789004509,12.0,17.0,1.0,24388.14989027237,18000.0,36000.0,1.0,20.0,23.075295382155996,25.0,1.0,28385.233128797245,18000.0,36000.0,1.0,23.562912012617115,20.0,26.0,1.0,0.0,91121.0,7.0,18.0
11.0,22.0,11.0,22.0,-121.0,21.0,13.0,-111.0,10.195057973982761,9.0,11.0,30000.0,10000.0,19000.0,0.0,26.076737978005834,16.5,19.0,0.0,10000.0,37091.73314256742,25000.0,0.0,27.41441155607408,17.0,20.0,0.0,122.0,10.236938519203745,9.0,11.0,1.0,14197.162921930356,10000.0,19000.0,1.0,16.5,17.42457955455114,19.0,1.0,21136.277801507094,10000.0,25000.0,1.0,18.733465611455074,17.0,20.0,1.0,0.0,211.0,1.0,22.0
11.0,21.0,11.0,21.0,-121.0,11.0,11.0,-111.0,9.988593791850144,9.0,11.0,30000.0,10000.0,19000.0,0.0,26.454134022741975,16.5,19.0,0.0,10000.0,36480.99619899449,25000.0,0.0,27.751579469901944,17.0,20.0,0.0,121.0,10.014306449083039,9.0,11.0,1.0,14071.152726343078,10000.0,19000.0,1.0,16.5,17.29853374700192,19.0,1.0,20494.891947200613,10000.0,25000.0,1.0,18.584516788796883,17.0,20.0,1.0,0.0,111.0,1.0,18.0
11.0,22.0,11.0,22.0,-121.0,21.0,13.0,-111.0,9.996942310971981,9.0,11.0,30000.0,10000.0,19000.0,0.0,25.576577948356217,16.5,19.0,0.0,10000.0,36513.00836190172,25000.0,0.0,26.880422481495902,17.0,20.0,0.0,121.0,10.005381418660473,9.0,11.0,1.0,11769.377736803324,10000.0,19000.0,1.0,16.5,16.898779819545453,19.0,1.0,18312.148598253243,10000.0,25000.0,1.0,18.20858253209659,17.0,20.0,1.0,0.0,211.0,1.0,19.0
11.0,22.0,11.0,22.0,-121.0,21.0,13.0,-111.0,10.155456012628104,9.0,11.0,30000.0,10000.0,19000.0,0.0,24.73248421148035,16.5,19.0,0.0,10000.0,37204.947077450044,25000.0,0.0,26.090026249198928,17.0,20.0,0.0,122.0,10.213254604452853,9.0,11.0,1.0,13573.124188236496,10000.0,19000.0,1.0,16.5,17.247955247847443,19.0,1.0,20517.312019519097,10000.0,25000.0,1.0,18.55636553836637,17.0,20.0,1.0,0.0,211.0,1.0,16.0
91.0,24.0,91.0,24.0,-721.0,911.0,11.0,-711.0,15.15624876562686,12.0,17.0,30000.0,18000.0,36000.0,1.0,24.51876987729024,20.0,25.0,1.0,18000.0,34081.85731158645,36000.0,1.0,25.01691821351423,20.0,26.0,1.0,722.0,15.32416049308101,12.0,17.0,1.0,28404.947292903624,18000.0,36000.0,1.0,20.0,23.863833083607044,25.0,1.0,32328.350700569583,18000.0,36000.0,1.0,24.34264376479294,20.0,26.0,1.0,1.0,91121.0,7.0,16.0
91.0,24.0,91.0,21.0,-721.0,911.0,11.0,-711.0,15.274448496634013,12.0,17.0,30000.0,18000.0,36000.0,1.0,25.059950421846686,20.0,25.0,0.0,18000.0,33988.57153962035,36000.0,1.0,25.546271440252998,20.0,26.0,1.0,722.0,15.365569562597926,12.0,17.0,1.0,22176.49653081172,18000.0,36000.0,1.0,20.0,22.974029552041216,25.0,1.0,26240.049352259488,18000.0,36000.0,1.0,23.469492934568994,20.0,26.0,1.0,0.0,91121.0,7.0,3.0
11.0,21.0,11.0,21.0,-121.0,21.0,12.0,-111.0,10.009166303462651,9.0,11.0,30000.0,10000.0,19000.0,0.0,25.28830614643732,16.5,19.0,0.0,10000.0,36482.28469713762,25000.0,0.0,26.598577387069902,17.0,20.0,0.0,121.0,9.999309825764387,9.0,11.0,1.0,12523.711200295304,10000.0,19000.0,1.0,16.5,16.997321955543672,19.0,1.0,18987.301260494554,10000.0,25000.0,1.0,18.303814428923832,17.0,20.0,1.0,0.0,211.0,1.0,6.0
11.0,21.0,11.0,22.0,-121.0,11.0,12.0,-111.0,10.235733678908915,9.0,11.0,30000.0,10000.0,19000.0,0.0,25.688976825213473,16.5,19.0,0.0,10000.0,37116.37891903457,25000.0,0.0,27.034059362279624,17.0,20.0,0.0,122.0,10.214727649372607,9.0,11.0,1.0,15268.447973038355,10000.0,19000.0,1.0,16.5,17.615376330589044,19.0,1.0,22232.209590893657,10000.0,25000.0,1.0,18.931612333623494,17.0,20.0,1.0,0.0,111.0,1.0,7.0
11.0,22.0,11.0,22.0,-121.0,11.0,11.0,-111.0,10.001392900726216,9.0,11.0,30000.0,10000.0,19000.0,0.0,25.396975303877095,16.5,19.0,0.0,10000.0,36468.10162549079,25000.0,0.0,26.687427035270808,17.0,20.0,0.0,121.0,9.996585162818512,9.0,11.0,1.0,16040.400515164496,10000.0,19000.0,1.0,16.5,17.730201005800346,19.0,1.0,22497.68044253815,10000.0,25000.0,1.0,19.018493698904237,17.0,20.0,1.0,0.0,111.0,1.0,38.0
91.0,24.0,91.0,21.0,-721.0,911.0,11.0,-711.0,14.19127977595934,12.0,17.0,30000.0,18000.0,36000.0,1.0,23.228422472097744,20.0,25.0,1.0,18000.0,34491.576185450445,36000.0,1.0,23.793190462384583,20.0,26.0,1.0,721.0,15.657098102679035,12.0,17.0,1.0,21306.568352476137,18000.0,36000.0,1.0,20.0,23.326956990555853,25.0,1.0,25797.23034167383,18000.0,36000.0,1.0,23.891610030375624,20.0,26.0,1.0,1.0,91121.0,7.0,15.0
11.0,22.0,11.0,22.0,-121.0,21.0,12.0,-111.0,10.191580829241081,9.0,11.0,30000.0,10000.0,19000.0,0.0,24.614501457163087,16.5,19.0,0.0,10000.0,37123.86383013883,25000.0,0.0,25.952801144566948,17.0,20.0,0.0,122.0,10.171203788028208,9.0,11.0,1.0,15674.151819982108,10000.0,19000.0,1.0,16.5,17.60467391712388,19.0,1.0,22808.279643457143,10000.0,25000.0,1.0,18.94490181362899,17.0,20.0,1.0,0.0,211.0,1.0,25.0
11.0,21.0,11.0,21.0,-121.0,11.0,11.0,-111.0,9.987292270997466,9.0,11.0,30000.0,10000.0,19000.0,0.0,25.40953897680662,16.5,19.0,0.0,10000.0,36531.15875801873,25000.0,0.0,26.71267268057518,17.0,20.0,0.0,121.0,10.000673445275165,9.0,11.0,1.0,17829.395240556714,10000.0,19000.0,1.0,16.5,18.06159904548175,19.0,1.0,24290.88658866777,10000.0,25000.0,1.0,19.350832313926567,17.0,20.0,1.0,0.0,111.0,1.0,56.0
11.0,22.0,11.0,22.0,-121.0,11.0,11.0,-111.0,9.98853195611822,9.0,11.0,30000.0,10000.0,19000.0,0.0,23.41004350351378,16.5,19.0,0.0,10000.0,36505.7617767233,25000.0,0.0,24.711824864204697,17.0,20.0,0.0,121.0,9.983757120033047,9.0,11.0,1.0,15122.708761346914,10000.0,19000.0,1.0,16.5,17.52894790591294,19.0,1.0,21593.235115455016,10000.0,25000.0,1.0,18.823678775366897,17.0,20.0,1.0,0.0,111.0,1.0,17.0
92.0,24.0,92.0,24.0,-721.0,921.0,13.0,-711.0,14.948501368139704,12.0,17.0,30000.0,15000.0,28000.0,0.0,24.363635244685348,19.5,25.0,1.0,15000.0,33922.81120761564,28000.0,0.0,24.840455010804092,20.0,26.0,1.0,722.0,15.276133603043872,12.0,17.0,1.0,16355.77541389243,15000.0,28000.0,1.0,19.5,21.28728294164775,25.0,1.0,20261.16811695252,15000.0,28000.0,1.0,21.761985479373706,20.0,26.0,1.0,0.0,92122.0,7.0,22.0
11.0,21.0,11.0,22.0,-121.0,11.0,11.0,-111.0,10.21860058434974,9.0,11.0,30000.0,10000.0,19000.0,0.0,24.952398335945823,16.5,19.0,0.0,10000.0,36857.411676817675,25000.0,0.0,26.24352228988112,17.0,20.0,0.0,122.0,10.19578717819529,9.0,11.0,1.0,16962.06579166208,10000.0,19000.0,1.0,16.5,17.900764933297793,19.0,1.0,24056.104260943943,10000.0,25000.0,1.0,19.23644134146684,17.0,20.0,1.0,0.0,111.0,1.0,43.0
11.0,21.0,11.0,22.0,-121.0,21.0,13.0,-111.0,10.00987555502885,9.0,11.0,30000.0,10000.0,19000.0,0.0,26.292435176139122,16.5,19.0,0.0,10000.0,36562.62403726708,25000.0,0.0,27.600122836409465,17.0,20.0,0.0,121.0,10.000599054272042,9.0,11.0,1.0,13024.558509424984,10000.0,19000.0,1.0,16.5,17.104487034212625,19.0,1.0,19535.500386541342,10000.0,25000.0,1.0,18.40187635608945,17.0,20.0,1.0,0.0,211.0,1.0,9.0
11.0,21.0,11.0,22.0,-121.0,21.0,13.0,-111.0,10.01137010741681,9.0,11.0,30000.0,10000.0,19000.0,0.0,26.02249855685163,16.5,19.0,0.0,10000.0,36488.87627488305,25000.0,0.0,27.31472263810988,17.0,20.0,0.0,121.0,9.993640667615855,9.0,11.0,1.0,11377.223620508323,10000.0,19000.0,1.0,16.5,16.801396663189713,19.0,1.0,17871.044862668292,10000.0,25000.0,1.0,18.09460550752952,17.0,20.0,1.0,0.0,211.0,1.0,9.0
11.0,22.0,11.0,22.0,-121.0,21.0,13.0,-111.0,10.18908396438564,9.0,11.0,30000.0,10000.0,19000.0,0.0,25.071274051218438,16.5,19.0,0.0,10000.0,37199.45316214584,25000.0,0.0,26.428438542702946,17.0,20.0,0.0,122.0,10.195734322107697,9.0,11.0,1.0,15160.041576396856,10000.0,19000.0,1.0,16.5,17.565950800011468,19.0,1.0,22203.26295917934,10000.0,25000.0,1.0,18.89366413477365,17.0,20.0,1.0,0.0,211.0,1.0,16.0
91.0,24.0,91.0,21.0,-721.0,911.0,12.0,-711.0,15.525373060027167,12.0,17.0,30000.0,18000.0,36000.0,1.0,24.679503079617902,20.0,25.0,1.0,18000.0,34505.983378838006,36000.0,1.0,25.24243590607746,20.0,26.0,1.0,721.0,14.857326383560054,12.0,17.0,1.0,23130.75639150731,18000.0,36000.0,1.0,20.0,22.75199213064141,25.0,1.0,27663.578442370293,18000.0,36000.0,1.0,23.31827791432056,20.0,26.0,1.0,1.0,91121.0,7.0,29.0
11.0,21.0,11.0,22.0,-121.0,21.0,13.0,-111.0,10.189564763919732,9.0,11.0,30000.0,10000.0,19000.0,0.0,25.77554526271409,16.5,19.0,0.0,10000.0,36962.16872606233,25000.0,0.0,27.09004418301053,17.0,20.0,0.0,122.0,10.189384544193725,9.0,11.0,1.0,13780.95626016351,10000.0,19000.0,1.0,16.5,17.313953941040847,19.0,1.0,20689.636834343255,10000.0,25000.0,1.0,18.618353979700718,17.0,20.0,1.0,0.0,211.0,1.0,24.0
92.0,24.0,92.0,24.0,-721.0,921.0,13.0,-711.0,15.117459754915288,12.0,17.0,30000.0,15000.0,28000.0,0.0,24.885803053870255,19.5,25.0,1.0,15000.0,34510.71084006188,28000.0,0.0,25.44745957750221,20.0,26.0,1.0,721.0,14.909722018018943,12.0,17.0,1.0,22026.035682123544,15000.0,28000.0,1.0,19.5,21.650355296295295,25.0,1.0,26510.732152548684,15000.0,28000.0,1.0,22.208772609760004,20.0,26.0,1.0,0.0,92122.0,7.0,25.0
11.0,22.0,11.0,22.0,-121.0,21.0,13.0,-111.0,10.005948437157945,9.0,11.0,30000.0,10000.0,19000.0,0.0,26.57927866625247,16.5,19.0,0.0,10000.0,36493.89886739703,25000.0,0.0,27.87524768271018,17.0,20.0,0.0,121.0,10.016334680469344,9.0,11.0,1.0,14863.995163695903,10000.0,19000.0,1.0,16.5,17.527143964843187,19.0,1.0,21332.88336380339,10000.0,25000.0,1.0,18.818121673220798,17.0,20.0,1.0,0.0,211.0,1.0,16.0
11.0,22.0,11.0,22.0,-121.0,21.0,13.0,-111.0,10.215841551789934,9.0,11.0,30000.0,10000.0,19000.0,0.0,25.986537386374664,16.5,19.0,0.0,10000.0,37171.23108343857,25000.0,0.0,27.341839764663284,17.0,20.0,0.0,122.0,10.186374998884057,9.0,11.0,1.0,13807.82825052502,10000.0,19000.0,1.0,16.5,17.325156552505625,19.0,1.0,20867.27300362412,10000.0,25000.0,1.0,18.65933225427156,17.0,20.0,1.0,0.0,211.0,1.0,16.0
11.0,21.0,11.0,22.0,-121.0,21.0,13.0,-111.0,10.000038190485583,9.0,11.0,30000.0,10000.0,19000.0,0.0,25.707455798104064,16.5,19.0,0.0,10000.0,36458.259109890256,25000.0,0.0,26.99943414047669,17.0,20.0,0.0,121.0,10.010320618305704,9.0,11.0,1.0,13162.6067980908,10000.0,19000.0,1.0,16.5,17.14867366307653,19.0,1.0,19715.580000074013,10000.0,25000.0,1.0,18.459599612477522,17.0,20.0,1.0,0.0,211.0,1.0,32.0
92.0,24.0,92.0,24.0,-721.0,921.0,13.0,-711.0,15.181296116775318,12.0,17.0,30000.0,15000.0,28000.0,0.0,24.092664494421193,19.5,25.0,1.0,15000.0,34551.77837779746,28000.0,0.0,24.661535040484207,20.0,26.0,1.0,721.0,14.435662789576776,12.0,17.0,1.0,19966.883131213555,15000.0,28000.0,1.0,19.5,20.97445176563933,25.0,1.0,24475.165217810725,15000.0,28000.0,1.0,21.537886247625163,20.0,26.0,1.0,0.0,92122.0,7.0,25.0
11.0,22.0,11.0,22.0,-121.0,11.0,11.0,-111.0,10.21555853676953,9.0,11.0,30000.0,10000.0,19000.0,0.0,24.174122470392973,16.5,19.0,0.0,10000.0,36980.86225172044,25000.0,0.0,25.49582107776167,17.0,20.0,0.0,122.0,10.205736689911715,9.0,11.0,1.0,17225.61212907258,10000.0,19000.0,1.0,16.5,18.00750242792227,19.0,1.0,24186.753869530767,10000.0,25000.0,1.0,19.325467317115177,17.0,20.0,1.0,0.0,111.0,1.0,38.0
11.0,22.0,11.0,21.0,-121.0,21.0,13.0,-111.0,10.203633585013058,9.0,11.0,30000.0,10000.0,19000.0,0.0,24.635702443847002,16.5,19.0,0.0,10000.0,37049.67501362598,25000.0,0.0,25.95958262124355,17.0,20.0,0.0,122.0,10.20537170046616,9.0,11.0,1.0,12606.207610818781,10000.0,19000.0,1.0,16.5,17.058513761230817,19.0,1.0,19696.759868542133,10000.0,25000.0,1.0,18.390070402161143,17.0,20.0,1.0,0.0,211.0,1.0,33.0
11.0,21.0,11.0,22.0,-121.0,21.0,13.0,-111.0,10.000990193226933,9.0,11.0,30000.0,10000.0,19000.0,0.0,28.331340339462784,16.5,19.0,0.0,10000.0,36494.40334360996,25000.0,0.0,29.63181615948304,17.0,20.0,0.0,121.0,9.999652650541693,9.0,11.0,1.0,14047.419132057677,10000.0,19000.0,1.0,16.5,17.3724216229856,19.0,1.0,20460.15022921956,10000.0,25000.0,1.0,18.65654293343001,17.0,20.0,1.0,0.0,211.0,1.0,32.0
81.0,21.0,81.0,21.0,-721.0,912.0,12.0,-711.0,15.326390042106194,12.0,17.0,30000.0,12500.0,23000.0,0.0,27.14475673045539,20.0,24.0,0.0,12500.0,33977.092582356214,26000.0,0.0,27.63040571686365,20.0,25.0,0.0,722.0,15.279264163850945,12.0,17.0,1.0,15625.791776158074,12500.0,23000.0,1.0,20.0,21.64519456641253,24.0,1.0,19605.900781865137,12500.0,26000.0,1.0,22.131211892987025,20.0,25.0,1.0,0.0,912.0,7.0,6.0
11.0,22.0,11.0,22.0,-121.0,21.0,13.0,-111.0,10.19638258939997,9.0,11.0,30000.0,10000.0,19000.0,0.0,26.652062249743572,16.5,19.0,0.0,10000.0,37088.39266849738,25000.0,0.0,27.987509188872856,17.0,20.0,0.0,122.0,10.210646406148053,9.0,11.0,1.0,15487.026430759648,10000.0,19000.0,1.0,16.5,17.617640405235267,19.0,1.0,22637.516415066737,10000.0,25000.0,1.0,18.964786424001428,17.0,20.0,1.0,0.0,211.0,1.0,3.0
11.0,21.0,11.0,22.0,-121.0,21.0,13.0,-111.0,10.171320706515084,9.0,11.0,30000.0,10000.0,19000.0,0.0,27.20323479831788,16.5,19.0,0.0,10000.0,36975.59345318286,25000.0,0.0,28.5199188836769,17.0,20.0,0.0,122.0,10.201896355176663,9.0,11.0,1.0,13319.087099250197,10000.0,19000.0,1.0,16.5,17.240924897232148,19.0,1.0,20156.10648451292,10000.0,25000.0,1.0,18.531452316337827,17.0,20.0,1.0,0.0,211.0,1.0,9.0
11.0,21.0,11.0,22.0,-121.0,21.0,13.0,-111.0,10.003549286033426,9.0,11.0,30000.0,10000.0,19000.0,0.0,26.504366430061125,16.5,19.0,0.0,10000.0,36509.637535050286,25000.0,0.0,27.803777172457163,17.0,20.0,0.0,121.0,9.988340279450941,9.0,11.0,1.0,13385.102410492764,10000.0,19000.0,1.0,16.5,17.20901022998313,19.0,1.0,19863.616440429378,10000.0,25000.0,1.0,18.50220830436686,17.0,20.0,1.0,0.0,211.0,1.0,59.0
81.0,21.0,81.0,21.0,-721.0,912.0,12.0,-711.0,14.898773249902618,12.0,17.0,30000.0,12500.0,23000.0,0.0,26.79860491289778,20.0,24.0,0.0,12500.0,34548.47325622581,26000.0,0.0,27.369103852648944,20.0,25.0,0.0,721.0,15.234125778617909,12.0,17.0,1.0,16183.394188232953,12500.0,23000.0,1.0,20.0,21.739101685172763,24.0,1.0,20640.821274992864,12500.0,26000.0,1.0,22.29818102537421,20.0,25.0,1.0,0.0,912.0,7.0,6.0
11.0,22.0,11.0,22.0,-121.0,11.0,11.0,-111.0,10.19042450113997,9.0,11.0,30000.0,10000.0,19000.0,0.0,25.026645052316333,16.5,19.0,0.0,10000.0,37007.978303692704,25000.0,0.0,26.350788552775803,17.0,20.0,0.0,122.0,10.179444066646873,9.0,11.0,1.0,16008.17056805642,10000.0,19000.0,1.0,16.5,17.692836543325136,19.0,1.0,23125.12614264962,10000.0,25000.0,1.0,19.037571081414484,17.0,20.0,1.0,0.0,111.0,1.0,55.0
91.0,24.0,91.0,24.0,-721.0,911.0,12.0,-711.0,15.134675707055285,12.0,17.0,30000.0,18000.0,36000.0,1.0,25.068389474575582,20.0,25.0,0.0,18000.0,33988.28992347156,36000.0,1.0,25.55181004056137,20.0,26.0,1.0,722.0,15.412549697815896,12.0,17.0,1.0,26296.222274116295,18000.0,36000.0,1.0,20.0,23.676167539716694,25.0,1.0,30247.80829694832,18000.0,36000.0,1.0,24.155139226417997,20.0,26.0,1.0,0.0,91121.0,7.0,32.0
91.0,24.0,91.0,24.0,-721.0,911.0,12.0,-711.0,15.468382183779557,12.0,17.0,30000.0,18000.0,36000.0,1.0,24.812748761940917,20.0,25.0,1.0,18000.0,34052.039654548455,36000.0,1.0,25.306592017350606,20.0,26.0,1.0,722.0,15.288520850374413,12.0,17.0,1.0,25021.849595185635,18000.0,36000.0,1.0,20.0,23.291956876080505,25.0,1.0,28956.784345281492,18000.0,36000.0,1.0,23.77152794459923,20.0,26.0,1.0,1.0,91121.0,7.0,32.0
11.0,22.0,11.0,22.0,-121.0,21.0,13.0,-111.0,10.195660073747003,9.0,11.0,30000.0,10000.0,19000.0,0.0,25.81141366127786,16.5,19.0,0.0,10000.0,37164.63052473172,25000.0,0.0,27.165285917221848,17.0,20.0,0.0,122.0,10.194950729967394,9.0,11.0,1.0,14258.232456191794,10000.0,19000.0,1.0,16.5,17.42238647887685,19.0,1.0,21286.504853681698,10000.0,25000.0,1.0,18.75049167192654,17.0,20.0,1.0,0.0,211.0,1.0,3.0
11.0,22.0,11.0,22.0,-121.0,21.0,13.0,-111.0,10.000119809357715,9.0,11.0,30000.0,10000.0,19000.0,0.0,26.834565200759563,16.5,19.0,0.0,10000.0,36487.292053005716,25000.0,0.0,28.129765412695903,17.0,20.0,0.0,121.0,10.008203448401483,9.0,11.0,1.0,14523.896663218997,10000.0,19000.0,1.0,16.5,17.424086892168212,19.0,1.0,20923.421618900687,10000.0,25000.0,1.0,18.701764235991586,17.0,20.0,1.0,0.0,211.0,1.0,28.0
11.0,21.0,11.0,22.0,-121.0,21.0,13.0,-111.0,10.200513128164005,9.0,11.0,30000.0,10000.0,19000.0,0.0,26.52300546001461,16.5,19.0,0.0,10000.0,37105.76023671201,25000.0,0.0,27.85727908328058,17.0,20.0,0.0,122.0,10.181221735357285,9.0,11.0,1.0,14482.90024948913,10000.0,19000.0,1.0,16.5,17.410880259567104,19.0,1.0,21481.43801749245,10000.0,25000.0,1.0,18.725020342289405,17.0,20.0,1.0,0.0,211.0,1.0,32.0
11.0,21.0,11.0,22.0,-121.0,11.0,11.0,-111.0,10.00052403100755,9.0,11.0,30000.0,10000.0,19000.0,0.0,24.79600036983441,16.5,19.0,0.0,10000.0,36581.52926945534,25000.0,0.0,26.11503069653959,17.0,20.0,0.0,121.0,9.988343332408395,9.0,11.0,1.0,17906.75288380757,10000.0,19000.0,1.0,16.5,18.090567189259204,19.0,1.0,24509.03925201829,10000.0,25000.0,1.0,19.413757528270313,17.0,20.0,1.0,0.0,111.0,1.0,29.0
11.0,22.0,11.0,22.0,-121.0,21.0,12.0,-111.0,10.009510811467777,9.0,11.0,30000.0,10000.0,19000.0,0.0,25.115671131203793,16.5,19.0,0.0,10000.0,36475.56359070513,25000.0,0.0,26.41321857768785,17.0,20.0,0.0,121.0,9.99680860981504,9.0,11.0,1.0,15780.59384253033,10000.0,19000.0,1.0,16.5,17.679497134473866,19.0,1.0,22371.78455332314,10000.0,25000.0,1.0,19.000213479280447,17.0,20.0,1.0,0.0,211.0,1.0,48.0
11.0,22.0,11.0,21.0,-121.0,11.0,11.0,-111.0,10.223747084183318,9.0,11.0,30000.0,10000.0,19000.0,0.0,24.676828910651743,16.5,19.0,0.0,10000.0,36901.70863052028,25000.0,0.0,25.985060099125988,17.0,20.0,0.0,122.0,10.21085148795909,9.0,11.0,1.0,10891.999362621207,10000.0,19000.0,1.0,16.5,16.750943435393417,19.0,1.0,18004.8614726096,10000.0,25000.0,1.0,18.099199142748894,17.0,20.0,1.0,0.0,111.0,1.0,39.0
11.0,22.0,11.0,22.0,-121.0,11.0,11.0,-111.0,9.997573309570265,9.0,11.0,30000.0,10000.0,19000.0,0.0,25.408966409075433,16.5,19.0,0.0,10000.0,36544.5354434888,25000.0,0.0,26.71481835225674,17.0,20.0,0.0,121.0,9.981882834554614,9.0,11.0,1.0,16649.22047937346,10000.0,19000.0,1.0,16.5,17.83269470524845,19.0,1.0,23125.48790447066,10000.0,25000.0,1.0,19.12492491389358,17.0,20.0,1.0,0.0,111.0,1.0,38.0
81.0,23.0,81.0,23.0,-721.0,912.0,12.0,-711.0,15.135497250397997,12.0,17.0,30000.0,12500.0,23000.0,0.0,25.272701381755414,20.0,24.0,0.0,12500.0,33952.066944347585,26000.0,0.0,25.755939102430528,20.0,25.0,0.0,722.0,15.02478562537281,12.0,17.0,1.0,16801.739891069847,12500.0,23000.0,1.0,20.0,21.625584229426778,24.0,1.0,20751.20045918903,12500.0,26000.0,1.0,22.10850325628279,20.0,25.0,1.0,0.0,912.0,7.0,10.0
11.0,22.0,11.0,22.0,-121.0,11.0,12.0,-111.0,10.008356748506667,9.0,11.0,30000.0,10000.0,19000.0,0.0,24.25962675452886,16.5,19.0,0.0,10000.0,36629.72153266362,25000.0,0.0,25.586372232634883,17.0,20.0,0.0,121.0,10.01792966781315,9.0,11.0,1.0,16201.170033993387,10000.0,19000.0,1.0,16.5,17.795002346617874,19.0,1.0,22677.75156163706,10000.0,25000.0,1.0,19.0911013174496,17.0,20.0,1.0,0.0,111.0,1.0,14.0
11.0,22.0,11.0,21.0,-121.0,21.0,13.0,-111.0,10.188532646844694,9.0,11.0,30000.0,10000.0,19000.0,0.0,25.774112899634286,16.5,19.0,0.0,10000.0,37050.43837279185,25000.0,0.0,27.103220339992518,17.0,20.0,0.0,122.0,10.206144787157005,9.0,11.0,1.0,12731.797472111391,10000.0,19000.0,1.0,16.5,17.06716700122753,19.0,1.0,19752.613395819586,10000.0,25000.0,1.0,18.390690190593563,17.0,20.0,1.0,0.0,211.0,1.0,20.0
11.0,22.0,11.0,22.0,-121.0,11.0,11.0,-111.0,10.019184842385156,9.0,11.0,30000.0,10000.0,19000.0,0.0,26.970563530670134,16.5,19.0,0.0,10000.0,36517.314919402954,25000.0,0.0,28.27102934104389,17.0,20.0,0.0,121.0,10.007363006403446,9.0,11.0,1.0,15740.006081317564,10000.0,19000.0,1.0,16.5,17.717540308191424,19.0,1.0,22282.186096870715,10000.0,25000.0,1.0,19.0229677028702,17.0,20.0,1.0,0.0,111.0,1.0,55.0
81.0,23.0,81.0,23.0,-721.0,912.0,12.0,-711.0,15.100970631922504,12.0,17.0,30000.0,12500.0,23000.0,0.0,26.377980662026815,20.0,24.0,0.0,12500.0,34019.03676946752,26000.0,0.0,26.868107632447238,20.0,25.0,0.0,722.0,15.04708350263562,12.0,17.0,1.0,16002.345672911631,12500.0,23000.0,1.0,20.0,21.599738945398986,24.0,1.0,20043.645104752606,12500.0,26000.0,1.0,22.092580877609628,20.0,25.0,1.0,0.0,912.0,7.0,10.0
11.0,22.0,11.0,22.0,-121.0,11.0,11.0,-111.0,10.00689272093096,9.0,11.0,30000.0,10000.0,19000.0,0.0,24.229487614544553,16.5,19.0,0.0,10000.0,36459.982149006195,25000.0,0.0,25.51898801197915,17.0,20.0,0.0,121.0,9.9965447639859,9.0,11.0,1.0,18697.40208159028,10000.0,19000.0,1.0,16.5,18.239241033899265,19.0,1.0,25169.95687905393,10000.0,25000.0,0.0,19.53125110315783,17.0,20.0,1.0,0.0,111.0,1.0,15.0
11.0,22.0,11.0,21.0,-121.0,11.0,12.0,-111.0,10.214319814278436,9.0,11.0,30000.0,10000.0,19000.0,0.0,23.955645460691446,16.5,19.0,0.0,10000.0,36983.246799540626,25000.0,0.0,25.26957959290317,17.0,20.0,0.0,122.0,10.173657234036423,9.0,11.0,1.0,14937.992728726014,10000.0,19000.0,1.0,16.5,17.465938091105844,19.0,1.0,22008.577780306077,10000.0,25000.0,1.0,18.796305368772185,17.0,20.0,1.0,0.0,111.0,1.0,10.0
11.0,22.0,11.0,22.0,-121.0,11.0,12.0,-111.0,10.169768254494205,9.0,11.0,30000.0,10000.0,19000.0,0.0,24.60139327466821,16.5,19.0,0.0,10000.0,36996.67330342659,25000.0,0.0,25.92696176220642,17.0,20.0,0.0,122.0,10.206744448150802,9.0,11.0,1.0,17773.233734599457,10000.0,19000.0,1.0,16.5,18.146090720167575,19.0,1.0,24738.811179570817,10000.0,25000.0,1.0,19.46576788074601,17.0,20.0,1.0,0.0,111.0,1.0,14.0
92.0,24.0,92.0,24.0,-721.0,921.0,13.0,-711.0,15.264345081192088,12.0,17.0,30000.0,15000.0,28000.0,0.0,24.838023912219246,19.5,25.0,1.0,15000.0,34005.767500161775,28000.0,0.0,25.325994507804694,20.0,26.0,1.0,722.0,15.139982973630929,12.0,17.0,1.0,23663.660089703604,15000.0,28000.0,1.0,19.5,22.10085690214649,25.0,1.0,27691.74596665027,15000.0,28000.0,1.0,22.59154625552599,20.0,26.0,1.0,0.0,92122.0,7.0,22.0
11.0,22.0,11.0,21.0,-121.0,21.0,13.0,-111.0,10.005756254563842,9.0,11.0,30000.0,10000.0,19000.0,0.0,25.12270551703311,16.5,19.0,0.0,10000.0,36485.17420865316,25000.0,0.0,26.420127741596307,17.0,20.0,0.0,121.0,9.990950936786954,9.0,11.0,1.0,11134.818573792114,10000.0,19000.0,1.0,16.5,16.73413170164769,19.0,1.0,17619.563642765992,10000.0,25000.0,1.0,18.031468072640973,17.0,20.0,1.0,0.0,211.0,1.0,2.0
81.0,23.0,81.0,23.0,-721.0,912.0,12.0,-711.0,15.336686717057242,12.0,17.0,30000.0,12500.0,23000.0,0.0,26.393490262801024,20.0,24.0,0.0,12500.0,34128.29344204386,26000.0,0.0,26.897154523654685,20.0,25.0,0.0,722.0,15.472820551703357,12.0,17.0,1.0,18567.627223082633,12500.0,23000.0,1.0,20.0,22.205716083351895,24.0,1.0,22531.42364589418,12500.0,26000.0,1.0,22.689311211338087,20.0,25.0,1.0,0.0,912.0,7.0,5.0
11.0,22.0,11.0,22.0,-121.0,21.0,13.0,-111.0,10.20972378687559,9.0,11.0,30000.0,10000.0,19000.0,0.0,23.994975115049257,16.5,19.0,0.0,10000.0,37024.13609141929,25000.0,0.0,25.319682125473644,17.0,20.0,0.0,122.0,10.205740084521889,9.0,11.0,1.0,13829.58967751218,10000.0,19000.0,1.0,16.5,17.309181971424564,19.0,1.0,20772.12735780896,10000.0,25000.0,1.0,18.618500044925373,17.0,20.0,1.0,0.0,211.0,1.0,13.0
11.0,22.0,11.0,21.0,-121.0,11.0,11.0,-111.0,10.186241390028027,9.0,11.0,30000.0,10000.0,19000.0,0.0,24.155935794312732,16.5,19.0,0.0,10000.0,37084.83446996417,25000.0,0.0,25.49425608287866,17.0,20.0,0.0,122.0,10.195038822045156,9.0,11.0,1.0,11845.843442559923,10000.0,19000.0,1.0,16.5,16.898397288152896,19.0,1.0,18796.185793904548,10000.0,25000.0,1.0,18.211312109341453,17.0,20.0,1.0,0.0,111.0,1.0,12.0
81.0,23.0,81.0,21.0,-721.0,912.0,12.0,-711.0,15.260947636220523,12.0,17.0,30000.0,12500.0,23000.0,0.0,26.755994693515134,20.0,24.0,0.0,12500.0,34473.175928629695,26000.0,0.0,27.314552678608848,20.0,25.0,0.0,721.0,15.132722173200705,12.0,17.0,1.0,13604.756437073413,12500.0,23000.0,1.0,20.0,21.31479630820385,24.0,1.0,18149.217229109367,12500.0,26000.0,1.0,21.882255514780276,20.0,25.0,1.0,0.0,912.0,7.0,11.0
91.0,24.0,91.0,24.0,-721.0,911.0,12.0,-711.0,15.259328274638188,12.0,17.0,30000.0,18000.0,36000.0,1.0,24.71644079198127,20.0,25.0,1.0,18000.0,33947.053758577014,36000.0,1.0,25.197340556946227,20.0,26.0,1.0,722.0,15.187851004341079,12.0,17.0,1.0,26097.309419276567,18000.0,36000.0,1.0,20.0,23.45949658624523,25.0,1.0,30089.223728412097,18000.0,36000.0,1.0,23.945862055388375,20.0,26.0,1.0,1.0,91121.0,7.0,1.0
11.0,22.0,11.0,22.0,-121.0,11.0,12.0,-111.0,9.994592364167682,9.0,11.0,30000.0,10000.0,19000.0,0.0,24.901817226896924,16.5,19.0,0.0,10000.0,36540.47263043093,25000.0,0.0,26.204895712336782,17.0,20.0,0.0,121.0,10.004346836784686,9.0,11.0,1.0,15564.868796013487,10000.0,19000.0,1.0,16.5,17.617428987156718,19.0,1.0,21966.401287650846,10000.0,25000.0,1.0,18.89282600126321,17.0,20.0,1.0,0.0,111.0,1.0,40.0
11.0,22.0,11.0,21.0,-121.0,11.0,12.0,-111.0,10.181469876337923,9.0,11.0,30000.0,10000.0,19000.0,0.0,25.91502039469241,16.5,19.0,0.0,10000.0,37047.366921347966,25000.0,0.0,27.246047156685034,17.0,20.0,0.0,122.0,10.224704143125338,9.0,11.0,1.0,13216.69788357372,10000.0,19000.0,1.0,16.5,17.204017567714956,19.0,1.0,20264.916871877413,10000.0,25000.0,1.0,18.535205258453555,17.0,20.0,1.0,0.0,111.0,1.0,45.0
11.0,21.0,11.0,22.0,-121.0,21.0,13.0,-111.0,10.215299617923366,9.0,11.0,30000.0,10000.0,19000.0,0.0,26.856492773417052,16.5,19.0,0.0,10000.0,36906.77646812411,25000.0,0.0,28.156504744088352,17.0,20.0,0.0,122.0,10.198078408728966,9.0,11.0,1.0,12741.671884127592,10000.0,19000.0,1.0,16.5,17.11530224900418,19.0,1.0,19713.02083474898,10000.0,25000.0,1.0,18.427468225326287,17.0,20.0,1.0,0.0,211.0,1.0,24.0
11.0,22.0,11.0,22.0,-121.0,21.0,13.0,-111.0,10.00965039429888,9.0,11.0,30000.0,10000.0,19000.0,0.0,25.139415020661097,16.5,19.0,0.0,10000.0,36409.92483539925,25000.0,0.0,26.42378656619795,17.0,20.0,0.0,121.0,9.987615919965103,9.0,11.0,1.0,13691.943061540089,10000.0,19000.0,1.0,16.5,17.2756718998864,19.0,1.0,20241.581434387903,10000.0,25000.0,1.0,18.588038171825385,17.0,20.0,1.0,0.0,211.0,1.0,31.0
81.0,21.0,81.0,21.0,-721.0,912.0,12.0,-711.0,16.148734904711358,12.0,17.0,30000.0,12500.0,23000.0,0.0,27.492807202756506,20.0,24.0,0.0,12500.0,34590.06566810445,26000.0,0.0,28.066196533977074,20.0,25.0,0.0,721.0,15.222620255805174,12.0,17.0,1.0,15882.96058855,12500.0,23000.0,1.0,20.0,21.684411937426233,24.0,1.0,20362.680100903974,12500.0,26000.0,1.0,22.244016867066627,20.0,25.0,1.0,0.0,912.0,7.0,6.0
11.0,22.0,11.0,21.0,-121.0,11.0,12.0,-111.0,9.992810060792666,9.0,11.0,30000.0,10000.0,19000.0,0.0,23.754516292681814,16.5,19.0,0.0,10000.0,36491.14965083902,25000.0,0.0,25.051280191948358,17.0,20.0,0.0,121.0,10.01999635144518,9.0,11.0,1.0,13052.947073968546,10000.0,19000.0,1.0,16.5,17.115739985671933,19.0,1.0,19472.322787143763,10000.0,25000.0,1.0,18.39816530760209,17.0,20.0,1.0,0.0,111.0,1.0,10.0
11.0,22.0,11.0,21.0,-121.0,11.0,11.0,-111.0,9.99100699448769,9.0,11.0,30000.0,10000.0,19000.0,0.0,24.773063998254823,16.5,19.0,0.0,10000.0,36474.846355668764,25000.0,0.0,26.064522212352767,17.0,20.0,0.0,121.0,10.012286521573474,9.0,11.0,1.0,15294.323212553412,10000.0,19000.0,1.0,16.5,17.573441059045564,19.0,1.0,21813.6001533472,10000.0,25000.0,1.0,18.87376129719241,17.0,20.0,1.0,0.0,111.0,1.0,26.0
11.0,22.0,11.0,22.0,-121.0,11.0,11.0,-111.0,10.205036068814843,9.0,11.0,30000.0,10000.0,19000.0,0.0,24.57160758128675,16.5,19.0,0.0,10000.0,37108.83739253585,25000.0,0.0,25.91275105343128,17.0,20.0,0.0,122.0,10.186467600421347,9.0,11.0,1.0,14115.78536298025,10000.0,19000.0,1.0,16.5,17.357266245874808,19.0,1.0,21090.96792113367,10000.0,25000.0,1.0,18.67319458103495,17.0,20.0,1.0,0.0,111.0,1.0,17.0
81.0,23.0,81.0,23.0,-721.0,912.0,12.0,-711.0,15.377402011873802,12.0,17.0,30000.0,12500.0,23000.0,0.0,26.008258301874676,20.0,24.0,0.0,12500.0,33995.05913212176,26000.0,0.0,26.495232765471485,20.0,25.0,0.0,722.0,15.289799893052248,12.0,17.0,1.0,18924.86931964824,12500.0,23000.0,1.0,20.0,22.071546886406438,24.0,1.0,22766.347792989713,12500.0,26000.0,1.0,22.539800761282283,20.0,25.0,1.0,0.0,912.0,7.0,10.0
11.0,22.0,11.0,22.0,-121.0,11.0,11.0,-111.0,10.000353308023707,9.0,11.0,30000.0,10000.0,19000.0,0.0,25.76359749282698,16.5,19.0,0.0,10000.0,36561.119519630935,25000.0,0.0,27.080238317318557,17.0,20.0,0.0,121.0,9.983178638079318,9.0,11.0,1.0,14844.730895807965,10000.0,19000.0,1.0,16.5,17.46856207263421,19.0,1.0,21353.73750322474,10000.0,25000.0,1.0,18.774745232469773,17.0,20.0,1.0,0.0,111.0,1.0,27.0
11.0,22.0,11.0,21.0,-121.0,21.0,13.0,-111.0,10.210597244440201,9.0,11.0,30000.0,10000.0,19000.0,0.0,25.743634039431193,16.5,19.0,0.0,10000.0,36953.04773885326,25000.0,0.0,27.05283643887918,17.0,20.0,0.0,122.0,10.180808007055514,9.0,11.0,1.0,11960.729936983425,10000.0,19000.0,1.0,16.5,16.93035541183859,19.0,1.0,18854.376554128823,10000.0,25000.0,1.0,18.228373062671196,17.0,20.0,1.0,0.0,211.0,1.0,2.0
11.0,21.0,11.0,22.0,-121.0,11.0,11.0,-111.0,9.983619352095532,9.0,11.0,30000.0,10000.0,19000.0,0.0,26.968312797212818,16.5,19.0,0.0,10000.0,36439.295385688165,25000.0,0.0,28.254526678746615,17.0,20.0,0.0,121.0,10.010254593091519,9.0,11.0,1.0,17121.663422810376,10000.0,19000.0,1.0,16.5,17.940428952629254,19.0,1.0,23573.5645332872,10000.0,25000.0,1.0,19.229160758444955,17.0,20.0,1.0,0.0,111.0,1.0,43.0
11.0,22.0,11.0,22.0,-121.0,11.0,12.0,-111.0,10.185068205790804,9.0,11.0,30000.0,10000.0,19000.0,0.0,24.10826442466878,16.5,19.0,0.0,10000.0,36995.00187465886,25000.0,0.0,25.426590486690433,17.0,20.0,0.0,122.0,10.203861628264994,9.0,11.0,1.0,14778.558921788332,10000.0,19000.0,1.0,16.5,17.512562726175993,19.0,1.0,21744.38406930114,10000.0,25000.0,1.0,18.825389941951375,17.0,20.0,1.0,0.0,111.0,1.0,49.0
11.0,22.0,11.0,22.0,-121.0,21.0,13.0,-111.0,9.990513715580521,9.0,11.0,30000.0,10000.0,19000.0,0.0,26.55632869200631,16.5,19.0,0.0,10000.0,36529.779354670034,25000.0,0.0,27.86708462142711,17.0,20.0,0.0,121.0,10.003850613811544,9.0,11.0,1.0,15309.222747586165,10000.0,19000.0,1.0,16.5,17.60178758353558,19.0,1.0,21820.54389179177,10000.0,25000.0,1.0,18.908838302182996,17.0,20.0,1.0,0.0,211.0,1.0,4.0
81.0,23.0,81.0,23.0,-721.0,912.0,12.0,-711.0,15.177957341641612,12.0,17.0,30000.0,12500.0,23000.0,0.0,26.66477394563836,20.0,24.0,0.0,12500.0,33948.75430016817,26000.0,0.0,27.148983560290265,20.0,25.0,0.0,722.0,15.300488394748516,12.0,17.0,1.0,18125.039922566106,12500.0,23000.0,1.0,20.0,22.10416230203552,24.0,1.0,22132.22079804724,12500.0,26000.0,1.0,22.595536381064587,20.0,25.0,1.0,0.0,912.0,7.0,10.0
81.0,23.0,81.0,23.0,-721.0,912.0,12.0,-711.0,14.553747912342752,12.0,17.0,30000.0,12500.0,23000.0,0.0,26.246984493008497,20.0,24.0,0.0,12500.0,34462.828232129184,26000.0,0.0,26.80367365553906,20.0,25.0,0.0,721.0,14.378565369673192,12.0,17.0,1.0,17634.669301878777,12500.0,23000.0,1.0,20.0,21.128553517825235,24.0,1.0,22107.72903646386,12500.0,26000.0,1.0,21.686518948730324,20.0,25.0,1.0,0.0,912.0,7.0,10.0
91.0,24.0,91.0,24.0,-721.0,911.0,11.0,-711.0,15.120346778733072,12.0,17.0,30000.0,18000.0,36000.0,1.0,23.981575798670068,20.0,25.0,1.0,18000.0,34423.43178762558,36000.0,1.0,24.5339687667271,20.0,26.0,1.0,721.0,15.89361052405368,12.0,17.0,1.0,22019.123240845438,18000.0,36000.0,1.0,20.0,23.64239258013253,25.0,1.0,26505.989789570365,18000.0,36000.0,1.0,24.20270720667646,20.0,26.0,1.0,1.0,91121.0,7.0,4.0
11.0,22.0,11.0,21.0,-121.0,21.0,13.0,-111.0,10.2171480195056,9.0,11.0,30000.0,10000.0,19000.0,0.0,25.32716681289069,16.5,19.0,0.0,10000.0,36883.30900233024,25000.0,0.0,26.628119062488103,17.0,20.0,0.0,122.0,10.205450192629549,9.0,11.0,1.0,11289.154792351439,10000.0,19000.0,1.0,16.5,16.8143255304345,19.0,1.0,18259.99093110673,10000.0,25000.0,1.0,18.13182049589639,17.0,20.0,1.0,0.0,211.0,1.0,58.0
11.0,22.0,11.0,22.0,-121.0,21.0,12.0,-111.0,10.217728980124456,9.0,11.0,30000.0,10000.0,19000.0,0.0,23.149683434952912,16.5,19.0,0.0,10000.0,36876.42530171737,25000.0,0.0,24.44353162604382,17.0,20.0,0.0,122.0,10.190372485145096,9.0,11.0,1.0,17030.725112925495,10000.0,19000.0,1.0,16.5,17.9225537131447,19.0,1.0,24090.84643141771,10000.0,25000.0,1.0,19.250965612643146,17.0,20.0,1.0,0.0,211.0,1.0,48.0
11.0,21.0,11.0,22.0,-121.0,21.0,13.0,-111.0,10.187999785210911,9.0,11.0,30000.0,10000.0,19000.0,0.0,27.520215265724637,16.5,19.0,0.0,10000.0,36969.18635437589,25000.0,0.0,28.836758162593714,17.0,20.0,0.0,122.0,10.170673456765194,9.0,11.0,1.0,14357.417102393181,10000.0,19000.0,1.0,16.5,17.414231066873896,19.0,1.0,21273.95800060458,10000.0,25000.0,1.0,18.72082875667841,17.0,20.0,1.0,0.0,211.0,1.0,9.0
11.0,22.0,11.0,22.0,-121.0,21.0,13.0,-111.0,10.208667098186059,9.0,11.0,30000.0,10000.0,19000.0,0.0,27.44308342702284,16.5,19.0,0.0,10000.0,36869.29579047166,25000.0,0.0,28.736381408831868,17.0,20.0,0.0,122.0,10.196741781904153,9.0,11.0,1.0,12728.477347756361,10000.0,19000.0,1.0,16.5,17.169409777932,19.0,1.0,19681.87785833918,10000.0,25000.0,1.0,18.47854234717155,17.0,20.0,1.0,0.0,211.0,1.0,41.0
91.0,24.0,91.0,24.0,-721.0,911.0,12.0,-711.0,13.869925968784488,12.0,17.0,30000.0,18000.0,36000.0,1.0,24.075216673062908,20.0,25.0,1.0,18000.0,34489.060099397015,36000.0,1.0,24.638492398674675,20.0,26.0,1.0,721.0,14.85430937237917,12.0,17.0,1.0,24970.06490352907,18000.0,36000.0,1.0,20.0,23.12517515418475,25.0,1.0,29411.04001686973,18000.0,36000.0,1.0,23.682417299311467,20.0,26.0,1.0,1.0,91121.0,7.0,13.0
11.0,22.0,11.0,21.0,-121.0,21.0,13.0,-111.0,10.005939995009477,9.0,11.0,30000.0,10000.0,19000.0,0.0,25.622459007958547,16.5,19.0,0.0,10000.0,36403.41989723704,25000.0,0.0,26.903851573361585,17.0,20.0,0.0,121.0,9.98962512925038,9.0,11.0,1.0,12647.169400209772,10000.0,19000.0,1.0,16.5,16.981498444752127,19.0,1.0,19110.509474953193,10000.0,25000.0,1.0,18.274881676268976,17.0,20.0,1.0,0.0,211.0,1.0,2.0
91.0,24.0,91.0,21.0,-721.0,911.0,11.0,-711.0,15.2928724409506,12.0,17.0,30000.0,18000.0,36000.0,1.0,24.914161526324026,20.0,25.0,1.0,18000.0,33960.31519386365,36000.0,1.0,25.399069622974892,20.0,26.0,1.0,722.0,14.893927505756265,12.0,17.0,1.0,23352.6525404364,18000.0,36000.0,1.0,20.0,22.60955511000799,25.0,1.0,27408.553291217533,18000.0,36000.0,1.0,23.106166873716464,20.0,26.0,1.0,1.0,91121.0,7.0,2.0
11.0,22.0,11.0,21.0,-121.0,21.0,13.0,-111.0,10.013081251036493,9.0,11.0,30000.0,10000.0,19000.0,0.0,25.340960458065943,16.5,19.0,0.0,10000.0,36526.81706922372,25000.0,0.0,26.64421437764568,17.0,20.0,0.0,121.0,9.991636259706329,9.0,11.0,1.0,12304.45407189698,10000.0,19000.0,1.0,16.5,16.926867379807547,19.0,1.0,18742.445197095196,10000.0,25000.0,1.0,18.212384819494588,17.0,20.0,1.0,0.0,211.0,1.0,20.0
11.0,21.0,11.0,22.0,-121.0,21.0,13.0,-111.0,10.20582842134024,9.0,11.0,30000.0,10000.0,19000.0,0.0,26.991352225753815,16.5,19.0,0.0,10000.0,36931.51913706098,25000.0,0.0,28.29708744814744,17.0,20.0,0.0,122.0,10.203791994759747,9.0,11.0,1.0,13700.578094358669,10000.0,19000.0,1.0,16.5,17.302592038548,19.0,1.0,20715.239750355504,10000.0,25000.0,1.0,18.62398935655247,17.0,20.0,1.0,0.0,211.0,1.0,52.0
11.0,22.0,11.0,22.0,-121.0,21.0,13.0,-111.0,10.193383630024742,9.0,11.0,30000.0,10000.0,19000.0,0.0,25.423377636367377,16.5,19.0,0.0,10000.0,36970.23251006142,25000.0,0.0,26.735814400170494,17.0,20.0,0.0,122.0,10.210480827893194,9.0,11.0,1.0,13716.33330304084,10000.0,19000.0,1.0,16.5,17.288940301169475,19.0,1.0,20552.61306216097,10000.0,25000.0,1.0,18.576154876947424,17.0,20.0,1.0,0.0,211.0,1.0,22.0
11.0,22.0,11.0,22.0,-121.0,21.0,13.0,-111.0,10.202621016448331,9.0,11.0,30000.0,10000.0,19000.0,0.0,26.24405994026501,16.5,19.0,0.0,10000.0,36975.62979345327,25000.0,0.0,27.556843114559662,17.0,20.0,0.0,122.0,10.215852397395162,9.0,11.0,1.0,14690.099971383768,10000.0,19000.0,1.0,16.5,17.496582518948312,19.0,1.0,21531.22804680916,10000.0,25000.0,1.0,18.78405305516311,17.0,20.0,1.0,0.0,211.0,1.0,4.0
81.0,23.0,81.0,23.0,-721.0,912.0,12.0,-711.0,15.32628879412975,12.0,17.0,30000.0,12500.0,23000.0,0.0,26.89473294716468,20.0,24.0,0.0,12500.0,34027.41719261018,26000.0,0.0,27.385340059926655,20.0,25.0,0.0,722.0,15.203483894387068,12.0,17.0,1.0,17486.493201339646,12500.0,23000.0,1.0,20.0,21.971990032609384,24.0,1.0,21518.67976401586,12500.0,26000.0,1.0,22.46317813481593,20.0,25.0,1.0,0.0,912.0,7.0,10.0
11.0,22.0,11.0,22.0,-121.0,21.0,13.0,-111.0,10.005470004709576,9.0,11.0,30000.0,10000.0,19000.0,0.0,25.211484597069155,16.5,19.0,0.0,10000.0,36455.654265230354,25000.0,0.0,26.506503199300177,17.0,20.0,0.0,121.0,9.997371581099545,9.0,11.0,1.0,14582.54955845263,10000.0,19000.0,1.0,16.5,17.469819473875965,19.0,1.0,21138.55534330815,10000.0,25000.0,1.0,18.784968814113924,17.0,20.0,1.0,0.0,211.0,1.0,22.0
91.0,21.0,91.0,24.0,-721.0,911.0,12.0,-711.0,14.903316387272318,12.0,17.0,30000.0,18000.0,36000.0,1.0,24.57026320077398,20.0,25.0,1.0,18000.0,34097.956973596614,36000.0,1.0,25.069840263851034,20.0,26.0,1.0,722.0,15.08823758429338,12.0,17.0,1.0,26928.765261064706,18000.0,36000.0,1.0,20.0,23.44671852256721,25.0,1.0,30882.13017013867,18000.0,36000.0,1.0,23.92866853894663,20.0,26.0,1.0,1.0,91121.0,7.0,19.0
11.0,21.0,11.0,22.0,-121.0,21.0,13.0,-111.0,10.203906188978475,9.0,11.0,30000.0,10000.0,19000.0,0.0,26.61941054076712,16.5,19.0,0.0,10000.0,37053.324685361746,25000.0,0.0,27.9489218856822,17.0,20.0,0.0,122.0,10.184269553037234,9.0,11.0,1.0,13736.83719088794,10000.0,19000.0,1.0,16.5,17.32633655591742,19.0,1.0,20751.377191400006,10000.0,25000.0,1.0,18.648537209659636,17.0,20.0,1.0,0.0,211.0,1.0,9.0
11.0,21.0,11.0,21.0,-121.0,11.0,11.0,-111.0,10.186699680741185,9.0,11.0,30000.0,10000.0,19000.0,0.0,26.699231879175482,16.5,19.0,0.0,10000.0,37143.273080869454,25000.0,0.0,28.045975930575942,17.0,20.0,0.0,122.0,10.213262585284726,9.0,11.0,1.0,16328.801375994877,10000.0,19000.0,1.0,16.5,17.771412029591502,19.0,1.0,23288.82927643937,10000.0,25000.0,1.0,19.083608282819995,17.0,20.0,1.0,0.0,111.0,1.0,56.0
11.0,22.0,11.0,22.0,-121.0,11.0,11.0,-111.0,10.008270087478829,9.0,11.0,30000.0,10000.0,19000.0,0.0,25.86177108035971,16.5,19.0,0.0,10000.0,36491.26044502986,25000.0,0.0,27.15805415139166,17.0,20.0,0.0,121.0,10.004908003535153,9.0,11.0,1.0,17048.20137609536,10000.0,19000.0,1.0,16.5,17.951837252434473,19.0,1.0,23459.985789220995,10000.0,25000.0,1.0,19.232249224843486,17.0,20.0,1.0,0.0,111.0,1.0,55.0
11.0,22.0,11.0,21.0,-121.0,21.0,13.0,-111.0,9.991783708612772,9.0,11.0,30000.0,10000.0,19000.0,0.0,25.258915114589914,16.5,19.0,0.0,10000.0,36453.52200096967,25000.0,0.0,26.54718349344508,17.0,20.0,0.0,121.0,10.00720598055739,9.0,11.0,1.0,12233.296087440145,10000.0,19000.0,1.0,16.5,16.901571656518982,19.0,1.0,18720.139220877565,10000.0,25000.0,1.0,18.196491684086183,17.0,20.0,1.0,0.0,211.0,1.0,2.0
11.0,22.0,11.0,22.0,-121.0,11.0,11.0,-111.0,10.192004301083436,9.0,11.0,30000.0,10000.0,19000.0,0.0,25.057963576547092,16.5,19.0,0.0,10000.0,36972.58851215885,25000.0,0.0,26.381890117664792,17.0,20.0,0.0,122.0,10.198896808877166,9.0,11.0,1.0,17443.792639762203,10000.0,19000.0,1.0,16.5,18.027179270766567,19.0,1.0,24471.22944323475,10000.0,25000.0,1.0,19.361520180734306,17.0,20.0,1.0,0.0,111.0,1.0,57.0
91.0,24.0,91.0,24.0,-721.0,911.0,11.0,-711.0,15.068876005295007,12.0,17.0,30000.0,18000.0,36000.0,1.0,24.052960207500334,20.0,25.0,1.0,18000.0,34511.68049563772,36000.0,1.0,24.616327729913692,20.0,26.0,1.0,721.0,14.850369631851349,12.0,17.0,1.0,25905.076060687312,18000.0,36000.0,1.0,20.0,23.159745859126637,25.0,1.0,30465.63739357473,18000.0,36000.0,1.0,23.729217066453295,20.0,26.0,1.0,1.0,91121.0,7.0,9.0
11.0,22.0,11.0,22.0,-121.0,11.0,11.0,-111.0,9.994404355360613,9.0,11.0,30000.0,10000.0,19000.0,0.0,24.757981164035492,16.5,19.0,0.0,10000.0,36454.254916205246,25000.0,0.0,26.050717115466806,17.0,20.0,0.0,121.0,10.004084241944168,9.0,11.0,1.0,15096.615593519587,10000.0,19000.0,1.0,16.5,17.5689637180353,19.0,1.0,21569.476959171538,10000.0,25000.0,1.0,18.865426393378286,17.0,20.0,1.0,0.0,111.0,1.0,50.0
11.0,21.0,11.0,22.0,-121.0,11.0,12.0,-111.0,10.001524062077154,9.0,11.0,30000.0,10000.0,19000.0,0.0,24.71853823689485,16.5,19.0,0.0,10000.0,36411.40786987006,25000.0,0.0,26.002241528481893,17.0,20.0,0.0,121.0,10.007498385693902,9.0,11.0,1.0,15345.801382609083,10000.0,19000.0,1.0,16.5,17.577966862637677,19.0,1.0,21815.417253681266,10000.0,25000.0,1.0,18.87332466197972,17.0,20.0,1.0,0.0,111.0,1.0,7.0
11.0,22.0,11.0,22.0,-121.0,21.0,13.0,-111.0,10.210691218079528,9.0,11.0,30000.0,10000.0,19000.0,0.0,26.414652113487477,16.5,19.0,0.0,10000.0,36918.41733439467,25000.0,0.0,27.71524170348733,17.0,20.0,0.0,122.0,10.230125310004066,9.0,11.0,1.0,13382.404163977455,10000.0,19000.0,1.0,16.5,17.291537621380098,19.0,1.0,20448.82664923615,10000.0,25000.0,1.0,18.619950620864536,17.0,20.0,1.0,0.0,211.0,1.0,19.0
11.0,21.0,11.0,22.0,-121.0,21.0,13.0,-111.0,10.224280865568312,9.0,11.0,30000.0,10000.0,19000.0,0.0,26.303838759113397,16.5,19.0,0.0,10000.0,37146.83215227237,25000.0,0.0,27.655451427653272,17.0,20.0,0.0,122.0,10.192176812086432,9.0,11.0,1.0,13460.512507014031,10000.0,19000.0,1.0,16.5,17.315883233843728,19.0,1.0,20421.50781836017,10000.0,25000.0,1.0,18.632350340948044,17.0,20.0,1.0,0.0,211.0,1.0,59.0
11.0,22.0,11.0,22.0,-121.0,21.0,13.0,-111.0,10.22794002800157,9.0,11.0,30000.0,10000.0,19000.0,0.0,29.403016517093434,16.5,19.0,0.0,10000.0,36986.557704870655,25000.0,0.0,30.726985165318816,17.0,20.0,0.0,122.0,10.184132905712861,9.0,11.0,1.0,14302.317435844601,10000.0,19000.0,1.0,16.5,17.39035252114776,19.0,1.0,21259.49842901871,10000.0,25000.0,1.0,18.70875421538562,17.0,20.0,1.0,0.0,211.0,1.0,5.0
91.0,24.0,91.0,21.0,-721.0,911.0,11.0,-711.0,14.261280435718811,12.0,17.0,30000.0,18000.0,36000.0,1.0,24.269729690854433,20.0,25.0,1.0,18000.0,34466.32275917112,36000.0,1.0,24.82743021461026,20.0,26.0,1.0,721.0,14.094689005924035,12.0,17.0,1.0,22565.18598036659,18000.0,36000.0,1.0,20.0,21.887699322530842,25.0,1.0,27038.086730410832,18000.0,36000.0,1.0,22.446221226458462,20.0,26.0,1.0,1.0,91121.0,7.0,2.0
11.0,21.0,11.0,21.0,-121.0,21.0,13.0,-111.0,9.99549420558284,9.0,11.0,30000.0,10000.0,19000.0,0.0,27.42661812669228,16.5,19.0,0.0,10000.0,36533.65746429662,25000.0,0.0,28.735690663918486,17.0,20.0,0.0,121.0,10.000860099372519,9.0,11.0,1.0,11638.121323714693,10000.0,19000.0,1.0,16.5,16.84544884891399,19.0,1.0,18113.82783871345,10000.0,25000.0,1.0,18.14291043214596,17.0,20.0,1.0,0.0,211.0,1.0,34.0
11.0,22.0,11.0,22.0,-121.0,11.0,11.0,-111.0,10.214886975426078,9.0,11.0,30000.0,10000.0,19000.0,0.0,23.74143949645844,16.5,19.0,0.0,10000.0,37074.887404033565,25000.0,0.0,25.08000369885076,17.0,20.0,0.0,122.0,10.192090258134796,9.0,11.0,1.0,16182.55460538575,10000.0,19000.0,1.0,16.5,17.78756318530894,19.0,1.0,23009.198531505313,10000.0,25000.0,1.0,19.079159879381113,17.0,20.0,1.0,0.0,111.0,1.0,38.0
11.0,22.0,11.0,22.0,-121.0,21.0,12.0,-111.0,9.999534181878381,9.0,11.0,30000.0,10000.0,19000.0,0.0,25.213616384408542,16.5,19.0,0.0,10000.0,36601.68642060945,25000.0,0.0,26.539077181896246,17.0,20.0,0.0,121.0,9.999057804809595,9.0,11.0,1.0,14959.56178662267,10000.0,19000.0,1.0,16.5,17.524801830252205,19.0,1.0,21564.028187134645,10000.0,25000.0,1.0,18.850820781239463,17.0,20.0,1.0,0.0,211.0,1.0,23.0
11.0,22.0,11.0,22.0,-121.0,21.0,13.0,-111.0,10.205819879056527,9.0,11.0,30000.0,10000.0,19000.0,0.0,25.4710433528727,16.5,19.0,0.0,10000.0,36996.47074000391,25000.0,0.0,26.793615949256154,17.0,20.0,0.0,122.0,10.179633819174793,9.0,11.0,1.0,13699.923332533295,10000.0,19000.0,1.0,16.5,17.289592641024814,19.0,1.0,20636.546145999546,10000.0,25000.0,1.0,18.600851929523404,17.0,20.0,1.0,0.0,211.0,1.0,21.0
91.0,21.0,91.0,24.0,-721.0,911.0,11.0,-711.0,14.912420282315606,12.0,17.0,30000.0,18000.0,36000.0,1.0,24.413258501107535,20.0,25.0,1.0,18000.0,33968.674531620985,36000.0,1.0,24.899041802997452,20.0,26.0,1.0,722.0,15.203288393437342,12.0,17.0,1.0,22881.604306307683,18000.0,36000.0,1.0,20.0,23.01055081813996,25.0,1.0,26845.214936498523,18000.0,36000.0,1.0,23.495714276115347,20.0,26.0,1.0,1.0,91121.0,7.0,18.0
81.0,23.0,81.0,23.0,-721.0,912.0,12.0,-711.0,15.166251397095602,12.0,17.0,30000.0,12500.0,23000.0,0.0,26.449300925910826,20.0,24.0,0.0,12500.0,34593.667214562185,26000.0,0.0,27.0232377772508,20.0,25.0,0.0,721.0,15.354803721115404,12.0,17.0,1.0,19134.244964645313,12500.0,23000.0,1.0,20.0,22.308639399686797,24.0,1.0,23662.543377601698,12500.0,26000.0,1.0,22.874409015043597,20.0,25.0,1.0,0.0,912.0,7.0,10.0
81.0,23.0,81.0,23.0,-721.0,912.0,12.0,-711.0,15.199745236595163,12.0,17.0,30000.0,12500.0,23000.0,0.0,25.32037355908672,20.0,24.0,0.0,12500.0,33962.77476777486,26000.0,0.0,25.805115131162722,20.0,25.0,0.0,722.0,15.034742312309836,12.0,17.0,1.0,19380.96326357553,12500.0,23000.0,1.0,20.0,21.95545643524168,24.0,1.0,23434.2402370416,12500.0,26000.0,1.0,22.451268578832334,20.0,25.0,1.0,0.0,912.0,7.0,10.0
11.0,22.0,11.0,22.0,-121.0,11.0,12.0,-111.0,10.198364364631171,9.0,11.0,30000.0,10000.0,19000.0,0.0,23.88931872851694,16.5,19.0,0.0,10000.0,37034.3442693087,25000.0,0.0,25.211452891545175,17.0,20.0,0.0,122.0,10.193665331698995,9.0,11.0,1.0,16161.780397323106,10000.0,19000.0,1.0,16.5,17.72709206605382,19.0,1.0,23199.14600296412,10000.0,25000.0,1.0,19.049794101769265,17.0,20.0,1.0,0.0,111.0,1.0,14.0
11.0,22.0,11.0,22.0,-121.0,21.0,13.0,-111.0,9.996611224987019,9.0,11.0,30000.0,10000.0,19000.0,0.0,24.591786695276344,16.5,19.0,0.0,10000.0,36540.012989805815,25000.0,0.0,25.89370235746817,17.0,20.0,0.0,121.0,10.002225869832776,9.0,11.0,1.0,14626.596879816458,10000.0,19000.0,1.0,16.5,17.45473475995263,19.0,1.0,21091.034935408603,10000.0,25000.0,1.0,18.74160577457644,17.0,20.0,1.0,0.0,211.0,1.0,21.0
11.0,22.0,11.0,21.0,-121.0,11.0,12.0,-111.0,10.190759044909429,9.0,11.0,30000.0,10000.0,19000.0,0.0,23.782536397160186,16.5,19.0,0.0,10000.0,36985.25804111191,25000.0,0.0,25.103718430195684,17.0,20.0,0.0,122.0,10.197219542802321,9.0,11.0,1.0,14503.685720513844,10000.0,19000.0,1.0,16.5,17.381352302121705,19.0,1.0,21451.540778867242,10000.0,25000.0,1.0,18.69545998679217,17.0,20.0,1.0,0.0,111.0,1.0,10.0
11.0,22.0,11.0,22.0,-121.0,21.0,13.0,-111.0,10.165364376415242,9.0,11.0,30000.0,10000.0,19000.0,0.0,27.358950883760983,16.5,19.0,0.0,10000.0,37051.15116743387,25000.0,0.0,28.683309565495524,17.0,20.0,0.0,122.0,10.205323091323987,9.0,11.0,1.0,15608.204531921272,10000.0,19000.0,1.0,16.5,17.661958748487457,19.0,1.0,22549.91224970326,10000.0,25000.0,1.0,18.965761583486664,17.0,20.0,1.0,0.0,211.0,1.0,41.0
11.0,21.0,11.0,21.0,-121.0,21.0,12.0,-111.0,10.0178896013234,9.0,11.0,30000.0,10000.0,19000.0,0.0,25.076191107910347,16.5,19.0,0.0,10000.0,36518.19967884508,25000.0,0.0,26.377460325107002,17.0,20.0,0.0,121.0,10.004251535877716,9.0,11.0,1.0,12940.549477763523,10000.0,19000.0,1.0,16.5,17.077578121869056,19.0,1.0,19466.261864829918,10000.0,25000.0,1.0,18.380347148281114,17.0,20.0,1.0,0.0,211.0,1.0,6.0
11.0,22.0,11.0,22.0,-121.0,11.0,11.0,-111.0,10.004206430561325,9.0,11.0,30000.0,10000.0,19000.0,0.0,23.990549327480977,16.5,19.0,0.0,10000.0,36456.00001565591,25000.0,0.0,25.285154683550168,17.0,20.0,0.0,121.0,10.005571976896162,9.0,11.0,1.0,15766.501014655172,10000.0,19000.0,1.0,16.5,17.680805109882854,19.0,1.0,22288.490170563007,10000.0,25000.0,1.0,18.9886431013618,17.0,20.0,1.0,0.0,111.0,1.0,11.0
11.0,22.0,11.0,21.0,-121.0,11.0,12.0,-111.0,10.191260924479648,9.0,11.0,30000.0,10000.0,19000.0,0.0,24.060330392294134,16.5,19.0,0.0,10000.0,36965.32423750139,25000.0,0.0,25.373809284866187,17.0,20.0,0.0,122.0,10.212739367957536,9.0,11.0,1.0,14851.243322647568,10000.0,19000.0,1.0,16.5,17.47843993999055,19.0,1.0,21926.914725191044,10000.0,25000.0,1.0,18.812727436325456,17.0,20.0,1.0,0.0,111.0,1.0,10.0
11.0,21.0,11.0,22.0,-121.0,21.0,13.0,-111.0,10.192478382142122,9.0,11.0,30000.0,10000.0,19000.0,0.0,27.530815495550108,16.5,19.0,0.0,10000.0,37018.664257671335,25000.0,0.0,28.856430880949006,17.0,20.0,0.0,122.0,10.201866401382784,9.0,11.0,1.0,17402.824085930944,10000.0,19000.0,1.0,16.5,18.029612968972014,19.0,1.0,24341.306366453504,10000.0,25000.0,1.0,19.340084381295984,17.0,20.0,1.0,0.0,211.0,1.0,52.0
11.0,21.0,11.0,22.0,-121.0,11.0,11.0,-111.0,10.180349368072621,9.0,11.0,30000.0,10000.0,19000.0,0.0,27.71594186094383,16.5,19.0,0.0,10000.0,36902.46040961914,25000.0,0.0,29.01591176153682,17.0,20.0,0.0,122.0,10.227865943620511,9.0,11.0,1.0,14168.689034293784,10000.0,19000.0,1.0,16.5,17.45838524367687,19.0,1.0,21241.505787893377,10000.0,25000.0,1.0,18.790439083388296,17.0,20.0,1.0,0.0,111.0,1.0,43.0
92.0,24.0,92.0,24.0,-721.0,921.0,13.0,-711.0,15.376792155948412,12.0,17.0,30000.0,15000.0,28000.0,0.0,25.04968482836081,19.5,25.0,0.0,15000.0,34516.47167727476,28000.0,0.0,25.616500694779596,20.0,26.0,1.0,721.0,15.346153203089022,12.0,17.0,1.0,16944.42969813461,15000.0,28000.0,1.0,19.5,21.53605035267769,25.0,1.0,21447.672355680774,15000.0,28000.0,1.0,22.10120598101349,20.0,26.0,1.0,0.0,92122.0,7.0,22.0
11.0,22.0,11.0,22.0,-121.0,11.0,11.0,-111.0,10.007736670825194,9.0,11.0,30000.0,10000.0,19000.0,0.0,22.94904008527698,16.5,19.0,0.0,10000.0,36469.193127806226,25000.0,0.0,24.237857861029397,17.0,20.0,0.0,121.0,9.99706582794906,9.0,11.0,1.0,16655.322325892597,10000.0,19000.0,1.0,16.5,17.802308746995568,19.0,1.0,23096.419027585558,10000.0,25000.0,1.0,19.085529043635134,17.0,20.0,1.0,0.0,111.0,1.0,30.0
11.0,22.0,11.0,22.0,-121.0,11.0,11.0,-111.0,10.214087115811342,9.0,11.0,30000.0,10000.0,19000.0,0.0,23.31818201459778,16.5,19.0,0.0,10000.0,37123.10245518938,25000.0,0.0,24.659404740872194,17.0,20.0,0.0,122.0,10.184976875779553,9.0,11.0,1.0,11277.661449370267,10000.0,19000.0,1.0,16.5,16.878686225868808,19.0,1.0,18141.088566033413,10000.0,25000.0,1.0,18.171014180844423,17.0,20.0,1.0,0.0,111.0,1.0,17.0
91.0,24.0,91.0,24.0,-721.0,911.0,11.0,-711.0,15.122289641260586,12.0,17.0,30000.0,18000.0,36000.0,1.0,25.58629343659203,20.0,25.0,0.0,18000.0,33997.58790428239,36000.0,1.0,26.07319560528523,20.0,26.0,0.0,722.0,15.365645340662805,12.0,17.0,1.0,23179.63913442952,18000.0,36000.0,1.0,20.0,23.268090572846855,25.0,1.0,27257.32927580137,18000.0,36000.0,1.0,23.764749113104582,20.0,26.0,1.0,0.0,91121.0,7.0,9.0
11.0,22.0,11.0,21.0,-121.0,11.0,11.0,-111.0,10.194456494399661,9.0,11.0,30000.0,10000.0,19000.0,0.0,27.69029966702555,16.5,19.0,0.0,10000.0,37029.20042591,25000.0,0.0,29.018424303072038,17.0,20.0,0.0,122.0,10.203947835839347,9.0,11.0,1.0,13360.024518242528,10000.0,19000.0,1.0,16.5,17.190952325168972,19.0,1.0,20375.441041298887,10000.0,25000.0,1.0,18.516472576669344,17.0,20.0,1.0,0.0,111.0,1.0,12.0
11.0,22.0,11.0,22.0,-121.0,11.0,11.0,-111.0,10.201349990658649,9.0,11.0,30000.0,10000.0,19000.0,0.0,24.8206409784307,16.5,19.0,0.0,10000.0,37048.42332987813,25000.0,0.0,26.14431469205252,17.0,20.0,0.0,122.0,10.204076856576958,9.0,11.0,1.0,17263.849979548882,10000.0,19000.0,1.0,16.5,17.97501741948985,19.0,1.0,24207.99247650752,10000.0,25000.0,1.0,19.279107491365153,17.0,20.0,1.0,0.0,111.0,1.0,17.0
11.0,22.0,11.0,22.0,-121.0,21.0,13.0,-111.0,10.00835029661614,9.0,11.0,30000.0,10000.0,19000.0,0.0,25.67910274946207,16.5,19.0,0.0,10000.0,36581.25382098076,25000.0,0.0,27.002310153012708,17.0,20.0,0.0,121.0,10.005442290549098,9.0,11.0,1.0,15660.46925904145,10000.0,19000.0,1.0,16.5,17.72570210141288,19.0,1.0,22174.728078424538,10000.0,25000.0,1.0,19.035439688340986,17.0,20.0,1.0,0.0,211.0,1.0,21.0
11.0,22.0,11.0,22.0,-121.0,11.0,11.0,-111.0,9.990385379095914,9.0,11.0,30000.0,10000.0,19000.0,0.0,24.06746872752781,16.5,19.0,0.0,10000.0,36478.36518257641,25000.0,0.0,25.36692595280194,17.0,20.0,0.0,121.0,10.008403830472053,9.0,11.0,1.0,15773.970497743283,10000.0,19000.0,1.0,16.5,17.66281770295987,19.0,1.0,22287.5367927978,10000.0,25000.0,1.0,18.969335712653866,17.0,20.0,1.0,0.0,111.0,1.0,30.0
11.0,22.0,11.0,21.0,-121.0,11.0,11.0,-111.0,9.99866330086299,9.0,11.0,30000.0,10000.0,19000.0,0.0,25.303155052133746,16.5,19.0,0.0,10000.0,36474.85389834726,25000.0,0.0,26.592504737010938,17.0,20.0,0.0,121.0,10.004613205126084,9.0,11.0,1.0,14406.593027219036,10000.0,19000.0,1.0,16.5,17.33812032607984,19.0,1.0,20888.802167648537,10000.0,25000.0,1.0,18.62893467397643,17.0,20.0,1.0,0.0,111.0,1.0,39.0
11.0,22.0,11.0,22.0,-121.0,21.0,13.0,-111.0,10.202476919430831,9.0,11.0,30000.0,10000.0,19000.0,0.0,24.317640155567066,16.5,19.0,0.0,10000.0,37032.542749074346,25000.0,0.0,25.65096995726354,17.0,20.0,0.0,122.0,10.202165954997518,9.0,11.0,1.0,12812.63186608654,10000.0,19000.0,1.0,16.5,17.13796204191385,19.0,1.0,19737.280335940843,10000.0,25000.0,1.0,18.450835706612708,17.0,20.0,1.0,0.0,211.0,1.0,19.0
11.0,22.0,11.0,22.0,-121.0,21.0,13.0,-111.0,10.203705482677714,9.0,11.0,30000.0,10000.0,19000.0,0.0,25.788951707637366,16.5,19.0,0.0,10000.0,36955.86985063968,25000.0,0.0,27.1018595046511,17.0,20.0,0.0,122.0,10.185543730018658,9.0,11.0,1.0,16176.522671975568,10000.0,19000.0,1.0,16.5,17.75592358287965,19.0,1.0,23175.27970811297,10000.0,25000.0,1.0,19.07692625823944,17.0,20.0,1.0,0.0,211.0,1.0,36.0
11.0,22.0,11.0,21.0,-121.0,11.0,12.0,-111.0,10.184248807074027,9.0,11.0,30000.0,10000.0,19000.0,0.0,23.7429905328531,16.5,19.0,0.0,10000.0,36890.79303560865,25000.0,0.0,25.044254621393524,17.0,20.0,0.0,122.0,10.189968941999984,9.0,11.0,1.0,14411.551156045894,10000.0,19000.0,1.0,16.5,17.400784388295566,19.0,1.0,21337.864683778764,10000.0,25000.0,1.0,18.70875620126911,17.0,20.0,1.0,0.0,111.0,1.0,10.0
11.0,22.0,11.0,22.0,-121.0,21.0,13.0,-111.0,10.199555842601452,9.0,11.0,30000.0,10000.0,19000.0,0.0,25.796843527522576,16.5,19.0,0.0,10000.0,37144.31862680319,25000.0,0.0,27.148219983260837,17.0,20.0,0.0,122.0,10.206461272322636,9.0,11.0,1.0,14013.686642367384,10000.0,19000.0,1.0,16.5,17.3775867539885,19.0,1.0,21170.767207631772,10000.0,25000.0,1.0,18.731377181452675,17.0,20.0,1.0,0.0,211.0,1.0,19.0
11.0,22.0,11.0,22.0,-121.0,11.0,11.0,-111.0,10.172308690425384,9.0,11.0,30000.0,10000.0,19000.0,0.0,24.8612967227075,16.5,19.0,0.0,10000.0,37041.2166391765,25000.0,0.0,26.183668631706002,17.0,20.0,0.0,122.0,10.181105204703465,9.0,11.0,1.0,14018.831753045017,10000.0,19000.0,1.0,16.5,17.364428852394628,19.0,1.0,21006.794900672714,10000.0,25000.0,1.0,18.676799518015898,17.0,20.0,1.0,0.0,111.0,1.0,17.0
11.0,22.0,11.0,22.0,-121.0,21.0,13.0,-111.0,9.993168120227335,9.0,11.0,30000.0,10000.0,19000.0,0.0,25.85084291550947,16.5,19.0,0.0,10000.0,36482.827060691925,25000.0,0.0,27.13952296577553,17.0,20.0,0.0,121.0,10.009288072779968,9.0,11.0,1.0,13195.347372864242,10000.0,19000.0,1.0,16.5,17.135853833778608,19.0,1.0,19680.461638220004,10000.0,25000.0,1.0,18.4249885429448,17.0,20.0,1.0,0.0,211.0,1.0,47.0
11.0,21.0,11.0,21.0,-121.0,11.0,11.0,-111.0,10.192539929176514,9.0,11.0,30000.0,10000.0,19000.0,0.0,25.84025812747994,16.5,19.0,0.0,10000.0,36981.368734300544,25000.0,0.0,27.16164266228997,17.0,20.0,0.0,122.0,10.205004713795034,9.0,11.0,1.0,16680.936830591985,10000.0,19000.0,1.0,16.5,17.80505401238365,19.0,1.0,23525.621904206095,10000.0,25000.0,1.0,19.100568022047955,17.0,20.0,1.0,0.0,111.0,1.0,56.0
91.0,24.0,91.0,21.0,-721.0,911.0,11.0,-711.0,15.350694365604133,12.0,17.0,30000.0,18000.0,36000.0,1.0,24.744028446660057,20.0,25.0,1.0,18000.0,34497.059199556985,36000.0,1.0,25.303929768065228,20.0,26.0,1.0,721.0,15.064897088707262,12.0,17.0,1.0,25135.550812207668,18000.0,36000.0,1.0,20.0,23.090286844961863,25.0,1.0,29617.84197614945,18000.0,36000.0,1.0,23.648349488624852,20.0,26.0,1.0,1.0,91121.0,7.0,15.0
11.0,21.0,11.0,22.0,-121.0,21.0,13.0,-111.0,9.994680768420247,9.0,11.0,30000.0,10000.0,19000.0,0.0,28.027913910421667,16.5,19.0,0.0,10000.0,36616.64186888501,25000.0,0.0,29.350179543702634,17.0,20.0,0.0,121.0,10.010484585417382,9.0,11.0,1.0,15240.703885888592,10000.0,19000.0,1.0,16.5,17.566426368922123,19.0,1.0,21744.888723369877,10000.0,25000.0,1.0,18.866218658353972,17.0,20.0,1.0,0.0,211.0,1.0,52.0
81.0,23.0,81.0,23.0,-721.0,912.0,11.0,-711.0,15.378215417017563,12.0,17.0,30000.0,12500.0,23000.0,0.0,26.335338353836804,20.0,24.0,0.0,12500.0,34076.907830844706,26000.0,0.0,26.832501238134487,20.0,25.0,0.0,722.0,15.161741310482425,12.0,17.0,1.0,20139.19911145576,12500.0,23000.0,1.0,20.0,22.18447665062981,24.0,1.0,24005.932250977043,12500.0,26000.0,1.0,22.656009557483763,20.0,25.0,1.0,0.0,912.0,7.0,17.0
11.0,22.0,11.0,22.0,-121.0,11.0,11.0,-111.0,10.193868089321395,9.0,11.0,30000.0,10000.0,19000.0,0.0,23.57046594643301,16.5,19.0,0.0,10000.0,36995.52894232628,25000.0,0.0,24.89031887465871,17.0,20.0,0.0,122.0,10.218308911190439,9.0,11.0,1.0,16272.124649418714,10000.0,19000.0,1.0,16.5,17.820073488483704,19.0,1.0,23214.564316145224,10000.0,25000.0,1.0,19.129910013884768,17.0,20.0,1.0,0.0,111.0,1.0,50.0
11.0,22.0,11.0,21.0,-121.0,11.0,11.0,-111.0,10.014941749304864,9.0,11.0,30000.0,10000.0,19000.0,0.0,24.09469733067656,16.5,19.0,0.0,10000.0,36472.28665856665,25000.0,0.0,25.392572990317756,17.0,20.0,0.0,121.0,10.024125845478295,9.0,11.0,1.0,10359.728801654523,10000.0,19000.0,1.0,16.5,16.578346505057148,19.0,1.0,16886.997153995366,10000.0,25000.0,1.0,17.887247541947502,17.0,20.0,1.0,0.0,111.0,1.0,1.0
11.0,22.0,11.0,22.0,-121.0,11.0,11.0,-111.0,10.0035207569621,9.0,11.0,30000.0,10000.0,19000.0,0.0,24.119237874911327,16.5,19.0,0.0,10000.0,36490.66027412655,25000.0,0.0,25.415961598654008,17.0,20.0,0.0,121.0,9.996364567644667,9.0,11.0,1.0,19595.00571647066,10000.0,19000.0,0.0,16.5,18.471903871766763,19.0,1.0,26056.122681088185,10000.0,25000.0,0.0,19.76272534385857,17.0,20.0,1.0,0.0,111.0,1.0,11.0
81.0,23.0,81.0,23.0,-721.0,912.0,12.0,-711.0,14.824548654812327,12.0,17.0,30000.0,12500.0,23000.0,0.0,27.018115217214934,20.0,24.0,0.0,12500.0,34476.32266962859,26000.0,0.0,27.57887806110656,20.0,25.0,0.0,721.0,14.297342415134416,12.0,17.0,1.0,16539.896381738054,12500.0,23000.0,1.0,20.0,20.912051960579884,24.0,1.0,21008.673060123427,12500.0,26000.0,1.0,21.471869494711285,20.0,25.0,1.0,0.0,912.0,7.0,10.0
11.0,21.0,11.0,22.0,-121.0,21.0,13.0,-111.0,10.206438887914905,9.0,11.0,30000.0,10000.0,19000.0,0.0,27.09211934768279,16.5,19.0,0.0,10000.0,36911.14883162275,25000.0,0.0,28.389468735900397,17.0,20.0,0.0,122.0,10.182133951228481,9.0,11.0,1.0,14202.374913118076,10000.0,19000.0,1.0,16.5,17.389220538254122,19.0,1.0,21089.624187385256,10000.0,25000.0,1.0,18.682083541231112,17.0,20.0,1.0,0.0,211.0,1.0,59.0
91.0,24.0,91.0,21.0,-721.0,911.0,11.0,-711.0,15.32152087841048,12.0,17.0,30000.0,18000.0,36000.0,1.0,24.515077388626963,20.0,25.0,1.0,18000.0,33887.263233119054,36000.0,1.0,24.99080393859847,20.0,26.0,1.0,722.0,14.771872160819932,12.0,17.0,1.0,23483.70952634367,18000.0,36000.0,1.0,20.0,22.611755861260576,25.0,1.0,27476.11720974362,18000.0,36000.0,1.0,23.100350077654728,20.0,26.0,1.0,1.0,91121.0,7.0,21.0
11.0,22.0,11.0,22.0,-121.0,21.0,13.0,-111.0,10.01411436470429,9.0,11.0,30000.0,10000.0,19000.0,0.0,26.094026609256602,16.5,19.0,0.0,10000.0,36571.491791730165,25000.0,0.0,27.405262030385234,17.0,20.0,0.0,121.0,9.988166569709334,9.0,11.0,1.0,14428.640940492964,10000.0,19000.0,1.0,16.5,17.402902689576266,19.0,1.0,20896.217853596754,10000.0,25000.0,1.0,18.69340356914941,17.0,20.0,1.0,0.0,211.0,1.0,8.0
92.0,24.0,92.0,24.0,-721.0,921.0,13.0,-711.0,15.728952429957122,12.0,17.0,30000.0,15000.0,28000.0,0.0,24.722146824084817,19.5,25.0,1.0,15000.0,34490.81209072284,28000.0,0.0,25.282518154042425,20.0,26.0,1.0,721.0,15.817030345972395,12.0,17.0,1.0,19812.81822549896,15000.0,28000.0,1.0,19.5,22.337686387520467,25.0,1.0,24271.44935304033,15000.0,28000.0,1.0,22.894042121017346,20.0,26.0,1.0,0.0,92122.0,7.0,22.0
11.0,21.0,11.0,21.0,-121.0,11.0,11.0,-111.0,10.186934749315276,9.0,11.0,30000.0,10000.0,19000.0,0.0,26.505179735273494,16.5,19.0,0.0,10000.0,37229.356239741086,25000.0,0.0,27.869720262627467,17.0,20.0,0.0,122.0,10.203169494279665,9.0,11.0,1.0,12563.900127825964,10000.0,19000.0,1.0,16.5,17.07365172890953,19.0,1.0,19517.164795953315,10000.0,25000.0,1.0,18.38607998979961,17.0,20.0,1.0,0.0,111.0,1.0,56.0
11.0,22.0,11.0,21.0,-121.0,11.0,11.0,-111.0,10.187927028189087,9.0,11.0,30000.0,10000.0,19000.0,0.0,23.505072514363125,16.5,19.0,0.0,10000.0,36990.86451997112,25000.0,0.0,24.8255768203314,17.0,20.0,0.0,122.0,10.241195838718912,9.0,11.0,1.0,15419.336135671329,10000.0,19000.0,1.0,16.5,17.6424074388582,19.0,1.0,22493.813670065494,10000.0,25000.0,1.0,18.978705406006032,17.0,20.0,1.0,0.0,111.0,1.0,26.0
11.0,22.0,11.0,22.0,-121.0,21.0,13.0,-111.0,9.992460215350523,9.0,11.0,30000.0,10000.0,19000.0,0.0,25.930529988672518,16.5,19.0,0.0,10000.0,36499.12802392492,25000.0,0.0,27.231758574407195,17.0,20.0,0.0,121.0,10.002716800480412,9.0,11.0,1.0,14367.526894635197,10000.0,19000.0,1.0,16.5,17.409299697789297,19.0,1.0,20881.16883823808,10000.0,25000.0,1.0,18.713434200611083,17.0,20.0,1.0,0.0,211.0,1.0,47.0
11.0,22.0,11.0,22.0,-121.0,11.0,11.0,-111.0,10.218202950338718,9.0,11.0,30000.0,10000.0,19000.0,0.0,25.731744574265704,16.5,19.0,0.0,10000.0,36836.8728665182,25000.0,0.0,27.021507529174905,17.0,20.0,0.0,122.0,10.197914325056686,9.0,11.0,1.0,16795.20741992512,10000.0,19000.0,1.0,16.5,17.872769456380944,19.0,1.0,23693.248663179515,10000.0,25000.0,1.0,19.174071708256253,17.0,20.0,1.0,0.0,111.0,1.0,30.0
11.0,22.0,11.0,22.0,-121.0,21.0,13.0,-111.0,10.231158368398644,9.0,11.0,30000.0,10000.0,19000.0,0.0,25.786884999653566,16.5,19.0,0.0,10000.0,36963.28663651994,25000.0,0.0,27.091306736729763,17.0,20.0,0.0,122.0,10.197864304886973,9.0,11.0,1.0,13068.100841328602,10000.0,19000.0,1.0,16.5,17.17950585672526,19.0,1.0,20151.92730332917,10000.0,25000.0,1.0,18.50650813324323,17.0,20.0,1.0,0.0,211.0,1.0,8.0
91.0,24.0,91.0,21.0,-721.0,911.0,11.0,-711.0,15.569413466305141,12.0,17.0,30000.0,18000.0,36000.0,1.0,25.092053816064222,20.0,25.0,0.0,18000.0,34494.61659959014,36000.0,1.0,25.654649899928202,20.0,26.0,1.0,721.0,14.84696705586949,12.0,17.0,1.0,23110.51939885367,18000.0,36000.0,1.0,20.0,22.72464025970274,25.0,1.0,27578.024074910063,18000.0,36000.0,1.0,23.283842714395433,20.0,26.0,1.0,0.0,91121.0,7.0,21.0
11.0,22.0,11.0,21.0,-121.0,21.0,13.0,-111.0,9.991390574756947,9.0,11.0,30000.0,10000.0,19000.0,0.0,24.56910773455335,16.5,19.0,0.0,10000.0,36557.587952631744,25000.0,0.0,25.881216446831864,17.0,20.0,0.0,121.0,10.004035483394754,9.0,11.0,1.0,14115.261764125522,10000.0,19000.0,1.0,16.5,17.297638505900913,19.0,1.0,20546.968829352285,10000.0,25000.0,1.0,18.58455969339646,17.0,20.0,1.0,0.0,211.0,1.0,2.0
11.0,22.0,11.0,21.0,-121.0,21.0,13.0,-111.0,10.00693202766157,9.0,11.0,30000.0,10000.0,19000.0,0.0,24.9232176579359,16.5,19.0,0.0,10000.0,36424.751231065224,25000.0,0.0,26.201707738720057,17.0,20.0,0.0,121.0,9.996699654020844,9.0,11.0,1.0,12031.056683370978,10000.0,19000.0,1.0,16.5,16.860625728242734,19.0,1.0,18517.272161111912,10000.0,25000.0,1.0,18.15134685531516,17.0,20.0,1.0,0.0,211.0,1.0,58.0
91.0,24.0,91.0,21.0,-721.0,911.0,11.0,-711.0,15.197724698473522,12.0,17.0,30000.0,18000.0,36000.0,1.0,24.506769832642917,20.0,25.0,1.0,18000.0,34023.3935714098,36000.0,1.0,24.998884209028073,20.0,26.0,1.0,722.0,15.257340151328078,12.0,17.0,1.0,27916.96574682215,18000.0,36000.0,1.0,20.0,23.67128356172617,25.0,1.0,31983.52436216999,18000.0,36000.0,1.0,24.168677595271927,20.0,26.0,1.0,1.0,91121.0,7.0,21.0
11.0,21.0,11.0,21.0,-121.0,11.0,11.0,-111.0,10.172622501918667,9.0,11.0,30000.0,10000.0,19000.0,0.0,26.939811576816794,16.5,19.0,0.0,10000.0,37021.386121500065,25000.0,0.0,28.256005376175693,17.0,20.0,0.0,122.0,10.187456702402923,9.0,11.0,1.0,17982.089788937097,10000.0,19000.0,1.0,16.5,17.992743968526884,19.0,1.0,24978.75024508597,10000.0,25000.0,1.0,19.304302818766462,17.0,20.0,1.0,0.0,111.0,1.0,56.0
11.0,22.0,11.0,22.0,-121.0,11.0,11.0,-111.0,10.009208167436075,9.0,11.0,30000.0,10000.0,19000.0,0.0,26.202581556158215,16.5,19.0,0.0,10000.0,36565.01299042196,25000.0,0.0,27.517694494068195,17.0,20.0,0.0,121.0,9.988992908235039,9.0,11.0,1.0,14654.398935524674,10000.0,19000.0,1.0,16.5,17.453677967636075,19.0,1.0,21159.09725286451,10000.0,25000.0,1.0,18.7567085826273,17.0,20.0,1.0,0.0,111.0,1.0,30.0
11.0,22.0,11.0,21.0,-121.0,11.0,12.0,-111.0,9.996943597822275,9.0,11.0,30000.0,10000.0,19000.0,0.0,24.38648361297104,16.5,19.0,0.0,10000.0,36564.20183924084,25000.0,0.0,25.701662032846418,17.0,20.0,0.0,121.0,9.99316552112168,9.0,11.0,1.0,12134.001709363889,10000.0,19000.0,1.0,16.5,16.892130085583105,19.0,1.0,18665.212884555927,10000.0,25000.0,1.0,18.20069862196054,17.0,20.0,1.0,0.0,111.0,1.0,45.0
11.0,21.0,11.0,21.0,-121.0,21.0,13.0,-111.0,10.185590581278081,9.0,11.0,30000.0,10000.0,19000.0,0.0,26.477239510637204,16.5,19.0,0.0,10000.0,36996.8066643713,25000.0,0.0,27.79742589351676,17.0,20.0,0.0,122.0,10.185080321452201,9.0,11.0,1.0,11604.649279516301,10000.0,19000.0,1.0,16.5,16.86158139901471,19.0,1.0,18612.385685258836,10000.0,25000.0,1.0,18.18383005064326,17.0,20.0,1.0,0.0,211.0,1.0,34.0
81.0,21.0,81.0,21.0,-721.0,912.0,12.0,-711.0,15.633772123578249,12.0,17.0,30000.0,12500.0,23000.0,0.0,27.538271246474146,20.0,24.0,0.0,12500.0,34546.0010775999,26000.0,0.0,28.10495104352385,20.0,25.0,0.0,721.0,15.836036769242503,12.0,17.0,1.0,14997.546315748175,12500.0,23000.0,1.0,20.0,22.191939383675184,24.0,1.0,19468.16688404903,12500.0,26000.0,1.0,22.749222655959073,20.0,25.0,1.0,0.0,912.0,7.0,6.0
11.0,22.0,11.0,21.0,-121.0,21.0,13.0,-111.0,9.989767036322204,9.0,11.0,30000.0,10000.0,19000.0,0.0,25.9648207603084,16.5,19.0,0.0,10000.0,36407.29306543922,25000.0,0.0,27.249020528362006,17.0,20.0,0.0,121.0,9.992195728004917,9.0,11.0,1.0,12311.236763530525,10000.0,19000.0,1.0,16.5,16.921396741137098,19.0,1.0,18796.979522589394,10000.0,25000.0,1.0,18.22132001010151,17.0,20.0,1.0,0.0,211.0,1.0,33.0
11.0,21.0,11.0,22.0,-121.0,11.0,11.0,-111.0,10.006869980408752,9.0,11.0,30000.0,10000.0,19000.0,0.0,24.22661602487189,16.5,19.0,0.0,10000.0,36480.38548412488,25000.0,0.0,25.528316543173148,17.0,20.0,0.0,121.0,9.991302276913231,9.0,11.0,1.0,17786.829752134796,10000.0,19000.0,1.0,16.5,18.112753759324775,19.0,1.0,24355.230656105385,10000.0,25000.0,1.0,19.432133737885348,17.0,20.0,1.0,0.0,111.0,1.0,35.0
11.0,22.0,11.0,22.0,-121.0,11.0,12.0,-111.0,10.21163959181757,9.0,11.0,30000.0,10000.0,19000.0,0.0,24.683760221683613,16.5,19.0,0.0,10000.0,36962.07316265592,25000.0,0.0,25.999871469376192,17.0,20.0,0.0,122.0,10.198847614381044,9.0,11.0,1.0,15861.944645351072,10000.0,19000.0,1.0,16.5,17.742865243143363,19.0,1.0,22669.05891041418,10000.0,25000.0,1.0,19.02968303997911,17.0,20.0,1.0,0.0,111.0,1.0,49.0
11.0,21.0,11.0,22.0,-121.0,21.0,13.0,-111.0,9.996226199753648,9.0,11.0,30000.0,10000.0,19000.0,0.0,26.29811494669117,16.5,19.0,0.0,10000.0,36433.999483360945,25000.0,0.0,27.585263429379452,17.0,20.0,0.0,121.0,10.005979346459215,9.0,11.0,1.0,13233.304944393005,10000.0,19000.0,1.0,16.5,17.1896694883269,19.0,1.0,19823.95263698972,10000.0,25000.0,1.0,18.508156099865683,17.0,20.0,1.0,0.0,211.0,1.0,24.0
11.0,21.0,11.0,22.0,-121.0,21.0,12.0,-111.0,10.198218213993165,9.0,11.0,30000.0,10000.0,19000.0,0.0,25.440169699642027,16.5,19.0,0.0,10000.0,36845.68762989001,25000.0,0.0,26.735602940719506,17.0,20.0,0.0,122.0,10.22211968661261,9.0,11.0,1.0,15943.82126953697,10000.0,19000.0,1.0,16.5,17.778902023684147,19.0,1.0,22916.193778392204,10000.0,25000.0,1.0,19.09830828430708,17.0,20.0,1.0,0.0,211.0,1.0,37.0
11.0,21.0,11.0,22.0,-121.0,11.0,12.0,-111.0,10.198222021093633,9.0,11.0,30000.0,10000.0,19000.0,0.0,26.147826047712392,16.5,19.0,0.0,10000.0,36911.34971552101,25000.0,0.0,27.452207242613873,17.0,20.0,0.0,122.0,10.202997972803798,9.0,11.0,1.0,14991.38328657577,10000.0,19000.0,1.0,16.5,17.567716961959338,19.0,1.0,21986.17304449199,10000.0,25000.0,1.0,18.88784582217685,17.0,20.0,1.0,0.0,111.0,1.0,51.0
11.0,22.0,11.0,22.0,-121.0,21.0,13.0,-111.0,10.019799285895704,9.0,11.0,30000.0,10000.0,19000.0,0.0,24.944346630161608,16.5,19.0,0.0,10000.0,36553.70613619001,25000.0,0.0,26.251009781365973,17.0,20.0,0.0,121.0,9.99939448402051,9.0,11.0,1.0,16257.594603829808,10000.0,19000.0,1.0,16.5,17.75543760892138,19.0,1.0,22751.97680059796,10000.0,25000.0,1.0,19.050272886855875,17.0,20.0,1.0,0.0,211.0,1.0,4.0
11.0,22.0,11.0,21.0,-121.0,11.0,11.0,-111.0,10.000989538803026,9.0,11.0,30000.0,10000.0,19000.0,0.0,26.351111531605653,16.5,19.0,0.0,10000.0,36512.75348663647,25000.0,0.0,27.651272117919135,17.0,20.0,0.0,121.0,9.98544139586243,9.0,11.0,1.0,14390.75533380656,10000.0,19000.0,1.0,16.5,17.32972609372204,19.0,1.0,20932.970348002476,10000.0,25000.0,1.0,18.635768173481264,17.0,20.0,1.0,0.0,111.0,1.0,39.0
11.0,22.0,11.0,22.0,-121.0,21.0,13.0,-111.0,9.994864831209368,9.0,11.0,30000.0,10000.0,19000.0,0.0,25.875318650353368,16.5,19.0,0.0,10000.0,36490.75066654627,25000.0,0.0,27.171700946613857,17.0,20.0,0.0,121.0,10.003507661571662,9.0,11.0,1.0,13740.27818562856,10000.0,19000.0,1.0,16.5,17.294369507341116,19.0,1.0,20281.177428131203,10000.0,25000.0,1.0,18.60076786020159,17.0,20.0,1.0,0.0,211.0,1.0,13.0
11.0,22.0,11.0,21.0,-121.0,11.0,12.0,-111.0,10.209923309826195,9.0,11.0,30000.0,10000.0,19000.0,0.0,24.07407717747898,16.5,19.0,0.0,10000.0,36924.65826481584,25000.0,0.0,25.38098407023171,17.0,20.0,0.0,122.0,10.197433664580057,9.0,11.0,1.0,13676.380486900225,10000.0,19000.0,1.0,16.5,17.240249974467222,19.0,1.0,20560.79482195752,10000.0,25000.0,1.0,18.539561536565135,17.0,20.0,1.0,0.0,111.0,1.0,45.0
91.0,24.0,91.0,24.0,-721.0,911.0,12.0,-711.0,15.175815599172198,12.0,17.0,30000.0,18000.0,36000.0,1.0,25.09477535639111,20.0,25.0,0.0,18000.0,33906.88662754838,36000.0,1.0,25.570328535803853,20.0,26.0,1.0,722.0,15.115450121167678,12.0,17.0,1.0,24815.740008497294,18000.0,36000.0,1.0,20.0,23.15136189509962,25.0,1.0,28828.807209515417,18000.0,36000.0,1.0,23.639839562504758,20.0,26.0,1.0,0.0,91121.0,7.0,24.0
11.0,22.0,11.0,21.0,-121.0,11.0,12.0,-111.0,10.211101522654285,9.0,11.0,30000.0,10000.0,19000.0,0.0,24.046142254902982,16.5,19.0,0.0,10000.0,37080.53582736446,25000.0,0.0,25.383767429975073,17.0,20.0,0.0,122.0,10.21569982748813,9.0,11.0,1.0,13708.731791572394,10000.0,19000.0,1.0,16.5,17.284143190264444,19.0,1.0,20760.51831840629,10000.0,25000.0,1.0,18.61633716788298,17.0,20.0,1.0,0.0,111.0,1.0,10.0
11.0,22.0,11.0,22.0,-121.0,21.0,12.0,-111.0,10.004958555261874,9.0,11.0,30000.0,10000.0,19000.0,0.0,24.74842458099099,16.5,19.0,0.0,10000.0,36544.539077733294,25000.0,0.0,26.063827717337574,17.0,20.0,0.0,121.0,9.998270628736533,9.0,11.0,1.0,13419.92832130264,10000.0,19000.0,1.0,16.5,17.24139286877866,19.0,1.0,19946.60882279585,10000.0,25000.0,1.0,18.553206565606608,17.0,20.0,1.0,0.0,211.0,1.0,48.0
11.0,22.0,11.0,22.0,-121.0,21.0,13.0,-111.0,10.200273394049125,9.0,11.0,30000.0,10000.0,19000.0,0.0,25.59405693229242,16.5,19.0,0.0,10000.0,37098.09828227358,25000.0,0.0,26.937899408804043,17.0,20.0,0.0,122.0,10.204796553275981,9.0,11.0,1.0,13639.82123681701,10000.0,19000.0,1.0,16.5,17.331423130476665,19.0,1.0,20628.834481684506,10000.0,25000.0,1.0,18.654613158827033,17.0,20.0,1.0,0.0,211.0,1.0,47.0
11.0,22.0,11.0,22.0,-121.0,11.0,11.0,-111.0,10.176484164303456,9.0,11.0,30000.0,10000.0,19000.0,0.0,23.413367106174483,16.5,19.0,0.0,10000.0,37005.9804589931,25000.0,0.0,24.729352237983324,17.0,20.0,0.0,122.0,10.198797364514673,9.0,11.0,1.0,18851.526643563717,10000.0,19000.0,1.0,16.5,18.25713833525466,19.0,1.0,25588.311045580893,10000.0,25000.0,0.0,19.522558380478486,17.0,20.0,1.0,0.0,111.0,1.0,17.0
11.0,22.0,11.0,22.0,-121.0,21.0,13.0,-111.0,9.993979732114957,9.0,11.0,30000.0,10000.0,19000.0,0.0,24.10111099820216,16.5,19.0,0.0,10000.0,36548.12450827104,25000.0,0.0,25.4082050911169,17.0,20.0,0.0,121.0,10.013882901265406,9.0,11.0,1.0,14968.206805432868,10000.0,19000.0,1.0,16.5,17.534144680637652,19.0,1.0,21500.63238645537,10000.0,25000.0,1.0,18.838105055638852,17.0,20.0,1.0,0.0,211.0,1.0,4.0
11.0,21.0,11.0,22.0,-121.0,21.0,13.0,-111.0,9.99525694503303,9.0,11.0,30000.0,10000.0,19000.0,0.0,27.379801542988133,16.5,19.0,0.0,10000.0,36480.770323585486,25000.0,0.0,28.669335866395233,17.0,20.0,0.0,121.0,9.989292926936278,9.0,11.0,1.0,15061.241117119902,10000.0,19000.0,1.0,16.5,17.535599996952136,19.0,1.0,21473.870869348615,10000.0,25000.0,1.0,18.811575807837762,17.0,20.0,1.0,0.0,211.0,1.0,59.0
11.0,21.0,11.0,21.0,-121.0,11.0,11.0,-111.0,9.996340146153818,9.0,11.0,30000.0,10000.0,19000.0,0.0,23.29593775644507,16.5,19.0,0.0,10000.0,36428.73758640182,25000.0,0.0,24.579012101880647,17.0,20.0,0.0,121.0,10.003553765866288,9.0,11.0,1.0,14224.82632589448,10000.0,19000.0,1.0,16.5,17.299887882783906,19.0,1.0,20727.581800103057,10000.0,25000.0,1.0,18.597735027959992,17.0,20.0,1.0,0.0,111.0,1.0,56.0
11.0,22.0,11.0,22.0,-121.0,21.0,13.0,-111.0,10.214019187442457,9.0,11.0,30000.0,10000.0,19000.0,0.0,24.52470690992726,16.5,19.0,0.0,10000.0,37003.210728536804,25000.0,0.0,25.846237953936914,17.0,20.0,0.0,122.0,10.193216464464944,9.0,11.0,1.0,14241.071684617758,10000.0,19000.0,1.0,16.5,17.425416711752643,19.0,1.0,21438.394706026833,10000.0,25000.0,1.0,18.783577443343923,17.0,20.0,1.0,0.0,211.0,1.0,22.0
91.0,24.0,91.0,24.0,-721.0,911.0,12.0,-711.0,16.210793258589668,12.0,17.0,30000.0,18000.0,36000.0,1.0,25.7046243938916,20.0,25.0,0.0,18000.0,34443.964652005176,36000.0,1.0,26.258427910973882,20.0,26.0,0.0,721.0,14.742750502328594,12.0,17.0,1.0,27101.926756584824,18000.0,36000.0,1.0,20.0,23.157173613306007,25.0,1.0,31615.879931725925,18000.0,36000.0,1.0,23.719699047258302,20.0,26.0,1.0,0.0,91121.0,7.0,13.0
92.0,24.0,92.0,24.0,-721.0,921.0,13.0,-711.0,15.81920774709639,12.0,17.0,30000.0,15000.0,28000.0,0.0,25.387773051614815,19.5,25.0,0.0,15000.0,34500.40970329621,28000.0,0.0,25.951441862935837,20.0,26.0,1.0,721.0,15.175718875726421,12.0,17.0,1.0,19030.97828417393,15000.0,28000.0,1.0,19.5,21.63178896200355,25.0,1.0,23558.949305440266,15000.0,28000.0,1.0,22.198909782444385,20.0,26.0,1.0,0.0,92122.0,7.0,20.0
91.0,21.0,91.0,24.0,-721.0,911.0,12.0,-711.0,15.031914955939088,12.0,17.0,30000.0,18000.0,36000.0,1.0,24.5144593288219,20.0,25.0,1.0,18000.0,34461.700314644055,36000.0,1.0,25.073592476463457,20.0,26.0,1.0,721.0,14.799266277422666,12.0,17.0,1.0,27088.59336050629,18000.0,36000.0,1.0,20.0,23.24355744222725,25.0,1.0,31575.890890045004,18000.0,36000.0,1.0,23.805898391900676,20.0,26.0,1.0,1.0,91121.0,7.0,19.0
81.0,23.0,81.0,23.0,-721.0,912.0,12.0,-711.0,15.225752790123275,12.0,17.0,30000.0,12500.0,23000.0,0.0,26.03241513405073,20.0,24.0,0.0,12500.0,34054.54378474434,26000.0,0.0,26.52679553133159,20.0,25.0,0.0,722.0,15.194531510473514,12.0,17.0,1.0,15778.309427260505,12500.0,23000.0,1.0,20.0,21.72116360859919,24.0,1.0,19730.702355481466,12500.0,26000.0,1.0,22.203088503186844,20.0,25.0,1.0,0.0,912.0,7.0,10.0
11.0,22.0,11.0,22.0,-121.0,21.0,13.0,-111.0,9.994258373412773,9.0,11.0,30000.0,10000.0,19000.0,0.0,28.52516942170376,16.5,19.0,0.0,10000.0,36467.18787346936,25000.0,0.0,29.82124499808074,17.0,20.0,0.0,121.0,10.00343999557152,9.0,11.0,1.0,12518.940500408651,10000.0,19000.0,1.0,16.5,17.0766048247195,19.0,1.0,19025.84660962946,10000.0,25000.0,1.0,18.38064024953469,17.0,20.0,1.0,0.0,211.0,1.0,19.0
11.0,22.0,11.0,21.0,-121.0,21.0,13.0,-111.0,10.202075082663232,9.0,11.0,30000.0,10000.0,19000.0,0.0,24.61236382219373,16.5,19.0,0.0,10000.0,37274.80396701006,25000.0,0.0,25.988700639325653,17.0,20.0,0.0,122.0,10.194315289021695,9.0,11.0,1.0,11866.995226798716,10000.0,19000.0,1.0,16.5,16.89863502763536,19.0,1.0,18798.26237939343,10000.0,25000.0,1.0,18.209977328370112,17.0,20.0,1.0,0.0,211.0,1.0,58.0
91.0,24.0,91.0,24.0,-721.0,911.0,12.0,-711.0,14.941062894565114,12.0,17.0,30000.0,18000.0,36000.0,1.0,24.3666972313409,20.0,25.0,1.0,18000.0,34004.61841575642,36000.0,1.0,24.855721788014804,20.0,26.0,1.0,722.0,15.229752448531187,12.0,17.0,1.0,24485.281768987676,18000.0,36000.0,1.0,20.0,23.15320145246846,25.0,1.0,28404.936703298903,18000.0,36000.0,1.0,23.631850681324927,20.0,26.0,1.0,1.0,91121.0,7.0,27.0
11.0,22.0,11.0,22.0,-121.0,11.0,11.0,-111.0,10.005384819635859,9.0,11.0,30000.0,10000.0,19000.0,0.0,23.495229647228562,16.5,19.0,0.0,10000.0,36497.24175577941,25000.0,0.0,24.793104643242245,17.0,20.0,0.0,121.0,9.977236833455928,9.0,11.0,1.0,14125.250801963237,10000.0,19000.0,1.0,16.5,17.360592995137146,19.0,1.0,20615.49997225563,10000.0,25000.0,1.0,18.657071167359714,17.0,20.0,1.0,0.0,111.0,1.0,50.0
91.0,24.0,91.0,24.0,-721.0,911.0,12.0,-711.0,14.966862549440721,12.0,17.0,30000.0,18000.0,36000.0,1.0,24.453552190566977,20.0,25.0,1.0,18000.0,33948.6398679879,36000.0,1.0,24.935302511957104,20.0,26.0,1.0,722.0,15.382711011186162,12.0,17.0,1.0,27847.49487315703,18000.0,36000.0,1.0,20.0,23.834824416922494,25.0,1.0,31851.42823441819,18000.0,36000.0,1.0,24.323320772148506,20.0,26.0,1.0,1.0,91121.0,7.0,1.0
11.0,22.0,11.0,22.0,-121.0,21.0,13.0,-111.0,10.18663128744129,9.0,11.0,30000.0,10000.0,19000.0,0.0,25.358889988348828,16.5,19.0,0.0,10000.0,36940.39211227365,25000.0,0.0,26.66844877054281,17.0,20.0,0.0,122.0,10.22929828845494,9.0,11.0,1.0,13294.116503236424,10000.0,19000.0,1.0,16.5,17.26444468274999,19.0,1.0,20325.559564727908,10000.0,25000.0,1.0,18.591183556248097,17.0,20.0,1.0,0.0,211.0,1.0,47.0
81.0,23.0,81.0,23.0,-721.0,912.0,12.0,-711.0,15.083353569015545,12.0,17.0,30000.0,12500.0,23000.0,0.0,25.667507249342364,20.0,24.0,0.0,12500.0,34447.59284427342,26000.0,0.0,26.224540086735868,20.0,25.0,0.0,721.0,14.474088733314607,12.0,17.0,1.0,18339.14293527945,12500.0,23000.0,1.0,20.0,21.28403434341213,24.0,1.0,22880.896975141448,12500.0,26000.0,1.0,21.852860274235624,20.0,25.0,1.0,0.0,912.0,7.0,5.0
11.0,22.0,11.0,22.0,-121.0,21.0,13.0,-111.0,10.007936931073333,9.0,11.0,30000.0,10000.0,19000.0,0.0,25.193267734280287,16.5,19.0,0.0,10000.0,36416.44955087663,25000.0,0.0,26.47445430197093,17.0,20.0,0.0,121.0,9.990141909969168,9.0,11.0,1.0,13487.51146165885,10000.0,19000.0,1.0,16.5,17.256318045403027,19.0,1.0,19961.835154001496,10000.0,25000.0,1.0,18.54906046996981,17.0,20.0,1.0,0.0,211.0,1.0,3.0
81.0,23.0,81.0,23.0,-721.0,912.0,11.0,-711.0,15.294175648605819,12.0,17.0,30000.0,12500.0,23000.0,0.0,25.89042227970099,20.0,24.0,0.0,12500.0,34005.191027336834,26000.0,0.0,26.380561025740768,20.0,25.0,0.0,722.0,14.99832731361576,12.0,17.0,1.0,17573.815911653088,12500.0,23000.0,1.0,20.0,21.627778401195798,24.0,1.0,21536.215396258092,12500.0,26000.0,1.0,22.11268049486306,20.0,25.0,1.0,0.0,912.0,7.0,17.0
11.0,22.0,11.0,21.0,-121.0,11.0,11.0,-111.0,9.999674361901581,9.0,11.0,30000.0,10000.0,19000.0,0.0,25.6320966981305,16.5,19.0,0.0,10000.0,36469.90660577954,25000.0,0.0,26.925335722902965,17.0,20.0,0.0,121.0,9.987330772396666,9.0,11.0,1.0,14541.566164167341,10000.0,19000.0,1.0,16.5,17.376807902621806,19.0,1.0,21052.958301034894,10000.0,25000.0,1.0,18.678339273951252,17.0,20.0,1.0,0.0,111.0,1.0,1.0
11.0,21.0,11.0,22.0,-121.0,21.0,13.0,-111.0,10.203531790095944,9.0,11.0,30000.0,10000.0,19000.0,0.0,27.32394626816558,16.5,19.0,0.0,10000.0,36954.952202586916,25000.0,0.0,28.631524149608733,17.0,20.0,0.0,122.0,10.172352973542486,9.0,11.0,1.0,12382.972893945824,10000.0,19000.0,1.0,16.5,17.014855835644504,19.0,1.0,19465.64084521562,10000.0,25000.0,1.0,18.34644513847853,17.0,20.0,1.0,0.0,211.0,1.0,52.0
92.0,24.0,92.0,24.0,-721.0,921.0,13.0,-711.0,15.198381347548748,12.0,17.0,30000.0,15000.0,28000.0,0.0,24.12338345405099,19.5,25.0,1.0,15000.0,34054.146968975656,28000.0,0.0,24.617649087511438,20.0,26.0,1.0,722.0,15.119232673612261,12.0,17.0,1.0,21865.48930636754,15000.0,28000.0,1.0,19.5,21.819551889675623,25.0,1.0,25846.5212408932,15000.0,28000.0,1.0,22.304903626058717,20.0,26.0,1.0,0.0,92122.0,7.0,22.0
11.0,22.0,11.0,21.0,-121.0,21.0,12.0,-111.0,10.219644355704515,9.0,11.0,30000.0,10000.0,19000.0,0.0,24.220405285477618,16.5,19.0,0.0,10000.0,37006.0669622021,25000.0,0.0,25.544012669425804,17.0,20.0,0.0,122.0,10.194796184695706,9.0,11.0,1.0,13668.649108254558,10000.0,19000.0,1.0,16.5,17.25560679240761,19.0,1.0,20531.574184137804,10000.0,25000.0,1.0,18.55217137777764,17.0,20.0,1.0,0.0,211.0,1.0,53.0
91.0,24.0,91.0,24.0,-721.0,911.0,11.0,-711.0,15.424919900286367,12.0,17.0,30000.0,18000.0,36000.0,1.0,24.544955822810994,20.0,25.0,1.0,18000.0,34479.24132605438,36000.0,1.0,25.104836689947955,20.0,26.0,1.0,721.0,14.33489436694081,12.0,17.0,1.0,24862.153715139357,18000.0,36000.0,1.0,20.0,22.38419772434678,25.0,1.0,29339.790773251618,18000.0,36000.0,1.0,22.943878066693678,20.0,26.0,1.0,1.0,91121.0,7.0,0.0
11.0,22.0,11.0,21.0,-121.0,21.0,13.0,-111.0,10.191583445918658,9.0,11.0,30000.0,10000.0,19000.0,0.0,24.70145270107762,16.5,19.0,0.0,10000.0,37014.572559505395,25000.0,0.0,26.032543464598238,17.0,20.0,0.0,122.0,10.224323358459197,9.0,11.0,1.0,11736.172613641473,10000.0,19000.0,1.0,16.5,16.945917128557483,19.0,1.0,18778.46946769901,10000.0,25000.0,1.0,18.282268875850157,17.0,20.0,1.0,0.0,211.0,1.0,33.0
11.0,22.0,11.0,22.0,-121.0,11.0,11.0,-111.0,10.212651283340323,9.0,11.0,30000.0,10000.0,19000.0,0.0,23.28417980365718,16.5,19.0,0.0,10000.0,37065.00071639862,25000.0,0.0,24.61456877856061,17.0,20.0,0.0,122.0,10.194668598557138,9.0,11.0,1.0,17024.670389094113,10000.0,19000.0,1.0,16.5,17.89714516234555,19.0,1.0,23945.959640366113,10000.0,25000.0,1.0,19.200472264724617,17.0,20.0,1.0,0.0,111.0,1.0,30.0
11.0,22.0,11.0,21.0,-121.0,11.0,11.0,-111.0,9.993786435889174,9.0,11.0,30000.0,10000.0,19000.0,0.0,24.64436735084183,16.5,19.0,0.0,10000.0,36427.9492334878,25000.0,0.0,25.933315973199335,17.0,20.0,0.0,121.0,9.985403087634618,9.0,11.0,1.0,10576.572873591142,10000.0,19000.0,1.0,16.5,16.601928352529306,19.0,1.0,17105.085023457093,10000.0,25000.0,1.0,17.91104210498003,17.0,20.0,1.0,0.0,111.0,1.0,0.0
81.0,23.0,81.0,21.0,-721.0,912.0,12.0,-711.0,14.580221711527424,12.0,17.0,30000.0,12500.0,23000.0,0.0,26.06591888672095,20.0,24.0,0.0,12500.0,34518.186719497644,26000.0,0.0,26.630263301631032,20.0,25.0,0.0,721.0,14.349419919878947,12.0,17.0,1.0,15540.231787042389,12500.0,23000.0,1.0,20.0,20.774663626494,24.0,1.0,20065.09552972951,12500.0,26000.0,1.0,21.339842035432913,20.0,25.0,1.0,0.0,912.0,7.0,30.0
11.0,22.0,11.0,21.0,-121.0,21.0,13.0,-111.0,9.9826356100113,9.0,11.0,30000.0,10000.0,19000.0,0.0,25.647799452776844,16.5,19.0,0.0,10000.0,36532.7900717294,25000.0,0.0,26.958811950115884,17.0,20.0,0.0,121.0,9.990180565978486,9.0,11.0,1.0,14150.887586024588,10000.0,19000.0,1.0,16.5,17.354215805022044,19.0,1.0,20702.117238577084,10000.0,25000.0,1.0,18.668928791836382,17.0,20.0,1.0,0.0,211.0,1.0,58.0
91.0,21.0,91.0,24.0,-721.0,911.0,12.0,-711.0,15.12879059394173,12.0,17.0,30000.0,18000.0,36000.0,1.0,24.8319182787832,20.0,25.0,1.0,18000.0,34077.3075200653,36000.0,1.0,25.32971254739207,20.0,26.0,1.0,722.0,15.199715342006192,12.0,17.0,1.0,31956.88229395877,18000.0,36000.0,1.0,20.0,24.13524420393219,25.0,1.0,35884.47056534466,18000.0,36000.0,1.0,24.614759403933586,20.0,26.0,1.0,1.0,91121.0,7.0,19.0
11.0,22.0,11.0,22.0,-121.0,21.0,13.0,-111.0,10.192703722514192,9.0,11.0,30000.0,10000.0,19000.0,0.0,26.270308607990913,16.5,19.0,0.0,10000.0,36861.83047609634,25000.0,0.0,27.560620693160335,17.0,20.0,0.0,122.0,10.18735506514332,9.0,11.0,1.0,17640.282248755924,10000.0,19000.0,1.0,16.5,18.04000565231759,19.0,1.0,24552.23647905286,10000.0,25000.0,1.0,19.33974310671238,17.0,20.0,1.0,0.0,211.0,1.0,22.0
11.0,21.0,11.0,22.0,-121.0,21.0,13.0,-111.0,10.009345942392066,9.0,11.0,30000.0,10000.0,19000.0,0.0,28.388023847892054,16.5,19.0,0.0,10000.0,36466.10251137262,25000.0,0.0,29.680920410020953,17.0,20.0,0.0,121.0,10.007257618099183,9.0,11.0,1.0,14787.34975145359,10000.0,19000.0,1.0,16.5,17.47521265319042,19.0,1.0,21356.0493876479,10000.0,25000.0,1.0,18.788623500351605,17.0,20.0,1.0,0.0,211.0,1.0,24.0
11.0,22.0,11.0,21.0,-121.0,11.0,11.0,-111.0,9.983076042552819,9.0,11.0,30000.0,10000.0,19000.0,0.0,24.859406116002337,16.5,19.0,0.0,10000.0,36491.110298866304,25000.0,0.0,26.157404312095633,17.0,20.0,0.0,121.0,10.002282960454428,9.0,11.0,1.0,15772.09132679922,10000.0,19000.0,1.0,16.5,17.625177398947255,19.0,1.0,22279.836628187422,10000.0,25000.0,1.0,18.9265020218414,17.0,20.0,1.0,0.0,111.0,1.0,12.0
11.0,21.0,11.0,22.0,-121.0,21.0,13.0,-111.0,10.223791395074706,9.0,11.0,30000.0,10000.0,19000.0,0.0,27.62604702972971,16.5,19.0,0.0,10000.0,37083.12147912171,25000.0,0.0,28.96525622137906,17.0,20.0,0.0,122.0,10.197915106436744,9.0,11.0,1.0,13328.703457710577,10000.0,19000.0,1.0,16.5,17.26475463714989,19.0,1.0,20199.750817971675,10000.0,25000.0,1.0,18.563866872940693,17.0,20.0,1.0,0.0,211.0,1.0,32.0
11.0,22.0,11.0,22.0,-121.0,21.0,13.0,-111.0,9.989134622404531,9.0,11.0,30000.0,10000.0,19000.0,0.0,27.522351925436848,16.5,19.0,0.0,10000.0,36584.68126280255,25000.0,0.0,28.84044509667821,17.0,20.0,0.0,121.0,9.99672200647879,9.0,11.0,1.0,13996.568658362712,10000.0,19000.0,1.0,16.5,17.306804391187967,19.0,1.0,20461.419915416212,10000.0,25000.0,1.0,18.600910507326162,17.0,20.0,1.0,0.0,211.0,1.0,3.0
11.0,22.0,11.0,22.0,-121.0,21.0,13.0,-111.0,10.202135898768013,9.0,11.0,30000.0,10000.0,19000.0,0.0,26.347522561956147,16.5,19.0,0.0,10000.0,36908.6926210094,25000.0,0.0,27.655047892609343,17.0,20.0,0.0,122.0,10.210821488263866,9.0,11.0,1.0,12294.838399841987,10000.0,19000.0,1.0,16.5,17.056167490842128,19.0,1.0,19186.65853526412,10000.0,25000.0,1.0,18.360499568660575,17.0,20.0,1.0,0.0,211.0,1.0,5.0
11.0,22.0,11.0,21.0,-121.0,11.0,11.0,-111.0,10.009417863068522,9.0,11.0,30000.0,10000.0,19000.0,0.0,24.619960502643387,16.5,19.0,0.0,10000.0,36477.40012013403,25000.0,0.0,25.911074605497333,17.0,20.0,0.0,121.0,10.002702913573074,9.0,11.0,1.0,15541.35049992852,10000.0,19000.0,1.0,16.5,17.58548846795228,19.0,1.0,22068.578647896444,10000.0,25000.0,1.0,18.886534591101494,17.0,20.0,1.0,0.0,111.0,1.0,0.0
11.0,22.0,11.0,21.0,-121.0,11.0,11.0,-111.0,9.999784865168284,9.0,11.0,30000.0,10000.0,19000.0,0.0,24.08816645640674,16.5,19.0,0.0,10000.0,36438.6734260963,25000.0,0.0,25.37644880582648,17.0,20.0,0.0,121.0,9.997821058452043,9.0,11.0,1.0,15855.755899986616,10000.0,19000.0,1.0,16.5,17.630556245551087,19.0,1.0,22331.470423088344,10000.0,25000.0,1.0,18.926249965033772,17.0,20.0,1.0,0.0,111.0,1.0,1.0
11.0,22.0,11.0,22.0,-121.0,21.0,13.0,-111.0,10.201222433777108,9.0,11.0,30000.0,10000.0,19000.0,0.0,25.242144162818732,16.5,19.0,0.0,10000.0,36976.654972994234,25000.0,0.0,26.557731422531635,17.0,20.0,0.0,122.0,10.199482395296837,9.0,11.0,1.0,14149.386244132891,10000.0,19000.0,1.0,16.5,17.407241383535812,19.0,1.0,21238.007449924924,10000.0,25000.0,1.0,18.743942106642994,17.0,20.0,1.0,0.0,211.0,1.0,8.0
91.0,24.0,91.0,21.0,-721.0,911.0,11.0,-711.0,15.082890301694254,12.0,17.0,30000.0,18000.0,36000.0,1.0,24.630794444395747,20.0,25.0,1.0,18000.0,34587.30953674426,36000.0,1.0,25.204427279683422,20.0,26.0,1.0,721.0,15.46271874449703,12.0,17.0,1.0,24474.14539991326,18000.0,36000.0,1.0,20.0,23.480820244508152,25.0,1.0,29006.236415497497,18000.0,36000.0,1.0,24.047548126772774,20.0,26.0,1.0,1.0,91121.0,7.0,15.0
11.0,22.0,11.0,22.0,-121.0,11.0,11.0,-111.0,10.01353210528602,9.0,11.0,30000.0,10000.0,19000.0,0.0,23.77810799299926,16.5,19.0,0.0,10000.0,36519.00516990169,25000.0,0.0,25.084115188377584,17.0,20.0,0.0,121.0,9.9951986972658,9.0,11.0,1.0,17110.11740167431,10000.0,19000.0,1.0,16.5,17.942474021472123,19.0,1.0,23548.53078253619,10000.0,25000.0,1.0,19.232335585173338,17.0,20.0,1.0,0.0,111.0,1.0,27.0
11.0,21.0,11.0,22.0,-121.0,11.0,12.0,-111.0,10.01139076190435,9.0,11.0,30000.0,10000.0,19000.0,0.0,25.36231067645943,16.5,19.0,0.0,10000.0,36493.64393156493,25000.0,0.0,26.667075568795102,17.0,20.0,0.0,121.0,10.016579991819015,9.0,11.0,1.0,15040.760937591787,10000.0,19000.0,1.0,16.5,17.56657870278678,19.0,1.0,21607.044125379754,10000.0,25000.0,1.0,18.88593896750875,17.0,20.0,1.0,0.0,111.0,1.0,51.0
91.0,24.0,91.0,24.0,-721.0,911.0,11.0,-711.0,14.854466015180236,12.0,17.0,30000.0,18000.0,36000.0,1.0,24.260491411234295,20.0,25.0,1.0,18000.0,34114.79136744917,36000.0,1.0,24.763584005299148,20.0,26.0,1.0,722.0,15.025843191031385,12.0,17.0,1.0,25674.46075498611,18000.0,36000.0,1.0,20.0,23.225782965013494,25.0,1.0,29685.581554887576,18000.0,36000.0,1.0,23.716200336910745,20.0,26.0,1.0,1.0,91121.0,7.0,28.0
11.0,22.0,11.0,22.0,-121.0,21.0,13.0,-111.0,10.215205295790826,9.0,11.0,30000.0,10000.0,19000.0,0.0,24.251610729566508,16.5,19.0,0.0,10000.0,36999.94087038397,25000.0,0.0,25.568922525252923,17.0,20.0,0.0,122.0,10.217482593747254,9.0,11.0,1.0,16046.07153437054,10000.0,19000.0,1.0,16.5,17.770361758352955,19.0,1.0,22974.985264907198,10000.0,25000.0,1.0,19.074307028397616,17.0,20.0,1.0,0.0,211.0,1.0,3.0
11.0,22.0,11.0,22.0,-121.0,21.0,13.0,-111.0,10.225722010185724,9.0,11.0,30000.0,10000.0,19000.0,0.0,26.325076463879594,16.5,19.0,0.0,10000.0,37116.98855283868,25000.0,0.0,27.67003992785071,17.0,20.0,0.0,122.0,10.211140222946556,9.0,11.0,1.0,11933.78962959571,10000.0,19000.0,1.0,16.5,16.951901322956687,19.0,1.0,19052.08592874955,10000.0,25000.0,1.0,18.297111923901674,17.0,20.0,1.0,0.0,211.0,1.0,13.0
81.0,23.0,81.0,21.0,-721.0,912.0,12.0,-711.0,15.211934006488896,12.0,17.0,30000.0,12500.0,23000.0,0.0,26.16344025852031,20.0,24.0,0.0,12500.0,34021.38514545237,26000.0,0.0,26.651434690052806,20.0,25.0,0.0,722.0,15.171874457895317,12.0,17.0,1.0,13986.351348060916,12500.0,23000.0,1.0,20.0,21.27569566724483,24.0,1.0,17896.6773657317,12500.0,26000.0,1.0,21.750213091734228,20.0,25.0,1.0,0.0,912.0,7.0,30.0
91.0,24.0,91.0,24.0,-721.0,911.0,11.0,-711.0,15.19875534375361,12.0,17.0,30000.0,18000.0,36000.0,1.0,25.024058973609893,20.0,25.0,0.0,18000.0,33998.54535290685,36000.0,1.0,25.514926184872245,20.0,26.0,1.0,722.0,14.983093626787126,12.0,17.0,1.0,30018.517226359403,18000.0,36000.0,1.0,20.0,23.69176812807843,25.0,1.0,34004.97606078752,18000.0,36000.0,1.0,24.181151580849658,20.0,26.0,1.0,0.0,91121.0,7.0,16.0
11.0,22.0,11.0,22.0,-121.0,21.0,13.0,-111.0,9.983241982660934,9.0,11.0,30000.0,10000.0,19000.0,0.0,25.37126005984051,16.5,19.0,0.0,10000.0,36529.4648145267,25000.0,0.0,26.67620990255725,17.0,20.0,0.0,121.0,10.018466057746764,9.0,11.0,1.0,15165.32182544606,10000.0,19000.0,1.0,16.5,17.557784112956345,19.0,1.0,21602.36250120638,10000.0,25000.0,1.0,18.84426247772315,17.0,20.0,1.0,0.0,211.0,1.0,4.0
11.0,22.0,11.0,21.0,-121.0,21.0,13.0,-111.0,10.212469538687293,9.0,11.0,30000.0,10000.0,19000.0,0.0,25.244125244155118,16.5,19.0,0.0,10000.0,37135.12895308684,25000.0,0.0,26.589466484845705,17.0,20.0,0.0,122.0,10.21117811734535,9.0,11.0,1.0,14770.590946777187,10000.0,19000.0,1.0,16.5,17.48273048697184,19.0,1.0,21837.29204751557,10000.0,25000.0,1.0,18.815169534530174,17.0,20.0,1.0,0.0,211.0,1.0,20.0
91.0,24.0,91.0,21.0,-721.0,911.0,12.0,-711.0,15.57114699571002,12.0,17.0,30000.0,18000.0,36000.0,1.0,25.327926449428034,20.0,25.0,0.0,18000.0,34022.89869712184,36000.0,1.0,25.816032258813884,20.0,26.0,1.0,722.0,15.430477342282648,12.0,17.0,1.0,21700.252790893643,18000.0,36000.0,1.0,20.0,23.039602452034725,25.0,1.0,25718.160070339676,18000.0,36000.0,1.0,23.52710264339535,20.0,26.0,1.0,0.0,91121.0,7.0,14.0
11.0,21.0,11.0,22.0,-121.0,21.0,13.0,-111.0,10.189607092081335,9.0,11.0,30000.0,10000.0,19000.0,0.0,25.20238714847745,16.5,19.0,0.0,10000.0,37043.624650865226,25000.0,0.0,26.527738790903356,17.0,20.0,0.0,122.0,10.196308888918542,9.0,11.0,1.0,12922.874653548399,10000.0,19000.0,1.0,16.5,17.116999685425988,19.0,1.0,19824.56782935056,10000.0,25000.0,1.0,18.41564503344939,17.0,20.0,1.0,0.0,211.0,1.0,9.0
11.0,22.0,11.0,22.0,-121.0,21.0,13.0,-111.0,10.00216957371531,9.0,11.0,30000.0,10000.0,19000.0,0.0,25.265901513149487,16.5,19.0,0.0,10000.0,36445.92815618398,25000.0,0.0,26.548650052874237,17.0,20.0,0.0,121.0,10.002710196614181,9.0,11.0,1.0,12327.72299425321,10000.0,19000.0,1.0,16.5,17.00170171566237,19.0,1.0,18870.463347165518,10000.0,25000.0,1.0,18.303716015254714,17.0,20.0,1.0,0.0,211.0,1.0,22.0
81.0,23.0,81.0,23.0,-721.0,912.0,12.0,-711.0,15.163888564685381,12.0,17.0,30000.0,12500.0,23000.0,0.0,25.676010495759616,20.0,24.0,0.0,12500.0,33927.74547423806,26000.0,0.0,26.15366068724005,20.0,25.0,0.0,722.0,15.212907245075744,12.0,17.0,1.0,17262.714292011424,12500.0,23000.0,1.0,20.0,21.808002576116593,24.0,1.0,21214.38524630273,12500.0,26000.0,1.0,22.288562327344124,20.0,25.0,1.0,0.0,912.0,7.0,10.0
91.0,24.0,91.0,24.0,-721.0,911.0,11.0,-711.0,15.47751097327354,12.0,17.0,30000.0,18000.0,36000.0,1.0,24.949660626974246,20.0,25.0,1.0,18000.0,34530.99187707801,36000.0,1.0,25.517190213817084,20.0,26.0,1.0,721.0,14.325236728291335,12.0,17.0,1.0,21558.611652778753,18000.0,36000.0,1.0,20.0,22.124188610802793,25.0,1.0,26079.246499292367,18000.0,36000.0,1.0,22.690420927326773,20.0,26.0,1.0,1.0,91121.0,7.0,16.0
11.0,22.0,11.0,22.0,-121.0,21.0,13.0,-111.0,9.993512169214542,9.0,11.0,30000.0,10000.0,19000.0,0.0,26.37625597532174,16.5,19.0,0.0,10000.0,36552.92132343255,25000.0,0.0,27.6902117072562,17.0,20.0,0.0,121.0,10.009996117695733,9.0,11.0,1.0,15274.12177569924,10000.0,19000.0,1.0,16.5,17.606044519151812,19.0,1.0,21719.869019885926,10000.0,25000.0,1.0,18.89851029434952,17.0,20.0,1.0,0.0,211.0,1.0,31.0
11.0,22.0,11.0,22.0,-121.0,11.0,11.0,-111.0,9.994210085682093,9.0,11.0,30000.0,10000.0,19000.0,0.0,24.48400876056661,16.5,19.0,0.0,10000.0,36503.454361059565,25000.0,0.0,25.78782109861795,17.0,20.0,0.0,121.0,9.99068958635533,9.0,11.0,1.0,15984.895388817113,10000.0,19000.0,1.0,16.5,17.75321180794906,19.0,1.0,22537.847871024205,10000.0,25000.0,1.0,19.066947527864805,17.0,20.0,1.0,0.0,111.0,1.0,50.0
92.0,24.0,92.0,24.0,-721.0,921.0,13.0,-711.0,14.93367376721092,12.0,17.0,30000.0,15000.0,28000.0,0.0,24.213209635288077,19.5,25.0,1.0,15000.0,34477.158765308624,28000.0,0.0,24.77471084225965,20.0,26.0,1.0,721.0,14.743816797483122,12.0,17.0,1.0,21088.996925081454,15000.0,28000.0,1.0,19.5,21.44745752001867,25.0,1.0,25613.825037444705,15000.0,28000.0,1.0,22.01493716048117,20.0,26.0,1.0,0.0,92122.0,7.0,22.0
91.0,24.0,91.0,21.0,-721.0,911.0,11.0,-711.0,15.684027641987877,12.0,17.0,30000.0,18000.0,36000.0,1.0,24.694022411172355,20.0,25.0,1.0,18000.0,34465.95569562563,36000.0,1.0,25.249255225593124,20.0,26.0,1.0,721.0,14.758018587385292,12.0,17.0,1.0,26362.037714326292,18000.0,36000.0,1.0,20.0,22.954239209417548,25.0,1.0,30912.802850609336,18000.0,36000.0,1.0,23.52001601209861,20.0,26.0,1.0,1.0,91121.0,7.0,21.0
11.0,22.0,11.0,21.0,-121.0,21.0,13.0,-111.0,10.190974084662923,9.0,11.0,30000.0,10000.0,19000.0,0.0,25.772784525267575,16.5,19.0,0.0,10000.0,37028.81394312165,25000.0,0.0,27.099428555999047,17.0,20.0,0.0,122.0,10.191756328937906,9.0,11.0,1.0,13491.529491456988,10000.0,19000.0,1.0,16.5,17.239833146433966,19.0,1.0,20222.319517664826,10000.0,25000.0,1.0,18.51022705394574,17.0,20.0,1.0,0.0,211.0,1.0,33.0
11.0,22.0,11.0,22.0,-121.0,11.0,11.0,-111.0,9.995571139193594,9.0,11.0,30000.0,10000.0,19000.0,0.0,25.09188392479013,16.5,19.0,0.0,10000.0,36448.110284934875,25000.0,0.0,26.380054870251094,17.0,20.0,0.0,121.0,10.005143866611578,9.0,11.0,1.0,11970.23857869323,10000.0,19000.0,1.0,16.5,16.931746125876217,19.0,1.0,18567.587879612205,10000.0,25000.0,1.0,18.249731289119566,17.0,20.0,1.0,0.0,111.0,1.0,57.0
91.0,24.0,91.0,21.0,-721.0,911.0,11.0,-711.0,15.172109831902112,12.0,17.0,30000.0,18000.0,36000.0,1.0,24.168927646661036,20.0,25.0,1.0,18000.0,34084.423221119585,36000.0,1.0,24.66740770322892,20.0,26.0,1.0,722.0,15.146279302410324,12.0,17.0,1.0,24773.540511318744,18000.0,36000.0,1.0,20.0,23.09010046446481,25.0,1.0,28733.758026942174,18000.0,36000.0,1.0,23.573421938351636,20.0,26.0,1.0,1.0,91121.0,7.0,21.0
11.0,22.0,11.0,21.0,-121.0,11.0,12.0,-111.0,9.989254783410686,9.0,11.0,30000.0,10000.0,19000.0,0.0,24.254663454019145,16.5,19.0,0.0,10000.0,36572.36500038877,25000.0,0.0,25.571962282563945,17.0,20.0,0.0,121.0,9.990034712640028,9.0,11.0,1.0,13026.360549580084,10000.0,19000.0,1.0,16.5,17.103530814221887,19.0,1.0,19454.01733208209,10000.0,25000.0,1.0,18.391825781007373,17.0,20.0,1.0,0.0,111.0,1.0,45.0
91.0,24.0,91.0,24.0,-721.0,911.0,12.0,-711.0,15.371063412187041,12.0,17.0,30000.0,18000.0,36000.0,1.0,25.570263668515775,20.0,25.0,0.0,18000.0,33935.57257831612,36000.0,1.0,26.051496852603023,20.0,26.0,0.0,722.0,15.159157759756292,12.0,17.0,1.0,26921.35390670176,18000.0,36000.0,1.0,20.0,23.480979000131285,25.0,1.0,30894.967686985456,18000.0,36000.0,1.0,23.966863778970012,20.0,26.0,1.0,0.0,91121.0,7.0,13.0
91.0,24.0,91.0,24.0,-721.0,911.0,11.0,-711.0,15.28922501265059,12.0,17.0,30000.0,18000.0,36000.0,1.0,24.868896239541407,20.0,25.0,1.0,18000.0,33978.32014160392,36000.0,1.0,25.355024163076614,20.0,26.0,1.0,722.0,15.014933854968678,12.0,17.0,1.0,22636.884467627042,18000.0,36000.0,1.0,20.0,22.756514017721244,25.0,1.0,26712.986824729654,18000.0,36000.0,1.0,23.254590367649275,20.0,26.0,1.0,1.0,91121.0,7.0,4.0
91.0,24.0,91.0,21.0,-721.0,911.0,12.0,-711.0,15.289803809123889,12.0,17.0,30000.0,18000.0,36000.0,1.0,25.17443518219404,20.0,25.0,0.0,18000.0,33997.652625332215,36000.0,1.0,25.66224057143647,20.0,26.0,1.0,722.0,15.169582656237523,12.0,17.0,1.0,26407.003655513432,18000.0,36000.0,1.0,20.0,23.348309958402847,25.0,1.0,30428.295035128376,18000.0,36000.0,1.0,23.838999818312143,20.0,26.0,1.0,0.0,91121.0,7.0,29.0
91.0,24.0,91.0,21.0,-721.0,911.0,11.0,-711.0,15.045915371547933,12.0,17.0,30000.0,18000.0,36000.0,1.0,24.337738484857418,20.0,25.0,1.0,18000.0,33945.781292173,36000.0,1.0,24.818729183612053,20.0,26.0,1.0,722.0,15.163751478220968,12.0,17.0,1.0,22597.66871733133,18000.0,36000.0,1.0,20.0,22.867291860081043,25.0,1.0,26633.61467734438,18000.0,36000.0,1.0,23.359273630913947,20.0,26.0,1.0,1.0,91121.0,7.0,3.0
81.0,23.0,81.0,21.0,-721.0,912.0,12.0,-711.0,15.17346760087879,12.0,17.0,30000.0,12500.0,23000.0,0.0,26.18923772413435,20.0,24.0,0.0,12500.0,34010.73941534688,26000.0,0.0,26.67738423136434,20.0,25.0,0.0,722.0,15.131804105013684,12.0,17.0,1.0,14139.386537065173,12500.0,23000.0,1.0,20.0,21.324804959953536,24.0,1.0,18141.12819166902,12500.0,26000.0,1.0,21.811856351040404,20.0,25.0,1.0,0.0,912.0,7.0,11.0
11.0,22.0,11.0,22.0,-121.0,11.0,12.0,-111.0,10.21064915388308,9.0,11.0,30000.0,10000.0,19000.0,0.0,22.9722494267713,16.5,19.0,0.0,10000.0,37034.98188068353,25000.0,0.0,24.29848884310173,17.0,20.0,0.0,122.0,10.192039343304673,9.0,11.0,1.0,16402.724633082384,10000.0,19000.0,1.0,16.5,17.82444344650786,19.0,1.0,23420.52710395742,10000.0,25000.0,1.0,19.14744418918941,17.0,20.0,1.0,0.0,111.0,1.0,14.0
92.0,24.0,92.0,24.0,-721.0,921.0,13.0,-711.0,15.123084252024263,12.0,17.0,30000.0,15000.0,28000.0,0.0,24.957604779237247,19.5,25.0,1.0,15000.0,34051.0432865968,28000.0,0.0,25.44943948565409,20.0,26.0,1.0,722.0,15.120249343721513,12.0,17.0,1.0,20215.158241869158,15000.0,28000.0,1.0,19.5,21.616598504718162,25.0,1.0,24113.395981171514,15000.0,28000.0,1.0,22.089881182391917,20.0,26.0,1.0,0.0,92122.0,7.0,20.0
11.0,22.0,11.0,22.0,-121.0,21.0,12.0,-111.0,10.002841728452093,9.0,11.0,30000.0,10000.0,19000.0,0.0,23.891157036894583,16.5,19.0,0.0,10000.0,36504.670840984865,25000.0,0.0,25.191951462760162,17.0,20.0,0.0,121.0,10.000736127496587,9.0,11.0,1.0,13488.201305122197,10000.0,19000.0,1.0,16.5,17.200230784589966,19.0,1.0,19987.012659631946,10000.0,25000.0,1.0,18.49985343904211,17.0,20.0,1.0,0.0,211.0,1.0,25.0
91.0,24.0,91.0,24.0,-721.0,911.0,11.0,-711.0,15.312749199637878,12.0,17.0,30000.0,18000.0,36000.0,1.0,24.632450849543233,20.0,25.0,1.0,18000.0,34025.94403208135,36000.0,1.0,25.12214359665832,20.0,26.0,1.0,722.0,15.368813019945001,12.0,17.0,1.0,29018.797055713403,18000.0,36000.0,1.0,20.0,23.830813933897563,25.0,1.0,33052.16716029415,18000.0,36000.0,1.0,24.321409945890036,20.0,26.0,1.0,1.0,91121.0,7.0,0.0
91.0,24.0,91.0,24.0,-721.0,911.0,11.0,-711.0,15.109879675766404,12.0,17.0,30000.0,18000.0,36000.0,1.0,25.989991363496777,20.0,25.0,0.0,18000.0,34001.13893444588,36000.0,1.0,26.47749763553201,20.0,26.0,0.0,722.0,15.094074866924059,12.0,17.0,1.0,22589.45863244813,18000.0,36000.0,1.0,20.0,22.841202214537844,25.0,1.0,26664.36340538233,18000.0,36000.0,1.0,23.33769625468465,20.0,26.0,1.0,0.0,91121.0,7.0,9.0
91.0,21.0,91.0,24.0,-721.0,911.0,12.0,-711.0,15.321357886136328,12.0,17.0,30000.0,18000.0,36000.0,1.0,25.136135329774085,20.0,25.0,0.0,18000.0,34492.66912940792,36000.0,1.0,25.69789369943909,20.0,26.0,1.0,721.0,15.4094375462728,12.0,17.0,1.0,23911.450055084806,18000.0,36000.0,1.0,20.0,23.33775581137641,25.0,1.0,28486.8004376966,18000.0,36000.0,1.0,23.90985255332386,20.0,26.0,1.0,0.0,91121.0,7.0,26.0
11.0,22.0,11.0,21.0,-121.0,21.0,13.0,-111.0,9.99772117979477,9.0,11.0,30000.0,10000.0,19000.0,0.0,25.143904833318697,16.5,19.0,0.0,10000.0,36389.59079242251,25000.0,0.0,26.42010428008627,17.0,20.0,0.0,121.0,10.017587603960731,9.0,11.0,1.0,13904.057207071392,10000.0,19000.0,1.0,16.5,17.324291225642583,19.0,1.0,20328.567482225226,10000.0,25000.0,1.0,18.60746517609762,17.0,20.0,1.0,0.0,211.0,1.0,2.0
11.0,22.0,11.0,22.0,-121.0,21.0,13.0,-111.0,10.16202731234906,9.0,11.0,30000.0,10000.0,19000.0,0.0,26.216897207262257,16.5,19.0,0.0,10000.0,37301.90818661758,25000.0,0.0,27.597544085473785,17.0,20.0,0.0,122.0,10.19605542164637,9.0,11.0,1.0,15133.916246630075,10000.0,19000.0,1.0,16.5,17.599716896892286,19.0,1.0,22115.699488479004,10000.0,25000.0,1.0,18.919834459432263,17.0,20.0,1.0,0.0,211.0,1.0,28.0
11.0,22.0,11.0,22.0,-121.0,21.0,13.0,-111.0,10.211073801926526,9.0,11.0,30000.0,10000.0,19000.0,0.0,27.959682491363964,16.5,19.0,0.0,10000.0,37094.990040380966,25000.0,0.0,29.298793627096714,17.0,20.0,0.0,122.0,10.206217891319621,9.0,11.0,1.0,12819.406349088713,10000.0,19000.0,1.0,16.5,17.170689329925267,19.0,1.0,19948.44899061178,10000.0,25000.0,1.0,18.51622756663075,17.0,20.0,1.0,0.0,211.0,1.0,3.0
11.0,21.0,11.0,22.0,-121.0,11.0,12.0,-111.0,10.23022019923437,9.0,11.0,30000.0,10000.0,19000.0,0.0,25.132709215793906,16.5,19.0,0.0,10000.0,36899.24511290199,25000.0,0.0,26.436648648155565,17.0,20.0,0.0,122.0,10.216118053813554,9.0,11.0,1.0,15796.190000755376,10000.0,19000.0,1.0,16.5,17.72873271159606,19.0,1.0,22945.512238818716,10000.0,25000.0,1.0,19.079936072009748,17.0,20.0,1.0,0.0,111.0,1.0,7.0
11.0,22.0,11.0,22.0,-121.0,11.0,11.0,-111.0,10.013389808529816,9.0,11.0,30000.0,10000.0,19000.0,0.0,24.85110090687605,16.5,19.0,0.0,10000.0,36407.8051637485,25000.0,0.0,26.13485762059654,17.0,20.0,0.0,121.0,9.993745721020014,9.0,11.0,1.0,15077.67685940883,10000.0,19000.0,1.0,16.5,17.512210108328798,19.0,1.0,21670.870011747367,10000.0,25000.0,1.0,18.833107944307816,17.0,20.0,1.0,0.0,111.0,1.0,50.0
91.0,24.0,91.0,24.0,-721.0,911.0,11.0,-711.0,15.882946360751529,12.0,17.0,30000.0,18000.0,36000.0,1.0,24.998321864939854,20.0,25.0,1.0,18000.0,34472.65745269203,36000.0,1.0,25.555273607278526,20.0,26.0,1.0,721.0,12.848827344980219,12.0,17.0,1.0,22433.239045862374,18000.0,36000.0,1.0,20.0,20.7692691784967,25.0,1.0,26893.874586390284,18000.0,36000.0,1.0,21.324723908154013,20.0,26.0,1.0,1.0,91121.0,7.0,9.0
11.0,22.0,11.0,22.0,-121.0,11.0,11.0,-111.0,10.185802294029068,9.0,11.0,30000.0,10000.0,19000.0,0.0,26.115478130083595,16.5,19.0,0.0,10000.0,37129.794719970414,25000.0,0.0,27.459668776370105,17.0,20.0,0.0,122.0,10.19842922160314,9.0,11.0,1.0,19151.54989679833,10000.0,19000.0,0.0,16.5,18.331098251295494,19.0,1.0,26272.196367458964,10000.0,25000.0,0.0,19.673564164734135,17.0,20.0,1.0,0.0,111.0,1.0,55.0
11.0,21.0,11.0,22.0,-121.0,21.0,13.0,-111.0,9.992325790657208,9.0,11.0,30000.0,10000.0,19000.0,0.0,26.698274721138528,16.5,19.0,0.0,10000.0,36498.53839270438,25000.0,0.0,27.999216870445167,17.0,20.0,0.0,121.0,10.005898298018094,9.0,11.0,1.0,13855.365849907204,10000.0,19000.0,1.0,16.5,17.314290284967814,19.0,1.0,20322.915741601428,10000.0,25000.0,1.0,18.609028847456653,17.0,20.0,1.0,0.0,211.0,1.0,52.0
91.0,24.0,91.0,24.0,-721.0,911.0,12.0,-711.0,15.063473417060697,12.0,17.0,30000.0,18000.0,36000.0,1.0,25.160988306349353,20.0,25.0,0.0,18000.0,34034.779035210435,36000.0,1.0,25.652641055717975,20.0,26.0,1.0,722.0,15.421830291583584,12.0,17.0,1.0,23198.227957360246,18000.0,36000.0,1.0,20.0,23.161880382894505,25.0,1.0,27196.374771936196,18000.0,36000.0,1.0,23.649069360682763,20.0,26.0,1.0,0.0,91121.0,7.0,1.0
11.0,21.0,11.0,21.0,-121.0,11.0,11.0,-111.0,10.193873945339543,9.0,11.0,30000.0,10000.0,19000.0,0.0,24.999371120353906,16.5,19.0,0.0,10000.0,37056.88450983646,25000.0,0.0,26.33135801657686,17.0,20.0,0.0,122.0,10.204097040060097,9.0,11.0,1.0,10526.77742086376,10000.0,19000.0,1.0,16.5,16.689980649731766,19.0,1.0,17568.184913757505,10000.0,25000.0,1.0,18.019046259127425,17.0,20.0,1.0,0.0,111.0,1.0,56.0
91.0,24.0,91.0,24.0,-721.0,911.0,11.0,-711.0,15.431914417293076,12.0,17.0,30000.0,18000.0,36000.0,1.0,24.95359548655333,20.0,25.0,1.0,18000.0,34458.1320507569,36000.0,1.0,25.51026723207086,20.0,26.0,1.0,721.0,15.645345370322035,12.0,17.0,1.0,24915.245651017674,18000.0,36000.0,1.0,20.0,23.802384876258444,25.0,1.0,29433.122153069533,18000.0,36000.0,1.0,24.36651670766143,20.0,26.0,1.0,1.0,91121.0,7.0,0.0
91.0,24.0,91.0,21.0,-721.0,911.0,12.0,-711.0,15.081218862376362,12.0,17.0,30000.0,18000.0,36000.0,1.0,24.992876246032857,20.0,25.0,1.0,18000.0,33997.466335556666,36000.0,1.0,25.480572142407475,20.0,26.0,1.0,722.0,15.40431273785337,12.0,17.0,1.0,25187.198846860614,18000.0,36000.0,1.0,20.0,23.407417806232168,25.0,1.0,29130.667706009805,18000.0,36000.0,1.0,23.888525942899026,20.0,26.0,1.0,1.0,91121.0,7.0,29.0
11.0,22.0,11.0,22.0,-121.0,21.0,12.0,-111.0,10.203856838124159,9.0,11.0,30000.0,10000.0,19000.0,0.0,23.93599117514573,16.5,19.0,0.0,10000.0,37011.76165573091,25000.0,0.0,25.25680468859872,17.0,20.0,0.0,122.0,10.209844614132214,9.0,11.0,1.0,17416.790828074518,10000.0,19000.0,1.0,16.5,18.003924958128593,19.0,1.0,24529.589111868154,10000.0,25000.0,1.0,19.34377085605944,17.0,20.0,1.0,0.0,211.0,1.0,25.0
11.0,22.0,11.0,22.0,-121.0,11.0,11.0,-111.0,10.014947040712103,9.0,11.0,30000.0,10000.0,19000.0,0.0,24.865576573377005,16.5,19.0,0.0,10000.0,36404.739637366016,25000.0,0.0,26.141524932917235,17.0,20.0,0.0,121.0,10.00254322658592,9.0,11.0,1.0,16086.004779137138,10000.0,19000.0,1.0,16.5,17.733281094215226,19.0,1.0,22731.029405193673,10000.0,25000.0,1.0,19.05709888397446,17.0,20.0,1.0,0.0,111.0,1.0,15.0
11.0,21.0,11.0,22.0,-121.0,11.0,11.0,-111.0,10.223112922799398,9.0,11.0,30000.0,10000.0,19000.0,0.0,27.52916294849253,16.5,19.0,0.0,10000.0,37065.51657951124,25000.0,0.0,28.856951575307228,17.0,20.0,0.0,122.0,10.202912872839079,9.0,11.0,1.0,18323.92644941845,10000.0,19000.0,1.0,16.5,18.22492397206387,19.0,1.0,25397.18350287499,10000.0,25000.0,0.0,19.554167229004342,17.0,20.0,1.0,0.0,111.0,1.0,43.0
11.0,22.0,11.0,22.0,-121.0,11.0,11.0,-111.0,10.208290267666756,9.0,11.0,30000.0,10000.0,19000.0,0.0,24.67399387664279,16.5,19.0,0.0,10000.0,37087.465404055314,25000.0,0.0,26.00694756120176,17.0,20.0,0.0,122.0,10.187136429612776,9.0,11.0,1.0,12257.13993658699,10000.0,19000.0,1.0,16.5,17.042989561622452,19.0,1.0,19205.495162959436,10000.0,25000.0,1.0,18.349780518981945,17.0,20.0,1.0,0.0,111.0,1.0,57.0
11.0,22.0,11.0,21.0,-121.0,21.0,13.0,-111.0,9.977672003325784,9.0,11.0,30000.0,10000.0,19000.0,0.0,24.691489989800488,16.5,19.0,0.0,10000.0,36489.239827385645,25000.0,0.0,25.98862831256879,17.0,20.0,0.0,121.0,10.00654497778941,9.0,11.0,1.0,11762.464120189723,10000.0,19000.0,1.0,16.5,16.809214102407847,19.0,1.0,18347.185960419018,10000.0,25000.0,1.0,18.125438386134448,17.0,20.0,1.0,0.0,211.0,1.0,58.0
11.0,22.0,11.0,22.0,-121.0,11.0,12.0,-111.0,10.002408353632136,9.0,11.0,30000.0,10000.0,19000.0,0.0,24.934265006834742,16.5,19.0,0.0,10000.0,36492.926660505174,25000.0,0.0,26.231320558212467,17.0,20.0,0.0,121.0,9.988075049213068,9.0,11.0,1.0,17229.141571253444,10000.0,19000.0,1.0,16.5,17.99179535576068,19.0,1.0,23695.60779518122,10000.0,25000.0,1.0,19.28356505409414,17.0,20.0,1.0,0.0,111.0,1.0,14.0
91.0,24.0,91.0,24.0,-721.0,911.0,11.0,-711.0,14.863652072265802,12.0,17.0,30000.0,18000.0,36000.0,1.0,23.899459710505592,20.0,25.0,1.0,18000.0,34464.265209262725,36000.0,1.0,24.453751586736825,20.0,26.0,1.0,721.0,13.82360740362249,12.0,17.0,1.0,26775.269944520616,18000.0,36000.0,1.0,20.0,22.151527071736083,25.0,1.0,31265.885564052725,18000.0,36000.0,1.0,22.709090666304604,20.0,26.0,1.0,1.0,91121.0,7.0,4.0
91.0,24.0,91.0,24.0,-721.0,911.0,12.0,-711.0,13.823900365799808,12.0,17.0,30000.0,18000.0,36000.0,1.0,23.714576058711522,20.0,25.0,1.0,18000.0,34535.60709521905,36000.0,1.0,24.281033429508746,20.0,26.0,1.0,721.0,14.72263055133456,12.0,17.0,1.0,24253.96995817802,18000.0,36000.0,1.0,20.0,22.763939140057097,25.0,1.0,28761.588105838615,18000.0,36000.0,1.0,23.326900937866515,20.0,26.0,1.0,1.0,91121.0,7.0,1.0
11.0,22.0,11.0,22.0,-121.0,11.0,11.0,-111.0,10.006964562888012,9.0,11.0,30000.0,10000.0,19000.0,0.0,24.04023167691915,16.5,19.0,0.0,10000.0,36470.574649003574,25000.0,0.0,25.33184323226064,17.0,20.0,0.0,121.0,10.000940361594854,9.0,11.0,1.0,14561.503685871503,10000.0,19000.0,1.0,16.5,17.421016966764704,19.0,1.0,20984.870013550888,10000.0,25000.0,1.0,18.703205122077886,17.0,20.0,1.0,0.0,111.0,1.0,17.0
11.0,21.0,11.0,21.0,-121.0,21.0,13.0,-111.0,10.192741494123911,9.0,11.0,30000.0,10000.0,19000.0,0.0,26.086807229364197,16.5,19.0,0.0,10000.0,36871.21001463321,25000.0,0.0,27.383368362279743,17.0,20.0,0.0,122.0,10.182826012350237,9.0,11.0,1.0,13032.081035267656,10000.0,19000.0,1.0,16.5,17.111724086638432,19.0,1.0,19956.55855120634,10000.0,25000.0,1.0,18.418336516442462,17.0,20.0,1.0,0.0,211.0,1.0,34.0
11.0,22.0,11.0,22.0,-121.0,21.0,12.0,-111.0,10.19235225662798,9.0,11.0,30000.0,10000.0,19000.0,0.0,23.867976774476645,16.5,19.0,0.0,10000.0,37053.78439954722,25000.0,0.0,25.197016753350468,17.0,20.0,0.0,122.0,10.204120460644406,9.0,11.0,1.0,14611.855779233825,10000.0,19000.0,1.0,16.5,17.491483078995387,19.0,1.0,21551.082319819794,10000.0,25000.0,1.0,18.79893861952666,17.0,20.0,1.0,0.0,211.0,1.0,48.0
11.0,22.0,11.0,22.0,-121.0,21.0,13.0,-111.0,10.229761172116167,9.0,11.0,30000.0,10000.0,19000.0,0.0,25.26315098801191,16.5,19.0,0.0,10000.0,36907.781112795215,25000.0,0.0,26.564043641888297,17.0,20.0,0.0,122.0,10.21000033799861,9.0,11.0,1.0,13094.547795710452,10000.0,19000.0,1.0,16.5,17.180998466000588,19.0,1.0,20207.987597052103,10000.0,25000.0,1.0,18.520621339142373,17.0,20.0,1.0,0.0,211.0,1.0,13.0
92.0,24.0,92.0,24.0,-721.0,921.0,13.0,-711.0,15.320469259381362,12.0,17.0,30000.0,15000.0,28000.0,0.0,24.230397214274063,19.5,25.0,1.0,15000.0,33985.58052817459,28000.0,0.0,24.717212397835677,20.0,26.0,1.0,722.0,15.129851910228327,12.0,17.0,1.0,20712.46365853672,15000.0,28000.0,1.0,19.5,21.709574155614654,25.0,1.0,24672.519680385234,15000.0,28000.0,1.0,22.19327167108636,20.0,26.0,1.0,0.0,92122.0,7.0,22.0
81.0,23.0,81.0,21.0,-721.0,912.0,12.0,-711.0,15.24882585679797,12.0,17.0,30000.0,12500.0,23000.0,0.0,26.034338258662125,20.0,24.0,0.0,12500.0,33925.11779542385,26000.0,0.0,26.512563798810415,20.0,25.0,0.0,722.0,15.282939574125118,12.0,17.0,1.0,15102.312122930989,12500.0,23000.0,1.0,20.0,21.586026364013627,24.0,1.0,19133.86918886624,12500.0,26000.0,1.0,22.07722017168567,20.0,25.0,1.0,0.0,912.0,7.0,11.0
11.0,22.0,11.0,22.0,-121.0,11.0,12.0,-111.0,10.207193734102194,9.0,11.0,30000.0,10000.0,19000.0,0.0,23.447223966405666,16.5,19.0,0.0,10000.0,36840.714116284405,25000.0,0.0,24.737371843168468,17.0,20.0,0.0,122.0,10.196747971642688,9.0,11.0,1.0,14548.472497583836,10000.0,19000.0,1.0,16.5,17.47162509795499,19.0,1.0,21713.726050455134,10000.0,25000.0,1.0,18.822980599816706,17.0,20.0,1.0,0.0,111.0,1.0,49.0
11.0,22.0,11.0,22.0,-121.0,11.0,11.0,-111.0,10.002857830035223,9.0,11.0,30000.0,10000.0,19000.0,0.0,24.23996638475991,16.5,19.0,0.0,10000.0,36475.66689968926,25000.0,0.0,25.53018395321015,17.0,20.0,0.0,121.0,9.997986313667951,9.0,11.0,1.0,16405.319445752884,10000.0,19000.0,1.0,16.5,17.812855285667744,19.0,1.0,22920.337255772007,10000.0,25000.0,1.0,19.110913164101277,17.0,20.0,1.0,0.0,111.0,1.0,17.0
11.0,21.0,11.0,22.0,-121.0,21.0,13.0,-111.0,10.20255614237211,9.0,11.0,30000.0,10000.0,19000.0,0.0,26.78350632724865,16.5,19.0,0.0,10000.0,36915.521481627926,25000.0,0.0,28.081984755797954,17.0,20.0,0.0,122.0,10.193737581795165,9.0,11.0,1.0,16048.155797769119,10000.0,19000.0,1.0,16.5,17.72790082916272,19.0,1.0,22966.75972257697,10000.0,25000.0,1.0,19.026958026209382,17.0,20.0,1.0,0.0,211.0,1.0,24.0
11.0,22.0,11.0,22.0,-121.0,11.0,11.0,-111.0,9.985135962571954,9.0,11.0,30000.0,10000.0,19000.0,0.0,24.917215425194087,16.5,19.0,0.0,10000.0,36529.694946833035,25000.0,0.0,26.225561445765177,17.0,20.0,0.0,121.0,10.019100504286186,9.0,11.0,1.0,14298.30749048376,10000.0,19000.0,1.0,16.5,17.42210811346054,19.0,1.0,20787.785576520688,10000.0,25000.0,1.0,18.722395936794104,17.0,20.0,1.0,0.0,111.0,1.0,57.0
11.0,22.0,11.0,22.0,-121.0,21.0,13.0,-111.0,10.206613901208211,9.0,11.0,30000.0,10000.0,19000.0,0.0,25.069680881415962,16.5,19.0,0.0,10000.0,37039.83760826593,25000.0,0.0,26.39970695638353,17.0,20.0,0.0,122.0,10.209368889762994,9.0,11.0,1.0,11279.921104569194,10000.0,19000.0,1.0,16.5,16.89092537507193,19.0,1.0,18264.392434409223,10000.0,25000.0,1.0,18.210491181198368,17.0,20.0,1.0,0.0,211.0,1.0,47.0
91.0,21.0,91.0,24.0,-721.0,911.0,12.0,-711.0,15.211057491898517,12.0,17.0,30000.0,18000.0,36000.0,1.0,25.49325926564645,20.0,25.0,0.0,18000.0,33977.83569985789,36000.0,1.0,25.975826267034325,20.0,26.0,1.0,722.0,15.045993171942133,12.0,17.0,1.0,24246.235057333924,18000.0,36000.0,1.0,20.0,23.01876579992663,25.0,1.0,28218.61723385938,18000.0,36000.0,1.0,23.500671212802533,20.0,26.0,1.0,0.0,91121.0,7.0,26.0
11.0,22.0,11.0,22.0,-121.0,11.0,11.0,-111.0,10.025484630833944,9.0,11.0,30000.0,10000.0,19000.0,0.0,24.131663284150036,16.5,19.0,0.0,10000.0,36526.93838521085,25000.0,0.0,25.434370270628733,17.0,20.0,0.0,121.0,9.99878224501166,9.0,11.0,1.0,14198.50836436205,10000.0,19000.0,1.0,16.5,17.394490849679997,19.0,1.0,20659.175563141973,10000.0,25000.0,1.0,18.683970817230275,17.0,20.0,1.0,0.0,111.0,1.0,55.0
11.0,22.0,11.0,22.0,-121.0,21.0,13.0,-111.0,10.212343227460412,9.0,11.0,30000.0,10000.0,19000.0,0.0,25.861857346103587,16.5,19.0,0.0,10000.0,37149.3638904978,25000.0,0.0,27.21569559901093,17.0,20.0,0.0,122.0,10.194201454747068,9.0,11.0,1.0,12766.908162027517,10000.0,19000.0,1.0,16.5,17.12441654249839,19.0,1.0,19684.27110985091,10000.0,25000.0,1.0,18.434321970651826,17.0,20.0,1.0,0.0,211.0,1.0,28.0
81.0,23.0,81.0,23.0,-721.0,912.0,12.0,-711.0,15.327277331596616,12.0,17.0,30000.0,12500.0,23000.0,0.0,26.698120938451545,20.0,24.0,0.0,12500.0,34025.555870167016,26000.0,0.0,27.19148872683063,20.0,25.0,0.0,722.0,15.217288052747293,12.0,17.0,1.0,17642.241344313974,12500.0,23000.0,1.0,20.0,21.963113457202837,24.0,1.0,21633.96382268637,12500.0,26000.0,1.0,22.45233466155193,20.0,25.0,1.0,0.0,912.0,7.0,10.0
11.0,22.0,11.0,22.0,-121.0,11.0,11.0,-111.0,9.994208884413087,9.0,11.0,30000.0,10000.0,19000.0,0.0,23.13269202958599,16.5,19.0,0.0,10000.0,36464.96045655049,25000.0,0.0,24.419989048548647,17.0,20.0,0.0,121.0,10.000799322249359,9.0,11.0,1.0,17953.701814795848,10000.0,19000.0,1.0,16.5,18.145242634154755,19.0,1.0,24417.776714412754,10000.0,25000.0,1.0,19.432363321829946,17.0,20.0,1.0,0.0,111.0,1.0,30.0
11.0,22.0,11.0,21.0,-121.0,11.0,11.0,-111.0,10.012480489765961,9.0,11.0,30000.0,10000.0,19000.0,0.0,25.372793580296076,16.5,19.0,0.0,10000.0,36492.25813953412,25000.0,0.0,26.6696632933873,17.0,20.0,0.0,121.0,10.014032050749249,9.0,11.0,1.0,16319.583883334968,10000.0,19000.0,1.0,16.5,17.765185713521706,19.0,1.0,22833.406307353493,10000.0,25000.0,1.0,19.06636302911906,17.0,20.0,1.0,0.0,111.0,1.0,1.0
81.0,21.0,81.0,23.0,-721.0,912.0,12.0,-711.0,15.332017713520969,12.0,17.0,30000.0,12500.0,23000.0,0.0,27.43238677472157,20.0,24.0,0.0,12500.0,34031.31910965922,26000.0,0.0,27.921754200580384,20.0,25.0,0.0,722.0,15.297825677022125,12.0,17.0,1.0,17935.336494860396,12500.0,23000.0,1.0,20.0,21.988964802960346,24.0,1.0,21746.482200583057,12500.0,26000.0,1.0,22.451605073514376,20.0,25.0,1.0,0.0,912.0,7.0,7.0
11.0,22.0,11.0,22.0,-121.0,21.0,13.0,-111.0,10.216549110858933,9.0,11.0,30000.0,10000.0,19000.0,0.0,25.217951335453883,16.5,19.0,0.0,10000.0,36994.307649679096,25000.0,0.0,26.54012681326003,17.0,20.0,0.0,122.0,10.209320455848244,9.0,11.0,1.0,13491.024075206695,10000.0,19000.0,1.0,16.5,17.303960675870563,19.0,1.0,20437.930337607922,10000.0,25000.0,1.0,18.617175588169463,17.0,20.0,1.0,0.0,211.0,1.0,36.0
91.0,21.0,91.0,24.0,-721.0,911.0,12.0,-711.0,15.322492914161753,12.0,17.0,30000.0,18000.0,36000.0,1.0,24.942766668184703,20.0,25.0,1.0,18000.0,34061.450437476095,36000.0,1.0,25.439973541141093,20.0,26.0,1.0,722.0,15.120789726586214,12.0,17.0,1.0,27009.11741221086,18000.0,36000.0,1.0,20.0,23.38711821364012,25.0,1.0,30966.23484978373,18000.0,36000.0,1.0,23.8715525351579,20.0,26.0,1.0,1.0,91121.0,7.0,26.0
11.0,21.0,11.0,22.0,-121.0,11.0,11.0,-111.0,10.17813535617163,9.0,11.0,30000.0,10000.0,19000.0,0.0,24.774227736845376,16.5,19.0,0.0,10000.0,36878.92511696112,25000.0,0.0,26.072487731822005,17.0,20.0,0.0,122.0,10.202361765617562,9.0,11.0,1.0,15268.896281185285,10000.0,19000.0,1.0,16.5,17.61504500733252,19.0,1.0,22323.112975048243,10000.0,25000.0,1.0,18.94638779327992,17.0,20.0,1.0,0.0,111.0,1.0,43.0
11.0,22.0,11.0,21.0,-121.0,11.0,11.0,-111.0,10.205183073402557,9.0,11.0,30000.0,10000.0,19000.0,0.0,23.984284974540103,16.5,19.0,0.0,10000.0,36852.09301076472,25000.0,0.0,25.281115734441105,17.0,20.0,0.0,122.0,10.198415359689362,9.0,11.0,1.0,13146.573186617472,10000.0,19000.0,1.0,16.5,17.1836688882239,19.0,1.0,20011.72948811099,10000.0,25000.0,1.0,18.48297201346145,17.0,20.0,1.0,0.0,111.0,1.0,1.0
81.0,23.0,81.0,21.0,-721.0,912.0,12.0,-711.0,14.670488611918785,12.0,17.0,30000.0,12500.0,23000.0,0.0,26.04666862667716,20.0,24.0,0.0,12500.0,34532.59899574009,26000.0,0.0,26.613356817196657,20.0,25.0,0.0,721.0,14.349410934670159,12.0,17.0,1.0,16802.485293395996,12500.0,23000.0,1.0,20.0,20.966141443087004,24.0,1.0,21376.475785301278,12500.0,26000.0,1.0,21.53800460542439,20.0,25.0,1.0,0.0,912.0,7.0,30.0
11.0,21.0,11.0,21.0,-121.0,21.0,12.0,-111.0,10.00709013334137,9.0,11.0,30000.0,10000.0,19000.0,0.0,24.331998085635696,16.5,19.0,0.0,10000.0,36448.86206495343,25000.0,0.0,25.627306551843006,17.0,20.0,0.0,121.0,9.999674361901581,9.0,11.0,1.0,13698.99360328146,10000.0,19000.0,1.0,16.5,17.24869763906198,19.0,1.0,20218.940326689997,10000.0,25000.0,1.0,18.55828405988934,17.0,20.0,1.0,0.0,211.0,1.0,6.0
11.0,22.0,11.0,22.0,-121.0,11.0,11.0,-111.0,10.189369590106836,9.0,11.0,30000.0,10000.0,19000.0,0.0,25.124044361785373,16.5,19.0,0.0,10000.0,37219.304262072204,25000.0,0.0,26.488879498988283,17.0,20.0,0.0,122.0,10.193914622620996,9.0,11.0,1.0,17247.308688728037,10000.0,19000.0,1.0,16.5,18.00285511275289,19.0,1.0,24113.64466742231,10000.0,25000.0,1.0,19.300960341091407,17.0,20.0,1.0,0.0,111.0,1.0,15.0
91.0,24.0,91.0,24.0,-721.0,911.0,12.0,-711.0,14.958072573981328,12.0,17.0,30000.0,18000.0,36000.0,1.0,23.720228022311886,20.0,25.0,1.0,18000.0,34100.766053633044,36000.0,1.0,24.2190018590449,20.0,26.0,1.0,722.0,15.340052568729243,12.0,17.0,1.0,31848.15418436516,18000.0,36000.0,1.0,20.0,24.22672393510895,25.0,1.0,35868.956750796606,18000.0,36000.0,1.0,24.71577185849103,20.0,26.0,1.0,1.0,91121.0,7.0,13.0
11.0,22.0,11.0,22.0,-121.0,21.0,13.0,-111.0,10.17411780272433,9.0,11.0,30000.0,10000.0,19000.0,0.0,25.14144904569929,16.5,19.0,0.0,10000.0,36886.72049529341,25000.0,0.0,26.439328653532115,17.0,20.0,0.0,122.0,10.20228700937615,9.0,11.0,1.0,15104.241992731599,10000.0,19000.0,1.0,16.5,17.596066561475013,19.0,1.0,22162.050890866318,10000.0,25000.0,1.0,18.926189694994147,17.0,20.0,1.0,0.0,211.0,1.0,13.0
11.0,22.0,11.0,21.0,-121.0,11.0,11.0,-111.0,10.215766381196895,9.0,11.0,30000.0,10000.0,19000.0,0.0,23.768337166292454,16.5,19.0,0.0,10000.0,37078.47576227686,25000.0,0.0,25.103095116560155,17.0,20.0,0.0,122.0,10.208514157475346,9.0,11.0,1.0,13635.819708781466,10000.0,19000.0,1.0,16.5,17.259156379675414,19.0,1.0,20640.708327451488,10000.0,25000.0,1.0,18.580038316481264,17.0,20.0,1.0,0.0,111.0,1.0,0.0
11.0,22.0,11.0,22.0,-121.0,21.0,12.0,-111.0,10.21669591590406,9.0,11.0,30000.0,10000.0,19000.0,0.0,24.107336377682962,16.5,19.0,0.0,10000.0,37164.319323159216,25000.0,0.0,25.45787487770361,17.0,20.0,0.0,122.0,10.209725082932415,9.0,11.0,1.0,17499.595221328476,10000.0,19000.0,1.0,16.5,18.050635988601993,19.0,1.0,24613.741391960826,10000.0,25000.0,1.0,19.39171639901238,17.0,20.0,1.0,0.0,211.0,1.0,25.0
91.0,24.0,91.0,24.0,-721.0,911.0,11.0,-711.0,15.075154094006017,12.0,17.0,30000.0,18000.0,36000.0,1.0,24.539262062029884,20.0,25.0,1.0,18000.0,34537.218453161564,36000.0,1.0,25.105699359577628,20.0,26.0,1.0,721.0,14.25071854689916,12.0,17.0,1.0,28327.42353967168,18000.0,36000.0,1.0,20.0,22.92624655457152,25.0,1.0,32803.64119153684,18000.0,36000.0,1.0,23.485068364923467,20.0,26.0,1.0,1.0,91121.0,7.0,4.0
11.0,22.0,11.0,21.0,-121.0,11.0,11.0,-111.0,10.233702118671282,9.0,11.0,30000.0,10000.0,19000.0,0.0,25.698946287337506,16.5,19.0,0.0,10000.0,36823.73544172875,25000.0,0.0,26.986496911781305,17.0,20.0,0.0,122.0,10.210844323772392,9.0,11.0,1.0,14802.127821229284,10000.0,19000.0,1.0,16.5,17.4731927632428,19.0,1.0,21778.13356104352,10000.0,25000.0,1.0,18.789474823578043,17.0,20.0,1.0,0.0,111.0,1.0,39.0
11.0,22.0,11.0,22.0,-121.0,21.0,12.0,-111.0,10.185039041924888,9.0,11.0,30000.0,10000.0,19000.0,0.0,24.736527230626553,16.5,19.0,0.0,10000.0,36975.7867665276,25000.0,0.0,26.050935617285912,17.0,20.0,0.0,122.0,10.184951770466121,9.0,11.0,1.0,14069.479402482788,10000.0,19000.0,1.0,16.5,17.34224387402831,19.0,1.0,21146.851706398862,10000.0,25000.0,1.0,18.675793453900084,17.0,20.0,1.0,0.0,211.0,1.0,48.0
81.0,23.0,81.0,23.0,-721.0,912.0,11.0,-711.0,15.277297515865044,12.0,17.0,30000.0,12500.0,23000.0,0.0,26.098460042430347,20.0,24.0,0.0,12500.0,33979.81765080822,26000.0,0.0,26.582642475883883,20.0,25.0,0.0,722.0,15.310648147630395,12.0,17.0,1.0,15072.994563794757,12500.0,23000.0,1.0,20.0,21.685078039990984,24.0,1.0,19118.03132207462,12500.0,26000.0,1.0,22.177194994303,20.0,25.0,1.0,0.0,912.0,7.0,17.0
11.0,22.0,11.0,22.0,-121.0,21.0,13.0,-111.0,10.017120244010126,9.0,11.0,30000.0,10000.0,19000.0,0.0,28.084295408832553,16.5,19.0,0.0,10000.0,36470.67215618599,25000.0,0.0,29.37361358281723,17.0,20.0,0.0,121.0,9.98814790175804,9.0,11.0,1.0,13344.279604820962,10000.0,19000.0,1.0,16.5,17.22071006349308,19.0,1.0,19850.181350733084,10000.0,25000.0,1.0,18.51704793329908,17.0,20.0,1.0,0.0,211.0,1.0,3.0
11.0,21.0,11.0,22.0,-121.0,11.0,12.0,-111.0,9.9955835437878,9.0,11.0,30000.0,10000.0,19000.0,0.0,25.215005357139134,16.5,19.0,0.0,10000.0,36426.340276747695,25000.0,0.0,26.49546513514011,17.0,20.0,0.0,121.0,10.002483363773484,9.0,11.0,1.0,16865.02259917308,10000.0,19000.0,1.0,16.5,17.876331919340235,19.0,1.0,23330.619862484175,10000.0,25000.0,1.0,19.164613722029483,17.0,20.0,1.0,0.0,111.0,1.0,7.0
91.0,24.0,91.0,24.0,-721.0,911.0,11.0,-711.0,15.251084784705684,12.0,17.0,30000.0,18000.0,36000.0,1.0,24.507108344795384,20.0,25.0,1.0,18000.0,34414.23441785092,36000.0,1.0,25.058612359727647,20.0,26.0,1.0,721.0,15.635961926873687,12.0,17.0,1.0,30760.807591655306,18000.0,36000.0,1.0,20.0,24.50722973546175,25.0,1.0,35210.58220125154,18000.0,36000.0,1.0,25.06317405794989,20.0,26.0,1.0,1.0,91121.0,7.0,0.0
11.0,22.0,11.0,22.0,-121.0,21.0,13.0,-111.0,10.019530602747633,9.0,11.0,30000.0,10000.0,19000.0,0.0,25.716083182535044,16.5,19.0,0.0,10000.0,36481.81016261367,25000.0,0.0,27.013313905072803,17.0,20.0,0.0,121.0,9.991861553300115,9.0,11.0,1.0,12326.796975498752,10000.0,19000.0,1.0,16.5,16.996127089501673,19.0,1.0,18815.934877565378,10000.0,25000.0,1.0,18.294824341991195,17.0,20.0,1.0,0.0,211.0,1.0,28.0
11.0,22.0,11.0,21.0,-121.0,11.0,11.0,-111.0,10.0003966849323,9.0,11.0,30000.0,10000.0,19000.0,0.0,25.876635515280746,16.5,19.0,0.0,10000.0,36482.99343851395,25000.0,0.0,27.17396823746944,17.0,20.0,0.0,121.0,9.994896530693401,9.0,11.0,1.0,13850.685790196278,10000.0,19000.0,1.0,16.5,17.26549950693456,19.0,1.0,20316.15566040094,10000.0,25000.0,1.0,18.559325531361985,17.0,20.0,1.0,0.0,111.0,1.0,39.0
11.0,22.0,11.0,22.0,-121.0,11.0,11.0,-111.0,10.002872777153986,9.0,11.0,30000.0,10000.0,19000.0,0.0,24.82824033348097,16.5,19.0,0.0,10000.0,36474.45903655917,25000.0,0.0,26.11924846559847,17.0,20.0,0.0,121.0,9.9916921966209,9.0,11.0,1.0,17736.113108136396,10000.0,19000.0,1.0,16.5,18.075661588610437,19.0,1.0,24312.29983489887,10000.0,25000.0,1.0,19.386954237870206,17.0,20.0,1.0,0.0,111.0,1.0,27.0
91.0,24.0,91.0,24.0,-721.0,911.0,12.0,-711.0,15.20825816914338,12.0,17.0,30000.0,18000.0,36000.0,1.0,24.448070146746765,20.0,25.0,1.0,18000.0,34460.49958575435,36000.0,1.0,25.005276096161264,20.0,26.0,1.0,721.0,15.317684762429819,12.0,17.0,1.0,28165.677520677586,18000.0,36000.0,1.0,20.0,23.837882069486156,25.0,1.0,32706.6903562078,18000.0,36000.0,1.0,24.405145740220725,20.0,26.0,1.0,1.0,91121.0,7.0,23.0
81.0,23.0,81.0,23.0,-721.0,912.0,12.0,-711.0,14.941330477601888,12.0,17.0,30000.0,12500.0,23000.0,0.0,26.50862496401691,20.0,24.0,0.0,12500.0,34482.88302448727,26000.0,0.0,27.069916337285406,20.0,25.0,0.0,721.0,15.676075459281801,12.0,17.0,1.0,19669.58080405039,12500.0,23000.0,1.0,20.0,22.784174502127236,24.0,1.0,24165.03419985222,12500.0,26000.0,1.0,23.347039782396898,20.0,25.0,1.0,0.0,912.0,7.0,10.0
11.0,21.0,11.0,22.0,-121.0,11.0,12.0,-111.0,10.20041975617831,9.0,11.0,30000.0,10000.0,19000.0,0.0,25.96938202522204,16.5,19.0,0.0,10000.0,37001.05965200504,25000.0,0.0,27.28826100941123,17.0,20.0,0.0,122.0,10.217867817581356,9.0,11.0,1.0,16210.107262172152,10000.0,19000.0,1.0,16.5,17.768629653192356,19.0,1.0,23246.332691364434,10000.0,25000.0,1.0,19.094133263766732,17.0,20.0,1.0,0.0,111.0,1.0,7.0
92.0,24.0,92.0,24.0,-721.0,921.0,13.0,-711.0,15.1356084585209,12.0,17.0,30000.0,15000.0,28000.0,0.0,23.768794383946897,19.5,25.0,1.0,15000.0,34027.71692889439,28000.0,0.0,24.259988571085646,20.0,26.0,1.0,722.0,15.048767530895086,12.0,17.0,1.0,19418.358501732793,15000.0,28000.0,1.0,19.5,21.518964016468015,25.0,1.0,23420.67931703229,15000.0,28000.0,1.0,22.00706105860031,20.0,26.0,1.0,0.0,92122.0,7.0,22.0
11.0,22.0,11.0,21.0,-121.0,21.0,13.0,-111.0,9.99733538340844,9.0,11.0,30000.0,10000.0,19000.0,0.0,24.35099712699813,16.5,19.0,0.0,10000.0,36514.12121704643,25000.0,0.0,25.6596480155308,17.0,20.0,0.0,121.0,9.996437730208184,9.0,11.0,1.0,12966.246352773149,10000.0,19000.0,1.0,16.5,17.078860549674626,19.0,1.0,19513.73548192621,10000.0,25000.0,1.0,18.39421486701555,17.0,20.0,1.0,0.0,211.0,1.0,20.0
11.0,22.0,11.0,22.0,-121.0,21.0,13.0,-111.0,10.000311606107307,9.0,11.0,30000.0,10000.0,19000.0,0.0,25.886676964994678,16.5,19.0,0.0,10000.0,36517.375863164634,25000.0,0.0,27.192292516932067,17.0,20.0,0.0,121.0,9.992855223013914,9.0,11.0,1.0,14487.53135321627,10000.0,19000.0,1.0,16.5,17.391151430073172,19.0,1.0,21012.48179065312,10000.0,25000.0,1.0,18.698284384440118,17.0,20.0,1.0,0.0,211.0,1.0,28.0
91.0,24.0,91.0,21.0,-721.0,911.0,11.0,-711.0,15.35144948190711,12.0,17.0,30000.0,18000.0,36000.0,1.0,24.7686093132906,20.0,25.0,1.0,18000.0,34454.42271941526,36000.0,1.0,25.324248456824773,20.0,26.0,1.0,721.0,14.818719377025593,12.0,17.0,1.0,22750.493121945896,18000.0,36000.0,1.0,20.0,22.5682772290483,25.0,1.0,27260.18325465863,18000.0,36000.0,1.0,23.13081036090022,20.0,26.0,1.0,1.0,91121.0,7.0,2.0
11.0,22.0,11.0,21.0,-121.0,11.0,11.0,-111.0,10.011865631939608,9.0,11.0,30000.0,10000.0,19000.0,0.0,24.473172139448145,16.5,19.0,0.0,10000.0,36464.664601877914,25000.0,0.0,25.768661931720082,17.0,20.0,0.0,121.0,9.980722977888217,9.0,11.0,1.0,11350.238708373463,10000.0,19000.0,1.0,16.5,16.732456020483326,19.0,1.0,17863.68308444155,10000.0,25000.0,1.0,18.037721060726263,17.0,20.0,1.0,0.0,111.0,1.0,26.0
11.0,21.0,11.0,21.0,-121.0,11.0,11.0,-111.0,10.212952085812294,9.0,11.0,30000.0,10000.0,19000.0,0.0,26.33522064456379,16.5,19.0,0.0,10000.0,37000.861502545056,25000.0,0.0,27.661182566630135,17.0,20.0,0.0,122.0,10.217977588039181,9.0,11.0,1.0,11124.905978121502,10000.0,19000.0,1.0,16.5,16.79283530056838,19.0,1.0,18209.497828543095,10000.0,25000.0,1.0,18.134655735614206,17.0,20.0,1.0,0.0,111.0,1.0,18.0
91.0,24.0,91.0,24.0,-721.0,911.0,12.0,-711.0,15.155734375547256,12.0,17.0,30000.0,18000.0,36000.0,1.0,24.76555587167914,20.0,25.0,1.0,18000.0,33928.50638095079,36000.0,1.0,25.244320483464662,20.0,26.0,1.0,722.0,15.211450120667962,12.0,17.0,1.0,24949.441551373795,18000.0,36000.0,1.0,20.0,23.186003952579558,25.0,1.0,28909.097856457556,18000.0,36000.0,1.0,23.668564786106497,20.0,26.0,1.0,1.0,91121.0,7.0,27.0
81.0,23.0,81.0,23.0,-721.0,912.0,12.0,-711.0,15.361722381052324,12.0,17.0,30000.0,12500.0,23000.0,0.0,25.93215934941827,20.0,24.0,0.0,12500.0,33900.888511338475,26000.0,0.0,26.410007024911703,20.0,25.0,0.0,722.0,15.43427510288077,12.0,17.0,1.0,18947.096004551644,12500.0,23000.0,1.0,20.0,22.358417973053726,24.0,1.0,22941.16488440215,12500.0,26000.0,1.0,22.84767997694072,20.0,25.0,1.0,0.0,912.0,7.0,31.0
11.0,22.0,11.0,22.0,-121.0,21.0,13.0,-111.0,10.20016585703143,9.0,11.0,30000.0,10000.0,19000.0,0.0,24.60825243882747,16.5,19.0,0.0,10000.0,37007.34631188075,25000.0,0.0,25.93670797537821,17.0,20.0,0.0,122.0,10.207849600356042,9.0,11.0,1.0,13567.561816079007,10000.0,19000.0,1.0,16.5,17.305753865715914,19.0,1.0,20481.225887830555,10000.0,25000.0,1.0,18.61644908544527,17.0,20.0,1.0,0.0,211.0,1.0,47.0
11.0,21.0,11.0,22.0,-121.0,11.0,12.0,-111.0,10.201415538475413,9.0,11.0,30000.0,10000.0,19000.0,0.0,24.757709335077237,16.5,19.0,0.0,10000.0,37082.178010210395,25000.0,0.0,26.097536910220743,17.0,20.0,0.0,122.0,10.191110499791506,9.0,11.0,1.0,14703.75794315413,10000.0,19000.0,1.0,16.5,17.503328677726017,19.0,1.0,21892.988102492316,10000.0,25000.0,1.0,18.86340869797511,17.0,20.0,1.0,0.0,111.0,1.0,51.0
11.0,22.0,11.0,21.0,-121.0,11.0,12.0,-111.0,10.206377995683217,9.0,11.0,30000.0,10000.0,19000.0,0.0,23.36093868915171,16.5,19.0,0.0,10000.0,36980.19808712359,25000.0,0.0,24.680974661674075,17.0,20.0,0.0,122.0,10.200123832474645,9.0,11.0,1.0,12752.710302196683,10000.0,19000.0,1.0,16.5,17.065261075590648,19.0,1.0,19622.718957757745,10000.0,25000.0,1.0,18.36445895560635,17.0,20.0,1.0,0.0,111.0,1.0,45.0
11.0,22.0,11.0,22.0,-121.0,21.0,13.0,-111.0,10.197978059722523,9.0,11.0,30000.0,10000.0,19000.0,0.0,25.212416190083303,16.5,19.0,0.0,10000.0,37155.83277243598,25000.0,0.0,26.561943912810563,17.0,20.0,0.0,122.0,10.214890333945052,9.0,11.0,1.0,13848.733165837091,10000.0,19000.0,1.0,16.5,17.346243492395573,19.0,1.0,20823.22825734796,10000.0,25000.0,1.0,18.661572508226527,17.0,20.0,1.0,0.0,211.0,1.0,13.0
11.0,21.0,11.0,22.0,-121.0,21.0,12.0,-111.0,10.19024159754618,9.0,11.0,30000.0,10000.0,19000.0,0.0,24.418338991345337,16.5,19.0,0.0,10000.0,36949.05179800926,25000.0,0.0,25.724701289769705,17.0,20.0,0.0,122.0,10.252891336361198,9.0,11.0,1.0,13896.272749609174,10000.0,19000.0,1.0,16.5,17.40958224779558,19.0,1.0,20913.018807407825,10000.0,25000.0,1.0,18.72867048802886,17.0,20.0,1.0,0.0,211.0,1.0,37.0
11.0,22.0,11.0,21.0,-121.0,21.0,13.0,-111.0,9.988609732045902,9.0,11.0,30000.0,10000.0,19000.0,0.0,24.71652936610354,16.5,19.0,0.0,10000.0,36514.02394711625,25000.0,0.0,26.026024404777836,17.0,20.0,0.0,121.0,10.015776849182046,9.0,11.0,1.0,14152.344782456987,10000.0,19000.0,1.0,16.5,17.32639176205983,19.0,1.0,20617.72512957866,10000.0,25000.0,1.0,18.62610812116935,17.0,20.0,1.0,0.0,211.0,1.0,20.0
91.0,24.0,91.0,21.0,-721.0,911.0,11.0,-711.0,15.103563945371723,12.0,17.0,30000.0,18000.0,36000.0,1.0,23.776522516985743,20.0,25.0,1.0,18000.0,34071.79798602257,36000.0,1.0,24.271606657763655,20.0,26.0,1.0,722.0,15.29001767732227,12.0,17.0,1.0,22044.264670936846,18000.0,36000.0,1.0,20.0,22.941315424085737,25.0,1.0,26097.33271793404,18000.0,36000.0,1.0,23.434122218148257,20.0,26.0,1.0,1.0,91121.0,7.0,15.0
11.0,22.0,11.0,21.0,-121.0,11.0,11.0,-111.0,10.00659349343588,9.0,11.0,30000.0,10000.0,19000.0,0.0,25.447281396772606,16.5,19.0,0.0,10000.0,36466.35451108387,25000.0,0.0,26.739803174603264,17.0,20.0,0.0,121.0,9.995178215012547,9.0,11.0,1.0,12689.239654216684,10000.0,19000.0,1.0,16.5,16.99495251269674,19.0,1.0,19161.25458730376,10000.0,25000.0,1.0,18.288605719170587,17.0,20.0,1.0,0.0,111.0,1.0,39.0
11.0,21.0,11.0,22.0,-121.0,11.0,11.0,-111.0,10.169423240600175,9.0,11.0,30000.0,10000.0,19000.0,0.0,24.44853383306728,16.5,19.0,0.0,10000.0,36852.79361617949,25000.0,0.0,25.737421101226435,17.0,20.0,0.0,122.0,10.19183704007773,9.0,11.0,1.0,14814.122498537168,10000.0,19000.0,1.0,16.5,17.474059559324303,19.0,1.0,21721.889080537032,10000.0,25000.0,1.0,18.77328625395787,17.0,20.0,1.0,0.0,111.0,1.0,29.0
11.0,21.0,11.0,21.0,-121.0,21.0,13.0,-111.0,10.204242291303798,9.0,11.0,30000.0,10000.0,19000.0,0.0,26.62775731988193,16.5,19.0,0.0,10000.0,37065.36986359861,25000.0,0.0,27.96449920676836,17.0,20.0,0.0,122.0,10.207813610233996,9.0,11.0,1.0,11051.400221916461,10000.0,19000.0,1.0,16.5,16.810590395505677,19.0,1.0,18072.522355465422,10000.0,25000.0,1.0,18.138960775266664,17.0,20.0,1.0,0.0,211.0,1.0,34.0
11.0,21.0,11.0,21.0,-121.0,11.0,11.0,-111.0,10.206042407549253,9.0,11.0,30000.0,10000.0,19000.0,0.0,26.283439568141674,16.5,19.0,0.0,10000.0,36751.378580352815,25000.0,0.0,27.55647241388543,17.0,20.0,0.0,122.0,10.177033707126261,9.0,11.0,1.0,16727.243202958984,10000.0,19000.0,1.0,16.5,17.788873499479415,19.0,1.0,23938.865228111652,10000.0,25000.0,1.0,19.148689365208675,17.0,20.0,1.0,0.0,111.0,1.0,18.0
11.0,21.0,11.0,22.0,-121.0,11.0,11.0,-111.0,10.19919105238162,9.0,11.0,30000.0,10000.0,19000.0,0.0,26.869686889097885,16.5,19.0,0.0,10000.0,37069.56628088548,25000.0,0.0,28.201745913473477,17.0,20.0,0.0,122.0,10.200582056616826,9.0,11.0,1.0,15777.337629265732,10000.0,19000.0,1.0,16.5,17.722416481721798,19.0,1.0,22790.107125549694,10000.0,25000.0,1.0,19.043773764791347,17.0,20.0,1.0,0.0,111.0,1.0,43.0
11.0,22.0,11.0,22.0,-121.0,21.0,13.0,-111.0,10.202786540256623,9.0,11.0,30000.0,10000.0,19000.0,0.0,24.34331524760813,16.5,19.0,0.0,10000.0,36940.27297503126,25000.0,0.0,25.646970474093308,17.0,20.0,0.0,122.0,10.161289592744208,9.0,11.0,1.0,10310.079652299653,10000.0,19000.0,1.0,16.5,16.621866199607666,19.0,1.0,17195.429138598985,10000.0,25000.0,1.0,17.91520464267528,17.0,20.0,1.0,0.0,211.0,1.0,22.0
11.0,22.0,11.0,21.0,-121.0,21.0,13.0,-111.0,10.190404381340516,9.0,11.0,30000.0,10000.0,19000.0,0.0,25.391070358708532,16.5,19.0,0.0,10000.0,36972.86960070189,25000.0,0.0,26.703002496321275,17.0,20.0,0.0,122.0,10.197565600865534,9.0,11.0,1.0,12460.812483676986,10000.0,19000.0,1.0,16.5,17.017189317750812,19.0,1.0,19408.87881048359,10000.0,25000.0,1.0,18.324454766610625,17.0,20.0,1.0,0.0,211.0,1.0,33.0
11.0,21.0,11.0,22.0,-121.0,11.0,12.0,-111.0,9.987041449122165,9.0,11.0,30000.0,10000.0,19000.0,0.0,25.850709186538243,16.5,19.0,0.0,10000.0,36434.474453501,25000.0,0.0,27.133720160166845,17.0,20.0,0.0,121.0,9.996444921304953,9.0,11.0,1.0,17659.685449376007,10000.0,19000.0,1.0,16.5,18.077562745632193,19.0,1.0,24195.407314924272,10000.0,25000.0,1.0,19.38076208765776,17.0,20.0,1.0,0.0,111.0,1.0,51.0
11.0,22.0,11.0,22.0,-121.0,11.0,11.0,-111.0,10.214767968099894,9.0,11.0,30000.0,10000.0,19000.0,0.0,24.67949438254319,16.5,19.0,0.0,10000.0,37047.984543173356,25000.0,0.0,26.013917795182802,17.0,20.0,0.0,122.0,10.189817852136635,9.0,11.0,1.0,12340.694311753818,10000.0,19000.0,1.0,16.5,17.000454742523623,19.0,1.0,19274.33831452667,10000.0,25000.0,1.0,18.313229598304225,17.0,20.0,1.0,0.0,111.0,1.0,11.0
11.0,21.0,11.0,22.0,-121.0,21.0,13.0,-111.0,10.192481757733571,9.0,11.0,30000.0,10000.0,19000.0,0.0,25.234006413338673,16.5,19.0,0.0,10000.0,36984.39918987245,25000.0,0.0,26.555985176442743,17.0,20.0,0.0,122.0,10.211389500575434,9.0,11.0,1.0,12444.813931667028,10000.0,19000.0,1.0,16.5,17.069589759833846,19.0,1.0,19415.24466432766,10000.0,25000.0,1.0,18.38892462998659,17.0,20.0,1.0,0.0,211.0,1.0,24.0
11.0,22.0,11.0,21.0,-121.0,11.0,11.0,-111.0,9.994754030014823,9.0,11.0,30000.0,10000.0,19000.0,0.0,23.669689480872528,16.5,19.0,0.0,10000.0,36570.51502402741,25000.0,0.0,24.98604697634962,17.0,20.0,0.0,121.0,9.988617599951423,9.0,11.0,1.0,12557.708214558887,10000.0,19000.0,1.0,16.5,17.020458112726836,19.0,1.0,19075.756039878266,10000.0,25000.0,1.0,18.326304165792877,17.0,20.0,1.0,0.0,111.0,1.0,0.0
11.0,22.0,11.0,22.0,-121.0,11.0,11.0,-111.0,10.202219440001318,9.0,11.0,30000.0,10000.0,19000.0,0.0,23.242303868137476,16.5,19.0,0.0,10000.0,36787.069527308115,25000.0,0.0,24.519983456806838,17.0,20.0,0.0,122.0,10.207732998332604,9.0,11.0,1.0,14222.55251354903,10000.0,19000.0,1.0,16.5,17.429782593754272,19.0,1.0,21062.351832910783,10000.0,25000.0,1.0,18.717388672604798,17.0,20.0,1.0,0.0,111.0,1.0,50.0
11.0,22.0,11.0,22.0,-121.0,21.0,12.0,-111.0,9.982625914046714,9.0,11.0,30000.0,10000.0,19000.0,0.0,23.750764126459075,16.5,19.0,0.0,10000.0,36469.11255675112,25000.0,0.0,25.04151129018929,17.0,20.0,0.0,121.0,9.993438384500859,9.0,11.0,1.0,16027.596737719354,10000.0,19000.0,1.0,16.5,17.73093050537647,19.0,1.0,22463.264696675164,10000.0,25000.0,1.0,19.015004648755333,17.0,20.0,1.0,0.0,211.0,1.0,25.0
91.0,24.0,91.0,24.0,-721.0,911.0,12.0,-711.0,15.011935323296136,12.0,17.0,30000.0,18000.0,36000.0,1.0,24.63160623385638,20.0,25.0,1.0,18000.0,33954.67119314829,36000.0,1.0,25.11372772944429,20.0,26.0,1.0,722.0,15.247597463690798,12.0,17.0,1.0,28782.404763304537,18000.0,36000.0,1.0,20.0,23.71339401522748,25.0,1.0,32679.236740604018,18000.0,36000.0,1.0,24.188464221874607,20.0,26.0,1.0,1.0,91121.0,7.0,1.0
11.0,22.0,11.0,21.0,-121.0,21.0,13.0,-111.0,9.998588882369178,9.0,11.0,30000.0,10000.0,19000.0,0.0,25.96098145693034,16.5,19.0,0.0,10000.0,36550.55494685756,25000.0,0.0,27.27024779813957,17.0,20.0,0.0,121.0,9.975186076452028,9.0,11.0,1.0,12078.815900582445,10000.0,19000.0,1.0,16.5,16.860357653644435,19.0,1.0,18585.318175749188,10000.0,25000.0,1.0,18.16081914079885,17.0,20.0,1.0,0.0,211.0,1.0,20.0
11.0,22.0,11.0,21.0,-121.0,21.0,13.0,-111.0,10.188801560865983,9.0,11.0,30000.0,10000.0,19000.0,0.0,25.818637105426504,16.5,19.0,0.0,10000.0,36881.927890510844,25000.0,0.0,27.117764858922442,17.0,20.0,0.0,122.0,10.193833275874317,9.0,11.0,1.0,12336.476125924768,10000.0,19000.0,1.0,16.5,16.972935205987508,19.0,1.0,19330.428199193244,10000.0,25000.0,1.0,18.2932101913636,17.0,20.0,1.0,0.0,211.0,1.0,20.0
11.0,22.0,11.0,21.0,-121.0,21.0,13.0,-111.0,10.025799922346728,9.0,11.0,30000.0,10000.0,19000.0,0.0,25.665009481444166,16.5,19.0,0.0,10000.0,36516.12829615371,25000.0,0.0,26.96398236525347,17.0,20.0,0.0,121.0,10.006455341784344,9.0,11.0,1.0,13305.977496700183,10000.0,19000.0,1.0,16.5,17.141910829870078,19.0,1.0,19871.38778612195,10000.0,25000.0,1.0,18.45070794825639,17.0,20.0,1.0,0.0,211.0,1.0,58.0
91.0,24.0,91.0,21.0,-721.0,911.0,12.0,-711.0,13.989411112346993,12.0,17.0,30000.0,18000.0,36000.0,1.0,24.007761542407707,20.0,25.0,1.0,18000.0,34532.685307148815,36000.0,1.0,24.57904436464568,20.0,26.0,1.0,721.0,15.100279555115755,12.0,17.0,1.0,26627.32687957455,18000.0,36000.0,1.0,20.0,23.40295992502177,25.0,1.0,31103.022655829925,18000.0,36000.0,1.0,23.967059998438533,20.0,26.0,1.0,1.0,91121.0,7.0,29.0
11.0,21.0,11.0,22.0,-121.0,11.0,11.0,-111.0,10.215118348532215,9.0,11.0,30000.0,10000.0,19000.0,0.0,24.157513106014743,16.5,19.0,0.0,10000.0,36810.14405621391,25000.0,0.0,25.43811118960082,17.0,20.0,0.0,122.0,10.183932783934756,9.0,11.0,1.0,12194.284047327343,10000.0,19000.0,1.0,16.5,17.023979225040783,19.0,1.0,19202.493617657048,10000.0,25000.0,1.0,18.341822088723656,17.0,20.0,1.0,0.0,111.0,1.0,43.0
11.0,21.0,11.0,22.0,-121.0,21.0,12.0,-111.0,10.212421964172396,9.0,11.0,30000.0,10000.0,19000.0,0.0,25.233289180493266,16.5,19.0,0.0,10000.0,36898.64586214383,25000.0,0.0,26.537871471831295,17.0,20.0,0.0,122.0,10.202796318250964,9.0,11.0,1.0,15550.613621613928,10000.0,19000.0,1.0,16.5,17.712546744080896,19.0,1.0,22602.466715355076,10000.0,25000.0,1.0,19.046101596881105,17.0,20.0,1.0,0.0,211.0,1.0,37.0
11.0,22.0,11.0,21.0,-121.0,21.0,13.0,-111.0,10.175043668172618,9.0,11.0,30000.0,10000.0,19000.0,0.0,26.03563935359523,16.5,19.0,0.0,10000.0,36964.66165203978,25000.0,0.0,27.347423094653184,17.0,20.0,0.0,122.0,10.20003145934685,9.0,11.0,1.0,12252.65028173262,10000.0,19000.0,1.0,16.5,16.97926556107357,19.0,1.0,19177.735899624666,10000.0,25000.0,1.0,18.283595214521206,17.0,20.0,1.0,0.0,211.0,1.0,58.0
91.0,24.0,91.0,21.0,-721.0,911.0,11.0,-711.0,14.295495664113751,12.0,17.0,30000.0,18000.0,36000.0,1.0,23.745347027332123,20.0,25.0,1.0,18000.0,34450.96577921695,36000.0,1.0,24.302366690073328,20.0,26.0,1.0,721.0,14.038525997216789,12.0,17.0,1.0,25868.114243772634,18000.0,36000.0,1.0,20.0,22.266091345200312,25.0,1.0,30384.52170532128,18000.0,36000.0,1.0,22.831300759476303,20.0,26.0,1.0,1.0,91121.0,7.0,15.0
11.0,21.0,11.0,22.0,-121.0,21.0,13.0,-111.0,9.998107238262037,9.0,11.0,30000.0,10000.0,19000.0,0.0,27.092794089324823,16.5,19.0,0.0,10000.0,36449.3281128456,25000.0,0.0,28.382400030326714,17.0,20.0,0.0,121.0,9.983465540150965,9.0,11.0,1.0,15500.705425394597,10000.0,19000.0,1.0,16.5,17.60616206916263,19.0,1.0,22001.72903208927,10000.0,25000.0,1.0,18.906105027420317,17.0,20.0,1.0,0.0,211.0,1.0,52.0
11.0,22.0,11.0,22.0,-121.0,11.0,11.0,-111.0,10.212166274972521,9.0,11.0,30000.0,10000.0,19000.0,0.0,24.54009743470266,16.5,19.0,0.0,10000.0,36938.62956350305,25000.0,0.0,25.848952245941895,17.0,20.0,0.0,122.0,10.208338133206471,9.0,11.0,1.0,14588.957438531112,10000.0,19000.0,1.0,16.5,17.49214049828004,19.0,1.0,21500.362370424402,10000.0,25000.0,1.0,18.795859844404657,17.0,20.0,1.0,0.0,111.0,1.0,11.0
11.0,22.0,11.0,22.0,-121.0,21.0,13.0,-111.0,10.213474888818887,9.0,11.0,30000.0,10000.0,19000.0,0.0,24.93435106043149,16.5,19.0,0.0,10000.0,37166.20012121539,25000.0,0.0,26.285915578935235,17.0,20.0,0.0,122.0,10.197447491255335,9.0,11.0,1.0,14644.666868465618,10000.0,19000.0,1.0,16.5,17.429264235540813,19.0,1.0,21788.97637616648,10000.0,25000.0,1.0,18.776700125759827,17.0,20.0,1.0,0.0,211.0,1.0,19.0
81.0,23.0,81.0,21.0,-721.0,912.0,12.0,-711.0,15.00295792851532,12.0,17.0,30000.0,12500.0,23000.0,0.0,26.082227278939325,20.0,24.0,0.0,12500.0,34077.184754168105,26000.0,0.0,26.576734016974275,20.0,25.0,0.0,722.0,15.394175811252746,12.0,17.0,1.0,13948.960352878225,12500.0,23000.0,1.0,20.0,21.514731650240517,24.0,1.0,18024.4795189002,12500.0,26000.0,1.0,22.009036375217264,20.0,25.0,1.0,0.0,912.0,7.0,11.0
91.0,24.0,91.0,21.0,-721.0,911.0,11.0,-711.0,15.025655763933436,12.0,17.0,30000.0,18000.0,36000.0,1.0,24.963135435388097,20.0,25.0,1.0,18000.0,34003.91931821311,36000.0,1.0,25.451737311153238,20.0,26.0,1.0,722.0,15.293361344422388,12.0,17.0,1.0,23462.03391952967,18000.0,36000.0,1.0,20.0,23.05477476165523,25.0,1.0,27350.72410344005,18000.0,36000.0,1.0,23.529315122517463,20.0,26.0,1.0,1.0,91121.0,7.0,15.0
81.0,23.0,81.0,21.0,-721.0,912.0,11.0,-711.0,15.492150524168906,12.0,17.0,30000.0,12500.0,23000.0,0.0,27.06725777336082,20.0,24.0,0.0,12500.0,33921.379793333486,26000.0,0.0,27.545388472323015,20.0,25.0,0.0,722.0,15.226784751274831,12.0,17.0,1.0,14784.55504066253,12500.0,23000.0,1.0,20.0,21.44280645060442,24.0,1.0,18788.908836669107,12500.0,26000.0,1.0,21.931054103288165,20.0,25.0,1.0,0.0,912.0,7.0,12.0
11.0,21.0,11.0,21.0,-121.0,11.0,11.0,-111.0,10.20619448978476,9.0,11.0,30000.0,10000.0,19000.0,0.0,26.197126232910602,16.5,19.0,0.0,10000.0,36985.84940552946,25000.0,0.0,27.51707301173832,17.0,20.0,0.0,122.0,10.18260790400178,9.0,11.0,1.0,12444.36331920719,10000.0,19000.0,1.0,16.5,17.021147512400894,19.0,1.0,19352.54044472156,10000.0,25000.0,1.0,18.32641844154182,17.0,20.0,1.0,0.0,111.0,1.0,56.0
11.0,21.0,11.0,21.0,-121.0,11.0,11.0,-111.0,9.999398667279802,9.0,11.0,30000.0,10000.0,19000.0,0.0,24.606259191786826,16.5,19.0,0.0,10000.0,36479.924929960755,25000.0,0.0,25.89711579838217,17.0,20.0,0.0,121.0,10.000135123909777,9.0,11.0,1.0,15873.114975905342,10000.0,19000.0,1.0,16.5,17.646780321912104,19.0,1.0,22270.992660472974,10000.0,25000.0,1.0,18.9212924137309,17.0,20.0,1.0,0.0,111.0,1.0,56.0
11.0,21.0,11.0,21.0,-121.0,21.0,13.0,-111.0,10.018235127117375,9.0,11.0,30000.0,10000.0,19000.0,0.0,25.959383256350634,16.5,19.0,0.0,10000.0,36442.80932664149,25000.0,0.0,27.256209148176996,17.0,20.0,0.0,121.0,10.000847537920118,9.0,11.0,1.0,13098.325966720637,10000.0,19000.0,1.0,16.5,17.09676142144185,19.0,1.0,19534.01441644761,10000.0,25000.0,1.0,18.392154004118886,17.0,20.0,1.0,0.0,211.0,1.0,34.0
11.0,22.0,11.0,22.0,-121.0,21.0,13.0,-111.0,9.994851323915258,9.0,11.0,30000.0,10000.0,19000.0,0.0,24.84652007647114,16.5,19.0,0.0,10000.0,36418.02720117976,25000.0,0.0,26.12404566679224,17.0,20.0,0.0,121.0,10.010652894817763,9.0,11.0,1.0,15137.72785168947,10000.0,19000.0,1.0,16.5,17.565639334710077,19.0,1.0,21665.846417417226,10000.0,25000.0,1.0,18.865078907486346,17.0,20.0,1.0,0.0,211.0,1.0,8.0
92.0,24.0,92.0,24.0,-721.0,921.0,13.0,-711.0,14.344247384551014,12.0,17.0,30000.0,15000.0,28000.0,0.0,24.475030913627585,19.5,25.0,1.0,15000.0,34561.06961606472,28000.0,0.0,25.045978300635166,20.0,26.0,1.0,721.0,14.716307732124077,12.0,17.0,1.0,21516.231086636875,15000.0,28000.0,1.0,19.5,21.465300084909455,25.0,1.0,25993.120198524408,15000.0,28000.0,1.0,22.025709891274182,20.0,26.0,1.0,0.0,92122.0,7.0,25.0
11.0,22.0,11.0,22.0,-121.0,11.0,11.0,-111.0,10.222104376702365,9.0,11.0,30000.0,10000.0,19000.0,0.0,26.806039988219243,16.5,19.0,0.0,10000.0,37140.17088739026,25000.0,0.0,28.150236470864368,17.0,20.0,0.0,122.0,10.192519291565615,9.0,11.0,1.0,13440.84592620842,10000.0,19000.0,1.0,16.5,17.267494597866538,19.0,1.0,20588.17569038443,10000.0,25000.0,1.0,18.61303879853506,17.0,20.0,1.0,0.0,111.0,1.0,11.0
91.0,24.0,91.0,21.0,-721.0,911.0,11.0,-711.0,15.207705752781603,12.0,17.0,30000.0,18000.0,36000.0,1.0,24.916197183827617,20.0,25.0,1.0,18000.0,34484.24919815764,36000.0,1.0,25.474422538780424,20.0,26.0,1.0,721.0,16.096015896654762,12.0,17.0,1.0,23461.3867292519,18000.0,36000.0,1.0,20.0,24.031273202062746,25.0,1.0,27955.85915988295,18000.0,36000.0,1.0,24.590771204302545,20.0,26.0,1.0,1.0,91121.0,7.0,3.0
81.0,23.0,81.0,23.0,-721.0,912.0,11.0,-711.0,14.96076456832128,12.0,17.0,30000.0,12500.0,23000.0,0.0,26.23179865441694,20.0,24.0,0.0,12500.0,33941.15468463009,26000.0,0.0,26.711363054471104,20.0,25.0,0.0,722.0,15.039942177945978,12.0,17.0,1.0,15846.611773713774,12500.0,23000.0,1.0,20.0,21.579752656393957,24.0,1.0,19870.924852511514,12500.0,26000.0,1.0,22.069435868978875,20.0,25.0,1.0,0.0,912.0,7.0,17.0
91.0,24.0,91.0,24.0,-721.0,911.0,12.0,-711.0,15.561921601190514,12.0,17.0,30000.0,18000.0,36000.0,1.0,24.98314879917272,20.0,25.0,1.0,18000.0,34502.702979901536,36000.0,1.0,25.54647251294451,20.0,26.0,1.0,721.0,15.819115659492907,12.0,17.0,1.0,25456.677511668626,18000.0,36000.0,1.0,20.0,23.983654026202483,25.0,1.0,30002.211471855673,18000.0,36000.0,1.0,24.55233623396924,20.0,26.0,1.0,1.0,91121.0,7.0,32.0
11.0,22.0,11.0,22.0,-121.0,11.0,12.0,-111.0,10.206602549917942,9.0,11.0,30000.0,10000.0,19000.0,0.0,24.10245644664231,16.5,19.0,0.0,10000.0,36940.191827883566,25000.0,0.0,25.41552361803817,17.0,20.0,0.0,122.0,10.18578853880842,9.0,11.0,1.0,14805.228694417667,10000.0,19000.0,1.0,16.5,17.45837811499657,19.0,1.0,21793.920438474306,10000.0,25000.0,1.0,18.780621350876185,17.0,20.0,1.0,0.0,111.0,1.0,49.0
11.0,22.0,11.0,22.0,-121.0,21.0,13.0,-111.0,10.210757551230813,9.0,11.0,30000.0,10000.0,19000.0,0.0,24.153195625580544,16.5,19.0,0.0,10000.0,37156.53391243844,25000.0,0.0,25.496562168672057,17.0,20.0,0.0,122.0,10.222837335200841,9.0,11.0,1.0,13480.623946933101,10000.0,19000.0,1.0,16.5,17.249755760530846,19.0,1.0,20426.3668312787,10000.0,25000.0,1.0,18.55355432026779,17.0,20.0,1.0,0.0,211.0,1.0,28.0
91.0,24.0,91.0,21.0,-721.0,911.0,11.0,-711.0,15.20922686104817,12.0,17.0,30000.0,18000.0,36000.0,1.0,24.428081628403383,20.0,25.0,1.0,18000.0,34469.02143476624,36000.0,1.0,24.98888118177469,20.0,26.0,1.0,721.0,14.687146553975625,12.0,17.0,1.0,21974.134638456017,18000.0,36000.0,1.0,20.0,22.44544087225594,25.0,1.0,26476.63780110155,18000.0,36000.0,1.0,23.010441913204538,20.0,26.0,1.0,1.0,91121.0,7.0,3.0
11.0,22.0,11.0,22.0,-121.0,21.0,13.0,-111.0,10.198628698978055,9.0,11.0,30000.0,10000.0,19000.0,0.0,25.65526402434451,16.5,19.0,0.0,10000.0,36890.60560537664,25000.0,0.0,26.958900072217357,17.0,20.0,0.0,122.0,10.177102103335903,9.0,11.0,1.0,14487.568438551149,10000.0,19000.0,1.0,16.5,17.40523288089825,19.0,1.0,21614.536409007313,10000.0,25000.0,1.0,18.753586406032852,17.0,20.0,1.0,0.0,211.0,1.0,36.0
11.0,22.0,11.0,21.0,-121.0,21.0,13.0,-111.0,10.209595719450768,9.0,11.0,30000.0,10000.0,19000.0,0.0,25.215652054017614,16.5,19.0,0.0,10000.0,36963.07938021135,25000.0,0.0,26.529441932209732,17.0,20.0,0.0,122.0,10.216607248497835,9.0,11.0,1.0,12728.816006823512,10000.0,19000.0,1.0,16.5,17.07489648235377,19.0,1.0,19706.592981764206,10000.0,25000.0,1.0,18.391459494404458,17.0,20.0,1.0,0.0,211.0,1.0,2.0
11.0,22.0,11.0,21.0,-121.0,11.0,11.0,-111.0,10.21060304367056,9.0,11.0,30000.0,10000.0,19000.0,0.0,25.020894682405654,16.5,19.0,0.0,10000.0,36881.83764688785,25000.0,0.0,26.31850701114712,17.0,20.0,0.0,122.0,10.21089929296063,9.0,11.0,1.0,16313.668850460746,10000.0,19000.0,1.0,16.5,17.75375936291636,19.0,1.0,23099.50495590692,10000.0,25000.0,1.0,19.033270017345696,17.0,20.0,1.0,0.0,111.0,1.0,1.0
11.0,21.0,11.0,22.0,-121.0,21.0,13.0,-111.0,10.013149379819525,9.0,11.0,30000.0,10000.0,19000.0,0.0,26.11053983100272,16.5,19.0,0.0,10000.0,36405.84992648644,25000.0,0.0,27.391578202930695,17.0,20.0,0.0,121.0,10.01111266226507,9.0,11.0,1.0,13472.779391679325,10000.0,19000.0,1.0,16.5,17.251214080209753,19.0,1.0,19922.029697999933,10000.0,25000.0,1.0,18.540931636408647,17.0,20.0,1.0,0.0,211.0,1.0,9.0
91.0,21.0,91.0,24.0,-721.0,911.0,12.0,-711.0,15.549369713741246,12.0,17.0,30000.0,18000.0,36000.0,1.0,25.830480410089685,20.0,25.0,0.0,18000.0,34445.17675497644,36000.0,1.0,26.38617270265739,20.0,26.0,0.0,721.0,14.163275321592259,12.0,17.0,1.0,21187.12116333295,18000.0,36000.0,1.0,20.0,21.816243504861667,25.0,1.0,25691.097347591778,18000.0,36000.0,1.0,22.379286323957487,20.0,26.0,1.0,0.0,91121.0,7.0,26.0
11.0,22.0,11.0,22.0,-121.0,11.0,11.0,-111.0,9.997480237618866,9.0,11.0,30000.0,10000.0,19000.0,0.0,23.270837296201798,16.5,19.0,0.0,10000.0,36524.59706920378,25000.0,0.0,24.578274187030296,17.0,20.0,0.0,121.0,9.996887618643964,9.0,11.0,1.0,16199.67505829609,10000.0,19000.0,1.0,16.5,17.7725177795064,19.0,1.0,22683.194198759964,10000.0,25000.0,1.0,19.071723234912337,17.0,20.0,1.0,0.0,111.0,1.0,27.0
11.0,22.0,11.0,22.0,-121.0,11.0,12.0,-111.0,10.203374226852427,9.0,11.0,30000.0,10000.0,19000.0,0.0,24.0977477483775,16.5,19.0,0.0,10000.0,37001.21828626853,25000.0,0.0,25.42524491921558,17.0,20.0,0.0,122.0,10.215057009313217,9.0,11.0,1.0,16212.978267445389,10000.0,19000.0,1.0,16.5,17.832382784308322,19.0,1.0,23153.995560320123,10000.0,25000.0,1.0,19.148465277708244,17.0,20.0,1.0,0.0,111.0,1.0,42.0
81.0,23.0,81.0,23.0,-721.0,912.0,11.0,-711.0,15.297715101081362,12.0,17.0,30000.0,12500.0,23000.0,0.0,26.457010422866148,20.0,24.0,0.0,12500.0,34551.36465943224,26000.0,0.0,27.02489556525055,20.0,25.0,0.0,721.0,15.154280212540236,12.0,17.0,1.0,17629.691652747933,12500.0,23000.0,1.0,20.0,21.925091528703582,24.0,1.0,22071.112198653045,12500.0,26000.0,1.0,22.479258669293667,20.0,25.0,1.0,0.0,912.0,7.0,17.0
11.0,22.0,11.0,22.0,-121.0,11.0,11.0,-111.0,9.993279748461516,9.0,11.0,30000.0,10000.0,19000.0,0.0,24.101429353448193,16.5,19.0,0.0,10000.0,36455.70210816951,25000.0,0.0,25.39600980799126,17.0,20.0,0.0,121.0,9.996072663382906,9.0,11.0,1.0,19097.911124013965,10000.0,19000.0,0.0,16.5,18.35502631570543,19.0,1.0,25568.342756073205,10000.0,25000.0,0.0,19.652560523908882,17.0,20.0,1.0,0.0,111.0,1.0,50.0
11.0,22.0,11.0,22.0,-121.0,21.0,12.0,-111.0,10.00098797563938,9.0,11.0,30000.0,10000.0,19000.0,0.0,24.088632378230315,16.5,19.0,0.0,10000.0,36599.29726404503,25000.0,0.0,25.410219716609515,17.0,20.0,0.0,121.0,9.990186188627103,9.0,11.0,1.0,17886.909941635327,10000.0,19000.0,1.0,16.5,18.098195651403394,19.0,1.0,24374.376550992267,10000.0,25000.0,1.0,19.397387578367553,17.0,20.0,1.0,0.0,211.0,1.0,25.0
81.0,23.0,81.0,21.0,-721.0,912.0,12.0,-711.0,14.52045206429485,12.0,17.0,30000.0,12500.0,23000.0,0.0,25.265050190264805,20.0,24.0,0.0,12500.0,34543.16995939294,26000.0,0.0,25.833479185553056,20.0,25.0,0.0,721.0,14.964519410543806,12.0,17.0,1.0,14344.867695393943,12500.0,23000.0,1.0,20.0,21.256745848362577,24.0,1.0,18794.823146916395,12500.0,26000.0,1.0,21.813512099459285,20.0,25.0,1.0,0.0,912.0,7.0,30.0
11.0,22.0,11.0,22.0,-121.0,11.0,11.0,-111.0,10.212573158128055,9.0,11.0,30000.0,10000.0,19000.0,0.0,25.190564281569472,16.5,19.0,0.0,10000.0,37012.099242068216,25000.0,0.0,26.511360303792742,17.0,20.0,0.0,122.0,10.200512341731525,9.0,11.0,1.0,16412.03079240433,10000.0,19000.0,1.0,16.5,17.83258041115918,19.0,1.0,23368.41060971985,10000.0,25000.0,1.0,19.142881146303168,17.0,20.0,1.0,0.0,111.0,1.0,17.0
11.0,22.0,11.0,22.0,-121.0,11.0,12.0,-111.0,10.220477063393766,9.0,11.0,30000.0,10000.0,19000.0,0.0,23.2815756270747,16.5,19.0,0.0,10000.0,36964.85182272815,25000.0,0.0,24.592347993913567,17.0,20.0,0.0,122.0,10.20470556665431,9.0,11.0,1.0,13862.074229803578,10000.0,19000.0,1.0,16.5,17.32414872778158,19.0,1.0,20943.05870322112,10000.0,25000.0,1.0,18.65677704694877,17.0,20.0,1.0,0.0,111.0,1.0,40.0
11.0,22.0,11.0,22.0,-121.0,21.0,13.0,-111.0,10.201257431724756,9.0,11.0,30000.0,10000.0,19000.0,0.0,24.943602043970003,16.5,19.0,0.0,10000.0,36902.72571627785,25000.0,0.0,26.242344703664514,17.0,20.0,0.0,122.0,10.19596649143266,9.0,11.0,1.0,14868.57893656274,10000.0,19000.0,1.0,16.5,17.515502253055534,19.0,1.0,22041.189144034935,10000.0,25000.0,1.0,18.86502347708985,17.0,20.0,1.0,0.0,211.0,1.0,8.0
11.0,22.0,11.0,22.0,-121.0,21.0,13.0,-111.0,10.171155779916504,9.0,11.0,30000.0,10000.0,19000.0,0.0,24.28786010969302,16.5,19.0,0.0,10000.0,36934.407794412466,25000.0,0.0,25.587280790982906,17.0,20.0,0.0,122.0,10.20519041171435,9.0,11.0,1.0,12349.691799429585,10000.0,19000.0,1.0,16.5,17.06451005657711,19.0,1.0,19291.551813813523,10000.0,25000.0,1.0,18.36532719002838,17.0,20.0,1.0,0.0,211.0,1.0,8.0
91.0,24.0,91.0,21.0,-721.0,911.0,11.0,-711.0,15.066792190934521,12.0,17.0,30000.0,18000.0,36000.0,1.0,25.82747149129076,20.0,25.0,0.0,18000.0,33982.30120349505,36000.0,1.0,26.31404537802621,20.0,26.0,0.0,722.0,15.331671847389625,12.0,17.0,1.0,27993.214961059344,18000.0,36000.0,1.0,20.0,23.690052739794453,25.0,1.0,31932.702756354633,18000.0,36000.0,1.0,24.17139550879982,20.0,26.0,1.0,0.0,91121.0,7.0,2.0
11.0,22.0,11.0,22.0,-121.0,21.0,13.0,-111.0,9.994795792335546,9.0,11.0,30000.0,10000.0,19000.0,0.0,25.036706132869334,16.5,19.0,0.0,10000.0,36543.43748583599,25000.0,0.0,26.34740361511114,17.0,20.0,0.0,121.0,9.988440313952909,9.0,11.0,1.0,13115.751204692544,10000.0,19000.0,1.0,16.5,17.103133220896485,19.0,1.0,19653.690930688957,10000.0,25000.0,1.0,18.41272946239208,17.0,20.0,1.0,0.0,211.0,1.0,5.0
11.0,22.0,11.0,21.0,-121.0,21.0,13.0,-111.0,10.005628789914102,9.0,11.0,30000.0,10000.0,19000.0,0.0,26.265842246448663,16.5,19.0,0.0,10000.0,36506.204665277495,25000.0,0.0,27.56595959340814,17.0,20.0,0.0,121.0,10.001976161452054,9.0,11.0,1.0,12714.291609689233,10000.0,19000.0,1.0,16.5,17.02167512624883,19.0,1.0,19208.70744987395,10000.0,25000.0,1.0,18.319436744055615,17.0,20.0,1.0,0.0,211.0,1.0,2.0
11.0,22.0,11.0,21.0,-121.0,11.0,11.0,-111.0,10.013030586354772,9.0,11.0,30000.0,10000.0,19000.0,0.0,24.458045910366806,16.5,19.0,0.0,10000.0,36456.44597322923,25000.0,0.0,25.749695003783355,17.0,20.0,0.0,121.0,10.000211942261686,9.0,11.0,1.0,12679.376439213476,10000.0,19000.0,1.0,16.5,17.027653137370294,19.0,1.0,19223.601722218937,10000.0,25000.0,1.0,18.336862985784762,17.0,20.0,1.0,0.0,111.0,1.0,39.0
11.0,22.0,11.0,22.0,-121.0,21.0,12.0,-111.0,10.176535432697587,9.0,11.0,30000.0,10000.0,19000.0,0.0,24.7055028264098,16.5,19.0,0.0,10000.0,37066.019170592415,25000.0,0.0,26.043158176748836,17.0,20.0,0.0,122.0,10.209040616563605,9.0,11.0,1.0,13807.808612022964,10000.0,19000.0,1.0,16.5,17.314092199478885,19.0,1.0,20734.820008856368,10000.0,25000.0,1.0,18.625432238775275,17.0,20.0,1.0,0.0,211.0,1.0,48.0
11.0,22.0,11.0,21.0,-121.0,11.0,11.0,-111.0,9.999141452597655,9.0,11.0,30000.0,10000.0,19000.0,0.0,24.681113784977967,16.5,19.0,0.0,10000.0,36499.548317606874,25000.0,0.0,25.985753690050117,17.0,20.0,0.0,121.0,9.998982330058814,9.0,11.0,1.0,14177.205341705458,10000.0,19000.0,1.0,16.5,17.326451388064314,19.0,1.0,20707.36347203446,10000.0,25000.0,1.0,18.637235532891694,17.0,20.0,1.0,0.0,111.0,1.0,1.0
11.0,22.0,11.0,22.0,-121.0,21.0,13.0,-111.0,10.199473238004007,9.0,11.0,30000.0,10000.0,19000.0,0.0,25.454967035217955,16.5,19.0,0.0,10000.0,36897.56370040188,25000.0,0.0,26.753480292078265,17.0,20.0,0.0,122.0,10.199684608598579,9.0,11.0,1.0,13864.176718043145,10000.0,19000.0,1.0,16.5,17.32167389406463,19.0,1.0,21075.07268896924,10000.0,25000.0,1.0,18.67917408091214,17.0,20.0,1.0,0.0,211.0,1.0,13.0
11.0,22.0,11.0,22.0,-121.0,21.0,13.0,-111.0,9.98602186572984,9.0,11.0,30000.0,10000.0,19000.0,0.0,25.82820106550382,16.5,19.0,0.0,10000.0,36621.00737029412,25000.0,0.0,27.147698260190058,17.0,20.0,0.0,121.0,10.004920408906166,9.0,11.0,1.0,14389.047168958592,10000.0,19000.0,1.0,16.5,17.417828461386065,19.0,1.0,20944.759010824528,10000.0,25000.0,1.0,18.724312943388565,17.0,20.0,1.0,0.0,211.0,1.0,47.0
11.0,22.0,11.0,22.0,-121.0,21.0,13.0,-111.0,10.001846538466264,9.0,11.0,30000.0,10000.0,19000.0,0.0,23.802180847900214,16.5,19.0,0.0,10000.0,36546.162057212874,25000.0,0.0,25.11136806262331,17.0,20.0,0.0,121.0,9.999698567276804,9.0,11.0,1.0,13813.095066174128,10000.0,19000.0,1.0,16.5,17.270003061495466,19.0,1.0,20384.091512441664,10000.0,25000.0,1.0,18.584156982565222,17.0,20.0,1.0,0.0,211.0,1.0,3.0
81.0,21.0,81.0,21.0,-721.0,912.0,12.0,-711.0,15.244818850133242,12.0,17.0,30000.0,12500.0,23000.0,0.0,26.77474173977196,20.0,24.0,0.0,12500.0,34503.183812492236,26000.0,0.0,27.338272530589265,20.0,25.0,0.0,721.0,14.183154169465201,12.0,17.0,1.0,15089.979528712862,12500.0,23000.0,1.0,20.0,20.492434685962827,24.0,1.0,19622.10155431151,12500.0,26000.0,1.0,21.059586819988784,20.0,25.0,1.0,0.0,912.0,7.0,6.0
92.0,24.0,92.0,24.0,-721.0,921.0,13.0,-711.0,15.342911232151062,12.0,17.0,30000.0,15000.0,28000.0,0.0,24.381609489225205,19.5,25.0,1.0,15000.0,33946.84687158502,28000.0,0.0,24.86313159914481,20.0,26.0,1.0,722.0,15.087507742842305,12.0,17.0,1.0,21586.158460724368,15000.0,28000.0,1.0,19.5,21.79491204353502,25.0,1.0,25573.334055452215,15000.0,28000.0,1.0,22.281354327074208,20.0,26.0,1.0,0.0,92122.0,7.0,22.0
11.0,21.0,11.0,22.0,-121.0,21.0,13.0,-111.0,10.00318386019515,9.0,11.0,30000.0,10000.0,19000.0,0.0,27.145223547780187,16.5,19.0,0.0,10000.0,36545.47301288546,25000.0,0.0,28.455952545571318,17.0,20.0,0.0,121.0,10.001235576268446,9.0,11.0,1.0,12879.105813946582,10000.0,19000.0,1.0,16.5,17.093948747432375,19.0,1.0,19305.382806503312,10000.0,25000.0,1.0,18.380808778082613,17.0,20.0,1.0,0.0,211.0,1.0,24.0
91.0,24.0,91.0,24.0,-721.0,911.0,11.0,-711.0,14.806968482780494,12.0,17.0,30000.0,18000.0,36000.0,1.0,24.232864894008728,20.0,25.0,1.0,18000.0,34373.92863662994,36000.0,1.0,24.778395162706556,20.0,26.0,1.0,721.0,15.427749588823312,12.0,17.0,1.0,22766.35002682606,18000.0,36000.0,1.0,20.0,23.212797306840887,25.0,1.0,27270.21086699695,18000.0,36000.0,1.0,23.774533132555945,20.0,26.0,1.0,1.0,91121.0,7.0,4.0
91.0,24.0,91.0,24.0,-721.0,911.0,11.0,-711.0,14.911051167334932,12.0,17.0,30000.0,18000.0,36000.0,1.0,24.334117820439296,20.0,25.0,1.0,18000.0,34526.40622004834,36000.0,1.0,24.899645290006685,20.0,26.0,1.0,721.0,15.92352702282263,12.0,17.0,1.0,27160.57037075686,18000.0,36000.0,1.0,20.0,24.357959064153,25.0,1.0,31625.29804749535,18000.0,36000.0,1.0,24.91578044000522,20.0,26.0,1.0,1.0,91121.0,7.0,16.0
91.0,24.0,91.0,24.0,-721.0,911.0,12.0,-711.0,15.128020799844327,12.0,17.0,30000.0,18000.0,36000.0,1.0,24.45244641367235,20.0,25.0,1.0,18000.0,34493.838055031774,36000.0,1.0,25.01784988465123,20.0,26.0,1.0,721.0,14.995483176068767,12.0,17.0,1.0,31123.9174267115,18000.0,36000.0,1.0,20.0,23.915252409575075,25.0,1.0,35629.14806635559,18000.0,36000.0,1.0,24.48208926707219,20.0,26.0,1.0,1.0,91121.0,7.0,1.0
92.0,24.0,92.0,24.0,-721.0,921.0,13.0,-711.0,14.947833475431137,12.0,17.0,30000.0,15000.0,28000.0,0.0,24.65692263938262,19.5,25.0,1.0,15000.0,34023.11283781885,28000.0,0.0,25.143533262090294,20.0,26.0,1.0,722.0,14.972602673667708,12.0,17.0,1.0,21614.360393546332,15000.0,28000.0,1.0,19.5,21.64713501522921,25.0,1.0,25653.730957180007,15000.0,28000.0,1.0,22.13571207099543,20.0,26.0,1.0,0.0,92122.0,7.0,20.0
81.0,23.0,81.0,23.0,-721.0,912.0,11.0,-711.0,14.93140790057095,12.0,17.0,30000.0,12500.0,23000.0,0.0,26.51391400602271,20.0,24.0,0.0,12500.0,33967.90348980696,26000.0,0.0,26.999124032352032,20.0,25.0,0.0,722.0,15.237822557136225,12.0,17.0,1.0,17443.851574756154,12500.0,23000.0,1.0,20.0,21.895915422016998,24.0,1.0,21488.31261591852,12500.0,26000.0,1.0,22.390487191040993,20.0,25.0,1.0,0.0,912.0,7.0,17.0
11.0,21.0,11.0,22.0,-121.0,21.0,13.0,-111.0,10.194453903297381,9.0,11.0,30000.0,10000.0,19000.0,0.0,27.48193963787378,16.5,19.0,0.0,10000.0,36983.09047465068,25000.0,0.0,28.80124431995209,17.0,20.0,0.0,122.0,10.174409756797239,9.0,11.0,1.0,15846.807514252529,10000.0,19000.0,1.0,16.5,17.745104646125164,19.0,1.0,22931.782454148954,10000.0,25000.0,1.0,19.08365820554764,17.0,20.0,1.0,0.0,211.0,1.0,24.0
91.0,24.0,91.0,21.0,-721.0,911.0,12.0,-711.0,15.273846385401846,12.0,17.0,30000.0,18000.0,36000.0,1.0,24.238263326180363,20.0,25.0,1.0,18000.0,34558.86929527536,36000.0,1.0,24.808451214655665,20.0,26.0,1.0,721.0,15.264165449047564,12.0,17.0,1.0,27603.614191484205,18000.0,36000.0,1.0,20.0,23.64011315321246,25.0,1.0,32131.28354344089,18000.0,36000.0,1.0,24.206398795615502,20.0,26.0,1.0,1.0,91121.0,7.0,29.0
11.0,22.0,11.0,22.0,-121.0,21.0,13.0,-111.0,10.210368624403594,9.0,11.0,30000.0,10000.0,19000.0,0.0,24.822155804495324,16.5,19.0,0.0,10000.0,36907.38068519214,25000.0,0.0,26.1284653416916,17.0,20.0,0.0,122.0,10.188061630600625,9.0,11.0,1.0,14314.969265557369,10000.0,19000.0,1.0,16.5,17.468378802069466,19.0,1.0,21304.023810222876,10000.0,25000.0,1.0,18.790134330507897,17.0,20.0,1.0,0.0,211.0,1.0,13.0
11.0,22.0,11.0,21.0,-121.0,11.0,11.0,-111.0,10.002973250951284,9.0,11.0,30000.0,10000.0,19000.0,0.0,24.698492721813324,16.5,19.0,0.0,10000.0,36555.27074358145,25000.0,0.0,26.01097585019059,17.0,20.0,0.0,121.0,9.998778425150343,9.0,11.0,1.0,15546.08668181349,10000.0,19000.0,1.0,16.5,17.620747234587046,19.0,1.0,22030.79227280412,10000.0,25000.0,1.0,18.919101949989532,17.0,20.0,1.0,0.0,111.0,1.0,54.0
91.0,24.0,91.0,24.0,-721.0,911.0,12.0,-711.0,14.905702507839697,12.0,17.0,30000.0,18000.0,36000.0,1.0,24.663397468825764,20.0,25.0,1.0,18000.0,34073.69140707592,36000.0,1.0,25.16082029888189,20.0,26.0,1.0,722.0,15.377749735860661,12.0,17.0,1.0,25827.97309238562,18000.0,36000.0,1.0,20.0,23.565157407544415,25.0,1.0,29828.172568918766,18000.0,36000.0,1.0,24.05360641989472,20.0,26.0,1.0,1.0,91121.0,7.0,32.0
11.0,22.0,11.0,22.0,-121.0,21.0,13.0,-111.0,10.209922223065695,9.0,11.0,30000.0,10000.0,19000.0,0.0,24.76341567477803,16.5,19.0,0.0,10000.0,37084.21715214757,25000.0,0.0,26.097393772305573,17.0,20.0,0.0,122.0,10.19527973075633,9.0,11.0,1.0,12868.123578140023,10000.0,19000.0,1.0,16.5,17.12819605605029,19.0,1.0,19863.469258314377,10000.0,25000.0,1.0,18.44543940440779,17.0,20.0,1.0,0.0,211.0,1.0,3.0
11.0,22.0,11.0,22.0,-121.0,21.0,13.0,-111.0,10.01165310765901,9.0,11.0,30000.0,10000.0,19000.0,0.0,25.97146313875958,16.5,19.0,0.0,10000.0,36521.38096075335,25000.0,0.0,27.27140699609222,17.0,20.0,0.0,121.0,9.998851169173093,9.0,11.0,1.0,13211.719500908815,10000.0,19000.0,1.0,16.5,17.127677430962283,19.0,1.0,19615.52598663175,10000.0,25000.0,1.0,18.404184501283904,17.0,20.0,1.0,0.0,211.0,1.0,31.0
92.0,24.0,92.0,24.0,-721.0,921.0,13.0,-711.0,15.341714195792395,12.0,17.0,30000.0,15000.0,28000.0,0.0,24.54613780882829,19.5,25.0,1.0,15000.0,33998.01902396688,28000.0,0.0,25.033444606691244,20.0,26.0,1.0,722.0,14.97097434461225,12.0,17.0,1.0,22543.21744771189,15000.0,28000.0,1.0,19.5,21.76312190244503,25.0,1.0,26626.319389450622,15000.0,28000.0,1.0,22.26079920729249,20.0,26.0,1.0,0.0,92122.0,7.0,25.0
11.0,21.0,11.0,22.0,-121.0,21.0,13.0,-111.0,9.995799687372333,9.0,11.0,30000.0,10000.0,19000.0,0.0,26.55967089113543,16.5,19.0,0.0,10000.0,36531.007454746556,25000.0,0.0,27.864327634467006,17.0,20.0,0.0,121.0,9.999528704193612,9.0,11.0,1.0,14639.66719269881,10000.0,19000.0,1.0,16.5,17.484281078799334,19.0,1.0,21264.41203478742,10000.0,25000.0,1.0,18.80766312834829,17.0,20.0,1.0,0.0,211.0,1.0,9.0
11.0,22.0,11.0,22.0,-121.0,11.0,11.0,-111.0,9.986683864228098,9.0,11.0,30000.0,10000.0,19000.0,0.0,24.069486432634,16.5,19.0,0.0,10000.0,36450.985381710925,25000.0,0.0,25.36178253229687,17.0,20.0,0.0,121.0,10.013677172684197,9.0,11.0,1.0,12215.657960687098,10000.0,19000.0,1.0,16.5,17.010474545715493,19.0,1.0,18678.231286532566,10000.0,25000.0,1.0,18.30509200469358,17.0,20.0,1.0,0.0,111.0,1.0,38.0
11.0,21.0,11.0,22.0,-121.0,11.0,11.0,-111.0,10.183127344547033,9.0,11.0,30000.0,10000.0,19000.0,0.0,24.961859801416637,16.5,19.0,0.0,10000.0,36960.98192239768,25000.0,0.0,26.27123964697933,17.0,20.0,0.0,122.0,10.186344412566651,9.0,11.0,1.0,14538.462305341487,10000.0,19000.0,1.0,16.5,17.47083168034547,19.0,1.0,21733.80605144432,10000.0,25000.0,1.0,18.824295629551855,17.0,20.0,1.0,0.0,111.0,1.0,35.0
11.0,22.0,11.0,21.0,-121.0,11.0,12.0,-111.0,9.993217087154964,9.0,11.0,30000.0,10000.0,19000.0,0.0,25.994296100634656,16.5,19.0,0.0,10000.0,36510.85842183361,25000.0,0.0,27.294793845106476,17.0,20.0,0.0,121.0,9.98632078871454,9.0,11.0,1.0,14825.739519239714,10000.0,19000.0,1.0,16.5,17.452135597991074,19.0,1.0,21274.413839822097,10000.0,25000.0,1.0,18.740212509727836,17.0,20.0,1.0,0.0,111.0,1.0,45.0
11.0,21.0,11.0,22.0,-121.0,21.0,13.0,-111.0,10.01275368762287,9.0,11.0,30000.0,10000.0,19000.0,0.0,26.988290637141517,16.5,19.0,0.0,10000.0,36422.76572006839,25000.0,0.0,28.269151713869775,17.0,20.0,0.0,121.0,10.005074211400206,9.0,11.0,1.0,15885.61058274728,10000.0,19000.0,1.0,16.5,17.730053811559646,19.0,1.0,22377.250936918932,10000.0,25000.0,1.0,19.024650223164144,17.0,20.0,1.0,0.0,211.0,1.0,52.0
11.0,22.0,11.0,22.0,-121.0,21.0,13.0,-111.0,9.991432789043476,9.0,11.0,30000.0,10000.0,19000.0,0.0,27.414814803952307,16.5,19.0,0.0,10000.0,36493.863631015105,25000.0,0.0,28.705007635817882,17.0,20.0,0.0,121.0,10.00581447151335,9.0,11.0,1.0,14396.232938894891,10000.0,19000.0,1.0,16.5,17.38682168837157,19.0,1.0,20916.68077465542,10000.0,25000.0,1.0,18.682296237309178,17.0,20.0,1.0,0.0,211.0,1.0,28.0
11.0,22.0,11.0,22.0,-121.0,11.0,11.0,-111.0,10.224307004469727,9.0,11.0,30000.0,10000.0,19000.0,0.0,25.539193664451584,16.5,19.0,0.0,10000.0,36955.77328039426,25000.0,0.0,26.847560004967878,17.0,20.0,0.0,122.0,10.204026945427824,9.0,11.0,1.0,14851.206388315935,10000.0,19000.0,1.0,16.5,17.575933289374,19.0,1.0,21838.81841275516,10000.0,25000.0,1.0,18.890288430754484,17.0,20.0,1.0,0.0,111.0,1.0,11.0
11.0,21.0,11.0,22.0,-121.0,21.0,13.0,-111.0,10.004914885793307,9.0,11.0,30000.0,10000.0,19000.0,0.0,25.56356998873561,16.5,19.0,0.0,10000.0,36498.364815534565,25000.0,0.0,26.86573314991432,17.0,20.0,0.0,121.0,10.0163078240941,9.0,11.0,1.0,12382.372532910194,10000.0,19000.0,1.0,16.5,16.978956028621084,19.0,1.0,18816.727996230315,10000.0,25000.0,1.0,18.268292790730094,17.0,20.0,1.0,0.0,211.0,1.0,24.0
11.0,22.0,11.0,22.0,-121.0,21.0,13.0,-111.0,10.226317383727999,9.0,11.0,30000.0,10000.0,19000.0,0.0,24.962398172046278,16.5,19.0,0.0,10000.0,37094.079965154844,25000.0,0.0,26.3010736382219,17.0,20.0,0.0,122.0,10.198888271325048,9.0,11.0,1.0,12500.981633953736,10000.0,19000.0,1.0,16.5,17.086638566507524,19.0,1.0,19537.868026101525,10000.0,25000.0,1.0,18.41452142343945,17.0,20.0,1.0,0.0,211.0,1.0,3.0
11.0,22.0,11.0,22.0,-121.0,11.0,11.0,-111.0,9.993537945570484,9.0,11.0,30000.0,10000.0,19000.0,0.0,26.66054540337538,16.5,19.0,0.0,10000.0,36586.34213236904,25000.0,0.0,27.977970628530326,17.0,20.0,0.0,121.0,9.986982691553202,9.0,11.0,1.0,19310.27408650719,10000.0,19000.0,0.0,16.5,18.37532962912298,19.0,1.0,25827.136200383906,10000.0,25000.0,0.0,19.67885719649362,17.0,20.0,1.0,0.0,111.0,1.0,17.0
11.0,21.0,11.0,22.0,-121.0,21.0,13.0,-111.0,10.204559653593092,9.0,11.0,30000.0,10000.0,19000.0,0.0,26.980886260930475,16.5,19.0,0.0,10000.0,37086.88155148153,25000.0,0.0,28.31646298150551,17.0,20.0,0.0,122.0,10.207706969327578,9.0,11.0,1.0,13253.282793738665,10000.0,19000.0,1.0,16.5,17.248059018379507,19.0,1.0,20106.523247178873,10000.0,25000.0,1.0,18.539604297304674,17.0,20.0,1.0,0.0,211.0,1.0,52.0
11.0,21.0,11.0,21.0,-121.0,21.0,12.0,-111.0,10.199980866400601,9.0,11.0,30000.0,10000.0,19000.0,0.0,24.981458160366678,16.5,19.0,0.0,10000.0,36988.73042037951,25000.0,0.0,26.29710266617223,17.0,20.0,0.0,122.0,10.22271394033265,9.0,11.0,1.0,13013.225528740437,10000.0,19000.0,1.0,16.5,17.166160833349114,19.0,1.0,20064.549288572656,10000.0,25000.0,1.0,18.493588678645175,17.0,20.0,1.0,0.0,211.0,1.0,6.0
11.0,22.0,11.0,22.0,-121.0,11.0,12.0,-111.0,10.180015503417213,9.0,11.0,30000.0,10000.0,19000.0,0.0,24.370921092563947,16.5,19.0,0.0,10000.0,36746.21562046812,25000.0,0.0,25.64208440869948,17.0,20.0,0.0,122.0,10.197855968166694,9.0,11.0,1.0,16062.800211280042,10000.0,19000.0,1.0,16.5,17.76735599979388,19.0,1.0,23014.82891970424,10000.0,25000.0,1.0,19.077299880042514,17.0,20.0,1.0,0.0,111.0,1.0,49.0
11.0,21.0,11.0,22.0,-121.0,21.0,13.0,-111.0,10.206796170528062,9.0,11.0,30000.0,10000.0,19000.0,0.0,28.154183050138133,16.5,19.0,0.0,10000.0,36933.85835139152,25000.0,0.0,29.459003180917307,17.0,20.0,0.0,122.0,10.212480005774236,9.0,11.0,1.0,13081.076155857429,10000.0,19000.0,1.0,16.5,17.172077014502307,19.0,1.0,20175.37668002819,10000.0,25000.0,1.0,18.507089307604247,17.0,20.0,1.0,0.0,211.0,1.0,32.0
11.0,22.0,11.0,22.0,-121.0,21.0,13.0,-111.0,10.023525973867798,9.0,11.0,30000.0,10000.0,19000.0,0.0,25.37414324166646,16.5,19.0,0.0,10000.0,36534.08555380358,25000.0,0.0,26.682491050417198,17.0,20.0,0.0,121.0,10.005300600982858,9.0,11.0,1.0,14741.009937317787,10000.0,19000.0,1.0,16.5,17.490971772821133,19.0,1.0,21136.386039338468,10000.0,25000.0,1.0,18.771545196648564,17.0,20.0,1.0,0.0,211.0,1.0,4.0
11.0,21.0,11.0,21.0,-121.0,11.0,11.0,-111.0,10.011219543359323,9.0,11.0,30000.0,10000.0,19000.0,0.0,26.775369112238863,16.5,19.0,0.0,10000.0,36532.17928436178,25000.0,0.0,28.080948267160316,17.0,20.0,0.0,121.0,10.008313433536552,9.0,11.0,1.0,17435.987177144634,10000.0,19000.0,1.0,16.5,17.98621098285795,19.0,1.0,23983.430220393948,10000.0,25000.0,1.0,19.294840887699422,17.0,20.0,1.0,0.0,111.0,1.0,18.0
91.0,24.0,91.0,24.0,-721.0,911.0,11.0,-711.0,15.791100303710236,12.0,17.0,30000.0,18000.0,36000.0,1.0,25.143727112823168,20.0,25.0,0.0,18000.0,34564.72031572741,36000.0,1.0,25.713002783407784,20.0,26.0,1.0,721.0,14.973709931390404,12.0,17.0,1.0,23409.83752390282,18000.0,36000.0,1.0,20.0,22.851202733100216,25.0,1.0,27937.491985248755,18000.0,36000.0,1.0,23.415855844656164,20.0,26.0,1.0,0.0,91121.0,7.0,4.0
11.0,21.0,11.0,22.0,-121.0,11.0,12.0,-111.0,10.001477009836844,9.0,11.0,30000.0,10000.0,19000.0,0.0,24.768858176896963,16.5,19.0,0.0,10000.0,36500.13851728748,25000.0,0.0,26.068977581527413,17.0,20.0,0.0,121.0,10.004027374993932,9.0,11.0,1.0,15251.462057727944,10000.0,19000.0,1.0,16.5,17.602738886979076,19.0,1.0,21728.670412519357,10000.0,25000.0,1.0,18.89827193562139,17.0,20.0,1.0,0.0,111.0,1.0,7.0
11.0,22.0,11.0,22.0,-121.0,11.0,11.0,-111.0,10.025721762794818,9.0,11.0,30000.0,10000.0,19000.0,0.0,24.110606577557945,16.5,19.0,0.0,10000.0,36448.63725495302,25000.0,0.0,25.398861449847004,17.0,20.0,0.0,121.0,9.992651811036664,9.0,11.0,1.0,19462.373459740087,10000.0,19000.0,0.0,16.5,18.42828156410104,19.0,1.0,25865.935810187286,10000.0,25000.0,0.0,19.707531748569743,17.0,20.0,1.0,0.0,111.0,1.0,55.0
11.0,22.0,11.0,21.0,-121.0,21.0,13.0,-111.0,10.20077653454764,9.0,11.0,30000.0,10000.0,19000.0,0.0,24.733689486415223,16.5,19.0,0.0,10000.0,37072.35613028085,25000.0,0.0,26.067581622298068,17.0,20.0,0.0,122.0,10.178330606191212,9.0,11.0,1.0,11829.745953060368,10000.0,19000.0,1.0,16.5,16.876332944118893,19.0,1.0,18639.954474511793,10000.0,25000.0,1.0,18.160782344452702,17.0,20.0,1.0,0.0,211.0,1.0,20.0
81.0,23.0,81.0,23.0,-721.0,912.0,12.0,-711.0,13.502379497710722,12.0,17.0,30000.0,12500.0,23000.0,0.0,26.060141935021157,20.0,24.0,0.0,12500.0,34472.85843171254,26000.0,0.0,26.61733914002402,20.0,25.0,0.0,721.0,14.896749674564203,12.0,17.0,1.0,17448.877940321767,12500.0,23000.0,1.0,20.0,21.639192949960837,24.0,1.0,21949.938306857737,12500.0,26000.0,1.0,22.199903353402505,20.0,25.0,1.0,0.0,912.0,7.0,10.0
11.0,22.0,11.0,22.0,-121.0,21.0,12.0,-111.0,10.188449797246152,9.0,11.0,30000.0,10000.0,19000.0,0.0,23.83805307313149,16.5,19.0,0.0,10000.0,37217.275157241595,25000.0,0.0,25.19466755932636,17.0,20.0,0.0,122.0,10.195727244165937,9.0,11.0,1.0,16225.183915619506,10000.0,19000.0,1.0,16.5,17.817410781481133,19.0,1.0,23161.64249746971,10000.0,25000.0,1.0,19.121240826756168,17.0,20.0,1.0,0.0,211.0,1.0,23.0
11.0,22.0,11.0,21.0,-121.0,11.0,11.0,-111.0,9.993765839906873,9.0,11.0,30000.0,10000.0,19000.0,0.0,26.34252603987624,16.5,19.0,0.0,10000.0,36601.78822175879,25000.0,0.0,27.653628659882656,17.0,20.0,0.0,121.0,9.99436013633427,9.0,11.0,1.0,10335.591980074776,10000.0,19000.0,1.0,16.5,16.53008861352614,19.0,1.0,16801.67739071342,10000.0,25000.0,1.0,17.814240912615645,17.0,20.0,1.0,0.0,111.0,1.0,54.0
91.0,24.0,91.0,24.0,-721.0,911.0,11.0,-711.0,15.370600662102106,12.0,17.0,30000.0,18000.0,36000.0,1.0,23.796253685146528,20.0,25.0,1.0,18000.0,34074.2631626726,36000.0,1.0,24.291468800335785,20.0,26.0,1.0,722.0,15.291412071915703,12.0,17.0,1.0,28326.31167547459,18000.0,36000.0,1.0,20.0,23.774534525308006,25.0,1.0,32317.32614057895,18000.0,36000.0,1.0,24.259630997761246,20.0,26.0,1.0,1.0,91121.0,7.0,28.0
11.0,21.0,11.0,21.0,-121.0,11.0,11.0,-111.0,10.217395891052695,9.0,11.0,30000.0,10000.0,19000.0,0.0,26.39836814394323,16.5,19.0,0.0,10000.0,36997.89218733924,25000.0,0.0,27.725274037918062,17.0,20.0,0.0,122.0,10.195651620156,9.0,11.0,1.0,16423.58166986652,10000.0,19000.0,1.0,16.5,17.813301126667316,19.0,1.0,23446.12920508065,10000.0,25000.0,1.0,19.144882046426684,17.0,20.0,1.0,0.0,111.0,1.0,56.0
11.0,21.0,11.0,22.0,-121.0,21.0,13.0,-111.0,10.005059412724792,9.0,11.0,30000.0,10000.0,19000.0,0.0,26.732554029210718,16.5,19.0,0.0,10000.0,36487.27272539215,25000.0,0.0,28.026540580850234,17.0,20.0,0.0,121.0,9.99930599869188,9.0,11.0,1.0,13403.058061565505,10000.0,19000.0,1.0,16.5,17.20674988190804,19.0,1.0,19880.520055856618,10000.0,25000.0,1.0,18.498779531989094,17.0,20.0,1.0,0.0,211.0,1.0,24.0
11.0,21.0,11.0,22.0,-121.0,21.0,13.0,-111.0,10.188191969494518,9.0,11.0,30000.0,10000.0,19000.0,0.0,26.455614730839773,16.5,19.0,0.0,10000.0,37061.22539366565,25000.0,0.0,27.791177117298187,17.0,20.0,0.0,122.0,10.195389449168443,9.0,11.0,1.0,13899.091725492452,10000.0,19000.0,1.0,16.5,17.379373801575376,19.0,1.0,20825.569201633665,10000.0,25000.0,1.0,18.689449924635273,17.0,20.0,1.0,0.0,211.0,1.0,32.0
11.0,21.0,11.0,22.0,-121.0,21.0,13.0,-111.0,10.192568958857073,9.0,11.0,30000.0,10000.0,19000.0,0.0,27.93200466147585,16.5,19.0,0.0,10000.0,36947.10953411994,25000.0,0.0,29.2448840650578,17.0,20.0,0.0,122.0,10.189935320816552,9.0,11.0,1.0,13475.660302844795,10000.0,19000.0,1.0,16.5,17.29153060319944,19.0,1.0,20558.147431147772,10000.0,25000.0,1.0,18.62999394989276,17.0,20.0,1.0,0.0,211.0,1.0,9.0
11.0,22.0,11.0,21.0,-121.0,11.0,12.0,-111.0,10.221513439091755,9.0,11.0,30000.0,10000.0,19000.0,0.0,23.590418462796194,16.5,19.0,0.0,10000.0,36760.157235232065,25000.0,0.0,24.85986475454244,17.0,20.0,0.0,122.0,10.207385197051778,9.0,11.0,1.0,15832.36829946169,10000.0,19000.0,1.0,16.5,17.6571390420293,19.0,1.0,22747.223777119438,10000.0,25000.0,1.0,18.955635118174563,17.0,20.0,1.0,0.0,111.0,1.0,10.0
11.0,22.0,11.0,22.0,-121.0,11.0,11.0,-111.0,10.159522313605583,9.0,11.0,30000.0,10000.0,19000.0,0.0,24.392401474637545,16.5,19.0,0.0,10000.0,36982.04232057228,25000.0,0.0,25.706061503058823,17.0,20.0,0.0,122.0,10.206525141925551,9.0,11.0,1.0,15220.726068221047,10000.0,19000.0,1.0,16.5,17.57612705790528,19.0,1.0,22344.038978657692,10000.0,25000.0,1.0,18.91636692050337,17.0,20.0,1.0,0.0,111.0,1.0,55.0
81.0,23.0,81.0,23.0,-721.0,912.0,11.0,-711.0,14.78150365391927,12.0,17.0,30000.0,12500.0,23000.0,0.0,27.019634968202997,20.0,24.0,0.0,12500.0,34527.89105666503,26000.0,0.0,27.58229581918177,20.0,25.0,0.0,721.0,14.607570922860022,12.0,17.0,1.0,17076.795970375,12500.0,23000.0,1.0,20.0,21.35096119383139,24.0,1.0,21615.837976334828,12500.0,26000.0,1.0,21.91500772360431,20.0,25.0,1.0,0.0,912.0,7.0,17.0
11.0,22.0,11.0,22.0,-121.0,11.0,11.0,-111.0,9.99009593565093,9.0,11.0,30000.0,10000.0,19000.0,0.0,25.06741431935945,16.5,19.0,0.0,10000.0,36497.30667554566,25000.0,0.0,26.372994237772467,17.0,20.0,0.0,121.0,10.003384963933568,9.0,11.0,1.0,18222.62544186095,10000.0,19000.0,1.0,16.5,18.266123249819714,19.0,1.0,24715.4459420578,10000.0,25000.0,1.0,19.57080170848358,17.0,20.0,1.0,0.0,111.0,1.0,30.0
11.0,21.0,11.0,22.0,-121.0,11.0,11.0,-111.0,9.983803018724695,9.0,11.0,30000.0,10000.0,19000.0,0.0,25.102902202747373,16.5,19.0,0.0,10000.0,36409.5806600868,25000.0,0.0,26.385590271891903,17.0,20.0,0.0,121.0,9.995841635408823,9.0,11.0,1.0,13818.717348010066,10000.0,19000.0,1.0,16.5,17.27554367377342,19.0,1.0,20364.660496422013,10000.0,25000.0,1.0,18.58552066338395,17.0,20.0,1.0,0.0,111.0,1.0,35.0
91.0,21.0,91.0,24.0,-721.0,911.0,12.0,-711.0,15.511101516835039,12.0,17.0,30000.0,18000.0,36000.0,1.0,24.884574532800578,20.0,25.0,1.0,18000.0,34509.247499218196,36000.0,1.0,25.44745290805937,20.0,26.0,1.0,721.0,15.028144240849617,12.0,17.0,1.0,26234.250855335373,18000.0,36000.0,1.0,20.0,23.37686313016517,25.0,1.0,30739.765726721776,18000.0,36000.0,1.0,23.939275570588986,20.0,26.0,1.0,1.0,91121.0,7.0,19.0
11.0,22.0,11.0,22.0,-121.0,11.0,11.0,-111.0,10.186956193880821,9.0,11.0,30000.0,10000.0,19000.0,0.0,23.76181535144626,16.5,19.0,0.0,10000.0,36936.55392797045,25000.0,0.0,25.065110352818674,17.0,20.0,0.0,122.0,10.19488412647957,9.0,11.0,1.0,15360.49667251764,10000.0,19000.0,1.0,16.5,17.54180656180089,19.0,1.0,22301.299738163932,10000.0,25000.0,1.0,18.84589992500406,17.0,20.0,1.0,0.0,111.0,1.0,17.0
91.0,24.0,91.0,21.0,-721.0,911.0,11.0,-711.0,15.273612369863613,12.0,17.0,30000.0,18000.0,36000.0,1.0,24.375586474242915,20.0,25.0,1.0,18000.0,34009.67543442905,36000.0,1.0,24.865360821042273,20.0,26.0,1.0,722.0,15.363020614710518,12.0,17.0,1.0,24097.46901303602,18000.0,36000.0,1.0,20.0,23.237606534804904,25.0,1.0,28085.301436019923,18000.0,36000.0,1.0,23.724712798654,20.0,26.0,1.0,1.0,91121.0,7.0,15.0
11.0,22.0,11.0,21.0,-121.0,11.0,11.0,-111.0,10.209037567896255,9.0,11.0,30000.0,10000.0,19000.0,0.0,26.881304086900734,16.5,19.0,0.0,10000.0,37093.607977520835,25000.0,0.0,28.217865147271063,17.0,20.0,0.0,122.0,10.186252597900976,9.0,11.0,1.0,15740.500653038562,10000.0,19000.0,1.0,16.5,17.598887427903513,19.0,1.0,22827.266930827464,10000.0,25000.0,1.0,18.93415939117721,17.0,20.0,1.0,0.0,111.0,1.0,1.0
11.0,21.0,11.0,22.0,-121.0,21.0,13.0,-111.0,10.176455675693367,9.0,11.0,30000.0,10000.0,19000.0,0.0,25.14636012279193,16.5,19.0,0.0,10000.0,36844.79406430469,25000.0,0.0,26.43664408669364,17.0,20.0,0.0,122.0,10.194489307474129,9.0,11.0,1.0,14491.021197976399,10000.0,19000.0,1.0,16.5,17.435119396642904,19.0,1.0,21452.267502823634,10000.0,25000.0,1.0,18.747355293228175,17.0,20.0,1.0,0.0,211.0,1.0,9.0
91.0,24.0,91.0,24.0,-721.0,911.0,12.0,-711.0,14.721158772254649,12.0,17.0,30000.0,18000.0,36000.0,1.0,24.151277012897054,20.0,25.0,1.0,18000.0,34481.306077499576,36000.0,1.0,24.708844899417503,20.0,26.0,1.0,721.0,15.218832891394783,12.0,17.0,1.0,26756.539424529194,18000.0,36000.0,1.0,20.0,23.589941593008348,25.0,1.0,31267.579761491812,18000.0,36000.0,1.0,24.151209041201074,20.0,26.0,1.0,1.0,91121.0,7.0,24.0
11.0,22.0,11.0,22.0,-121.0,11.0,11.0,-111.0,9.997333592036826,9.0,11.0,30000.0,10000.0,19000.0,0.0,24.376888250174986,16.5,19.0,0.0,10000.0,36458.77502027948,25000.0,0.0,25.6749543992791,17.0,20.0,0.0,121.0,10.002190465311662,9.0,11.0,1.0,14106.22095778699,10000.0,19000.0,1.0,16.5,17.37206731374782,19.0,1.0,20630.76703848631,10000.0,25000.0,1.0,18.683351942649356,17.0,20.0,1.0,0.0,111.0,1.0,27.0
11.0,22.0,11.0,22.0,-121.0,21.0,13.0,-111.0,10.194078213473544,9.0,11.0,30000.0,10000.0,19000.0,0.0,25.966855050761044,16.5,19.0,0.0,10000.0,37033.913233666935,25000.0,0.0,27.298842670762998,17.0,20.0,0.0,122.0,10.215129843291813,9.0,11.0,1.0,15801.653285545062,10000.0,19000.0,1.0,16.5,17.736940975114617,19.0,1.0,22932.421494496743,10000.0,25000.0,1.0,19.08726968402813,17.0,20.0,1.0,0.0,211.0,1.0,13.0
11.0,22.0,11.0,22.0,-121.0,11.0,11.0,-111.0,10.199154471597742,9.0,11.0,30000.0,10000.0,19000.0,0.0,25.724801640219155,16.5,19.0,0.0,10000.0,36971.864619519896,25000.0,0.0,27.039497675439744,17.0,20.0,0.0,122.0,10.217568620399375,9.0,11.0,1.0,11069.848435220127,10000.0,19000.0,1.0,16.5,16.840190363452678,19.0,1.0,18191.007407087884,10000.0,25000.0,1.0,18.183039081466767,17.0,20.0,1.0,0.0,111.0,1.0,17.0
91.0,24.0,91.0,24.0,-721.0,911.0,11.0,-711.0,15.11472761477147,12.0,17.0,30000.0,18000.0,36000.0,1.0,24.39581305309119,20.0,25.0,1.0,18000.0,33991.36734802327,36000.0,1.0,24.885146511610525,20.0,26.0,1.0,722.0,15.119788119170568,12.0,17.0,1.0,25187.619905867203,18000.0,36000.0,1.0,20.0,23.273506706695525,25.0,1.0,29178.040838718196,18000.0,36000.0,1.0,23.762724136653954,20.0,26.0,1.0,1.0,91121.0,7.0,4.0
11.0,22.0,11.0,22.0,-121.0,11.0,11.0,-111.0,10.224867143514668,9.0,11.0,30000.0,10000.0,19000.0,0.0,24.596750714245534,16.5,19.0,0.0,10000.0,36994.64935415579,25000.0,0.0,25.914859677800862,17.0,20.0,0.0,122.0,10.185902299552406,9.0,11.0,1.0,19583.363947637445,10000.0,19000.0,0.0,16.5,18.432706341397555,19.0,1.0,26591.412445254784,10000.0,25000.0,0.0,19.75334031088333,17.0,20.0,1.0,0.0,111.0,1.0,50.0
11.0,22.0,11.0,22.0,-121.0,11.0,11.0,-111.0,10.004349951532006,9.0,11.0,30000.0,10000.0,19000.0,0.0,25.78628833608696,16.5,19.0,0.0,10000.0,36469.816749547244,25000.0,0.0,27.082290501246554,17.0,20.0,0.0,121.0,9.988922136325392,9.0,11.0,1.0,12284.82094224991,10000.0,19000.0,1.0,16.5,16.973682064703162,19.0,1.0,18785.75944205535,10000.0,25000.0,1.0,18.275918387224475,17.0,20.0,1.0,0.0,111.0,1.0,38.0
11.0,22.0,11.0,21.0,-121.0,11.0,11.0,-111.0,10.00039671980543,9.0,11.0,30000.0,10000.0,19000.0,0.0,23.90980141149413,16.5,19.0,0.0,10000.0,36511.62685600162,25000.0,0.0,25.217573127298788,17.0,20.0,0.0,121.0,9.97773083242672,9.0,11.0,1.0,12351.489959566206,10000.0,19000.0,1.0,16.5,16.922448175200994,19.0,1.0,18863.339321406656,10000.0,25000.0,1.0,18.230264578277986,17.0,20.0,1.0,0.0,111.0,1.0,0.0
11.0,22.0,11.0,22.0,-121.0,11.0,12.0,-111.0,9.99176249674274,9.0,11.0,30000.0,10000.0,19000.0,0.0,24.197581669406222,16.5,19.0,0.0,10000.0,36558.04939965696,25000.0,0.0,25.514490630502838,17.0,20.0,0.0,121.0,10.005163896571931,9.0,11.0,1.0,14273.757152631386,10000.0,19000.0,1.0,16.5,17.415775374489147,19.0,1.0,20704.054281137203,10000.0,25000.0,1.0,18.70703065406757,17.0,20.0,1.0,0.0,111.0,1.0,40.0
11.0,22.0,11.0,22.0,-121.0,21.0,12.0,-111.0,10.010476908106265,9.0,11.0,30000.0,10000.0,19000.0,0.0,25.35562574985786,16.5,19.0,0.0,10000.0,36481.514016040535,25000.0,0.0,26.655222793529322,17.0,20.0,0.0,121.0,9.993934812796711,9.0,11.0,1.0,17037.77110139003,10000.0,19000.0,1.0,16.5,17.92493797201811,19.0,1.0,23552.72749235138,10000.0,25000.0,1.0,19.23124048781736,17.0,20.0,1.0,0.0,211.0,1.0,48.0
11.0,22.0,11.0,21.0,-121.0,11.0,11.0,-111.0,10.209250128667428,9.0,11.0,30000.0,10000.0,19000.0,0.0,25.347552500734587,16.5,19.0,0.0,10000.0,37189.377399417994,25000.0,0.0,26.702812280502712,17.0,20.0,0.0,122.0,10.201414920612997,9.0,11.0,1.0,14199.446417567371,10000.0,19000.0,1.0,16.5,17.318099181186355,19.0,1.0,21301.005403524345,10000.0,25000.0,1.0,18.656804430975793,17.0,20.0,1.0,0.0,111.0,1.0,54.0
11.0,22.0,11.0,22.0,-121.0,21.0,12.0,-111.0,10.189674962699009,9.0,11.0,30000.0,10000.0,19000.0,0.0,24.29385298902522,16.5,19.0,0.0,10000.0,37025.41423234094,25000.0,0.0,25.6223791834072,17.0,20.0,0.0,122.0,10.188091648425349,9.0,11.0,1.0,14654.053769735341,10000.0,19000.0,1.0,16.5,17.515746509731184,19.0,1.0,21765.697487495097,10000.0,25000.0,1.0,18.860578949740596,17.0,20.0,1.0,0.0,211.0,1.0,48.0
81.0,23.0,81.0,23.0,-721.0,912.0,12.0,-711.0,14.145878719917043,12.0,17.0,30000.0,12500.0,23000.0,0.0,25.999539714105715,20.0,24.0,0.0,12500.0,34522.36472536665,26000.0,0.0,26.561107829921507,20.0,25.0,0.0,721.0,15.090344230563682,12.0,17.0,1.0,15427.676825473658,12500.0,23000.0,1.0,20.0,21.533147818370384,24.0,1.0,19919.14171299933,12500.0,26000.0,1.0,22.090878923071607,20.0,25.0,1.0,0.0,912.0,7.0,5.0
11.0,22.0,11.0,22.0,-121.0,21.0,13.0,-111.0,9.994415306192742,9.0,11.0,30000.0,10000.0,19000.0,0.0,26.41451749476561,16.5,19.0,0.0,10000.0,36402.90329955501,25000.0,0.0,27.68707829419186,17.0,20.0,0.0,121.0,10.003706776525094,9.0,11.0,1.0,16320.138285442086,10000.0,19000.0,1.0,16.5,17.743065408517815,19.0,1.0,22749.327196347327,10000.0,25000.0,1.0,19.020850406565895,17.0,20.0,1.0,0.0,211.0,1.0,47.0
91.0,24.0,91.0,24.0,-721.0,911.0,11.0,-711.0,14.540025727309937,12.0,17.0,30000.0,18000.0,36000.0,1.0,23.67795957732561,20.0,25.0,1.0,18000.0,34492.72713016694,36000.0,1.0,24.240122941969457,20.0,26.0,1.0,721.0,15.057623465836807,12.0,17.0,1.0,27620.298371259745,18000.0,36000.0,1.0,20.0,23.51903309276846,25.0,1.0,32106.64456185785,18000.0,36000.0,1.0,24.080398026892563,20.0,26.0,1.0,1.0,91121.0,7.0,28.0
11.0,22.0,11.0,21.0,-121.0,11.0,11.0,-111.0,9.993277863929459,9.0,11.0,30000.0,10000.0,19000.0,0.0,24.251159484073852,16.5,19.0,0.0,10000.0,36550.68524783739,25000.0,0.0,25.562736079151488,17.0,20.0,0.0,121.0,9.99540545257859,9.0,11.0,1.0,12731.388832051134,10000.0,19000.0,1.0,16.5,17.015650594759887,19.0,1.0,19196.35000330449,10000.0,25000.0,1.0,18.310063536230537,17.0,20.0,1.0,0.0,111.0,1.0,0.0
11.0,22.0,11.0,22.0,-121.0,11.0,11.0,-111.0,10.000828120585323,9.0,11.0,30000.0,10000.0,19000.0,0.0,23.497775733526673,16.5,19.0,0.0,10000.0,36553.9734817822,25000.0,0.0,24.8066514921563,17.0,20.0,0.0,121.0,9.998111214738959,9.0,11.0,1.0,13214.90744554183,10000.0,19000.0,1.0,16.5,17.152447993607627,19.0,1.0,19666.67112681543,10000.0,25000.0,1.0,18.440911718140388,17.0,20.0,1.0,0.0,111.0,1.0,38.0
11.0,22.0,11.0,21.0,-121.0,11.0,12.0,-111.0,10.19356422726772,9.0,11.0,30000.0,10000.0,19000.0,0.0,23.51139953032886,16.5,19.0,0.0,10000.0,37145.92342029225,25000.0,0.0,24.85864015670307,17.0,20.0,0.0,122.0,10.220114987345816,9.0,11.0,1.0,13589.119479852656,10000.0,19000.0,1.0,16.5,17.2242902148441,19.0,1.0,20543.559814453532,10000.0,25000.0,1.0,18.535430007619347,17.0,20.0,1.0,0.0,111.0,1.0,10.0
92.0,24.0,92.0,24.0,-721.0,921.0,13.0,-711.0,15.475410435180057,12.0,17.0,30000.0,15000.0,28000.0,0.0,24.35399347732428,19.5,25.0,1.0,15000.0,33868.76424493859,28000.0,0.0,24.828411735627654,20.0,26.0,1.0,722.0,15.239388268929513,12.0,17.0,1.0,20929.639280732103,15000.0,28000.0,1.0,19.5,21.819683081691707,25.0,1.0,24931.66805396248,15000.0,28000.0,1.0,22.310443283159106,20.0,26.0,1.0,0.0,92122.0,7.0,25.0
11.0,22.0,11.0,21.0,-121.0,21.0,13.0,-111.0,10.012515285049988,9.0,11.0,30000.0,10000.0,19000.0,0.0,27.051206604089494,16.5,19.0,0.0,10000.0,36517.9907760427,25000.0,0.0,28.352607252847427,17.0,20.0,0.0,121.0,10.024515530070255,9.0,11.0,1.0,12118.865304559175,10000.0,19000.0,1.0,16.5,16.933833639520298,19.0,1.0,18700.604880437557,10000.0,25000.0,1.0,18.2479625556714,17.0,20.0,1.0,0.0,211.0,1.0,58.0
11.0,21.0,11.0,22.0,-121.0,21.0,13.0,-111.0,10.00045766261089,9.0,11.0,30000.0,10000.0,19000.0,0.0,27.200557773832656,16.5,19.0,0.0,10000.0,36356.84345218744,25000.0,0.0,28.468544551360402,17.0,20.0,0.0,121.0,10.00435552356387,9.0,11.0,1.0,12369.207595243406,10000.0,19000.0,1.0,16.5,16.956854291501102,19.0,1.0,18831.65118443216,10000.0,25000.0,1.0,18.245904915956952,17.0,20.0,1.0,0.0,211.0,1.0,24.0
11.0,22.0,11.0,21.0,-121.0,11.0,11.0,-111.0,9.985172949071423,9.0,11.0,30000.0,10000.0,19000.0,0.0,24.963859140995062,16.5,19.0,0.0,10000.0,36495.67546280987,25000.0,0.0,26.259833134450176,17.0,20.0,0.0,121.0,10.015217847540184,9.0,11.0,1.0,13897.626428530697,10000.0,19000.0,1.0,16.5,17.287539231846562,19.0,1.0,20432.60515656212,10000.0,25000.0,1.0,18.59135475154119,17.0,20.0,1.0,0.0,111.0,1.0,0.0
11.0,22.0,11.0,22.0,-121.0,21.0,13.0,-111.0,9.974292857256055,9.0,11.0,30000.0,10000.0,19000.0,0.0,25.294348681199963,16.5,19.0,0.0,10000.0,36486.08928433151,25000.0,0.0,26.5836687929672,17.0,20.0,0.0,121.0,10.001489496182005,9.0,11.0,1.0,15770.782275622463,10000.0,19000.0,1.0,16.5,17.670093877162646,19.0,1.0,22162.528814711142,10000.0,25000.0,1.0,18.940660315721164,17.0,20.0,1.0,0.0,211.0,1.0,4.0
11.0,22.0,11.0,21.0,-121.0,11.0,12.0,-111.0,10.201067625595357,9.0,11.0,30000.0,10000.0,19000.0,0.0,23.79172506301629,16.5,19.0,0.0,10000.0,37050.23191373285,25000.0,0.0,25.1227527296315,17.0,20.0,0.0,122.0,10.2286173318939,9.0,11.0,1.0,14397.2406855451,10000.0,19000.0,1.0,16.5,17.4400834128554,19.0,1.0,21266.905284903358,10000.0,25000.0,1.0,18.737021407803095,17.0,20.0,1.0,0.0,111.0,1.0,46.0
11.0,22.0,11.0,22.0,-121.0,21.0,13.0,-111.0,10.179974026901425,9.0,11.0,30000.0,10000.0,19000.0,0.0,27.374070927196613,16.5,19.0,0.0,10000.0,37054.3539389314,25000.0,0.0,28.71380928064077,17.0,20.0,0.0,122.0,10.190899519988337,9.0,11.0,1.0,13158.582502617071,10000.0,19000.0,1.0,16.5,17.213918420447637,19.0,1.0,20181.205821132695,10000.0,25000.0,1.0,18.54763060487368,17.0,20.0,1.0,0.0,211.0,1.0,4.0
11.0,22.0,11.0,22.0,-121.0,21.0,13.0,-111.0,9.987425681947613,9.0,11.0,30000.0,10000.0,19000.0,0.0,24.715280851313985,16.5,19.0,0.0,10000.0,36501.20177191998,25000.0,0.0,26.017231758178372,17.0,20.0,0.0,121.0,9.997040055825224,9.0,11.0,1.0,14110.056051383859,10000.0,19000.0,1.0,16.5,17.32932349087868,19.0,1.0,20635.005343195204,10000.0,25000.0,1.0,18.636030150009038,17.0,20.0,1.0,0.0,211.0,1.0,21.0
11.0,21.0,11.0,21.0,-121.0,21.0,13.0,-111.0,10.00193976168164,9.0,11.0,30000.0,10000.0,19000.0,0.0,26.07751401267403,16.5,19.0,0.0,10000.0,36516.00003404297,25000.0,0.0,27.38714384392906,17.0,20.0,0.0,121.0,10.00559178540421,9.0,11.0,1.0,11714.660135848986,10000.0,19000.0,1.0,16.5,16.840903652979254,19.0,1.0,18184.949267153952,10000.0,25000.0,1.0,18.141346197321063,17.0,20.0,1.0,0.0,211.0,1.0,34.0
11.0,22.0,11.0,21.0,-121.0,21.0,12.0,-111.0,10.210365872065976,9.0,11.0,30000.0,10000.0,19000.0,0.0,25.10301721726294,16.5,19.0,0.0,10000.0,37131.24010805787,25000.0,0.0,26.44754824310869,17.0,20.0,0.0,122.0,10.198580970348267,9.0,11.0,1.0,14548.740910940538,10000.0,19000.0,1.0,16.5,17.416456755955025,19.0,1.0,21516.78858658655,10000.0,25000.0,1.0,18.730219320041503,17.0,20.0,1.0,0.0,211.0,1.0,53.0
91.0,24.0,91.0,24.0,-721.0,911.0,12.0,-711.0,15.250149946861134,12.0,17.0,30000.0,18000.0,36000.0,1.0,24.626014082652276,20.0,25.0,1.0,18000.0,33998.93586196192,36000.0,1.0,25.112075742885033,20.0,26.0,1.0,722.0,15.105616392601862,12.0,17.0,1.0,26619.55715909372,18000.0,36000.0,1.0,20.0,23.38706302224911,25.0,1.0,30690.476707805512,18000.0,36000.0,1.0,23.881874137711726,20.0,26.0,1.0,1.0,91121.0,7.0,32.0
91.0,24.0,91.0,24.0,-721.0,911.0,11.0,-711.0,15.151878682316191,12.0,17.0,30000.0,18000.0,36000.0,1.0,24.932139336184175,20.0,25.0,1.0,18000.0,34014.716159602765,36000.0,1.0,25.421640511999673,20.0,26.0,1.0,722.0,15.31012750589761,12.0,17.0,1.0,22884.01091503867,18000.0,36000.0,1.0,20.0,23.16409989467883,25.0,1.0,26989.61636206188,18000.0,36000.0,1.0,23.664682903254764,20.0,26.0,1.0,1.0,91121.0,7.0,28.0
91.0,24.0,91.0,24.0,-721.0,911.0,11.0,-711.0,14.749293315584568,12.0,17.0,30000.0,18000.0,36000.0,1.0,24.11273884462672,20.0,25.0,1.0,18000.0,34507.82975331287,36000.0,1.0,24.676119387884555,20.0,26.0,1.0,721.0,14.699570524826859,12.0,17.0,1.0,25165.04158738848,18000.0,36000.0,1.0,20.0,22.83052622674487,25.0,1.0,29611.653871658185,18000.0,36000.0,1.0,23.386255919625967,20.0,26.0,1.0,1.0,91121.0,7.0,9.0
81.0,23.0,81.0,23.0,-721.0,912.0,12.0,-711.0,14.845726348434383,12.0,17.0,30000.0,12500.0,23000.0,0.0,26.333413059960513,20.0,24.0,0.0,12500.0,34464.01264663464,26000.0,0.0,26.89093500159969,20.0,25.0,0.0,721.0,15.709337842376394,12.0,17.0,1.0,16093.304461890204,12500.0,23000.0,1.0,20.0,22.30263125243892,24.0,1.0,20618.50607653295,12500.0,26000.0,1.0,22.867795240584506,20.0,25.0,1.0,0.0,912.0,7.0,31.0
11.0,21.0,11.0,22.0,-121.0,21.0,12.0,-111.0,9.981432440354046,9.0,11.0,30000.0,10000.0,19000.0,0.0,24.622983634235325,16.5,19.0,0.0,10000.0,36499.892722677105,25000.0,0.0,25.919747548600753,17.0,20.0,0.0,121.0,9.987660473886457,9.0,11.0,1.0,14802.524854786974,10000.0,19000.0,1.0,16.5,17.50916175598465,19.0,1.0,21327.003350172894,10000.0,25000.0,1.0,18.81083066558859,17.0,20.0,1.0,0.0,211.0,1.0,37.0
91.0,24.0,91.0,24.0,-721.0,911.0,11.0,-711.0,15.123067873042189,12.0,17.0,30000.0,18000.0,36000.0,1.0,24.044314118196674,20.0,25.0,1.0,18000.0,34041.53257184971,36000.0,1.0,24.538967386095212,20.0,26.0,1.0,722.0,15.237984652397593,12.0,17.0,1.0,27863.31201648794,18000.0,36000.0,1.0,20.0,23.75898213277423,25.0,1.0,31841.395225212473,18000.0,36000.0,1.0,24.245869674612667,20.0,26.0,1.0,1.0,91121.0,7.0,0.0
91.0,21.0,91.0,24.0,-721.0,911.0,12.0,-711.0,15.083283673716355,12.0,17.0,30000.0,18000.0,36000.0,1.0,25.438557009998632,20.0,25.0,0.0,18000.0,34091.51845253053,36000.0,1.0,25.938211804443004,20.0,26.0,1.0,722.0,15.189325156133458,12.0,17.0,1.0,27354.74890039252,18000.0,36000.0,1.0,20.0,23.575538404762273,25.0,1.0,31317.001216344284,18000.0,36000.0,1.0,24.059407264070284,20.0,26.0,1.0,0.0,91121.0,7.0,26.0
91.0,24.0,91.0,21.0,-721.0,911.0,11.0,-711.0,15.246244554391861,12.0,17.0,30000.0,18000.0,36000.0,1.0,24.881859089394116,20.0,25.0,1.0,18000.0,34076.251983556125,36000.0,1.0,25.37898231494306,20.0,26.0,1.0,722.0,15.442037396443398,12.0,17.0,1.0,29218.000939557853,18000.0,36000.0,1.0,20.0,23.959810321057034,25.0,1.0,33163.24876863856,18000.0,36000.0,1.0,24.440956809128547,20.0,26.0,1.0,1.0,91121.0,7.0,15.0
11.0,22.0,11.0,21.0,-121.0,11.0,11.0,-111.0,10.18900931983576,9.0,11.0,30000.0,10000.0,19000.0,0.0,23.46694659379253,16.5,19.0,0.0,10000.0,36759.41428816235,25000.0,0.0,24.745013786840232,17.0,20.0,0.0,122.0,10.197620327810863,9.0,11.0,1.0,12475.242884917747,10000.0,19000.0,1.0,16.5,17.02221271053341,19.0,1.0,19369.49876849833,10000.0,25000.0,1.0,18.32577569537835,17.0,20.0,1.0,0.0,111.0,1.0,1.0
11.0,22.0,11.0,22.0,-121.0,11.0,11.0,-111.0,9.989967793382421,9.0,11.0,30000.0,10000.0,19000.0,0.0,23.961123644488154,16.5,19.0,0.0,10000.0,36474.14955738845,25000.0,0.0,25.252639910603637,17.0,20.0,0.0,121.0,9.993868830772607,9.0,11.0,1.0,15678.385929952696,10000.0,19000.0,1.0,16.5,17.63251994449418,19.0,1.0,22179.7119015266,10000.0,25000.0,1.0,18.929457583820785,17.0,20.0,1.0,0.0,111.0,1.0,17.0
91.0,24.0,91.0,24.0,-721.0,911.0,12.0,-711.0,15.852799287776477,12.0,17.0,30000.0,18000.0,36000.0,1.0,25.36254051391112,20.0,25.0,0.0,18000.0,34507.248549034426,36000.0,1.0,25.92433145650266,20.0,26.0,1.0,721.0,14.278278359855856,12.0,17.0,1.0,24555.73913191062,18000.0,36000.0,1.0,20.0,22.394916572211464,25.0,1.0,29063.670458527176,18000.0,36000.0,1.0,22.956792617334465,20.0,26.0,1.0,0.0,91121.0,7.0,1.0
11.0,22.0,11.0,21.0,-121.0,21.0,13.0,-111.0,10.00240092958057,9.0,11.0,30000.0,10000.0,19000.0,0.0,26.585645460881267,16.5,19.0,0.0,10000.0,36553.755650051906,25000.0,0.0,27.900585276025932,17.0,20.0,0.0,121.0,10.008421576662831,9.0,11.0,1.0,11399.87433180652,10000.0,19000.0,1.0,16.5,16.746883361287836,19.0,1.0,17866.43081180961,10000.0,25000.0,1.0,18.044327611039574,17.0,20.0,1.0,0.0,211.0,1.0,2.0
11.0,22.0,11.0,22.0,-121.0,11.0,11.0,-111.0,9.99370438215754,9.0,11.0,30000.0,10000.0,19000.0,0.0,23.360080957741147,16.5,19.0,0.0,10000.0,36492.438268837956,25000.0,0.0,24.65347315785412,17.0,20.0,0.0,121.0,9.99542348436315,9.0,11.0,1.0,15359.533457096722,10000.0,19000.0,1.0,16.5,17.614616498109235,19.0,1.0,21861.597361362466,10000.0,25000.0,1.0,18.909926270830205,17.0,20.0,1.0,0.0,111.0,1.0,11.0
11.0,21.0,11.0,21.0,-121.0,21.0,13.0,-111.0,10.21419551919598,9.0,11.0,30000.0,10000.0,19000.0,0.0,26.448396303067376,16.5,19.0,0.0,10000.0,37050.214211501705,25000.0,0.0,27.784929899006123,17.0,20.0,0.0,122.0,10.205948287122403,9.0,11.0,1.0,14151.766884452929,10000.0,19000.0,1.0,16.5,17.34842547979794,19.0,1.0,21246.18488636006,10000.0,25000.0,1.0,18.693338941819096,17.0,20.0,1.0,0.0,211.0,1.0,34.0
81.0,21.0,81.0,23.0,-721.0,912.0,12.0,-711.0,15.125253452181799,12.0,17.0,30000.0,12500.0,23000.0,0.0,29.2112661337215,20.0,24.0,0.0,12500.0,34478.72874561356,26000.0,0.0,29.770384754386598,20.0,25.0,0.0,721.0,15.39173613172315,12.0,17.0,1.0,14954.498444309333,12500.0,23000.0,1.0,20.0,21.83016511006417,24.0,1.0,19475.65451753157,12500.0,26000.0,1.0,22.394580302644744,20.0,25.0,1.0,0.0,912.0,7.0,7.0
11.0,22.0,11.0,21.0,-121.0,21.0,13.0,-111.0,10.216901246741832,9.0,11.0,30000.0,10000.0,19000.0,0.0,25.00563523679653,16.5,19.0,0.0,10000.0,36791.48740678276,25000.0,0.0,26.284231438597782,17.0,20.0,0.0,122.0,10.220162647979919,9.0,11.0,1.0,12964.787609136021,10000.0,19000.0,1.0,16.5,17.132036555146737,19.0,1.0,20036.638268558458,10000.0,25000.0,1.0,18.463415213643962,17.0,20.0,1.0,0.0,211.0,1.0,20.0
11.0,21.0,11.0,22.0,-121.0,21.0,13.0,-111.0,9.988960382750449,9.0,11.0,30000.0,10000.0,19000.0,0.0,28.018774135918548,16.5,19.0,0.0,10000.0,36418.73271709597,25000.0,0.0,29.303127631615812,17.0,20.0,0.0,121.0,9.99568931047412,9.0,11.0,1.0,16490.235123597944,10000.0,19000.0,1.0,16.5,17.84019520959864,19.0,1.0,22972.86318414195,10000.0,25000.0,1.0,19.13733381589845,17.0,20.0,1.0,0.0,211.0,1.0,9.0
11.0,22.0,11.0,22.0,-121.0,21.0,13.0,-111.0,9.992299765148722,9.0,11.0,30000.0,10000.0,19000.0,0.0,25.462062754213644,16.5,19.0,0.0,10000.0,36461.83610314556,25000.0,0.0,26.752887725302983,17.0,20.0,0.0,121.0,9.996269957722234,9.0,11.0,1.0,13433.46102604987,10000.0,19000.0,1.0,16.5,17.17323400466991,19.0,1.0,19879.586685583854,10000.0,25000.0,1.0,18.46092063665609,17.0,20.0,1.0,0.0,211.0,1.0,41.0
11.0,21.0,11.0,22.0,-121.0,11.0,11.0,-111.0,10.007111327619663,9.0,11.0,30000.0,10000.0,19000.0,0.0,24.776492847149882,16.5,19.0,0.0,10000.0,36435.5369698203,25000.0,0.0,26.06466599905775,17.0,20.0,0.0,121.0,9.998094174310419,9.0,11.0,1.0,17470.67664836496,10000.0,19000.0,1.0,16.5,18.03020277477693,19.0,1.0,23966.822300614484,10000.0,25000.0,1.0,19.330507700279448,17.0,20.0,1.0,0.0,111.0,1.0,43.0
11.0,22.0,11.0,22.0,-121.0,21.0,13.0,-111.0,9.995579500101204,9.0,11.0,30000.0,10000.0,19000.0,0.0,25.59346870095006,16.5,19.0,0.0,10000.0,36551.694802962724,25000.0,0.0,26.902613578771778,17.0,20.0,0.0,121.0,10.00610962516668,9.0,11.0,1.0,14483.915388824693,10000.0,19000.0,1.0,16.5,17.443325732003295,19.0,1.0,20869.40368006081,10000.0,25000.0,1.0,18.71925959953969,17.0,20.0,1.0,0.0,211.0,1.0,19.0
92.0,24.0,92.0,24.0,-721.0,921.0,13.0,-711.0,15.170276158020144,12.0,17.0,30000.0,15000.0,28000.0,0.0,24.699752606164274,19.5,25.0,1.0,15000.0,34040.78387318788,28000.0,0.0,25.193456846425033,20.0,26.0,1.0,722.0,15.240950697543376,12.0,17.0,1.0,22364.483034394183,15000.0,28000.0,1.0,19.5,22.04165687303222,25.0,1.0,26296.651274239794,15000.0,28000.0,1.0,22.52209042116428,20.0,26.0,1.0,0.0,92122.0,7.0,22.0
11.0,21.0,11.0,22.0,-121.0,11.0,11.0,-111.0,9.996610325053872,9.0,11.0,30000.0,10000.0,19000.0,0.0,24.705348820741413,16.5,19.0,0.0,10000.0,36473.403360841854,25000.0,0.0,26.005925655307628,17.0,20.0,0.0,121.0,10.010560646594762,9.0,11.0,1.0,15709.149737676244,10000.0,19000.0,1.0,16.5,17.717998185033817,19.0,1.0,22195.65547195718,10000.0,25000.0,1.0,19.021207428307292,17.0,20.0,1.0,0.0,111.0,1.0,43.0
92.0,24.0,92.0,24.0,-721.0,921.0,13.0,-711.0,14.826340119246797,12.0,17.0,30000.0,15000.0,28000.0,0.0,24.229433320348917,19.5,25.0,1.0,15000.0,33979.71362945878,28000.0,0.0,24.714123012407324,20.0,26.0,1.0,722.0,15.280771059657514,12.0,17.0,1.0,21416.338226565374,15000.0,28000.0,1.0,19.5,21.932166523664307,25.0,1.0,25468.60540681695,15000.0,28000.0,1.0,22.425692519403256,20.0,26.0,1.0,0.0,92122.0,7.0,20.0
11.0,22.0,11.0,21.0,-121.0,11.0,11.0,-111.0,9.970618119893581,9.0,11.0,30000.0,10000.0,19000.0,0.0,24.96154067486706,16.5,19.0,0.0,10000.0,36478.13674667589,25000.0,0.0,26.257061268450745,17.0,20.0,0.0,121.0,9.996505983834494,9.0,11.0,1.0,14938.578781682027,10000.0,19000.0,1.0,16.5,17.445040235763045,19.0,1.0,21411.831311156628,10000.0,25000.0,1.0,18.7395840663954,17.0,20.0,1.0,0.0,111.0,1.0,12.0
11.0,22.0,11.0,22.0,-121.0,21.0,12.0,-111.0,10.196925693579526,9.0,11.0,30000.0,10000.0,19000.0,0.0,24.831510650732703,16.5,19.0,0.0,10000.0,37094.50690209755,25000.0,0.0,26.17619498975267,17.0,20.0,0.0,122.0,10.178768755524828,9.0,11.0,1.0,16128.650760682538,10000.0,19000.0,1.0,16.5,17.753118864188185,19.0,1.0,23193.707624619325,10000.0,25000.0,1.0,19.092221278256243,17.0,20.0,1.0,0.0,211.0,1.0,23.0
11.0,22.0,11.0,22.0,-121.0,11.0,11.0,-111.0,10.195259708148349,9.0,11.0,30000.0,10000.0,19000.0,0.0,25.27102098612253,16.5,19.0,0.0,10000.0,37006.9006232545,25000.0,0.0,26.587905335571673,17.0,20.0,0.0,122.0,10.194221791789055,9.0,11.0,1.0,13495.389440630412,10000.0,19000.0,1.0,16.5,17.26153416955718,19.0,1.0,20680.01389631789,10000.0,25000.0,1.0,18.61182012494296,17.0,20.0,1.0,0.0,111.0,1.0,50.0
11.0,22.0,11.0,21.0,-121.0,11.0,11.0,-111.0,10.204334681667767,9.0,11.0,30000.0,10000.0,19000.0,0.0,22.523255963112803,16.5,19.0,0.0,10000.0,36953.38575476577,25000.0,0.0,23.83287087003321,17.0,20.0,0.0,122.0,10.227916352015242,9.0,11.0,1.0,15263.93026973965,10000.0,19000.0,1.0,16.5,17.580468672793486,19.0,1.0,22253.64958532467,10000.0,25000.0,1.0,18.896926716934896,17.0,20.0,1.0,0.0,111.0,1.0,12.0
81.0,21.0,81.0,23.0,-721.0,912.0,12.0,-711.0,13.90248869136543,12.0,17.0,30000.0,12500.0,23000.0,0.0,26.895617214075116,20.0,24.0,0.0,12500.0,34507.473480434244,26000.0,0.0,27.45725331877685,20.0,25.0,0.0,721.0,16.506438946692228,12.0,17.0,1.0,17456.947406677995,12500.0,23000.0,1.0,20.0,23.233327605087126,24.0,1.0,21997.693231743822,12500.0,26000.0,1.0,23.799109480166496,20.0,25.0,1.0,0.0,912.0,7.0,7.0
81.0,23.0,81.0,23.0,-721.0,912.0,12.0,-711.0,14.195323383124821,12.0,17.0,30000.0,12500.0,23000.0,0.0,25.83042602240084,20.0,24.0,0.0,12500.0,34483.31905480056,26000.0,0.0,26.392397582333686,20.0,25.0,0.0,721.0,15.864421078092834,12.0,17.0,1.0,17682.16315856537,12500.0,23000.0,1.0,20.0,22.691024780628634,24.0,1.0,22163.80111230754,12500.0,26000.0,1.0,23.25278561922476,20.0,25.0,1.0,0.0,912.0,7.0,31.0
11.0,22.0,11.0,21.0,-121.0,11.0,12.0,-111.0,10.000471464297489,9.0,11.0,30000.0,10000.0,19000.0,0.0,24.864859022799628,16.5,19.0,0.0,10000.0,36461.26662374586,25000.0,0.0,26.158308055770902,17.0,20.0,0.0,121.0,9.998028367246842,9.0,11.0,1.0,12551.980020949395,10000.0,19000.0,1.0,16.5,16.990216494410856,19.0,1.0,19090.00434255476,10000.0,25000.0,1.0,18.299031271569905,17.0,20.0,1.0,0.0,111.0,1.0,10.0
11.0,22.0,11.0,21.0,-121.0,21.0,13.0,-111.0,10.199081182589707,9.0,11.0,30000.0,10000.0,19000.0,0.0,24.556728570623903,16.5,19.0,0.0,10000.0,37073.997441945015,25000.0,0.0,25.886376115693587,17.0,20.0,0.0,122.0,10.196212068346963,9.0,11.0,1.0,15196.173558988114,10000.0,19000.0,1.0,16.5,17.567587798632307,19.0,1.0,22196.3769293897,10000.0,25000.0,1.0,18.883364811958987,17.0,20.0,1.0,0.0,211.0,1.0,2.0
11.0,22.0,11.0,22.0,-121.0,21.0,13.0,-111.0,10.194828430049352,9.0,11.0,30000.0,10000.0,19000.0,0.0,26.170915903021847,16.5,19.0,0.0,10000.0,36904.799745342185,25000.0,0.0,27.476595175840934,17.0,20.0,0.0,122.0,10.186603951657013,9.0,11.0,1.0,14046.711030461125,10000.0,19000.0,1.0,16.5,17.325044330832895,19.0,1.0,21039.06758954969,10000.0,25000.0,1.0,18.647280364328473,17.0,20.0,1.0,0.0,211.0,1.0,21.0
81.0,21.0,81.0,23.0,-721.0,912.0,12.0,-711.0,15.123126210922742,12.0,17.0,30000.0,12500.0,23000.0,0.0,26.357717402464083,20.0,24.0,0.0,12500.0,33953.166630344655,26000.0,0.0,26.838488258310377,20.0,25.0,0.0,722.0,15.087218524856537,12.0,17.0,1.0,18157.054839177912,12500.0,23000.0,1.0,20.0,21.85359968520016,24.0,1.0,22213.436416846802,12500.0,26000.0,1.0,22.34692319647471,20.0,25.0,1.0,0.0,912.0,7.0,7.0
11.0,21.0,11.0,21.0,-121.0,21.0,13.0,-111.0,10.209889347352215,9.0,11.0,30000.0,10000.0,19000.0,0.0,26.645542111465403,16.5,19.0,0.0,10000.0,37066.669261647025,25000.0,0.0,27.975847907155515,17.0,20.0,0.0,122.0,10.168306242193662,9.0,11.0,1.0,13432.472921547133,10000.0,19000.0,1.0,16.5,17.162005848462424,19.0,1.0,20472.472129167865,10000.0,25000.0,1.0,18.48729098645244,17.0,20.0,1.0,0.0,211.0,1.0,34.0
81.0,23.0,81.0,21.0,-721.0,912.0,11.0,-711.0,15.306599245098834,12.0,17.0,30000.0,12500.0,23000.0,0.0,25.934544236180113,20.0,24.0,0.0,12500.0,34006.59560419912,26000.0,0.0,26.423474741659522,20.0,25.0,0.0,722.0,15.05804872551045,12.0,17.0,1.0,15035.630448277221,12500.0,23000.0,1.0,20.0,21.340981794170716,24.0,1.0,19109.179931763443,12500.0,26000.0,1.0,21.838082775854247,20.0,25.0,1.0,0.0,912.0,7.0,12.0
11.0,22.0,11.0,21.0,-121.0,21.0,12.0,-111.0,10.201943923906894,9.0,11.0,30000.0,10000.0,19000.0,0.0,23.6370515630739,16.5,19.0,0.0,10000.0,36956.72621504775,25000.0,0.0,24.953021601939756,17.0,20.0,0.0,122.0,10.215764289238823,9.0,11.0,1.0,13170.573034391567,10000.0,19000.0,1.0,16.5,17.175246356577368,19.0,1.0,20098.99558010152,10000.0,25000.0,1.0,18.485862328072002,17.0,20.0,1.0,0.0,211.0,1.0,53.0
81.0,23.0,81.0,23.0,-721.0,912.0,12.0,-711.0,14.96326190742795,12.0,17.0,30000.0,12500.0,23000.0,0.0,26.480511034075267,20.0,24.0,0.0,12500.0,34555.41116860594,26000.0,0.0,27.0517530186033,20.0,25.0,0.0,721.0,13.829841051921287,12.0,17.0,1.0,18716.051662553273,12500.0,23000.0,1.0,20.0,20.740546553694266,24.0,1.0,23139.097135473407,12500.0,26000.0,1.0,21.295190071061292,20.0,25.0,1.0,0.0,912.0,7.0,10.0
11.0,22.0,11.0,21.0,-121.0,11.0,11.0,-111.0,10.20817430673967,9.0,11.0,30000.0,10000.0,19000.0,0.0,24.557645065207467,16.5,19.0,0.0,10000.0,37160.52167067551,25000.0,0.0,25.911891788988743,17.0,20.0,0.0,122.0,10.211236526553737,9.0,11.0,1.0,12834.13453536374,10000.0,19000.0,1.0,16.5,17.135130350530808,19.0,1.0,19918.40797558719,10000.0,25000.0,1.0,18.47495648862952,17.0,20.0,1.0,0.0,111.0,1.0,1.0
11.0,22.0,11.0,22.0,-121.0,21.0,13.0,-111.0,9.98414010694255,9.0,11.0,30000.0,10000.0,19000.0,0.0,25.87908256285721,16.5,19.0,0.0,10000.0,36477.21184962153,25000.0,0.0,27.174348495590458,17.0,20.0,0.0,121.0,10.00209721320309,9.0,11.0,1.0,14674.699108475887,10000.0,19000.0,1.0,16.5,17.45201382121668,19.0,1.0,21133.238152601123,10000.0,25000.0,1.0,18.743545701491954,17.0,20.0,1.0,0.0,211.0,1.0,41.0
11.0,22.0,11.0,22.0,-121.0,21.0,13.0,-111.0,10.015848994175455,9.0,11.0,30000.0,10000.0,19000.0,0.0,26.791883957262037,16.5,19.0,0.0,10000.0,36575.22142839112,25000.0,0.0,28.11117693809789,17.0,20.0,0.0,121.0,10.004064570292867,9.0,11.0,1.0,14752.840121459505,10000.0,19000.0,1.0,16.5,17.45627927278039,19.0,1.0,21235.090191754738,10000.0,25000.0,1.0,18.75691790691621,17.0,20.0,1.0,0.0,211.0,1.0,47.0
11.0,22.0,11.0,22.0,-121.0,21.0,13.0,-111.0,10.206215291415935,9.0,11.0,30000.0,10000.0,19000.0,0.0,27.858026812419745,16.5,19.0,0.0,10000.0,36823.82979719603,25000.0,0.0,29.14307485182902,17.0,20.0,0.0,122.0,10.209516242659545,9.0,11.0,1.0,14460.991776403556,10000.0,19000.0,1.0,16.5,17.45976838116033,19.0,1.0,21432.36409993517,10000.0,25000.0,1.0,18.77260129209072,17.0,20.0,1.0,0.0,211.0,1.0,13.0
91.0,24.0,91.0,24.0,-721.0,911.0,11.0,-711.0,15.68611698675102,12.0,17.0,30000.0,18000.0,36000.0,1.0,25.941022823470796,20.0,25.0,0.0,18000.0,34498.29218534706,36000.0,1.0,26.506685135457907,20.0,26.0,0.0,721.0,15.07339640773283,12.0,17.0,1.0,21429.536477666465,18000.0,36000.0,1.0,20.0,22.785933809028368,25.0,1.0,25966.28750650896,18000.0,36000.0,1.0,23.356432338280076,20.0,26.0,1.0,0.0,91121.0,7.0,0.0
11.0,21.0,11.0,22.0,-121.0,21.0,13.0,-111.0,10.165478751198538,9.0,11.0,30000.0,10000.0,19000.0,0.0,26.48917934554528,16.5,19.0,0.0,10000.0,37057.12478076288,25000.0,0.0,27.822407397736967,17.0,20.0,0.0,122.0,10.203880502460008,9.0,11.0,1.0,14822.290087357804,10000.0,19000.0,1.0,16.5,17.535349522369536,19.0,1.0,21746.30201308456,10000.0,25000.0,1.0,18.843429968708303,17.0,20.0,1.0,0.0,211.0,1.0,32.0
91.0,24.0,91.0,24.0,-721.0,911.0,12.0,-711.0,14.356368634257034,12.0,17.0,30000.0,18000.0,36000.0,1.0,23.032974153589592,20.0,25.0,1.0,18000.0,34453.394268153555,36000.0,1.0,23.588298431908484,20.0,26.0,1.0,721.0,14.91929905117064,12.0,17.0,1.0,28042.156458223184,18000.0,36000.0,1.0,20.0,23.420224665266755,25.0,1.0,32557.97345189462,18000.0,36000.0,1.0,23.983332861404648,20.0,26.0,1.0,1.0,91121.0,7.0,27.0
11.0,22.0,11.0,21.0,-121.0,11.0,12.0,-111.0,10.187141861188277,9.0,11.0,30000.0,10000.0,19000.0,0.0,24.27721261363208,16.5,19.0,0.0,10000.0,37015.66679814382,25000.0,0.0,25.60858778159301,17.0,20.0,0.0,122.0,10.185912046688987,9.0,11.0,1.0,14617.057522736346,10000.0,19000.0,1.0,16.5,17.432477686279462,19.0,1.0,21680.716433101294,10000.0,25000.0,1.0,18.772960400010113,17.0,20.0,1.0,0.0,111.0,1.0,10.0
11.0,22.0,11.0,22.0,-121.0,11.0,12.0,-111.0,10.198892634386057,9.0,11.0,30000.0,10000.0,19000.0,0.0,24.893189546124738,16.5,19.0,0.0,10000.0,36904.276987487974,25000.0,0.0,26.19313589438093,17.0,20.0,0.0,122.0,10.211637704653858,9.0,11.0,1.0,16030.676212556844,10000.0,19000.0,1.0,16.5,17.723931409278922,19.0,1.0,23103.747549454434,10000.0,25000.0,1.0,19.055658579555864,17.0,20.0,1.0,0.0,111.0,1.0,40.0
11.0,22.0,11.0,22.0,-121.0,21.0,13.0,-111.0,10.016421011147221,9.0,11.0,30000.0,10000.0,19000.0,0.0,25.555962992967725,16.5,19.0,0.0,10000.0,36516.522449883996,25000.0,0.0,26.8569707818187,17.0,20.0,0.0,121.0,9.993509564642219,9.0,11.0,1.0,16286.540787218017,10000.0,19000.0,1.0,16.5,17.77492040402569,19.0,1.0,22754.672555945162,10000.0,25000.0,1.0,19.066267111590278,17.0,20.0,1.0,0.0,211.0,1.0,41.0
11.0,21.0,11.0,22.0,-121.0,21.0,13.0,-111.0,10.196290728657226,9.0,11.0,30000.0,10000.0,19000.0,0.0,26.42473196566879,16.5,19.0,0.0,10000.0,36865.803378673074,25000.0,0.0,27.718036293537835,17.0,20.0,0.0,122.0,10.1930387942052,9.0,11.0,1.0,15974.621135429685,10000.0,19000.0,1.0,16.5,17.75040259008089,19.0,1.0,22944.77545067917,10000.0,25000.0,1.0,19.063363396652875,17.0,20.0,1.0,0.0,211.0,1.0,52.0
91.0,24.0,91.0,24.0,-721.0,911.0,12.0,-711.0,15.228889427328147,12.0,17.0,30000.0,18000.0,36000.0,1.0,24.127915772572003,20.0,25.0,1.0,18000.0,33984.75323409122,36000.0,1.0,24.61553582045338,20.0,26.0,1.0,722.0,15.189142769662476,12.0,17.0,1.0,27164.18665126755,18000.0,36000.0,1.0,20.0,23.510760409303884,25.0,1.0,31189.82564470954,18000.0,36000.0,1.0,24.003383707013064,20.0,26.0,1.0,1.0,91121.0,7.0,13.0
11.0,22.0,11.0,22.0,-121.0,11.0,12.0,-111.0,9.98043734732047,9.0,11.0,30000.0,10000.0,19000.0,0.0,23.846019659091898,16.5,19.0,0.0,10000.0,36475.60759466313,25000.0,0.0,25.138313586280987,17.0,20.0,0.0,121.0,10.005365729027478,9.0,11.0,1.0,15231.960614412917,10000.0,19000.0,1.0,16.5,17.5591885620776,19.0,1.0,21711.423957583815,10000.0,25000.0,1.0,18.852251955345125,17.0,20.0,1.0,0.0,111.0,1.0,14.0
11.0,22.0,11.0,21.0,-121.0,11.0,11.0,-111.0,10.17205463313136,9.0,11.0,30000.0,10000.0,19000.0,0.0,26.340478559576066,16.5,19.0,0.0,10000.0,36925.25958908075,25000.0,0.0,27.65005511974114,17.0,20.0,0.0,122.0,10.219184924706871,9.0,11.0,1.0,11184.948475265923,10000.0,19000.0,1.0,16.5,16.823438699271748,19.0,1.0,18209.319976653893,10000.0,25000.0,1.0,18.151757464768057,17.0,20.0,1.0,0.0,111.0,1.0,1.0
91.0,24.0,91.0,21.0,-721.0,911.0,11.0,-711.0,15.090417368330334,12.0,17.0,30000.0,18000.0,36000.0,1.0,23.641631869257736,20.0,25.0,1.0,18000.0,34496.22950626965,36000.0,1.0,24.204241455646176,20.0,26.0,1.0,721.0,15.066122779327676,12.0,17.0,1.0,25356.44151324078,18000.0,36000.0,1.0,20.0,23.136695762585056,25.0,1.0,29853.48013935553,18000.0,36000.0,1.0,23.699406593489766,20.0,26.0,1.0,1.0,91121.0,7.0,21.0
11.0,22.0,11.0,21.0,-121.0,11.0,11.0,-111.0,10.21356998681671,9.0,11.0,30000.0,10000.0,19000.0,0.0,24.87452336377546,16.5,19.0,0.0,10000.0,37012.236716369414,25000.0,0.0,26.201501167375692,17.0,20.0,0.0,122.0,10.202299489188634,9.0,11.0,1.0,14394.835280030182,10000.0,19000.0,1.0,16.5,17.3762589953379,19.0,1.0,21499.724463482096,10000.0,25000.0,1.0,18.72077011565864,17.0,20.0,1.0,0.0,111.0,1.0,0.0
11.0,22.0,11.0,22.0,-121.0,21.0,13.0,-111.0,10.174677635705343,9.0,11.0,30000.0,10000.0,19000.0,0.0,27.20626267468279,16.5,19.0,0.0,10000.0,36974.6011406421,25000.0,0.0,28.530959974431873,17.0,20.0,0.0,122.0,10.204024936458396,9.0,11.0,1.0,15932.890042890669,10000.0,19000.0,1.0,16.5,17.751463309545514,19.0,1.0,23039.88250137218,10000.0,25000.0,1.0,19.101305906884466,17.0,20.0,1.0,0.0,211.0,1.0,16.0
91.0,24.0,91.0,24.0,-721.0,911.0,11.0,-711.0,14.480207245747584,12.0,17.0,30000.0,18000.0,36000.0,1.0,23.669831189406732,20.0,25.0,1.0,18000.0,34527.815214035116,36000.0,1.0,24.235225928549234,20.0,26.0,1.0,721.0,14.948928765436378,12.0,17.0,1.0,23014.106515192623,18000.0,36000.0,1.0,20.0,22.886770840419686,25.0,1.0,27507.42206431683,18000.0,36000.0,1.0,23.447857557233373,20.0,26.0,1.0,1.0,91121.0,7.0,28.0
11.0,22.0,11.0,22.0,-121.0,11.0,11.0,-111.0,10.21975336552813,9.0,11.0,30000.0,10000.0,19000.0,0.0,24.130733218239023,16.5,19.0,0.0,10000.0,37124.04821076086,25000.0,0.0,25.47717721413478,17.0,20.0,0.0,122.0,10.200084903415327,9.0,11.0,1.0,16943.03926954784,10000.0,19000.0,1.0,16.5,17.953034687824726,19.0,1.0,23914.194916258173,10000.0,25000.0,1.0,19.270582013064608,17.0,20.0,1.0,0.0,111.0,1.0,55.0
81.0,23.0,81.0,21.0,-721.0,912.0,12.0,-711.0,15.018352670250065,12.0,17.0,30000.0,12500.0,23000.0,0.0,26.559594340455533,20.0,24.0,0.0,12500.0,34521.945027452995,26000.0,0.0,27.125871432352294,20.0,25.0,0.0,721.0,14.231847339689866,12.0,17.0,1.0,15780.266850109098,12500.0,23000.0,1.0,20.0,20.658843049779065,24.0,1.0,20227.586273268695,12500.0,26000.0,1.0,21.21577487765255,20.0,25.0,1.0,0.0,912.0,7.0,11.0
11.0,22.0,11.0,22.0,-121.0,11.0,12.0,-111.0,10.014406647706977,9.0,11.0,30000.0,10000.0,19000.0,0.0,25.374206681586266,16.5,19.0,0.0,10000.0,36512.49202740138,25000.0,0.0,26.675281593182152,17.0,20.0,0.0,121.0,10.00976276886683,9.0,11.0,1.0,16256.637909700576,10000.0,19000.0,1.0,16.5,17.831729274583697,19.0,1.0,22712.067978114144,10000.0,25000.0,1.0,19.121404266926987,17.0,20.0,1.0,0.0,111.0,1.0,49.0
11.0,22.0,11.0,22.0,-121.0,11.0,11.0,-111.0,10.1812682405302,9.0,11.0,30000.0,10000.0,19000.0,0.0,24.197409465748393,16.5,19.0,0.0,10000.0,36900.733088831796,25000.0,0.0,25.50251787831301,17.0,20.0,0.0,122.0,10.233962881521382,9.0,11.0,1.0,19229.60188355838,10000.0,19000.0,0.0,16.5,18.400922076626927,19.0,1.0,26303.404135390272,10000.0,25000.0,0.0,19.738762376902503,17.0,20.0,1.0,0.0,111.0,1.0,38.0
11.0,22.0,11.0,21.0,-121.0,11.0,12.0,-111.0,10.017865117286679,9.0,11.0,30000.0,10000.0,19000.0,0.0,24.182541377617575,16.5,19.0,0.0,10000.0,36526.78787178976,25000.0,0.0,25.496703262255203,17.0,20.0,0.0,121.0,9.97906907892339,9.0,11.0,1.0,13866.018575356979,10000.0,19000.0,1.0,16.5,17.234737910786777,19.0,1.0,20339.808672238523,10000.0,25000.0,1.0,18.538228749096085,17.0,20.0,1.0,0.0,111.0,1.0,45.0
11.0,22.0,11.0,21.0,-121.0,21.0,13.0,-111.0,10.170357603025511,9.0,11.0,30000.0,10000.0,19000.0,0.0,25.96131540222929,16.5,19.0,0.0,10000.0,37054.24080626198,25000.0,0.0,27.294499910222953,17.0,20.0,0.0,122.0,10.18881580186429,9.0,11.0,1.0,15347.437627109543,10000.0,19000.0,1.0,16.5,17.560937480226528,19.0,1.0,22300.93106416171,10000.0,25000.0,1.0,18.875081692383905,17.0,20.0,1.0,0.0,211.0,1.0,58.0
91.0,24.0,91.0,24.0,-721.0,911.0,12.0,-711.0,14.991878244029403,12.0,17.0,30000.0,18000.0,36000.0,1.0,25.086710746342103,20.0,25.0,0.0,18000.0,34534.264167716894,36000.0,1.0,25.651786032703498,20.0,26.0,1.0,721.0,15.891817918868433,12.0,17.0,1.0,29246.776880402627,18000.0,36000.0,1.0,20.0,24.62838060099132,25.0,1.0,33747.00469314387,18000.0,36000.0,1.0,25.189214162053272,20.0,26.0,1.0,0.0,91121.0,7.0,8.0
91.0,21.0,91.0,24.0,-721.0,911.0,12.0,-711.0,15.386201487002841,12.0,17.0,30000.0,18000.0,36000.0,1.0,25.10932783452535,20.0,25.0,0.0,18000.0,33971.86465214705,36000.0,1.0,25.593461902072256,20.0,26.0,1.0,722.0,15.016029331267449,12.0,17.0,1.0,27509.046806883613,18000.0,36000.0,1.0,20.0,23.36011619428926,25.0,1.0,31477.39097383107,18000.0,36000.0,1.0,23.843821146806157,20.0,26.0,1.0,0.0,91121.0,7.0,26.0
91.0,24.0,91.0,24.0,-721.0,911.0,11.0,-711.0,15.219075611342863,12.0,17.0,30000.0,18000.0,36000.0,1.0,24.34883987499923,20.0,25.0,1.0,18000.0,33998.34638710354,36000.0,1.0,24.835789668378055,20.0,26.0,1.0,722.0,14.984414050787905,12.0,17.0,1.0,23956.906796204334,18000.0,36000.0,1.0,20.0,22.914207985829023,25.0,1.0,28043.199065132958,18000.0,36000.0,1.0,23.411868514306082,20.0,26.0,1.0,1.0,91121.0,7.0,28.0
11.0,22.0,11.0,22.0,-121.0,21.0,13.0,-111.0,10.229474976765795,9.0,11.0,30000.0,10000.0,19000.0,0.0,24.564371981138265,16.5,19.0,0.0,10000.0,36932.51924341153,25000.0,0.0,25.86847475730252,17.0,20.0,0.0,122.0,10.191260578302415,9.0,11.0,1.0,15296.726581431301,10000.0,19000.0,1.0,16.5,17.62512707949812,19.0,1.0,22467.81376761524,10000.0,25000.0,1.0,18.974107786115862,17.0,20.0,1.0,0.0,211.0,1.0,21.0
11.0,22.0,11.0,22.0,-121.0,11.0,11.0,-111.0,10.173720339076723,9.0,11.0,30000.0,10000.0,19000.0,0.0,28.199813529227804,16.5,19.0,0.0,10000.0,36917.69696053664,25000.0,0.0,29.495791646938848,17.0,20.0,0.0,122.0,10.208402042890802,9.0,11.0,1.0,16544.589523773226,10000.0,19000.0,1.0,16.5,17.822116530485758,19.0,1.0,23379.61528527841,10000.0,25000.0,1.0,19.102606825367772,17.0,20.0,1.0,0.0,111.0,1.0,55.0
91.0,24.0,91.0,21.0,-721.0,911.0,12.0,-711.0,15.143212083931516,12.0,17.0,30000.0,18000.0,36000.0,1.0,24.31735311920778,20.0,25.0,1.0,18000.0,33970.44948363739,36000.0,1.0,24.801859064366287,20.0,26.0,1.0,722.0,15.134963691516857,12.0,17.0,1.0,24090.12403809842,18000.0,36000.0,1.0,20.0,22.974410937568372,25.0,1.0,28153.908803930375,18000.0,36000.0,1.0,23.470306399027912,20.0,26.0,1.0,1.0,91121.0,7.0,29.0
11.0,22.0,11.0,22.0,-121.0,11.0,11.0,-111.0,10.187621702590649,9.0,11.0,30000.0,10000.0,19000.0,0.0,24.627289971509988,16.5,19.0,0.0,10000.0,37079.98916566132,25000.0,0.0,25.96224235428137,17.0,20.0,0.0,122.0,10.205819771658314,9.0,11.0,1.0,18053.239767379207,10000.0,19000.0,1.0,16.5,18.160405106993245,19.0,1.0,25059.016629600497,10000.0,25000.0,0.0,19.48136454585043,17.0,20.0,1.0,0.0,111.0,1.0,17.0
11.0,22.0,11.0,22.0,-121.0,21.0,13.0,-111.0,9.994764002763944,9.0,11.0,30000.0,10000.0,19000.0,0.0,24.831712362217154,16.5,19.0,0.0,10000.0,36551.86826895925,25000.0,0.0,26.14048016980029,17.0,20.0,0.0,121.0,9.998198361771088,9.0,11.0,1.0,13081.231140541333,10000.0,19000.0,1.0,16.5,17.139171212924513,19.0,1.0,19570.918065429378,10000.0,25000.0,1.0,18.43551799218231,17.0,20.0,1.0,0.0,211.0,1.0,5.0
11.0,22.0,11.0,22.0,-121.0,21.0,13.0,-111.0,9.999269110068488,9.0,11.0,30000.0,10000.0,19000.0,0.0,25.758944508526504,16.5,19.0,0.0,10000.0,36489.09085271214,25000.0,0.0,27.058989236972646,17.0,20.0,0.0,121.0,10.005983904226948,9.0,11.0,1.0,14866.523133490307,10000.0,19000.0,1.0,16.5,17.520180721637495,19.0,1.0,21329.09846976199,10000.0,25000.0,1.0,18.81491324870553,17.0,20.0,1.0,0.0,211.0,1.0,4.0
11.0,22.0,11.0,22.0,-121.0,21.0,13.0,-111.0,10.185726034153415,9.0,11.0,30000.0,10000.0,19000.0,0.0,24.919576469841044,16.5,19.0,0.0,10000.0,37002.91280734031,25000.0,0.0,26.24607277090198,17.0,20.0,0.0,122.0,10.193611888433962,9.0,11.0,1.0,13961.098357153325,10000.0,19000.0,1.0,16.5,17.369990762522775,19.0,1.0,21002.387119074712,10000.0,25000.0,1.0,18.70375626187333,17.0,20.0,1.0,0.0,211.0,1.0,41.0
91.0,24.0,91.0,21.0,-721.0,911.0,12.0,-711.0,15.102185715136335,12.0,17.0,30000.0,18000.0,36000.0,1.0,23.977409472133072,20.0,25.0,1.0,18000.0,34017.94095833567,36000.0,1.0,24.467206575758098,20.0,26.0,1.0,722.0,15.111853588368838,12.0,17.0,1.0,23611.81316611962,18000.0,36000.0,1.0,20.0,22.925226131662,25.0,1.0,27652.165508743725,18000.0,36000.0,1.0,23.417755239372333,20.0,26.0,1.0,1.0,91121.0,7.0,14.0
11.0,22.0,11.0,22.0,-121.0,21.0,13.0,-111.0,10.200500517138227,9.0,11.0,30000.0,10000.0,19000.0,0.0,25.86782639689524,16.5,19.0,0.0,10000.0,36999.74312230867,25000.0,0.0,27.19327838919245,17.0,20.0,0.0,122.0,10.220338937289808,9.0,11.0,1.0,15757.34411616379,10000.0,19000.0,1.0,16.5,17.751515918204767,19.0,1.0,22764.18937021534,10000.0,25000.0,1.0,19.078312750520197,17.0,20.0,1.0,0.0,211.0,1.0,36.0
92.0,24.0,92.0,24.0,-721.0,921.0,13.0,-711.0,15.097647583206575,12.0,17.0,30000.0,15000.0,28000.0,0.0,24.977005294524126,19.5,25.0,1.0,15000.0,33963.720880702334,28000.0,0.0,25.458531789331232,20.0,26.0,1.0,722.0,14.807289929032883,12.0,17.0,1.0,21682.88561845304,15000.0,28000.0,1.0,19.5,21.531732338237255,25.0,1.0,25595.97417992487,15000.0,28000.0,1.0,22.007107844128434,20.0,26.0,1.0,0.0,92122.0,7.0,22.0
91.0,24.0,91.0,24.0,-721.0,911.0,12.0,-711.0,16.202510610942223,12.0,17.0,30000.0,18000.0,36000.0,1.0,26.2274877121463,20.0,25.0,0.0,18000.0,34478.041091186686,36000.0,1.0,26.78681099996041,20.0,26.0,0.0,721.0,14.652845029902187,12.0,17.0,1.0,25288.965015113594,18000.0,36000.0,1.0,20.0,22.86053239026542,25.0,1.0,29770.172728407957,18000.0,36000.0,1.0,23.42025120046364,20.0,26.0,1.0,0.0,91121.0,7.0,13.0
81.0,23.0,81.0,21.0,-721.0,912.0,11.0,-711.0,15.276045351440944,12.0,17.0,30000.0,12500.0,23000.0,0.0,27.546502246631363,20.0,24.0,0.0,12500.0,33983.643090698424,26000.0,0.0,28.035212794934143,20.0,25.0,0.0,722.0,15.18981285505188,12.0,17.0,1.0,14537.122094111955,12500.0,23000.0,1.0,20.0,21.45035218458561,24.0,1.0,18641.399560774866,12500.0,26000.0,1.0,21.953862073762934,20.0,25.0,1.0,0.0,912.0,7.0,12.0
91.0,24.0,91.0,24.0,-721.0,911.0,11.0,-711.0,14.861118121670872,12.0,17.0,30000.0,18000.0,36000.0,1.0,25.212379334279813,20.0,25.0,0.0,18000.0,34498.56888251348,36000.0,1.0,25.772859376097493,20.0,26.0,1.0,721.0,13.96803023254276,12.0,17.0,1.0,23157.758892954156,18000.0,36000.0,1.0,20.0,21.914749166526654,25.0,1.0,27666.27871507588,18000.0,36000.0,1.0,22.47646900330878,20.0,26.0,1.0,0.0,91121.0,7.0,9.0
11.0,22.0,11.0,22.0,-121.0,21.0,13.0,-111.0,10.0102897117902,9.0,11.0,30000.0,10000.0,19000.0,0.0,25.775483663099177,16.5,19.0,0.0,10000.0,36504.56370112728,25000.0,0.0,27.082080270558624,17.0,20.0,0.0,121.0,9.9927431050781,9.0,11.0,1.0,13574.229498469533,10000.0,19000.0,1.0,16.5,17.252677709308497,19.0,1.0,20152.030148067046,10000.0,25000.0,1.0,18.573985702928297,17.0,20.0,1.0,0.0,211.0,1.0,3.0
81.0,21.0,81.0,23.0,-721.0,912.0,12.0,-711.0,14.950768545947627,12.0,17.0,30000.0,12500.0,23000.0,0.0,27.584649926892325,20.0,24.0,0.0,12500.0,33921.326359660394,26000.0,0.0,28.06661006345095,20.0,25.0,0.0,722.0,15.28317549645136,12.0,17.0,1.0,17470.07272031819,12500.0,23000.0,1.0,20.0,22.049146952300887,24.0,1.0,21422.85839542188,12500.0,26000.0,1.0,22.534973672402025,20.0,25.0,1.0,0.0,912.0,7.0,7.0
11.0,22.0,11.0,21.0,-121.0,21.0,13.0,-111.0,9.996185983315065,9.0,11.0,30000.0,10000.0,19000.0,0.0,26.63397486523895,16.5,19.0,0.0,10000.0,36483.07001451098,25000.0,0.0,27.936800892296084,17.0,20.0,0.0,121.0,10.011457328997745,9.0,11.0,1.0,10436.280647196307,10000.0,19000.0,1.0,16.5,16.60679782417347,19.0,1.0,16844.511177823766,10000.0,25000.0,1.0,17.894584243878416,17.0,20.0,1.0,0.0,211.0,1.0,20.0
11.0,22.0,11.0,22.0,-121.0,11.0,11.0,-111.0,10.157146820032622,9.0,11.0,30000.0,10000.0,19000.0,0.0,24.617381898975488,16.5,19.0,0.0,10000.0,37102.490461275396,25000.0,0.0,25.958563205248282,17.0,20.0,0.0,122.0,10.207380743993298,9.0,11.0,1.0,16783.107129430107,10000.0,19000.0,1.0,16.5,17.907435953491923,19.0,1.0,23624.78381606027,10000.0,25000.0,1.0,19.19936713251994,17.0,20.0,1.0,0.0,111.0,1.0,11.0
11.0,22.0,11.0,21.0,-121.0,21.0,13.0,-111.0,10.20389691634706,9.0,11.0,30000.0,10000.0,19000.0,0.0,25.869840890641704,16.5,19.0,0.0,10000.0,36996.21583844168,25000.0,0.0,27.18461960404039,17.0,20.0,0.0,122.0,10.204688216924012,9.0,11.0,1.0,11520.145828840255,10000.0,19000.0,1.0,16.5,16.85497198814517,19.0,1.0,18473.84784530214,10000.0,25000.0,1.0,18.161761201297573,17.0,20.0,1.0,0.0,211.0,1.0,58.0
91.0,24.0,91.0,24.0,-721.0,911.0,12.0,-711.0,14.851483691707916,12.0,17.0,30000.0,18000.0,36000.0,1.0,25.005489294005354,20.0,25.0,0.0,18000.0,34506.4542761506,36000.0,1.0,25.569537878997245,20.0,26.0,1.0,721.0,15.587768873854817,12.0,17.0,1.0,29119.676654384868,18000.0,36000.0,1.0,20.0,24.244942106586983,25.0,1.0,33684.73565004875,18000.0,36000.0,1.0,24.81632592835033,20.0,26.0,1.0,0.0,91121.0,7.0,13.0
11.0,22.0,11.0,22.0,-121.0,11.0,12.0,-111.0,10.208550904867339,9.0,11.0,30000.0,10000.0,19000.0,0.0,24.859837573054044,16.5,19.0,0.0,10000.0,37194.07666948998,25000.0,0.0,26.22358836024982,17.0,20.0,0.0,122.0,10.225404024429423,9.0,11.0,1.0,16228.597097260648,10000.0,19000.0,1.0,16.5,17.839895828372,19.0,1.0,23381.78531057723,10000.0,25000.0,1.0,19.1958955632986,17.0,20.0,1.0,0.0,111.0,1.0,49.0
11.0,22.0,11.0,21.0,-121.0,21.0,13.0,-111.0,9.996121742547778,9.0,11.0,30000.0,10000.0,19000.0,0.0,26.943314724656062,16.5,19.0,0.0,10000.0,36450.76385738203,25000.0,0.0,28.232181461982293,17.0,20.0,0.0,121.0,9.986149250270937,9.0,11.0,1.0,13420.474145178794,10000.0,19000.0,1.0,16.5,17.148135972982963,19.0,1.0,19918.314092688575,10000.0,25000.0,1.0,18.446408543173405,17.0,20.0,1.0,0.0,211.0,1.0,33.0
81.0,23.0,81.0,21.0,-721.0,912.0,11.0,-711.0,14.190560453699455,12.0,17.0,30000.0,12500.0,23000.0,0.0,24.835904323488457,20.0,24.0,0.0,12500.0,34542.076430157955,26000.0,0.0,25.4034662023009,20.0,25.0,0.0,721.0,14.974869026325232,12.0,17.0,1.0,14967.150941199785,12500.0,23000.0,1.0,20.0,21.29706171024493,24.0,1.0,19450.84008738937,12500.0,26000.0,1.0,21.85732771962466,20.0,25.0,1.0,0.0,912.0,7.0,12.0
81.0,21.0,81.0,23.0,-721.0,912.0,12.0,-711.0,15.057720695854812,12.0,17.0,30000.0,12500.0,23000.0,0.0,27.395504510436503,20.0,24.0,0.0,12500.0,33954.39657293576,26000.0,0.0,27.877931651879617,20.0,25.0,0.0,722.0,15.0839601973377,12.0,17.0,1.0,18348.895537394124,12500.0,23000.0,1.0,20.0,21.881069573080467,24.0,1.0,22375.55609599182,12500.0,26000.0,1.0,22.372312751911124,20.0,25.0,1.0,0.0,912.0,7.0,7.0
11.0,22.0,11.0,22.0,-121.0,21.0,12.0,-111.0,10.181147978283668,9.0,11.0,30000.0,10000.0,19000.0,0.0,24.72316534037141,16.5,19.0,0.0,10000.0,37031.71553451227,25000.0,0.0,26.049501115684386,17.0,20.0,0.0,122.0,10.21436036315479,9.0,11.0,1.0,15359.22949403355,10000.0,19000.0,1.0,16.5,17.65377174294771,19.0,1.0,22444.248898334867,10000.0,25000.0,1.0,18.990161797208245,17.0,20.0,1.0,0.0,211.0,1.0,25.0
11.0,22.0,11.0,22.0,-121.0,21.0,13.0,-111.0,9.99185777380828,9.0,11.0,30000.0,10000.0,19000.0,0.0,25.220541852316238,16.5,19.0,0.0,10000.0,36557.43338801009,25000.0,0.0,26.53225896913491,17.0,20.0,0.0,121.0,10.005368258499779,9.0,11.0,1.0,12531.013887297171,10000.0,19000.0,1.0,16.5,16.999910016086904,19.0,1.0,19073.33881493454,10000.0,25000.0,1.0,18.308604909894374,17.0,20.0,1.0,0.0,211.0,1.0,13.0
91.0,24.0,91.0,21.0,-721.0,911.0,11.0,-711.0,15.123834586771615,12.0,17.0,30000.0,18000.0,36000.0,1.0,25.040829146401535,20.0,25.0,0.0,18000.0,33991.7613877182,36000.0,1.0,25.5274909229469,20.0,26.0,1.0,722.0,15.298860465211012,12.0,17.0,1.0,21963.18113513743,18000.0,36000.0,1.0,20.0,22.86646158413945,25.0,1.0,25882.780581962325,18000.0,36000.0,1.0,23.344325625814655,20.0,26.0,1.0,0.0,91121.0,7.0,2.0
11.0,21.0,11.0,22.0,-121.0,11.0,12.0,-111.0,10.001384059953406,9.0,11.0,30000.0,10000.0,19000.0,0.0,25.13680216902211,16.5,19.0,0.0,10000.0,36472.281601221344,25000.0,0.0,26.425420242845522,17.0,20.0,0.0,121.0,10.009555782670072,9.0,11.0,1.0,13271.166789854648,10000.0,19000.0,1.0,16.5,17.169063064326473,19.0,1.0,19709.13754946152,10000.0,25000.0,1.0,18.45084991952303,17.0,20.0,1.0,0.0,111.0,1.0,7.0
11.0,21.0,11.0,22.0,-121.0,11.0,11.0,-111.0,10.215785143017598,9.0,11.0,30000.0,10000.0,19000.0,0.0,25.357625577845354,16.5,19.0,0.0,10000.0,36957.35266264736,25000.0,0.0,26.671006931668586,17.0,20.0,0.0,122.0,10.200009380508812,9.0,11.0,1.0,13857.831634974214,10000.0,19000.0,1.0,16.5,17.30552177208341,19.0,1.0,20989.09539164428,10000.0,25000.0,1.0,18.65173337028087,17.0,20.0,1.0,0.0,111.0,1.0,43.0
91.0,24.0,91.0,24.0,-721.0,911.0,11.0,-711.0,15.241529888169646,12.0,17.0,30000.0,18000.0,36000.0,1.0,24.231347296308314,20.0,25.0,1.0,18000.0,34453.545444389536,36000.0,1.0,24.790672351670466,20.0,26.0,1.0,721.0,14.81534145808027,12.0,17.0,1.0,21289.181210807048,18000.0,36000.0,1.0,20.0,22.439319169838306,25.0,1.0,25780.142388824017,18000.0,36000.0,1.0,23.003343303169665,20.0,26.0,1.0,1.0,91121.0,7.0,28.0
91.0,24.0,91.0,24.0,-721.0,911.0,11.0,-711.0,15.433205488568156,12.0,17.0,30000.0,18000.0,36000.0,1.0,24.676478801069997,20.0,25.0,1.0,18000.0,33926.772813235715,36000.0,1.0,25.156419779129585,20.0,26.0,1.0,722.0,14.998407455900002,12.0,17.0,1.0,28991.411962209546,18000.0,36000.0,1.0,20.0,23.553044735076742,25.0,1.0,33010.368452774215,18000.0,36000.0,1.0,24.044252655830153,20.0,26.0,1.0,1.0,91121.0,7.0,16.0
11.0,22.0,11.0,22.0,-121.0,11.0,11.0,-111.0,10.181711931523687,9.0,11.0,30000.0,10000.0,19000.0,0.0,25.42467029437521,16.5,19.0,0.0,10000.0,37035.84096808122,25000.0,0.0,26.758157832528138,17.0,20.0,0.0,122.0,10.191070328980697,9.0,11.0,1.0,18430.318997156934,10000.0,19000.0,1.0,16.5,18.200978902233153,19.0,1.0,25558.484193925247,10000.0,25000.0,0.0,19.55196444936359,17.0,20.0,1.0,0.0,111.0,1.0,15.0
11.0,21.0,11.0,22.0,-121.0,21.0,13.0,-111.0,9.989859546950562,9.0,11.0,30000.0,10000.0,19000.0,0.0,26.43257428828196,16.5,19.0,0.0,10000.0,36525.81620641065,25000.0,0.0,27.740818343479752,17.0,20.0,0.0,121.0,10.011966430201326,9.0,11.0,1.0,14532.677363560551,10000.0,19000.0,1.0,16.5,17.44976481585745,19.0,1.0,20955.12327033301,10000.0,25000.0,1.0,18.73728601038797,17.0,20.0,1.0,0.0,211.0,1.0,24.0
11.0,21.0,11.0,21.0,-121.0,21.0,13.0,-111.0,10.007141659092236,9.0,11.0,30000.0,10000.0,19000.0,0.0,27.99174505564308,16.5,19.0,0.0,10000.0,36487.868264480574,25000.0,0.0,29.28727079614182,17.0,20.0,0.0,121.0,9.973729299941118,9.0,11.0,1.0,12471.147731436258,10000.0,19000.0,1.0,16.5,16.931351041327837,19.0,1.0,18939.82759678069,10000.0,25000.0,1.0,18.223045158867166,17.0,20.0,1.0,0.0,211.0,1.0,34.0
11.0,21.0,11.0,22.0,-121.0,11.0,11.0,-111.0,10.207157287505597,9.0,11.0,30000.0,10000.0,19000.0,0.0,24.747489903009804,16.5,19.0,0.0,10000.0,36927.74521071691,25000.0,0.0,26.0540505134879,17.0,20.0,0.0,122.0,10.170032099750305,9.0,11.0,1.0,15817.206808801602,10000.0,19000.0,1.0,16.5,17.68768030564486,19.0,1.0,22741.776783134745,10000.0,25000.0,1.0,18.99364207210347,17.0,20.0,1.0,0.0,111.0,1.0,35.0
92.0,24.0,92.0,24.0,-721.0,921.0,13.0,-711.0,15.08600713961678,12.0,17.0,30000.0,15000.0,28000.0,0.0,24.2809346959858,19.5,25.0,1.0,15000.0,34019.41256680604,28000.0,0.0,24.772996500056937,20.0,26.0,1.0,722.0,15.304041543900198,12.0,17.0,1.0,19547.628445341266,15000.0,28000.0,1.0,19.5,21.73572220602349,25.0,1.0,23473.363536970734,15000.0,28000.0,1.0,22.216315889649145,20.0,26.0,1.0,0.0,92122.0,7.0,25.0
91.0,24.0,91.0,21.0,-721.0,911.0,11.0,-711.0,15.618432927829472,12.0,17.0,30000.0,18000.0,36000.0,1.0,24.935694020331532,20.0,25.0,1.0,18000.0,34464.60192031706,36000.0,1.0,25.493808821939343,20.0,26.0,1.0,721.0,15.56364538149869,12.0,17.0,1.0,25417.71415107569,18000.0,36000.0,1.0,20.0,23.69159143686816,25.0,1.0,29946.30929758554,18000.0,36000.0,1.0,24.257705958804518,20.0,26.0,1.0,1.0,91121.0,7.0,3.0
11.0,22.0,11.0,22.0,-121.0,21.0,12.0,-111.0,10.199550084534101,9.0,11.0,30000.0,10000.0,19000.0,0.0,24.23827512209695,16.5,19.0,0.0,10000.0,36935.298832827466,25000.0,0.0,25.54285586409853,17.0,20.0,0.0,122.0,10.19602819321361,9.0,11.0,1.0,14526.863329068146,10000.0,19000.0,1.0,16.5,17.486062835264928,19.0,1.0,21510.731474604752,10000.0,25000.0,1.0,18.79977982237143,17.0,20.0,1.0,0.0,211.0,1.0,48.0
11.0,22.0,11.0,22.0,-121.0,11.0,11.0,-111.0,9.991043590315268,9.0,11.0,30000.0,10000.0,19000.0,0.0,25.661730797241688,16.5,19.0,0.0,10000.0,36492.73584123226,25000.0,0.0,26.961314981379445,17.0,20.0,0.0,121.0,9.98162799479398,9.0,11.0,1.0,13661.462102433274,10000.0,19000.0,1.0,16.5,17.26100985997276,19.0,1.0,20104.50654467664,10000.0,25000.0,1.0,18.550647827632165,17.0,20.0,1.0,0.0,111.0,1.0,55.0
11.0,22.0,11.0,22.0,-121.0,11.0,11.0,-111.0,10.188957831712242,9.0,11.0,30000.0,10000.0,19000.0,0.0,23.34123222938318,16.5,19.0,0.0,10000.0,36988.646576581756,25000.0,0.0,24.66118838902959,17.0,20.0,0.0,122.0,10.200331484987053,9.0,11.0,1.0,11666.266184717379,10000.0,19000.0,1.0,16.5,16.920942925187873,19.0,1.0,18797.811949885094,10000.0,25000.0,1.0,18.267888668885444,17.0,20.0,1.0,0.0,111.0,1.0,57.0
81.0,23.0,81.0,23.0,-721.0,912.0,12.0,-711.0,15.344038153809672,12.0,17.0,30000.0,12500.0,23000.0,0.0,25.882617702761195,20.0,24.0,0.0,12500.0,34022.73702212528,26000.0,0.0,26.373371739460676,20.0,25.0,0.0,722.0,15.19603792918676,12.0,17.0,1.0,19390.94187142596,12500.0,23000.0,1.0,20.0,22.142339837242965,24.0,1.0,23287.803017308244,12500.0,26000.0,1.0,22.61773763910791,20.0,25.0,1.0,0.0,912.0,7.0,31.0
11.0,21.0,11.0,21.0,-121.0,11.0,11.0,-111.0,10.002173485263535,9.0,11.0,30000.0,10000.0,19000.0,0.0,25.337448610295738,16.5,19.0,0.0,10000.0,36530.46412604499,25000.0,0.0,26.648099245705513,17.0,20.0,0.0,121.0,10.001458764470257,9.0,11.0,1.0,15390.168930366399,10000.0,19000.0,1.0,16.5,17.595899601939983,19.0,1.0,21887.66597516794,10000.0,25000.0,1.0,18.899933812369028,17.0,20.0,1.0,0.0,111.0,1.0,56.0
11.0,22.0,11.0,22.0,-121.0,21.0,13.0,-111.0,9.99367830612479,9.0,11.0,30000.0,10000.0,19000.0,0.0,24.792670528812415,16.5,19.0,0.0,10000.0,36453.231356866534,25000.0,0.0,26.076165449046414,17.0,20.0,0.0,121.0,9.985748537633517,9.0,11.0,1.0,14972.634603054921,10000.0,19000.0,1.0,16.5,17.44068665287456,19.0,1.0,21530.011076006253,10000.0,25000.0,1.0,18.744895184642072,17.0,20.0,1.0,0.0,211.0,1.0,3.0
91.0,24.0,91.0,21.0,-721.0,911.0,11.0,-711.0,15.624319786841372,12.0,17.0,30000.0,18000.0,36000.0,1.0,24.96922562074119,20.0,25.0,1.0,18000.0,34529.233587581606,36000.0,1.0,25.53434874510863,20.0,26.0,1.0,721.0,14.679913711227995,12.0,17.0,1.0,21440.71746451175,18000.0,36000.0,1.0,20.0,22.247014982365123,25.0,1.0,25996.833378080097,18000.0,36000.0,1.0,22.815492277754682,20.0,26.0,1.0,1.0,91121.0,7.0,3.0
11.0,22.0,11.0,22.0,-121.0,21.0,13.0,-111.0,9.998890799429425,9.0,11.0,30000.0,10000.0,19000.0,0.0,24.6080378018721,16.5,19.0,0.0,10000.0,36487.33324600976,25000.0,0.0,25.91413531386175,17.0,20.0,0.0,121.0,9.997359965333857,9.0,11.0,1.0,14250.147282528038,10000.0,19000.0,1.0,16.5,17.41122607527141,19.0,1.0,20778.493383415636,10000.0,25000.0,1.0,18.725580722463494,17.0,20.0,1.0,0.0,211.0,1.0,22.0
11.0,22.0,11.0,22.0,-121.0,11.0,11.0,-111.0,10.183877293381148,9.0,11.0,30000.0,10000.0,19000.0,0.0,24.088960192301577,16.5,19.0,0.0,10000.0,36824.44703870537,25000.0,0.0,25.38067046488938,17.0,20.0,0.0,122.0,10.197771358051435,9.0,11.0,1.0,15906.740535079745,10000.0,19000.0,1.0,16.5,17.744515461775674,19.0,1.0,22973.6538538317,10000.0,25000.0,1.0,19.08211900350543,17.0,20.0,1.0,0.0,111.0,1.0,55.0
92.0,24.0,92.0,24.0,-721.0,921.0,13.0,-711.0,15.190678630146623,12.0,17.0,30000.0,15000.0,28000.0,0.0,24.413904296764763,19.5,25.0,1.0,15000.0,34015.154276969,28000.0,0.0,24.903747544713926,20.0,26.0,1.0,722.0,15.147041104883881,12.0,17.0,1.0,20877.96166359962,15000.0,28000.0,1.0,19.5,21.785500601521484,25.0,1.0,24908.376062354826,15000.0,28000.0,1.0,22.27720556314445,20.0,26.0,1.0,0.0,92122.0,7.0,25.0
11.0,22.0,11.0,22.0,-121.0,21.0,12.0,-111.0,10.199130070108748,9.0,11.0,30000.0,10000.0,19000.0,0.0,24.706130065317787,16.5,19.0,0.0,10000.0,37037.314325839434,25000.0,0.0,26.033556942161567,17.0,20.0,0.0,122.0,10.197406739135472,9.0,11.0,1.0,13636.9310072179,10000.0,19000.0,1.0,16.5,17.344517860560885,19.0,1.0,20614.80434483839,10000.0,25000.0,1.0,18.66073256729337,17.0,20.0,1.0,0.0,211.0,1.0,23.0
91.0,24.0,91.0,24.0,-721.0,911.0,12.0,-711.0,15.010404253941516,12.0,17.0,30000.0,18000.0,36000.0,1.0,24.51343994333631,20.0,25.0,1.0,18000.0,33980.47977745244,36000.0,1.0,24.9981151701832,20.0,26.0,1.0,722.0,15.33816817372624,12.0,17.0,1.0,23625.877255287458,18000.0,36000.0,1.0,20.0,23.104636874443603,25.0,1.0,27649.325696850756,18000.0,36000.0,1.0,23.59454409546949,20.0,26.0,1.0,1.0,91121.0,7.0,1.0
81.0,23.0,81.0,21.0,-721.0,912.0,12.0,-711.0,15.317165669984442,12.0,17.0,30000.0,12500.0,23000.0,0.0,26.272213502008363,20.0,24.0,0.0,12500.0,34081.22179333355,26000.0,0.0,26.769249003415016,20.0,25.0,0.0,722.0,15.102182025576075,12.0,17.0,1.0,15871.959533405448,12500.0,23000.0,1.0,20.0,21.424160002088442,24.0,1.0,19846.436158724337,12500.0,26000.0,1.0,21.908195441064386,20.0,25.0,1.0,0.0,912.0,7.0,11.0
92.0,24.0,92.0,24.0,-721.0,921.0,13.0,-711.0,14.733912680671082,12.0,17.0,30000.0,15000.0,28000.0,0.0,24.473070978347696,19.5,25.0,1.0,15000.0,34489.36983858474,28000.0,0.0,25.033931553778288,20.0,26.0,1.0,721.0,14.909756621722758,12.0,17.0,1.0,23278.233093621373,15000.0,28000.0,1.0,19.5,21.940973098402097,25.0,1.0,27842.312393119584,15000.0,28000.0,1.0,22.5111671867186,20.0,26.0,1.0,0.0,92122.0,7.0,22.0
11.0,21.0,11.0,22.0,-121.0,11.0,11.0,-111.0,10.195102390187907,9.0,11.0,30000.0,10000.0,19000.0,0.0,26.96581923094648,16.5,19.0,0.0,10000.0,37016.612177168405,25000.0,0.0,28.29592490105168,17.0,20.0,0.0,122.0,10.20291075910859,9.0,11.0,1.0,19510.502030060157,10000.0,19000.0,0.0,16.5,18.43801914277588,19.0,1.0,26560.635241030075,10000.0,25000.0,0.0,19.77447923521502,17.0,20.0,1.0,0.0,111.0,1.0,35.0
11.0,21.0,11.0,22.0,-121.0,21.0,13.0,-111.0,10.231998393260135,9.0,11.0,30000.0,10000.0,19000.0,0.0,27.480976545452076,16.5,19.0,0.0,10000.0,37098.08268252751,25000.0,0.0,28.82330405173865,17.0,20.0,0.0,122.0,10.197743676239595,9.0,11.0,1.0,15430.729681487213,10000.0,19000.0,1.0,16.5,17.67147301630987,19.0,1.0,22545.94010861248,10000.0,25000.0,1.0,19.017039572312058,17.0,20.0,1.0,0.0,211.0,1.0,9.0
91.0,24.0,91.0,24.0,-721.0,911.0,12.0,-711.0,15.04422004848671,12.0,17.0,30000.0,18000.0,36000.0,1.0,24.769362921148677,20.0,25.0,1.0,18000.0,34142.07555564636,36000.0,1.0,25.27354515993164,20.0,26.0,1.0,722.0,15.217834804302498,12.0,17.0,1.0,28180.06851155568,18000.0,36000.0,1.0,20.0,23.67188438512981,25.0,1.0,32231.203897634572,18000.0,36000.0,1.0,24.164997193219914,20.0,26.0,1.0,1.0,91121.0,7.0,23.0
91.0,24.0,91.0,24.0,-721.0,911.0,12.0,-711.0,15.233261706558856,12.0,17.0,30000.0,18000.0,36000.0,1.0,24.104185398482286,20.0,25.0,1.0,18000.0,33993.02272462911,36000.0,1.0,24.590169714860366,20.0,26.0,1.0,722.0,15.002415343977287,12.0,17.0,1.0,29306.628458131047,18000.0,36000.0,1.0,20.0,23.666513572397598,25.0,1.0,33367.515663620376,18000.0,36000.0,1.0,24.160757564618187,20.0,26.0,1.0,1.0,91121.0,7.0,1.0
11.0,21.0,11.0,22.0,-121.0,11.0,12.0,-111.0,9.99553096089487,9.0,11.0,30000.0,10000.0,19000.0,0.0,24.127674337048134,16.5,19.0,0.0,10000.0,36467.941049810455,25000.0,0.0,25.41802837850556,17.0,20.0,0.0,121.0,10.014010514819821,9.0,11.0,1.0,14902.446179101787,10000.0,19000.0,1.0,16.5,17.47799490773871,19.0,1.0,21378.63792898621,10000.0,25000.0,1.0,18.769994963608344,17.0,20.0,1.0,0.0,111.0,1.0,51.0
11.0,22.0,11.0,22.0,-121.0,11.0,11.0,-111.0,10.015462509876887,9.0,11.0,30000.0,10000.0,19000.0,0.0,25.768804667444407,16.5,19.0,0.0,10000.0,36514.39601116802,25000.0,0.0,27.069303973929376,17.0,20.0,0.0,121.0,9.999692298312226,9.0,11.0,1.0,12007.932492049295,10000.0,19000.0,1.0,16.5,16.919111269199668,19.0,1.0,18520.238174094433,10000.0,25000.0,1.0,18.219193273517256,17.0,20.0,1.0,0.0,111.0,1.0,57.0
11.0,21.0,11.0,22.0,-121.0,21.0,13.0,-111.0,10.001607176862521,9.0,11.0,30000.0,10000.0,19000.0,0.0,28.03686257103386,16.5,19.0,0.0,10000.0,36529.83417328563,25000.0,0.0,29.341826922384083,17.0,20.0,0.0,121.0,10.006710881825603,9.0,11.0,1.0,13048.703700979659,10000.0,19000.0,1.0,16.5,17.124180758231546,19.0,1.0,19511.06937121228,10000.0,25000.0,1.0,18.4156617669751,17.0,20.0,1.0,0.0,211.0,1.0,52.0
91.0,24.0,91.0,24.0,-721.0,911.0,12.0,-711.0,15.11333867358295,12.0,17.0,30000.0,18000.0,36000.0,1.0,24.224507244991138,20.0,25.0,1.0,18000.0,34023.249746898684,36000.0,1.0,24.71503449225858,20.0,26.0,1.0,722.0,15.404907029033412,12.0,17.0,1.0,24353.10481176714,18000.0,36000.0,1.0,20.0,23.413828422180842,25.0,1.0,28281.971716798762,18000.0,36000.0,1.0,23.892848216885586,20.0,26.0,1.0,1.0,91121.0,7.0,23.0
92.0,24.0,92.0,24.0,-721.0,921.0,13.0,-711.0,15.502127319518051,12.0,17.0,30000.0,15000.0,28000.0,0.0,24.009915472096104,19.5,25.0,1.0,15000.0,33986.472602060596,28000.0,0.0,24.49526124564731,20.0,26.0,1.0,722.0,15.29703470225969,12.0,17.0,1.0,21627.572148912717,15000.0,28000.0,1.0,19.5,21.984478231623633,25.0,1.0,25677.271108508718,15000.0,28000.0,1.0,22.47752169896834,20.0,26.0,1.0,0.0,92122.0,7.0,25.0
11.0,22.0,11.0,21.0,-121.0,11.0,12.0,-111.0,10.180314461688303,9.0,11.0,30000.0,10000.0,19000.0,0.0,24.089331767795386,16.5,19.0,0.0,10000.0,37104.60114934173,25000.0,0.0,25.432765572635173,17.0,20.0,0.0,122.0,10.194923920280178,9.0,11.0,1.0,14228.867226575261,10000.0,19000.0,1.0,16.5,17.340740688919603,19.0,1.0,21038.401433451883,10000.0,25000.0,1.0,18.62837925671993,17.0,20.0,1.0,0.0,111.0,1.0,46.0
11.0,22.0,11.0,21.0,-121.0,21.0,13.0,-111.0,9.992678856306568,9.0,11.0,30000.0,10000.0,19000.0,0.0,25.910666874527728,16.5,19.0,0.0,10000.0,36562.39735733628,25000.0,0.0,27.22579284072957,17.0,20.0,0.0,121.0,9.993307158468793,9.0,11.0,1.0,11043.576620871825,10000.0,19000.0,1.0,16.5,16.677319991402307,19.0,1.0,17462.35569090657,10000.0,25000.0,1.0,17.963664381517397,17.0,20.0,1.0,0.0,211.0,1.0,33.0
11.0,22.0,11.0,22.0,-121.0,11.0,12.0,-111.0,10.197348159577196,9.0,11.0,30000.0,10000.0,19000.0,0.0,24.113901729685658,16.5,19.0,0.0,10000.0,36971.10644007432,25000.0,0.0,25.435347712245356,17.0,20.0,0.0,122.0,10.2052524594831,9.0,11.0,1.0,16183.937688927015,10000.0,19000.0,1.0,16.5,17.8163640035793,19.0,1.0,22996.26281893561,10000.0,25000.0,1.0,19.10771133162904,17.0,20.0,1.0,0.0,111.0,1.0,14.0
11.0,22.0,11.0,21.0,-121.0,11.0,12.0,-111.0,10.009989615866813,9.0,11.0,30000.0,10000.0,19000.0,0.0,23.163143004647218,16.5,19.0,0.0,10000.0,36543.7253190945,25000.0,0.0,24.47236299700574,17.0,20.0,0.0,121.0,9.984209230790261,9.0,11.0,1.0,15249.72020457459,10000.0,19000.0,1.0,16.5,17.513235898142092,19.0,1.0,21798.442649306187,10000.0,25000.0,1.0,18.823455678307923,17.0,20.0,1.0,0.0,111.0,1.0,46.0
11.0,22.0,11.0,21.0,-121.0,11.0,12.0,-111.0,10.18126690392668,9.0,11.0,30000.0,10000.0,19000.0,0.0,24.5209576514601,16.5,19.0,0.0,10000.0,37020.61645127053,25000.0,0.0,25.846103787478572,17.0,20.0,0.0,122.0,10.200692859476305,9.0,11.0,1.0,15377.877194594534,10000.0,19000.0,1.0,16.5,17.589666807091124,19.0,1.0,22295.7350361311,10000.0,25000.0,1.0,18.895417185546602,17.0,20.0,1.0,0.0,111.0,1.0,46.0
81.0,23.0,81.0,21.0,-721.0,912.0,12.0,-711.0,15.315376622091193,12.0,17.0,30000.0,12500.0,23000.0,0.0,26.442243178303933,20.0,24.0,0.0,12500.0,34503.36192631393,26000.0,0.0,27.003969209942824,20.0,25.0,0.0,721.0,15.267852425293238,12.0,17.0,1.0,14848.820363491372,12500.0,23000.0,1.0,20.0,21.533432963557512,24.0,1.0,19347.779321982,12500.0,26000.0,1.0,22.09460979180496,20.0,25.0,1.0,0.0,912.0,7.0,11.0
91.0,24.0,91.0,21.0,-721.0,911.0,11.0,-711.0,15.132176537583245,12.0,17.0,30000.0,18000.0,36000.0,1.0,24.002810030558436,20.0,25.0,1.0,18000.0,34021.25735199508,36000.0,1.0,24.494349107524396,20.0,26.0,1.0,722.0,15.08339979298875,12.0,17.0,1.0,21799.65944899015,18000.0,36000.0,1.0,20.0,22.668907591410758,25.0,1.0,25813.77718820391,18000.0,36000.0,1.0,23.159573956593007,20.0,26.0,1.0,1.0,91121.0,7.0,21.0
11.0,22.0,11.0,21.0,-121.0,11.0,11.0,-111.0,9.999034289151677,9.0,11.0,30000.0,10000.0,19000.0,0.0,22.99761626280211,16.5,19.0,0.0,10000.0,36615.43336541188,25000.0,0.0,24.321950757194067,17.0,20.0,0.0,121.0,10.00403495018988,9.0,11.0,1.0,15572.204659350591,10000.0,19000.0,1.0,16.5,17.578610710386084,19.0,1.0,22064.791539461956,10000.0,25000.0,1.0,18.878352736074643,17.0,20.0,1.0,0.0,111.0,1.0,54.0
11.0,22.0,11.0,22.0,-121.0,21.0,13.0,-111.0,9.982219917619764,9.0,11.0,30000.0,10000.0,19000.0,0.0,25.24604108800073,16.5,19.0,0.0,10000.0,36456.31063284984,25000.0,0.0,26.526697536963663,17.0,20.0,0.0,121.0,9.990783742965537,9.0,11.0,1.0,13546.338134913936,10000.0,19000.0,1.0,16.5,17.209688514184304,19.0,1.0,20112.75439084336,10000.0,25000.0,1.0,18.512185219027508,17.0,20.0,1.0,0.0,211.0,1.0,22.0
11.0,21.0,11.0,21.0,-121.0,11.0,11.0,-111.0,10.011024133541824,9.0,11.0,30000.0,10000.0,19000.0,0.0,24.745233667536134,16.5,19.0,0.0,10000.0,36419.54085796582,25000.0,0.0,26.023998851206066,17.0,20.0,0.0,121.0,10.00877113166608,9.0,11.0,1.0,13696.359942358227,10000.0,19000.0,1.0,16.5,17.23504321719396,19.0,1.0,20139.894324971396,10000.0,25000.0,1.0,18.518587883482887,17.0,20.0,1.0,0.0,111.0,1.0,56.0
91.0,24.0,91.0,21.0,-721.0,911.0,12.0,-711.0,14.459604965656379,12.0,17.0,30000.0,18000.0,36000.0,1.0,24.97990099012383,20.0,25.0,1.0,18000.0,34453.92972354092,36000.0,1.0,25.53742540188279,20.0,26.0,1.0,721.0,15.696413470014779,12.0,17.0,1.0,25195.48984295713,18000.0,36000.0,1.0,20.0,23.793037922605613,25.0,1.0,29686.457613951963,18000.0,36000.0,1.0,24.355198603210557,20.0,26.0,1.0,1.0,91121.0,7.0,29.0
11.0,22.0,11.0,22.0,-121.0,11.0,12.0,-111.0,10.200078388480524,9.0,11.0,30000.0,10000.0,19000.0,0.0,23.28903522129778,16.5,19.0,0.0,10000.0,36864.93395406102,25000.0,0.0,24.58236858922133,17.0,20.0,0.0,122.0,10.19926428560489,9.0,11.0,1.0,17217.253449930315,10000.0,19000.0,1.0,16.5,18.00909222396757,19.0,1.0,24156.889534118764,10000.0,25000.0,1.0,19.316499253516316,17.0,20.0,1.0,0.0,111.0,1.0,42.0
81.0,23.0,81.0,23.0,-721.0,912.0,11.0,-711.0,14.98237922024742,12.0,17.0,30000.0,12500.0,23000.0,0.0,25.30405762273225,20.0,24.0,0.0,12500.0,33968.63859600683,26000.0,0.0,25.786795637647977,20.0,25.0,0.0,722.0,15.1533345126166,12.0,17.0,1.0,16105.06502596819,12500.0,23000.0,1.0,20.0,21.66236796193132,24.0,1.0,20092.555583788064,12500.0,26000.0,1.0,22.14739909535677,20.0,25.0,1.0,0.0,912.0,7.0,17.0
81.0,23.0,81.0,21.0,-721.0,912.0,12.0,-711.0,15.234150922164412,12.0,17.0,30000.0,12500.0,23000.0,0.0,26.374170054774687,20.0,24.0,0.0,12500.0,34040.347653582634,26000.0,0.0,26.8669584067239,20.0,25.0,0.0,722.0,15.190068994031558,12.0,17.0,1.0,15173.663513481304,12500.0,23000.0,1.0,20.0,21.51442528344388,24.0,1.0,19197.162337943977,12500.0,26000.0,1.0,22.00515863729734,20.0,25.0,1.0,0.0,912.0,7.0,11.0
11.0,21.0,11.0,21.0,-121.0,21.0,13.0,-111.0,9.988701022765582,9.0,11.0,30000.0,10000.0,19000.0,0.0,26.71645699585885,16.5,19.0,0.0,10000.0,36484.29645206395,25000.0,0.0,28.01764398208984,17.0,20.0,0.0,121.0,9.994152040957015,9.0,11.0,1.0,14128.994974759436,10000.0,19000.0,1.0,16.5,17.311554255199432,19.0,1.0,20688.73684028034,10000.0,25000.0,1.0,18.627880677279283,17.0,20.0,1.0,0.0,211.0,1.0,34.0
11.0,22.0,11.0,22.0,-121.0,21.0,13.0,-111.0,9.993472208277124,9.0,11.0,30000.0,10000.0,19000.0,0.0,25.00403241536206,16.5,19.0,0.0,10000.0,36511.401764740935,25000.0,0.0,26.304549642624178,17.0,20.0,0.0,121.0,9.98855816006078,9.0,11.0,1.0,15051.856307180102,10000.0,19000.0,1.0,16.5,17.538389314187405,19.0,1.0,21581.822571857065,10000.0,25000.0,1.0,18.84261441463177,17.0,20.0,1.0,0.0,211.0,1.0,28.0
11.0,22.0,11.0,22.0,-121.0,11.0,12.0,-111.0,9.988315391647905,9.0,11.0,30000.0,10000.0,19000.0,0.0,23.91948241587782,16.5,19.0,0.0,10000.0,36476.3162337013,25000.0,0.0,25.222217365306125,17.0,20.0,0.0,121.0,10.000612203676464,9.0,11.0,1.0,15295.855022850668,10000.0,19000.0,1.0,16.5,17.606432475216508,19.0,1.0,21771.670945528527,10000.0,25000.0,1.0,18.9090667852331,17.0,20.0,1.0,0.0,111.0,1.0,49.0
91.0,24.0,91.0,21.0,-721.0,911.0,11.0,-711.0,15.538511965570102,12.0,17.0,30000.0,18000.0,36000.0,1.0,24.445043846220166,20.0,25.0,1.0,18000.0,34011.282253178535,36000.0,1.0,24.935419399635705,20.0,26.0,1.0,722.0,15.175602895512291,12.0,17.0,1.0,26176.05166796162,18000.0,36000.0,1.0,20.0,23.347520393163176,25.0,1.0,30265.625222842125,18000.0,36000.0,1.0,23.847466985956288,20.0,26.0,1.0,1.0,91121.0,7.0,2.0
11.0,22.0,11.0,21.0,-121.0,21.0,13.0,-111.0,10.216639976125975,9.0,11.0,30000.0,10000.0,19000.0,0.0,25.712145207430055,16.5,19.0,0.0,10000.0,37134.13815298058,25000.0,0.0,27.060592690092253,17.0,20.0,0.0,122.0,10.198580480885068,9.0,11.0,1.0,11778.026208032494,10000.0,19000.0,1.0,16.5,16.89422674368094,19.0,1.0,18445.96521047425,10000.0,25000.0,1.0,18.154556354571803,17.0,20.0,1.0,0.0,211.0,1.0,33.0
11.0,22.0,11.0,22.0,-121.0,11.0,11.0,-111.0,10.201221130909872,9.0,11.0,30000.0,10000.0,19000.0,0.0,25.717230972891265,16.5,19.0,0.0,10000.0,36971.251398097,25000.0,0.0,27.028039384619298,17.0,20.0,0.0,122.0,10.22241911474682,9.0,11.0,1.0,10601.950570344854,10000.0,19000.0,1.0,16.5,16.760420575910132,19.0,1.0,17496.003715714716,10000.0,25000.0,1.0,18.056713355757054,17.0,20.0,1.0,0.0,111.0,1.0,17.0
11.0,22.0,11.0,21.0,-121.0,11.0,11.0,-111.0,9.996846034143445,9.0,11.0,30000.0,10000.0,19000.0,0.0,23.470060852628293,16.5,19.0,0.0,10000.0,36471.60404898225,25000.0,0.0,24.767263761895546,17.0,20.0,0.0,121.0,9.994382720678619,9.0,11.0,1.0,12945.471399341013,10000.0,19000.0,1.0,16.5,17.057302913995983,19.0,1.0,19454.317354816863,10000.0,25000.0,1.0,18.36197079007587,17.0,20.0,1.0,0.0,111.0,1.0,12.0
11.0,22.0,11.0,22.0,-121.0,21.0,13.0,-111.0,10.215499134242991,9.0,11.0,30000.0,10000.0,19000.0,0.0,24.5967661541591,16.5,19.0,0.0,10000.0,36677.70172463808,25000.0,0.0,25.851738174061335,17.0,20.0,0.0,122.0,10.199802705455898,9.0,11.0,1.0,16054.0119148033,10000.0,19000.0,1.0,16.5,17.730116995951686,19.0,1.0,23056.0855113739,10000.0,25000.0,1.0,19.04604975356053,17.0,20.0,1.0,0.0,211.0,1.0,8.0
11.0,22.0,11.0,22.0,-121.0,11.0,12.0,-111.0,10.18994290742149,9.0,11.0,30000.0,10000.0,19000.0,0.0,25.76030031537649,16.5,19.0,0.0,10000.0,37050.99897952854,25000.0,0.0,27.090668292087777,17.0,20.0,0.0,122.0,10.206255606242772,9.0,11.0,1.0,15910.567672567311,10000.0,19000.0,1.0,16.5,17.731742552798263,19.0,1.0,22922.965899712242,10000.0,25000.0,1.0,19.054827418989014,17.0,20.0,1.0,0.0,111.0,1.0,42.0
11.0,22.0,11.0,22.0,-121.0,11.0,12.0,-111.0,10.015012831223034,9.0,11.0,30000.0,10000.0,19000.0,0.0,23.601110094348172,16.5,19.0,0.0,10000.0,36475.29069364323,25000.0,0.0,24.90755216124805,17.0,20.0,0.0,121.0,9.988587246599291,9.0,11.0,1.0,15117.18763877412,10000.0,19000.0,1.0,16.5,17.56703787012252,19.0,1.0,21667.601276422894,10000.0,25000.0,1.0,18.88863659621834,17.0,20.0,1.0,0.0,111.0,1.0,40.0
11.0,22.0,11.0,22.0,-121.0,21.0,13.0,-111.0,10.201651724668952,9.0,11.0,30000.0,10000.0,19000.0,0.0,25.031082276586382,16.5,19.0,0.0,10000.0,36808.141387499025,25000.0,0.0,26.313483120638917,17.0,20.0,0.0,122.0,10.149893008594768,9.0,11.0,1.0,14434.149988014882,10000.0,19000.0,1.0,16.5,17.39635614657018,19.0,1.0,21412.16616129454,10000.0,25000.0,1.0,18.710755087646426,17.0,20.0,1.0,0.0,211.0,1.0,19.0
11.0,22.0,11.0,22.0,-121.0,21.0,12.0,-111.0,10.003661521368015,9.0,11.0,30000.0,10000.0,19000.0,0.0,24.52137790027873,16.5,19.0,0.0,10000.0,36479.57613358586,25000.0,0.0,25.814796237752958,17.0,20.0,0.0,121.0,9.999397016235388,9.0,11.0,1.0,17218.458129071973,10000.0,19000.0,1.0,16.5,17.99687741381939,19.0,1.0,23718.53095422247,10000.0,25000.0,1.0,19.29438719125523,17.0,20.0,1.0,0.0,211.0,1.0,23.0
11.0,22.0,11.0,21.0,-121.0,11.0,11.0,-111.0,10.182510368906016,9.0,11.0,30000.0,10000.0,19000.0,0.0,25.282832152018386,16.5,19.0,0.0,10000.0,36914.125467804224,25000.0,0.0,26.58979608476504,17.0,20.0,0.0,122.0,10.194766522242931,9.0,11.0,1.0,12750.03120099486,10000.0,19000.0,1.0,16.5,17.07381648575838,19.0,1.0,19831.06073517991,10000.0,25000.0,1.0,18.41232997542358,17.0,20.0,1.0,0.0,111.0,1.0,39.0
91.0,24.0,91.0,24.0,-721.0,911.0,11.0,-711.0,14.50895670060976,12.0,17.0,30000.0,18000.0,36000.0,1.0,25.286807404460134,20.0,25.0,0.0,18000.0,34596.34012829769,36000.0,1.0,25.860277042126988,20.0,26.0,1.0,721.0,14.8455113894564,12.0,17.0,1.0,29197.764789560337,18000.0,36000.0,1.0,20.0,23.4347198108685,25.0,1.0,33663.23927091624,18000.0,36000.0,1.0,23.991861789345663,20.0,26.0,1.0,0.0,91121.0,7.0,28.0
11.0,21.0,11.0,22.0,-121.0,11.0,11.0,-111.0,10.204405833011577,9.0,11.0,30000.0,10000.0,19000.0,0.0,23.53603354849485,16.5,19.0,0.0,10000.0,37113.55273800918,25000.0,0.0,24.87070875889774,17.0,20.0,0.0,122.0,10.217785837076413,9.0,11.0,1.0,13707.566870932718,10000.0,19000.0,1.0,16.5,17.28940490987744,19.0,1.0,20729.75209168951,10000.0,25000.0,1.0,18.606937355644423,17.0,20.0,1.0,0.0,111.0,1.0,35.0
11.0,22.0,11.0,22.0,-121.0,11.0,11.0,-111.0,10.20934327934521,9.0,11.0,30000.0,10000.0,19000.0,0.0,23.557838338119105,16.5,19.0,0.0,10000.0,37132.379545608805,25000.0,0.0,24.90654559194879,17.0,20.0,0.0,122.0,10.190816245328024,9.0,11.0,1.0,18200.180866945022,10000.0,19000.0,1.0,16.5,18.15530050216936,19.0,1.0,25216.562698797254,10000.0,25000.0,0.0,19.482073006597293,17.0,20.0,1.0,0.0,111.0,1.0,44.0
91.0,24.0,91.0,24.0,-721.0,911.0,12.0,-711.0,15.412576118211888,12.0,17.0,30000.0,18000.0,36000.0,1.0,25.021443091893794,20.0,25.0,0.0,18000.0,34518.46112473961,36000.0,1.0,25.586189469534723,20.0,26.0,1.0,721.0,14.575556035272225,12.0,17.0,1.0,29004.537037359438,18000.0,36000.0,1.0,20.0,23.12204938529989,25.0,1.0,33484.7249349457,18000.0,36000.0,1.0,23.682012128469086,20.0,26.0,1.0,0.0,91121.0,7.0,27.0
11.0,22.0,11.0,22.0,-121.0,11.0,12.0,-111.0,9.989255682833518,9.0,11.0,30000.0,10000.0,19000.0,0.0,24.86204585626684,16.5,19.0,0.0,10000.0,36531.880342644676,25000.0,0.0,26.168027403872337,17.0,20.0,0.0,121.0,9.998648817678161,9.0,11.0,1.0,13745.846806056772,10000.0,19000.0,1.0,16.5,17.246085969311856,19.0,1.0,20238.99839095238,10000.0,25000.0,1.0,18.544324104556946,17.0,20.0,1.0,0.0,111.0,1.0,42.0
11.0,22.0,11.0,22.0,-121.0,11.0,12.0,-111.0,10.202056086026731,9.0,11.0,30000.0,10000.0,19000.0,0.0,24.733998469688657,16.5,19.0,0.0,10000.0,36885.94479427623,25000.0,0.0,26.035392303955344,17.0,20.0,0.0,122.0,10.205389707669857,9.0,11.0,1.0,17442.18515109854,10000.0,19000.0,1.0,16.5,18.040058326159674,19.0,1.0,24519.694533390328,10000.0,25000.0,1.0,19.377656484038496,17.0,20.0,1.0,0.0,111.0,1.0,40.0
11.0,22.0,11.0,22.0,-121.0,11.0,11.0,-111.0,10.161806623284374,9.0,11.0,30000.0,10000.0,19000.0,0.0,23.775393742463073,16.5,19.0,0.0,10000.0,37109.21251984008,25000.0,0.0,25.11810400789346,17.0,20.0,0.0,122.0,10.194936946947465,9.0,11.0,1.0,14026.834961574152,10000.0,19000.0,1.0,16.5,17.37471088397402,19.0,1.0,21021.0731308014,10000.0,25000.0,1.0,18.69570605221211,17.0,20.0,1.0,0.0,111.0,1.0,11.0
91.0,24.0,91.0,21.0,-721.0,911.0,11.0,-711.0,15.237059809830772,12.0,17.0,30000.0,18000.0,36000.0,1.0,24.771052400443846,20.0,25.0,1.0,18000.0,34143.51412559459,36000.0,1.0,25.274987333928287,20.0,26.0,1.0,722.0,15.1823009701349,12.0,17.0,1.0,22873.989474509533,18000.0,36000.0,1.0,20.0,22.874628793368082,25.0,1.0,26887.51306315577,18000.0,36000.0,1.0,23.36275425436007,20.0,26.0,1.0,1.0,91121.0,7.0,2.0
81.0,23.0,81.0,23.0,-721.0,912.0,12.0,-711.0,15.434016826223308,12.0,17.0,30000.0,12500.0,23000.0,0.0,27.331981192480384,20.0,24.0,0.0,12500.0,34470.791104340795,26000.0,0.0,27.891136815482934,20.0,25.0,0.0,721.0,16.321105094066155,12.0,17.0,1.0,16983.62909079054,12500.0,23000.0,1.0,20.0,23.09846716123174,24.0,1.0,21474.30948535281,12500.0,26000.0,1.0,23.660110310089404,20.0,25.0,1.0,0.0,912.0,7.0,5.0
11.0,22.0,11.0,21.0,-121.0,21.0,13.0,-111.0,9.989365912843981,9.0,11.0,30000.0,10000.0,19000.0,0.0,25.025191017743833,16.5,19.0,0.0,10000.0,36549.85291320243,25000.0,0.0,26.33930784466982,17.0,20.0,0.0,121.0,10.004506641985063,9.0,11.0,1.0,13537.877550123063,10000.0,19000.0,1.0,16.5,17.20759321183162,19.0,1.0,19993.88916868585,10000.0,25000.0,1.0,18.502882375605374,17.0,20.0,1.0,0.0,211.0,1.0,2.0
11.0,21.0,11.0,22.0,-121.0,21.0,13.0,-111.0,10.210652613521193,9.0,11.0,30000.0,10000.0,19000.0,0.0,28.147849443028782,16.5,19.0,0.0,10000.0,37122.72462191956,25000.0,0.0,29.484430140729696,17.0,20.0,0.0,122.0,10.207538473524549,9.0,11.0,1.0,13411.457094887,10000.0,19000.0,1.0,16.5,17.26033269639255,19.0,1.0,20318.451228446833,10000.0,25000.0,1.0,18.556431524871694,17.0,20.0,1.0,0.0,211.0,1.0,59.0
11.0,22.0,11.0,21.0,-121.0,11.0,12.0,-111.0,9.995793903233267,9.0,11.0,30000.0,10000.0,19000.0,0.0,24.991904008192964,16.5,19.0,0.0,10000.0,36453.626612594526,25000.0,0.0,26.279224809957668,17.0,20.0,0.0,121.0,10.00660537929205,9.0,11.0,1.0,14969.29359724614,10000.0,19000.0,1.0,16.5,17.46260591278596,19.0,1.0,21536.56067334604,10000.0,25000.0,1.0,18.7725948578094,17.0,20.0,1.0,0.0,111.0,1.0,46.0
11.0,21.0,11.0,22.0,-121.0,21.0,13.0,-111.0,10.2135404650216,9.0,11.0,30000.0,10000.0,19000.0,0.0,26.07033241465797,16.5,19.0,0.0,10000.0,36997.685385471166,25000.0,0.0,27.39067800125578,17.0,20.0,0.0,122.0,10.191913518497602,9.0,11.0,1.0,14858.452388428563,10000.0,19000.0,1.0,16.5,17.539249212755177,19.0,1.0,21640.752548489196,10000.0,25000.0,1.0,18.818955228391477,17.0,20.0,1.0,0.0,211.0,1.0,59.0
91.0,21.0,91.0,24.0,-721.0,911.0,12.0,-711.0,14.994504540102483,12.0,17.0,30000.0,18000.0,36000.0,1.0,25.402692959785746,20.0,25.0,0.0,18000.0,34459.2097621747,36000.0,1.0,25.961059941030953,20.0,26.0,1.0,721.0,15.398828919548338,12.0,17.0,1.0,30388.91096898002,18000.0,36000.0,1.0,20.0,24.28973600841164,25.0,1.0,34907.1868604642,18000.0,36000.0,1.0,24.855499048168408,20.0,26.0,1.0,0.0,91121.0,7.0,26.0
11.0,22.0,11.0,21.0,-121.0,11.0,11.0,-111.0,10.196389067075891,9.0,11.0,30000.0,10000.0,19000.0,0.0,24.24843857089123,16.5,19.0,0.0,10000.0,37022.946672326245,25000.0,0.0,25.574579959801802,17.0,20.0,0.0,122.0,10.199636230219117,9.0,11.0,1.0,12635.21203514833,10000.0,19000.0,1.0,16.5,17.056723373512355,19.0,1.0,19700.39455347123,10000.0,25000.0,1.0,18.390840147412327,17.0,20.0,1.0,0.0,111.0,1.0,26.0
11.0,22.0,11.0,22.0,-121.0,21.0,13.0,-111.0,9.976011993846258,9.0,11.0,30000.0,10000.0,19000.0,0.0,26.50953753648747,16.5,19.0,0.0,10000.0,36568.08760866483,25000.0,0.0,27.829347455760644,17.0,20.0,0.0,121.0,9.985981792797174,9.0,11.0,1.0,16262.149681105431,10000.0,19000.0,1.0,16.5,17.776447951031408,19.0,1.0,22837.29458546044,10000.0,25000.0,1.0,19.097675983065873,17.0,20.0,1.0,0.0,211.0,1.0,47.0
11.0,22.0,11.0,21.0,-121.0,11.0,11.0,-111.0,10.18478181080589,9.0,11.0,30000.0,10000.0,19000.0,0.0,24.07558993108281,16.5,19.0,0.0,10000.0,36924.62210206293,25000.0,0.0,25.386432044567517,17.0,20.0,0.0,122.0,10.217385969426426,9.0,11.0,1.0,13734.55549273725,10000.0,19000.0,1.0,16.5,17.306564802040803,19.0,1.0,20711.986700574933,10000.0,25000.0,1.0,18.627403764278366,17.0,20.0,1.0,0.0,111.0,1.0,39.0
11.0,22.0,11.0,21.0,-121.0,11.0,12.0,-111.0,10.183535496863485,9.0,11.0,30000.0,10000.0,19000.0,0.0,24.049655205120064,16.5,19.0,0.0,10000.0,36999.18868841445,25000.0,0.0,25.370684430511318,17.0,20.0,0.0,122.0,10.21159121466795,9.0,11.0,1.0,12821.467660567727,10000.0,19000.0,1.0,16.5,17.148192204297033,19.0,1.0,19881.362955456094,10000.0,25000.0,1.0,18.480679214996908,17.0,20.0,1.0,0.0,111.0,1.0,10.0
11.0,22.0,11.0,22.0,-121.0,11.0,12.0,-111.0,9.994576532682656,9.0,11.0,30000.0,10000.0,19000.0,0.0,24.58427972540651,16.5,19.0,0.0,10000.0,36481.72334074248,25000.0,0.0,25.87721796821811,17.0,20.0,0.0,121.0,10.017440484253882,9.0,11.0,1.0,14564.163667024992,10000.0,19000.0,1.0,16.5,17.454685669244082,19.0,1.0,21022.07364415846,10000.0,25000.0,1.0,18.74287375428413,17.0,20.0,1.0,0.0,111.0,1.0,14.0
11.0,21.0,11.0,22.0,-121.0,11.0,11.0,-111.0,10.188624937200467,9.0,11.0,30000.0,10000.0,19000.0,0.0,24.86394990281322,16.5,19.0,0.0,10000.0,37010.50860218009,25000.0,0.0,26.181617987083303,17.0,20.0,0.0,122.0,10.19839493825659,9.0,11.0,1.0,15240.62637082834,10000.0,19000.0,1.0,16.5,17.643873074395646,19.0,1.0,22277.96909427154,10000.0,25000.0,1.0,18.966584796319466,17.0,20.0,1.0,0.0,111.0,1.0,29.0
81.0,23.0,81.0,21.0,-721.0,912.0,11.0,-711.0,14.909546372866714,12.0,17.0,30000.0,12500.0,23000.0,0.0,25.851446293904225,20.0,24.0,0.0,12500.0,33926.52700705045,26000.0,0.0,26.330896522439005,20.0,25.0,0.0,722.0,15.301125335827303,12.0,17.0,1.0,16366.882491315724,12500.0,23000.0,1.0,20.0,21.751773963092443,24.0,1.0,20333.98139201283,12500.0,26000.0,1.0,22.236178239732855,20.0,25.0,1.0,0.0,912.0,7.0,12.0
11.0,21.0,11.0,21.0,-121.0,21.0,12.0,-111.0,9.98735056217075,9.0,11.0,30000.0,10000.0,19000.0,0.0,24.979929303082457,16.5,19.0,0.0,10000.0,36578.84037224436,25000.0,0.0,26.29253223043922,17.0,20.0,0.0,121.0,9.994324164163377,9.0,11.0,1.0,13076.446355006645,10000.0,19000.0,1.0,16.5,17.080556949968155,19.0,1.0,19515.621164300486,10000.0,25000.0,1.0,18.365293959259297,17.0,20.0,1.0,0.0,211.0,1.0,6.0
11.0,22.0,11.0,21.0,-121.0,21.0,13.0,-111.0,10.184062583327906,9.0,11.0,30000.0,10000.0,19000.0,0.0,26.280241425678398,16.5,19.0,0.0,10000.0,36891.02170540034,25000.0,0.0,27.576766093512976,17.0,20.0,0.0,122.0,10.188315929569443,9.0,11.0,1.0,13294.101617834147,10000.0,19000.0,1.0,16.5,17.16300447142646,19.0,1.0,20301.41716307044,10000.0,25000.0,1.0,18.481409469712816,17.0,20.0,1.0,0.0,211.0,1.0,2.0
11.0,21.0,11.0,21.0,-121.0,21.0,12.0,-111.0,9.998991929037588,9.0,11.0,30000.0,10000.0,19000.0,0.0,24.949331291971806,16.5,19.0,0.0,10000.0,36417.766266865176,25000.0,0.0,26.231361864784407,17.0,20.0,0.0,121.0,10.005733742298743,9.0,11.0,1.0,14898.673807507052,10000.0,19000.0,1.0,16.5,17.447248989984395,19.0,1.0,21383.21814548,10000.0,25000.0,1.0,18.7426193332395,17.0,20.0,1.0,0.0,211.0,1.0,6.0
11.0,22.0,11.0,22.0,-121.0,21.0,13.0,-111.0,10.00908274827171,9.0,11.0,30000.0,10000.0,19000.0,0.0,26.78940928090855,16.5,19.0,0.0,10000.0,36612.17459186662,25000.0,0.0,28.116334687072317,17.0,20.0,0.0,121.0,10.002656290231846,9.0,11.0,1.0,14869.469925079971,10000.0,19000.0,1.0,16.5,17.546245623272544,19.0,1.0,21386.722007479937,10000.0,25000.0,1.0,18.854122063369527,17.0,20.0,1.0,0.0,211.0,1.0,21.0
91.0,24.0,91.0,24.0,-721.0,911.0,12.0,-711.0,15.267980500132891,12.0,17.0,30000.0,18000.0,36000.0,1.0,25.262007370170345,20.0,25.0,0.0,18000.0,34511.62785559091,36000.0,1.0,25.82296129158434,20.0,26.0,1.0,721.0,14.92538143678985,12.0,17.0,1.0,28395.245986476195,18000.0,36000.0,1.0,20.0,23.495971950008588,25.0,1.0,32935.848895295545,18000.0,36000.0,1.0,24.060528488981458,20.0,26.0,1.0,0.0,91121.0,7.0,23.0
11.0,22.0,11.0,22.0,-121.0,21.0,13.0,-111.0,9.990965757031516,9.0,11.0,30000.0,10000.0,19000.0,0.0,24.480869165331725,16.5,19.0,0.0,10000.0,36511.95785099464,25000.0,0.0,25.783910322128552,17.0,20.0,0.0,121.0,10.005913812613366,9.0,11.0,1.0,12128.474839636561,10000.0,19000.0,1.0,16.5,16.96810387981084,19.0,1.0,18588.17689580976,10000.0,25000.0,1.0,18.260688664976964,17.0,20.0,1.0,0.0,211.0,1.0,5.0
11.0,22.0,11.0,22.0,-121.0,11.0,11.0,-111.0,10.003066077189485,9.0,11.0,30000.0,10000.0,19000.0,0.0,25.91984077403093,16.5,19.0,0.0,10000.0,36505.977366640356,25000.0,0.0,27.219384448592617,17.0,20.0,0.0,121.0,10.005067511560496,9.0,11.0,1.0,13528.159535706347,10000.0,19000.0,1.0,16.5,17.23388210653721,19.0,1.0,20053.388095243332,10000.0,25000.0,1.0,18.53727113200418,17.0,20.0,1.0,0.0,111.0,1.0,57.0
11.0,21.0,11.0,21.0,-121.0,21.0,12.0,-111.0,10.024327277906924,9.0,11.0,30000.0,10000.0,19000.0,0.0,25.63715141913387,16.5,19.0,0.0,10000.0,36463.98507429992,25000.0,0.0,26.935368323846397,17.0,20.0,0.0,121.0,9.979311938854408,9.0,11.0,1.0,15552.130305978058,10000.0,19000.0,1.0,16.5,17.587928904085057,19.0,1.0,22011.23340188679,10000.0,25000.0,1.0,18.88516531970254,17.0,20.0,1.0,0.0,211.0,1.0,6.0
11.0,21.0,11.0,22.0,-121.0,21.0,13.0,-111.0,10.199306171215362,9.0,11.0,30000.0,10000.0,19000.0,0.0,26.12904267421063,16.5,19.0,0.0,10000.0,36995.4696282576,25000.0,0.0,27.456080431851905,17.0,20.0,0.0,122.0,10.23081272267884,9.0,11.0,1.0,15170.938800340022,10000.0,19000.0,1.0,16.5,17.624511014645392,19.0,1.0,22258.773378243546,10000.0,25000.0,1.0,18.96907036585741,17.0,20.0,1.0,0.0,211.0,1.0,59.0
11.0,22.0,11.0,22.0,-121.0,21.0,13.0,-111.0,9.99916159707329,9.0,11.0,30000.0,10000.0,19000.0,0.0,25.744720727190057,16.5,19.0,0.0,10000.0,36421.23132043218,25000.0,0.0,27.029137317564068,17.0,20.0,0.0,121.0,9.99442049172837,9.0,11.0,1.0,15756.77049767112,10000.0,19000.0,1.0,16.5,17.63743902455499,19.0,1.0,22159.941230744444,10000.0,25000.0,1.0,18.918243018391355,17.0,20.0,1.0,0.0,211.0,1.0,21.0
11.0,22.0,11.0,22.0,-121.0,11.0,11.0,-111.0,10.166329815496399,9.0,11.0,30000.0,10000.0,19000.0,0.0,23.457668718938862,16.5,19.0,0.0,10000.0,36881.78740727859,25000.0,0.0,24.757420804970792,17.0,20.0,0.0,122.0,10.217672469770266,9.0,11.0,1.0,18631.23748810738,10000.0,19000.0,1.0,16.5,18.240999403703004,19.0,1.0,25657.17467047969,10000.0,25000.0,0.0,19.567976825216952,17.0,20.0,1.0,0.0,111.0,1.0,55.0
11.0,22.0,11.0,22.0,-121.0,11.0,11.0,-111.0,9.993540200660536,9.0,11.0,30000.0,10000.0,19000.0,0.0,23.884678455353622,16.5,19.0,0.0,10000.0,36539.61378698619,25000.0,0.0,25.191979547878418,17.0,20.0,0.0,121.0,10.021963853445678,9.0,11.0,1.0,14919.225291388948,10000.0,19000.0,1.0,16.5,17.52671214886156,19.0,1.0,21474.9377413663,10000.0,25000.0,1.0,18.837231443623068,17.0,20.0,1.0,0.0,111.0,1.0,30.0
11.0,21.0,11.0,22.0,-121.0,11.0,12.0,-111.0,10.197147077162736,9.0,11.0,30000.0,10000.0,19000.0,0.0,24.548690663543724,16.5,19.0,0.0,10000.0,37045.21386726123,25000.0,0.0,25.87856076847075,17.0,20.0,0.0,122.0,10.204090581038935,9.0,11.0,1.0,16664.746339826776,10000.0,19000.0,1.0,16.5,17.901622576557635,19.0,1.0,23698.37946818155,10000.0,25000.0,1.0,19.229306675672085,17.0,20.0,1.0,0.0,111.0,1.0,7.0
92.0,24.0,92.0,24.0,-721.0,921.0,13.0,-711.0,15.200056509837756,12.0,17.0,30000.0,15000.0,28000.0,0.0,23.62807549407715,19.5,25.0,1.0,15000.0,33940.0691127171,28000.0,0.0,24.106358651035208,20.0,26.0,1.0,722.0,15.343620071052888,12.0,17.0,1.0,22424.658373596743,15000.0,28000.0,1.0,19.5,22.14615874935336,25.0,1.0,26467.678015597216,15000.0,28000.0,1.0,22.636939023175998,20.0,26.0,1.0,0.0,92122.0,7.0,20.0
91.0,24.0,91.0,21.0,-721.0,911.0,11.0,-711.0,15.268405422835782,12.0,17.0,30000.0,18000.0,36000.0,1.0,24.688540327069486,20.0,25.0,1.0,18000.0,34463.46688543824,36000.0,1.0,25.24712373896747,20.0,26.0,1.0,721.0,14.316526626070448,12.0,17.0,1.0,21964.098153687173,18000.0,36000.0,1.0,20.0,21.969380213387566,25.0,1.0,26486.39766173088,18000.0,36000.0,1.0,22.53532627138764,20.0,26.0,1.0,1.0,91121.0,7.0,15.0
11.0,21.0,11.0,22.0,-121.0,21.0,13.0,-111.0,10.008293798383496,9.0,11.0,30000.0,10000.0,19000.0,0.0,27.397637226303544,16.5,19.0,0.0,10000.0,36521.01935653843,25000.0,0.0,28.69680466252271,17.0,20.0,0.0,121.0,10.00825601416209,9.0,11.0,1.0,14306.67176510413,10000.0,19000.0,1.0,16.5,17.371099195038205,19.0,1.0,20810.171697551887,10000.0,25000.0,1.0,18.666776277367056,17.0,20.0,1.0,0.0,211.0,1.0,24.0
81.0,23.0,81.0,21.0,-721.0,912.0,12.0,-711.0,14.752597210120205,12.0,17.0,30000.0,12500.0,23000.0,0.0,26.942352607395996,20.0,24.0,0.0,12500.0,34556.76999117114,26000.0,0.0,27.511227337755003,20.0,25.0,0.0,721.0,14.221955201837574,12.0,17.0,1.0,16323.486968838228,12500.0,23000.0,1.0,20.0,20.796088492966597,24.0,1.0,20770.891512503455,12500.0,26000.0,1.0,21.35130985930217,20.0,25.0,1.0,0.0,912.0,7.0,11.0
11.0,21.0,11.0,22.0,-121.0,11.0,11.0,-111.0,10.005323705230747,9.0,11.0,30000.0,10000.0,19000.0,0.0,25.688681462887278,16.5,19.0,0.0,10000.0,36401.963638423236,25000.0,0.0,26.972097459097004,17.0,20.0,0.0,121.0,9.98282733440903,9.0,11.0,1.0,12161.813254260791,10000.0,19000.0,1.0,16.5,16.950047594101076,19.0,1.0,18687.843568102515,10000.0,25000.0,1.0,18.25833551474239,17.0,20.0,1.0,0.0,111.0,1.0,35.0
91.0,24.0,91.0,24.0,-721.0,911.0,12.0,-711.0,15.158006900566493,12.0,17.0,30000.0,18000.0,36000.0,1.0,24.676168435376297,20.0,25.0,1.0,18000.0,34050.92131113359,36000.0,1.0,25.171424201867726,20.0,26.0,1.0,722.0,15.219878090659398,12.0,17.0,1.0,28824.54051660382,18000.0,36000.0,1.0,20.0,23.756610886405895,25.0,1.0,32898.64078895225,18000.0,36000.0,1.0,24.2547004562031,20.0,26.0,1.0,1.0,91121.0,7.0,8.0
91.0,24.0,91.0,21.0,-721.0,911.0,12.0,-711.0,15.210945521981644,12.0,17.0,30000.0,18000.0,36000.0,1.0,24.560282127497292,20.0,25.0,1.0,18000.0,33949.17902229053,36000.0,1.0,25.041986648468463,20.0,26.0,1.0,722.0,15.287375841978847,12.0,17.0,1.0,27218.038283101545,18000.0,36000.0,1.0,20.0,23.560872535660156,25.0,1.0,31191.988623372712,18000.0,36000.0,1.0,24.045598559529612,20.0,26.0,1.0,1.0,91121.0,7.0,29.0
11.0,22.0,11.0,22.0,-121.0,21.0,13.0,-111.0,10.002721931376279,9.0,11.0,30000.0,10000.0,19000.0,0.0,26.3282179763727,16.5,19.0,0.0,10000.0,36577.04883728378,25000.0,0.0,27.64886657531101,17.0,20.0,0.0,121.0,9.995870644168235,9.0,11.0,1.0,15367.778087838777,10000.0,19000.0,1.0,16.5,17.635705512990715,19.0,1.0,22034.54302102186,10000.0,25000.0,1.0,18.974368792872244,17.0,20.0,1.0,0.0,211.0,1.0,4.0
11.0,22.0,11.0,22.0,-121.0,21.0,12.0,-111.0,10.171214225906365,9.0,11.0,30000.0,10000.0,19000.0,0.0,23.637848171102416,16.5,19.0,0.0,10000.0,37051.018826191525,25000.0,0.0,24.970404314418396,17.0,20.0,0.0,122.0,10.203387972230647,9.0,11.0,1.0,14482.307055796433,10000.0,19000.0,1.0,16.5,17.465598463169627,19.0,1.0,21258.394537308526,10000.0,25000.0,1.0,18.746195951804125,17.0,20.0,1.0,0.0,211.0,1.0,25.0
81.0,23.0,81.0,23.0,-721.0,912.0,12.0,-711.0,14.20627366706414,12.0,17.0,30000.0,12500.0,23000.0,0.0,26.29856723942337,20.0,24.0,0.0,12500.0,34515.65942127102,26000.0,0.0,26.862510894956646,20.0,25.0,0.0,721.0,15.062964928452562,12.0,17.0,1.0,19343.18565806947,12500.0,23000.0,1.0,20.0,22.168214799162676,24.0,1.0,23834.99086198099,12500.0,26000.0,1.0,22.72917939155531,20.0,25.0,1.0,0.0,912.0,7.0,31.0
91.0,24.0,91.0,21.0,-721.0,911.0,12.0,-711.0,15.481816968238421,12.0,17.0,30000.0,18000.0,36000.0,1.0,24.20221435824356,20.0,25.0,1.0,18000.0,34132.994770169396,36000.0,1.0,24.706932022278732,20.0,26.0,1.0,722.0,15.103983687818237,12.0,17.0,1.0,26708.383092800846,18000.0,36000.0,1.0,20.0,23.30792172497648,25.0,1.0,30771.107617637957,18000.0,36000.0,1.0,23.804058048833998,20.0,26.0,1.0,1.0,91121.0,7.0,14.0
11.0,22.0,11.0,22.0,-121.0,11.0,11.0,-111.0,9.994069057113347,9.0,11.0,30000.0,10000.0,19000.0,0.0,24.232595052085635,16.5,19.0,0.0,10000.0,36415.41078871108,25000.0,0.0,25.513090378936408,17.0,20.0,0.0,121.0,9.995791409299533,9.0,11.0,1.0,17693.963608480033,10000.0,19000.0,1.0,16.5,18.05160080519665,19.0,1.0,24152.13763822699,10000.0,25000.0,1.0,19.340631537200867,17.0,20.0,1.0,0.0,111.0,1.0,55.0
91.0,24.0,91.0,24.0,-721.0,911.0,11.0,-711.0,15.563292044874093,12.0,17.0,30000.0,18000.0,36000.0,1.0,24.847217298804317,20.0,25.0,1.0,18000.0,33891.49909404328,36000.0,1.0,25.32253968078108,20.0,26.0,1.0,722.0,15.218847486678817,12.0,17.0,1.0,23603.01070645082,18000.0,36000.0,1.0,20.0,23.104306989120573,25.0,1.0,27654.69498447606,18000.0,36000.0,1.0,23.599194993847764,20.0,26.0,1.0,1.0,91121.0,7.0,16.0
11.0,22.0,11.0,21.0,-121.0,11.0,11.0,-111.0,10.212132007709917,9.0,11.0,30000.0,10000.0,19000.0,0.0,23.188786868271414,16.5,19.0,0.0,10000.0,36896.736287995824,25000.0,0.0,24.49150084348925,17.0,20.0,0.0,122.0,10.23515864478765,9.0,11.0,1.0,11739.558938096026,10000.0,19000.0,1.0,16.5,16.95081405211749,19.0,1.0,18659.463842365138,10000.0,25000.0,1.0,18.257904311848076,17.0,20.0,1.0,0.0,111.0,1.0,54.0
11.0,22.0,11.0,21.0,-121.0,21.0,13.0,-111.0,10.21642052093419,9.0,11.0,30000.0,10000.0,19000.0,0.0,25.334859388901187,16.5,19.0,0.0,10000.0,36993.039431464495,25000.0,0.0,26.651237582033215,17.0,20.0,0.0,122.0,10.178619696059767,9.0,11.0,1.0,13700.337590118343,10000.0,19000.0,1.0,16.5,17.24191888781352,19.0,1.0,20750.51922286438,10000.0,25000.0,1.0,18.569053597966764,17.0,20.0,1.0,0.0,211.0,1.0,2.0
11.0,21.0,11.0,21.0,-121.0,11.0,11.0,-111.0,10.002916722779917,9.0,11.0,30000.0,10000.0,19000.0,0.0,23.94208116648307,16.5,19.0,0.0,10000.0,36497.56239546202,25000.0,0.0,25.2404716730176,17.0,20.0,0.0,121.0,9.99820238715678,9.0,11.0,1.0,11940.245596303343,10000.0,19000.0,1.0,16.5,16.84872193857534,19.0,1.0,18537.693990938085,10000.0,25000.0,1.0,18.16707239703771,17.0,20.0,1.0,0.0,111.0,1.0,56.0
91.0,24.0,91.0,24.0,-721.0,911.0,12.0,-711.0,15.057857953993215,12.0,17.0,30000.0,18000.0,36000.0,1.0,25.46472916753765,20.0,25.0,0.0,18000.0,34045.09668168182,36000.0,1.0,25.957422364888888,20.0,26.0,1.0,722.0,15.429449164488162,12.0,17.0,1.0,31013.945711039127,18000.0,36000.0,1.0,20.0,24.243848094886243,25.0,1.0,34983.91659561278,18000.0,36000.0,1.0,24.727390962321163,20.0,26.0,1.0,0.0,91121.0,7.0,1.0
11.0,21.0,11.0,22.0,-121.0,11.0,12.0,-111.0,10.186932723692925,9.0,11.0,30000.0,10000.0,19000.0,0.0,25.2963630219566,16.5,19.0,0.0,10000.0,37046.616351712706,25000.0,0.0,26.62736757413711,17.0,20.0,0.0,122.0,10.181236517327617,9.0,11.0,1.0,14824.427244468252,10000.0,19000.0,1.0,16.5,17.526180050602314,19.0,1.0,21779.10839152222,10000.0,25000.0,1.0,18.839819363950618,17.0,20.0,1.0,0.0,111.0,1.0,7.0
91.0,21.0,91.0,24.0,-721.0,911.0,12.0,-711.0,15.109432310628105,12.0,17.0,30000.0,18000.0,36000.0,1.0,24.39801087242463,20.0,25.0,1.0,18000.0,34005.84426230769,36000.0,1.0,24.886842448002014,20.0,26.0,1.0,722.0,15.104995778063332,12.0,17.0,1.0,29896.284733090542,18000.0,36000.0,1.0,20.0,23.823455307015116,25.0,1.0,33874.44198159628,18000.0,36000.0,1.0,24.308908247355184,20.0,26.0,1.0,1.0,91121.0,7.0,26.0
91.0,24.0,91.0,24.0,-721.0,911.0,11.0,-711.0,15.111475516195028,12.0,17.0,30000.0,18000.0,36000.0,1.0,25.761608102793296,20.0,25.0,0.0,18000.0,33992.24970134122,36000.0,1.0,26.24878135482418,20.0,26.0,0.0,722.0,15.25221687830832,12.0,17.0,1.0,23900.21609333368,18000.0,36000.0,1.0,20.0,23.169112219978626,25.0,1.0,27935.470041152315,18000.0,36000.0,1.0,23.66153326966117,20.0,26.0,1.0,0.0,91121.0,7.0,28.0
92.0,24.0,92.0,24.0,-721.0,921.0,13.0,-711.0,14.345152151995368,12.0,17.0,30000.0,15000.0,28000.0,0.0,22.97093040934085,19.5,25.0,1.0,15000.0,34510.90832249378,28000.0,0.0,23.534897338349573,20.0,26.0,1.0,721.0,14.637927288982974,12.0,17.0,1.0,18708.35101096262,15000.0,28000.0,1.0,19.5,21.04530462568411,25.0,1.0,23259.038317944753,15000.0,28000.0,1.0,21.61424483947655,20.0,26.0,1.0,0.0,92122.0,7.0,25.0
11.0,21.0,11.0,22.0,-121.0,21.0,13.0,-111.0,10.198552907245302,9.0,11.0,30000.0,10000.0,19000.0,0.0,27.340047564065657,16.5,19.0,0.0,10000.0,36986.883636179344,25000.0,0.0,28.659974680869013,17.0,20.0,0.0,122.0,10.190923607297217,9.0,11.0,1.0,13001.151610265691,10000.0,19000.0,1.0,16.5,17.238080579994147,19.0,1.0,20185.925906810335,10000.0,25000.0,1.0,18.595392210749576,17.0,20.0,1.0,0.0,211.0,1.0,59.0
11.0,22.0,11.0,22.0,-121.0,21.0,13.0,-111.0,9.995992000373278,9.0,11.0,30000.0,10000.0,19000.0,0.0,26.554021218178566,16.5,19.0,0.0,10000.0,36546.86405456009,25000.0,0.0,27.86708225950283,17.0,20.0,0.0,121.0,9.993540032697997,9.0,11.0,1.0,17280.021911241514,10000.0,19000.0,1.0,16.5,17.954924896447682,19.0,1.0,23868.854058444824,10000.0,25000.0,1.0,19.27640319937525,17.0,20.0,1.0,0.0,211.0,1.0,13.0
11.0,22.0,11.0,22.0,-121.0,11.0,11.0,-111.0,10.214647664728256,9.0,11.0,30000.0,10000.0,19000.0,0.0,23.228205212461972,16.5,19.0,0.0,10000.0,36907.64974942513,25000.0,0.0,24.533323247827404,17.0,20.0,0.0,122.0,10.209546418513222,9.0,11.0,1.0,15597.779246876818,10000.0,19000.0,1.0,16.5,17.671213546419455,19.0,1.0,22596.210691655015,10000.0,25000.0,1.0,18.99348370040471,17.0,20.0,1.0,0.0,111.0,1.0,38.0
11.0,22.0,11.0,22.0,-121.0,21.0,13.0,-111.0,10.19385787118782,9.0,11.0,30000.0,10000.0,19000.0,0.0,25.45846948936051,16.5,19.0,0.0,10000.0,37076.874648744975,25000.0,0.0,26.799681827535803,17.0,20.0,0.0,122.0,10.190556720871376,9.0,11.0,1.0,13246.28823337658,10000.0,19000.0,1.0,16.5,17.21614534661272,19.0,1.0,20183.694088045177,10000.0,25000.0,1.0,18.53092549873271,17.0,20.0,1.0,0.0,211.0,1.0,19.0
11.0,22.0,11.0,22.0,-121.0,11.0,12.0,-111.0,10.011644709107912,9.0,11.0,30000.0,10000.0,19000.0,0.0,24.38994673341295,16.5,19.0,0.0,10000.0,36440.66062806307,25000.0,0.0,25.67652694048453,17.0,20.0,0.0,121.0,10.00160891947853,9.0,11.0,1.0,14129.055586046014,10000.0,19000.0,1.0,16.5,17.358510603467714,19.0,1.0,20644.611056949278,10000.0,25000.0,1.0,18.660051732713967,17.0,20.0,1.0,0.0,111.0,1.0,40.0
11.0,22.0,11.0,22.0,-121.0,11.0,12.0,-111.0,10.002950621147304,9.0,11.0,30000.0,10000.0,19000.0,0.0,24.523548335627414,16.5,19.0,0.0,10000.0,36531.80463033254,25000.0,0.0,25.826412439208003,17.0,20.0,0.0,121.0,10.001040186166993,9.0,11.0,1.0,16922.750842502322,10000.0,19000.0,1.0,16.5,17.956025817914362,19.0,1.0,23455.87670270141,10000.0,25000.0,1.0,19.25915346014363,17.0,20.0,1.0,0.0,111.0,1.0,49.0
11.0,21.0,11.0,22.0,-121.0,21.0,13.0,-111.0,10.193382010840786,9.0,11.0,30000.0,10000.0,19000.0,0.0,28.71744332759214,16.5,19.0,0.0,10000.0,37060.97852950618,25000.0,0.0,30.050560715304087,17.0,20.0,0.0,122.0,10.19997066308599,9.0,11.0,1.0,13309.455717502722,10000.0,19000.0,1.0,16.5,17.28164853446663,19.0,1.0,20417.543494600595,10000.0,25000.0,1.0,18.623660179089864,17.0,20.0,1.0,0.0,211.0,1.0,32.0
11.0,22.0,11.0,21.0,-121.0,11.0,12.0,-111.0,10.180273281290068,9.0,11.0,30000.0,10000.0,19000.0,0.0,23.926472775357674,16.5,19.0,0.0,10000.0,36948.965306934006,25000.0,0.0,25.235382298261218,17.0,20.0,0.0,122.0,10.198992453218477,9.0,11.0,1.0,13105.726432095673,10000.0,19000.0,1.0,16.5,17.13803950189692,19.0,1.0,19859.282621408212,10000.0,25000.0,1.0,18.41014169541839,17.0,20.0,1.0,0.0,111.0,1.0,46.0
11.0,21.0,11.0,21.0,-121.0,11.0,11.0,-111.0,9.985638291362434,9.0,11.0,30000.0,10000.0,19000.0,0.0,25.51161330366104,16.5,19.0,0.0,10000.0,36574.72485149362,25000.0,0.0,26.82586868109292,17.0,20.0,0.0,121.0,10.002258063277933,9.0,11.0,1.0,12543.829271355009,10000.0,19000.0,1.0,16.5,17.00842400639035,19.0,1.0,19132.11399797124,10000.0,25000.0,1.0,18.325389936613373,17.0,20.0,1.0,0.0,111.0,1.0,56.0
91.0,24.0,91.0,21.0,-721.0,911.0,11.0,-711.0,15.087830430875284,12.0,17.0,30000.0,18000.0,36000.0,1.0,25.1130758899264,20.0,25.0,0.0,18000.0,33958.79807944375,36000.0,1.0,25.595589985961904,20.0,26.0,1.0,722.0,15.263568832305301,12.0,17.0,1.0,23975.85678941909,18000.0,36000.0,1.0,20.0,23.150812854798467,25.0,1.0,27991.262799966284,18000.0,36000.0,1.0,23.640226551206784,20.0,26.0,1.0,0.0,91121.0,7.0,2.0
11.0,22.0,11.0,22.0,-121.0,21.0,12.0,-111.0,9.98985655249204,9.0,11.0,30000.0,10000.0,19000.0,0.0,24.392868243441924,16.5,19.0,0.0,10000.0,36457.61936721565,25000.0,0.0,25.683664970170177,17.0,20.0,0.0,121.0,10.002736223925696,9.0,11.0,1.0,18143.54769732158,10000.0,19000.0,1.0,16.5,18.171896407601224,19.0,1.0,24650.31438769761,10000.0,25000.0,1.0,19.47251706483008,17.0,20.0,1.0,0.0,211.0,1.0,48.0
11.0,22.0,11.0,22.0,-121.0,11.0,11.0,-111.0,10.005343130479918,9.0,11.0,30000.0,10000.0,19000.0,0.0,25.67385219586069,16.5,19.0,0.0,10000.0,36512.213958808985,25000.0,0.0,26.974482068217753,17.0,20.0,0.0,121.0,9.982239597702284,9.0,11.0,1.0,14876.519782812204,10000.0,19000.0,1.0,16.5,17.454641474766287,19.0,1.0,21462.57430058241,10000.0,25000.0,1.0,18.77001890262198,17.0,20.0,1.0,0.0,111.0,1.0,17.0
11.0,21.0,11.0,22.0,-121.0,21.0,13.0,-111.0,9.977507708208766,9.0,11.0,30000.0,10000.0,19000.0,0.0,28.061624077147403,16.5,19.0,0.0,10000.0,36575.251340307565,25000.0,0.0,29.37382940596286,17.0,20.0,0.0,121.0,10.007407651501318,9.0,11.0,1.0,10480.951992127419,10000.0,19000.0,1.0,16.5,16.6509335075165,19.0,1.0,17008.14000413142,10000.0,25000.0,1.0,17.95354696641606,17.0,20.0,1.0,0.0,211.0,1.0,32.0
11.0,21.0,11.0,21.0,-121.0,21.0,13.0,-111.0,10.212383645894521,9.0,11.0,30000.0,10000.0,19000.0,0.0,27.157584945067484,16.5,19.0,0.0,10000.0,37103.18866495478,25000.0,0.0,28.499801885785395,17.0,20.0,0.0,122.0,10.196479801721813,9.0,11.0,1.0,10724.58525681137,10000.0,19000.0,1.0,16.5,16.719295327957397,19.0,1.0,17658.03389246352,10000.0,25000.0,1.0,18.02943823071937,17.0,20.0,1.0,0.0,211.0,1.0,34.0
91.0,24.0,91.0,21.0,-721.0,911.0,12.0,-711.0,15.068948632774958,12.0,17.0,30000.0,18000.0,36000.0,1.0,24.232781525426503,20.0,25.0,1.0,18000.0,34519.1394141516,36000.0,1.0,24.79773170814826,20.0,26.0,1.0,721.0,15.467474892637991,12.0,17.0,1.0,30337.254788765942,18000.0,36000.0,1.0,20.0,24.241699563197734,25.0,1.0,34871.21126552158,18000.0,36000.0,1.0,24.808502068111487,20.0,26.0,1.0,1.0,91121.0,7.0,29.0
11.0,22.0,11.0,22.0,-121.0,21.0,13.0,-111.0,10.222711188664618,9.0,11.0,30000.0,10000.0,19000.0,0.0,24.60073837539136,16.5,19.0,0.0,10000.0,36999.23703078571,25000.0,0.0,25.926456054546648,17.0,20.0,0.0,122.0,10.22675931912211,9.0,11.0,1.0,16079.797522213337,10000.0,19000.0,1.0,16.5,17.791783630557894,19.0,1.0,23072.152898675515,10000.0,25000.0,1.0,19.116197863243457,17.0,20.0,1.0,0.0,211.0,1.0,28.0
11.0,22.0,11.0,21.0,-121.0,21.0,12.0,-111.0,10.179904095652045,9.0,11.0,30000.0,10000.0,19000.0,0.0,24.097954975370744,16.5,19.0,0.0,10000.0,37015.70840277077,25000.0,0.0,25.42112031718017,17.0,20.0,0.0,122.0,10.212257558599315,9.0,11.0,1.0,13340.237647515369,10000.0,19000.0,1.0,16.5,17.211813062402733,19.0,1.0,20228.166674430176,10000.0,25000.0,1.0,18.510879164075,17.0,20.0,1.0,0.0,211.0,1.0,53.0
11.0,22.0,11.0,22.0,-121.0,21.0,13.0,-111.0,10.012463822538642,9.0,11.0,30000.0,10000.0,19000.0,0.0,26.09230538438429,16.5,19.0,0.0,10000.0,36589.13709799685,25000.0,0.0,27.404724170513852,17.0,20.0,0.0,121.0,10.000603961437859,9.0,11.0,1.0,16530.692809590815,10000.0,19000.0,1.0,16.5,17.807594203036786,19.0,1.0,23020.85768150128,10000.0,25000.0,1.0,19.100299784403873,17.0,20.0,1.0,0.0,211.0,1.0,28.0
11.0,22.0,11.0,22.0,-121.0,21.0,13.0,-111.0,10.014253216211952,9.0,11.0,30000.0,10000.0,19000.0,0.0,25.53273388549885,16.5,19.0,0.0,10000.0,36556.46268327266,25000.0,0.0,26.851519088685073,17.0,20.0,0.0,121.0,9.997892508053697,9.0,11.0,1.0,14487.46084112717,10000.0,19000.0,1.0,16.5,17.44869642037015,19.0,1.0,21029.414616256294,10000.0,25000.0,1.0,18.764563261278056,17.0,20.0,1.0,0.0,211.0,1.0,13.0
11.0,22.0,11.0,21.0,-121.0,21.0,13.0,-111.0,9.980851494269078,9.0,11.0,30000.0,10000.0,19000.0,0.0,26.391248722489895,16.5,19.0,0.0,10000.0,36409.59189939959,25000.0,0.0,27.672294470835613,17.0,20.0,0.0,121.0,9.989185526573289,9.0,11.0,1.0,12372.706280071383,10000.0,19000.0,1.0,16.5,16.94919748724146,19.0,1.0,18843.53191858725,10000.0,25000.0,1.0,18.24248164676552,17.0,20.0,1.0,0.0,211.0,1.0,33.0
11.0,22.0,11.0,22.0,-121.0,21.0,13.0,-111.0,10.012304190598387,9.0,11.0,30000.0,10000.0,19000.0,0.0,26.71657007515862,16.5,19.0,0.0,10000.0,36477.65327618902,25000.0,0.0,28.009505759671985,17.0,20.0,0.0,121.0,10.008207224628473,9.0,11.0,1.0,15661.58107126413,10000.0,19000.0,1.0,16.5,17.628412210393243,19.0,1.0,22151.161780461443,10000.0,25000.0,1.0,18.923728603336578,17.0,20.0,1.0,0.0,211.0,1.0,21.0
11.0,21.0,11.0,21.0,-121.0,11.0,11.0,-111.0,10.011755769746474,9.0,11.0,30000.0,10000.0,19000.0,0.0,25.354321142794305,16.5,19.0,0.0,10000.0,36499.576788728664,25000.0,0.0,26.657554930143462,17.0,20.0,0.0,121.0,10.005135603624629,9.0,11.0,1.0,15486.098786590986,10000.0,19000.0,1.0,16.5,17.565297593833193,19.0,1.0,21998.472057946106,10000.0,25000.0,1.0,18.87109721109099,17.0,20.0,1.0,0.0,111.0,1.0,56.0
11.0,22.0,11.0,22.0,-121.0,21.0,13.0,-111.0,10.00302546792573,9.0,11.0,30000.0,10000.0,19000.0,0.0,24.69929272115435,16.5,19.0,0.0,10000.0,36411.078012480095,25000.0,0.0,25.982113369359837,17.0,20.0,0.0,121.0,9.98920744584267,9.0,11.0,1.0,14277.396983350694,10000.0,19000.0,1.0,16.5,17.401758839761076,19.0,1.0,20754.585520068213,10000.0,25000.0,1.0,18.69780783199706,17.0,20.0,1.0,0.0,211.0,1.0,21.0
91.0,24.0,91.0,24.0,-721.0,911.0,12.0,-711.0,15.213480884549176,12.0,17.0,30000.0,18000.0,36000.0,1.0,25.352928615507018,20.0,25.0,0.0,18000.0,34034.45155885518,36000.0,1.0,25.845893897524874,20.0,26.0,1.0,722.0,15.157934645395502,12.0,17.0,1.0,26841.418592677204,18000.0,36000.0,1.0,20.0,23.505158948711927,25.0,1.0,30903.518568029263,18000.0,36000.0,1.0,24.00150256090351,20.0,26.0,1.0,0.0,91121.0,7.0,32.0
81.0,23.0,81.0,23.0,-721.0,912.0,12.0,-711.0,15.305435355473824,12.0,17.0,30000.0,12500.0,23000.0,0.0,26.000009383619528,20.0,24.0,0.0,12500.0,34034.54912364178,26000.0,0.0,26.490657046195643,20.0,25.0,0.0,722.0,15.303727451944312,12.0,17.0,1.0,16494.25930557753,12500.0,23000.0,1.0,20.0,21.859478932654625,24.0,1.0,20507.139118003593,12500.0,26000.0,1.0,22.347491357296636,20.0,25.0,1.0,0.0,912.0,7.0,5.0
91.0,24.0,91.0,24.0,-721.0,911.0,12.0,-711.0,14.870403018832299,12.0,17.0,30000.0,18000.0,36000.0,1.0,24.366767935129047,20.0,25.0,1.0,18000.0,34598.89191941561,36000.0,1.0,24.940798304120264,20.0,26.0,1.0,721.0,14.516761671679522,12.0,17.0,1.0,26589.93826320039,18000.0,36000.0,1.0,20.0,22.91554319479554,25.0,1.0,31063.72676663833,18000.0,36000.0,1.0,23.473958245728827,20.0,26.0,1.0,1.0,91121.0,7.0,24.0
81.0,23.0,81.0,23.0,-721.0,912.0,12.0,-711.0,15.254751191532499,12.0,17.0,30000.0,12500.0,23000.0,0.0,26.408804067366862,20.0,24.0,0.0,12500.0,33870.991331007535,26000.0,0.0,26.881035019449182,20.0,25.0,0.0,722.0,15.212366633885257,12.0,17.0,1.0,15092.970642132212,12500.0,23000.0,1.0,20.0,21.65019774696345,24.0,1.0,19024.904978196464,12500.0,26000.0,1.0,22.12986327350998,20.0,25.0,1.0,0.0,912.0,7.0,31.0
91.0,24.0,91.0,24.0,-721.0,911.0,12.0,-711.0,15.068002843633229,12.0,17.0,30000.0,18000.0,36000.0,1.0,25.112516181250477,20.0,25.0,0.0,18000.0,34451.16531442321,36000.0,1.0,25.669521902618865,20.0,26.0,1.0,721.0,15.226137402778917,12.0,17.0,1.0,26261.65204575552,18000.0,36000.0,1.0,20.0,23.476781125951923,25.0,1.0,30749.749121340017,18000.0,36000.0,1.0,24.038408379169596,20.0,26.0,1.0,0.0,91121.0,7.0,32.0
92.0,24.0,92.0,24.0,-721.0,921.0,13.0,-711.0,14.918684040385596,12.0,17.0,30000.0,15000.0,28000.0,0.0,24.197087459396325,19.5,25.0,1.0,15000.0,34019.58745405176,28000.0,0.0,24.68721048806965,20.0,26.0,1.0,722.0,15.16899599052356,12.0,17.0,1.0,23573.754134009727,15000.0,28000.0,1.0,19.5,22.041491368823465,25.0,1.0,27597.547107291808,15000.0,28000.0,1.0,22.53212719186832,20.0,26.0,1.0,0.0,92122.0,7.0,25.0
11.0,22.0,11.0,22.0,-121.0,21.0,13.0,-111.0,9.996844741251968,9.0,11.0,30000.0,10000.0,19000.0,0.0,25.586459510335533,16.5,19.0,0.0,10000.0,36515.36281576767,25000.0,0.0,26.888463720726474,17.0,20.0,0.0,121.0,10.001055998823862,9.0,11.0,1.0,14739.471777459468,10000.0,19000.0,1.0,16.5,17.46232898825236,19.0,1.0,21271.910566707505,10000.0,25000.0,1.0,18.767745593316725,17.0,20.0,1.0,0.0,211.0,1.0,4.0
11.0,22.0,11.0,22.0,-121.0,11.0,11.0,-111.0,10.00529499309746,9.0,11.0,30000.0,10000.0,19000.0,0.0,24.745011143461102,16.5,19.0,0.0,10000.0,36562.93059047705,25000.0,0.0,26.059715402587187,17.0,20.0,0.0,121.0,10.005045717425395,9.0,11.0,1.0,15726.04045220573,10000.0,19000.0,1.0,16.5,17.683895419998443,19.0,1.0,22187.61357108228,10000.0,25000.0,1.0,18.978295472372622,17.0,20.0,1.0,0.0,111.0,1.0,44.0
91.0,24.0,91.0,24.0,-721.0,911.0,11.0,-711.0,15.531317216192328,12.0,17.0,30000.0,18000.0,36000.0,1.0,24.39728497188274,20.0,25.0,1.0,18000.0,34491.22021022746,36000.0,1.0,24.95722813683539,20.0,26.0,1.0,721.0,15.341346264921569,12.0,17.0,1.0,27098.5937516001,18000.0,36000.0,1.0,20.0,23.680823973079367,25.0,1.0,31594.9319098579,18000.0,36000.0,1.0,24.241405218527746,20.0,26.0,1.0,1.0,91121.0,7.0,28.0
81.0,23.0,81.0,21.0,-721.0,912.0,12.0,-711.0,14.828267760338314,12.0,17.0,30000.0,12500.0,23000.0,0.0,25.66125623239166,20.0,24.0,0.0,12500.0,34472.214496751534,26000.0,0.0,26.220252051556393,20.0,25.0,0.0,721.0,15.467204809452447,12.0,17.0,1.0,16678.647957829864,12500.0,23000.0,1.0,20.0,21.973648013856632,24.0,1.0,21178.33325645509,12500.0,26000.0,1.0,22.53607749287995,20.0,25.0,1.0,0.0,912.0,7.0,30.0
11.0,22.0,11.0,22.0,-121.0,21.0,13.0,-111.0,9.998620301404847,9.0,11.0,30000.0,10000.0,19000.0,0.0,24.99936254712578,16.5,19.0,0.0,10000.0,36404.459584919416,25000.0,0.0,26.276012671476213,17.0,20.0,0.0,121.0,10.011552288545062,9.0,11.0,1.0,16933.457775878785,10000.0,19000.0,1.0,16.5,17.917828144362193,19.0,1.0,23408.47196462076,10000.0,25000.0,1.0,19.208542459851508,17.0,20.0,1.0,0.0,211.0,1.0,41.0
11.0,22.0,11.0,22.0,-121.0,21.0,13.0,-111.0,10.015259721012828,9.0,11.0,30000.0,10000.0,19000.0,0.0,24.64937080561413,16.5,19.0,0.0,10000.0,36596.790981370745,25000.0,0.0,25.974052709496288,17.0,20.0,0.0,121.0,10.000266690267175,9.0,11.0,1.0,13666.296736648128,10000.0,19000.0,1.0,16.5,17.298253911263913,19.0,1.0,20102.480268893185,10000.0,25000.0,1.0,18.590684712740934,17.0,20.0,1.0,0.0,211.0,1.0,21.0
11.0,21.0,11.0,22.0,-121.0,11.0,11.0,-111.0,9.996399495251676,9.0,11.0,30000.0,10000.0,19000.0,0.0,25.66439329060272,16.5,19.0,0.0,10000.0,36552.79576597542,25000.0,0.0,26.976109793815844,17.0,20.0,0.0,121.0,9.9927639516683,9.0,11.0,1.0,20075.393236076332,10000.0,19000.0,0.0,16.5,18.53979368912542,19.0,1.0,26489.438888731947,10000.0,25000.0,0.0,19.823735663730574,17.0,20.0,1.0,0.0,111.0,1.0,29.0
91.0,21.0,91.0,24.0,-721.0,911.0,12.0,-711.0,15.37013097454747,12.0,17.0,30000.0,18000.0,36000.0,1.0,25.21367570497621,20.0,25.0,0.0,18000.0,34491.08808789194,36000.0,1.0,25.771939007977906,20.0,26.0,1.0,721.0,15.231483164430767,12.0,17.0,1.0,30499.947902372598,18000.0,36000.0,1.0,20.0,23.97735098554379,25.0,1.0,35047.98698057343,18000.0,36000.0,1.0,24.542693563620222,20.0,26.0,1.0,0.0,91121.0,7.0,19.0
11.0,22.0,11.0,21.0,-121.0,21.0,13.0,-111.0,10.171766634862708,9.0,11.0,30000.0,10000.0,19000.0,0.0,24.400478687494072,16.5,19.0,0.0,10000.0,36792.47957966717,25000.0,0.0,25.683175754276327,17.0,20.0,0.0,122.0,10.209054225986492,9.0,11.0,1.0,13286.22225753577,10000.0,19000.0,1.0,16.5,17.180660258589,19.0,1.0,20337.878437510288,10000.0,25000.0,1.0,18.512300433862592,17.0,20.0,1.0,0.0,211.0,1.0,58.0
11.0,22.0,11.0,22.0,-121.0,21.0,13.0,-111.0,10.210568660931168,9.0,11.0,30000.0,10000.0,19000.0,0.0,24.404270984142997,16.5,19.0,0.0,10000.0,37066.19897829862,25000.0,0.0,25.744580779510088,17.0,20.0,0.0,122.0,10.207515149000924,9.0,11.0,1.0,16505.330628206626,10000.0,19000.0,1.0,16.5,17.84937466624425,19.0,1.0,23528.422452900453,10000.0,25000.0,1.0,19.18150793836251,17.0,20.0,1.0,0.0,211.0,1.0,47.0
81.0,23.0,81.0,23.0,-721.0,912.0,12.0,-711.0,15.05406494260063,12.0,17.0,30000.0,12500.0,23000.0,0.0,25.330096516298404,20.0,24.0,0.0,12500.0,34044.35627385408,26000.0,0.0,25.820807304056494,20.0,25.0,0.0,722.0,15.271390964512511,12.0,17.0,1.0,16830.286943508425,12500.0,23000.0,1.0,20.0,21.849699495537116,24.0,1.0,20827.06268412918,12500.0,26000.0,1.0,22.334637230832985,20.0,25.0,1.0,0.0,912.0,7.0,5.0
91.0,24.0,91.0,24.0,-721.0,911.0,11.0,-711.0,15.197374396907817,12.0,17.0,30000.0,18000.0,36000.0,1.0,25.13175656653217,20.0,25.0,0.0,18000.0,34480.128777545484,36000.0,1.0,25.691450061417207,20.0,26.0,1.0,721.0,14.966491689230121,12.0,17.0,1.0,29892.60316345244,18000.0,36000.0,1.0,20.0,23.767092127388807,25.0,1.0,34409.328683343665,18000.0,36000.0,1.0,24.33135757983175,20.0,26.0,1.0,0.0,91121.0,7.0,0.0
11.0,22.0,11.0,22.0,-121.0,11.0,12.0,-111.0,9.993793391198178,9.0,11.0,30000.0,10000.0,19000.0,0.0,24.904345867486217,16.5,19.0,0.0,10000.0,36527.79347083222,25000.0,0.0,26.20535389756661,17.0,20.0,0.0,121.0,10.003778594885876,9.0,11.0,1.0,13550.921348655833,10000.0,19000.0,1.0,16.5,17.269600358963363,19.0,1.0,20096.39916051746,10000.0,25000.0,1.0,18.574132929118246,17.0,20.0,1.0,0.0,111.0,1.0,14.0
91.0,24.0,91.0,24.0,-721.0,911.0,11.0,-711.0,15.265192113768933,12.0,17.0,30000.0,18000.0,36000.0,1.0,25.260388846778774,20.0,25.0,0.0,18000.0,34506.369511164194,36000.0,1.0,25.821966430575884,20.0,26.0,1.0,721.0,14.576522464478678,12.0,17.0,1.0,26962.21546548479,18000.0,36000.0,1.0,20.0,22.91605250938896,25.0,1.0,31502.95649715825,18000.0,36000.0,1.0,23.48191342489937,20.0,26.0,1.0,0.0,91121.0,7.0,0.0
81.0,23.0,81.0,23.0,-721.0,912.0,12.0,-711.0,15.416832976935419,12.0,17.0,30000.0,12500.0,23000.0,0.0,26.402087387608525,20.0,24.0,0.0,12500.0,34471.26299053212,26000.0,0.0,26.957744301668207,20.0,25.0,0.0,721.0,14.50033845722688,12.0,17.0,1.0,16081.879547749844,12500.0,23000.0,1.0,20.0,21.049863515722972,24.0,1.0,20514.712301657608,12500.0,26000.0,1.0,21.600744592008297,20.0,25.0,1.0,0.0,912.0,7.0,31.0
92.0,24.0,92.0,24.0,-721.0,921.0,13.0,-711.0,14.845134254590327,12.0,17.0,30000.0,15000.0,28000.0,0.0,23.883352279132524,19.5,25.0,1.0,15000.0,34532.72491402678,28000.0,0.0,24.44976107086682,20.0,26.0,1.0,721.0,15.354869407228408,12.0,17.0,1.0,20331.42771442747,15000.0,28000.0,1.0,19.5,21.926757175512414,25.0,1.0,24871.064884920008,15000.0,28000.0,1.0,22.494029722031566,20.0,26.0,1.0,0.0,92122.0,7.0,22.0
92.0,24.0,92.0,24.0,-721.0,921.0,13.0,-711.0,14.537805012763839,12.0,17.0,30000.0,15000.0,28000.0,0.0,24.070107720016804,19.5,25.0,1.0,15000.0,34507.97488945353,28000.0,0.0,24.63474184620069,20.0,26.0,1.0,721.0,14.24969879719068,12.0,17.0,1.0,21852.84412183729,15000.0,28000.0,1.0,19.5,21.05260638888192,25.0,1.0,26353.85502572554,15000.0,28000.0,1.0,21.61636826000653,20.0,26.0,1.0,0.0,92122.0,7.0,22.0
11.0,21.0,11.0,22.0,-121.0,21.0,13.0,-111.0,10.192746713647871,9.0,11.0,30000.0,10000.0,19000.0,0.0,27.645830971338142,16.5,19.0,0.0,10000.0,36897.557354017474,25000.0,0.0,28.947224152102034,17.0,20.0,0.0,122.0,10.21243468945455,9.0,11.0,1.0,15860.988984199103,10000.0,19000.0,1.0,16.5,17.7594175791173,19.0,1.0,22954.063442559556,10000.0,25000.0,1.0,19.097699851664743,17.0,20.0,1.0,0.0,211.0,1.0,24.0
11.0,21.0,11.0,22.0,-121.0,21.0,12.0,-111.0,9.981137654320436,9.0,11.0,30000.0,10000.0,19000.0,0.0,25.632788990914236,16.5,19.0,0.0,10000.0,36521.317634617815,25000.0,0.0,26.94090466395867,17.0,20.0,0.0,121.0,9.996434799809903,9.0,11.0,1.0,13641.886405252088,10000.0,19000.0,1.0,16.5,17.240214245711158,19.0,1.0,20127.961400107644,10000.0,25000.0,1.0,18.541260572955327,17.0,20.0,1.0,0.0,211.0,1.0,37.0
11.0,22.0,11.0,22.0,-121.0,21.0,13.0,-111.0,10.20621899646077,9.0,11.0,30000.0,10000.0,19000.0,0.0,25.10730509960679,16.5,19.0,0.0,10000.0,37024.48295981915,25000.0,0.0,26.42912423107172,17.0,20.0,0.0,122.0,10.206647321311696,9.0,11.0,1.0,13760.398845671823,10000.0,19000.0,1.0,16.5,17.272761412817484,19.0,1.0,20702.13496254252,10000.0,25000.0,1.0,18.579009809652803,17.0,20.0,1.0,0.0,211.0,1.0,21.0
91.0,21.0,91.0,24.0,-721.0,911.0,12.0,-711.0,15.20994073676974,12.0,17.0,30000.0,18000.0,36000.0,1.0,25.14312349358657,20.0,25.0,0.0,18000.0,33969.61571542324,36000.0,1.0,25.627961932555397,20.0,26.0,1.0,722.0,15.014445768408073,12.0,17.0,1.0,29629.98896188411,18000.0,36000.0,1.0,20.0,23.64854851817896,25.0,1.0,33602.9584401281,18000.0,36000.0,1.0,24.133796576931474,20.0,26.0,1.0,0.0,91121.0,7.0,26.0
11.0,21.0,11.0,21.0,-121.0,21.0,13.0,-111.0,10.203270963592761,9.0,11.0,30000.0,10000.0,19000.0,0.0,26.094026276139285,16.5,19.0,0.0,10000.0,37108.54383582588,25000.0,0.0,27.433331309333173,17.0,20.0,0.0,122.0,10.195883290089593,9.0,11.0,1.0,11740.442998483983,10000.0,19000.0,1.0,16.5,16.88033706320007,19.0,1.0,18626.46720377814,10000.0,25000.0,1.0,18.17771766460617,17.0,20.0,1.0,0.0,211.0,1.0,34.0
81.0,23.0,81.0,21.0,-721.0,912.0,11.0,-711.0,15.434930764100194,12.0,17.0,30000.0,12500.0,23000.0,0.0,27.114443676386415,20.0,24.0,0.0,12500.0,34060.381081506646,26000.0,0.0,27.60684685096311,20.0,25.0,0.0,722.0,15.02871001838226,12.0,17.0,1.0,12876.530161418772,12500.0,23000.0,1.0,20.0,20.97386999889639,24.0,1.0,16902.20030091814,12500.0,26000.0,1.0,21.462063771031826,20.0,25.0,1.0,0.0,912.0,7.0,12.0
11.0,22.0,11.0,22.0,-121.0,11.0,12.0,-111.0,10.198880818098276,9.0,11.0,30000.0,10000.0,19000.0,0.0,23.91098821445945,16.5,19.0,0.0,10000.0,36955.90696228299,25000.0,0.0,25.226095503995953,17.0,20.0,0.0,122.0,10.22958098178324,9.0,11.0,1.0,16110.451959568692,10000.0,19000.0,1.0,16.5,17.82325319391878,19.0,1.0,22983.072556701314,10000.0,25000.0,1.0,19.12261408165288,17.0,20.0,1.0,0.0,111.0,1.0,14.0
11.0,22.0,11.0,22.0,-121.0,21.0,13.0,-111.0,10.185487857957707,9.0,11.0,30000.0,10000.0,19000.0,0.0,25.323242943555627,16.5,19.0,0.0,10000.0,37104.19056720095,25000.0,0.0,26.665942273949145,17.0,20.0,0.0,122.0,10.202023959444286,9.0,11.0,1.0,15163.96930382012,10000.0,19000.0,1.0,16.5,17.619735713692968,19.0,1.0,22189.25440876043,10000.0,25000.0,1.0,18.947521830492402,17.0,20.0,1.0,0.0,211.0,1.0,41.0
11.0,22.0,11.0,22.0,-121.0,21.0,13.0,-111.0,10.216659088009333,9.0,11.0,30000.0,10000.0,19000.0,0.0,24.627746935693285,16.5,19.0,0.0,10000.0,36993.420525104106,25000.0,0.0,25.947553172494768,17.0,20.0,0.0,122.0,10.19005074567468,9.0,11.0,1.0,15050.632036427736,10000.0,19000.0,1.0,16.5,17.559773905169862,19.0,1.0,22006.0541895311,10000.0,25000.0,1.0,18.87240904619999,17.0,20.0,1.0,0.0,211.0,1.0,47.0
92.0,24.0,92.0,24.0,-721.0,921.0,13.0,-711.0,15.049189946729374,12.0,17.0,30000.0,15000.0,28000.0,0.0,24.593097797048614,19.5,25.0,1.0,15000.0,34010.15699785294,28000.0,0.0,25.083895615801698,20.0,26.0,1.0,722.0,15.38903121579487,12.0,17.0,1.0,22020.565477212116,15000.0,28000.0,1.0,19.5,22.132948121302995,25.0,1.0,26085.40766860984,15000.0,28000.0,1.0,22.63043878867129,20.0,26.0,1.0,0.0,92122.0,7.0,25.0
11.0,21.0,11.0,22.0,-121.0,11.0,12.0,-111.0,10.198809294613277,9.0,11.0,30000.0,10000.0,19000.0,0.0,26.01230851413071,16.5,19.0,0.0,10000.0,37074.02734889746,25000.0,0.0,27.34981610947667,17.0,20.0,0.0,122.0,10.212001708840335,9.0,11.0,1.0,14451.197597409055,10000.0,19000.0,1.0,16.5,17.47934404097772,19.0,1.0,21443.145978619716,10000.0,25000.0,1.0,18.801332719406236,17.0,20.0,1.0,0.0,111.0,1.0,7.0
92.0,24.0,92.0,24.0,-721.0,921.0,13.0,-711.0,15.984848914437354,12.0,17.0,30000.0,15000.0,28000.0,0.0,24.87248120053922,19.5,25.0,1.0,15000.0,34508.32485975873,28000.0,0.0,25.435617046347566,20.0,26.0,1.0,721.0,15.353512417293482,12.0,17.0,1.0,19893.167387314148,15000.0,28000.0,1.0,19.5,21.82534040188955,25.0,1.0,24444.814636579908,15000.0,28000.0,1.0,22.393887656861253,20.0,26.0,1.0,0.0,92122.0,7.0,22.0
81.0,23.0,81.0,21.0,-721.0,912.0,11.0,-711.0,15.550667864204668,12.0,17.0,30000.0,12500.0,23000.0,0.0,26.797236637162463,20.0,24.0,0.0,12500.0,34573.00008122266,26000.0,0.0,27.37311375345818,20.0,25.0,0.0,721.0,14.685526868660483,12.0,17.0,1.0,13224.881139741794,12500.0,23000.0,1.0,20.0,20.786334553235942,24.0,1.0,17638.904728564026,12500.0,26000.0,1.0,21.342191787096432,20.0,25.0,1.0,0.0,912.0,7.0,12.0
11.0,22.0,11.0,22.0,-121.0,21.0,13.0,-111.0,10.19810767437161,9.0,11.0,30000.0,10000.0,19000.0,0.0,25.1520899059678,16.5,19.0,0.0,10000.0,36929.50511564673,25000.0,0.0,26.459720244914195,17.0,20.0,0.0,122.0,10.213087189054963,9.0,11.0,1.0,14270.246273447949,10000.0,19000.0,1.0,16.5,17.389200467708257,19.0,1.0,21213.18501752814,10000.0,25000.0,1.0,18.699365795778487,17.0,20.0,1.0,0.0,211.0,1.0,31.0
91.0,24.0,91.0,24.0,-721.0,911.0,11.0,-711.0,14.287799807549467,12.0,17.0,30000.0,18000.0,36000.0,1.0,23.917576126159446,20.0,25.0,1.0,18000.0,34447.344568059474,36000.0,1.0,24.474363415117338,20.0,26.0,1.0,721.0,14.823364333851666,12.0,17.0,1.0,24960.78995390204,18000.0,36000.0,1.0,20.0,22.905699664889642,25.0,1.0,29468.188034242445,18000.0,36000.0,1.0,23.470005380131713,20.0,26.0,1.0,1.0,91121.0,7.0,4.0
81.0,23.0,81.0,23.0,-721.0,912.0,11.0,-711.0,15.102987229866303,12.0,17.0,30000.0,12500.0,23000.0,0.0,26.221160367783156,20.0,24.0,0.0,12500.0,34015.45875334042,26000.0,0.0,26.71212697110348,20.0,25.0,0.0,722.0,15.178077538620121,12.0,17.0,1.0,16622.274581467707,12500.0,23000.0,1.0,20.0,21.799998388582505,24.0,1.0,20576.965247007545,12500.0,26000.0,1.0,22.28353493135672,20.0,25.0,1.0,0.0,912.0,7.0,17.0
11.0,22.0,11.0,22.0,-121.0,21.0,13.0,-111.0,9.991372664157083,9.0,11.0,30000.0,10000.0,19000.0,0.0,25.80397954210492,16.5,19.0,0.0,10000.0,36401.339257321604,25000.0,0.0,27.083621421415078,17.0,20.0,0.0,121.0,9.991716407980245,9.0,11.0,1.0,14796.569789016312,10000.0,19000.0,1.0,16.5,17.527933517352068,19.0,1.0,21337.54352114525,10000.0,25000.0,1.0,18.835488637091498,17.0,20.0,1.0,0.0,211.0,1.0,5.0
11.0,22.0,11.0,22.0,-121.0,11.0,12.0,-111.0,9.98973027409194,9.0,11.0,30000.0,10000.0,19000.0,0.0,23.39889692301415,16.5,19.0,0.0,10000.0,36431.5827516363,25000.0,0.0,24.680868826658447,17.0,20.0,0.0,121.0,10.003630737606024,9.0,11.0,1.0,15486.117453713478,10000.0,19000.0,1.0,16.5,17.61095568591637,19.0,1.0,21969.405942728536,10000.0,25000.0,1.0,18.90323380890612,17.0,20.0,1.0,0.0,111.0,1.0,42.0
11.0,21.0,11.0,22.0,-121.0,11.0,12.0,-111.0,10.006104622418151,9.0,11.0,30000.0,10000.0,19000.0,0.0,25.452683593771624,16.5,19.0,0.0,10000.0,36449.88008634519,25000.0,0.0,26.74509132597225,17.0,20.0,0.0,121.0,10.012008503662166,9.0,11.0,1.0,16493.685736113006,10000.0,19000.0,1.0,16.5,17.816956157128953,19.0,1.0,22933.494885117365,10000.0,25000.0,1.0,19.10734590494606,17.0,20.0,1.0,0.0,111.0,1.0,7.0
11.0,21.0,11.0,22.0,-121.0,11.0,12.0,-111.0,10.206850088785345,9.0,11.0,30000.0,10000.0,19000.0,0.0,24.765656933064705,16.5,19.0,0.0,10000.0,37021.9525012824,25000.0,0.0,26.08095275898938,17.0,20.0,0.0,122.0,10.190243277256274,9.0,11.0,1.0,15708.481792226366,10000.0,19000.0,1.0,16.5,17.666117172882817,19.0,1.0,22775.48165684366,10000.0,25000.0,1.0,18.98985090962396,17.0,20.0,1.0,0.0,111.0,1.0,51.0
11.0,21.0,11.0,22.0,-121.0,11.0,11.0,-111.0,9.999887207610426,9.0,11.0,30000.0,10000.0,19000.0,0.0,27.70597501292208,16.5,19.0,0.0,10000.0,36484.531190492155,25000.0,0.0,29.00289828088536,17.0,20.0,0.0,121.0,9.994171591723173,9.0,11.0,1.0,14381.932486625157,10000.0,19000.0,1.0,16.5,17.428415289811042,19.0,1.0,20887.68501870943,10000.0,25000.0,1.0,18.729582881824854,17.0,20.0,1.0,0.0,111.0,1.0,29.0
11.0,22.0,11.0,22.0,-121.0,11.0,12.0,-111.0,9.995120628622248,9.0,11.0,30000.0,10000.0,19000.0,0.0,27.08014887114505,16.5,19.0,0.0,10000.0,36461.89327412421,25000.0,0.0,28.37728281248056,17.0,20.0,0.0,121.0,10.003287071017295,9.0,11.0,1.0,16434.560316588624,10000.0,19000.0,1.0,16.5,17.87727848095066,19.0,1.0,22935.212979089963,10000.0,25000.0,1.0,19.18219282287104,17.0,20.0,1.0,0.0,111.0,1.0,42.0
81.0,23.0,81.0,23.0,-721.0,912.0,12.0,-711.0,15.298081099557436,12.0,17.0,30000.0,12500.0,23000.0,0.0,26.446716895589148,20.0,24.0,0.0,12500.0,33899.59886036592,26000.0,0.0,26.923909297941616,20.0,25.0,0.0,722.0,15.29752879037199,12.0,17.0,1.0,18392.579114575692,12500.0,23000.0,1.0,20.0,22.160547972871797,24.0,1.0,22395.194982390094,12500.0,26000.0,1.0,22.650346526530527,20.0,25.0,1.0,0.0,912.0,7.0,10.0
81.0,21.0,81.0,23.0,-721.0,912.0,12.0,-711.0,14.977873850681359,12.0,17.0,30000.0,12500.0,23000.0,0.0,27.463464084634943,20.0,24.0,0.0,12500.0,33979.318450353814,26000.0,0.0,27.947747898293326,20.0,25.0,0.0,722.0,15.358284000568927,12.0,17.0,1.0,18138.68359124213,12500.0,23000.0,1.0,20.0,22.13338635037001,24.0,1.0,22159.47882292376,12500.0,26000.0,1.0,22.622717896219296,20.0,25.0,1.0,0.0,912.0,7.0,7.0
11.0,22.0,11.0,21.0,-121.0,21.0,12.0,-111.0,10.00603289624199,9.0,11.0,30000.0,10000.0,19000.0,0.0,25.729104093529536,16.5,19.0,0.0,10000.0,36402.976637140375,25000.0,0.0,27.01192822532413,17.0,20.0,0.0,121.0,9.9849619106709,9.0,11.0,1.0,14248.791942114833,10000.0,19000.0,1.0,16.5,17.301353755436352,19.0,1.0,20750.704510676733,10000.0,25000.0,1.0,18.603999512003544,17.0,20.0,1.0,0.0,211.0,1.0,53.0
11.0,22.0,11.0,22.0,-121.0,21.0,13.0,-111.0,10.23048533621456,9.0,11.0,30000.0,10000.0,19000.0,0.0,26.64041179350339,16.5,19.0,0.0,10000.0,36918.35000076338,25000.0,0.0,27.94916512909921,17.0,20.0,0.0,122.0,10.200607266569229,9.0,11.0,1.0,13592.498285029887,10000.0,19000.0,1.0,16.5,17.271948377358274,19.0,1.0,20480.225120302224,10000.0,25000.0,1.0,18.574908688608915,17.0,20.0,1.0,0.0,211.0,1.0,22.0
92.0,24.0,92.0,24.0,-721.0,921.0,13.0,-711.0,14.257708355031298,12.0,17.0,30000.0,15000.0,28000.0,0.0,23.384204194251858,19.5,25.0,1.0,15000.0,34511.872374421146,28000.0,0.0,23.947767909278355,20.0,26.0,1.0,721.0,15.524626410753934,12.0,17.0,1.0,19170.454996230234,15000.0,28000.0,1.0,19.5,21.947796525790245,25.0,1.0,23652.57562181478,15000.0,28000.0,1.0,22.507644043922976,20.0,26.0,1.0,0.0,92122.0,7.0,25.0
11.0,22.0,11.0,22.0,-121.0,21.0,13.0,-111.0,9.995225365079284,9.0,11.0,30000.0,10000.0,19000.0,0.0,25.994046863222355,16.5,19.0,0.0,10000.0,36449.215102174254,25000.0,0.0,27.28362716532022,17.0,20.0,0.0,121.0,10.014833937109131,9.0,11.0,1.0,13869.463501716422,10000.0,19000.0,1.0,16.5,17.268124343117776,19.0,1.0,20359.261427458616,10000.0,25000.0,1.0,18.565819556727753,17.0,20.0,1.0,0.0,211.0,1.0,41.0
11.0,21.0,11.0,22.0,-121.0,11.0,11.0,-111.0,9.99710161218396,9.0,11.0,30000.0,10000.0,19000.0,0.0,24.845537756401754,16.5,19.0,0.0,10000.0,36457.701790111474,25000.0,0.0,26.13514025895138,17.0,20.0,0.0,121.0,10.007038914669147,9.0,11.0,1.0,17561.697970081954,10000.0,19000.0,1.0,16.5,18.055963764912313,19.0,1.0,23974.12893905168,10000.0,25000.0,1.0,19.336525688300128,17.0,20.0,1.0,0.0,111.0,1.0,35.0
91.0,24.0,91.0,24.0,-721.0,911.0,12.0,-711.0,15.141980209872614,12.0,17.0,30000.0,18000.0,36000.0,1.0,24.50891875417137,20.0,25.0,1.0,18000.0,34454.26406131286,36000.0,1.0,25.06712015895814,20.0,26.0,1.0,721.0,14.877989634219057,12.0,17.0,1.0,29255.05290473963,18000.0,36000.0,1.0,20.0,23.610117126341006,25.0,1.0,33700.047283186774,18000.0,36000.0,1.0,24.167156868970718,20.0,26.0,1.0,1.0,91121.0,7.0,8.0
81.0,23.0,81.0,23.0,-721.0,912.0,12.0,-711.0,15.028140454667277,12.0,17.0,30000.0,12500.0,23000.0,0.0,28.28485826988329,20.0,24.0,0.0,12500.0,33940.395021583834,26000.0,0.0,28.763721537676012,20.0,25.0,0.0,722.0,15.297439997035223,12.0,17.0,1.0,17258.77942577624,12500.0,23000.0,1.0,20.0,21.953146480121823,24.0,1.0,21257.923954301856,12500.0,26000.0,1.0,22.439149382575852,20.0,25.0,1.0,0.0,912.0,7.0,5.0
11.0,22.0,11.0,22.0,-121.0,11.0,12.0,-111.0,9.989509152161347,9.0,11.0,30000.0,10000.0,19000.0,0.0,24.562359180444787,16.5,19.0,0.0,10000.0,36461.08400583083,25000.0,0.0,25.85298789973587,17.0,20.0,0.0,121.0,9.999095629551052,9.0,11.0,1.0,15972.746867735681,10000.0,19000.0,1.0,16.5,17.721843348570008,19.0,1.0,22532.084828118048,10000.0,25000.0,1.0,19.032098708748855,17.0,20.0,1.0,0.0,111.0,1.0,42.0
11.0,21.0,11.0,21.0,-121.0,21.0,12.0,-111.0,9.990926097084662,9.0,11.0,30000.0,10000.0,19000.0,0.0,25.622288877697024,16.5,19.0,0.0,10000.0,36552.459231431916,25000.0,0.0,26.929747326746934,17.0,20.0,0.0,121.0,10.00141845098726,9.0,11.0,1.0,13297.177023479415,10000.0,19000.0,1.0,16.5,17.12467874307745,19.0,1.0,19740.801435663663,10000.0,25000.0,1.0,18.41042061229828,17.0,20.0,1.0,0.0,211.0,1.0,6.0
92.0,24.0,92.0,24.0,-721.0,921.0,13.0,-711.0,15.259670021933564,12.0,17.0,30000.0,15000.0,28000.0,0.0,24.48931273516379,19.5,25.0,1.0,15000.0,34019.590892083506,28000.0,0.0,24.97915594906658,20.0,26.0,1.0,722.0,15.306200748931142,12.0,17.0,1.0,20478.426651647093,15000.0,28000.0,1.0,19.5,21.876686832437244,25.0,1.0,24457.61053056749,15000.0,28000.0,1.0,22.361605888204686,20.0,26.0,1.0,0.0,92122.0,7.0,20.0
11.0,22.0,11.0,21.0,-121.0,21.0,13.0,-111.0,10.200754781440569,9.0,11.0,30000.0,10000.0,19000.0,0.0,24.992350489744226,16.5,19.0,0.0,10000.0,37055.223762410445,25000.0,0.0,26.31929895137477,17.0,20.0,0.0,122.0,10.20199840872117,9.0,11.0,1.0,11999.785063726118,10000.0,19000.0,1.0,16.5,16.95343384445339,19.0,1.0,19023.181893674464,10000.0,25000.0,1.0,18.274396287710708,17.0,20.0,1.0,0.0,211.0,1.0,2.0
11.0,22.0,11.0,22.0,-121.0,11.0,12.0,-111.0,9.986535110091417,9.0,11.0,30000.0,10000.0,19000.0,0.0,24.74974729393943,16.5,19.0,0.0,10000.0,36470.517350477894,25000.0,0.0,26.047802241846245,17.0,20.0,0.0,121.0,10.002498210100836,9.0,11.0,1.0,15010.116821216388,10000.0,19000.0,1.0,16.5,17.486532093520037,19.0,1.0,21539.350661971886,10000.0,25000.0,1.0,18.796366197033773,17.0,20.0,1.0,0.0,111.0,1.0,42.0
81.0,23.0,81.0,23.0,-721.0,912.0,12.0,-711.0,15.363592862094933,12.0,17.0,30000.0,12500.0,23000.0,0.0,26.528818203841823,20.0,24.0,0.0,12500.0,34038.49636390101,26000.0,0.0,27.02267977719525,20.0,25.0,0.0,722.0,15.06346193064365,12.0,17.0,1.0,17648.857903039498,12500.0,23000.0,1.0,20.0,21.772358874363402,24.0,1.0,21577.75577844632,12500.0,26000.0,1.0,22.25281781537854,20.0,25.0,1.0,0.0,912.0,7.0,31.0
91.0,24.0,91.0,24.0,-721.0,911.0,12.0,-711.0,15.033236124859009,12.0,17.0,30000.0,18000.0,36000.0,1.0,24.670467079789365,20.0,25.0,1.0,18000.0,33927.760264916804,36000.0,1.0,25.150539071504404,20.0,26.0,1.0,722.0,15.141026882073747,12.0,17.0,1.0,29836.58788908306,18000.0,36000.0,1.0,20.0,23.86778442955105,25.0,1.0,33857.612565048235,18000.0,36000.0,1.0,24.359255699365637,20.0,26.0,1.0,1.0,91121.0,7.0,1.0
11.0,22.0,11.0,22.0,-121.0,21.0,13.0,-111.0,10.218336616030745,9.0,11.0,30000.0,10000.0,19000.0,0.0,24.530925869776688,16.5,19.0,0.0,10000.0,36998.133992020295,25000.0,0.0,25.85021518659186,17.0,20.0,0.0,122.0,10.232211862287114,9.0,11.0,1.0,13143.917102929592,10000.0,19000.0,1.0,16.5,17.258890336077542,19.0,1.0,20294.77956048897,10000.0,25000.0,1.0,18.606972047149387,17.0,20.0,1.0,0.0,211.0,1.0,3.0
11.0,22.0,11.0,21.0,-121.0,11.0,11.0,-111.0,10.001558611884624,9.0,11.0,30000.0,10000.0,19000.0,0.0,24.595645910501823,16.5,19.0,0.0,10000.0,36524.20800920528,25000.0,0.0,25.897641230023293,17.0,20.0,0.0,121.0,10.005001415605717,9.0,11.0,1.0,12587.775175304556,10000.0,19000.0,1.0,16.5,16.994489098390645,19.0,1.0,19075.060590373254,10000.0,25000.0,1.0,18.289116007113044,17.0,20.0,1.0,0.0,111.0,1.0,26.0
81.0,23.0,81.0,23.0,-721.0,912.0,12.0,-711.0,15.03768218383086,12.0,17.0,30000.0,12500.0,23000.0,0.0,25.737290308668463,20.0,24.0,0.0,12500.0,33984.13338887932,26000.0,0.0,26.22163787258928,20.0,25.0,0.0,722.0,15.176202286607069,12.0,17.0,1.0,17202.535924955206,12500.0,23000.0,1.0,20.0,21.882154857836476,24.0,1.0,21199.630303274873,12500.0,26000.0,1.0,22.368078077752887,20.0,25.0,1.0,0.0,912.0,7.0,31.0
11.0,21.0,11.0,22.0,-121.0,11.0,11.0,-111.0,9.998651929934578,9.0,11.0,30000.0,10000.0,19000.0,0.0,27.017340836011286,16.5,19.0,0.0,10000.0,36482.00356952353,25000.0,0.0,28.314845958924675,17.0,20.0,0.0,121.0,9.99513042151555,9.0,11.0,1.0,14761.34085618798,10000.0,19000.0,1.0,16.5,17.473149217363105,19.0,1.0,21333.55019434991,10000.0,25000.0,1.0,18.788710863335965,17.0,20.0,1.0,0.0,111.0,1.0,43.0
11.0,22.0,11.0,22.0,-121.0,11.0,11.0,-111.0,9.9842846520587,9.0,11.0,30000.0,10000.0,19000.0,0.0,24.02967195937842,16.5,19.0,0.0,10000.0,36501.952971314924,25000.0,0.0,25.330046981403367,17.0,20.0,0.0,121.0,10.001725057570042,9.0,11.0,1.0,14343.245422577385,10000.0,19000.0,1.0,16.5,17.386925256239653,19.0,1.0,20841.37820004879,10000.0,25000.0,1.0,18.686536248645297,17.0,20.0,1.0,0.0,111.0,1.0,17.0
11.0,22.0,11.0,21.0,-121.0,11.0,12.0,-111.0,10.216009069038648,9.0,11.0,30000.0,10000.0,19000.0,0.0,24.660379887446737,16.5,19.0,0.0,10000.0,37228.18295900766,25000.0,0.0,26.022950728097197,17.0,20.0,0.0,122.0,10.209713742477563,9.0,11.0,1.0,15179.997721213564,10000.0,19000.0,1.0,16.5,17.557082185111916,19.0,1.0,21987.942772630508,10000.0,25000.0,1.0,18.840434787615056,17.0,20.0,1.0,0.0,111.0,1.0,45.0
11.0,22.0,11.0,22.0,-121.0,11.0,11.0,-111.0,9.983601855114202,9.0,11.0,30000.0,10000.0,19000.0,0.0,25.287275925245297,16.5,19.0,0.0,10000.0,36556.846601769525,25000.0,0.0,26.603842445465915,17.0,20.0,0.0,121.0,10.012221590330064,9.0,11.0,1.0,16806.95600196826,10000.0,19000.0,1.0,16.5,17.926120740904008,19.0,1.0,23234.175939655863,10000.0,25000.0,1.0,19.216659181405312,17.0,20.0,1.0,0.0,111.0,1.0,38.0
81.0,23.0,81.0,23.0,-721.0,912.0,12.0,-711.0,15.110845967468439,12.0,17.0,30000.0,12500.0,23000.0,0.0,26.49484256002595,20.0,24.0,0.0,12500.0,34071.04546705149,26000.0,0.0,26.990661994107754,20.0,25.0,0.0,722.0,14.99307613256183,12.0,17.0,1.0,18672.522362114883,12500.0,23000.0,1.0,20.0,21.826687115048486,24.0,1.0,22633.706925156734,12500.0,26000.0,1.0,22.30912640594726,20.0,25.0,1.0,0.0,912.0,7.0,5.0
81.0,23.0,81.0,23.0,-721.0,912.0,11.0,-711.0,15.2951491890879,12.0,17.0,30000.0,12500.0,23000.0,0.0,26.70678345759366,20.0,24.0,0.0,12500.0,34015.27677242989,26000.0,0.0,27.19448912827948,20.0,25.0,0.0,722.0,15.252941648479498,12.0,17.0,1.0,18227.45965017491,12500.0,23000.0,1.0,20.0,22.039017417249536,24.0,1.0,22304.423223182705,12500.0,26000.0,1.0,22.534215722728273,20.0,25.0,1.0,0.0,912.0,7.0,17.0
11.0,22.0,11.0,22.0,-121.0,11.0,11.0,-111.0,10.189890162751434,9.0,11.0,30000.0,10000.0,19000.0,0.0,23.91308488133009,16.5,19.0,0.0,10000.0,36879.70414846233,25000.0,0.0,25.212652918654598,17.0,20.0,0.0,122.0,10.197304983609778,9.0,11.0,1.0,13843.751796182767,10000.0,19000.0,1.0,16.5,17.333308563784627,19.0,1.0,20753.547957666047,10000.0,25000.0,1.0,18.63856094704275,17.0,20.0,1.0,0.0,111.0,1.0,27.0
11.0,22.0,11.0,22.0,-121.0,21.0,12.0,-111.0,9.992379662386805,9.0,11.0,30000.0,10000.0,19000.0,0.0,24.926066589227766,16.5,19.0,0.0,10000.0,36510.77318337744,25000.0,0.0,26.233091798629644,17.0,20.0,0.0,121.0,9.986567965835913,9.0,11.0,1.0,16464.544935539485,10000.0,19000.0,1.0,16.5,17.791996303066604,19.0,1.0,22979.209411459975,10000.0,25000.0,1.0,19.099802681971347,17.0,20.0,1.0,0.0,211.0,1.0,23.0
11.0,22.0,11.0,22.0,-121.0,21.0,13.0,-111.0,10.17623575782427,9.0,11.0,30000.0,10000.0,19000.0,0.0,26.998540244950775,16.5,19.0,0.0,10000.0,37051.396279096465,25000.0,0.0,28.32650045599148,17.0,20.0,0.0,122.0,10.204800745988354,9.0,11.0,1.0,14510.562534853023,10000.0,19000.0,1.0,16.5,17.42377395106205,19.0,1.0,21473.863389400485,10000.0,25000.0,1.0,18.735143516229876,17.0,20.0,1.0,0.0,211.0,1.0,16.0
91.0,24.0,91.0,24.0,-721.0,911.0,12.0,-711.0,15.021734645803937,12.0,17.0,30000.0,18000.0,36000.0,1.0,24.312593267887518,20.0,25.0,1.0,18000.0,33942.72985282431,36000.0,1.0,24.793762181721313,20.0,26.0,1.0,722.0,15.101013054568321,12.0,17.0,1.0,22381.06804279051,18000.0,36000.0,1.0,20.0,22.822193859171552,25.0,1.0,26346.157037273373,18000.0,36000.0,1.0,23.306091472233472,20.0,26.0,1.0,1.0,91121.0,7.0,24.0
11.0,22.0,11.0,21.0,-121.0,11.0,12.0,-111.0,10.2061065221411,9.0,11.0,30000.0,10000.0,19000.0,0.0,24.8855535421429,16.5,19.0,0.0,10000.0,36870.1953671941,25000.0,0.0,26.175423012102396,17.0,20.0,0.0,122.0,10.22159627789249,9.0,11.0,1.0,12982.97608922239,10000.0,19000.0,1.0,16.5,17.15133904275299,19.0,1.0,19981.434633241555,10000.0,25000.0,1.0,18.465289742876138,17.0,20.0,1.0,0.0,111.0,1.0,46.0
91.0,24.0,91.0,24.0,-721.0,911.0,12.0,-711.0,15.483279516016992,12.0,17.0,30000.0,18000.0,36000.0,1.0,25.00693086835648,20.0,25.0,0.0,18000.0,34506.56919036712,36000.0,1.0,25.571859246091606,20.0,26.0,1.0,721.0,15.231879657429998,12.0,17.0,1.0,28545.93235866146,18000.0,36000.0,1.0,20.0,23.764127676889494,25.0,1.0,33006.3530712192,18000.0,36000.0,1.0,24.323271036442826,20.0,26.0,1.0,0.0,91121.0,7.0,23.0
11.0,22.0,11.0,22.0,-121.0,21.0,13.0,-111.0,10.010368292791567,9.0,11.0,30000.0,10000.0,19000.0,0.0,25.652620675741836,16.5,19.0,0.0,10000.0,36494.83010220947,25000.0,0.0,26.946764978406847,17.0,20.0,0.0,121.0,9.981607494827106,9.0,11.0,1.0,17573.41041609377,10000.0,19000.0,1.0,16.5,18.016743318559115,19.0,1.0,24171.062553314,10000.0,25000.0,1.0,19.33137569384551,17.0,20.0,1.0,0.0,211.0,1.0,41.0
11.0,22.0,11.0,21.0,-121.0,21.0,13.0,-111.0,10.009353488841494,9.0,11.0,30000.0,10000.0,19000.0,0.0,25.109133472441055,16.5,19.0,0.0,10000.0,36542.027998980986,25000.0,0.0,26.415986900275374,17.0,20.0,0.0,121.0,10.006414832267172,9.0,11.0,1.0,12209.431972578484,10000.0,19000.0,1.0,16.5,16.94449133469009,19.0,1.0,18698.656491752234,10000.0,25000.0,1.0,18.24079659480051,17.0,20.0,1.0,0.0,211.0,1.0,2.0
91.0,24.0,91.0,24.0,-721.0,911.0,12.0,-711.0,14.925043212847516,12.0,17.0,30000.0,18000.0,36000.0,1.0,24.461543783475797,20.0,25.0,1.0,18000.0,33952.969685613396,36000.0,1.0,24.94571572640066,20.0,26.0,1.0,722.0,15.293917790582228,12.0,17.0,1.0,25406.130558882214,18000.0,36000.0,1.0,20.0,23.249470006340964,25.0,1.0,29311.965696163723,18000.0,36000.0,1.0,23.727868764126615,20.0,26.0,1.0,1.0,91121.0,7.0,13.0
11.0,22.0,11.0,22.0,-121.0,11.0,11.0,-111.0,9.98994959174483,9.0,11.0,30000.0,10000.0,19000.0,0.0,24.38418475653019,16.5,19.0,0.0,10000.0,36533.07974385112,25000.0,0.0,25.68393595565096,17.0,20.0,0.0,121.0,9.997353124045702,9.0,11.0,1.0,15691.376851662339,10000.0,19000.0,1.0,16.5,17.6185307239696,19.0,1.0,22060.13373096864,10000.0,25000.0,1.0,18.885590015351738,17.0,20.0,1.0,0.0,111.0,1.0,38.0
11.0,22.0,11.0,21.0,-121.0,11.0,12.0,-111.0,9.991467904494934,9.0,11.0,30000.0,10000.0,19000.0,0.0,24.065353618357918,16.5,19.0,0.0,10000.0,36618.674635960226,25000.0,0.0,25.390435781196096,17.0,20.0,0.0,121.0,10.00735666164917,9.0,11.0,1.0,14561.544269692593,10000.0,19000.0,1.0,16.5,17.391691446693144,19.0,1.0,21175.59179797351,10000.0,25000.0,1.0,18.715847246144598,17.0,20.0,1.0,0.0,111.0,1.0,10.0
11.0,22.0,11.0,21.0,-121.0,11.0,11.0,-111.0,10.201481191125183,9.0,11.0,30000.0,10000.0,19000.0,0.0,27.13188195216321,16.5,19.0,0.0,10000.0,37006.054792238305,25000.0,0.0,28.460283929529023,17.0,20.0,0.0,122.0,10.214719610475177,9.0,11.0,1.0,13904.611933371913,10000.0,19000.0,1.0,16.5,17.333707772356696,19.0,1.0,20947.650292556435,10000.0,25000.0,1.0,18.669122119011405,17.0,20.0,1.0,0.0,111.0,1.0,1.0
11.0,21.0,11.0,22.0,-121.0,11.0,11.0,-111.0,9.985093951186096,9.0,11.0,30000.0,10000.0,19000.0,0.0,24.303866741214676,16.5,19.0,0.0,10000.0,36498.87961941425,25000.0,0.0,25.603685302740715,17.0,20.0,0.0,121.0,10.003514547721903,9.0,11.0,1.0,17512.33689952482,10000.0,19000.0,1.0,16.5,18.036783485319198,19.0,1.0,23988.534322035695,10000.0,25000.0,1.0,19.332065458651925,17.0,20.0,1.0,0.0,111.0,1.0,29.0
11.0,22.0,11.0,21.0,-121.0,21.0,13.0,-111.0,10.213062799226353,9.0,11.0,30000.0,10000.0,19000.0,0.0,24.80925099570233,16.5,19.0,0.0,10000.0,36939.73382918793,25000.0,0.0,26.115077725357207,17.0,20.0,0.0,122.0,10.197122941961718,9.0,11.0,1.0,11290.412494192462,10000.0,19000.0,1.0,16.5,16.791473213664833,19.0,1.0,18306.896958891906,10000.0,25000.0,1.0,18.111741856199338,17.0,20.0,1.0,0.0,211.0,1.0,33.0
92.0,24.0,92.0,24.0,-721.0,921.0,13.0,-711.0,14.796152270099471,12.0,17.0,30000.0,15000.0,28000.0,0.0,23.873870167907704,19.5,25.0,1.0,15000.0,34524.20412049613,28000.0,0.0,24.438674930420504,20.0,26.0,1.0,721.0,14.613310441896818,12.0,17.0,1.0,18860.549680912114,15000.0,28000.0,1.0,19.5,21.01148469323101,25.0,1.0,23337.125800218033,15000.0,28000.0,1.0,21.570343543228653,20.0,26.0,1.0,0.0,92122.0,7.0,20.0
92.0,24.0,92.0,24.0,-721.0,921.0,13.0,-711.0,15.867165209591722,12.0,17.0,30000.0,15000.0,28000.0,0.0,24.71217348670732,19.5,25.0,1.0,15000.0,34413.1798910046,28000.0,0.0,25.263787292628525,20.0,26.0,1.0,721.0,14.661695954932721,12.0,17.0,1.0,21588.657935309206,15000.0,28000.0,1.0,19.5,21.404075052843602,25.0,1.0,26030.81521204905,15000.0,28000.0,1.0,21.959310810832438,20.0,26.0,1.0,0.0,92122.0,7.0,25.0
11.0,22.0,11.0,22.0,-121.0,21.0,13.0,-111.0,10.222265799261656,9.0,11.0,30000.0,10000.0,19000.0,0.0,25.321249491732807,16.5,19.0,0.0,10000.0,37103.05853441943,25000.0,0.0,26.66908620330933,17.0,20.0,0.0,122.0,10.204123030131504,9.0,11.0,1.0,16503.46283612419,10000.0,19000.0,1.0,16.5,17.87536414765679,19.0,1.0,23394.558214405497,10000.0,25000.0,1.0,19.18297991469791,17.0,20.0,1.0,0.0,211.0,1.0,13.0
11.0,21.0,11.0,21.0,-121.0,11.0,11.0,-111.0,10.21779119178081,9.0,11.0,30000.0,10000.0,19000.0,0.0,24.885620651624876,16.5,19.0,0.0,10000.0,36960.56179190482,25000.0,0.0,26.193363069168313,17.0,20.0,0.0,122.0,10.211121233391898,9.0,11.0,1.0,12356.57932971736,10000.0,19000.0,1.0,16.5,16.984050178960214,19.0,1.0,19365.391876741367,10000.0,25000.0,1.0,18.300857893391218,17.0,20.0,1.0,0.0,111.0,1.0,18.0
11.0,22.0,11.0,22.0,-121.0,11.0,12.0,-111.0,10.191738547151514,9.0,11.0,30000.0,10000.0,19000.0,0.0,25.03297891060813,16.5,19.0,0.0,10000.0,37076.17713523562,25000.0,0.0,26.371811522416362,17.0,20.0,0.0,122.0,10.173704473464,9.0,11.0,1.0,15015.016906208,10000.0,19000.0,1.0,16.5,17.565521289507977,19.0,1.0,22000.26671587062,10000.0,25000.0,1.0,18.887150195635147,17.0,20.0,1.0,0.0,111.0,1.0,14.0
11.0,21.0,11.0,21.0,-121.0,11.0,11.0,-111.0,10.212196671801527,9.0,11.0,30000.0,10000.0,19000.0,0.0,24.978369941324573,16.5,19.0,0.0,10000.0,37005.78068775499,25000.0,0.0,26.302808144368914,17.0,20.0,0.0,122.0,10.19954358080402,9.0,11.0,1.0,11453.83824023629,10000.0,19000.0,1.0,16.5,16.848913517740407,19.0,1.0,18457.07742153429,10000.0,25000.0,1.0,18.17287125067086,17.0,20.0,1.0,0.0,111.0,1.0,56.0
11.0,22.0,11.0,22.0,-121.0,21.0,12.0,-111.0,10.20543459343677,9.0,11.0,30000.0,10000.0,19000.0,0.0,24.858986109596795,16.5,19.0,0.0,10000.0,37143.802092789956,25000.0,0.0,26.203374095171856,17.0,20.0,0.0,122.0,10.183655061199989,9.0,11.0,1.0,16032.040205202304,10000.0,19000.0,1.0,16.5,17.714193181033714,19.0,1.0,23023.41237692808,10000.0,25000.0,1.0,19.02989546789273,17.0,20.0,1.0,0.0,211.0,1.0,25.0
81.0,23.0,81.0,23.0,-721.0,912.0,11.0,-711.0,14.877802045719308,12.0,17.0,30000.0,12500.0,23000.0,0.0,25.2424004668309,20.0,24.0,0.0,12500.0,34029.98937132488,26000.0,0.0,25.732293386948307,20.0,25.0,0.0,722.0,15.196285503032584,12.0,17.0,1.0,16735.487478532265,12500.0,23000.0,1.0,20.0,21.718454302476264,24.0,1.0,20603.908289644274,12500.0,26000.0,1.0,22.188706651249973,20.0,25.0,1.0,0.0,912.0,7.0,17.0
11.0,22.0,11.0,21.0,-121.0,11.0,11.0,-111.0,10.228594919312545,9.0,11.0,30000.0,10000.0,19000.0,0.0,23.3782985412472,16.5,19.0,0.0,10000.0,37112.46784115334,25000.0,0.0,24.72524143007503,17.0,20.0,0.0,122.0,10.193737092643152,9.0,11.0,1.0,15739.700258448836,10000.0,19000.0,1.0,16.5,17.671659996532473,19.0,1.0,22628.096772216577,10000.0,25000.0,1.0,18.97616876997971,17.0,20.0,1.0,0.0,111.0,1.0,54.0
91.0,24.0,91.0,24.0,-721.0,911.0,12.0,-711.0,14.453017556273828,12.0,17.0,30000.0,18000.0,36000.0,1.0,23.706685392979892,20.0,25.0,1.0,18000.0,34488.78084116231,36000.0,1.0,24.272167085865654,20.0,26.0,1.0,721.0,14.798284619729689,12.0,17.0,1.0,29375.115653976805,18000.0,36000.0,1.0,20.0,23.482309140506743,25.0,1.0,33899.57024213024,18000.0,36000.0,1.0,24.052284893484533,20.0,26.0,1.0,1.0,91121.0,7.0,27.0
91.0,24.0,91.0,21.0,-721.0,911.0,11.0,-711.0,15.219758357909345,12.0,17.0,30000.0,18000.0,36000.0,1.0,25.577166232974285,20.0,25.0,0.0,18000.0,34504.949014468955,36000.0,1.0,26.13899980885935,20.0,26.0,0.0,721.0,14.933908524160655,12.0,17.0,1.0,21903.25608828863,18000.0,36000.0,1.0,20.0,22.64192226880586,25.0,1.0,26408.082516872448,18000.0,36000.0,1.0,23.203740556423295,20.0,26.0,1.0,0.0,91121.0,7.0,3.0
11.0,22.0,11.0,22.0,-121.0,21.0,13.0,-111.0,10.210525400482974,9.0,11.0,30000.0,10000.0,19000.0,0.0,24.702658584691342,16.5,19.0,0.0,10000.0,37145.361446309274,25000.0,0.0,26.045467259330174,17.0,20.0,0.0,122.0,10.19565761116744,9.0,11.0,1.0,14677.750963375154,10000.0,19000.0,1.0,16.5,17.49139684886338,19.0,1.0,21987.80773001185,10000.0,25000.0,1.0,18.86515627476509,17.0,20.0,1.0,0.0,211.0,1.0,4.0
92.0,24.0,92.0,24.0,-721.0,921.0,13.0,-711.0,14.99472037636069,12.0,17.0,30000.0,15000.0,28000.0,0.0,24.55098175969096,19.5,25.0,1.0,15000.0,34536.50294877405,28000.0,0.0,25.117381080323803,20.0,26.0,1.0,721.0,15.067754800211537,12.0,17.0,1.0,19283.242770217712,15000.0,28000.0,1.0,19.5,21.460199278302348,25.0,1.0,23744.290592215155,15000.0,28000.0,1.0,22.01717774480435,20.0,26.0,1.0,0.0,92122.0,7.0,22.0
11.0,22.0,11.0,21.0,-121.0,11.0,12.0,-111.0,10.006654862231821,9.0,11.0,30000.0,10000.0,19000.0,0.0,23.96220184103932,16.5,19.0,0.0,10000.0,36490.092975531916,25000.0,0.0,25.25615081152396,17.0,20.0,0.0,121.0,10.00688838089614,9.0,11.0,1.0,15514.146855792398,10000.0,19000.0,1.0,16.5,17.568831623531977,19.0,1.0,22027.937608137036,10000.0,25000.0,1.0,18.86750528964505,17.0,20.0,1.0,0.0,111.0,1.0,10.0
11.0,22.0,11.0,22.0,-121.0,11.0,11.0,-111.0,9.983363113860062,9.0,11.0,30000.0,10000.0,19000.0,0.0,24.32063154614196,16.5,19.0,0.0,10000.0,36539.216007046474,25000.0,0.0,25.61820592014284,17.0,20.0,0.0,121.0,10.001556150655682,9.0,11.0,1.0,13956.340007279889,10000.0,19000.0,1.0,16.5,17.29025905451798,19.0,1.0,20442.036343071526,10000.0,25000.0,1.0,18.577213538634446,17.0,20.0,1.0,0.0,111.0,1.0,55.0
81.0,21.0,81.0,23.0,-721.0,912.0,12.0,-711.0,14.046224696030226,12.0,17.0,30000.0,12500.0,23000.0,0.0,25.71880142707525,20.0,24.0,0.0,12500.0,34515.206818867504,26000.0,0.0,26.286235371382688,20.0,25.0,0.0,721.0,15.331012997476272,12.0,17.0,1.0,17161.27687801284,12500.0,23000.0,1.0,20.0,22.05926700649821,24.0,1.0,21686.651816225185,12500.0,26000.0,1.0,22.627978796161905,20.0,25.0,1.0,0.0,912.0,7.0,7.0
91.0,24.0,91.0,21.0,-721.0,911.0,12.0,-711.0,15.390337619712453,12.0,17.0,30000.0,18000.0,36000.0,1.0,24.849698778639443,20.0,25.0,1.0,18000.0,33968.51172751272,36000.0,1.0,25.334290105424625,20.0,26.0,1.0,722.0,15.511556857866726,12.0,17.0,1.0,25305.300006227968,18000.0,36000.0,1.0,20.0,23.582664276867327,25.0,1.0,29225.431057888054,18000.0,36000.0,1.0,24.061347883703075,20.0,26.0,1.0,1.0,91121.0,7.0,14.0
11.0,22.0,11.0,22.0,-121.0,21.0,13.0,-111.0,9.986994875895215,9.0,11.0,30000.0,10000.0,19000.0,0.0,25.77546698622292,16.5,19.0,0.0,10000.0,36489.24793259272,25000.0,0.0,27.08219560402672,17.0,20.0,0.0,121.0,9.996610937738785,9.0,11.0,1.0,14776.510353054495,10000.0,19000.0,1.0,16.5,17.475951469416326,19.0,1.0,21266.310000484442,10000.0,25000.0,1.0,18.782791185081415,17.0,20.0,1.0,0.0,211.0,1.0,21.0
11.0,21.0,11.0,22.0,-121.0,11.0,11.0,-111.0,9.994391635405721,9.0,11.0,30000.0,10000.0,19000.0,0.0,25.92147740779091,16.5,19.0,0.0,10000.0,36438.96289584248,25000.0,0.0,27.202952935571393,17.0,20.0,0.0,121.0,9.985704288552347,9.0,11.0,1.0,14185.644882297853,10000.0,19000.0,1.0,16.5,17.32394261181211,19.0,1.0,20634.50563950584,10000.0,25000.0,1.0,18.60738800140457,17.0,20.0,1.0,0.0,111.0,1.0,43.0
91.0,24.0,91.0,21.0,-721.0,911.0,11.0,-711.0,15.145843438609795,12.0,17.0,30000.0,18000.0,36000.0,1.0,24.713065863952856,20.0,25.0,1.0,18000.0,34111.23244771156,36000.0,1.0,25.212867388833352,20.0,26.0,1.0,722.0,15.428689053640902,12.0,17.0,1.0,22254.146259851597,18000.0,36000.0,1.0,20.0,23.109860179907933,25.0,1.0,26263.389550574484,18000.0,36000.0,1.0,23.597262907874722,20.0,26.0,1.0,1.0,91121.0,7.0,3.0
11.0,21.0,11.0,22.0,-121.0,11.0,11.0,-111.0,10.173701833531776,9.0,11.0,30000.0,10000.0,19000.0,0.0,24.308734952868726,16.5,19.0,0.0,10000.0,36986.36697815149,25000.0,0.0,25.628196692847983,17.0,20.0,0.0,122.0,10.20584976724257,9.0,11.0,1.0,14845.680641234982,10000.0,19000.0,1.0,16.5,17.537981312774292,19.0,1.0,21668.846925795617,10000.0,25000.0,1.0,18.826620584966697,17.0,20.0,1.0,0.0,111.0,1.0,43.0
11.0,22.0,11.0,21.0,-121.0,11.0,11.0,-111.0,10.163517787103405,9.0,11.0,30000.0,10000.0,19000.0,0.0,24.976970600066515,16.5,19.0,0.0,10000.0,37180.75610615782,25000.0,0.0,26.328555508323987,17.0,20.0,0.0,122.0,10.22445415281712,9.0,11.0,1.0,12855.102351709413,10000.0,19000.0,1.0,16.5,17.123070805946657,19.0,1.0,19775.115571141094,10000.0,25000.0,1.0,18.425577853123134,17.0,20.0,1.0,0.0,111.0,1.0,54.0
11.0,22.0,11.0,21.0,-121.0,11.0,11.0,-111.0,10.204871404598828,9.0,11.0,30000.0,10000.0,19000.0,0.0,23.135483718537717,16.5,19.0,0.0,10000.0,37012.07610450436,25000.0,0.0,24.458698126270324,17.0,20.0,0.0,122.0,10.217782470165025,9.0,11.0,1.0,9925.427897646501,10000.0,19000.0,0.0,16.5,16.568141138065812,19.0,1.0,16967.138373631584,10000.0,25000.0,1.0,17.896947702347063,17.0,20.0,1.0,0.0,111.0,1.0,0.0
11.0,22.0,11.0,22.0,-121.0,11.0,11.0,-111.0,10.01624117315906,9.0,11.0,30000.0,10000.0,19000.0,0.0,23.245460337606996,16.5,19.0,0.0,10000.0,36464.027407486916,25000.0,0.0,24.536680480478864,17.0,20.0,0.0,121.0,10.003304348240384,9.0,11.0,1.0,17998.884504952297,10000.0,19000.0,1.0,16.5,18.1365498452805,19.0,1.0,24460.21041165542,10000.0,25000.0,1.0,19.427230350553682,17.0,20.0,1.0,0.0,111.0,1.0,30.0
81.0,21.0,81.0,23.0,-721.0,912.0,12.0,-711.0,15.37264499977285,12.0,17.0,30000.0,12500.0,23000.0,0.0,27.289729617172444,20.0,24.0,0.0,12500.0,34514.20036230826,26000.0,0.0,27.855866927150274,20.0,25.0,0.0,721.0,15.536881085837255,12.0,17.0,1.0,20559.58216955234,12500.0,23000.0,1.0,20.0,22.68234110009648,24.0,1.0,25037.187746132295,12500.0,26000.0,1.0,23.2438889652361,20.0,25.0,1.0,0.0,912.0,7.0,7.0
11.0,22.0,11.0,21.0,-121.0,11.0,11.0,-111.0,9.987729381907377,9.0,11.0,30000.0,10000.0,19000.0,0.0,24.88407889237748,16.5,19.0,0.0,10000.0,36391.69464818455,25000.0,0.0,26.160514907320618,17.0,20.0,0.0,121.0,10.003316099713878,9.0,11.0,1.0,14335.990648388079,10000.0,19000.0,1.0,16.5,17.34097805376326,19.0,1.0,20823.935900711564,10000.0,25000.0,1.0,18.636635534115083,17.0,20.0,1.0,0.0,111.0,1.0,12.0
11.0,22.0,11.0,21.0,-121.0,11.0,11.0,-111.0,10.19145963717045,9.0,11.0,30000.0,10000.0,19000.0,0.0,22.662747339848963,16.5,19.0,0.0,10000.0,36953.919087341186,25000.0,0.0,23.976865394446918,17.0,20.0,0.0,122.0,10.21365019883089,9.0,11.0,1.0,13005.261439749664,10000.0,19000.0,1.0,16.5,17.168607268989675,19.0,1.0,20076.7829146691,10000.0,25000.0,1.0,18.50494925499082,17.0,20.0,1.0,0.0,111.0,1.0,39.0
91.0,24.0,91.0,24.0,-721.0,911.0,12.0,-711.0,15.315192916771565,12.0,17.0,30000.0,18000.0,36000.0,1.0,24.740640700756597,20.0,25.0,1.0,18000.0,33830.420369613006,36000.0,1.0,25.206165626565976,20.0,26.0,1.0,722.0,15.281095066361368,12.0,17.0,1.0,28501.27451135235,18000.0,36000.0,1.0,20.0,23.761372176734007,25.0,1.0,32427.773201589545,18000.0,36000.0,1.0,24.23857385046257,20.0,26.0,1.0,1.0,91121.0,7.0,13.0
11.0,22.0,11.0,21.0,-121.0,21.0,13.0,-111.0,10.198145118293223,9.0,11.0,30000.0,10000.0,19000.0,0.0,25.62827596160505,16.5,19.0,0.0,10000.0,36802.557668377325,25000.0,0.0,26.909883742480087,17.0,20.0,0.0,122.0,10.206297294292234,9.0,11.0,1.0,11342.088238205577,10000.0,19000.0,1.0,16.5,16.823132966130732,19.0,1.0,18339.13060680774,10000.0,25000.0,1.0,18.141381833670568,17.0,20.0,1.0,0.0,211.0,1.0,20.0
91.0,24.0,91.0,24.0,-721.0,911.0,11.0,-711.0,14.99126647347136,12.0,17.0,30000.0,18000.0,36000.0,1.0,24.418405365007096,20.0,25.0,1.0,18000.0,34466.09978381914,36000.0,1.0,24.97646781775923,20.0,26.0,1.0,721.0,15.207197474039427,12.0,17.0,1.0,23391.30579196055,18000.0,36000.0,1.0,20.0,23.055939921202278,25.0,1.0,27928.272458787225,18000.0,36000.0,1.0,23.62285756046264,20.0,26.0,1.0,1.0,91121.0,7.0,4.0
11.0,22.0,11.0,22.0,-121.0,11.0,11.0,-111.0,10.002497566590455,9.0,11.0,30000.0,10000.0,19000.0,0.0,23.856962319288183,16.5,19.0,0.0,10000.0,36467.604590326526,25000.0,0.0,25.153715204937118,17.0,20.0,0.0,121.0,10.006288456436032,9.0,11.0,1.0,13420.66637100308,10000.0,19000.0,1.0,16.5,17.253935005291375,19.0,1.0,19987.475490494944,10000.0,25000.0,1.0,18.570578370895902,17.0,20.0,1.0,0.0,111.0,1.0,30.0
91.0,24.0,91.0,24.0,-721.0,911.0,12.0,-711.0,15.210783562743519,12.0,17.0,30000.0,18000.0,36000.0,1.0,24.381342619758517,20.0,25.0,1.0,18000.0,33976.86396409551,36000.0,1.0,24.86658379207631,20.0,26.0,1.0,722.0,14.887132963406511,12.0,17.0,1.0,25958.940142560554,18000.0,36000.0,1.0,20.0,23.081050619021,25.0,1.0,30004.11270388148,18000.0,36000.0,1.0,23.57462653552323,20.0,26.0,1.0,1.0,91121.0,7.0,27.0
11.0,22.0,11.0,21.0,-121.0,21.0,12.0,-111.0,10.203637597946807,9.0,11.0,30000.0,10000.0,19000.0,0.0,24.290765632853688,16.5,19.0,0.0,10000.0,37044.76523922312,25000.0,0.0,25.618874870977542,17.0,20.0,0.0,122.0,10.205530148451372,9.0,11.0,1.0,14834.996422585707,10000.0,19000.0,1.0,16.5,17.481633367153155,19.0,1.0,21801.053777886726,10000.0,25000.0,1.0,18.794904258760063,17.0,20.0,1.0,0.0,211.0,1.0,53.0
11.0,22.0,11.0,21.0,-121.0,21.0,12.0,-111.0,9.986417985323525,9.0,11.0,30000.0,10000.0,19000.0,0.0,24.561342545887065,16.5,19.0,0.0,10000.0,36499.16804238882,25000.0,0.0,25.858982010395714,17.0,20.0,0.0,121.0,10.002840666728474,9.0,11.0,1.0,14503.415104012216,10000.0,19000.0,1.0,16.5,17.385894560094997,19.0,1.0,20981.239435206277,10000.0,25000.0,1.0,18.679272488083164,17.0,20.0,1.0,0.0,211.0,1.0,53.0
91.0,24.0,91.0,21.0,-721.0,911.0,12.0,-711.0,15.104863765787321,12.0,17.0,30000.0,18000.0,36000.0,1.0,23.735806225182035,20.0,25.0,1.0,18000.0,33916.950632816886,36000.0,1.0,24.213776866240785,20.0,26.0,1.0,722.0,15.291156397349225,12.0,17.0,1.0,28001.619880104274,18000.0,36000.0,1.0,20.0,23.620801358279934,25.0,1.0,31984.50571389025,18000.0,36000.0,1.0,24.106817822028276,20.0,26.0,1.0,1.0,91121.0,7.0,29.0
11.0,21.0,11.0,22.0,-121.0,11.0,11.0,-111.0,10.202200326111258,9.0,11.0,30000.0,10000.0,19000.0,0.0,23.997380168690782,16.5,19.0,0.0,10000.0,37137.78066476582,25000.0,0.0,25.33098425059611,17.0,20.0,0.0,122.0,10.195632071995734,9.0,11.0,1.0,14923.643795001208,10000.0,19000.0,1.0,16.5,17.524681586316227,19.0,1.0,22127.537175554295,10000.0,25000.0,1.0,18.870637993374242,17.0,20.0,1.0,0.0,111.0,1.0,43.0
11.0,22.0,11.0,22.0,-121.0,21.0,13.0,-111.0,10.189202564458185,9.0,11.0,30000.0,10000.0,19000.0,0.0,26.85720081814122,16.5,19.0,0.0,10000.0,37212.79547706219,25000.0,0.0,28.219011681389528,17.0,20.0,0.0,122.0,10.217038427942116,9.0,11.0,1.0,12910.999509226776,10000.0,19000.0,1.0,16.5,17.199029479475275,19.0,1.0,19795.37738213483,10000.0,25000.0,1.0,18.498833501902798,17.0,20.0,1.0,0.0,211.0,1.0,21.0
81.0,23.0,81.0,23.0,-721.0,912.0,12.0,-711.0,15.236242378737286,12.0,17.0,30000.0,12500.0,23000.0,0.0,26.046453977190737,20.0,24.0,0.0,12500.0,34527.91810656332,26000.0,0.0,26.612430165529535,20.0,25.0,0.0,721.0,14.65787918304142,12.0,17.0,1.0,18960.45995173393,12500.0,23000.0,1.0,20.0,21.634546541066225,24.0,1.0,23433.34454801339,12500.0,26000.0,1.0,22.193643705613443,20.0,25.0,1.0,0.0,912.0,7.0,31.0
11.0,22.0,11.0,22.0,-121.0,21.0,13.0,-111.0,10.004999967116527,9.0,11.0,30000.0,10000.0,19000.0,0.0,25.73435289742174,16.5,19.0,0.0,10000.0,36454.62143784318,25000.0,0.0,27.018300884575623,17.0,20.0,0.0,121.0,9.99698584302022,9.0,11.0,1.0,15256.899349902022,10000.0,19000.0,1.0,16.5,17.569326935873868,19.0,1.0,21789.428517536457,10000.0,25000.0,1.0,18.868772264554664,17.0,20.0,1.0,0.0,211.0,1.0,4.0
11.0,22.0,11.0,21.0,-121.0,21.0,13.0,-111.0,10.18158527911459,9.0,11.0,30000.0,10000.0,19000.0,0.0,26.637644385659776,16.5,19.0,0.0,10000.0,37032.01999937801,25000.0,0.0,27.964313514954053,17.0,20.0,0.0,122.0,10.196712856966766,9.0,11.0,1.0,13287.650832073465,10000.0,19000.0,1.0,16.5,17.19647460791386,19.0,1.0,20274.902786918123,10000.0,25000.0,1.0,18.514697745492168,17.0,20.0,1.0,0.0,211.0,1.0,58.0
11.0,22.0,11.0,22.0,-121.0,11.0,11.0,-111.0,9.996683242479193,9.0,11.0,30000.0,10000.0,19000.0,0.0,24.111192888565387,16.5,19.0,0.0,10000.0,36502.58467800034,25000.0,0.0,25.417287218402084,17.0,20.0,0.0,121.0,9.992981052963195,9.0,11.0,1.0,15023.522866712055,10000.0,19000.0,1.0,16.5,17.54654285000032,19.0,1.0,21536.922994176202,10000.0,25000.0,1.0,18.854809546352612,17.0,20.0,1.0,0.0,111.0,1.0,17.0
11.0,22.0,11.0,22.0,-121.0,11.0,11.0,-111.0,10.196122524245903,9.0,11.0,30000.0,10000.0,19000.0,0.0,25.411135100843968,16.5,19.0,0.0,10000.0,37131.63016921638,25000.0,0.0,26.75888788351093,17.0,20.0,0.0,122.0,10.208098788546465,9.0,11.0,1.0,17966.80229833209,10000.0,19000.0,1.0,16.5,18.11897757599696,19.0,1.0,25189.51105970464,10000.0,25000.0,0.0,19.48394261211892,17.0,20.0,1.0,0.0,111.0,1.0,11.0
91.0,24.0,91.0,24.0,-721.0,911.0,12.0,-711.0,15.228784388454196,12.0,17.0,30000.0,18000.0,36000.0,1.0,25.052808230320224,20.0,25.0,0.0,18000.0,33883.851933689606,36000.0,1.0,25.526146796591554,20.0,26.0,1.0,722.0,15.098872063240874,12.0,17.0,1.0,24878.76717722336,18000.0,36000.0,1.0,20.0,23.167582000887876,25.0,1.0,28967.995520831373,18000.0,36000.0,1.0,23.665950505755344,20.0,26.0,1.0,0.0,91121.0,7.0,8.0
11.0,22.0,11.0,22.0,-121.0,21.0,13.0,-111.0,10.213264231384533,9.0,11.0,30000.0,10000.0,19000.0,0.0,26.230292673391872,16.5,19.0,0.0,10000.0,37062.37410472211,25000.0,0.0,27.57111443280153,17.0,20.0,0.0,122.0,10.213068555847517,9.0,11.0,1.0,11868.592667311628,10000.0,19000.0,1.0,16.5,16.96957831503398,19.0,1.0,18757.788412411886,10000.0,25000.0,1.0,18.277521426357776,17.0,20.0,1.0,0.0,211.0,1.0,31.0
11.0,22.0,11.0,21.0,-121.0,21.0,13.0,-111.0,10.183076636540763,9.0,11.0,30000.0,10000.0,19000.0,0.0,25.702517353828796,16.5,19.0,0.0,10000.0,37110.613476000166,25000.0,0.0,27.044620725466547,17.0,20.0,0.0,122.0,10.195266463397916,9.0,11.0,1.0,12486.182712785047,10000.0,19000.0,1.0,16.5,17.038098186319484,19.0,1.0,19376.26232624191,10000.0,25000.0,1.0,18.338576564350333,17.0,20.0,1.0,0.0,211.0,1.0,33.0
91.0,24.0,91.0,24.0,-721.0,911.0,12.0,-711.0,15.222453939395722,12.0,17.0,30000.0,18000.0,36000.0,1.0,24.912898377857427,20.0,25.0,1.0,18000.0,34037.17981926889,36000.0,1.0,25.40735176621121,20.0,26.0,1.0,722.0,14.946108494014076,12.0,17.0,1.0,29531.124738503648,18000.0,36000.0,1.0,20.0,23.613845058613464,25.0,1.0,33514.9056108406,18000.0,36000.0,1.0,24.10175841371953,20.0,26.0,1.0,1.0,91121.0,7.0,27.0
81.0,21.0,81.0,23.0,-721.0,912.0,12.0,-711.0,14.632645554007642,12.0,17.0,30000.0,12500.0,23000.0,0.0,27.49376732005597,20.0,24.0,0.0,12500.0,34423.51918942414,26000.0,0.0,28.048596691736364,20.0,25.0,0.0,721.0,15.949017290366573,12.0,17.0,1.0,17869.02686649845,12500.0,23000.0,1.0,20.0,22.772798571068687,24.0,1.0,22328.539266528333,12500.0,26000.0,1.0,23.332142468304408,20.0,25.0,1.0,0.0,912.0,7.0,7.0
11.0,22.0,11.0,21.0,-121.0,11.0,11.0,-111.0,10.192559383460445,9.0,11.0,30000.0,10000.0,19000.0,0.0,24.38715075863683,16.5,19.0,0.0,10000.0,36922.11434300616,25000.0,0.0,25.691460867872287,17.0,20.0,0.0,122.0,10.194043731730927,9.0,11.0,1.0,13559.7103254004,10000.0,19000.0,1.0,16.5,17.21512586598672,19.0,1.0,20647.848323016122,10000.0,25000.0,1.0,18.550719239315935,17.0,20.0,1.0,0.0,111.0,1.0,0.0
91.0,24.0,91.0,21.0,-721.0,911.0,11.0,-711.0,15.272675495442424,12.0,17.0,30000.0,18000.0,36000.0,1.0,24.47861606289213,20.0,25.0,1.0,18000.0,33985.22745766666,36000.0,1.0,24.967205800755544,20.0,26.0,1.0,722.0,15.545947013339854,12.0,17.0,1.0,26413.10479008589,18000.0,36000.0,1.0,20.0,23.720833918739487,25.0,1.0,30427.515622165287,18000.0,36000.0,1.0,24.213001544541733,20.0,26.0,1.0,1.0,91121.0,7.0,21.0
11.0,22.0,11.0,22.0,-121.0,21.0,13.0,-111.0,10.214414188136026,9.0,11.0,30000.0,10000.0,19000.0,0.0,25.202552385534993,16.5,19.0,0.0,10000.0,36896.65314667676,25000.0,0.0,26.508233638736932,17.0,20.0,0.0,122.0,10.23468059819705,9.0,11.0,1.0,13774.050553395682,10000.0,19000.0,1.0,16.5,17.391941767847104,19.0,1.0,20615.131823035394,10000.0,25000.0,1.0,18.687102097854943,17.0,20.0,1.0,0.0,211.0,1.0,19.0
11.0,21.0,11.0,22.0,-121.0,21.0,12.0,-111.0,10.198139156025576,9.0,11.0,30000.0,10000.0,19000.0,0.0,25.22535961942414,16.5,19.0,0.0,10000.0,37264.37467211267,25000.0,0.0,26.59471239056441,17.0,20.0,0.0,122.0,10.200678345798476,9.0,11.0,1.0,16579.30649907849,10000.0,19000.0,1.0,16.5,17.864921613506795,19.0,1.0,23495.22623444396,10000.0,25000.0,1.0,19.16858975867588,17.0,20.0,1.0,0.0,211.0,1.0,37.0
91.0,24.0,91.0,24.0,-721.0,911.0,11.0,-711.0,14.360825823560877,12.0,17.0,30000.0,18000.0,36000.0,1.0,23.959700946461094,20.0,25.0,1.0,18000.0,34482.192488570465,36000.0,1.0,24.52109893820513,20.0,26.0,1.0,721.0,15.239472619691856,12.0,17.0,1.0,27345.78704075843,18000.0,36000.0,1.0,20.0,23.769085269618284,25.0,1.0,31819.225827190534,18000.0,36000.0,1.0,24.329386853563385,20.0,26.0,1.0,1.0,91121.0,7.0,0.0
11.0,22.0,11.0,21.0,-121.0,21.0,13.0,-111.0,10.00758486830811,9.0,11.0,30000.0,10000.0,19000.0,0.0,25.56929956132313,16.5,19.0,0.0,10000.0,36443.89269608693,25000.0,0.0,26.85639254727034,17.0,20.0,0.0,121.0,10.002223745371285,9.0,11.0,1.0,14669.255742840838,10000.0,19000.0,1.0,16.5,17.384317785294805,19.0,1.0,21145.30872192077,10000.0,25000.0,1.0,18.677834415554326,17.0,20.0,1.0,0.0,211.0,1.0,20.0
91.0,24.0,91.0,24.0,-721.0,911.0,11.0,-711.0,14.049810404452629,12.0,17.0,30000.0,18000.0,36000.0,1.0,23.72420691430158,20.0,25.0,1.0,18000.0,34537.891825520324,36000.0,1.0,24.292454605672905,20.0,26.0,1.0,721.0,14.746015624603386,12.0,17.0,1.0,24484.77707768527,18000.0,36000.0,1.0,20.0,22.80735264190362,25.0,1.0,29005.848802713976,18000.0,36000.0,1.0,23.373494072561712,20.0,26.0,1.0,1.0,91121.0,7.0,0.0
91.0,24.0,91.0,21.0,-721.0,911.0,12.0,-711.0,14.929315020286642,12.0,17.0,30000.0,18000.0,36000.0,1.0,23.715955971747846,20.0,25.0,1.0,18000.0,34540.409026084875,36000.0,1.0,24.285216169908928,20.0,26.0,1.0,721.0,15.699318130055365,12.0,17.0,1.0,23914.09367074015,18000.0,36000.0,1.0,20.0,23.630291956836572,25.0,1.0,28400.5030484153,18000.0,36000.0,1.0,24.192781872765867,20.0,26.0,1.0,1.0,91121.0,7.0,14.0
11.0,22.0,11.0,21.0,-121.0,11.0,12.0,-111.0,10.198046397985177,9.0,11.0,30000.0,10000.0,19000.0,0.0,24.65850256215944,16.5,19.0,0.0,10000.0,37064.18403991361,25000.0,0.0,25.987477111370254,17.0,20.0,0.0,122.0,10.186778277423585,9.0,11.0,1.0,12979.265927402637,10000.0,19000.0,1.0,16.5,17.10139983126689,19.0,1.0,19937.63313102052,10000.0,25000.0,1.0,18.410467214763944,17.0,20.0,1.0,0.0,111.0,1.0,46.0
11.0,21.0,11.0,22.0,-121.0,21.0,12.0,-111.0,9.98875412064403,9.0,11.0,30000.0,10000.0,19000.0,0.0,24.306630909134526,16.5,19.0,0.0,10000.0,36525.97466802882,25000.0,0.0,25.616075107205404,17.0,20.0,0.0,121.0,10.006156869016761,9.0,11.0,1.0,15795.577409424815,10000.0,19000.0,1.0,16.5,17.739502566113835,19.0,1.0,22257.155065100378,10000.0,25000.0,1.0,19.03602543082248,17.0,20.0,1.0,0.0,211.0,1.0,37.0
91.0,24.0,91.0,24.0,-721.0,911.0,11.0,-711.0,14.773924002539696,12.0,17.0,30000.0,18000.0,36000.0,1.0,24.449386858101622,20.0,25.0,1.0,18000.0,34515.813383713525,36000.0,1.0,25.01377935712699,20.0,26.0,1.0,721.0,14.174321200507642,12.0,17.0,1.0,27234.297916186824,18000.0,36000.0,1.0,20.0,22.6195106500383,25.0,1.0,31733.19836713478,18000.0,36000.0,1.0,23.181789347721956,20.0,26.0,1.0,1.0,91121.0,7.0,4.0
11.0,21.0,11.0,21.0,-121.0,11.0,11.0,-111.0,10.001040602101984,9.0,11.0,30000.0,10000.0,19000.0,0.0,26.048915636294314,16.5,19.0,0.0,10000.0,36466.82471764455,25000.0,0.0,27.342561310824948,17.0,20.0,0.0,121.0,10.02595980481159,9.0,11.0,1.0,13773.337859058967,10000.0,19000.0,1.0,16.5,17.26382810518645,19.0,1.0,20189.23448468598,10000.0,25000.0,1.0,18.54728595047674,17.0,20.0,1.0,0.0,111.0,1.0,18.0
11.0,22.0,11.0,22.0,-121.0,21.0,13.0,-111.0,10.163970207186365,9.0,11.0,30000.0,10000.0,19000.0,0.0,27.3703758783236,16.5,19.0,0.0,10000.0,36926.18654247784,25000.0,0.0,28.666528555269892,17.0,20.0,0.0,122.0,10.228435750103344,9.0,11.0,1.0,14753.599283878106,10000.0,19000.0,1.0,16.5,17.503850034264488,19.0,1.0,21774.70737352621,10000.0,25000.0,1.0,18.817766139427743,17.0,20.0,1.0,0.0,211.0,1.0,41.0
11.0,22.0,11.0,22.0,-121.0,21.0,13.0,-111.0,9.977923570203595,9.0,11.0,30000.0,10000.0,19000.0,0.0,26.079956197432978,16.5,19.0,0.0,10000.0,36493.19256978793,25000.0,0.0,27.378969193481943,17.0,20.0,0.0,121.0,10.00774464303103,9.0,11.0,1.0,16559.823278124084,10000.0,19000.0,1.0,16.5,17.878154393164674,19.0,1.0,23068.807944287106,10000.0,25000.0,1.0,19.18032671926671,17.0,20.0,1.0,0.0,211.0,1.0,3.0
11.0,22.0,11.0,22.0,-121.0,21.0,13.0,-111.0,10.006072600852828,9.0,11.0,30000.0,10000.0,19000.0,0.0,26.86596059570798,16.5,19.0,0.0,10000.0,36529.51112242426,25000.0,0.0,28.176879413903713,17.0,20.0,0.0,121.0,9.990861182652026,9.0,11.0,1.0,13111.459908899129,10000.0,19000.0,1.0,16.5,17.14585447023301,19.0,1.0,19565.404630824793,10000.0,25000.0,1.0,18.441601951007065,17.0,20.0,1.0,0.0,211.0,1.0,19.0
11.0,22.0,11.0,22.0,-121.0,21.0,13.0,-111.0,10.003959035351878,9.0,11.0,30000.0,10000.0,19000.0,0.0,25.483771548345185,16.5,19.0,0.0,10000.0,36573.314001693536,25000.0,0.0,26.796837043340865,17.0,20.0,0.0,121.0,10.008688026843375,9.0,11.0,1.0,13321.913079691862,10000.0,19000.0,1.0,16.5,17.171318697221935,19.0,1.0,19763.043898692275,10000.0,25000.0,1.0,18.45797967599211,17.0,20.0,1.0,0.0,211.0,1.0,21.0
11.0,22.0,11.0,22.0,-121.0,21.0,13.0,-111.0,10.211451562954952,9.0,11.0,30000.0,10000.0,19000.0,0.0,24.434467360554436,16.5,19.0,0.0,10000.0,36982.33209393881,25000.0,0.0,25.752982656758522,17.0,20.0,0.0,122.0,10.196247794086798,9.0,11.0,1.0,15763.64917303775,10000.0,19000.0,1.0,16.5,17.671338212315383,19.0,1.0,22643.081108359533,10000.0,25000.0,1.0,18.970422259576708,17.0,20.0,1.0,0.0,211.0,1.0,19.0
11.0,22.0,11.0,22.0,-121.0,21.0,13.0,-111.0,10.200018579198296,9.0,11.0,30000.0,10000.0,19000.0,0.0,25.972106626345045,16.5,19.0,0.0,10000.0,37232.39022795402,25000.0,0.0,27.336597282267192,17.0,20.0,0.0,122.0,10.195704931610333,9.0,11.0,1.0,12485.285563850272,10000.0,19000.0,1.0,16.5,17.08936012011718,19.0,1.0,19382.85368579204,10000.0,25000.0,1.0,18.39068194517563,17.0,20.0,1.0,0.0,211.0,1.0,13.0
11.0,22.0,11.0,21.0,-121.0,21.0,13.0,-111.0,9.983428407120584,9.0,11.0,30000.0,10000.0,19000.0,0.0,25.638147103212937,16.5,19.0,0.0,10000.0,36476.927552249515,25000.0,0.0,26.936583215692938,17.0,20.0,0.0,121.0,9.988874361855794,9.0,11.0,1.0,12411.967126885913,10000.0,19000.0,1.0,16.5,16.975359082931263,19.0,1.0,18856.7841784457,10000.0,25000.0,1.0,18.267357971380424,17.0,20.0,1.0,0.0,211.0,1.0,33.0
11.0,22.0,11.0,22.0,-121.0,11.0,12.0,-111.0,9.99985996906184,9.0,11.0,30000.0,10000.0,19000.0,0.0,25.157302299611423,16.5,19.0,0.0,10000.0,36429.37748235152,25000.0,0.0,26.44918460631781,17.0,20.0,0.0,121.0,10.001594851056135,9.0,11.0,1.0,17148.782807426356,10000.0,19000.0,1.0,16.5,18.001166628167997,19.0,1.0,23597.30648989669,10000.0,25000.0,1.0,19.29689606272495,17.0,20.0,1.0,0.0,111.0,1.0,49.0
91.0,24.0,91.0,24.0,-721.0,911.0,12.0,-711.0,15.100844312266828,12.0,17.0,30000.0,18000.0,36000.0,1.0,25.28181053563932,20.0,25.0,0.0,18000.0,34003.87348159289,36000.0,1.0,25.77111766551427,20.0,26.0,1.0,722.0,15.14951867893358,12.0,17.0,1.0,26488.374186102283,18000.0,36000.0,1.0,20.0,23.410852014563893,25.0,1.0,30500.497242068133,18000.0,36000.0,1.0,23.901167312048955,20.0,26.0,1.0,0.0,91121.0,7.0,1.0
11.0,22.0,11.0,21.0,-121.0,21.0,12.0,-111.0,10.188349985377464,9.0,11.0,30000.0,10000.0,19000.0,0.0,23.623243812233763,16.5,19.0,0.0,10000.0,36806.47907565338,25000.0,0.0,24.913693197882424,17.0,20.0,0.0,122.0,10.19038398713883,9.0,11.0,1.0,13588.5531112886,10000.0,19000.0,1.0,16.5,17.227932100884075,19.0,1.0,20605.357985110983,10000.0,25000.0,1.0,18.558257433261804,17.0,20.0,1.0,0.0,211.0,1.0,53.0
11.0,22.0,11.0,22.0,-121.0,11.0,11.0,-111.0,10.168342735390592,9.0,11.0,30000.0,10000.0,19000.0,0.0,23.885807431077147,16.5,19.0,0.0,10000.0,36852.42651754301,25000.0,0.0,25.17124867824242,17.0,20.0,0.0,122.0,10.226897051586906,9.0,11.0,1.0,15845.066410641539,10000.0,19000.0,1.0,16.5,17.750395131052386,19.0,1.0,22949.88324047637,10000.0,25000.0,1.0,19.083182076412925,17.0,20.0,1.0,0.0,111.0,1.0,17.0
11.0,22.0,11.0,22.0,-121.0,21.0,13.0,-111.0,10.002963485019158,9.0,11.0,30000.0,10000.0,19000.0,0.0,25.410576749711094,16.5,19.0,0.0,10000.0,36495.67775662684,25000.0,0.0,26.711351905795436,17.0,20.0,0.0,121.0,9.991145406483797,9.0,11.0,1.0,13389.728386021827,10000.0,19000.0,1.0,16.5,17.195683193535718,19.0,1.0,19840.567211175498,10000.0,25000.0,1.0,18.48747924531856,17.0,20.0,1.0,0.0,211.0,1.0,36.0
91.0,24.0,91.0,21.0,-721.0,911.0,12.0,-711.0,15.021396059670128,12.0,17.0,30000.0,18000.0,36000.0,1.0,24.12729220819533,20.0,25.0,1.0,18000.0,34513.77904851007,36000.0,1.0,24.687976179110777,20.0,26.0,1.0,721.0,14.360509658840558,12.0,17.0,1.0,24448.780074899045,18000.0,36000.0,1.0,20.0,22.291794001016417,25.0,1.0,28996.24720494856,18000.0,36000.0,1.0,22.856662573598687,20.0,26.0,1.0,1.0,91121.0,7.0,29.0
91.0,24.0,91.0,21.0,-721.0,911.0,11.0,-711.0,15.13792399989114,12.0,17.0,30000.0,18000.0,36000.0,1.0,25.168989039815727,20.0,25.0,0.0,18000.0,34017.690098534746,36000.0,1.0,25.65636748561296,20.0,26.0,1.0,722.0,15.107857903123577,12.0,17.0,1.0,23781.446967444226,18000.0,36000.0,1.0,20.0,22.926411060911697,25.0,1.0,27891.442007034613,18000.0,36000.0,1.0,23.424986845878397,20.0,26.0,1.0,0.0,91121.0,7.0,15.0
11.0,22.0,11.0,21.0,-121.0,21.0,13.0,-111.0,9.995499633634845,9.0,11.0,30000.0,10000.0,19000.0,0.0,25.471132643212535,16.5,19.0,0.0,10000.0,36466.29220287437,25000.0,0.0,26.762923658404393,17.0,20.0,0.0,121.0,10.002692701426872,9.0,11.0,1.0,13408.827218932029,10000.0,19000.0,1.0,16.5,17.146980869603127,19.0,1.0,19880.642753559878,10000.0,25000.0,1.0,18.439875297710643,17.0,20.0,1.0,0.0,211.0,1.0,58.0
11.0,22.0,11.0,22.0,-121.0,21.0,13.0,-111.0,9.989185044991032,9.0,11.0,30000.0,10000.0,19000.0,0.0,25.688870159491763,16.5,19.0,0.0,10000.0,36430.61443342277,25000.0,0.0,26.977725515173784,17.0,20.0,0.0,121.0,10.010049731802761,9.0,11.0,1.0,14896.18310486189,10000.0,19000.0,1.0,16.5,17.53432867052703,19.0,1.0,21383.078405886037,10000.0,25000.0,1.0,18.834464114353267,17.0,20.0,1.0,0.0,211.0,1.0,3.0
11.0,21.0,11.0,22.0,-121.0,21.0,12.0,-111.0,10.209665874808449,9.0,11.0,30000.0,10000.0,19000.0,0.0,25.549963277510397,16.5,19.0,0.0,10000.0,36911.8068663296,25000.0,0.0,26.851683545852246,17.0,20.0,0.0,122.0,10.179804233220922,9.0,11.0,1.0,13473.611057476706,10000.0,19000.0,1.0,16.5,17.245949890956304,19.0,1.0,20334.26418010808,10000.0,25000.0,1.0,18.538036229088394,17.0,20.0,1.0,0.0,211.0,1.0,37.0
91.0,24.0,91.0,24.0,-721.0,911.0,11.0,-711.0,14.93615625745386,12.0,17.0,30000.0,18000.0,36000.0,1.0,24.077607118245524,20.0,25.0,1.0,18000.0,34503.37876583599,36000.0,1.0,24.640540118539974,20.0,26.0,1.0,721.0,14.514240282193445,12.0,17.0,1.0,29693.186761078716,18000.0,36000.0,1.0,20.0,23.227503230770765,25.0,1.0,34228.46799404579,18000.0,36000.0,1.0,23.7944241149348,20.0,26.0,1.0,1.0,91121.0,7.0,28.0
11.0,22.0,11.0,22.0,-121.0,21.0,13.0,-111.0,10.22678247586326,9.0,11.0,30000.0,10000.0,19000.0,0.0,25.055608092844857,16.5,19.0,0.0,10000.0,37032.956530259675,25000.0,0.0,26.38581625708966,17.0,20.0,0.0,122.0,10.190471290216337,9.0,11.0,1.0,16325.005313120633,10000.0,19000.0,1.0,16.5,17.83434472521995,19.0,1.0,23274.816665787104,10000.0,25000.0,1.0,19.14882687245097,17.0,20.0,1.0,0.0,211.0,1.0,4.0
81.0,23.0,81.0,23.0,-721.0,912.0,12.0,-711.0,14.624225295069555,12.0,17.0,30000.0,12500.0,23000.0,0.0,25.89942995409622,20.0,24.0,0.0,12500.0,34536.5732896726,26000.0,0.0,26.467067986116337,20.0,25.0,0.0,721.0,15.322286164652173,12.0,17.0,1.0,18094.292866436226,12500.0,23000.0,1.0,20.0,22.20949143762547,24.0,1.0,22640.087081339094,12500.0,26000.0,1.0,22.77828323649049,20.0,25.0,1.0,0.0,912.0,7.0,5.0
91.0,24.0,91.0,24.0,-721.0,911.0,11.0,-711.0,15.094735830289848,12.0,17.0,30000.0,18000.0,36000.0,1.0,23.97212242712802,20.0,25.0,1.0,18000.0,34539.403392225795,36000.0,1.0,24.537709935351963,20.0,26.0,1.0,721.0,15.437593208131673,12.0,17.0,1.0,23938.84067123866,18000.0,36000.0,1.0,20.0,23.424108417720404,25.0,1.0,28519.39328617211,18000.0,36000.0,1.0,23.994822918265942,20.0,26.0,1.0,1.0,91121.0,7.0,0.0
11.0,22.0,11.0,22.0,-121.0,21.0,13.0,-111.0,9.996135808588365,9.0,11.0,30000.0,10000.0,19000.0,0.0,25.279868984557258,16.5,19.0,0.0,10000.0,36458.63630455367,25000.0,0.0,26.56631289910986,17.0,20.0,0.0,121.0,9.999604866907243,9.0,11.0,1.0,12894.061041503583,10000.0,19000.0,1.0,16.5,17.1157277395844,19.0,1.0,19460.91786904432,10000.0,25000.0,1.0,18.42372723129936,17.0,20.0,1.0,0.0,211.0,1.0,21.0
11.0,21.0,11.0,21.0,-121.0,11.0,11.0,-111.0,10.17254027370823,9.0,11.0,30000.0,10000.0,19000.0,0.0,26.61059089127054,16.5,19.0,0.0,10000.0,37125.80367994396,25000.0,0.0,27.951443718817167,17.0,20.0,0.0,122.0,10.206474561938311,9.0,11.0,1.0,12721.09352988394,10000.0,19000.0,1.0,16.5,17.05617421123816,19.0,1.0,19782.09983296749,10000.0,25000.0,1.0,18.384834204139985,17.0,20.0,1.0,0.0,111.0,1.0,56.0
11.0,22.0,11.0,22.0,-121.0,21.0,12.0,-111.0,9.983156926781392,9.0,11.0,30000.0,10000.0,19000.0,0.0,24.149694872637518,16.5,19.0,0.0,10000.0,36372.64134472901,25000.0,0.0,25.425746797006337,17.0,20.0,0.0,121.0,9.99981551295622,9.0,11.0,1.0,16401.19382994123,10000.0,19000.0,1.0,16.5,17.838696268948738,19.0,1.0,22868.727571758733,10000.0,25000.0,1.0,19.13374936086528,17.0,20.0,1.0,0.0,211.0,1.0,48.0
11.0,21.0,11.0,21.0,-121.0,11.0,11.0,-111.0,10.187685899067453,9.0,11.0,30000.0,10000.0,19000.0,0.0,26.169304442326894,16.5,19.0,0.0,10000.0,36857.21840732521,25000.0,0.0,27.461133234626097,17.0,20.0,0.0,122.0,10.202007857837996,9.0,11.0,1.0,12574.72672882693,10000.0,19000.0,1.0,16.5,17.04918306034003,19.0,1.0,19670.411450736385,10000.0,25000.0,1.0,18.385936431801582,17.0,20.0,1.0,0.0,111.0,1.0,56.0
81.0,23.0,81.0,21.0,-721.0,912.0,12.0,-711.0,15.230836453515803,12.0,17.0,30000.0,12500.0,23000.0,0.0,25.768696605101862,20.0,24.0,0.0,12500.0,34055.738479998974,26000.0,0.0,26.263618345182987,20.0,25.0,0.0,722.0,15.012872671270129,12.0,17.0,1.0,16181.185619533779,12500.0,23000.0,1.0,20.0,21.541291346663684,24.0,1.0,20200.599534259647,12500.0,26000.0,1.0,22.03178040028307,20.0,25.0,1.0,0.0,912.0,7.0,30.0
91.0,24.0,91.0,21.0,-721.0,911.0,11.0,-711.0,15.192228715793519,12.0,17.0,30000.0,18000.0,36000.0,1.0,24.046005944439806,20.0,25.0,1.0,18000.0,33915.61514603701,36000.0,1.0,24.524520987723392,20.0,26.0,1.0,722.0,15.23433229171427,12.0,17.0,1.0,25206.435341827048,18000.0,36000.0,1.0,20.0,23.237327035720917,25.0,1.0,29237.229750185215,18000.0,36000.0,1.0,23.72991777532281,20.0,26.0,1.0,1.0,91121.0,7.0,21.0
81.0,21.0,81.0,21.0,-721.0,912.0,12.0,-711.0,14.940680672175311,12.0,17.0,30000.0,12500.0,23000.0,0.0,27.598408796510988,20.0,24.0,0.0,12500.0,34019.853400376785,26000.0,0.0,28.088751815087555,20.0,25.0,0.0,722.0,15.058741932576552,12.0,17.0,1.0,14390.352981734644,12500.0,23000.0,1.0,20.0,21.18397807927856,24.0,1.0,18367.59178169473,12500.0,26000.0,1.0,21.669122955106488,20.0,25.0,1.0,0.0,912.0,7.0,6.0
11.0,22.0,11.0,21.0,-121.0,11.0,11.0,-111.0,10.003608229514285,9.0,11.0,30000.0,10000.0,19000.0,0.0,25.25163316955473,16.5,19.0,0.0,10000.0,36493.60527282673,25000.0,0.0,26.547395700491446,17.0,20.0,0.0,121.0,10.012596757601235,9.0,11.0,1.0,12361.199047032898,10000.0,19000.0,1.0,16.5,16.952866606861825,19.0,1.0,18862.23946097398,10000.0,25000.0,1.0,18.250112778528678,17.0,20.0,1.0,0.0,111.0,1.0,1.0
11.0,21.0,11.0,22.0,-121.0,21.0,13.0,-111.0,10.1900648468268,9.0,11.0,30000.0,10000.0,19000.0,0.0,26.118577997843744,16.5,19.0,0.0,10000.0,37127.87445692283,25000.0,0.0,27.460859535988657,17.0,20.0,0.0,122.0,10.181484189574665,9.0,11.0,1.0,16209.417422403934,10000.0,19000.0,1.0,16.5,17.785640160845826,19.0,1.0,23236.264791137583,10000.0,25000.0,1.0,19.10889684155976,17.0,20.0,1.0,0.0,211.0,1.0,9.0
11.0,22.0,11.0,21.0,-121.0,11.0,12.0,-111.0,10.007040394903582,9.0,11.0,30000.0,10000.0,19000.0,0.0,25.137368999068094,16.5,19.0,0.0,10000.0,36471.160449297655,25000.0,0.0,26.436063698874754,17.0,20.0,0.0,121.0,10.006189802252354,9.0,11.0,1.0,13944.185913468387,10000.0,19000.0,1.0,16.5,17.30044521191714,19.0,1.0,20445.57856575012,10000.0,25000.0,1.0,18.60520720090424,17.0,20.0,1.0,0.0,111.0,1.0,10.0
11.0,22.0,11.0,21.0,-121.0,21.0,13.0,-111.0,10.00332856821122,9.0,11.0,30000.0,10000.0,19000.0,0.0,25.065453592259196,16.5,19.0,0.0,10000.0,36544.25992873431,25000.0,0.0,26.369754181280857,17.0,20.0,0.0,121.0,10.007321351894138,9.0,11.0,1.0,12227.058771436761,10000.0,19000.0,1.0,16.5,16.902906688222,19.0,1.0,18699.99359489651,10000.0,25000.0,1.0,18.192991861316617,17.0,20.0,1.0,0.0,211.0,1.0,33.0
11.0,22.0,11.0,22.0,-121.0,11.0,11.0,-111.0,10.19883766149025,9.0,11.0,30000.0,10000.0,19000.0,0.0,24.224761330477925,16.5,19.0,0.0,10000.0,36925.34676170805,25000.0,0.0,25.530595285682693,17.0,20.0,0.0,122.0,10.211625458902274,9.0,11.0,1.0,18484.699081417995,10000.0,19000.0,1.0,16.5,18.249031389333815,19.0,1.0,25370.32754573218,10000.0,25000.0,0.0,19.547376116466047,17.0,20.0,1.0,0.0,111.0,1.0,17.0
11.0,22.0,11.0,21.0,-121.0,11.0,11.0,-111.0,9.985668906858901,9.0,11.0,30000.0,10000.0,19000.0,0.0,23.08626221992519,16.5,19.0,0.0,10000.0,36545.86040150136,25000.0,0.0,24.390439051633045,17.0,20.0,0.0,121.0,9.993474797618923,9.0,11.0,1.0,13688.900013726492,10000.0,19000.0,1.0,16.5,17.20348871698074,19.0,1.0,20179.36164373031,10000.0,25000.0,1.0,18.496628070059263,17.0,20.0,1.0,0.0,111.0,1.0,1.0
11.0,21.0,11.0,22.0,-121.0,11.0,12.0,-111.0,10.198466245743067,9.0,11.0,30000.0,10000.0,19000.0,0.0,25.489384375893366,16.5,19.0,0.0,10000.0,36888.96995339406,25000.0,0.0,26.793690941034495,17.0,20.0,0.0,122.0,10.19949630799843,9.0,11.0,1.0,13433.960026454197,10000.0,19000.0,1.0,16.5,17.250370064956027,19.0,1.0,20337.19605215537,10000.0,25000.0,1.0,18.55737766260199,17.0,20.0,1.0,0.0,111.0,1.0,7.0
11.0,21.0,11.0,22.0,-121.0,21.0,13.0,-111.0,10.1989104732567,9.0,11.0,30000.0,10000.0,19000.0,0.0,25.735522853463518,16.5,19.0,0.0,10000.0,36754.49962747541,25000.0,0.0,27.01288316245382,17.0,20.0,0.0,122.0,10.183526793369179,9.0,11.0,1.0,13841.379198188228,10000.0,19000.0,1.0,16.5,17.269278167548862,19.0,1.0,20857.169728383884,10000.0,25000.0,1.0,18.596051852309806,17.0,20.0,1.0,0.0,211.0,1.0,52.0
91.0,21.0,91.0,24.0,-721.0,911.0,11.0,-711.0,15.461539106740956,12.0,17.0,30000.0,18000.0,36000.0,1.0,24.87852939388111,20.0,25.0,1.0,18000.0,33863.84626288752,36000.0,1.0,25.350632247592106,20.0,26.0,1.0,722.0,15.11965418952138,12.0,17.0,1.0,20608.756904082104,18000.0,36000.0,1.0,20.0,22.562456456151224,25.0,1.0,24571.975465934724,18000.0,36000.0,1.0,23.046701083299705,20.0,26.0,1.0,1.0,91121.0,7.0,18.0
91.0,24.0,91.0,24.0,-721.0,911.0,11.0,-711.0,15.187011949645708,12.0,17.0,30000.0,18000.0,36000.0,1.0,25.543339121196826,20.0,25.0,0.0,18000.0,34003.65368872655,36000.0,1.0,26.03133656774908,20.0,26.0,0.0,722.0,15.252812844522662,12.0,17.0,1.0,23134.42081019674,18000.0,36000.0,1.0,20.0,23.063677788757126,25.0,1.0,27094.95290479879,18000.0,36000.0,1.0,23.546419229305844,20.0,26.0,1.0,0.0,91121.0,7.0,0.0
11.0,22.0,11.0,21.0,-121.0,11.0,11.0,-111.0,10.007254033739576,9.0,11.0,30000.0,10000.0,19000.0,0.0,24.442257798680743,16.5,19.0,0.0,10000.0,36560.42280294516,25000.0,0.0,25.749095616569534,17.0,20.0,0.0,121.0,9.993184764677903,9.0,11.0,1.0,15334.24982770501,10000.0,19000.0,1.0,16.5,17.542758128368572,19.0,1.0,21851.42408898579,10000.0,25000.0,1.0,18.840980826239463,17.0,20.0,1.0,0.0,111.0,1.0,39.0
11.0,22.0,11.0,22.0,-121.0,21.0,12.0,-111.0,9.994394953285706,9.0,11.0,30000.0,10000.0,19000.0,0.0,25.25617019830729,16.5,19.0,0.0,10000.0,36509.1163780902,25000.0,0.0,26.552399004567587,17.0,20.0,0.0,121.0,10.007446924936744,9.0,11.0,1.0,15385.107252745063,10000.0,19000.0,1.0,16.5,17.590188134073195,19.0,1.0,21859.743061888807,10000.0,25000.0,1.0,18.87955046197783,17.0,20.0,1.0,0.0,211.0,1.0,23.0
11.0,22.0,11.0,21.0,-121.0,21.0,13.0,-111.0,10.006559763498702,9.0,11.0,30000.0,10000.0,19000.0,0.0,26.279176461123384,16.5,19.0,0.0,10000.0,36445.985623485096,25000.0,0.0,27.558678130867776,17.0,20.0,0.0,121.0,10.000123069059038,9.0,11.0,1.0,12684.00996179131,10000.0,19000.0,1.0,16.5,16.98123640765288,19.0,1.0,19240.3335216626,10000.0,25000.0,1.0,18.282639704563167,17.0,20.0,1.0,0.0,211.0,1.0,33.0
11.0,21.0,11.0,22.0,-121.0,21.0,13.0,-111.0,10.197719153907922,9.0,11.0,30000.0,10000.0,19000.0,0.0,28.565324858158096,16.5,19.0,0.0,10000.0,36944.11087440781,25000.0,0.0,29.88677516576233,17.0,20.0,0.0,122.0,10.226952944333672,9.0,11.0,1.0,13914.091682003836,10000.0,19000.0,1.0,16.5,17.414397912178952,19.0,1.0,20874.630484620542,10000.0,25000.0,1.0,18.738974421420455,17.0,20.0,1.0,0.0,211.0,1.0,52.0
11.0,22.0,11.0,21.0,-121.0,11.0,12.0,-111.0,9.991616031298129,9.0,11.0,30000.0,10000.0,19000.0,0.0,24.17236303286642,16.5,19.0,0.0,10000.0,36454.17819868313,25000.0,0.0,25.459093396594557,17.0,20.0,0.0,121.0,9.999074457650634,9.0,11.0,1.0,13897.964566447816,10000.0,19000.0,1.0,16.5,17.236221329653972,19.0,1.0,20427.001073603275,10000.0,25000.0,1.0,18.537875740336425,17.0,20.0,1.0,0.0,111.0,1.0,45.0
11.0,21.0,11.0,22.0,-121.0,11.0,11.0,-111.0,9.993288599401517,9.0,11.0,30000.0,10000.0,19000.0,0.0,24.44298922051336,16.5,19.0,0.0,10000.0,36490.17592954729,25000.0,0.0,25.736226213635824,17.0,20.0,0.0,121.0,10.011691028468382,9.0,11.0,1.0,18320.30177035226,10000.0,19000.0,1.0,16.5,18.20892768139153,19.0,1.0,24860.44539245427,10000.0,25000.0,1.0,19.512121271865777,17.0,20.0,1.0,0.0,111.0,1.0,43.0
11.0,22.0,11.0,21.0,-121.0,11.0,11.0,-111.0,10.009733600462612,9.0,11.0,30000.0,10000.0,19000.0,0.0,24.007087206675077,16.5,19.0,0.0,10000.0,36574.624595877285,25000.0,0.0,25.3209307387699,17.0,20.0,0.0,121.0,10.000585877362436,9.0,11.0,1.0,12235.909831241792,10000.0,19000.0,1.0,16.5,16.92760576867255,19.0,1.0,18707.102513101694,10000.0,25000.0,1.0,18.220779930332267,17.0,20.0,1.0,0.0,111.0,1.0,0.0
11.0,22.0,11.0,22.0,-121.0,21.0,13.0,-111.0,10.226494827666698,9.0,11.0,30000.0,10000.0,19000.0,0.0,26.96754768102139,16.5,19.0,0.0,10000.0,37103.37183261124,25000.0,0.0,28.307374025329473,17.0,20.0,0.0,122.0,10.211585635785404,9.0,11.0,1.0,14741.933338957188,10000.0,19000.0,1.0,16.5,17.53426893998879,19.0,1.0,21706.2503836411,10000.0,25000.0,1.0,18.84786699827194,17.0,20.0,1.0,0.0,211.0,1.0,5.0
91.0,21.0,91.0,24.0,-721.0,911.0,11.0,-711.0,14.548016722903599,12.0,17.0,30000.0,18000.0,36000.0,1.0,23.2581591101546,20.0,25.0,1.0,18000.0,34497.910032792235,36000.0,1.0,23.819532873312195,20.0,26.0,1.0,721.0,15.47209716834259,12.0,17.0,1.0,27595.871604081767,18000.0,36000.0,1.0,20.0,23.98630292558014,25.0,1.0,32110.408884405588,18000.0,36000.0,1.0,24.54975189710111,20.0,26.0,1.0,1.0,91121.0,7.0,18.0
11.0,21.0,11.0,22.0,-121.0,21.0,13.0,-111.0,10.188842538439024,9.0,11.0,30000.0,10000.0,19000.0,0.0,26.156089923020353,16.5,19.0,0.0,10000.0,37006.52184817953,25000.0,0.0,27.48451077603218,17.0,20.0,0.0,122.0,10.191206327793946,9.0,11.0,1.0,16436.31884205141,10000.0,19000.0,1.0,16.5,17.864915416428133,19.0,1.0,23378.88028987853,10000.0,25000.0,1.0,19.181209520756916,17.0,20.0,1.0,0.0,211.0,1.0,32.0
11.0,22.0,11.0,22.0,-121.0,21.0,13.0,-111.0,10.206653552940416,9.0,11.0,30000.0,10000.0,19000.0,0.0,25.97494969709694,16.5,19.0,0.0,10000.0,37159.76863563159,25000.0,0.0,27.328820325562813,17.0,20.0,0.0,122.0,10.199327146482347,9.0,11.0,1.0,14046.816258851335,10000.0,19000.0,1.0,16.5,17.378122034784244,19.0,1.0,21175.562753543207,10000.0,25000.0,1.0,18.726126556733576,17.0,20.0,1.0,0.0,211.0,1.0,16.0
91.0,24.0,91.0,21.0,-721.0,911.0,12.0,-711.0,15.140604820601107,12.0,17.0,30000.0,18000.0,36000.0,1.0,24.17147324767525,20.0,25.0,1.0,18000.0,34501.89747383109,36000.0,1.0,24.733764343073876,20.0,26.0,1.0,721.0,15.299321714665455,12.0,17.0,1.0,29634.373513152157,18000.0,36000.0,1.0,20.0,24.054769504357736,25.0,1.0,34222.50656547792,18000.0,36000.0,1.0,24.627831502064993,20.0,26.0,1.0,1.0,91121.0,7.0,14.0
91.0,24.0,91.0,24.0,-721.0,911.0,11.0,-711.0,14.580060018722733,12.0,17.0,30000.0,18000.0,36000.0,1.0,24.189981672112765,20.0,25.0,1.0,18000.0,34559.663657255376,36000.0,1.0,24.759978475226465,20.0,26.0,1.0,721.0,14.65634256116139,12.0,17.0,1.0,26554.96467178085,18000.0,36000.0,1.0,20.0,22.958520591262765,25.0,1.0,31028.53479277955,18000.0,36000.0,1.0,23.517754968872342,20.0,26.0,1.0,1.0,91121.0,7.0,9.0
11.0,21.0,11.0,22.0,-121.0,21.0,13.0,-111.0,9.991356491824737,9.0,11.0,30000.0,10000.0,19000.0,0.0,26.49000452977708,16.5,19.0,0.0,10000.0,36463.92355352409,25000.0,0.0,27.785182789322985,17.0,20.0,0.0,121.0,9.988701063113792,9.0,11.0,1.0,13416.142732148324,10000.0,19000.0,1.0,16.5,17.220557847141556,19.0,1.0,19908.769662336224,10000.0,25000.0,1.0,18.521487410693872,17.0,20.0,1.0,0.0,211.0,1.0,9.0
11.0,21.0,11.0,22.0,-121.0,21.0,13.0,-111.0,10.201040150372876,9.0,11.0,30000.0,10000.0,19000.0,0.0,26.573738827193864,16.5,19.0,0.0,10000.0,36980.56195880173,25000.0,0.0,27.89500009860447,17.0,20.0,0.0,122.0,10.200095149177836,9.0,11.0,1.0,12989.216319996618,10000.0,19000.0,1.0,16.5,17.183849120227816,19.0,1.0,20149.829914594127,10000.0,25000.0,1.0,18.539190062392027,17.0,20.0,1.0,0.0,211.0,1.0,59.0
91.0,24.0,91.0,21.0,-721.0,911.0,12.0,-711.0,15.221829771263593,12.0,17.0,30000.0,18000.0,36000.0,1.0,24.524921993747512,20.0,25.0,1.0,18000.0,33880.32588044026,36000.0,1.0,24.999011316685976,20.0,26.0,1.0,722.0,15.066581045322167,12.0,17.0,1.0,25698.55187029656,18000.0,36000.0,1.0,20.0,23.130408449173352,25.0,1.0,29752.37385022761,18000.0,36000.0,1.0,23.62569512792017,20.0,26.0,1.0,1.0,91121.0,7.0,29.0
11.0,22.0,11.0,22.0,-121.0,11.0,11.0,-111.0,10.188098434135904,9.0,11.0,30000.0,10000.0,19000.0,0.0,23.898864572309833,16.5,19.0,0.0,10000.0,37072.2411126348,25000.0,0.0,25.237048009307507,17.0,20.0,0.0,122.0,10.187576055390245,9.0,11.0,1.0,18668.291060830463,10000.0,19000.0,1.0,16.5,18.259691876875948,19.0,1.0,25615.947733653713,10000.0,25000.0,0.0,19.57430190465181,17.0,20.0,1.0,0.0,111.0,1.0,44.0
11.0,22.0,11.0,22.0,-121.0,11.0,11.0,-111.0,10.208963643042953,9.0,11.0,30000.0,10000.0,19000.0,0.0,23.596892835834073,16.5,19.0,0.0,10000.0,37003.576808217644,25000.0,0.0,24.921374839424686,17.0,20.0,0.0,122.0,10.21217962074886,9.0,11.0,1.0,15961.970783954257,10000.0,19000.0,1.0,16.5,17.770422154489044,19.0,1.0,23043.66426462429,10000.0,25000.0,1.0,19.109677199009568,17.0,20.0,1.0,0.0,111.0,1.0,44.0
11.0,21.0,11.0,22.0,-121.0,11.0,11.0,-111.0,10.18941006399881,9.0,11.0,30000.0,10000.0,19000.0,0.0,24.207767223612098,16.5,19.0,0.0,10000.0,36984.36640685567,25000.0,0.0,25.528447708945258,17.0,20.0,0.0,122.0,10.201874865201983,9.0,11.0,1.0,13821.820087973123,10000.0,19000.0,1.0,16.5,17.34005393962681,19.0,1.0,20781.836344991043,10000.0,25000.0,1.0,18.6561300319725,17.0,20.0,1.0,0.0,111.0,1.0,35.0
91.0,24.0,91.0,24.0,-721.0,911.0,12.0,-711.0,15.260742443198048,12.0,17.0,30000.0,18000.0,36000.0,1.0,24.53934649675822,20.0,25.0,1.0,18000.0,33997.323632487976,36000.0,1.0,25.029085240411714,20.0,26.0,1.0,722.0,15.385778561599686,12.0,17.0,1.0,29827.375878031275,18000.0,36000.0,1.0,20.0,24.078637852410814,25.0,1.0,33831.19340936913,18000.0,36000.0,1.0,24.569172206867073,20.0,26.0,1.0,1.0,91121.0,7.0,1.0
11.0,22.0,11.0,21.0,-121.0,11.0,12.0,-111.0,10.001949903978492,9.0,11.0,30000.0,10000.0,19000.0,0.0,23.939125532786967,16.5,19.0,0.0,10000.0,36497.26580028838,25000.0,0.0,25.23862124989773,17.0,20.0,0.0,121.0,10.0016178780475,9.0,11.0,1.0,13226.719488590456,10000.0,19000.0,1.0,16.5,17.10419625089717,19.0,1.0,19740.662552974423,10000.0,25000.0,1.0,18.407027530063033,17.0,20.0,1.0,0.0,111.0,1.0,46.0
91.0,24.0,91.0,21.0,-721.0,911.0,11.0,-711.0,14.262789288462853,12.0,17.0,30000.0,18000.0,36000.0,1.0,23.106086169979257,20.0,25.0,1.0,18000.0,34540.59945589375,36000.0,1.0,23.677269758772624,20.0,26.0,1.0,721.0,14.874131961613429,12.0,17.0,1.0,23194.835911962342,18000.0,36000.0,1.0,20.0,22.75092098030971,25.0,1.0,27682.630499350154,18000.0,36000.0,1.0,23.31546199369162,20.0,26.0,1.0,1.0,91121.0,7.0,15.0
11.0,22.0,11.0,21.0,-121.0,11.0,11.0,-111.0,10.217119625070922,9.0,11.0,30000.0,10000.0,19000.0,0.0,23.57053846833914,16.5,19.0,0.0,10000.0,37060.340496941586,25000.0,0.0,24.902676690179835,17.0,20.0,0.0,122.0,10.188328963624635,9.0,11.0,1.0,12830.726649688911,10000.0,19000.0,1.0,16.5,17.08965350371376,19.0,1.0,19957.918222467913,10000.0,25000.0,1.0,18.43440512193849,17.0,20.0,1.0,0.0,111.0,1.0,12.0
92.0,24.0,92.0,24.0,-721.0,921.0,13.0,-711.0,14.984188789515832,12.0,17.0,30000.0,15000.0,28000.0,0.0,25.14110704240626,19.5,25.0,0.0,15000.0,34450.04332584995,28000.0,0.0,25.697588977230083,20.0,26.0,1.0,721.0,15.183533656375978,12.0,17.0,1.0,19631.23490109213,15000.0,28000.0,1.0,19.5,21.73319283227387,25.0,1.0,24046.85301188334,15000.0,28000.0,1.0,22.285369862879943,20.0,26.0,1.0,0.0,92122.0,7.0,20.0
91.0,24.0,91.0,24.0,-721.0,911.0,12.0,-711.0,15.486722905062257,12.0,17.0,30000.0,18000.0,36000.0,1.0,25.080282401477533,20.0,25.0,0.0,18000.0,33953.237459269636,36000.0,1.0,25.562400655123128,20.0,26.0,1.0,722.0,15.269951968216086,12.0,17.0,1.0,26402.051430015872,18000.0,36000.0,1.0,20.0,23.426251096040325,25.0,1.0,30415.959195363608,18000.0,36000.0,1.0,23.915768414962386,20.0,26.0,1.0,0.0,91121.0,7.0,1.0
81.0,23.0,81.0,23.0,-721.0,912.0,11.0,-711.0,15.050503605315258,12.0,17.0,30000.0,12500.0,23000.0,0.0,26.002682303999492,20.0,24.0,0.0,12500.0,33986.093158452684,26000.0,0.0,26.4897181905598,20.0,25.0,0.0,722.0,15.290121815277287,12.0,17.0,1.0,15986.470960299868,12500.0,23000.0,1.0,20.0,21.78367173915085,24.0,1.0,19935.697381142552,12500.0,26000.0,1.0,22.266203108751135,20.0,25.0,1.0,0.0,912.0,7.0,17.0
91.0,24.0,91.0,21.0,-721.0,911.0,12.0,-711.0,14.889564281805903,12.0,17.0,30000.0,18000.0,36000.0,1.0,24.366496082118957,20.0,25.0,1.0,18000.0,34511.01694885786,36000.0,1.0,24.930063998600215,20.0,26.0,1.0,721.0,15.620328953713427,12.0,17.0,1.0,24230.075175417227,18000.0,36000.0,1.0,20.0,23.556968017154517,25.0,1.0,28715.95520220626,18000.0,36000.0,1.0,24.117395541356675,20.0,26.0,1.0,1.0,91121.0,7.0,29.0
11.0,22.0,11.0,22.0,-121.0,11.0,11.0,-111.0,9.986742614686694,9.0,11.0,30000.0,10000.0,19000.0,0.0,24.696176557449,16.5,19.0,0.0,10000.0,36425.366691724164,25000.0,0.0,25.980533414009447,17.0,20.0,0.0,121.0,9.997757970019276,9.0,11.0,1.0,17055.547393737786,10000.0,19000.0,1.0,16.5,17.94140990703827,19.0,1.0,23563.23599992462,10000.0,25000.0,1.0,19.242221966913647,17.0,20.0,1.0,0.0,111.0,1.0,50.0
11.0,22.0,11.0,22.0,-121.0,21.0,13.0,-111.0,10.189365822425762,9.0,11.0,30000.0,10000.0,19000.0,0.0,24.806212388624353,16.5,19.0,0.0,10000.0,37081.06942376308,25000.0,0.0,26.143449657508707,17.0,20.0,0.0,122.0,10.201506114331798,9.0,11.0,1.0,15600.837385869754,10000.0,19000.0,1.0,16.5,17.6582570464464,19.0,1.0,22533.05546288798,10000.0,25000.0,1.0,18.967384215502776,17.0,20.0,1.0,0.0,211.0,1.0,21.0
91.0,24.0,91.0,21.0,-721.0,911.0,11.0,-711.0,14.533411022073569,12.0,17.0,30000.0,18000.0,36000.0,1.0,23.55149421762062,20.0,25.0,1.0,18000.0,34495.60275740999,36000.0,1.0,24.11504862534699,20.0,26.0,1.0,721.0,15.444255808734958,12.0,17.0,1.0,21852.663016969465,18000.0,36000.0,1.0,20.0,23.131052760518763,25.0,1.0,26329.401502005807,18000.0,36000.0,1.0,23.692242403291825,20.0,26.0,1.0,1.0,91121.0,7.0,2.0
11.0,21.0,11.0,22.0,-121.0,21.0,12.0,-111.0,10.007456351109884,9.0,11.0,30000.0,10000.0,19000.0,0.0,25.161751860152727,16.5,19.0,0.0,10000.0,36498.18499861074,25000.0,0.0,26.45858759155563,17.0,20.0,0.0,121.0,10.008235120092463,9.0,11.0,1.0,15692.17238602131,10000.0,19000.0,1.0,16.5,17.66535714475227,19.0,1.0,22223.966071686817,10000.0,25000.0,1.0,18.96890012537438,17.0,20.0,1.0,0.0,211.0,1.0,37.0
11.0,22.0,11.0,21.0,-121.0,21.0,13.0,-111.0,10.192484019158075,9.0,11.0,30000.0,10000.0,19000.0,0.0,24.072624447053784,16.5,19.0,0.0,10000.0,37108.79601728886,25000.0,0.0,25.415098377068674,17.0,20.0,0.0,122.0,10.192792480778005,9.0,11.0,1.0,10939.521663082258,10000.0,19000.0,1.0,16.5,16.76224017042625,19.0,1.0,17934.302177049827,10000.0,25000.0,1.0,18.0831826286625,17.0,20.0,1.0,0.0,211.0,1.0,20.0
91.0,24.0,91.0,24.0,-721.0,911.0,12.0,-711.0,15.200001356618257,12.0,17.0,30000.0,18000.0,36000.0,1.0,24.189443078310916,20.0,25.0,1.0,18000.0,34022.98379472754,36000.0,1.0,24.681105322615707,20.0,26.0,1.0,722.0,15.372423664716083,12.0,17.0,1.0,28138.221078789207,18000.0,36000.0,1.0,20.0,23.87733177291336,25.0,1.0,32067.40209983608,18000.0,36000.0,1.0,24.35753006792502,20.0,26.0,1.0,1.0,91121.0,7.0,23.0
91.0,24.0,91.0,24.0,-721.0,911.0,11.0,-711.0,15.279727319145374,12.0,17.0,30000.0,18000.0,36000.0,1.0,24.293491836423918,20.0,25.0,1.0,18000.0,33916.84844966485,36000.0,1.0,24.77214598896151,20.0,26.0,1.0,722.0,15.218575066367377,12.0,17.0,1.0,24156.989184948125,18000.0,36000.0,1.0,20.0,23.25440663039808,25.0,1.0,28235.078137711836,18000.0,36000.0,1.0,23.75276500109916,20.0,26.0,1.0,1.0,91121.0,7.0,9.0
11.0,21.0,11.0,21.0,-121.0,11.0,11.0,-111.0,10.221845229742371,9.0,11.0,30000.0,10000.0,19000.0,0.0,24.35577595266528,16.5,19.0,0.0,10000.0,36823.797723518546,25000.0,0.0,25.6420020010369,17.0,20.0,0.0,122.0,10.188966249364194,9.0,11.0,1.0,13812.858208328962,10000.0,19000.0,1.0,16.5,17.244699472659207,19.0,1.0,20809.68612659044,10000.0,25000.0,1.0,18.563540195827844,17.0,20.0,1.0,0.0,111.0,1.0,18.0
11.0,21.0,11.0,22.0,-121.0,11.0,11.0,-111.0,10.223873282387986,9.0,11.0,30000.0,10000.0,19000.0,0.0,25.362688530067985,16.5,19.0,0.0,10000.0,37057.77894936215,25000.0,0.0,26.698434637814774,17.0,20.0,0.0,122.0,10.196867766386116,9.0,11.0,1.0,16251.352967455054,10000.0,19000.0,1.0,16.5,17.82356477216237,19.0,1.0,23424.02857083805,10000.0,25000.0,1.0,19.181056071916814,17.0,20.0,1.0,0.0,111.0,1.0,35.0
11.0,22.0,11.0,22.0,-121.0,21.0,13.0,-111.0,10.187048563641449,9.0,11.0,30000.0,10000.0,19000.0,0.0,24.41660507832809,16.5,19.0,0.0,10000.0,37131.400914861515,25000.0,0.0,25.759337066563447,17.0,20.0,0.0,122.0,10.205849627284122,9.0,11.0,1.0,14580.90566108876,10000.0,19000.0,1.0,16.5,17.469472446638413,19.0,1.0,21494.71929218208,10000.0,25000.0,1.0,18.771236130099325,17.0,20.0,1.0,0.0,211.0,1.0,41.0
11.0,21.0,11.0,22.0,-121.0,21.0,13.0,-111.0,10.197895783641282,9.0,11.0,30000.0,10000.0,19000.0,0.0,26.022195774848598,16.5,19.0,0.0,10000.0,36957.08859070847,25000.0,0.0,27.338375205770276,17.0,20.0,0.0,122.0,10.209379543729368,9.0,11.0,1.0,15228.087604864277,10000.0,19000.0,1.0,16.5,17.606446861285278,19.0,1.0,22214.15520707023,10000.0,25000.0,1.0,18.928108697434965,17.0,20.0,1.0,0.0,211.0,1.0,52.0
91.0,21.0,91.0,24.0,-721.0,911.0,11.0,-711.0,15.401947271785971,12.0,17.0,30000.0,18000.0,36000.0,1.0,24.899414898884707,20.0,25.0,1.0,18000.0,33977.97857450419,36000.0,1.0,25.38544650938061,20.0,26.0,1.0,722.0,15.384771250801462,12.0,17.0,1.0,26538.537531130194,18000.0,36000.0,1.0,20.0,23.636769330979785,25.0,1.0,30566.47892330411,18000.0,36000.0,1.0,24.128905426022833,20.0,26.0,1.0,1.0,91121.0,7.0,18.0
11.0,22.0,11.0,22.0,-121.0,21.0,13.0,-111.0,10.202985482053203,9.0,11.0,30000.0,10000.0,19000.0,0.0,25.9430492931223,16.5,19.0,0.0,10000.0,37036.76044951001,25000.0,0.0,27.2706358946906,17.0,20.0,0.0,122.0,10.20414344979239,9.0,11.0,1.0,12906.472811618036,10000.0,19000.0,1.0,16.5,17.159188006188796,19.0,1.0,19851.304137112333,10000.0,25000.0,1.0,18.469430849331204,17.0,20.0,1.0,0.0,211.0,1.0,19.0
11.0,22.0,11.0,22.0,-121.0,21.0,13.0,-111.0,10.18567507019858,9.0,11.0,30000.0,10000.0,19000.0,0.0,27.61112340807513,16.5,19.0,0.0,10000.0,36904.46693641007,25000.0,0.0,28.91463193254014,17.0,20.0,0.0,122.0,10.19573510718063,9.0,11.0,1.0,12956.819786510534,10000.0,19000.0,1.0,16.5,17.101917199800585,19.0,1.0,20017.127010530166,10000.0,25000.0,1.0,18.434847132931182,17.0,20.0,1.0,0.0,211.0,1.0,8.0
11.0,22.0,11.0,22.0,-121.0,21.0,13.0,-111.0,10.212514088107627,9.0,11.0,30000.0,10000.0,19000.0,0.0,27.69372830334857,16.5,19.0,0.0,10000.0,37040.23480709071,25000.0,0.0,29.025774420966798,17.0,20.0,0.0,122.0,10.179176041623391,9.0,11.0,1.0,12874.320958410015,10000.0,19000.0,1.0,16.5,17.117810309575084,19.0,1.0,19858.22204253456,10000.0,25000.0,1.0,18.439197817214495,17.0,20.0,1.0,0.0,211.0,1.0,4.0
81.0,23.0,81.0,23.0,-721.0,912.0,12.0,-711.0,14.372385585937117,12.0,17.0,30000.0,12500.0,23000.0,0.0,26.52352955923719,20.0,24.0,0.0,12500.0,34490.54618454845,26000.0,0.0,27.084805021445653,20.0,25.0,0.0,721.0,15.241197199226205,12.0,17.0,1.0,20515.524354250334,12500.0,23000.0,1.0,20.0,22.38940342315867,24.0,1.0,25036.250803494913,12500.0,26000.0,1.0,22.954451130728994,20.0,25.0,1.0,0.0,912.0,7.0,31.0
91.0,24.0,91.0,24.0,-721.0,911.0,12.0,-711.0,15.209978744127042,12.0,17.0,30000.0,18000.0,36000.0,1.0,24.9993357031069,20.0,25.0,1.0,18000.0,33937.509243218,36000.0,1.0,25.478196908840278,20.0,26.0,1.0,722.0,15.283158307739674,12.0,17.0,1.0,30044.533788978846,18000.0,36000.0,1.0,20.0,23.9968937841641,25.0,1.0,33989.4732126768,18000.0,36000.0,1.0,24.47665861321965,20.0,26.0,1.0,1.0,91121.0,7.0,13.0
11.0,22.0,11.0,22.0,-121.0,21.0,13.0,-111.0,9.988185007931492,9.0,11.0,30000.0,10000.0,19000.0,0.0,25.332172556452775,16.5,19.0,0.0,10000.0,36460.260289674145,25000.0,0.0,26.62530914351169,17.0,20.0,0.0,121.0,9.993608795369395,9.0,11.0,1.0,15408.102159407585,10000.0,19000.0,1.0,16.5,17.559196440811903,19.0,1.0,21914.580565154465,10000.0,25000.0,1.0,18.861584410044088,17.0,20.0,1.0,0.0,211.0,1.0,19.0
91.0,21.0,91.0,24.0,-721.0,911.0,11.0,-711.0,14.672149584170361,12.0,17.0,30000.0,18000.0,36000.0,1.0,25.14218210023824,20.0,25.0,0.0,18000.0,34544.00567284062,36000.0,1.0,25.709802002796657,20.0,26.0,1.0,721.0,14.435602809193487,12.0,17.0,1.0,28687.80255835773,18000.0,36000.0,1.0,20.0,23.05414616255504,25.0,1.0,33174.20760305302,18000.0,36000.0,1.0,23.61457081376714,20.0,26.0,1.0,0.0,91121.0,7.0,18.0
11.0,22.0,11.0,21.0,-121.0,11.0,11.0,-111.0,10.22420681929693,9.0,11.0,30000.0,10000.0,19000.0,0.0,24.049319646080853,16.5,19.0,0.0,10000.0,37086.213666551004,25000.0,0.0,25.39095007833169,17.0,20.0,0.0,122.0,10.206861621752369,9.0,11.0,1.0,15283.445144487405,10000.0,19000.0,1.0,16.5,17.576770194759284,19.0,1.0,22247.373185256383,10000.0,25000.0,1.0,18.89524833091857,17.0,20.0,1.0,0.0,111.0,1.0,54.0
11.0,22.0,11.0,22.0,-121.0,21.0,13.0,-111.0,10.210488927977522,9.0,11.0,30000.0,10000.0,19000.0,0.0,26.95645974181737,16.5,19.0,0.0,10000.0,37050.34412111528,25000.0,0.0,28.29046068122565,17.0,20.0,0.0,122.0,10.202509946378363,9.0,11.0,1.0,13562.823288835772,10000.0,19000.0,1.0,16.5,17.236357061042906,19.0,1.0,20339.621099210548,10000.0,25000.0,1.0,18.518600096265118,17.0,20.0,1.0,0.0,211.0,1.0,16.0
11.0,22.0,11.0,22.0,-121.0,21.0,12.0,-111.0,10.206154353020267,9.0,11.0,30000.0,10000.0,19000.0,0.0,23.764051200438868,16.5,19.0,0.0,10000.0,36850.79308592589,25000.0,0.0,25.053601642159755,17.0,20.0,0.0,122.0,10.224301905564884,9.0,11.0,1.0,16594.37974736031,10000.0,19000.0,1.0,16.5,17.891982043222193,19.0,1.0,23795.39012036482,10000.0,25000.0,1.0,19.247455196603767,17.0,20.0,1.0,0.0,211.0,1.0,48.0
11.0,22.0,11.0,22.0,-121.0,21.0,13.0,-111.0,10.199578106202727,9.0,11.0,30000.0,10000.0,19000.0,0.0,27.12298147832187,16.5,19.0,0.0,10000.0,36944.47944281741,25000.0,0.0,28.428706772513582,17.0,20.0,0.0,122.0,10.226964870364096,9.0,11.0,1.0,17183.37792161832,10000.0,19000.0,1.0,16.5,18.001093177967732,19.0,1.0,24217.90098400867,10000.0,25000.0,1.0,19.32374878819322,17.0,20.0,1.0,0.0,211.0,1.0,5.0
11.0,22.0,11.0,22.0,-121.0,21.0,13.0,-111.0,10.188644377835821,9.0,11.0,30000.0,10000.0,19000.0,0.0,25.705165924791174,16.5,19.0,0.0,10000.0,36965.265636246535,25000.0,0.0,27.019583486111845,17.0,20.0,0.0,122.0,10.195951299031943,9.0,11.0,1.0,11022.826676559813,10000.0,19000.0,1.0,16.5,16.79078296520908,19.0,1.0,17906.004503278004,10000.0,25000.0,1.0,18.089709709086563,17.0,20.0,1.0,0.0,211.0,1.0,41.0
91.0,24.0,91.0,24.0,-721.0,911.0,12.0,-711.0,13.895064572253194,12.0,17.0,30000.0,18000.0,36000.0,1.0,22.942862840866958,20.0,25.0,1.0,18000.0,34511.259751039084,36000.0,1.0,23.508827277055826,20.0,26.0,1.0,721.0,14.057213265777522,12.0,17.0,1.0,23264.56143706813,18000.0,36000.0,1.0,20.0,21.958233313212233,25.0,1.0,27787.929117061085,18000.0,36000.0,1.0,22.525716761287352,20.0,26.0,1.0,1.0,91121.0,7.0,1.0
11.0,22.0,11.0,22.0,-121.0,11.0,11.0,-111.0,10.191527346449673,9.0,11.0,30000.0,10000.0,19000.0,0.0,23.479541036856958,16.5,19.0,0.0,10000.0,37017.1885163303,25000.0,0.0,24.806616153190447,17.0,20.0,0.0,122.0,10.213009286948786,9.0,11.0,1.0,14597.483720216998,10000.0,19000.0,1.0,16.5,17.499402047395478,19.0,1.0,21536.39255272537,10000.0,25000.0,1.0,18.811673083679988,17.0,20.0,1.0,0.0,111.0,1.0,30.0
11.0,21.0,11.0,22.0,-121.0,11.0,11.0,-111.0,9.992250082602112,9.0,11.0,30000.0,10000.0,19000.0,0.0,24.748136917337963,16.5,19.0,0.0,10000.0,36477.01905796419,25000.0,0.0,26.043093896745425,17.0,20.0,0.0,121.0,9.995283221648133,9.0,11.0,1.0,15467.478779311981,10000.0,19000.0,1.0,16.5,17.632955672698582,19.0,1.0,21819.88337176647,10000.0,25000.0,1.0,18.902998355822092,17.0,20.0,1.0,0.0,111.0,1.0,29.0
91.0,24.0,91.0,21.0,-721.0,911.0,11.0,-711.0,15.039688396394057,12.0,17.0,30000.0,18000.0,36000.0,1.0,24.625284190257393,20.0,25.0,1.0,18000.0,34457.431316438204,36000.0,1.0,25.180726832271116,20.0,26.0,1.0,721.0,14.43611180194298,12.0,17.0,1.0,23135.271387529887,18000.0,36000.0,1.0,20.0,22.237721661757444,25.0,1.0,27668.702407427823,18000.0,36000.0,1.0,22.802634663062236,20.0,26.0,1.0,1.0,91121.0,7.0,21.0
11.0,21.0,11.0,21.0,-121.0,21.0,12.0,-111.0,10.003820451246959,9.0,11.0,30000.0,10000.0,19000.0,0.0,25.977900933341978,16.5,19.0,0.0,10000.0,36590.5112926936,25000.0,0.0,27.30505882673024,17.0,20.0,0.0,121.0,9.985871993618916,9.0,11.0,1.0,14351.843138741531,10000.0,19000.0,1.0,16.5,17.378725659439137,19.0,1.0,20867.411350471237,10000.0,25000.0,1.0,18.690791961744573,17.0,20.0,1.0,0.0,211.0,1.0,6.0
11.0,21.0,11.0,22.0,-121.0,21.0,12.0,-111.0,10.013359344220984,9.0,11.0,30000.0,10000.0,19000.0,0.0,23.590425252790908,16.5,19.0,0.0,10000.0,36537.50145724726,25000.0,0.0,24.90441514251389,17.0,20.0,0.0,121.0,10.002330543991537,9.0,11.0,1.0,15714.182959179372,10000.0,19000.0,1.0,16.5,17.68122824085962,19.0,1.0,22239.647099896636,10000.0,25000.0,1.0,18.992798718162852,17.0,20.0,1.0,0.0,211.0,1.0,37.0
92.0,24.0,92.0,24.0,-721.0,921.0,13.0,-711.0,15.239691673544092,12.0,17.0,30000.0,15000.0,28000.0,0.0,24.843920179884993,19.5,25.0,1.0,15000.0,33957.096660849005,28000.0,0.0,25.32574732837164,20.0,26.0,1.0,722.0,15.14277066863737,12.0,17.0,1.0,19746.07325943914,15000.0,28000.0,1.0,19.5,21.52234172927706,25.0,1.0,23717.4314606059,15000.0,28000.0,1.0,22.005905402770114,20.0,26.0,1.0,0.0,92122.0,7.0,20.0
11.0,22.0,11.0,22.0,-121.0,11.0,11.0,-111.0,10.2092489749959,9.0,11.0,30000.0,10000.0,19000.0,0.0,26.536498786145366,16.5,19.0,0.0,10000.0,37001.04931208817,25000.0,0.0,27.856505375474,17.0,20.0,0.0,122.0,10.20995622836142,9.0,11.0,1.0,15048.39111083708,10000.0,19000.0,1.0,16.5,17.52756372349218,19.0,1.0,22022.05603937039,10000.0,25000.0,1.0,18.84240714868273,17.0,20.0,1.0,0.0,111.0,1.0,17.0
91.0,24.0,91.0,21.0,-721.0,911.0,11.0,-711.0,15.3427287327973,12.0,17.0,30000.0,18000.0,36000.0,1.0,24.84134443251517,20.0,25.0,1.0,18000.0,34528.408400038665,36000.0,1.0,25.407217107441348,20.0,26.0,1.0,721.0,13.93521963277191,12.0,17.0,1.0,21898.002305524165,18000.0,36000.0,1.0,20.0,21.556790584106075,25.0,1.0,26378.315865928227,18000.0,36000.0,1.0,22.116653298545042,20.0,26.0,1.0,1.0,91121.0,7.0,3.0
11.0,22.0,11.0,22.0,-121.0,21.0,13.0,-111.0,10.196604222968414,9.0,11.0,30000.0,10000.0,19000.0,0.0,27.492185334012525,16.5,19.0,0.0,10000.0,37084.57880968014,25000.0,0.0,28.83803342514721,17.0,20.0,0.0,122.0,10.205184403617983,9.0,11.0,1.0,15511.684884399512,10000.0,19000.0,1.0,16.5,17.683440559217146,19.0,1.0,22442.989118831953,10000.0,25000.0,1.0,19.00017128147808,17.0,20.0,1.0,0.0,211.0,1.0,13.0
11.0,22.0,11.0,22.0,-121.0,11.0,12.0,-111.0,9.99205373396776,9.0,11.0,30000.0,10000.0,19000.0,0.0,24.06767307441764,16.5,19.0,0.0,10000.0,36508.19754930531,25000.0,0.0,25.365269918605772,17.0,20.0,0.0,121.0,9.980488646586192,9.0,11.0,1.0,15604.090558837454,10000.0,19000.0,1.0,16.5,17.663578253840218,19.0,1.0,22125.412751090982,10000.0,25000.0,1.0,18.96379187404685,17.0,20.0,1.0,0.0,111.0,1.0,14.0
11.0,22.0,11.0,21.0,-121.0,11.0,11.0,-111.0,10.162801192425002,9.0,11.0,30000.0,10000.0,19000.0,0.0,24.45522774311189,16.5,19.0,0.0,10000.0,37145.34361094323,25000.0,0.0,25.79872166203706,17.0,20.0,0.0,122.0,10.193621047636013,9.0,11.0,1.0,14826.34221585035,10000.0,19000.0,1.0,16.5,17.449952721805477,19.0,1.0,21998.19581534584,10000.0,25000.0,1.0,18.79843114677402,17.0,20.0,1.0,0.0,111.0,1.0,0.0
81.0,23.0,81.0,21.0,-721.0,912.0,12.0,-711.0,15.399043492025056,12.0,17.0,30000.0,12500.0,23000.0,0.0,27.067017819093444,20.0,24.0,0.0,12500.0,34489.28693786792,26000.0,0.0,27.63094305649566,20.0,25.0,0.0,721.0,15.322903820848609,12.0,17.0,1.0,14610.663499033259,12500.0,23000.0,1.0,20.0,21.54939541492174,24.0,1.0,19082.200239375336,12500.0,26000.0,1.0,22.111090947586383,20.0,25.0,1.0,0.0,912.0,7.0,11.0
91.0,24.0,91.0,24.0,-721.0,911.0,12.0,-711.0,14.920578152334944,12.0,17.0,30000.0,18000.0,36000.0,1.0,24.4999622598518,20.0,25.0,1.0,18000.0,34488.9357932019,36000.0,1.0,25.06266540538193,20.0,26.0,1.0,721.0,14.193563377696783,12.0,17.0,1.0,24967.856149645053,18000.0,36000.0,1.0,20.0,22.331568027735038,25.0,1.0,29430.31388812251,18000.0,36000.0,1.0,22.890952060369077,20.0,26.0,1.0,1.0,91121.0,7.0,24.0
11.0,22.0,11.0,21.0,-121.0,11.0,11.0,-111.0,10.184436993499482,9.0,11.0,30000.0,10000.0,19000.0,0.0,24.12309612610291,16.5,19.0,0.0,10000.0,36943.23616645637,25000.0,0.0,25.43569542174507,17.0,20.0,0.0,122.0,10.197166750230014,9.0,11.0,1.0,17660.34183867014,10000.0,19000.0,1.0,16.5,18.006617875288864,19.0,1.0,24610.940289961065,10000.0,25000.0,1.0,19.320608990200377,17.0,20.0,1.0,0.0,111.0,1.0,26.0
11.0,22.0,11.0,21.0,-121.0,21.0,13.0,-111.0,10.001198890593917,9.0,11.0,30000.0,10000.0,19000.0,0.0,27.338558989808917,16.5,19.0,0.0,10000.0,36532.55445241942,25000.0,0.0,28.64491952107672,17.0,20.0,0.0,121.0,9.986489541188094,9.0,11.0,1.0,11180.90771678923,10000.0,19000.0,1.0,16.5,16.72743625809138,19.0,1.0,17747.570644522955,10000.0,25000.0,1.0,18.040617699350346,17.0,20.0,1.0,0.0,211.0,1.0,20.0
11.0,22.0,11.0,22.0,-121.0,11.0,11.0,-111.0,10.188593340451176,9.0,11.0,30000.0,10000.0,19000.0,0.0,24.56097650517198,16.5,19.0,0.0,10000.0,36980.610228640275,25000.0,0.0,25.877794704493294,17.0,20.0,0.0,122.0,10.201546637177692,9.0,11.0,1.0,12226.770731819786,10000.0,19000.0,1.0,16.5,17.017860817931883,19.0,1.0,19233.1327222231,10000.0,25000.0,1.0,18.339536814414686,17.0,20.0,1.0,0.0,111.0,1.0,44.0
91.0,24.0,91.0,24.0,-721.0,911.0,12.0,-711.0,15.394419758623895,12.0,17.0,30000.0,18000.0,36000.0,1.0,24.83738003875414,20.0,25.0,1.0,18000.0,33991.725403997414,36000.0,1.0,25.324837397461053,20.0,26.0,1.0,722.0,15.133603321827245,12.0,17.0,1.0,26596.77975182385,18000.0,36000.0,1.0,20.0,23.322422278212287,25.0,1.0,30669.971768213454,18000.0,36000.0,1.0,23.819828091705123,20.0,26.0,1.0,1.0,91121.0,7.0,13.0
11.0,22.0,11.0,21.0,-121.0,11.0,12.0,-111.0,10.002169414110288,9.0,11.0,30000.0,10000.0,19000.0,0.0,24.331258642752655,16.5,19.0,0.0,10000.0,36442.418126235694,25000.0,0.0,25.621457159476616,17.0,20.0,0.0,121.0,9.993954632207743,9.0,11.0,1.0,14510.415248213058,10000.0,19000.0,1.0,16.5,17.37479774964751,19.0,1.0,21033.88555084171,10000.0,25000.0,1.0,18.681228276730064,17.0,20.0,1.0,0.0,111.0,1.0,10.0
91.0,24.0,91.0,21.0,-721.0,911.0,12.0,-711.0,15.5365198266303,12.0,17.0,30000.0,18000.0,36000.0,1.0,24.547780973141485,20.0,25.0,1.0,18000.0,34526.896867114236,36000.0,1.0,25.11277051111263,20.0,26.0,1.0,721.0,15.565089226348887,12.0,17.0,1.0,27080.76194646475,18000.0,36000.0,1.0,20.0,23.87458009813342,25.0,1.0,31551.27301571422,18000.0,36000.0,1.0,24.432532279871605,20.0,26.0,1.0,1.0,91121.0,7.0,29.0
11.0,22.0,11.0,21.0,-121.0,11.0,11.0,-111.0,10.211495101582486,9.0,11.0,30000.0,10000.0,19000.0,0.0,25.97158466806372,16.5,19.0,0.0,10000.0,37178.53563074459,25000.0,0.0,27.326026607705487,17.0,20.0,0.0,122.0,10.215184402404242,9.0,11.0,1.0,11576.460844201378,10000.0,19000.0,1.0,16.5,16.91918053564938,19.0,1.0,18661.97771311741,10000.0,25000.0,1.0,18.25607174925525,17.0,20.0,1.0,0.0,111.0,1.0,54.0
11.0,22.0,11.0,22.0,-121.0,21.0,12.0,-111.0,10.222465487706334,9.0,11.0,30000.0,10000.0,19000.0,0.0,24.802237444786016,16.5,19.0,0.0,10000.0,36799.94787627213,25000.0,0.0,26.08824454320778,17.0,20.0,0.0,122.0,10.178283314898666,9.0,11.0,1.0,15334.093938597198,10000.0,19000.0,1.0,16.5,17.602616816196704,19.0,1.0,22343.345396039593,10000.0,25000.0,1.0,18.92820743731712,17.0,20.0,1.0,0.0,211.0,1.0,25.0
92.0,24.0,92.0,24.0,-721.0,921.0,13.0,-711.0,14.679408927791318,12.0,17.0,30000.0,15000.0,28000.0,0.0,23.830623249040308,19.5,25.0,1.0,15000.0,34490.46879455433,28000.0,0.0,24.389281804345618,20.0,26.0,1.0,721.0,14.771213322000605,12.0,17.0,1.0,20436.946581558765,15000.0,28000.0,1.0,19.5,21.33255178832991,25.0,1.0,24914.7034233298,15000.0,28000.0,1.0,21.889628851478847,20.0,26.0,1.0,0.0,92122.0,7.0,20.0
11.0,21.0,11.0,22.0,-121.0,21.0,13.0,-111.0,10.202621472713162,9.0,11.0,30000.0,10000.0,19000.0,0.0,26.91314451121725,16.5,19.0,0.0,10000.0,36794.80865351581,25000.0,0.0,28.19485481978137,17.0,20.0,0.0,122.0,10.210387054523649,9.0,11.0,1.0,16309.698762843362,10000.0,19000.0,1.0,16.5,17.85229751109446,19.0,1.0,23248.64158896041,10000.0,25000.0,1.0,19.161195966412908,17.0,20.0,1.0,0.0,211.0,1.0,52.0
11.0,22.0,11.0,21.0,-121.0,11.0,12.0,-111.0,10.174696895616794,9.0,11.0,30000.0,10000.0,19000.0,0.0,24.28639882933228,16.5,19.0,0.0,10000.0,36802.35011851735,25000.0,0.0,25.57229631022941,17.0,20.0,0.0,122.0,10.198412644316932,9.0,11.0,1.0,14461.063012542156,10000.0,19000.0,1.0,16.5,17.434609047416266,19.0,1.0,21547.155558738144,10000.0,25000.0,1.0,18.77414441325295,17.0,20.0,1.0,0.0,111.0,1.0,45.0
11.0,22.0,11.0,22.0,-121.0,21.0,13.0,-111.0,10.210034863082962,9.0,11.0,30000.0,10000.0,19000.0,0.0,28.461209520528563,16.5,19.0,0.0,10000.0,37007.38671556341,25000.0,0.0,29.780994809990304,17.0,20.0,0.0,122.0,10.191473228437308,9.0,11.0,1.0,12979.935490163296,10000.0,19000.0,1.0,16.5,17.171222437477205,19.0,1.0,20137.30898252792,10000.0,25000.0,1.0,18.51925653775402,17.0,20.0,1.0,0.0,211.0,1.0,3.0
11.0,21.0,11.0,22.0,-121.0,11.0,12.0,-111.0,10.189192510780677,9.0,11.0,30000.0,10000.0,19000.0,0.0,25.643380593238575,16.5,19.0,0.0,10000.0,36962.87897558081,25000.0,0.0,26.95620035833392,17.0,20.0,0.0,122.0,10.182401043736117,9.0,11.0,1.0,14590.845057800134,10000.0,19000.0,1.0,16.5,17.4719560696785,19.0,1.0,21615.863703216106,10000.0,25000.0,1.0,18.796491992277403,17.0,20.0,1.0,0.0,111.0,1.0,51.0
11.0,22.0,11.0,21.0,-121.0,21.0,13.0,-111.0,10.178893081928365,9.0,11.0,30000.0,10000.0,19000.0,0.0,24.65362616425848,16.5,19.0,0.0,10000.0,36998.030940583725,25000.0,0.0,25.977949460071326,17.0,20.0,0.0,122.0,10.190401451816975,9.0,11.0,1.0,12933.299678167556,10000.0,19000.0,1.0,16.5,17.1507947401482,19.0,1.0,19811.131850926362,10000.0,25000.0,1.0,18.452371347684007,17.0,20.0,1.0,0.0,211.0,1.0,2.0
81.0,23.0,81.0,23.0,-721.0,912.0,11.0,-711.0,15.498452560113474,12.0,17.0,30000.0,12500.0,23000.0,0.0,26.298584491059266,20.0,24.0,0.0,12500.0,33990.61383825205,26000.0,0.0,26.783939625898128,20.0,25.0,0.0,722.0,15.285528164857263,12.0,17.0,1.0,14278.379372643165,12500.0,23000.0,1.0,20.0,21.53247503952397,24.0,1.0,18244.401213816243,12500.0,26000.0,1.0,22.0148391928893,20.0,25.0,1.0,0.0,912.0,7.0,17.0
81.0,21.0,81.0,21.0,-721.0,912.0,12.0,-711.0,13.996919209216443,12.0,17.0,30000.0,12500.0,23000.0,0.0,27.82668129278938,20.0,24.0,0.0,12500.0,34441.821597007394,26000.0,0.0,28.381010356665186,20.0,25.0,0.0,721.0,15.439350907513841,12.0,17.0,1.0,13923.906567636659,12500.0,23000.0,1.0,20.0,21.698804399891024,24.0,1.0,18403.498358183762,12500.0,26000.0,1.0,22.257847096579408,20.0,25.0,1.0,0.0,912.0,7.0,6.0
81.0,23.0,81.0,23.0,-721.0,912.0,12.0,-711.0,15.008849235517005,12.0,17.0,30000.0,12500.0,23000.0,0.0,25.588974305754505,20.0,24.0,0.0,12500.0,34015.0433249573,26000.0,0.0,26.077360207535868,20.0,25.0,0.0,722.0,15.402039375421865,12.0,17.0,1.0,17831.890526913925,12500.0,23000.0,1.0,20.0,22.11266956654711,24.0,1.0,21833.96203165002,12500.0,26000.0,1.0,22.599477588937457,20.0,25.0,1.0,0.0,912.0,7.0,31.0
11.0,22.0,11.0,22.0,-121.0,11.0,11.0,-111.0,10.209685620350582,9.0,11.0,30000.0,10000.0,19000.0,0.0,22.659138029700006,16.5,19.0,0.0,10000.0,36893.44905575366,25000.0,0.0,23.955004610901494,17.0,20.0,0.0,122.0,10.19899165146227,9.0,11.0,1.0,15055.14456994097,10000.0,19000.0,1.0,16.5,17.541581656902938,19.0,1.0,22061.11498088141,10000.0,25000.0,1.0,18.858600590530436,17.0,20.0,1.0,0.0,111.0,1.0,55.0
11.0,22.0,11.0,22.0,-121.0,21.0,13.0,-111.0,9.998883489095594,9.0,11.0,30000.0,10000.0,19000.0,0.0,25.602031360865915,16.5,19.0,0.0,10000.0,36436.52643171813,25000.0,0.0,26.888374071149332,17.0,20.0,0.0,121.0,10.00413968436049,9.0,11.0,1.0,12214.181510979583,10000.0,19000.0,1.0,16.5,16.956252317012588,19.0,1.0,18789.24707612844,10000.0,25000.0,1.0,18.270282135593952,17.0,20.0,1.0,0.0,211.0,1.0,31.0
11.0,22.0,11.0,21.0,-121.0,11.0,11.0,-111.0,10.210179882959068,9.0,11.0,30000.0,10000.0,19000.0,0.0,23.960031913474683,16.5,19.0,0.0,10000.0,36951.60675749037,25000.0,0.0,25.27446128292052,17.0,20.0,0.0,122.0,10.204963721997753,9.0,11.0,1.0,13194.113676369629,10000.0,19000.0,1.0,16.5,17.17256935581642,19.0,1.0,20246.710033926192,10000.0,25000.0,1.0,18.50609412305537,17.0,20.0,1.0,0.0,111.0,1.0,54.0
11.0,22.0,11.0,22.0,-121.0,11.0,11.0,-111.0,10.184947338684932,9.0,11.0,30000.0,10000.0,19000.0,0.0,25.480492544956228,16.5,19.0,0.0,10000.0,36992.72428069351,25000.0,0.0,26.799194056610276,17.0,20.0,0.0,122.0,10.196797161460147,9.0,11.0,1.0,17739.096458826374,10000.0,19000.0,1.0,16.5,18.1119316128104,19.0,1.0,24747.942987710343,10000.0,25000.0,1.0,19.43367348930748,17.0,20.0,1.0,0.0,111.0,1.0,50.0
11.0,22.0,11.0,21.0,-121.0,11.0,11.0,-111.0,10.009948272488876,9.0,11.0,30000.0,10000.0,19000.0,0.0,24.614470385117443,16.5,19.0,0.0,10000.0,36414.915152774,25000.0,0.0,25.89717461059881,17.0,20.0,0.0,121.0,9.988147955368298,9.0,11.0,1.0,14526.98112912192,10000.0,19000.0,1.0,16.5,17.377969583579784,19.0,1.0,21024.798020416732,10000.0,25000.0,1.0,18.677250553689554,17.0,20.0,1.0,0.0,111.0,1.0,12.0
11.0,22.0,11.0,21.0,-121.0,11.0,11.0,-111.0,10.217137260912178,9.0,11.0,30000.0,10000.0,19000.0,0.0,23.09677842882073,16.5,19.0,0.0,10000.0,37027.0011129488,25000.0,0.0,24.424373314167198,17.0,20.0,0.0,122.0,10.21419963278325,9.0,11.0,1.0,15795.272820227128,10000.0,19000.0,1.0,16.5,17.660461068243137,19.0,1.0,22584.07870478676,10000.0,25000.0,1.0,18.943054286186896,17.0,20.0,1.0,0.0,111.0,1.0,54.0
11.0,22.0,11.0,22.0,-121.0,11.0,12.0,-111.0,10.022376077716503,9.0,11.0,30000.0,10000.0,19000.0,0.0,25.017781750496052,16.5,19.0,0.0,10000.0,36548.622174767595,25000.0,0.0,26.33064583140783,17.0,20.0,0.0,121.0,9.990074083391681,9.0,11.0,1.0,17250.12387868329,10000.0,19000.0,1.0,16.5,17.996708990376774,19.0,1.0,23692.485722033773,10000.0,25000.0,1.0,19.28827005996491,17.0,20.0,1.0,0.0,111.0,1.0,40.0
11.0,21.0,11.0,22.0,-121.0,21.0,13.0,-111.0,10.005790173448668,9.0,11.0,30000.0,10000.0,19000.0,0.0,27.826321761674386,16.5,19.0,0.0,10000.0,36494.43903803244,25000.0,0.0,29.12183353619365,17.0,20.0,0.0,121.0,10.002847307884041,9.0,11.0,1.0,13760.373993257122,10000.0,19000.0,1.0,16.5,17.25235799932048,19.0,1.0,20285.313101266125,10000.0,25000.0,1.0,18.553953932848227,17.0,20.0,1.0,0.0,211.0,1.0,24.0
11.0,22.0,11.0,22.0,-121.0,11.0,11.0,-111.0,10.008387995875745,9.0,11.0,30000.0,10000.0,19000.0,0.0,25.375158929499953,16.5,19.0,0.0,10000.0,36584.037696825995,25000.0,0.0,26.693118084837273,17.0,20.0,0.0,121.0,10.003882391735118,9.0,11.0,1.0,16326.359020058255,10000.0,19000.0,1.0,16.5,17.809146871540012,19.0,1.0,22847.68593760515,10000.0,25000.0,1.0,19.114552902260645,17.0,20.0,1.0,0.0,111.0,1.0,57.0
11.0,22.0,11.0,22.0,-121.0,21.0,13.0,-111.0,10.211133739340303,9.0,11.0,30000.0,10000.0,19000.0,0.0,25.231057744573462,16.5,19.0,0.0,10000.0,37119.87712589935,25000.0,0.0,26.571928824123898,17.0,20.0,0.0,122.0,10.211568827251918,9.0,11.0,1.0,14508.490649416888,10000.0,19000.0,1.0,16.5,17.45781926769663,19.0,1.0,21574.179685366176,10000.0,25000.0,1.0,18.788485221317885,17.0,20.0,1.0,0.0,211.0,1.0,8.0
11.0,22.0,11.0,22.0,-121.0,21.0,13.0,-111.0,10.197575819341859,9.0,11.0,30000.0,10000.0,19000.0,0.0,27.18646093599174,16.5,19.0,0.0,10000.0,37146.81637794179,25000.0,0.0,28.533782040343443,17.0,20.0,0.0,122.0,10.201179237651631,9.0,11.0,1.0,12511.411470150868,10000.0,19000.0,1.0,16.5,17.07041160764102,19.0,1.0,19443.601989959006,10000.0,25000.0,1.0,18.377271346692286,17.0,20.0,1.0,0.0,211.0,1.0,8.0
11.0,22.0,11.0,21.0,-121.0,11.0,11.0,-111.0,9.995089551814734,9.0,11.0,30000.0,10000.0,19000.0,0.0,24.328788584266746,16.5,19.0,0.0,10000.0,36553.268266520325,25000.0,0.0,25.631508172797183,17.0,20.0,0.0,121.0,9.99751694631572,9.0,11.0,1.0,14802.118579991567,10000.0,19000.0,1.0,16.5,17.399832029611364,19.0,1.0,21397.977288799324,10000.0,25000.0,1.0,18.71101814220209,17.0,20.0,1.0,0.0,111.0,1.0,0.0
81.0,23.0,81.0,23.0,-721.0,912.0,12.0,-711.0,15.863520953133161,12.0,17.0,30000.0,12500.0,23000.0,0.0,27.237034894403187,20.0,24.0,0.0,12500.0,34531.028278009646,26000.0,0.0,27.805114583958563,20.0,25.0,0.0,721.0,14.86674706972943,12.0,17.0,1.0,18804.056666664794,12500.0,23000.0,1.0,20.0,21.794194389996342,24.0,1.0,23335.4438563777,12500.0,26000.0,1.0,22.36231907826646,20.0,25.0,1.0,0.0,912.0,7.0,10.0
11.0,21.0,11.0,22.0,-121.0,21.0,13.0,-111.0,10.212922196723296,9.0,11.0,30000.0,10000.0,19000.0,0.0,27.34340453978612,16.5,19.0,0.0,10000.0,36950.741018000954,25000.0,0.0,28.65698494647423,17.0,20.0,0.0,122.0,10.21648299642122,9.0,11.0,1.0,14048.508935842074,10000.0,19000.0,1.0,16.5,17.458149584680108,19.0,1.0,21112.99384881843,10000.0,25000.0,1.0,18.793225793245043,17.0,20.0,1.0,0.0,211.0,1.0,9.0
11.0,21.0,11.0,22.0,-121.0,21.0,13.0,-111.0,10.207422117636165,9.0,11.0,30000.0,10000.0,19000.0,0.0,26.228051191656434,16.5,19.0,0.0,10000.0,37039.20954965509,25000.0,0.0,27.552939324643674,17.0,20.0,0.0,122.0,10.215985640011432,9.0,11.0,1.0,13564.047815691842,10000.0,19000.0,1.0,16.5,17.282425935636574,19.0,1.0,20577.247668032865,10000.0,25000.0,1.0,18.602418641222354,17.0,20.0,1.0,0.0,211.0,1.0,32.0
11.0,21.0,11.0,21.0,-121.0,21.0,12.0,-111.0,10.008632026077233,9.0,11.0,30000.0,10000.0,19000.0,0.0,25.14164900553805,16.5,19.0,0.0,10000.0,36558.6389771532,25000.0,0.0,26.44756410204893,17.0,20.0,0.0,121.0,9.987355034226914,9.0,11.0,1.0,13713.507835778824,10000.0,19000.0,1.0,16.5,17.204647099617667,19.0,1.0,20128.060020042518,10000.0,25000.0,1.0,18.481872536780365,17.0,20.0,1.0,0.0,211.0,1.0,6.0
11.0,21.0,11.0,21.0,-121.0,21.0,13.0,-111.0,10.012650823025774,9.0,11.0,30000.0,10000.0,19000.0,0.0,27.757893498574425,16.5,19.0,0.0,10000.0,36437.04826691006,25000.0,0.0,29.04851331214323,17.0,20.0,0.0,121.0,10.000528615366852,9.0,11.0,1.0,12644.808327368532,10000.0,19000.0,1.0,16.5,17.025322042147117,19.0,1.0,19123.8862423784,10000.0,25000.0,1.0,18.324368745548917,17.0,20.0,1.0,0.0,211.0,1.0,34.0
11.0,22.0,11.0,21.0,-121.0,21.0,13.0,-111.0,10.007483144725335,9.0,11.0,30000.0,10000.0,19000.0,0.0,25.412524158628635,16.5,19.0,0.0,10000.0,36392.98884537382,25000.0,0.0,26.690071024020465,17.0,20.0,0.0,121.0,9.984719753334474,9.0,11.0,1.0,12518.420875588281,10000.0,19000.0,1.0,16.5,16.969682354593033,19.0,1.0,19005.20541579782,10000.0,25000.0,1.0,18.26597294046098,17.0,20.0,1.0,0.0,211.0,1.0,58.0
81.0,23.0,81.0,21.0,-721.0,912.0,11.0,-711.0,14.335474568858842,12.0,17.0,30000.0,12500.0,23000.0,0.0,24.854492878664935,20.0,24.0,0.0,12500.0,34482.88593444984,26000.0,0.0,25.414161820703633,20.0,25.0,0.0,721.0,14.847623934235854,12.0,17.0,1.0,16302.860798504276,12500.0,23000.0,1.0,20.0,21.31069759233168,24.0,1.0,20798.493108141403,12500.0,26000.0,1.0,21.871957864245868,20.0,25.0,1.0,0.0,912.0,7.0,12.0
91.0,24.0,91.0,24.0,-721.0,911.0,11.0,-711.0,15.32964052176095,12.0,17.0,30000.0,18000.0,36000.0,1.0,24.337492415861867,20.0,25.0,1.0,18000.0,34034.527570790015,36000.0,1.0,24.83057807455105,20.0,26.0,1.0,722.0,15.318471408685447,12.0,17.0,1.0,25778.098365937876,18000.0,36000.0,1.0,20.0,23.44085290785779,25.0,1.0,29790.489099597522,18000.0,36000.0,1.0,23.931233080780373,20.0,26.0,1.0,1.0,91121.0,7.0,28.0
11.0,22.0,11.0,22.0,-121.0,21.0,12.0,-111.0,10.21049725800099,9.0,11.0,30000.0,10000.0,19000.0,0.0,25.001985735207928,16.5,19.0,0.0,10000.0,36682.31901323664,25000.0,0.0,26.256274026777007,17.0,20.0,0.0,122.0,10.18812736593481,9.0,11.0,1.0,14095.982676324773,10000.0,19000.0,1.0,16.5,17.373513000112396,19.0,1.0,21144.651846406516,10000.0,25000.0,1.0,18.69656614882689,17.0,20.0,1.0,0.0,211.0,1.0,48.0
81.0,23.0,81.0,23.0,-721.0,912.0,11.0,-711.0,15.38384418029354,12.0,17.0,30000.0,12500.0,23000.0,0.0,26.5007774451014,20.0,24.0,0.0,12500.0,34525.43439943095,26000.0,0.0,27.066698925261086,20.0,25.0,0.0,721.0,15.990846599476285,12.0,17.0,1.0,19472.87344433633,12500.0,23000.0,1.0,20.0,23.03586013581726,24.0,1.0,23975.60755484082,12500.0,26000.0,1.0,23.598942865047107,20.0,25.0,1.0,0.0,912.0,7.0,17.0
11.0,22.0,11.0,22.0,-121.0,11.0,11.0,-111.0,10.191599107174701,9.0,11.0,30000.0,10000.0,19000.0,0.0,25.025332292435664,16.5,19.0,0.0,10000.0,37027.89526589981,25000.0,0.0,26.354429343400312,17.0,20.0,0.0,122.0,10.185215144847724,9.0,11.0,1.0,16424.797728529695,10000.0,19000.0,1.0,16.5,17.822100741149093,19.0,1.0,23446.947948943158,10000.0,25000.0,1.0,19.15011130423584,17.0,20.0,1.0,0.0,111.0,1.0,17.0
81.0,23.0,81.0,23.0,-721.0,912.0,11.0,-711.0,14.422031157774295,12.0,17.0,30000.0,12500.0,23000.0,0.0,26.091325777927636,20.0,24.0,0.0,12500.0,34480.504046535745,26000.0,0.0,26.649788005484083,20.0,25.0,0.0,721.0,14.994071538728795,12.0,17.0,1.0,15670.928127794314,12500.0,23000.0,1.0,20.0,21.449024456001165,24.0,1.0,20177.128684514428,12500.0,26000.0,1.0,22.010689566574555,20.0,25.0,1.0,0.0,912.0,7.0,17.0
81.0,23.0,81.0,23.0,-721.0,912.0,11.0,-711.0,14.774215568502186,12.0,17.0,30000.0,12500.0,23000.0,0.0,26.673503195346868,20.0,24.0,0.0,12500.0,34441.141396902494,26000.0,0.0,27.2301771922523,20.0,25.0,0.0,721.0,14.635630271670024,12.0,17.0,1.0,15303.67463362603,12500.0,23000.0,1.0,20.0,21.138064886346775,24.0,1.0,19822.417656866906,12500.0,26000.0,1.0,21.704465843877752,20.0,25.0,1.0,0.0,912.0,7.0,17.0
11.0,21.0,11.0,22.0,-121.0,11.0,12.0,-111.0,10.00202132398913,9.0,11.0,30000.0,10000.0,19000.0,0.0,24.47775378964156,16.5,19.0,0.0,10000.0,36469.87611924499,25000.0,0.0,25.77392544341437,17.0,20.0,0.0,121.0,9.997933935931218,9.0,11.0,1.0,17946.275065082747,10000.0,19000.0,1.0,16.5,18.14958832230909,19.0,1.0,24476.971302282498,10000.0,25000.0,1.0,19.457944647228473,17.0,20.0,1.0,0.0,111.0,1.0,7.0
91.0,24.0,91.0,24.0,-721.0,911.0,12.0,-711.0,15.391622241967452,12.0,17.0,30000.0,18000.0,36000.0,1.0,24.824220840827167,20.0,25.0,1.0,18000.0,33933.64997767718,36000.0,1.0,25.304327806410257,20.0,26.0,1.0,722.0,15.254547399579065,12.0,17.0,1.0,32815.21678411209,18000.0,36000.0,1.0,20.0,24.33320555500776,25.0,1.0,36847.978750949784,18000.0,36000.0,0.0,24.825409264489974,20.0,26.0,1.0,0.0,91121.0,7.0,27.0
91.0,24.0,91.0,21.0,-721.0,911.0,12.0,-711.0,15.116394899642101,12.0,17.0,30000.0,18000.0,36000.0,1.0,24.41807775036399,20.0,25.0,1.0,18000.0,33947.49380966626,36000.0,1.0,24.90026497621328,20.0,26.0,1.0,722.0,15.336996404963253,12.0,17.0,1.0,24067.21213882567,18000.0,36000.0,1.0,20.0,23.19235740318595,25.0,1.0,27993.029940529635,18000.0,36000.0,1.0,23.671896899956796,20.0,26.0,1.0,1.0,91121.0,7.0,29.0
91.0,24.0,91.0,24.0,-721.0,911.0,12.0,-711.0,15.219517895147455,12.0,17.0,30000.0,18000.0,36000.0,1.0,24.597204969023302,20.0,25.0,1.0,18000.0,34012.70889970509,36000.0,1.0,25.086548209417824,20.0,26.0,1.0,722.0,15.096906609774006,12.0,17.0,1.0,25988.84366084542,18000.0,36000.0,1.0,20.0,23.347563428861598,25.0,1.0,30000.66271479487,18000.0,36000.0,1.0,23.836798154032017,20.0,26.0,1.0,1.0,91121.0,7.0,1.0
11.0,22.0,11.0,21.0,-121.0,21.0,13.0,-111.0,10.200184516098743,9.0,11.0,30000.0,10000.0,19000.0,0.0,24.869870965146646,16.5,19.0,0.0,10000.0,36810.493200267665,25000.0,0.0,26.153022060191,17.0,20.0,0.0,122.0,10.207688977124672,9.0,11.0,1.0,12451.313652786988,10000.0,19000.0,1.0,16.5,17.032186962394054,19.0,1.0,19307.074077108475,10000.0,25000.0,1.0,18.32386676254188,17.0,20.0,1.0,0.0,211.0,1.0,33.0
11.0,22.0,11.0,21.0,-121.0,21.0,12.0,-111.0,10.190556496184083,9.0,11.0,30000.0,10000.0,19000.0,0.0,23.513402405984863,16.5,19.0,0.0,10000.0,36966.05049460146,25000.0,0.0,24.8233559455164,17.0,20.0,0.0,122.0,10.212735617727503,9.0,11.0,1.0,14318.673705631081,10000.0,19000.0,1.0,16.5,17.359511322752862,19.0,1.0,21336.877256857144,10000.0,25000.0,1.0,18.67927215282525,17.0,20.0,1.0,0.0,211.0,1.0,53.0
11.0,22.0,11.0,22.0,-121.0,21.0,13.0,-111.0,9.995912927601532,9.0,11.0,30000.0,10000.0,19000.0,0.0,25.154628421299932,16.5,19.0,0.0,10000.0,36440.14749361564,25000.0,0.0,26.44458277294556,17.0,20.0,0.0,121.0,10.006143083828357,9.0,11.0,1.0,14893.81072672075,10000.0,19000.0,1.0,16.5,17.561560037595555,19.0,1.0,21368.37903402967,10000.0,25000.0,1.0,18.858408839788293,17.0,20.0,1.0,0.0,211.0,1.0,21.0
91.0,24.0,91.0,21.0,-721.0,911.0,12.0,-711.0,14.78953321371633,12.0,17.0,30000.0,18000.0,36000.0,1.0,24.57798930546494,20.0,25.0,1.0,18000.0,34508.57346082318,36000.0,1.0,25.141551707904267,20.0,26.0,1.0,721.0,15.27295939643269,12.0,17.0,1.0,23880.642672978218,18000.0,36000.0,1.0,20.0,23.163759817101088,25.0,1.0,28458.624642542825,18000.0,36000.0,1.0,23.735998140266993,20.0,26.0,1.0,1.0,91121.0,7.0,29.0
11.0,22.0,11.0,22.0,-121.0,21.0,13.0,-111.0,10.208266517393922,9.0,11.0,30000.0,10000.0,19000.0,0.0,26.617722605679468,16.5,19.0,0.0,10000.0,37127.284161971205,25000.0,0.0,27.968559676886247,17.0,20.0,0.0,122.0,10.182975176066272,9.0,11.0,1.0,14465.103166365978,10000.0,19000.0,1.0,16.5,17.488750294639036,19.0,1.0,21549.06857057066,10000.0,25000.0,1.0,18.831377144036242,17.0,20.0,1.0,0.0,211.0,1.0,41.0
11.0,22.0,11.0,22.0,-121.0,21.0,13.0,-111.0,9.998201471645006,9.0,11.0,30000.0,10000.0,19000.0,0.0,27.084535401467996,16.5,19.0,0.0,10000.0,36512.617729520076,25000.0,0.0,28.388493416854097,17.0,20.0,0.0,121.0,9.995638009671154,9.0,11.0,1.0,15539.64551368685,10000.0,19000.0,1.0,16.5,17.657077999028484,19.0,1.0,22090.792427264172,10000.0,25000.0,1.0,18.968750337665895,17.0,20.0,1.0,0.0,211.0,1.0,19.0
11.0,22.0,11.0,22.0,-121.0,11.0,11.0,-111.0,9.988091896891675,9.0,11.0,30000.0,10000.0,19000.0,0.0,23.80677800401326,16.5,19.0,0.0,10000.0,36505.487053762,25000.0,0.0,25.105723691243966,17.0,20.0,0.0,121.0,10.009666401367307,9.0,11.0,1.0,15922.663933480946,10000.0,19000.0,1.0,16.5,17.75097789936166,19.0,1.0,22324.496224669343,10000.0,25000.0,1.0,19.029226918426986,17.0,20.0,1.0,0.0,111.0,1.0,38.0
91.0,24.0,91.0,21.0,-721.0,911.0,11.0,-711.0,15.272735963514553,12.0,17.0,30000.0,18000.0,36000.0,1.0,24.665660344379283,20.0,25.0,1.0,18000.0,34007.1060855724,36000.0,1.0,25.157233649847104,20.0,26.0,1.0,722.0,15.225150579947389,12.0,17.0,1.0,25791.089397378695,18000.0,36000.0,1.0,20.0,23.32493595330893,25.0,1.0,29792.043737280932,18000.0,36000.0,1.0,23.81575459097188,20.0,26.0,1.0,1.0,91121.0,7.0,3.0
91.0,24.0,91.0,21.0,-721.0,911.0,11.0,-711.0,15.155933937505958,12.0,17.0,30000.0,18000.0,36000.0,1.0,24.148344277562376,20.0,25.0,1.0,18000.0,33983.35243673879,36000.0,1.0,24.63378672993574,20.0,26.0,1.0,722.0,15.366064116837453,12.0,17.0,1.0,23735.066674636695,18000.0,36000.0,1.0,20.0,23.15345680858594,25.0,1.0,27787.71037840072,18000.0,36000.0,1.0,23.64734363617515,20.0,26.0,1.0,1.0,91121.0,7.0,15.0
91.0,24.0,91.0,24.0,-721.0,911.0,11.0,-711.0,14.310920146767787,12.0,17.0,30000.0,18000.0,36000.0,1.0,23.450323302902635,20.0,25.0,1.0,18000.0,34489.817907239165,36000.0,1.0,24.014050035402388,20.0,26.0,1.0,721.0,14.322687266022113,12.0,17.0,1.0,25634.65555225669,18000.0,36000.0,1.0,20.0,22.60012775970211,25.0,1.0,30058.211437782884,18000.0,36000.0,1.0,23.15553485123628,20.0,26.0,1.0,1.0,91121.0,7.0,0.0
11.0,22.0,11.0,21.0,-121.0,11.0,12.0,-111.0,10.00941404320522,9.0,11.0,30000.0,10000.0,19000.0,0.0,25.72769550166843,16.5,19.0,0.0,10000.0,36546.093559042085,25000.0,0.0,27.037528959508496,17.0,20.0,0.0,121.0,9.999313031286375,9.0,11.0,1.0,11547.030951502986,10000.0,19000.0,1.0,16.5,16.780602252679678,19.0,1.0,18002.347588196215,10000.0,25000.0,1.0,18.072271801156116,17.0,20.0,1.0,0.0,111.0,1.0,10.0
81.0,23.0,81.0,21.0,-721.0,912.0,12.0,-711.0,15.13688124271794,12.0,17.0,30000.0,12500.0,23000.0,0.0,26.73443788862461,20.0,24.0,0.0,12500.0,34020.278147215664,26000.0,0.0,27.224491455617745,20.0,25.0,0.0,722.0,15.14385750783686,12.0,17.0,1.0,14154.50708071696,12500.0,23000.0,1.0,20.0,21.439613719046093,24.0,1.0,18060.218241181217,12500.0,26000.0,1.0,21.91570209297017,20.0,25.0,1.0,0.0,912.0,7.0,11.0
11.0,22.0,11.0,22.0,-121.0,21.0,13.0,-111.0,10.005928247952415,9.0,11.0,30000.0,10000.0,19000.0,0.0,24.84533329993002,16.5,19.0,0.0,10000.0,36454.46057666033,25000.0,0.0,26.13585297701478,17.0,20.0,0.0,121.0,9.996005620597593,9.0,11.0,1.0,13976.799479368268,10000.0,19000.0,1.0,16.5,17.298690623401498,19.0,1.0,20497.639972666773,10000.0,25000.0,1.0,18.60248245352947,17.0,20.0,1.0,0.0,211.0,1.0,47.0
91.0,24.0,91.0,24.0,-721.0,911.0,12.0,-711.0,15.412846154949282,12.0,17.0,30000.0,18000.0,36000.0,1.0,24.544818312681805,20.0,25.0,1.0,18000.0,34008.184389859,36000.0,1.0,25.033867806361055,20.0,26.0,1.0,722.0,15.03898779166195,12.0,17.0,1.0,24387.57941649748,18000.0,36000.0,1.0,20.0,23.121043113201857,25.0,1.0,28371.624194329754,18000.0,36000.0,1.0,23.6071472670736,20.0,26.0,1.0,1.0,91121.0,7.0,27.0
91.0,24.0,91.0,24.0,-721.0,911.0,12.0,-711.0,15.34206954196726,12.0,17.0,30000.0,18000.0,36000.0,1.0,24.91447430109335,20.0,25.0,1.0,18000.0,33927.466885816655,36000.0,1.0,25.392647816711666,20.0,26.0,1.0,722.0,15.30598744510652,12.0,17.0,1.0,24236.729871974658,18000.0,36000.0,1.0,20.0,23.244985839975996,25.0,1.0,28224.394938115674,18000.0,36000.0,1.0,23.73048855183107,20.0,26.0,1.0,1.0,91121.0,7.0,27.0
91.0,24.0,91.0,24.0,-721.0,911.0,12.0,-711.0,14.737899385848161,12.0,17.0,30000.0,18000.0,36000.0,1.0,23.74514123465275,20.0,25.0,1.0,18000.0,34467.0508672269,36000.0,1.0,24.302645941887814,20.0,26.0,1.0,721.0,14.385548864932796,12.0,17.0,1.0,24610.536831621954,18000.0,36000.0,1.0,20.0,22.539999986079835,25.0,1.0,29091.44441606248,18000.0,36000.0,1.0,23.099234063609313,20.0,26.0,1.0,1.0,91121.0,7.0,13.0
81.0,23.0,81.0,21.0,-721.0,912.0,12.0,-711.0,15.585535308384676,12.0,17.0,30000.0,12500.0,23000.0,0.0,26.959539236534482,20.0,24.0,0.0,12500.0,34464.49258799633,26000.0,0.0,27.517841708365975,20.0,25.0,0.0,721.0,14.983535707329343,12.0,17.0,1.0,16309.27749730444,12500.0,23000.0,1.0,20.0,21.615898126645988,24.0,1.0,20787.08230154328,12500.0,26000.0,1.0,22.17586534381802,20.0,25.0,1.0,0.0,912.0,7.0,30.0
11.0,22.0,11.0,21.0,-121.0,21.0,12.0,-111.0,9.999581395216717,9.0,11.0,30000.0,10000.0,19000.0,0.0,23.90952822372553,16.5,19.0,0.0,10000.0,36519.97328677879,25000.0,0.0,25.207485671330556,17.0,20.0,0.0,121.0,10.01107125215125,9.0,11.0,1.0,13017.885022983406,10000.0,19000.0,1.0,16.5,17.060793176784653,19.0,1.0,19515.85580128593,10000.0,25000.0,1.0,18.35437049605377,17.0,20.0,1.0,0.0,211.0,1.0,53.0
11.0,21.0,11.0,22.0,-121.0,11.0,12.0,-111.0,10.209501732793163,9.0,11.0,30000.0,10000.0,19000.0,0.0,25.4461754495443,16.5,19.0,0.0,10000.0,37074.327142758455,25000.0,0.0,26.77971203053928,17.0,20.0,0.0,122.0,10.182289636754538,9.0,11.0,1.0,15458.364144352818,10000.0,19000.0,1.0,16.5,17.63716218226051,19.0,1.0,22540.72251884141,10000.0,25000.0,1.0,18.972212679856526,17.0,20.0,1.0,0.0,111.0,1.0,7.0
91.0,24.0,91.0,21.0,-721.0,911.0,11.0,-711.0,15.21950823874991,12.0,17.0,30000.0,18000.0,36000.0,1.0,25.811256956997667,20.0,25.0,0.0,18000.0,33955.40861537771,36000.0,1.0,26.29054066380251,20.0,26.0,0.0,722.0,15.116910675417984,12.0,17.0,1.0,21896.813027524422,18000.0,36000.0,1.0,20.0,22.680924634963553,25.0,1.0,25830.16699707778,18000.0,36000.0,1.0,23.157535942168046,20.0,26.0,1.0,0.0,91121.0,7.0,3.0
81.0,23.0,81.0,23.0,-721.0,912.0,12.0,-711.0,15.094760388767096,12.0,17.0,30000.0,12500.0,23000.0,0.0,25.90608228820927,20.0,24.0,0.0,12500.0,34039.0393879736,26000.0,0.0,26.398766721274256,20.0,25.0,0.0,722.0,15.054705334181806,12.0,17.0,1.0,17179.553163231034,12500.0,23000.0,1.0,20.0,21.603526327871183,24.0,1.0,21079.96637756985,12500.0,26000.0,1.0,22.079301057612014,20.0,25.0,1.0,0.0,912.0,7.0,5.0
91.0,21.0,91.0,24.0,-721.0,911.0,12.0,-711.0,15.175399890938039,12.0,17.0,30000.0,18000.0,36000.0,1.0,25.29674008707834,20.0,25.0,0.0,18000.0,33965.33743118189,36000.0,1.0,25.78012735209962,20.0,26.0,1.0,722.0,15.14727792515159,12.0,17.0,1.0,25512.627308931165,18000.0,36000.0,1.0,20.0,23.32995707136213,25.0,1.0,29508.261698666323,18000.0,36000.0,1.0,23.817037632146427,20.0,26.0,1.0,0.0,91121.0,7.0,19.0
91.0,24.0,91.0,21.0,-721.0,911.0,11.0,-711.0,15.374880202458236,12.0,17.0,30000.0,18000.0,36000.0,1.0,25.203612705519674,20.0,25.0,0.0,18000.0,34020.07961675382,36000.0,1.0,25.69239998683736,20.0,26.0,1.0,722.0,15.134466457660386,12.0,17.0,1.0,23263.116328687884,18000.0,36000.0,1.0,20.0,22.921916633843203,25.0,1.0,27287.04274452786,18000.0,36000.0,1.0,23.411171633874535,20.0,26.0,1.0,0.0,91121.0,7.0,21.0
11.0,21.0,11.0,22.0,-121.0,11.0,12.0,-111.0,10.200416821255843,9.0,11.0,30000.0,10000.0,19000.0,0.0,26.055658708543522,16.5,19.0,0.0,10000.0,36889.988610806424,25000.0,0.0,27.353371648565542,17.0,20.0,0.0,122.0,10.199656921920118,9.0,11.0,1.0,15710.26182269054,10000.0,19000.0,1.0,16.5,17.661362439658866,19.0,1.0,22775.695317678324,10000.0,25000.0,1.0,18.992120005633637,17.0,20.0,1.0,0.0,111.0,1.0,7.0
91.0,24.0,91.0,21.0,-721.0,911.0,11.0,-711.0,15.25520649015414,12.0,17.0,30000.0,18000.0,36000.0,1.0,24.485763272033612,20.0,25.0,1.0,18000.0,33922.35816373966,36000.0,1.0,24.963331185341943,20.0,26.0,1.0,722.0,15.33230256673142,12.0,17.0,1.0,23760.286843180682,18000.0,36000.0,1.0,20.0,23.1409016276024,25.0,1.0,27797.289468147854,18000.0,36000.0,1.0,23.63242811221789,20.0,26.0,1.0,1.0,91121.0,7.0,15.0
11.0,22.0,11.0,22.0,-121.0,21.0,13.0,-111.0,10.19588240036839,9.0,11.0,30000.0,10000.0,19000.0,0.0,25.089915177337467,16.5,19.0,0.0,10000.0,36795.24817429614,25000.0,0.0,26.371531102309085,17.0,20.0,0.0,122.0,10.204540214640696,9.0,11.0,1.0,17044.557616198003,10000.0,19000.0,1.0,16.5,17.951207571358523,19.0,1.0,24057.374276707633,10000.0,25000.0,1.0,19.273857941217365,17.0,20.0,1.0,0.0,211.0,1.0,3.0
11.0,22.0,11.0,22.0,-121.0,21.0,13.0,-111.0,10.01235619868396,9.0,11.0,30000.0,10000.0,19000.0,0.0,26.919875950874985,16.5,19.0,0.0,10000.0,36466.092338409064,25000.0,0.0,28.207928575675446,17.0,20.0,0.0,121.0,10.005180601555466,9.0,11.0,1.0,12921.376969815012,10000.0,19000.0,1.0,16.5,17.1446629355418,19.0,1.0,19438.999666725656,10000.0,25000.0,1.0,18.44298046378798,17.0,20.0,1.0,0.0,211.0,1.0,8.0
81.0,23.0,81.0,21.0,-721.0,912.0,12.0,-711.0,14.481388949492878,12.0,17.0,30000.0,12500.0,23000.0,0.0,26.073044366684407,20.0,24.0,0.0,12500.0,34504.39475142908,26000.0,0.0,26.637554443212345,20.0,25.0,0.0,721.0,15.374907200550146,12.0,17.0,1.0,15436.618905622627,12500.0,23000.0,1.0,20.0,21.7718583921595,24.0,1.0,19900.897601162244,12500.0,26000.0,1.0,22.33134095244389,20.0,25.0,1.0,0.0,912.0,7.0,30.0
11.0,22.0,11.0,22.0,-121.0,21.0,13.0,-111.0,10.195314362705918,9.0,11.0,30000.0,10000.0,19000.0,0.0,25.660283518541064,16.5,19.0,0.0,10000.0,37060.17641934386,25000.0,0.0,26.994128275568663,17.0,20.0,0.0,122.0,10.193618256511066,9.0,11.0,1.0,14963.873250100694,10000.0,19000.0,1.0,16.5,17.561770356093994,19.0,1.0,21926.215265900224,10000.0,25000.0,1.0,18.877131735586296,17.0,20.0,1.0,0.0,211.0,1.0,16.0
11.0,22.0,11.0,22.0,-121.0,21.0,13.0,-111.0,10.205940915762913,9.0,11.0,30000.0,10000.0,19000.0,0.0,25.469145825566745,16.5,19.0,0.0,10000.0,37092.45554424627,25000.0,0.0,26.809223987984296,17.0,20.0,0.0,122.0,10.203208935619047,9.0,11.0,1.0,15876.656193180004,10000.0,19000.0,1.0,16.5,17.778602885783826,19.0,1.0,22678.807540664115,10000.0,25000.0,1.0,19.063829761208858,17.0,20.0,1.0,0.0,211.0,1.0,36.0
11.0,22.0,11.0,22.0,-121.0,21.0,13.0,-111.0,10.224770903338795,9.0,11.0,30000.0,10000.0,19000.0,0.0,24.483350901722226,16.5,19.0,0.0,10000.0,37069.360909304545,25000.0,0.0,25.81380464978743,17.0,20.0,0.0,122.0,10.214256278352801,9.0,11.0,1.0,13715.547443315812,10000.0,19000.0,1.0,16.5,17.34218029323864,19.0,1.0,20724.29571823285,10000.0,25000.0,1.0,18.66122674329833,17.0,20.0,1.0,0.0,211.0,1.0,36.0
11.0,21.0,11.0,21.0,-121.0,21.0,12.0,-111.0,10.209741182448859,9.0,11.0,30000.0,10000.0,19000.0,0.0,25.187666648133074,16.5,19.0,0.0,10000.0,36895.87504801417,25000.0,0.0,26.48959064434833,17.0,20.0,0.0,122.0,10.210204484892062,9.0,11.0,1.0,12646.062234640634,10000.0,19000.0,1.0,16.5,17.046080765828865,19.0,1.0,19692.839427668976,10000.0,25000.0,1.0,18.376494710354727,17.0,20.0,1.0,0.0,211.0,1.0,6.0
11.0,22.0,11.0,22.0,-121.0,11.0,11.0,-111.0,9.99624628282331,9.0,11.0,30000.0,10000.0,19000.0,0.0,23.84804397771098,16.5,19.0,0.0,10000.0,36510.674598585945,25000.0,0.0,25.156275984036327,17.0,20.0,0.0,121.0,10.007471126862368,9.0,11.0,1.0,16797.09330717236,10000.0,19000.0,1.0,16.5,17.895797291141356,19.0,1.0,23225.395950024875,10000.0,25000.0,1.0,19.187477767009707,17.0,20.0,1.0,0.0,111.0,1.0,17.0
81.0,21.0,81.0,21.0,-721.0,912.0,12.0,-711.0,15.134125274948142,12.0,17.0,30000.0,12500.0,23000.0,0.0,27.935372548332715,20.0,24.0,0.0,12500.0,34123.413982666025,26000.0,0.0,28.43993050903628,20.0,25.0,0.0,722.0,15.102323832349384,12.0,17.0,1.0,16432.84649816398,12500.0,23000.0,1.0,20.0,21.48430526428616,24.0,1.0,20341.950403806986,12500.0,26000.0,1.0,21.962639359068056,20.0,25.0,1.0,0.0,912.0,7.0,6.0
91.0,21.0,91.0,24.0,-721.0,911.0,12.0,-711.0,15.104484730576814,12.0,17.0,30000.0,18000.0,36000.0,1.0,25.041033458327032,20.0,25.0,0.0,18000.0,34515.402583194875,36000.0,1.0,25.60636425326481,20.0,26.0,1.0,721.0,15.018019912229954,12.0,17.0,1.0,26334.827651647665,18000.0,36000.0,1.0,20.0,23.361108737679885,25.0,1.0,30876.905349959798,18000.0,36000.0,1.0,23.929779271158456,20.0,26.0,1.0,0.0,91121.0,7.0,26.0
81.0,23.0,81.0,23.0,-721.0,912.0,12.0,-711.0,15.45824979728242,12.0,17.0,30000.0,12500.0,23000.0,0.0,26.41666744298212,20.0,24.0,0.0,12500.0,33970.1664879787,26000.0,0.0,26.899859539352423,20.0,25.0,0.0,722.0,15.277296240191086,12.0,17.0,1.0,19258.71798843285,12500.0,23000.0,1.0,20.0,22.16554367932318,24.0,1.0,23258.60750864185,12500.0,26000.0,1.0,22.652353239670703,20.0,25.0,1.0,0.0,912.0,7.0,10.0
91.0,24.0,91.0,24.0,-721.0,911.0,12.0,-711.0,14.861354075150633,12.0,17.0,30000.0,18000.0,36000.0,1.0,23.971632019254365,20.0,25.0,1.0,18000.0,34496.05681376774,36000.0,1.0,24.533209444583488,20.0,26.0,1.0,721.0,15.320133237871298,12.0,17.0,1.0,28383.534636760134,18000.0,36000.0,1.0,20.0,23.956015900123656,25.0,1.0,32894.2518789361,18000.0,36000.0,1.0,24.519424477945005,20.0,26.0,1.0,1.0,91121.0,7.0,32.0
11.0,22.0,11.0,22.0,-121.0,21.0,13.0,-111.0,9.999620604271106,9.0,11.0,30000.0,10000.0,19000.0,0.0,25.98294212119594,16.5,19.0,0.0,10000.0,36458.75146205876,25000.0,0.0,27.276328501303848,17.0,20.0,0.0,121.0,9.995419008229636,9.0,11.0,1.0,11009.845319859416,10000.0,19000.0,1.0,16.5,16.72972290381885,19.0,1.0,17581.67500348423,10000.0,25000.0,1.0,18.045753572458295,17.0,20.0,1.0,0.0,211.0,1.0,22.0
11.0,21.0,11.0,22.0,-121.0,11.0,11.0,-111.0,10.203526151754607,9.0,11.0,30000.0,10000.0,19000.0,0.0,23.642318000041342,16.5,19.0,0.0,10000.0,36971.24139161344,25000.0,0.0,24.95571554828983,17.0,20.0,0.0,122.0,10.219779864787759,9.0,11.0,1.0,19945.19014355636,10000.0,19000.0,0.0,16.5,18.5023621347953,19.0,1.0,27062.33617706746,10000.0,25000.0,0.0,19.84324844554411,17.0,20.0,1.0,0.0,111.0,1.0,35.0
91.0,24.0,91.0,24.0,-721.0,911.0,12.0,-711.0,14.81993971717897,12.0,17.0,30000.0,18000.0,36000.0,1.0,24.049187063882016,20.0,25.0,1.0,18000.0,34538.52078054491,36000.0,1.0,24.615597779655346,20.0,26.0,1.0,721.0,14.490517899325416,12.0,17.0,1.0,21486.290122792547,18000.0,36000.0,1.0,20.0,22.262538604018587,25.0,1.0,26021.173088051342,18000.0,36000.0,1.0,22.828495317781197,20.0,26.0,1.0,1.0,91121.0,7.0,1.0
11.0,22.0,11.0,22.0,-121.0,11.0,11.0,-111.0,10.000317493774098,9.0,11.0,30000.0,10000.0,19000.0,0.0,22.915105643568417,16.5,19.0,0.0,10000.0,36605.47653937505,25000.0,0.0,24.23635136191218,17.0,20.0,0.0,121.0,10.00360985279479,9.0,11.0,1.0,17938.264156437675,10000.0,19000.0,1.0,16.5,18.145746014777295,19.0,1.0,24354.42254657545,10000.0,25000.0,1.0,19.42912379239135,17.0,20.0,1.0,0.0,111.0,1.0,11.0
11.0,22.0,11.0,21.0,-121.0,21.0,13.0,-111.0,10.008783365517404,9.0,11.0,30000.0,10000.0,19000.0,0.0,28.22022065790361,16.5,19.0,0.0,10000.0,36536.85544573986,25000.0,0.0,29.523372866381646,17.0,20.0,0.0,121.0,9.996390033755427,9.0,11.0,1.0,13973.586682706851,10000.0,19000.0,1.0,16.5,17.274146219734565,19.0,1.0,20366.871907017736,10000.0,25000.0,1.0,18.548677044019566,17.0,20.0,1.0,0.0,211.0,1.0,58.0
11.0,22.0,11.0,21.0,-121.0,21.0,13.0,-111.0,10.004633624707726,9.0,11.0,30000.0,10000.0,19000.0,0.0,25.17143641008105,16.5,19.0,0.0,10000.0,36437.39521585901,25000.0,0.0,26.45811448112247,17.0,20.0,0.0,121.0,10.001491062006322,9.0,11.0,1.0,13136.30840892255,10000.0,19000.0,1.0,16.5,17.12684233054125,19.0,1.0,19518.762056102452,10000.0,25000.0,1.0,18.40253892394497,17.0,20.0,1.0,0.0,211.0,1.0,58.0
91.0,24.0,91.0,24.0,-721.0,911.0,11.0,-711.0,15.28129825142123,12.0,17.0,30000.0,18000.0,36000.0,1.0,23.720058823335783,20.0,25.0,1.0,18000.0,34126.23670191991,36000.0,1.0,24.22446099941857,20.0,26.0,1.0,722.0,15.046280319451126,12.0,17.0,1.0,21922.88109616576,18000.0,36000.0,1.0,20.0,22.70404161761073,25.0,1.0,25925.641974931306,18000.0,36000.0,1.0,23.193349779851875,20.0,26.0,1.0,1.0,91121.0,7.0,0.0
91.0,24.0,91.0,24.0,-721.0,911.0,12.0,-711.0,14.856828245511652,12.0,17.0,30000.0,18000.0,36000.0,1.0,23.792575309322885,20.0,25.0,1.0,18000.0,34492.22837673387,36000.0,1.0,24.352630587657963,20.0,26.0,1.0,721.0,15.064863367286273,12.0,17.0,1.0,25587.156048815996,18000.0,36000.0,1.0,20.0,23.20799566520772,25.0,1.0,30081.079371990047,18000.0,36000.0,1.0,23.768262255974115,20.0,26.0,1.0,1.0,91121.0,7.0,23.0
81.0,23.0,81.0,23.0,-721.0,912.0,11.0,-711.0,15.31138889330552,12.0,17.0,30000.0,12500.0,23000.0,0.0,26.67923027121448,20.0,24.0,0.0,12500.0,34470.29316066059,26000.0,0.0,27.239822862147655,20.0,25.0,0.0,721.0,14.977463650523141,12.0,17.0,1.0,14030.428920819051,12500.0,23000.0,1.0,20.0,21.250353626212373,24.0,1.0,18469.94504475016,12500.0,26000.0,1.0,21.80708665399357,20.0,25.0,1.0,0.0,912.0,7.0,17.0
11.0,22.0,11.0,22.0,-121.0,21.0,13.0,-111.0,9.990666790872227,9.0,11.0,30000.0,10000.0,19000.0,0.0,26.522768572884743,16.5,19.0,0.0,10000.0,36577.67682075947,25000.0,0.0,27.830379633376253,17.0,20.0,0.0,121.0,10.015970053241332,9.0,11.0,1.0,15584.052918150748,10000.0,19000.0,1.0,16.5,17.638130064114854,19.0,1.0,22088.642795953852,10000.0,25000.0,1.0,18.93121178581525,17.0,20.0,1.0,0.0,211.0,1.0,19.0
91.0,24.0,91.0,24.0,-721.0,911.0,12.0,-711.0,14.828696038222581,12.0,17.0,30000.0,18000.0,36000.0,1.0,24.663858671561943,20.0,25.0,1.0,18000.0,34496.077614321664,36000.0,1.0,25.227431243005086,20.0,26.0,1.0,721.0,15.554619938388635,12.0,17.0,1.0,23222.877037774088,18000.0,36000.0,1.0,20.0,23.3945884775938,25.0,1.0,27764.37696417177,18000.0,36000.0,1.0,23.96385462717626,20.0,26.0,1.0,1.0,91121.0,7.0,27.0
11.0,21.0,11.0,22.0,-121.0,21.0,13.0,-111.0,10.161674339852611,9.0,11.0,30000.0,10000.0,19000.0,0.0,25.70375129992555,16.5,19.0,0.0,10000.0,37044.36484380322,25000.0,0.0,27.028793790849353,17.0,20.0,0.0,122.0,10.178373462939918,9.0,11.0,1.0,15072.603649957244,10000.0,19000.0,1.0,16.5,17.57196914139824,19.0,1.0,21921.66097839369,10000.0,25000.0,1.0,18.860274358998478,17.0,20.0,1.0,0.0,211.0,1.0,59.0
91.0,24.0,91.0,24.0,-721.0,911.0,12.0,-711.0,14.817976890197569,12.0,17.0,30000.0,18000.0,36000.0,1.0,24.044537327271286,20.0,25.0,1.0,18000.0,34526.4878446804,36000.0,1.0,24.609056843427403,20.0,26.0,1.0,721.0,15.99535099405723,12.0,17.0,1.0,24844.497308844897,18000.0,36000.0,1.0,20.0,24.01379990649579,25.0,1.0,29324.28633182191,18000.0,36000.0,1.0,24.572495393705484,20.0,26.0,1.0,1.0,91121.0,7.0,13.0
11.0,22.0,11.0,22.0,-121.0,11.0,11.0,-111.0,10.201696048115425,9.0,11.0,30000.0,10000.0,19000.0,0.0,23.981908147259585,16.5,19.0,0.0,10000.0,37011.40753553172,25000.0,0.0,25.302766519004216,17.0,20.0,0.0,122.0,10.202980485491782,9.0,11.0,1.0,14860.990356657372,10000.0,19000.0,1.0,16.5,17.580351237185695,19.0,1.0,22021.371104220212,10000.0,25000.0,1.0,18.929274232656706,17.0,20.0,1.0,0.0,111.0,1.0,11.0
91.0,24.0,91.0,24.0,-721.0,911.0,12.0,-711.0,15.417603596658573,12.0,17.0,30000.0,18000.0,36000.0,1.0,24.825595869990472,20.0,25.0,1.0,18000.0,33976.0783161029,36000.0,1.0,25.310461213186912,20.0,26.0,1.0,722.0,15.148566143963519,12.0,17.0,1.0,30330.668986015484,18000.0,36000.0,1.0,20.0,23.888848852413997,25.0,1.0,34287.794524520905,18000.0,36000.0,1.0,24.371402987358547,20.0,26.0,1.0,1.0,91121.0,7.0,1.0
81.0,23.0,81.0,23.0,-721.0,912.0,12.0,-711.0,14.09872202251492,12.0,17.0,30000.0,12500.0,23000.0,0.0,24.693886736916205,20.0,24.0,0.0,12500.0,34544.5262418978,26000.0,0.0,25.26333216001413,20.0,25.0,0.0,721.0,14.706178627896133,12.0,17.0,1.0,15763.912416883864,12500.0,23000.0,1.0,20.0,21.21674045100726,24.0,1.0,20213.734823601262,12500.0,26000.0,1.0,21.774319144192592,20.0,25.0,1.0,0.0,912.0,7.0,5.0
11.0,22.0,11.0,22.0,-121.0,11.0,12.0,-111.0,10.203890597102966,9.0,11.0,30000.0,10000.0,19000.0,0.0,22.97091720139539,16.5,19.0,0.0,10000.0,37011.86843797621,25000.0,0.0,24.290633777094996,17.0,20.0,0.0,122.0,10.172340651315366,9.0,11.0,1.0,15462.42434150046,10000.0,19000.0,1.0,16.5,17.59837634945123,19.0,1.0,22416.5138961649,10000.0,25000.0,1.0,18.907218255908756,17.0,20.0,1.0,0.0,111.0,1.0,40.0
91.0,24.0,91.0,24.0,-721.0,911.0,12.0,-711.0,14.93414102472807,12.0,17.0,30000.0,18000.0,36000.0,1.0,24.79265373987662,20.0,25.0,1.0,18000.0,34571.3843405308,36000.0,1.0,25.363362865555942,20.0,26.0,1.0,721.0,16.072971672391855,12.0,17.0,1.0,28016.60812757537,18000.0,36000.0,1.0,20.0,24.55878616267095,25.0,1.0,32553.17877608994,18000.0,36000.0,1.0,25.12514901373142,20.0,26.0,1.0,1.0,91121.0,7.0,32.0
81.0,23.0,81.0,23.0,-721.0,912.0,11.0,-711.0,15.711361735836775,12.0,17.0,30000.0,12500.0,23000.0,0.0,26.59416441816645,20.0,24.0,0.0,12500.0,34513.070214045416,26000.0,0.0,27.159178352311976,20.0,25.0,0.0,721.0,14.889406046928427,12.0,17.0,1.0,16731.135169763773,12500.0,23000.0,1.0,20.0,21.571378940634883,24.0,1.0,21211.82003467937,12500.0,26000.0,1.0,22.132338390216095,20.0,25.0,1.0,0.0,912.0,7.0,17.0
11.0,22.0,11.0,22.0,-121.0,21.0,12.0,-111.0,10.22562766915936,9.0,11.0,30000.0,10000.0,19000.0,0.0,25.403079705207823,16.5,19.0,0.0,10000.0,37136.43229161558,25000.0,0.0,26.74803234647661,17.0,20.0,0.0,122.0,10.208559421773511,9.0,11.0,1.0,14311.222202441937,10000.0,19000.0,1.0,16.5,17.449012460810117,19.0,1.0,21458.004005987816,10000.0,25000.0,1.0,18.795915600988963,17.0,20.0,1.0,0.0,211.0,1.0,23.0
11.0,22.0,11.0,22.0,-121.0,21.0,13.0,-111.0,10.198004768653599,9.0,11.0,30000.0,10000.0,19000.0,0.0,25.93357437546323,16.5,19.0,0.0,10000.0,37085.165380502905,25000.0,0.0,27.27143486806911,17.0,20.0,0.0,122.0,10.200686488743607,9.0,11.0,1.0,12716.450874869412,10000.0,19000.0,1.0,16.5,17.114316016269022,19.0,1.0,19815.509397904494,10000.0,25000.0,1.0,18.454799889630856,17.0,20.0,1.0,0.0,211.0,1.0,16.0
81.0,21.0,81.0,23.0,-721.0,912.0,12.0,-711.0,15.080871356091025,12.0,17.0,30000.0,12500.0,23000.0,0.0,26.438859833937496,20.0,24.0,0.0,12500.0,34434.713754215874,26000.0,0.0,26.99267675750539,20.0,25.0,0.0,721.0,14.471363362485025,12.0,17.0,1.0,18610.266148141327,12500.0,23000.0,1.0,20.0,21.366998245452642,24.0,1.0,23096.626766798556,12500.0,26000.0,1.0,21.927264944397727,20.0,25.0,1.0,0.0,912.0,7.0,7.0
91.0,24.0,91.0,21.0,-721.0,911.0,11.0,-711.0,15.384858277487192,12.0,17.0,30000.0,18000.0,36000.0,1.0,24.691517592443013,20.0,25.0,1.0,18000.0,34052.18806450509,36000.0,1.0,25.18602186208733,20.0,26.0,1.0,722.0,15.094189691009323,12.0,17.0,1.0,26903.502936944602,18000.0,36000.0,1.0,20.0,23.348355732047324,25.0,1.0,30916.3130059019,18000.0,36000.0,1.0,23.838054551742516,20.0,26.0,1.0,1.0,91121.0,7.0,3.0
92.0,24.0,92.0,24.0,-721.0,921.0,13.0,-711.0,15.207525076877857,12.0,17.0,30000.0,15000.0,28000.0,0.0,24.12596171544505,19.5,25.0,1.0,15000.0,34031.99061504114,28000.0,0.0,24.616751820645277,20.0,26.0,1.0,722.0,15.198373634652748,12.0,17.0,1.0,24644.097320505192,15000.0,28000.0,1.0,19.5,22.26481913616162,25.0,1.0,28672.20463010382,15000.0,28000.0,0.0,22.75513654981352,20.0,26.0,1.0,0.0,92122.0,7.0,22.0
92.0,24.0,92.0,24.0,-721.0,921.0,13.0,-711.0,15.00347612377484,12.0,17.0,30000.0,15000.0,28000.0,0.0,24.52231905267065,19.5,25.0,1.0,15000.0,34018.49268984161,28000.0,0.0,25.012427729392897,20.0,26.0,1.0,722.0,15.066678818410495,12.0,17.0,1.0,18526.2201985109,15000.0,28000.0,1.0,19.5,21.383322852515704,25.0,1.0,22415.522701487716,15000.0,28000.0,1.0,21.857675066201484,20.0,26.0,1.0,0.0,92122.0,7.0,22.0
11.0,22.0,11.0,22.0,-121.0,21.0,13.0,-111.0,10.237507592229454,9.0,11.0,30000.0,10000.0,19000.0,0.0,27.13462551704417,16.5,19.0,0.0,10000.0,36965.50360068197,25000.0,0.0,28.447854682594283,17.0,20.0,0.0,122.0,10.234215778333713,9.0,11.0,1.0,12966.016762514262,10000.0,19000.0,1.0,16.5,17.186386856171026,19.0,1.0,20067.338686364776,10000.0,25000.0,1.0,18.525222294207104,17.0,20.0,1.0,0.0,211.0,1.0,5.0
91.0,24.0,91.0,21.0,-721.0,911.0,12.0,-711.0,14.625385909753502,12.0,17.0,30000.0,18000.0,36000.0,1.0,25.23498347704365,20.0,25.0,0.0,18000.0,34464.13005725755,36000.0,1.0,25.791717731720333,20.0,26.0,1.0,721.0,15.184177420607261,12.0,17.0,1.0,22989.50892834715,18000.0,36000.0,1.0,20.0,22.98005264988346,25.0,1.0,27471.25374899,18000.0,36000.0,1.0,23.53898369140077,20.0,26.0,1.0,0.0,91121.0,7.0,14.0
11.0,21.0,11.0,22.0,-121.0,11.0,11.0,-111.0,10.183241135824362,9.0,11.0,30000.0,10000.0,19000.0,0.0,25.36677509741473,16.5,19.0,0.0,10000.0,36914.306279565935,25000.0,0.0,26.673046635674506,17.0,20.0,0.0,122.0,10.202874877219275,9.0,11.0,1.0,12016.228837006061,10000.0,19000.0,1.0,16.5,16.953522173264204,19.0,1.0,19118.073044905148,10000.0,25000.0,1.0,18.295223940996138,17.0,20.0,1.0,0.0,111.0,1.0,35.0
11.0,21.0,11.0,22.0,-121.0,21.0,13.0,-111.0,10.215798683004014,9.0,11.0,30000.0,10000.0,19000.0,0.0,26.745993630881127,16.5,19.0,0.0,10000.0,37176.30926982569,25000.0,0.0,28.099590281719387,17.0,20.0,0.0,122.0,10.20875628798011,9.0,11.0,1.0,13573.460869144948,10000.0,19000.0,1.0,16.5,17.29932103384742,19.0,1.0,20465.57795102012,10000.0,25000.0,1.0,18.599313306816725,17.0,20.0,1.0,0.0,211.0,1.0,52.0
11.0,22.0,11.0,22.0,-121.0,11.0,11.0,-111.0,10.206154851309442,9.0,11.0,30000.0,10000.0,19000.0,0.0,25.190041926948908,16.5,19.0,0.0,10000.0,37085.32541713425,25000.0,0.0,26.525952263577377,17.0,20.0,0.0,122.0,10.219350176977207,9.0,11.0,1.0,12510.270885730866,10000.0,19000.0,1.0,16.5,17.10649630721428,19.0,1.0,19426.544782770306,10000.0,25000.0,1.0,18.41053264232247,17.0,20.0,1.0,0.0,111.0,1.0,27.0
11.0,22.0,11.0,22.0,-121.0,21.0,13.0,-111.0,10.01042056018282,9.0,11.0,30000.0,10000.0,19000.0,0.0,25.782388845711715,16.5,19.0,0.0,10000.0,36504.77005254642,25000.0,0.0,27.08165021184149,17.0,20.0,0.0,121.0,10.017879945544564,9.0,11.0,1.0,14053.791423048478,10000.0,19000.0,1.0,16.5,17.37691813827843,19.0,1.0,20569.311826787038,10000.0,25000.0,1.0,18.67832677723468,17.0,20.0,1.0,0.0,211.0,1.0,22.0
81.0,21.0,81.0,23.0,-721.0,912.0,12.0,-711.0,14.736761315080779,12.0,17.0,30000.0,12500.0,23000.0,0.0,26.459077535201086,20.0,24.0,0.0,12500.0,34521.156471805596,26000.0,0.0,27.022947160077063,20.0,25.0,0.0,721.0,16.000181290028536,12.0,17.0,1.0,18211.455967743866,12500.0,23000.0,1.0,20.0,22.816362641169427,24.0,1.0,22725.781337621615,12500.0,26000.0,1.0,23.37938030462678,20.0,25.0,1.0,0.0,912.0,7.0,7.0
11.0,22.0,11.0,22.0,-121.0,11.0,11.0,-111.0,10.207459441965664,9.0,11.0,30000.0,10000.0,19000.0,0.0,22.872946726322425,16.5,19.0,0.0,10000.0,36924.72383285486,25000.0,0.0,24.17301858080915,17.0,20.0,0.0,122.0,10.211270462746665,9.0,11.0,1.0,18362.81632967943,10000.0,19000.0,1.0,16.5,18.160421245915423,19.0,1.0,25407.702266957902,10000.0,25000.0,0.0,19.483052753856605,17.0,20.0,1.0,0.0,111.0,1.0,27.0
11.0,22.0,11.0,21.0,-121.0,21.0,13.0,-111.0,10.211967321108817,9.0,11.0,30000.0,10000.0,19000.0,0.0,24.718516541925617,16.5,19.0,0.0,10000.0,36930.51113946951,25000.0,0.0,26.027886408075165,17.0,20.0,0.0,122.0,10.211149428982244,9.0,11.0,1.0,10733.357117568372,10000.0,19000.0,1.0,16.5,16.740127072055163,19.0,1.0,17623.627945110773,10000.0,25000.0,1.0,18.041894403444793,17.0,20.0,1.0,0.0,211.0,1.0,33.0
11.0,22.0,11.0,22.0,-121.0,21.0,13.0,-111.0,10.189166519099794,9.0,11.0,30000.0,10000.0,19000.0,0.0,25.128110180800995,16.5,19.0,0.0,10000.0,37018.4326133421,25000.0,0.0,26.44934640887134,17.0,20.0,0.0,122.0,10.189807171776023,9.0,11.0,1.0,15450.277093913775,10000.0,19000.0,1.0,16.5,17.598144431568276,19.0,1.0,22352.317490875852,10000.0,25000.0,1.0,18.897469554778205,17.0,20.0,1.0,0.0,211.0,1.0,47.0
11.0,22.0,11.0,21.0,-121.0,11.0,12.0,-111.0,10.206470141454554,9.0,11.0,30000.0,10000.0,19000.0,0.0,24.761962390374876,16.5,19.0,0.0,10000.0,37002.873045690656,25000.0,0.0,26.08559126582809,17.0,20.0,0.0,122.0,10.207611913092647,9.0,11.0,1.0,14569.001277746233,10000.0,19000.0,1.0,16.5,17.435065762186127,19.0,1.0,21590.64206690384,10000.0,25000.0,1.0,18.762241971286244,17.0,20.0,1.0,0.0,111.0,1.0,45.0
11.0,22.0,11.0,22.0,-121.0,11.0,11.0,-111.0,10.188617294293383,9.0,11.0,30000.0,10000.0,19000.0,0.0,23.36498894398281,16.5,19.0,0.0,10000.0,37140.25632334677,25000.0,0.0,24.709116184864058,17.0,20.0,0.0,122.0,10.193445441074068,9.0,11.0,1.0,15869.85774089095,10000.0,19000.0,1.0,16.5,17.730678526109422,19.0,1.0,22737.561261612485,10000.0,25000.0,1.0,19.023498694807664,17.0,20.0,1.0,0.0,111.0,1.0,11.0
11.0,22.0,11.0,21.0,-121.0,21.0,13.0,-111.0,10.16734348757119,9.0,11.0,30000.0,10000.0,19000.0,0.0,26.30988024336193,16.5,19.0,0.0,10000.0,36894.34679526633,25000.0,0.0,27.607495184006797,17.0,20.0,0.0,122.0,10.198459732488384,9.0,11.0,1.0,11608.119881779003,10000.0,19000.0,1.0,16.5,16.86546637796067,19.0,1.0,18563.788240766866,10000.0,25000.0,1.0,18.174622916327802,17.0,20.0,1.0,0.0,211.0,1.0,33.0
11.0,22.0,11.0,22.0,-121.0,21.0,13.0,-111.0,10.199279090257741,9.0,11.0,30000.0,10000.0,19000.0,0.0,26.04505887493345,16.5,19.0,0.0,10000.0,37132.983252418155,25000.0,0.0,27.390643010284535,17.0,20.0,0.0,122.0,10.239109744523631,9.0,11.0,1.0,13149.992531472748,10000.0,19000.0,1.0,16.5,17.24766440734662,19.0,1.0,20151.33714694297,10000.0,25000.0,1.0,18.56841589481278,17.0,20.0,1.0,0.0,211.0,1.0,22.0
11.0,22.0,11.0,22.0,-121.0,11.0,12.0,-111.0,10.001651852596218,9.0,11.0,30000.0,10000.0,19000.0,0.0,25.021225600171064,16.5,19.0,0.0,10000.0,36484.17160454424,25000.0,0.0,26.32373107674368,17.0,20.0,0.0,121.0,10.009085339871016,9.0,11.0,1.0,16529.615918466858,10000.0,19000.0,1.0,16.5,17.85276616749932,19.0,1.0,23012.72834749821,10000.0,25000.0,1.0,19.15505888259825,17.0,20.0,1.0,0.0,111.0,1.0,40.0
81.0,23.0,81.0,23.0,-721.0,912.0,12.0,-711.0,15.145426832687482,12.0,17.0,30000.0,12500.0,23000.0,0.0,26.13286670805053,20.0,24.0,0.0,12500.0,34524.79941239896,26000.0,0.0,26.696687547942197,20.0,25.0,0.0,721.0,15.08650250670363,12.0,17.0,1.0,19662.65033252812,12500.0,23000.0,1.0,20.0,22.0622397925149,24.0,1.0,24181.545532232456,12500.0,26000.0,1.0,22.62532492727205,20.0,25.0,1.0,0.0,912.0,7.0,31.0
11.0,22.0,11.0,22.0,-121.0,21.0,13.0,-111.0,9.99479339281941,9.0,11.0,30000.0,10000.0,19000.0,0.0,25.894627730764242,16.5,19.0,0.0,10000.0,36453.03930475989,25000.0,0.0,27.18476528234906,17.0,20.0,0.0,121.0,10.001707549725928,9.0,11.0,1.0,14040.455744754761,10000.0,19000.0,1.0,16.5,17.33050207156181,19.0,1.0,20595.67975757797,10000.0,25000.0,1.0,18.64106911734992,17.0,20.0,1.0,0.0,211.0,1.0,3.0
11.0,21.0,11.0,22.0,-121.0,11.0,11.0,-111.0,10.186011990741836,9.0,11.0,30000.0,10000.0,19000.0,0.0,23.344091763469308,16.5,19.0,0.0,10000.0,36945.80373062373,25000.0,0.0,24.652922627305653,17.0,20.0,0.0,122.0,10.199104042939695,9.0,11.0,1.0,16333.136930812154,10000.0,19000.0,1.0,16.5,17.811183318769487,19.0,1.0,23380.14724010943,10000.0,25000.0,1.0,19.139085020039257,17.0,20.0,1.0,0.0,111.0,1.0,29.0
11.0,22.0,11.0,21.0,-121.0,11.0,12.0,-111.0,10.008964125592582,9.0,11.0,30000.0,10000.0,19000.0,0.0,25.337604477759797,16.5,19.0,0.0,10000.0,36441.806636318666,25000.0,0.0,26.62949829754459,17.0,20.0,0.0,121.0,10.011355918827817,9.0,11.0,1.0,14731.432413480818,10000.0,19000.0,1.0,16.5,17.417287138241427,19.0,1.0,21105.713244222123,10000.0,25000.0,1.0,18.69563876779506,17.0,20.0,1.0,0.0,111.0,1.0,45.0
11.0,22.0,11.0,22.0,-121.0,21.0,13.0,-111.0,9.997546789634654,9.0,11.0,30000.0,10000.0,19000.0,0.0,24.413400418596694,16.5,19.0,0.0,10000.0,36443.37021739749,25000.0,0.0,25.70074666628944,17.0,20.0,0.0,121.0,9.974519759912667,9.0,11.0,1.0,15012.56505116547,10000.0,19000.0,1.0,16.5,17.540021249305454,19.0,1.0,21539.398681988,10000.0,25000.0,1.0,18.844042980241774,17.0,20.0,1.0,0.0,211.0,1.0,3.0
11.0,22.0,11.0,22.0,-121.0,21.0,13.0,-111.0,10.229766095722228,9.0,11.0,30000.0,10000.0,19000.0,0.0,24.615006413962814,16.5,19.0,0.0,10000.0,37102.70455901315,25000.0,0.0,25.946289707779062,17.0,20.0,0.0,122.0,10.22486818423112,9.0,11.0,1.0,16514.76709133156,10000.0,19000.0,1.0,16.5,17.840913827106263,19.0,1.0,23593.794653580077,10000.0,25000.0,1.0,19.167759263486854,17.0,20.0,1.0,0.0,211.0,1.0,3.0
91.0,24.0,91.0,21.0,-721.0,911.0,11.0,-711.0,14.72470588474151,12.0,17.0,30000.0,18000.0,36000.0,1.0,24.653437435018624,20.0,25.0,1.0,18000.0,34528.70082127342,36000.0,1.0,25.220456016365677,20.0,26.0,1.0,721.0,14.923893080271563,12.0,17.0,1.0,22334.25203373573,18000.0,36000.0,1.0,20.0,22.669126739332842,25.0,1.0,26857.61126622835,18000.0,36000.0,1.0,23.23547652399578,20.0,26.0,1.0,1.0,91121.0,7.0,21.0
11.0,22.0,11.0,22.0,-121.0,11.0,12.0,-111.0,10.010693536592031,9.0,11.0,30000.0,10000.0,19000.0,0.0,24.51433945600603,16.5,19.0,0.0,10000.0,36426.52303876263,25000.0,0.0,25.79568082248472,17.0,20.0,0.0,121.0,9.993275839956246,9.0,11.0,1.0,15555.282919141011,10000.0,19000.0,1.0,16.5,17.633349786751822,19.0,1.0,22065.75516264486,10000.0,25000.0,1.0,18.9314292226452,17.0,20.0,1.0,0.0,111.0,1.0,49.0
11.0,21.0,11.0,22.0,-121.0,21.0,13.0,-111.0,9.991713450264486,9.0,11.0,30000.0,10000.0,19000.0,0.0,26.999227740840162,16.5,19.0,0.0,10000.0,36501.545899566634,25000.0,0.0,28.30136418824287,17.0,20.0,0.0,121.0,10.002291899199367,9.0,11.0,1.0,15027.507650857353,10000.0,19000.0,1.0,16.5,17.553849287188083,19.0,1.0,21538.22898735707,10000.0,25000.0,1.0,18.857823400745268,17.0,20.0,1.0,0.0,211.0,1.0,52.0
91.0,24.0,91.0,21.0,-721.0,911.0,11.0,-711.0,15.050909845751882,12.0,17.0,30000.0,18000.0,36000.0,1.0,24.523106805257854,20.0,25.0,1.0,18000.0,34035.44628230739,36000.0,1.0,25.013295303837523,20.0,26.0,1.0,722.0,15.06029904545129,12.0,17.0,1.0,20591.566856132686,18000.0,36000.0,1.0,20.0,22.5041761029548,25.0,1.0,24642.199824666895,18000.0,36000.0,1.0,22.996209338993268,20.0,26.0,1.0,1.0,91121.0,7.0,15.0
91.0,24.0,91.0,21.0,-721.0,911.0,12.0,-711.0,15.096967527245157,12.0,17.0,30000.0,18000.0,36000.0,1.0,24.71000467026635,20.0,25.0,1.0,18000.0,34121.398053379846,36000.0,1.0,25.21510157219765,20.0,26.0,1.0,722.0,15.170303906321452,12.0,17.0,1.0,27739.499519751895,18000.0,36000.0,1.0,20.0,23.50409816027352,25.0,1.0,31819.52443150876,18000.0,36000.0,1.0,24.004124587238252,20.0,26.0,1.0,1.0,91121.0,7.0,14.0
11.0,21.0,11.0,22.0,-121.0,11.0,12.0,-111.0,9.989264171444814,9.0,11.0,30000.0,10000.0,19000.0,0.0,24.72916718258493,16.5,19.0,0.0,10000.0,36578.67055531836,25000.0,0.0,26.039107697590687,17.0,20.0,0.0,121.0,10.002527680998783,9.0,11.0,1.0,17089.22128415403,10000.0,19000.0,1.0,16.5,17.93654975301177,19.0,1.0,23485.36260461507,10000.0,25000.0,1.0,19.210145167909225,17.0,20.0,1.0,0.0,111.0,1.0,7.0
81.0,21.0,81.0,21.0,-721.0,912.0,12.0,-711.0,15.075464348894156,12.0,17.0,30000.0,12500.0,23000.0,0.0,26.88864786157829,20.0,24.0,0.0,12500.0,34038.392989103406,26000.0,0.0,27.381164947177925,20.0,25.0,0.0,722.0,15.189386850015755,12.0,17.0,1.0,17178.670181648195,12500.0,23000.0,1.0,20.0,21.751913706710045,24.0,1.0,21175.30436619136,12500.0,26000.0,1.0,22.23933794355137,20.0,25.0,1.0,0.0,912.0,7.0,6.0
81.0,23.0,81.0,23.0,-721.0,912.0,11.0,-711.0,15.452083039455104,12.0,17.0,30000.0,12500.0,23000.0,0.0,26.144008655506187,20.0,24.0,0.0,12500.0,33979.367023876315,26000.0,0.0,26.626732357403945,20.0,25.0,0.0,722.0,15.448631136469539,12.0,17.0,1.0,19046.4780776223,12500.0,23000.0,1.0,20.0,22.293013600802233,24.0,1.0,23029.58237209295,12500.0,26000.0,1.0,22.77619065849388,20.0,25.0,1.0,0.0,912.0,7.0,17.0
11.0,22.0,11.0,22.0,-121.0,21.0,13.0,-111.0,10.206341406048509,9.0,11.0,30000.0,10000.0,19000.0,0.0,25.67490073093238,16.5,19.0,0.0,10000.0,37058.20600875822,25000.0,0.0,27.004526242596295,17.0,20.0,0.0,122.0,10.196294662897627,9.0,11.0,1.0,14777.3655888931,10000.0,19000.0,1.0,16.5,17.531424797433672,19.0,1.0,21735.063423613126,10000.0,25000.0,1.0,18.842116569820764,17.0,20.0,1.0,0.0,211.0,1.0,47.0
11.0,22.0,11.0,22.0,-121.0,11.0,11.0,-111.0,10.19609999717857,9.0,11.0,30000.0,10000.0,19000.0,0.0,25.08988624849733,16.5,19.0,0.0,10000.0,36980.65862254681,25000.0,0.0,26.408100525789997,17.0,20.0,0.0,122.0,10.187962774335627,9.0,11.0,1.0,15591.123419290161,10000.0,19000.0,1.0,16.5,17.671819661847596,19.0,1.0,22595.60130616228,10000.0,25000.0,1.0,18.994531923643734,17.0,20.0,1.0,0.0,111.0,1.0,38.0
11.0,22.0,11.0,22.0,-121.0,11.0,12.0,-111.0,10.186171121906655,9.0,11.0,30000.0,10000.0,19000.0,0.0,25.0477187891556,16.5,19.0,0.0,10000.0,37005.76547674539,25000.0,0.0,26.373309381016295,17.0,20.0,0.0,122.0,10.19142049298907,9.0,11.0,1.0,15850.688689602708,10000.0,19000.0,1.0,16.5,17.68956911546274,19.0,1.0,22987.27422307581,10000.0,25000.0,1.0,19.039912724963052,17.0,20.0,1.0,0.0,111.0,1.0,40.0
92.0,24.0,92.0,24.0,-721.0,921.0,13.0,-711.0,14.73474003625641,12.0,17.0,30000.0,15000.0,28000.0,0.0,23.65354527827605,19.5,25.0,1.0,15000.0,34534.09767348578,28000.0,0.0,24.22145410096362,20.0,26.0,1.0,721.0,14.59995737056385,12.0,17.0,1.0,18848.320493808314,15000.0,28000.0,1.0,19.5,20.93249247178941,25.0,1.0,23374.63743275086,15000.0,28000.0,1.0,21.49942673501393,20.0,26.0,1.0,0.0,92122.0,7.0,20.0
11.0,22.0,11.0,22.0,-121.0,21.0,13.0,-111.0,10.169093441474699,9.0,11.0,30000.0,10000.0,19000.0,0.0,25.32480721050438,16.5,19.0,0.0,10000.0,37135.204152590595,25000.0,0.0,26.67200398812533,17.0,20.0,0.0,122.0,10.211290910135498,9.0,11.0,1.0,15115.70332714917,10000.0,19000.0,1.0,16.5,17.597047005305086,19.0,1.0,22084.53171606361,10000.0,25000.0,1.0,18.912830401065424,17.0,20.0,1.0,0.0,211.0,1.0,41.0
91.0,24.0,91.0,24.0,-721.0,911.0,11.0,-711.0,15.48712680950816,12.0,17.0,30000.0,18000.0,36000.0,1.0,25.41149399966839,20.0,25.0,0.0,18000.0,33934.92345022078,36000.0,1.0,25.890758605135655,20.0,26.0,1.0,722.0,14.958236581646752,12.0,17.0,1.0,23155.074159085787,18000.0,36000.0,1.0,20.0,22.76021474145449,25.0,1.0,27210.17759425135,18000.0,36000.0,1.0,23.254116992049614,20.0,26.0,1.0,0.0,91121.0,7.0,28.0
91.0,24.0,91.0,21.0,-721.0,911.0,11.0,-711.0,15.359697621822773,12.0,17.0,30000.0,18000.0,36000.0,1.0,24.556190807890875,20.0,25.0,1.0,18000.0,34054.2756660183,36000.0,1.0,25.051448222050947,20.0,26.0,1.0,722.0,15.071189429719087,12.0,17.0,1.0,23661.55366279883,18000.0,36000.0,1.0,20.0,22.920755859524572,25.0,1.0,27731.635740239868,18000.0,36000.0,1.0,23.417944134606113,20.0,26.0,1.0,1.0,91121.0,7.0,15.0
11.0,21.0,11.0,21.0,-121.0,11.0,11.0,-111.0,10.203744215205685,9.0,11.0,30000.0,10000.0,19000.0,0.0,27.178697752366546,16.5,19.0,0.0,10000.0,36942.028009653346,25000.0,0.0,28.49303016805174,17.0,20.0,0.0,122.0,10.166781335218722,9.0,11.0,1.0,17361.51778598931,10000.0,19000.0,1.0,16.5,17.938815597906018,19.0,1.0,24248.18069137371,10000.0,25000.0,1.0,19.24266575233596,17.0,20.0,1.0,0.0,111.0,1.0,18.0
11.0,22.0,11.0,22.0,-121.0,21.0,13.0,-111.0,10.016847965331888,9.0,11.0,30000.0,10000.0,19000.0,0.0,26.20209436936293,16.5,19.0,0.0,10000.0,36551.664517378216,25000.0,0.0,27.508465640366317,17.0,20.0,0.0,121.0,10.008074142236845,9.0,11.0,1.0,11171.974146235425,10000.0,19000.0,1.0,16.5,16.766197246509222,19.0,1.0,17622.744986628157,10000.0,25000.0,1.0,18.052450790072488,17.0,20.0,1.0,0.0,211.0,1.0,36.0
91.0,24.0,91.0,24.0,-721.0,911.0,11.0,-711.0,14.399561003592494,12.0,17.0,30000.0,18000.0,36000.0,1.0,23.841323721785976,20.0,25.0,1.0,18000.0,34480.135214148475,36000.0,1.0,24.398664844911337,20.0,26.0,1.0,721.0,14.437173724547641,12.0,17.0,1.0,24270.037008625433,18000.0,36000.0,1.0,20.0,22.394855117705426,25.0,1.0,28759.325413581042,18000.0,36000.0,1.0,22.953334922901924,20.0,26.0,1.0,1.0,91121.0,7.0,0.0
11.0,21.0,11.0,21.0,-121.0,11.0,11.0,-111.0,10.210748805240122,9.0,11.0,30000.0,10000.0,19000.0,0.0,27.22554506969539,16.5,19.0,0.0,10000.0,36981.72079807913,25000.0,0.0,28.54165640550554,17.0,20.0,0.0,122.0,10.192941186580779,9.0,11.0,1.0,12560.172365570632,10000.0,19000.0,1.0,16.5,17.062734099104738,19.0,1.0,19375.958343724124,10000.0,25000.0,1.0,18.34756536746077,17.0,20.0,1.0,0.0,111.0,1.0,18.0
11.0,21.0,11.0,21.0,-121.0,21.0,12.0,-111.0,10.200765987433854,9.0,11.0,30000.0,10000.0,19000.0,0.0,25.35435232047042,16.5,19.0,0.0,10000.0,36933.18326976027,25000.0,0.0,26.66404934494828,17.0,20.0,0.0,122.0,10.192804693032748,9.0,11.0,1.0,11364.551304603268,10000.0,19000.0,1.0,16.5,16.814453947542916,19.0,1.0,18501.447461865355,10000.0,25000.0,1.0,18.16263288606055,17.0,20.0,1.0,0.0,211.0,1.0,6.0
91.0,24.0,91.0,24.0,-721.0,911.0,12.0,-711.0,15.00762084916858,12.0,17.0,30000.0,18000.0,36000.0,1.0,24.205976939134814,20.0,25.0,1.0,18000.0,34032.53996691046,36000.0,1.0,24.69825453902127,20.0,26.0,1.0,722.0,15.393244184149749,12.0,17.0,1.0,28419.55089202571,18000.0,36000.0,1.0,20.0,23.878668671272635,25.0,1.0,32483.804179753486,18000.0,36000.0,1.0,24.3748177163486,20.0,26.0,1.0,1.0,91121.0,7.0,1.0
11.0,22.0,11.0,22.0,-121.0,11.0,12.0,-111.0,10.005516783791009,9.0,11.0,30000.0,10000.0,19000.0,0.0,24.76635557429767,16.5,19.0,0.0,10000.0,36506.58965352371,25000.0,0.0,26.07362501751048,17.0,20.0,0.0,121.0,9.995012228493765,9.0,11.0,1.0,15648.972483840449,10000.0,19000.0,1.0,16.5,17.64521519876668,19.0,1.0,22117.209674931848,10000.0,25000.0,1.0,18.94477906887906,17.0,20.0,1.0,0.0,111.0,1.0,49.0
11.0,22.0,11.0,22.0,-121.0,21.0,13.0,-111.0,9.983581571983532,9.0,11.0,30000.0,10000.0,19000.0,0.0,25.67857189537738,16.5,19.0,0.0,10000.0,36499.341382130355,25000.0,0.0,26.97306370046918,17.0,20.0,0.0,121.0,9.980965107034764,9.0,11.0,1.0,13202.801677093872,10000.0,19000.0,1.0,16.5,17.11445224908173,19.0,1.0,19658.919734815296,10000.0,25000.0,1.0,18.40033514506313,17.0,20.0,1.0,0.0,211.0,1.0,8.0
11.0,22.0,11.0,22.0,-121.0,21.0,13.0,-111.0,10.002762345361226,9.0,11.0,30000.0,10000.0,19000.0,0.0,24.33131124120166,16.5,19.0,0.0,10000.0,36507.02957967463,25000.0,0.0,25.633963993910754,17.0,20.0,0.0,121.0,10.000099106285285,9.0,11.0,1.0,13858.224961396856,10000.0,19000.0,1.0,16.5,17.311762805668963,19.0,1.0,20342.29347941444,10000.0,25000.0,1.0,18.609818946389986,17.0,20.0,1.0,0.0,211.0,1.0,22.0
11.0,22.0,11.0,22.0,-121.0,11.0,12.0,-111.0,10.216524574162078,9.0,11.0,30000.0,10000.0,19000.0,0.0,23.48752830293609,16.5,19.0,0.0,10000.0,36765.09602634236,25000.0,0.0,24.766337766425792,17.0,20.0,0.0,122.0,10.173499946227926,9.0,11.0,1.0,15477.496407198763,10000.0,19000.0,1.0,16.5,17.638108715185496,19.0,1.0,22581.845189786818,10000.0,25000.0,1.0,18.981047295765723,17.0,20.0,1.0,0.0,111.0,1.0,40.0
11.0,22.0,11.0,22.0,-121.0,21.0,13.0,-111.0,9.999755814927601,9.0,11.0,30000.0,10000.0,19000.0,0.0,26.332378061379877,16.5,19.0,0.0,10000.0,36553.70300439083,25000.0,0.0,27.6542366020216,17.0,20.0,0.0,121.0,10.00165837275108,9.0,11.0,1.0,13266.081705738592,10000.0,19000.0,1.0,16.5,17.18487332115718,19.0,1.0,19719.802851015585,10000.0,25000.0,1.0,18.48656587711966,17.0,20.0,1.0,0.0,211.0,1.0,4.0
91.0,24.0,91.0,24.0,-721.0,911.0,12.0,-711.0,15.235639843416381,12.0,17.0,30000.0,18000.0,36000.0,1.0,24.38973298771362,20.0,25.0,1.0,18000.0,34012.44282518359,36000.0,1.0,24.878871690114856,20.0,26.0,1.0,722.0,15.245953187543984,12.0,17.0,1.0,27934.956595074113,18000.0,36000.0,1.0,20.0,23.729009449887684,25.0,1.0,31964.94895333539,18000.0,36000.0,1.0,24.220287536253092,20.0,26.0,1.0,1.0,91121.0,7.0,8.0
11.0,22.0,11.0,22.0,-121.0,21.0,13.0,-111.0,9.989249932361492,9.0,11.0,30000.0,10000.0,19000.0,0.0,25.59869519192896,16.5,19.0,0.0,10000.0,36490.975636215575,25000.0,0.0,26.90008934996782,17.0,20.0,0.0,121.0,10.015192459187032,9.0,11.0,1.0,14838.58165863899,10000.0,19000.0,1.0,16.5,17.548785484248754,19.0,1.0,21355.388784112285,10000.0,25000.0,1.0,18.8553586710034,17.0,20.0,1.0,0.0,211.0,1.0,5.0
81.0,23.0,81.0,23.0,-721.0,912.0,11.0,-711.0,15.260982453197943,12.0,17.0,30000.0,12500.0,23000.0,0.0,28.27193081147196,20.0,24.0,0.0,12500.0,33905.766438579674,26000.0,0.0,28.74652671863167,20.0,25.0,0.0,722.0,14.973277893150616,12.0,17.0,1.0,19197.97104694855,12500.0,23000.0,1.0,20.0,21.86285663764831,24.0,1.0,23163.708714160388,12500.0,26000.0,1.0,22.344739744414994,20.0,25.0,1.0,0.0,912.0,7.0,17.0
11.0,22.0,11.0,21.0,-121.0,21.0,13.0,-111.0,10.207172849731071,9.0,11.0,30000.0,10000.0,19000.0,0.0,27.163942236060244,16.5,19.0,0.0,10000.0,37172.13017383216,25000.0,0.0,28.517199403109203,17.0,20.0,0.0,122.0,10.207371148451212,9.0,11.0,1.0,13605.857736175056,10000.0,19000.0,1.0,16.5,17.265427663887365,19.0,1.0,20676.44587359892,10000.0,25000.0,1.0,18.59952560136355,17.0,20.0,1.0,0.0,211.0,1.0,20.0
11.0,21.0,11.0,22.0,-121.0,21.0,13.0,-111.0,10.005358384007025,9.0,11.0,30000.0,10000.0,19000.0,0.0,28.838094337112487,16.5,19.0,0.0,10000.0,36535.80308230831,25000.0,0.0,30.1499717883445,17.0,20.0,0.0,121.0,10.005696186164466,9.0,11.0,1.0,15237.560892790021,10000.0,19000.0,1.0,16.5,17.61375762390609,19.0,1.0,21753.936315494266,10000.0,25000.0,1.0,18.9217355224368,17.0,20.0,1.0,0.0,211.0,1.0,52.0
11.0,21.0,11.0,22.0,-121.0,21.0,13.0,-111.0,10.226630700487867,9.0,11.0,30000.0,10000.0,19000.0,0.0,26.818706751272938,16.5,19.0,0.0,10000.0,36968.66858708517,25000.0,0.0,28.130002865301947,17.0,20.0,0.0,122.0,10.2143562335394,9.0,11.0,1.0,15477.782124209078,10000.0,19000.0,1.0,16.5,17.675167628103978,19.0,1.0,22420.40057285898,10000.0,25000.0,1.0,18.98156188105677,17.0,20.0,1.0,0.0,211.0,1.0,59.0
11.0,22.0,11.0,22.0,-121.0,21.0,13.0,-111.0,9.987722151017655,9.0,11.0,30000.0,10000.0,19000.0,0.0,27.63522892895884,16.5,19.0,0.0,10000.0,36473.93730754692,25000.0,0.0,28.934393034263476,17.0,20.0,0.0,121.0,9.993223698032068,9.0,11.0,1.0,13869.00069786706,10000.0,19000.0,1.0,16.5,17.348451928115363,19.0,1.0,20382.71169073987,10000.0,25000.0,1.0,18.655597659107173,17.0,20.0,1.0,0.0,211.0,1.0,4.0
11.0,21.0,11.0,22.0,-121.0,11.0,11.0,-111.0,9.990949342664848,9.0,11.0,30000.0,10000.0,19000.0,0.0,24.892703703909,16.5,19.0,0.0,10000.0,36448.1462154973,25000.0,0.0,26.185079886430575,17.0,20.0,0.0,121.0,10.004340638858093,9.0,11.0,1.0,16569.592858319073,10000.0,19000.0,1.0,16.5,17.839806607115307,19.0,1.0,23111.15895832532,10000.0,25000.0,1.0,19.150906563831565,17.0,20.0,1.0,0.0,111.0,1.0,43.0
11.0,22.0,11.0,22.0,-121.0,21.0,13.0,-111.0,9.999469294084687,9.0,11.0,30000.0,10000.0,19000.0,0.0,25.925653347691224,16.5,19.0,0.0,10000.0,36482.06290226593,25000.0,0.0,27.22128567752941,17.0,20.0,0.0,121.0,10.01326395070484,9.0,11.0,1.0,13037.087316470646,10000.0,19000.0,1.0,16.5,17.16077657554415,19.0,1.0,19644.53911730719,10000.0,25000.0,1.0,18.481471591943755,17.0,20.0,1.0,0.0,211.0,1.0,4.0
11.0,22.0,11.0,21.0,-121.0,21.0,13.0,-111.0,10.192479705283258,9.0,11.0,30000.0,10000.0,19000.0,0.0,25.667175210200355,16.5,19.0,0.0,10000.0,37093.53014743391,25000.0,0.0,26.99816578227771,17.0,20.0,0.0,122.0,10.205911200395168,9.0,11.0,1.0,12454.215907635726,10000.0,19000.0,1.0,16.5,17.023808609867565,19.0,1.0,19519.6489000359,10000.0,25000.0,1.0,18.349527187934203,17.0,20.0,1.0,0.0,211.0,1.0,20.0
91.0,24.0,91.0,24.0,-721.0,911.0,11.0,-711.0,14.244404713238406,12.0,17.0,30000.0,18000.0,36000.0,1.0,24.294454695623372,20.0,25.0,1.0,18000.0,34504.08569199027,36000.0,1.0,24.857217840418166,20.0,26.0,1.0,721.0,14.43920249105759,12.0,17.0,1.0,28963.401500832137,18000.0,36000.0,1.0,20.0,23.094116620282037,25.0,1.0,33481.018258930075,18000.0,36000.0,1.0,23.65857040460634,20.0,26.0,1.0,1.0,91121.0,7.0,28.0
11.0,21.0,11.0,21.0,-121.0,21.0,12.0,-111.0,9.998045376165406,9.0,11.0,30000.0,10000.0,19000.0,0.0,25.09919890246919,16.5,19.0,0.0,10000.0,36470.21352629523,25000.0,0.0,26.396666560552372,17.0,20.0,0.0,121.0,9.99374578499044,9.0,11.0,1.0,13769.826623561828,10000.0,19000.0,1.0,16.5,17.22790769778759,19.0,1.0,20272.877986827607,10000.0,25000.0,1.0,18.531960305696238,17.0,20.0,1.0,0.0,211.0,1.0,6.0
11.0,21.0,11.0,22.0,-121.0,11.0,12.0,-111.0,10.182932378426003,9.0,11.0,30000.0,10000.0,19000.0,0.0,25.502818967783075,16.5,19.0,0.0,10000.0,36866.36125497672,25000.0,0.0,26.793732861785458,17.0,20.0,0.0,122.0,10.189245099665818,9.0,11.0,1.0,16040.026530470172,10000.0,19000.0,1.0,16.5,17.735956481458743,19.0,1.0,23119.892898062295,10000.0,25000.0,1.0,19.067010517536524,17.0,20.0,1.0,0.0,111.0,1.0,7.0
92.0,24.0,92.0,24.0,-721.0,921.0,13.0,-711.0,15.302052865165036,12.0,17.0,30000.0,15000.0,28000.0,0.0,24.533432698424136,19.5,25.0,1.0,15000.0,33909.94853680198,28000.0,0.0,25.01173667970253,20.0,26.0,1.0,722.0,15.059787725136172,12.0,17.0,1.0,21198.016905067245,15000.0,28000.0,1.0,19.5,21.657407725222853,25.0,1.0,25169.008505878708,15000.0,28000.0,1.0,22.143179104158875,20.0,26.0,1.0,0.0,92122.0,7.0,20.0
11.0,22.0,11.0,21.0,-121.0,21.0,13.0,-111.0,10.19142829317003,9.0,11.0,30000.0,10000.0,19000.0,0.0,25.666588494481857,16.5,19.0,0.0,10000.0,36852.72313755572,25000.0,0.0,26.95766550765282,17.0,20.0,0.0,122.0,10.190089943589882,9.0,11.0,1.0,15887.278523551486,10000.0,19000.0,1.0,16.5,17.685028718540494,19.0,1.0,22816.76102360862,10000.0,25000.0,1.0,18.99056746414715,17.0,20.0,1.0,0.0,211.0,1.0,20.0
11.0,21.0,11.0,22.0,-121.0,21.0,13.0,-111.0,10.215168016711505,9.0,11.0,30000.0,10000.0,19000.0,0.0,26.02220755361912,16.5,19.0,0.0,10000.0,37099.11136347734,25000.0,0.0,27.36390660133976,17.0,20.0,0.0,122.0,10.201242801973784,9.0,11.0,1.0,13128.390333950309,10000.0,19000.0,1.0,16.5,17.193403981939618,19.0,1.0,20275.996081211873,10000.0,25000.0,1.0,18.544268242770993,17.0,20.0,1.0,0.0,211.0,1.0,52.0
91.0,24.0,91.0,24.0,-721.0,911.0,12.0,-711.0,15.158365780694274,12.0,17.0,30000.0,18000.0,36000.0,1.0,24.896948877944638,20.0,25.0,1.0,18000.0,34012.8768699431,36000.0,1.0,25.390329336873194,20.0,26.0,1.0,722.0,14.990716226622245,12.0,17.0,1.0,28483.97550508049,18000.0,36000.0,1.0,20.0,23.61083195965052,25.0,1.0,32476.256052219676,18000.0,36000.0,1.0,24.101680114816318,20.0,26.0,1.0,1.0,91121.0,7.0,27.0
11.0,22.0,11.0,21.0,-121.0,11.0,11.0,-111.0,10.193556120448303,9.0,11.0,30000.0,10000.0,19000.0,0.0,24.65539005375548,16.5,19.0,0.0,10000.0,36898.769370482405,25000.0,0.0,25.954923553436515,17.0,20.0,0.0,122.0,10.192653990291387,9.0,11.0,1.0,13796.033403418285,10000.0,19000.0,1.0,16.5,17.272155771733427,19.0,1.0,20748.494759918198,10000.0,25000.0,1.0,18.58180332665346,17.0,20.0,1.0,0.0,111.0,1.0,1.0
11.0,21.0,11.0,22.0,-121.0,21.0,13.0,-111.0,10.18525172304354,9.0,11.0,30000.0,10000.0,19000.0,0.0,26.754703612987157,16.5,19.0,0.0,10000.0,37017.9419351529,25000.0,0.0,28.074940754187438,17.0,20.0,0.0,122.0,10.186793259628436,9.0,11.0,1.0,14730.543867541603,10000.0,19000.0,1.0,16.5,17.50726337638516,19.0,1.0,21636.07509484936,10000.0,25000.0,1.0,18.80635346436997,17.0,20.0,1.0,0.0,211.0,1.0,9.0
11.0,21.0,11.0,22.0,-121.0,21.0,13.0,-111.0,10.181124809053058,9.0,11.0,30000.0,10000.0,19000.0,0.0,29.255201581171654,16.5,19.0,0.0,10000.0,36863.96749842221,25000.0,0.0,30.542980909127046,17.0,20.0,0.0,122.0,10.219020016167956,9.0,11.0,1.0,12627.606978421465,10000.0,19000.0,1.0,16.5,17.109081734960668,19.0,1.0,19658.336415318514,10000.0,25000.0,1.0,18.428148008419086,17.0,20.0,1.0,0.0,211.0,1.0,32.0
91.0,24.0,91.0,24.0,-721.0,911.0,12.0,-711.0,14.157570268537125,12.0,17.0,30000.0,18000.0,36000.0,1.0,23.12558691656443,20.0,25.0,1.0,18000.0,34528.70417736824,36000.0,1.0,23.689158112093185,20.0,26.0,1.0,721.0,15.418855726060432,12.0,17.0,1.0,28099.521943740256,18000.0,36000.0,1.0,20.0,23.88936652277794,25.0,1.0,32565.350428517544,18000.0,36000.0,1.0,24.445113199889207,20.0,26.0,1.0,1.0,91121.0,7.0,24.0
91.0,21.0,91.0,24.0,-721.0,911.0,11.0,-711.0,15.186209902778318,12.0,17.0,30000.0,18000.0,36000.0,1.0,24.984836003082236,20.0,25.0,1.0,18000.0,34059.4944210239,36000.0,1.0,25.480547310068683,20.0,26.0,1.0,722.0,15.161231776314867,12.0,17.0,1.0,23663.781669693308,18000.0,36000.0,1.0,20.0,23.04406430403695,25.0,1.0,27598.549020199356,18000.0,36000.0,1.0,23.524544990475484,20.0,26.0,1.0,1.0,91121.0,7.0,18.0
11.0,22.0,11.0,22.0,-121.0,11.0,11.0,-111.0,10.019816379548564,9.0,11.0,30000.0,10000.0,19000.0,0.0,25.362054859627502,16.5,19.0,0.0,10000.0,36475.9413449092,25000.0,0.0,26.65918384485805,17.0,20.0,0.0,121.0,10.00550468252272,9.0,11.0,1.0,15432.26618353873,10000.0,19000.0,1.0,16.5,17.61122559635716,19.0,1.0,21858.00341773391,10000.0,25000.0,1.0,18.89829871422935,17.0,20.0,1.0,0.0,111.0,1.0,17.0
81.0,23.0,81.0,21.0,-721.0,912.0,12.0,-711.0,15.248244895264918,12.0,17.0,30000.0,12500.0,23000.0,0.0,26.240207449376207,20.0,24.0,0.0,12500.0,34059.62517080009,26000.0,0.0,26.735621837854975,20.0,25.0,0.0,722.0,15.476293040867901,12.0,17.0,1.0,14687.105167533555,12500.0,23000.0,1.0,20.0,21.645477649535543,24.0,1.0,18721.625378003093,12500.0,26000.0,1.0,22.137828366358264,20.0,25.0,1.0,0.0,912.0,7.0,30.0
91.0,24.0,91.0,24.0,-721.0,911.0,11.0,-711.0,14.843598814878144,12.0,17.0,30000.0,18000.0,36000.0,1.0,25.6336288935507,20.0,25.0,0.0,18000.0,34549.16672409481,36000.0,1.0,26.20494347058805,20.0,26.0,0.0,721.0,14.894121575108834,12.0,17.0,1.0,22075.389225749357,18000.0,36000.0,1.0,20.0,22.603307684646687,25.0,1.0,26574.750758303773,18000.0,36000.0,1.0,23.16836739487767,20.0,26.0,1.0,0.0,91121.0,7.0,16.0
81.0,23.0,81.0,23.0,-721.0,912.0,12.0,-711.0,14.93314667457745,12.0,17.0,30000.0,12500.0,23000.0,0.0,25.828490264586875,20.0,24.0,0.0,12500.0,34492.45049018596,26000.0,0.0,26.39069363366882,20.0,25.0,0.0,721.0,15.512533784779942,12.0,17.0,1.0,15964.611015240469,12500.0,23000.0,1.0,20.0,22.05689543804066,24.0,1.0,20476.494821197553,12500.0,26000.0,1.0,22.621530770618435,20.0,25.0,1.0,0.0,912.0,7.0,5.0
11.0,21.0,11.0,22.0,-121.0,21.0,13.0,-111.0,10.216387222266286,9.0,11.0,30000.0,10000.0,19000.0,0.0,29.586222971144146,16.5,19.0,0.0,10000.0,36997.265576157595,25000.0,0.0,30.910719581337826,17.0,20.0,0.0,122.0,10.195675865434355,9.0,11.0,1.0,12539.557103473266,10000.0,19000.0,1.0,16.5,17.082001072864905,19.0,1.0,19561.358635269688,10000.0,25000.0,1.0,18.41114203873121,17.0,20.0,1.0,0.0,211.0,1.0,59.0
11.0,22.0,11.0,22.0,-121.0,21.0,13.0,-111.0,10.00974829007874,9.0,11.0,30000.0,10000.0,19000.0,0.0,25.81718387559353,16.5,19.0,0.0,10000.0,36450.55687617218,25000.0,0.0,27.1059381133667,17.0,20.0,0.0,121.0,9.980903359180786,9.0,11.0,1.0,12754.146236627932,10000.0,19000.0,1.0,16.5,17.015906117180755,19.0,1.0,19288.44843799949,10000.0,25000.0,1.0,18.321391800752515,17.0,20.0,1.0,0.0,211.0,1.0,47.0
11.0,22.0,11.0,22.0,-121.0,21.0,13.0,-111.0,9.997086138625956,9.0,11.0,30000.0,10000.0,19000.0,0.0,25.39047106576893,16.5,19.0,0.0,10000.0,36485.01553646327,25000.0,0.0,26.687161025281984,17.0,20.0,0.0,121.0,9.998384813367698,9.0,11.0,1.0,15958.92445033867,10000.0,19000.0,1.0,16.5,17.704182869120157,19.0,1.0,22535.499152805067,10000.0,25000.0,1.0,19.01918024063401,17.0,20.0,1.0,0.0,211.0,1.0,21.0
11.0,22.0,11.0,22.0,-121.0,21.0,13.0,-111.0,9.988300992539902,9.0,11.0,30000.0,10000.0,19000.0,0.0,26.433523973100428,16.5,19.0,0.0,10000.0,36514.124235035284,25000.0,0.0,27.733408191056988,17.0,20.0,0.0,121.0,10.007243742094689,9.0,11.0,1.0,13257.082198767239,10000.0,19000.0,1.0,16.5,17.177973182331314,19.0,1.0,19859.8996808216,10000.0,25000.0,1.0,18.49555601147176,17.0,20.0,1.0,0.0,211.0,1.0,21.0
91.0,24.0,91.0,24.0,-721.0,911.0,12.0,-711.0,15.186589018847465,12.0,17.0,30000.0,18000.0,36000.0,1.0,24.556738665173167,20.0,25.0,1.0,18000.0,34470.67299392356,36000.0,1.0,25.11475351743067,20.0,26.0,1.0,721.0,14.37970759606874,12.0,17.0,1.0,26286.91745749611,18000.0,36000.0,1.0,20.0,22.63785403022851,25.0,1.0,30750.791431677462,18000.0,36000.0,1.0,23.19502025097078,20.0,26.0,1.0,1.0,91121.0,7.0,13.0
81.0,23.0,81.0,23.0,-721.0,912.0,12.0,-711.0,14.961346262959694,12.0,17.0,30000.0,12500.0,23000.0,0.0,26.220982011029587,20.0,24.0,0.0,12500.0,34489.51294377807,26000.0,0.0,26.782050374756718,20.0,25.0,0.0,721.0,14.917429850185952,12.0,17.0,1.0,16388.708014738448,12500.0,23000.0,1.0,20.0,21.520666289626455,24.0,1.0,20835.245415412326,12500.0,26000.0,1.0,22.076363866376976,20.0,25.0,1.0,0.0,912.0,7.0,10.0
11.0,21.0,11.0,22.0,-121.0,21.0,12.0,-111.0,10.006670403579006,9.0,11.0,30000.0,10000.0,19000.0,0.0,25.835212262522607,16.5,19.0,0.0,10000.0,36494.95522934098,25000.0,0.0,27.142556826583846,17.0,20.0,0.0,121.0,10.008578137059702,9.0,11.0,1.0,14681.042360436613,10000.0,19000.0,1.0,16.5,17.532959728207445,19.0,1.0,21125.51393471036,10000.0,25000.0,1.0,18.830142631457235,17.0,20.0,1.0,0.0,211.0,1.0,37.0
11.0,22.0,11.0,22.0,-121.0,21.0,12.0,-111.0,10.002282738630107,9.0,11.0,30000.0,10000.0,19000.0,0.0,24.04331083665626,16.5,19.0,0.0,10000.0,36388.63380195725,25000.0,0.0,25.322082137899702,17.0,20.0,0.0,121.0,9.999272152589308,9.0,11.0,1.0,17437.826987425946,10000.0,19000.0,1.0,16.5,18.03512806169931,19.0,1.0,23861.83474743031,10000.0,25000.0,1.0,19.32097993819003,17.0,20.0,1.0,0.0,211.0,1.0,25.0
11.0,22.0,11.0,21.0,-121.0,11.0,11.0,-111.0,10.218902438078668,9.0,11.0,30000.0,10000.0,19000.0,0.0,24.46305057368224,16.5,19.0,0.0,10000.0,37072.51339446602,25000.0,0.0,25.79585811087525,17.0,20.0,0.0,122.0,10.186983645325064,9.0,11.0,1.0,12416.77960061716,10000.0,19000.0,1.0,16.5,17.026211131225402,19.0,1.0,19373.068450313855,10000.0,25000.0,1.0,18.337116278046615,17.0,20.0,1.0,0.0,111.0,1.0,54.0
11.0,22.0,11.0,22.0,-121.0,11.0,11.0,-111.0,10.200529944303149,9.0,11.0,30000.0,10000.0,19000.0,0.0,23.38250667569858,16.5,19.0,0.0,10000.0,37054.09377953936,25000.0,0.0,24.710409480154087,17.0,20.0,0.0,122.0,10.203740200133229,9.0,11.0,1.0,15578.099423958112,10000.0,19000.0,1.0,16.5,17.65711216397396,19.0,1.0,22500.221528579452,10000.0,25000.0,1.0,18.960171868421263,17.0,20.0,1.0,0.0,111.0,1.0,44.0
11.0,22.0,11.0,22.0,-121.0,11.0,11.0,-111.0,10.002159854000016,9.0,11.0,30000.0,10000.0,19000.0,0.0,25.396476773572132,16.5,19.0,0.0,10000.0,36470.679812426606,25000.0,0.0,26.688251074968466,17.0,20.0,0.0,121.0,10.023253156954537,9.0,11.0,1.0,14553.19503942241,10000.0,19000.0,1.0,16.5,17.433740646363397,19.0,1.0,21040.300590447325,10000.0,25000.0,1.0,18.728794100432687,17.0,20.0,1.0,0.0,111.0,1.0,11.0
81.0,21.0,81.0,21.0,-721.0,912.0,12.0,-711.0,15.337600562588074,12.0,17.0,30000.0,12500.0,23000.0,0.0,27.91757588312732,20.0,24.0,0.0,12500.0,33905.36559468837,26000.0,0.0,28.39623596972841,20.0,25.0,0.0,722.0,15.180208585441097,12.0,17.0,1.0,16193.142526792597,12500.0,23000.0,1.0,20.0,21.59006790384938,24.0,1.0,20247.22087315743,12500.0,26000.0,1.0,22.086954928971398,20.0,25.0,1.0,0.0,912.0,7.0,6.0
11.0,21.0,11.0,22.0,-121.0,11.0,11.0,-111.0,10.195859677265156,9.0,11.0,30000.0,10000.0,19000.0,0.0,26.11291756587029,16.5,19.0,0.0,10000.0,37088.53223324231,25000.0,0.0,27.45004213581283,17.0,20.0,0.0,122.0,10.188483621535767,9.0,11.0,1.0,14792.069739041372,10000.0,19000.0,1.0,16.5,17.54165552963818,19.0,1.0,21748.728827558727,10000.0,25000.0,1.0,18.85390459416926,17.0,20.0,1.0,0.0,111.0,1.0,29.0
91.0,24.0,91.0,21.0,-721.0,911.0,12.0,-711.0,15.153317695498563,12.0,17.0,30000.0,18000.0,36000.0,1.0,24.837427371583313,20.0,25.0,1.0,18000.0,34007.29792325521,36000.0,1.0,25.323227544158197,20.0,26.0,1.0,722.0,15.44730219724517,12.0,17.0,1.0,25425.95628641302,18000.0,36000.0,1.0,20.0,23.43382302741336,25.0,1.0,29356.249974487917,18000.0,36000.0,1.0,23.910288064079705,20.0,26.0,1.0,1.0,91121.0,7.0,14.0
92.0,24.0,92.0,24.0,-721.0,921.0,13.0,-711.0,15.021949702441862,12.0,17.0,30000.0,15000.0,28000.0,0.0,24.175288897705727,19.5,25.0,1.0,15000.0,33922.5993318129,28000.0,0.0,24.65272643425643,20.0,26.0,1.0,722.0,15.022972673741169,12.0,17.0,1.0,20259.05096141504,15000.0,28000.0,1.0,19.5,21.494372922668195,25.0,1.0,24276.41770173234,15000.0,28000.0,1.0,21.983345034696615,20.0,26.0,1.0,0.0,92122.0,7.0,20.0
11.0,22.0,11.0,21.0,-121.0,11.0,11.0,-111.0,10.004713471713679,9.0,11.0,30000.0,10000.0,19000.0,0.0,24.580364218206135,16.5,19.0,0.0,10000.0,36522.96133011784,25000.0,0.0,25.879995638427577,17.0,20.0,0.0,121.0,10.006385609182457,9.0,11.0,1.0,15571.533145602649,10000.0,19000.0,1.0,16.5,17.597675773688874,19.0,1.0,22099.309416236385,10000.0,25000.0,1.0,18.898266520152532,17.0,20.0,1.0,0.0,111.0,1.0,0.0
11.0,22.0,11.0,22.0,-121.0,21.0,12.0,-111.0,10.005239009970913,9.0,11.0,30000.0,10000.0,19000.0,0.0,24.690765444722132,16.5,19.0,0.0,10000.0,36592.18720018226,25000.0,0.0,26.014652790432493,17.0,20.0,0.0,121.0,9.999695078890076,9.0,11.0,1.0,13568.065710369641,10000.0,19000.0,1.0,16.5,17.214423483509094,19.0,1.0,20104.0966769262,10000.0,25000.0,1.0,18.527033156904906,17.0,20.0,1.0,0.0,211.0,1.0,25.0
11.0,21.0,11.0,22.0,-121.0,11.0,12.0,-111.0,10.004661748655357,9.0,11.0,30000.0,10000.0,19000.0,0.0,25.20172069548648,16.5,19.0,0.0,10000.0,36514.55074579961,25000.0,0.0,26.505184328124344,17.0,20.0,0.0,121.0,9.999272933219217,9.0,11.0,1.0,16120.959215242996,10000.0,19000.0,1.0,16.5,17.755459026074828,19.0,1.0,22675.716515358436,10000.0,25000.0,1.0,19.066967385569438,17.0,20.0,1.0,0.0,111.0,1.0,7.0
11.0,22.0,11.0,21.0,-121.0,11.0,12.0,-111.0,10.188783915212092,9.0,11.0,30000.0,10000.0,19000.0,0.0,23.794623616787923,16.5,19.0,0.0,10000.0,36837.26317982302,25000.0,0.0,25.086464481192927,17.0,20.0,0.0,122.0,10.162088847378469,9.0,11.0,1.0,15139.644094840698,10000.0,19000.0,1.0,16.5,17.5116513458873,19.0,1.0,22054.61729965064,10000.0,25000.0,1.0,18.81817483742128,17.0,20.0,1.0,0.0,111.0,1.0,46.0
11.0,22.0,11.0,21.0,-121.0,21.0,13.0,-111.0,9.996490351546328,9.0,11.0,30000.0,10000.0,19000.0,0.0,25.0117408190022,16.5,19.0,0.0,10000.0,36535.31136447658,25000.0,0.0,26.313979930923157,17.0,20.0,0.0,121.0,9.989007840258106,9.0,11.0,1.0,11122.72667219827,10000.0,19000.0,1.0,16.5,16.6848649419154,19.0,1.0,17561.84688934434,10000.0,25000.0,1.0,17.96793681492633,17.0,20.0,1.0,0.0,211.0,1.0,58.0
11.0,22.0,11.0,22.0,-121.0,21.0,13.0,-111.0,10.177941139253539,9.0,11.0,30000.0,10000.0,19000.0,0.0,27.683664984480572,16.5,19.0,0.0,10000.0,37052.86813272059,25000.0,0.0,29.011313480636495,17.0,20.0,0.0,122.0,10.20582424422941,9.0,11.0,1.0,14783.88620226626,10000.0,19000.0,1.0,16.5,17.51731465146791,19.0,1.0,21684.348175299314,10000.0,25000.0,1.0,18.81627385343792,17.0,20.0,1.0,0.0,211.0,1.0,41.0
91.0,24.0,91.0,24.0,-721.0,911.0,11.0,-711.0,14.107533076449208,12.0,17.0,30000.0,18000.0,36000.0,1.0,23.521181549180874,20.0,25.0,1.0,18000.0,34475.842700294466,36000.0,1.0,24.082614292513927,20.0,26.0,1.0,721.0,14.660488707618972,12.0,17.0,1.0,27229.865226951264,18000.0,36000.0,1.0,20.0,23.093215104287598,25.0,1.0,31725.178057599354,18000.0,36000.0,1.0,23.657090106973683,20.0,26.0,1.0,1.0,91121.0,7.0,0.0
11.0,21.0,11.0,22.0,-121.0,11.0,11.0,-111.0,10.184541387138186,9.0,11.0,30000.0,10000.0,19000.0,0.0,27.359159054251027,16.5,19.0,0.0,10000.0,37154.517203276046,25000.0,0.0,28.7112680462422,17.0,20.0,0.0,122.0,10.182135039204722,9.0,11.0,1.0,17648.107423506088,10000.0,19000.0,1.0,16.5,18.04869470830533,19.0,1.0,24496.487091427993,10000.0,25000.0,1.0,19.34294776081413,17.0,20.0,1.0,0.0,111.0,1.0,43.0
11.0,22.0,11.0,22.0,-121.0,21.0,12.0,-111.0,10.011003031490342,9.0,11.0,30000.0,10000.0,19000.0,0.0,24.192729497043217,16.5,19.0,0.0,10000.0,36381.69706844665,25000.0,0.0,25.474364994616387,17.0,20.0,0.0,121.0,9.997494835118358,9.0,11.0,1.0,15108.126058238993,10000.0,19000.0,1.0,16.5,17.568159542430553,19.0,1.0,21623.2515227666,10000.0,25000.0,1.0,18.876591449637004,17.0,20.0,1.0,0.0,211.0,1.0,25.0
11.0,22.0,11.0,22.0,-121.0,11.0,11.0,-111.0,10.210865025734066,9.0,11.0,30000.0,10000.0,19000.0,0.0,23.040963538393235,16.5,19.0,0.0,10000.0,36972.57797964195,25000.0,0.0,24.354997089776507,17.0,20.0,0.0,122.0,10.217246522737643,9.0,11.0,1.0,16376.55558440456,10000.0,19000.0,1.0,16.5,17.824521055797618,19.0,1.0,23393.67778853254,10000.0,25000.0,1.0,19.14694929357463,17.0,20.0,1.0,0.0,111.0,1.0,38.0
11.0,22.0,11.0,22.0,-121.0,21.0,13.0,-111.0,10.202396351279782,9.0,11.0,30000.0,10000.0,19000.0,0.0,24.160552991507103,16.5,19.0,0.0,10000.0,36885.94744961214,25000.0,0.0,25.462954027453524,17.0,20.0,0.0,122.0,10.190556031872571,9.0,11.0,1.0,15178.9791190774,10000.0,19000.0,1.0,16.5,17.598224366707303,19.0,1.0,22058.76625502827,10000.0,25000.0,1.0,18.899460247248037,17.0,20.0,1.0,0.0,211.0,1.0,13.0
11.0,22.0,11.0,21.0,-121.0,21.0,13.0,-111.0,10.211775707168137,9.0,11.0,30000.0,10000.0,19000.0,0.0,25.862176382726375,16.5,19.0,0.0,10000.0,37105.38699323693,25000.0,0.0,27.209751718388144,17.0,20.0,0.0,122.0,10.219054869004419,9.0,11.0,1.0,13034.727239701358,10000.0,19000.0,1.0,16.5,17.1530030525729,19.0,1.0,19954.10605304646,10000.0,25000.0,1.0,18.46530092401039,17.0,20.0,1.0,0.0,211.0,1.0,58.0
91.0,24.0,91.0,24.0,-721.0,911.0,11.0,-711.0,14.910237195752343,12.0,17.0,30000.0,18000.0,36000.0,1.0,25.621785795760164,20.0,25.0,0.0,18000.0,33995.312326504754,36000.0,1.0,26.109834490036693,20.0,26.0,0.0,722.0,15.121197358188219,12.0,17.0,1.0,23315.7109048681,18000.0,36000.0,1.0,20.0,22.956525820917722,25.0,1.0,27343.590531054735,18000.0,36000.0,1.0,23.448552784422517,20.0,26.0,1.0,0.0,91121.0,7.0,0.0
11.0,22.0,11.0,22.0,-121.0,21.0,13.0,-111.0,10.011305749822515,9.0,11.0,30000.0,10000.0,19000.0,0.0,24.60717551032272,16.5,19.0,0.0,10000.0,36452.55548782011,25000.0,0.0,25.895197115632094,17.0,20.0,0.0,121.0,9.999190582396048,9.0,11.0,1.0,13343.246867311089,10000.0,19000.0,1.0,16.5,17.206451348509844,19.0,1.0,19839.352374306873,10000.0,25000.0,1.0,18.50316615540668,17.0,20.0,1.0,0.0,211.0,1.0,47.0
11.0,22.0,11.0,21.0,-121.0,11.0,11.0,-111.0,10.005031399540183,9.0,11.0,30000.0,10000.0,19000.0,0.0,26.649179999390018,16.5,19.0,0.0,10000.0,36578.417763135236,25000.0,0.0,27.965085294934184,17.0,20.0,0.0,121.0,9.981161920501965,9.0,11.0,1.0,13181.284195521332,10000.0,19000.0,1.0,16.5,17.15738653369649,19.0,1.0,19765.296990808078,10000.0,25000.0,1.0,18.47441102426627,17.0,20.0,1.0,0.0,111.0,1.0,54.0
81.0,23.0,81.0,21.0,-721.0,912.0,12.0,-711.0,15.161996666982045,12.0,17.0,30000.0,12500.0,23000.0,0.0,26.538341246126215,20.0,24.0,0.0,12500.0,33973.09710676577,26000.0,0.0,27.023500085964223,20.0,25.0,0.0,722.0,15.320403544052766,12.0,17.0,1.0,15637.400839245129,12500.0,23000.0,1.0,20.0,21.670967336411064,24.0,1.0,19752.926303773602,12500.0,26000.0,1.0,22.17351824469223,20.0,25.0,1.0,0.0,912.0,7.0,11.0
91.0,24.0,91.0,24.0,-721.0,911.0,12.0,-711.0,14.961946548248351,12.0,17.0,30000.0,18000.0,36000.0,1.0,24.903728463640135,20.0,25.0,1.0,18000.0,33986.61909909433,36000.0,1.0,25.38933730136136,20.0,26.0,1.0,722.0,15.268184762232034,12.0,17.0,1.0,28348.460872672782,18000.0,36000.0,1.0,20.0,23.77513509182687,25.0,1.0,32371.027196074694,18000.0,36000.0,1.0,24.265122649807388,20.0,26.0,1.0,1.0,91121.0,7.0,1.0
11.0,21.0,11.0,21.0,-121.0,11.0,11.0,-111.0,10.008512844602532,9.0,11.0,30000.0,10000.0,19000.0,0.0,24.43956492354311,16.5,19.0,0.0,10000.0,36422.11978751931,25000.0,0.0,25.71983174531193,17.0,20.0,0.0,121.0,10.021435203657662,9.0,11.0,1.0,13302.807762250954,10000.0,19000.0,1.0,16.5,17.15616203061308,19.0,1.0,19778.307335728598,10000.0,25000.0,1.0,18.447070256026905,17.0,20.0,1.0,0.0,111.0,1.0,18.0
11.0,22.0,11.0,22.0,-121.0,21.0,13.0,-111.0,10.199626764555973,9.0,11.0,30000.0,10000.0,19000.0,0.0,26.084924176899612,16.5,19.0,0.0,10000.0,37003.18934996867,25000.0,0.0,27.409998126387087,17.0,20.0,0.0,122.0,10.21587444199013,9.0,11.0,1.0,13913.537587163342,10000.0,19000.0,1.0,16.5,17.418096579723837,19.0,1.0,20884.546735611308,10000.0,25000.0,1.0,18.737081711018135,17.0,20.0,1.0,0.0,211.0,1.0,19.0
91.0,21.0,91.0,24.0,-721.0,911.0,12.0,-711.0,15.306250432663695,12.0,17.0,30000.0,18000.0,36000.0,1.0,25.253692322221283,20.0,25.0,0.0,18000.0,33996.60746067249,36000.0,1.0,25.739287328367055,20.0,26.0,1.0,722.0,15.288022374861951,12.0,17.0,1.0,25650.47100477991,18000.0,36000.0,1.0,20.0,23.359804949041063,25.0,1.0,29727.516142998233,18000.0,36000.0,1.0,23.85517327791282,20.0,26.0,1.0,0.0,91121.0,7.0,19.0
11.0,22.0,11.0,22.0,-121.0,21.0,13.0,-111.0,10.190758510654849,9.0,11.0,30000.0,10000.0,19000.0,0.0,23.938416935086188,16.5,19.0,0.0,10000.0,37094.334752540555,25000.0,0.0,25.282310226487727,17.0,20.0,0.0,122.0,10.173801127358919,9.0,11.0,1.0,14784.699083181184,10000.0,19000.0,1.0,16.5,17.496293946935257,19.0,1.0,21809.50085677058,10000.0,25000.0,1.0,18.827015474217525,17.0,20.0,1.0,0.0,211.0,1.0,31.0
11.0,21.0,11.0,22.0,-121.0,21.0,13.0,-111.0,9.993044265416113,9.0,11.0,30000.0,10000.0,19000.0,0.0,26.060168586768476,16.5,19.0,0.0,10000.0,36461.42104505428,25000.0,0.0,27.355453389412848,17.0,20.0,0.0,121.0,10.013802787105151,9.0,11.0,1.0,15252.352699755775,10000.0,19000.0,1.0,16.5,17.578575027691258,19.0,1.0,21714.70928131017,10000.0,25000.0,1.0,18.874047372085727,17.0,20.0,1.0,0.0,211.0,1.0,9.0
11.0,22.0,11.0,22.0,-121.0,11.0,11.0,-111.0,10.208510995038917,9.0,11.0,30000.0,10000.0,19000.0,0.0,24.13815801905058,16.5,19.0,0.0,10000.0,37120.89779190309,25000.0,0.0,25.482879836383347,17.0,20.0,0.0,122.0,10.186596331618865,9.0,11.0,1.0,16013.507004374449,10000.0,19000.0,1.0,16.5,17.70145402567139,19.0,1.0,23005.333967578696,10000.0,25000.0,1.0,19.02180189966096,17.0,20.0,1.0,0.0,111.0,1.0,50.0
11.0,22.0,11.0,21.0,-121.0,11.0,12.0,-111.0,10.217962355548993,9.0,11.0,30000.0,10000.0,19000.0,0.0,23.30802884970302,16.5,19.0,0.0,10000.0,37038.31346312067,25000.0,0.0,24.63890905953866,17.0,20.0,0.0,122.0,10.179885193036535,9.0,11.0,1.0,13716.046916003299,10000.0,19000.0,1.0,16.5,17.23505348359971,19.0,1.0,20731.210420177136,10000.0,25000.0,1.0,18.56155624955163,17.0,20.0,1.0,0.0,111.0,1.0,46.0
11.0,22.0,11.0,22.0,-121.0,11.0,11.0,-111.0,10.185106926690242,9.0,11.0,30000.0,10000.0,19000.0,0.0,25.594670742365317,16.5,19.0,0.0,10000.0,36932.809925095484,25000.0,0.0,26.900687537287045,17.0,20.0,0.0,122.0,10.199251424254669,9.0,11.0,1.0,17307.75411778719,10000.0,19000.0,1.0,16.5,18.01479368100494,19.0,1.0,24351.090163809167,10000.0,25000.0,1.0,19.341631610757585,17.0,20.0,1.0,0.0,111.0,1.0,11.0
11.0,22.0,11.0,21.0,-121.0,11.0,11.0,-111.0,10.000051829515828,9.0,11.0,30000.0,10000.0,19000.0,0.0,24.69291063605373,16.5,19.0,0.0,10000.0,36485.82304454102,25000.0,0.0,25.990663108693347,17.0,20.0,0.0,121.0,9.991884274924953,9.0,11.0,1.0,15525.90494223512,10000.0,19000.0,1.0,16.5,17.56547866027326,19.0,1.0,22087.889175642908,10000.0,25000.0,1.0,18.87847027380406,17.0,20.0,1.0,0.0,111.0,1.0,1.0
11.0,22.0,11.0,22.0,-121.0,21.0,13.0,-111.0,10.175893144072946,9.0,11.0,30000.0,10000.0,19000.0,0.0,24.426450816400965,16.5,19.0,0.0,10000.0,37162.169360441316,25000.0,0.0,25.78127984524369,17.0,20.0,0.0,122.0,10.20883142991102,9.0,11.0,1.0,15978.118957757883,10000.0,19000.0,1.0,16.5,17.769816421154747,19.0,1.0,22976.545370846445,10000.0,25000.0,1.0,19.09367107796334,17.0,20.0,1.0,0.0,211.0,1.0,5.0
11.0,22.0,11.0,21.0,-121.0,11.0,11.0,-111.0,10.018418981248344,9.0,11.0,30000.0,10000.0,19000.0,0.0,24.538537936175373,16.5,19.0,0.0,10000.0,36460.08196489254,25000.0,0.0,25.833437431958213,17.0,20.0,0.0,121.0,9.997514907163715,9.0,11.0,1.0,15897.364261733197,10000.0,19000.0,1.0,16.5,17.665893904741232,19.0,1.0,22398.369203324582,10000.0,25000.0,1.0,18.968996259587044,17.0,20.0,1.0,0.0,111.0,1.0,54.0
91.0,21.0,91.0,24.0,-721.0,911.0,12.0,-711.0,15.336140042848196,12.0,17.0,30000.0,18000.0,36000.0,1.0,24.915008511318874,20.0,25.0,1.0,18000.0,34095.481084192055,36000.0,1.0,25.415508713136987,20.0,26.0,1.0,722.0,14.965013812815657,12.0,17.0,1.0,26731.47663680377,18000.0,36000.0,1.0,20.0,23.257963078729414,25.0,1.0,30695.792995264725,18000.0,36000.0,1.0,23.742433912971343,20.0,26.0,1.0,1.0,91121.0,7.0,19.0
11.0,21.0,11.0,21.0,-121.0,21.0,12.0,-111.0,10.191230549687575,9.0,11.0,30000.0,10000.0,19000.0,0.0,24.837676931694986,16.5,19.0,0.0,10000.0,37026.329336832336,25000.0,0.0,26.163617966959833,17.0,20.0,0.0,122.0,10.181888248337296,9.0,11.0,1.0,12739.644763367762,10000.0,19000.0,1.0,16.5,17.04447889223033,19.0,1.0,19841.738069782128,10000.0,25000.0,1.0,18.384717372355436,17.0,20.0,1.0,0.0,211.0,1.0,6.0
11.0,21.0,11.0,22.0,-121.0,21.0,13.0,-111.0,10.209168244102242,9.0,11.0,30000.0,10000.0,19000.0,0.0,27.108684849343504,16.5,19.0,0.0,10000.0,37089.420055357274,25000.0,0.0,28.443680815603255,17.0,20.0,0.0,122.0,10.185171884404138,9.0,11.0,1.0,14008.842807632203,10000.0,19000.0,1.0,16.5,17.405269662933073,19.0,1.0,21034.302086143194,10000.0,25000.0,1.0,18.728221290104166,17.0,20.0,1.0,0.0,211.0,1.0,52.0
11.0,22.0,11.0,22.0,-121.0,21.0,13.0,-111.0,9.993687543767448,9.0,11.0,30000.0,10000.0,19000.0,0.0,26.047480794848816,16.5,19.0,0.0,10000.0,36516.77308485739,25000.0,0.0,27.351585727639236,17.0,20.0,0.0,121.0,9.980501291529999,9.0,11.0,1.0,13428.977228421996,10000.0,19000.0,1.0,16.5,17.274836703281274,19.0,1.0,19906.60553943112,10000.0,25000.0,1.0,18.571108174325555,17.0,20.0,1.0,0.0,211.0,1.0,5.0
11.0,22.0,11.0,22.0,-121.0,21.0,13.0,-111.0,10.005973428868808,9.0,11.0,30000.0,10000.0,19000.0,0.0,24.732669145272308,16.5,19.0,0.0,10000.0,36435.11079015386,25000.0,0.0,26.023557982747914,17.0,20.0,0.0,121.0,9.99218011488036,9.0,11.0,1.0,16163.564818667808,10000.0,19000.0,1.0,16.5,17.77444298667063,19.0,1.0,22630.294622124427,10000.0,25000.0,1.0,19.071674625794184,17.0,20.0,1.0,0.0,211.0,1.0,3.0
11.0,21.0,11.0,21.0,-121.0,21.0,12.0,-111.0,10.002729054809821,9.0,11.0,30000.0,10000.0,19000.0,0.0,26.48935890805965,16.5,19.0,0.0,10000.0,36509.93167319303,25000.0,0.0,27.787537580919473,17.0,20.0,0.0,121.0,9.999535015991967,9.0,11.0,1.0,14870.001723154064,10000.0,19000.0,1.0,16.5,17.477315517005785,19.0,1.0,21415.862124655425,10000.0,25000.0,1.0,18.782658920798948,17.0,20.0,1.0,0.0,211.0,1.0,6.0
91.0,24.0,91.0,21.0,-721.0,911.0,11.0,-711.0,15.041892381280377,12.0,17.0,30000.0,18000.0,36000.0,1.0,23.968004496714872,20.0,25.0,1.0,18000.0,34493.78378569343,36000.0,1.0,24.531857551342995,20.0,26.0,1.0,721.0,14.585913545379325,12.0,17.0,1.0,22380.701488672647,18000.0,36000.0,1.0,20.0,22.360765095008425,25.0,1.0,26878.383475224575,18000.0,36000.0,1.0,22.925107272515273,20.0,26.0,1.0,1.0,91121.0,7.0,21.0
91.0,24.0,91.0,24.0,-721.0,911.0,12.0,-711.0,14.982489332062343,12.0,17.0,30000.0,18000.0,36000.0,1.0,25.118732767393777,20.0,25.0,0.0,18000.0,34159.52708866219,36000.0,1.0,25.62563961215181,20.0,26.0,1.0,722.0,15.071080396684007,12.0,17.0,1.0,27166.919839902064,18000.0,36000.0,1.0,20.0,23.468134249773946,25.0,1.0,31095.138679325148,18000.0,36000.0,1.0,23.946852376851098,20.0,26.0,1.0,0.0,91121.0,7.0,23.0
92.0,24.0,92.0,24.0,-721.0,921.0,13.0,-711.0,15.30729850054896,12.0,17.0,30000.0,15000.0,28000.0,0.0,24.631669834930893,19.5,25.0,1.0,15000.0,33944.03485029518,28000.0,0.0,25.115151623359875,20.0,26.0,1.0,722.0,15.166784943491107,12.0,17.0,1.0,21114.512530998887,15000.0,28000.0,1.0,19.5,21.755585586743823,25.0,1.0,25071.860988192922,15000.0,28000.0,1.0,22.24069943135847,20.0,26.0,1.0,0.0,92122.0,7.0,22.0
11.0,22.0,11.0,22.0,-121.0,11.0,12.0,-111.0,9.982596963605792,9.0,11.0,30000.0,10000.0,19000.0,0.0,24.844930056323307,16.5,19.0,0.0,10000.0,36512.83614751147,25000.0,0.0,26.14121812685089,17.0,20.0,0.0,121.0,10.023233752769293,9.0,11.0,1.0,14897.668917718358,10000.0,19000.0,1.0,16.5,17.57544395064552,19.0,1.0,21443.41833521506,10000.0,25000.0,1.0,18.878282942811172,17.0,20.0,1.0,0.0,111.0,1.0,49.0
11.0,22.0,11.0,22.0,-121.0,11.0,11.0,-111.0,10.001637156438546,9.0,11.0,30000.0,10000.0,19000.0,0.0,23.210278098947473,16.5,19.0,0.0,10000.0,36489.98324585269,25000.0,0.0,24.5119289926319,17.0,20.0,0.0,121.0,9.996780843041401,9.0,11.0,1.0,13686.116066785971,10000.0,19000.0,1.0,16.5,17.311519303123568,19.0,1.0,20269.914322805744,10000.0,25000.0,1.0,18.631986022242216,17.0,20.0,1.0,0.0,111.0,1.0,17.0
81.0,23.0,81.0,23.0,-721.0,912.0,12.0,-711.0,15.189253095305935,12.0,17.0,30000.0,12500.0,23000.0,0.0,27.242943907035308,20.0,24.0,0.0,12500.0,33982.341318754865,26000.0,0.0,27.728488123782867,20.0,25.0,0.0,722.0,14.94923915639231,12.0,17.0,1.0,17663.699127592452,12500.0,23000.0,1.0,20.0,21.622347603129658,24.0,1.0,21682.597495572347,12500.0,26000.0,1.0,22.11234901287295,20.0,25.0,1.0,0.0,912.0,7.0,31.0
81.0,23.0,81.0,23.0,-721.0,912.0,12.0,-711.0,15.345276324408655,12.0,17.0,30000.0,12500.0,23000.0,0.0,26.094709344330486,20.0,24.0,0.0,12500.0,34058.492706179495,26000.0,0.0,26.589284335487644,20.0,25.0,0.0,722.0,15.372404828421434,12.0,17.0,1.0,17496.81521164309,12500.0,23000.0,1.0,20.0,22.060909950742534,24.0,1.0,21580.73330747053,12500.0,26000.0,1.0,22.55858332417377,20.0,25.0,1.0,0.0,912.0,7.0,31.0
91.0,24.0,91.0,24.0,-721.0,911.0,11.0,-711.0,15.034310596318342,12.0,17.0,30000.0,18000.0,36000.0,1.0,24.971327083232882,20.0,25.0,1.0,18000.0,34496.20034963322,36000.0,1.0,25.533208643490063,20.0,26.0,1.0,721.0,14.868898177978574,12.0,17.0,1.0,25286.928223539526,18000.0,36000.0,1.0,20.0,23.063677412114146,25.0,1.0,29804.58984567015,18000.0,36000.0,1.0,23.628240946558027,20.0,26.0,1.0,1.0,91121.0,7.0,28.0
11.0,21.0,11.0,22.0,-121.0,21.0,13.0,-111.0,10.01530229167361,9.0,11.0,30000.0,10000.0,19000.0,0.0,26.51485189996284,16.5,19.0,0.0,10000.0,36480.33188960505,25000.0,0.0,27.813675141216013,17.0,20.0,0.0,121.0,10.008566480590815,9.0,11.0,1.0,17140.168184674152,10000.0,19000.0,1.0,16.5,17.98013088790258,19.0,1.0,23648.06659089166,10000.0,25000.0,1.0,19.284479159828038,17.0,20.0,1.0,0.0,211.0,1.0,24.0
11.0,22.0,11.0,22.0,-121.0,11.0,11.0,-111.0,10.178502689572346,9.0,11.0,30000.0,10000.0,19000.0,0.0,23.452121404332352,16.5,19.0,0.0,10000.0,37018.94064044175,25000.0,0.0,24.770625937245853,17.0,20.0,0.0,122.0,10.172622873839725,9.0,11.0,1.0,17010.736756146678,10000.0,19000.0,1.0,16.5,17.864220185403315,19.0,1.0,24182.16991123902,10000.0,25000.0,1.0,19.21137036188355,17.0,20.0,1.0,0.0,111.0,1.0,11.0
11.0,22.0,11.0,22.0,-121.0,11.0,12.0,-111.0,10.00716284306944,9.0,11.0,30000.0,10000.0,19000.0,0.0,23.451239619534274,16.5,19.0,0.0,10000.0,36570.46338233148,25000.0,0.0,24.762437849181303,17.0,20.0,0.0,121.0,10.025177404617791,9.0,11.0,1.0,15754.151863642626,10000.0,19000.0,1.0,16.5,17.68313623140596,19.0,1.0,22300.158742867905,10000.0,25000.0,1.0,18.989453934108354,17.0,20.0,1.0,0.0,111.0,1.0,14.0
81.0,21.0,81.0,23.0,-721.0,912.0,12.0,-711.0,15.230620120965687,12.0,17.0,30000.0,12500.0,23000.0,0.0,27.964314240365322,20.0,24.0,0.0,12500.0,33947.2019780761,26000.0,0.0,28.444942195287055,20.0,25.0,0.0,722.0,15.172168470466536,12.0,17.0,1.0,15512.940118916931,12500.0,23000.0,1.0,20.0,21.59600184937296,24.0,1.0,19506.850884820786,12500.0,26000.0,1.0,22.082317263232753,20.0,25.0,1.0,0.0,912.0,7.0,7.0
11.0,22.0,11.0,22.0,-121.0,21.0,13.0,-111.0,10.206177124862272,9.0,11.0,30000.0,10000.0,19000.0,0.0,25.75591528108844,16.5,19.0,0.0,10000.0,36979.887459761805,25000.0,0.0,27.074534199831625,17.0,20.0,0.0,122.0,10.199311496052536,9.0,11.0,1.0,12793.0605515976,10000.0,19000.0,1.0,16.5,17.21249063785295,19.0,1.0,19823.012459071993,10000.0,25000.0,1.0,18.540567578418237,17.0,20.0,1.0,0.0,211.0,1.0,28.0
11.0,21.0,11.0,22.0,-121.0,21.0,13.0,-111.0,9.997770129005747,9.0,11.0,30000.0,10000.0,19000.0,0.0,27.78001471296766,16.5,19.0,0.0,10000.0,36542.9371909943,25000.0,0.0,29.085581519406876,17.0,20.0,0.0,121.0,10.00986987764688,9.0,11.0,1.0,14698.759223892735,10000.0,19000.0,1.0,16.5,17.448708554241463,19.0,1.0,21227.408807387066,10000.0,25000.0,1.0,18.751424435239876,17.0,20.0,1.0,0.0,211.0,1.0,59.0
11.0,22.0,11.0,22.0,-121.0,11.0,12.0,-111.0,9.9879178654879,9.0,11.0,30000.0,10000.0,19000.0,0.0,24.10748153398376,16.5,19.0,0.0,10000.0,36485.68400900893,25000.0,0.0,25.404944721501845,17.0,20.0,0.0,121.0,9.99359105887467,9.0,11.0,1.0,13993.88994237215,10000.0,19000.0,1.0,16.5,17.325789082295746,19.0,1.0,20418.64235120435,10000.0,25000.0,1.0,18.61106288345519,17.0,20.0,1.0,0.0,111.0,1.0,40.0
11.0,22.0,11.0,21.0,-121.0,21.0,13.0,-111.0,9.993533870899226,9.0,11.0,30000.0,10000.0,19000.0,0.0,25.995306496666203,16.5,19.0,0.0,10000.0,36500.14651404661,25000.0,0.0,27.300883656370107,17.0,20.0,0.0,121.0,9.99594192790146,9.0,11.0,1.0,13200.48802633288,10000.0,19000.0,1.0,16.5,17.101533347062748,19.0,1.0,19736.96746144821,10000.0,25000.0,1.0,18.41440810102705,17.0,20.0,1.0,0.0,211.0,1.0,2.0
91.0,24.0,91.0,24.0,-721.0,911.0,11.0,-711.0,14.577523578640927,12.0,17.0,30000.0,18000.0,36000.0,1.0,23.795740805005153,20.0,25.0,1.0,18000.0,34522.3956918152,36000.0,1.0,24.360962796118752,20.0,26.0,1.0,721.0,15.329544659072749,12.0,17.0,1.0,25604.138100617485,18000.0,36000.0,1.0,20.0,23.602301807208093,25.0,1.0,30072.064478871227,18000.0,36000.0,1.0,24.16071606720663,20.0,26.0,1.0,1.0,91121.0,7.0,28.0
11.0,21.0,11.0,21.0,-121.0,11.0,11.0,-111.0,10.207007781833376,9.0,11.0,30000.0,10000.0,19000.0,0.0,23.551993714171275,16.5,19.0,0.0,10000.0,36935.602874616714,25000.0,0.0,24.85360427438925,17.0,20.0,0.0,122.0,10.19780443327088,9.0,11.0,1.0,13854.292052605117,10000.0,19000.0,1.0,16.5,17.300278481266858,19.0,1.0,20642.39875497149,10000.0,25000.0,1.0,18.574208307904286,17.0,20.0,1.0,0.0,111.0,1.0,18.0
81.0,23.0,81.0,23.0,-721.0,912.0,12.0,-711.0,15.43260145683799,12.0,17.0,30000.0,12500.0,23000.0,0.0,25.879798162003404,20.0,24.0,0.0,12500.0,34455.69270905037,26000.0,0.0,26.439915162684706,20.0,25.0,0.0,721.0,14.887884673776977,12.0,17.0,1.0,17339.22429938952,12500.0,23000.0,1.0,20.0,21.528353276005266,24.0,1.0,21858.672551717813,12500.0,26000.0,1.0,22.09648486970487,20.0,25.0,1.0,0.0,912.0,7.0,5.0
81.0,21.0,81.0,23.0,-721.0,912.0,12.0,-711.0,15.343687984712584,12.0,17.0,30000.0,12500.0,23000.0,0.0,27.646500198771964,20.0,24.0,0.0,12500.0,34014.90934696169,26000.0,0.0,28.135934263510833,20.0,25.0,0.0,722.0,15.396718573625297,12.0,17.0,1.0,18779.618926430157,12500.0,23000.0,1.0,20.0,22.33386751438789,24.0,1.0,22762.351376290193,12500.0,26000.0,1.0,22.81937908220885,20.0,25.0,1.0,0.0,912.0,7.0,7.0
11.0,22.0,11.0,22.0,-121.0,21.0,12.0,-111.0,10.00438608726125,9.0,11.0,30000.0,10000.0,19000.0,0.0,24.60365621446798,16.5,19.0,0.0,10000.0,36528.70746220415,25000.0,0.0,25.909363635398265,17.0,20.0,0.0,121.0,9.999672299112014,9.0,11.0,1.0,16674.125147701332,10000.0,19000.0,1.0,16.5,17.86554908920504,19.0,1.0,23115.43040030081,10000.0,25000.0,1.0,19.153776524342245,17.0,20.0,1.0,0.0,211.0,1.0,23.0
91.0,24.0,91.0,24.0,-721.0,911.0,11.0,-711.0,15.12383168055996,12.0,17.0,30000.0,18000.0,36000.0,1.0,24.12321180868185,20.0,25.0,1.0,18000.0,34414.4631572318,36000.0,1.0,24.67276229307032,20.0,26.0,1.0,721.0,15.428709631667473,12.0,17.0,1.0,25849.027388714992,18000.0,36000.0,1.0,20.0,23.582435650467698,25.0,1.0,30400.20637287946,18000.0,36000.0,1.0,24.14900570127645,20.0,26.0,1.0,1.0,91121.0,7.0,9.0
91.0,21.0,91.0,24.0,-721.0,911.0,11.0,-711.0,15.111633859696235,12.0,17.0,30000.0,18000.0,36000.0,1.0,24.602564041745964,20.0,25.0,1.0,18000.0,34011.24564003291,36000.0,1.0,25.093540863610546,20.0,26.0,1.0,722.0,14.854779912702508,12.0,17.0,1.0,24314.526746737993,18000.0,36000.0,1.0,20.0,22.831751311545553,25.0,1.0,28303.147159710927,18000.0,36000.0,1.0,23.319958803612675,20.0,26.0,1.0,1.0,91121.0,7.0,18.0
11.0,21.0,11.0,21.0,-121.0,21.0,13.0,-111.0,10.009923982631024,9.0,11.0,30000.0,10000.0,19000.0,0.0,26.441081915036214,16.5,19.0,0.0,10000.0,36496.743216917755,25000.0,0.0,27.733516798660226,17.0,20.0,0.0,121.0,9.990356871205542,9.0,11.0,1.0,12364.978969682967,10000.0,19000.0,1.0,16.5,16.92530117876201,19.0,1.0,18847.784151768657,10000.0,25000.0,1.0,18.21496328811672,17.0,20.0,1.0,0.0,211.0,1.0,34.0
91.0,24.0,91.0,24.0,-721.0,911.0,11.0,-711.0,14.74777953937724,12.0,17.0,30000.0,18000.0,36000.0,1.0,24.17922240163015,20.0,25.0,1.0,18000.0,34479.38140292479,36000.0,1.0,24.73868456080143,20.0,26.0,1.0,721.0,15.215667629298105,12.0,17.0,1.0,23441.097475970706,18000.0,36000.0,1.0,20.0,23.14430247830428,25.0,1.0,27994.715562463087,18000.0,36000.0,1.0,23.71303659079736,20.0,26.0,1.0,1.0,91121.0,7.0,4.0
11.0,22.0,11.0,21.0,-121.0,11.0,11.0,-111.0,10.000909188780664,9.0,11.0,30000.0,10000.0,19000.0,0.0,23.616495359544103,16.5,19.0,0.0,10000.0,36384.61518921681,25000.0,0.0,24.894401420611544,17.0,20.0,0.0,121.0,10.002267126628352,9.0,11.0,1.0,15965.541041340517,10000.0,19000.0,1.0,16.5,17.690380007034438,19.0,1.0,22442.542898988107,10000.0,25000.0,1.0,18.986777626332188,17.0,20.0,1.0,0.0,111.0,1.0,0.0
11.0,21.0,11.0,22.0,-121.0,11.0,11.0,-111.0,10.201482370359495,9.0,11.0,30000.0,10000.0,19000.0,0.0,25.877640695273946,16.5,19.0,0.0,10000.0,36875.28896788874,25000.0,0.0,27.176369932581565,17.0,20.0,0.0,122.0,10.193167691672816,9.0,11.0,1.0,13560.586570359807,10000.0,19000.0,1.0,16.5,17.278058230711963,19.0,1.0,20673.42323961445,10000.0,25000.0,1.0,18.621659784872012,17.0,20.0,1.0,0.0,111.0,1.0,43.0
11.0,22.0,11.0,22.0,-121.0,11.0,11.0,-111.0,10.217167928170653,9.0,11.0,30000.0,10000.0,19000.0,0.0,23.47390119794165,16.5,19.0,0.0,10000.0,37036.006346231756,25000.0,0.0,24.807394839406918,17.0,20.0,0.0,122.0,10.200773517400332,9.0,11.0,1.0,18732.39091299478,10000.0,19000.0,1.0,16.5,18.28634936629272,19.0,1.0,25719.223589963534,10000.0,25000.0,0.0,19.610523406259208,17.0,20.0,1.0,0.0,111.0,1.0,27.0
11.0,21.0,11.0,21.0,-121.0,11.0,11.0,-111.0,10.18313643487146,9.0,11.0,30000.0,10000.0,19000.0,0.0,24.477737041729796,16.5,19.0,0.0,10000.0,36936.04121592385,25000.0,0.0,25.790618579000654,17.0,20.0,0.0,122.0,10.221845901312935,9.0,11.0,1.0,12763.423788136317,10000.0,19000.0,1.0,16.5,17.082726506930182,19.0,1.0,19442.02045314895,10000.0,25000.0,1.0,18.34687791310171,17.0,20.0,1.0,0.0,111.0,1.0,18.0
81.0,23.0,81.0,23.0,-721.0,912.0,12.0,-711.0,15.2550145547042,12.0,17.0,30000.0,12500.0,23000.0,0.0,26.26429464283803,20.0,24.0,0.0,12500.0,34001.736230904055,26000.0,0.0,26.750835940064437,20.0,25.0,0.0,722.0,15.354574051603201,12.0,17.0,1.0,20042.667337751864,12500.0,23000.0,1.0,20.0,22.27836395581105,24.0,1.0,24039.793982914845,12500.0,26000.0,1.0,22.764344807846484,20.0,25.0,1.0,0.0,912.0,7.0,5.0
92.0,24.0,92.0,24.0,-721.0,921.0,13.0,-711.0,15.076230509091701,12.0,17.0,30000.0,15000.0,28000.0,0.0,24.138508246272142,19.5,25.0,1.0,15000.0,34131.12736889287,28000.0,0.0,24.64282255590751,20.0,26.0,1.0,722.0,15.221749589612765,12.0,17.0,1.0,20668.78498664852,15000.0,28000.0,1.0,19.5,21.810127664472528,25.0,1.0,24738.484118902597,15000.0,28000.0,1.0,22.306943018983475,20.0,26.0,1.0,0.0,92122.0,7.0,22.0
11.0,22.0,11.0,22.0,-121.0,21.0,13.0,-111.0,10.000134316378087,9.0,11.0,30000.0,10000.0,19000.0,0.0,25.516018606653493,16.5,19.0,0.0,10000.0,36578.10343656902,25000.0,0.0,26.832309349020964,17.0,20.0,0.0,121.0,9.993091586712069,9.0,11.0,1.0,13362.30620908661,10000.0,19000.0,1.0,16.5,17.208111333466537,19.0,1.0,19866.20895386643,10000.0,25000.0,1.0,18.509554379287245,17.0,20.0,1.0,0.0,211.0,1.0,21.0
11.0,22.0,11.0,22.0,-121.0,21.0,13.0,-111.0,10.002524944824708,9.0,11.0,30000.0,10000.0,19000.0,0.0,25.770639653035584,16.5,19.0,0.0,10000.0,36413.48903944071,25000.0,0.0,27.04894439765673,17.0,20.0,0.0,121.0,9.991569628268397,9.0,11.0,1.0,13654.060699126348,10000.0,19000.0,1.0,16.5,17.253539608684115,19.0,1.0,20237.808582799542,10000.0,25000.0,1.0,18.565779499534973,17.0,20.0,1.0,0.0,211.0,1.0,13.0
11.0,22.0,11.0,22.0,-121.0,21.0,12.0,-111.0,10.202483187573215,9.0,11.0,30000.0,10000.0,19000.0,0.0,23.892724114199172,16.5,19.0,0.0,10000.0,37063.80498738777,25000.0,0.0,25.218672114902517,17.0,20.0,0.0,122.0,10.197133073238271,9.0,11.0,1.0,15329.79443616842,10000.0,19000.0,1.0,16.5,17.59829686798108,19.0,1.0,22324.080277221965,10000.0,25000.0,1.0,18.911195418245597,17.0,20.0,1.0,0.0,211.0,1.0,23.0
11.0,21.0,11.0,22.0,-121.0,21.0,13.0,-111.0,10.19038083481657,9.0,11.0,30000.0,10000.0,19000.0,0.0,26.851047277647098,16.5,19.0,0.0,10000.0,36949.409711595115,25000.0,0.0,28.165899231697253,17.0,20.0,0.0,122.0,10.234129650553852,9.0,11.0,1.0,15026.76659897877,10000.0,19000.0,1.0,16.5,17.5891044125918,19.0,1.0,22076.181484821238,10000.0,25000.0,1.0,18.922877685751242,17.0,20.0,1.0,0.0,211.0,1.0,52.0
11.0,22.0,11.0,22.0,-121.0,11.0,11.0,-111.0,10.01004597795539,9.0,11.0,30000.0,10000.0,19000.0,0.0,24.104441709727855,16.5,19.0,0.0,10000.0,36594.81223884111,25000.0,0.0,25.420550485934214,17.0,20.0,0.0,121.0,10.001125037408746,9.0,11.0,1.0,16702.261402198794,10000.0,19000.0,1.0,16.5,17.877490411041926,19.0,1.0,23193.557812328774,10000.0,25000.0,1.0,19.172940814316817,17.0,20.0,1.0,0.0,111.0,1.0,38.0
11.0,22.0,11.0,22.0,-121.0,21.0,12.0,-111.0,9.991288590340881,9.0,11.0,30000.0,10000.0,19000.0,0.0,24.26699280373287,16.5,19.0,0.0,10000.0,36448.53352371613,25000.0,0.0,25.562751359501064,17.0,20.0,0.0,121.0,9.981194502597782,9.0,11.0,1.0,14488.12799042712,10000.0,19000.0,1.0,16.5,17.441755586982215,19.0,1.0,21032.568678026768,10000.0,25000.0,1.0,18.756785582947547,17.0,20.0,1.0,0.0,211.0,1.0,25.0
11.0,22.0,11.0,21.0,-121.0,11.0,11.0,-111.0,9.981193919003339,9.0,11.0,30000.0,10000.0,19000.0,0.0,23.54929600882891,16.5,19.0,0.0,10000.0,36493.585135279485,25000.0,0.0,24.8460337247634,17.0,20.0,0.0,121.0,10.01373945609666,9.0,11.0,1.0,10557.974047622904,10000.0,19000.0,1.0,16.5,16.594121575121825,19.0,1.0,16993.745621672348,10000.0,25000.0,1.0,17.879314200974694,17.0,20.0,1.0,0.0,111.0,1.0,0.0
11.0,22.0,11.0,22.0,-121.0,11.0,11.0,-111.0,10.000775918096695,9.0,11.0,30000.0,10000.0,19000.0,0.0,24.095295287985298,16.5,19.0,0.0,10000.0,36472.527343960035,25000.0,0.0,25.38681652360839,17.0,20.0,0.0,121.0,9.994479605213163,9.0,11.0,1.0,18277.668932060016,10000.0,19000.0,1.0,16.5,18.21525702919251,19.0,1.0,24764.80160827264,10000.0,25000.0,1.0,19.50969259730972,17.0,20.0,1.0,0.0,111.0,1.0,57.0
11.0,22.0,11.0,22.0,-121.0,11.0,12.0,-111.0,10.19484309395323,9.0,11.0,30000.0,10000.0,19000.0,0.0,23.436440033081112,16.5,19.0,0.0,10000.0,37009.132232294476,25000.0,0.0,24.763414510466752,17.0,20.0,0.0,122.0,10.194944860766554,9.0,11.0,1.0,15937.62646018088,10000.0,19000.0,1.0,16.5,17.791632777238885,19.0,1.0,22895.775416489203,10000.0,25000.0,1.0,19.10895506034926,17.0,20.0,1.0,0.0,111.0,1.0,49.0
11.0,22.0,11.0,21.0,-121.0,11.0,11.0,-111.0,9.999734042622984,9.0,11.0,30000.0,10000.0,19000.0,0.0,24.866195682410336,16.5,19.0,0.0,10000.0,36482.44436754347,25000.0,0.0,26.159280748230614,17.0,20.0,0.0,121.0,10.004339864715817,9.0,11.0,1.0,12974.452316763705,10000.0,19000.0,1.0,16.5,17.09690022339163,19.0,1.0,19449.14813709013,10000.0,25000.0,1.0,18.388439648382604,17.0,20.0,1.0,0.0,111.0,1.0,12.0
81.0,23.0,81.0,23.0,-721.0,912.0,12.0,-711.0,15.073186406681097,12.0,17.0,30000.0,12500.0,23000.0,0.0,25.3388194051089,20.0,24.0,0.0,12500.0,33951.32510309593,26000.0,0.0,25.819962113484134,20.0,25.0,0.0,722.0,15.234865697044237,12.0,17.0,1.0,17316.901847307672,12500.0,23000.0,1.0,20.0,21.92054988534004,24.0,1.0,21296.41117432687,12500.0,26000.0,1.0,22.40512451426802,20.0,25.0,1.0,0.0,912.0,7.0,10.0
11.0,22.0,11.0,22.0,-121.0,21.0,13.0,-111.0,10.00413283340266,9.0,11.0,30000.0,10000.0,19000.0,0.0,25.621660788538566,16.5,19.0,0.0,10000.0,36480.19662087569,25000.0,0.0,26.93100241406882,17.0,20.0,0.0,121.0,10.006414193223947,9.0,11.0,1.0,12932.907994564555,10000.0,19000.0,1.0,16.5,17.211817417733982,19.0,1.0,19325.846548291403,10000.0,25000.0,1.0,18.503528309790312,17.0,20.0,1.0,0.0,211.0,1.0,13.0
11.0,22.0,11.0,21.0,-121.0,21.0,13.0,-111.0,10.220539927973258,9.0,11.0,30000.0,10000.0,19000.0,0.0,26.208224945467926,16.5,19.0,0.0,10000.0,37146.65668338184,25000.0,0.0,27.55791769565871,17.0,20.0,0.0,122.0,10.201443056846385,9.0,11.0,1.0,11463.233698018897,10000.0,19000.0,1.0,16.5,16.83794381677589,19.0,1.0,18424.023557912882,10000.0,25000.0,1.0,18.15253440447636,17.0,20.0,1.0,0.0,211.0,1.0,2.0
11.0,22.0,11.0,22.0,-121.0,21.0,12.0,-111.0,10.196356967616232,9.0,11.0,30000.0,10000.0,19000.0,0.0,24.472398823321726,16.5,19.0,0.0,10000.0,37004.8414856318,25000.0,0.0,25.792467847792526,17.0,20.0,0.0,122.0,10.211886127275484,9.0,11.0,1.0,14908.19781856318,10000.0,19000.0,1.0,16.5,17.569967208229333,19.0,1.0,21932.294130280992,10000.0,25000.0,1.0,18.893664822945873,17.0,20.0,1.0,0.0,211.0,1.0,48.0
11.0,22.0,11.0,22.0,-121.0,21.0,13.0,-111.0,10.203303892866924,9.0,11.0,30000.0,10000.0,19000.0,0.0,24.728920283422312,16.5,19.0,0.0,10000.0,36982.86619380303,25000.0,0.0,26.04841889191792,17.0,20.0,0.0,122.0,10.228245593098261,9.0,11.0,1.0,14215.796618302678,10000.0,19000.0,1.0,16.5,17.438332810371353,19.0,1.0,21193.649961227486,10000.0,25000.0,1.0,18.75688417892639,17.0,20.0,1.0,0.0,211.0,1.0,36.0
11.0,22.0,11.0,22.0,-121.0,11.0,11.0,-111.0,10.007948123817684,9.0,11.0,30000.0,10000.0,19000.0,0.0,24.55519491111304,16.5,19.0,0.0,10000.0,36450.10950093328,25000.0,0.0,25.851143800758596,17.0,20.0,0.0,121.0,9.9975099221967,9.0,11.0,1.0,20155.43834595794,10000.0,19000.0,0.0,16.5,18.58855732739427,19.0,1.0,26659.43906215469,10000.0,25000.0,0.0,19.895333980595193,17.0,20.0,1.0,0.0,111.0,1.0,57.0
11.0,22.0,11.0,22.0,-121.0,21.0,12.0,-111.0,10.181511835712096,9.0,11.0,30000.0,10000.0,19000.0,0.0,24.1386487176402,16.5,19.0,0.0,10000.0,37018.4094899061,25000.0,0.0,25.464785663420873,17.0,20.0,0.0,122.0,10.215719342050393,9.0,11.0,1.0,16741.14642489132,10000.0,19000.0,1.0,16.5,17.892350889015578,19.0,1.0,23647.533643532202,10000.0,25000.0,1.0,19.19732109140678,17.0,20.0,1.0,0.0,211.0,1.0,48.0
11.0,22.0,11.0,21.0,-121.0,11.0,11.0,-111.0,10.210829848286325,9.0,11.0,30000.0,10000.0,19000.0,0.0,23.682629261724298,16.5,19.0,0.0,10000.0,37091.20086210883,25000.0,0.0,25.018002406666852,17.0,20.0,0.0,122.0,10.189503921996662,9.0,11.0,1.0,15236.583149043003,10000.0,19000.0,1.0,16.5,17.500082454815956,19.0,1.0,22316.300307654816,10000.0,25000.0,1.0,18.833293056410408,17.0,20.0,1.0,0.0,111.0,1.0,0.0
11.0,22.0,11.0,22.0,-121.0,11.0,11.0,-111.0,10.211810983389567,9.0,11.0,30000.0,10000.0,19000.0,0.0,24.878011749200702,16.5,19.0,0.0,10000.0,36941.975750281854,25000.0,0.0,26.192537687246958,17.0,20.0,0.0,122.0,10.173970058598066,9.0,11.0,1.0,17640.67901877675,10000.0,19000.0,1.0,16.5,18.043850006002796,19.0,1.0,24502.95725630892,10000.0,25000.0,1.0,19.34328449869173,17.0,20.0,1.0,0.0,111.0,1.0,17.0
91.0,21.0,91.0,24.0,-721.0,911.0,12.0,-711.0,15.19017481416904,12.0,17.0,30000.0,18000.0,36000.0,1.0,25.518451708961813,20.0,25.0,0.0,18000.0,34032.53863726126,36000.0,1.0,26.01013112398317,20.0,26.0,0.0,722.0,15.037189115755362,12.0,17.0,1.0,26991.73103573955,18000.0,36000.0,1.0,20.0,23.352736832662135,25.0,1.0,31014.62840550483,18000.0,36000.0,1.0,23.843240707114905,20.0,26.0,1.0,0.0,91121.0,7.0,26.0
11.0,22.0,11.0,22.0,-121.0,11.0,11.0,-111.0,9.992709455490466,9.0,11.0,30000.0,10000.0,19000.0,0.0,24.127718070943217,16.5,19.0,0.0,10000.0,36459.65429210615,25000.0,0.0,25.420240979564316,17.0,20.0,0.0,121.0,9.998144418496848,9.0,11.0,1.0,14073.998542241083,10000.0,19000.0,1.0,16.5,17.32503565151883,19.0,1.0,20591.00204472383,10000.0,25000.0,1.0,18.629033658473546,17.0,20.0,1.0,0.0,111.0,1.0,44.0
81.0,23.0,81.0,21.0,-721.0,912.0,12.0,-711.0,15.429186411253959,12.0,17.0,30000.0,12500.0,23000.0,0.0,28.28994042618696,20.0,24.0,0.0,12500.0,34057.21240171872,26000.0,0.0,28.78660751300057,20.0,25.0,0.0,722.0,15.238487394570322,12.0,17.0,1.0,14386.390906335933,12500.0,23000.0,1.0,20.0,21.42131467295195,24.0,1.0,18461.212479261623,12500.0,26000.0,1.0,21.920137401348647,20.0,25.0,1.0,0.0,912.0,7.0,11.0
11.0,21.0,11.0,22.0,-121.0,11.0,11.0,-111.0,10.01239884700893,9.0,11.0,30000.0,10000.0,19000.0,0.0,24.613620708925342,16.5,19.0,0.0,10000.0,36561.1588872314,25000.0,0.0,25.92962648514876,17.0,20.0,0.0,121.0,10.000082687506989,9.0,11.0,1.0,18257.413783484753,10000.0,19000.0,1.0,16.5,18.19333982369578,19.0,1.0,24724.531831764947,10000.0,25000.0,1.0,19.490483339549076,17.0,20.0,1.0,0.0,111.0,1.0,29.0
11.0,22.0,11.0,21.0,-121.0,11.0,11.0,-111.0,9.986301959880906,9.0,11.0,30000.0,10000.0,19000.0,0.0,24.27656569464667,16.5,19.0,0.0,10000.0,36541.34487473485,25000.0,0.0,25.586126722193494,17.0,20.0,0.0,121.0,10.006060979038635,9.0,11.0,1.0,13482.895291216588,10000.0,19000.0,1.0,16.5,17.17033115026877,19.0,1.0,19943.823338912604,10000.0,25000.0,1.0,18.463792928400416,17.0,20.0,1.0,0.0,111.0,1.0,1.0
91.0,24.0,91.0,21.0,-721.0,911.0,12.0,-711.0,15.549200548448498,12.0,17.0,30000.0,18000.0,36000.0,1.0,25.011212735906717,20.0,25.0,0.0,18000.0,34443.39783539488,36000.0,1.0,25.567167762842548,20.0,26.0,1.0,721.0,14.877073237489869,12.0,17.0,1.0,24121.75559832153,18000.0,36000.0,1.0,20.0,22.846456990688754,25.0,1.0,28638.52861986486,18000.0,36000.0,1.0,23.41159267285798,20.0,26.0,1.0,0.0,91121.0,7.0,14.0
11.0,21.0,11.0,22.0,-121.0,21.0,13.0,-111.0,10.198960161306529,9.0,11.0,30000.0,10000.0,19000.0,0.0,27.556265716094252,16.5,19.0,0.0,10000.0,37197.23414452424,25000.0,0.0,28.915881905819965,17.0,20.0,0.0,122.0,10.205368970604518,9.0,11.0,1.0,12312.018489271426,10000.0,19000.0,1.0,16.5,17.053060951215212,19.0,1.0,19322.58502642679,10000.0,25000.0,1.0,18.377414108506557,17.0,20.0,1.0,0.0,211.0,1.0,9.0
91.0,24.0,91.0,21.0,-721.0,911.0,11.0,-711.0,15.212056623920038,12.0,17.0,30000.0,18000.0,36000.0,1.0,23.957119649029302,20.0,25.0,1.0,18000.0,33968.9332786249,36000.0,1.0,24.440053962806836,20.0,26.0,1.0,722.0,15.101423567722401,12.0,17.0,1.0,23082.69467356236,18000.0,36000.0,1.0,20.0,22.84450322200187,25.0,1.0,27034.28495865268,18000.0,36000.0,1.0,23.325327264305052,20.0,26.0,1.0,1.0,91121.0,7.0,2.0
91.0,21.0,91.0,24.0,-721.0,911.0,12.0,-711.0,14.915633804788461,12.0,17.0,30000.0,18000.0,36000.0,1.0,25.374600185177577,20.0,25.0,0.0,18000.0,34568.36450739801,36000.0,1.0,25.94632394063475,20.0,26.0,1.0,721.0,14.266807920633138,12.0,17.0,1.0,24009.943313821113,18000.0,36000.0,1.0,20.0,22.2907490144524,25.0,1.0,28480.071439399202,18000.0,36000.0,1.0,22.85017863859722,20.0,26.0,1.0,0.0,91121.0,7.0,19.0
91.0,24.0,91.0,24.0,-721.0,911.0,12.0,-711.0,14.986240022077887,12.0,17.0,30000.0,18000.0,36000.0,1.0,24.386857351740538,20.0,25.0,1.0,18000.0,33925.51828983164,36000.0,1.0,24.863935364258747,20.0,26.0,1.0,722.0,15.348275685332199,12.0,17.0,1.0,24231.140270222597,18000.0,36000.0,1.0,20.0,23.318100145961566,25.0,1.0,28278.98120590877,18000.0,36000.0,1.0,23.810044334220546,20.0,26.0,1.0,1.0,91121.0,7.0,8.0
11.0,22.0,11.0,22.0,-121.0,11.0,12.0,-111.0,10.198303761608495,9.0,11.0,30000.0,10000.0,19000.0,0.0,24.385219899830737,16.5,19.0,0.0,10000.0,36847.084019053786,25000.0,0.0,25.683602320943876,17.0,20.0,0.0,122.0,10.209396618355129,9.0,11.0,1.0,16525.95903084771,10000.0,19000.0,1.0,16.5,17.869739499630697,19.0,1.0,23481.224769096094,10000.0,25000.0,1.0,19.188635944245988,17.0,20.0,1.0,0.0,111.0,1.0,42.0
11.0,22.0,11.0,22.0,-121.0,21.0,13.0,-111.0,10.219724015656672,9.0,11.0,30000.0,10000.0,19000.0,0.0,26.211459577980897,16.5,19.0,0.0,10000.0,37002.147956023946,25000.0,0.0,27.535964018039216,17.0,20.0,0.0,122.0,10.19779168086485,9.0,11.0,1.0,14459.77861797952,10000.0,19000.0,1.0,16.5,17.468772194374143,19.0,1.0,21683.276632018613,10000.0,25000.0,1.0,18.835146520143176,17.0,20.0,1.0,0.0,211.0,1.0,22.0
91.0,24.0,91.0,24.0,-721.0,911.0,11.0,-711.0,15.271283865568037,12.0,17.0,30000.0,18000.0,36000.0,1.0,25.04160450584704,20.0,25.0,0.0,18000.0,34058.224139355276,36000.0,1.0,25.537949879477726,20.0,26.0,1.0,722.0,15.08372200064605,12.0,17.0,1.0,25440.372551950397,18000.0,36000.0,1.0,20.0,23.202489694388255,25.0,1.0,29336.110891000688,18000.0,36000.0,1.0,23.678962071236935,20.0,26.0,1.0,0.0,91121.0,7.0,4.0
11.0,21.0,11.0,22.0,-121.0,21.0,12.0,-111.0,10.01419998625569,9.0,11.0,30000.0,10000.0,19000.0,0.0,26.127655602839223,16.5,19.0,0.0,10000.0,36466.648993449315,25000.0,0.0,27.425381920491606,17.0,20.0,0.0,121.0,9.99535750609848,9.0,11.0,1.0,14290.749471484536,10000.0,19000.0,1.0,16.5,17.373642882081825,19.0,1.0,20744.665299919703,10000.0,25000.0,1.0,18.66881390975904,17.0,20.0,1.0,0.0,211.0,1.0,37.0
81.0,23.0,81.0,23.0,-721.0,912.0,11.0,-711.0,15.30491081639055,12.0,17.0,30000.0,12500.0,23000.0,0.0,27.623623006450693,20.0,24.0,0.0,12500.0,33975.23227349501,26000.0,0.0,28.107933338577073,20.0,25.0,0.0,722.0,15.378481806477525,12.0,17.0,1.0,17221.57250080297,12500.0,23000.0,1.0,20.0,22.039157631331115,24.0,1.0,21245.1399325471,12500.0,26000.0,1.0,22.529356730436245,20.0,25.0,1.0,0.0,912.0,7.0,17.0
11.0,22.0,11.0,21.0,-121.0,11.0,11.0,-111.0,10.209401705866501,9.0,11.0,30000.0,10000.0,19000.0,0.0,25.815899574533972,16.5,19.0,0.0,10000.0,37249.65227655745,25000.0,0.0,27.18596822978189,17.0,20.0,0.0,122.0,10.20351868232346,9.0,11.0,1.0,14345.870615681039,10000.0,19000.0,1.0,16.5,17.382315104013216,19.0,1.0,21285.520737603096,10000.0,25000.0,1.0,18.693798296272977,17.0,20.0,1.0,0.0,111.0,1.0,26.0
81.0,23.0,81.0,23.0,-721.0,912.0,12.0,-711.0,15.208672835699671,12.0,17.0,30000.0,12500.0,23000.0,0.0,25.00846881245443,20.0,24.0,0.0,12500.0,34493.32950000333,26000.0,0.0,25.573233754777856,20.0,25.0,0.0,721.0,15.43459448804055,12.0,17.0,1.0,18559.76376402994,12500.0,23000.0,1.0,20.0,22.336561545922095,24.0,1.0,23018.006540201226,12500.0,26000.0,1.0,22.896916450752986,20.0,25.0,1.0,0.0,912.0,7.0,10.0
11.0,21.0,11.0,22.0,-121.0,21.0,13.0,-111.0,10.20324650010017,9.0,11.0,30000.0,10000.0,19000.0,0.0,27.250167964916685,16.5,19.0,0.0,10000.0,37012.36897487582,25000.0,0.0,28.56518802123931,17.0,20.0,0.0,122.0,10.184913863579203,9.0,11.0,1.0,14516.71481335607,10000.0,19000.0,1.0,16.5,17.42609554152302,19.0,1.0,21607.072704514692,10000.0,25000.0,1.0,18.75574075368816,17.0,20.0,1.0,0.0,211.0,1.0,32.0
91.0,24.0,91.0,24.0,-721.0,911.0,12.0,-711.0,14.409183383787186,12.0,17.0,30000.0,18000.0,36000.0,1.0,23.342405643865554,20.0,25.0,1.0,18000.0,34485.463252609545,36000.0,1.0,23.903895447784116,20.0,26.0,1.0,721.0,15.165647503624458,12.0,17.0,1.0,29428.010841269155,18000.0,36000.0,1.0,20.0,23.95948567391457,25.0,1.0,33957.81336166674,18000.0,36000.0,1.0,24.526525862570253,20.0,26.0,1.0,1.0,91121.0,7.0,24.0
91.0,24.0,91.0,24.0,-721.0,911.0,12.0,-711.0,14.978554060652645,12.0,17.0,30000.0,18000.0,36000.0,1.0,24.586392844566397,20.0,25.0,1.0,18000.0,34498.26458407252,36000.0,1.0,25.149617519924362,20.0,26.0,1.0,721.0,15.07890469966107,12.0,17.0,1.0,30346.34802670605,18000.0,36000.0,1.0,20.0,24.025761700362175,25.0,1.0,34785.73612553875,18000.0,36000.0,1.0,24.58161449070412,20.0,26.0,1.0,1.0,91121.0,7.0,8.0
91.0,21.0,91.0,24.0,-721.0,911.0,12.0,-711.0,15.306027359951734,12.0,17.0,30000.0,18000.0,36000.0,1.0,25.441487842569654,20.0,25.0,0.0,18000.0,34596.07454343849,36000.0,1.0,26.01668675925387,20.0,26.0,0.0,721.0,14.659773273005994,12.0,17.0,1.0,28635.665384500622,18000.0,36000.0,1.0,20.0,23.26380305024142,25.0,1.0,33072.19279353209,18000.0,36000.0,1.0,23.819034636543233,20.0,26.0,1.0,0.0,91121.0,7.0,26.0
91.0,24.0,91.0,21.0,-721.0,911.0,12.0,-711.0,14.857100641715641,12.0,17.0,30000.0,18000.0,36000.0,1.0,24.57112271688702,20.0,25.0,1.0,18000.0,34008.34175757083,36000.0,1.0,25.06005774922382,20.0,26.0,1.0,722.0,15.137741798818887,12.0,17.0,1.0,26774.448891591575,18000.0,36000.0,1.0,20.0,23.313826297828548,25.0,1.0,30747.093610424705,18000.0,36000.0,1.0,23.798407027602053,20.0,26.0,1.0,1.0,91121.0,7.0,29.0
91.0,24.0,91.0,21.0,-721.0,911.0,12.0,-711.0,15.327467135339047,12.0,17.0,30000.0,18000.0,36000.0,1.0,24.573035311477028,20.0,25.0,1.0,18000.0,34009.01323805901,36000.0,1.0,25.063946022963663,20.0,26.0,1.0,722.0,15.294484749039007,12.0,17.0,1.0,24717.732628131842,18000.0,36000.0,1.0,20.0,23.231002254523013,25.0,1.0,28697.432006300878,18000.0,36000.0,1.0,23.718323432386164,20.0,26.0,1.0,1.0,91121.0,7.0,29.0
11.0,22.0,11.0,22.0,-121.0,21.0,13.0,-111.0,9.997067202268527,9.0,11.0,30000.0,10000.0,19000.0,0.0,26.03081618026613,16.5,19.0,0.0,10000.0,36437.541511319185,25000.0,0.0,27.314496563572117,17.0,20.0,0.0,121.0,10.011911118124717,9.0,11.0,1.0,14710.514700269207,10000.0,19000.0,1.0,16.5,17.508774815321747,19.0,1.0,21243.74133817906,10000.0,25000.0,1.0,18.81153532723935,17.0,20.0,1.0,0.0,211.0,1.0,19.0
11.0,22.0,11.0,22.0,-121.0,11.0,11.0,-111.0,10.191070199822693,9.0,11.0,30000.0,10000.0,19000.0,0.0,26.23997959182107,16.5,19.0,0.0,10000.0,36926.94837757482,25000.0,0.0,27.544002375558126,17.0,20.0,0.0,122.0,10.2309977953212,9.0,11.0,1.0,15663.24785140294,10000.0,19000.0,1.0,16.5,17.69325359846632,19.0,1.0,22644.433029698637,10000.0,25000.0,1.0,19.007486653740266,17.0,20.0,1.0,0.0,111.0,1.0,55.0
11.0,22.0,11.0,22.0,-121.0,21.0,13.0,-111.0,10.229633410749386,9.0,11.0,30000.0,10000.0,19000.0,0.0,27.716256449545945,16.5,19.0,0.0,10000.0,37030.950778527054,25000.0,0.0,29.049354826360275,17.0,20.0,0.0,122.0,10.196256089883327,9.0,11.0,1.0,13846.001834160827,10000.0,19000.0,1.0,16.5,17.338122999133986,19.0,1.0,20911.891533260477,10000.0,25000.0,1.0,18.67784594491063,17.0,20.0,1.0,0.0,211.0,1.0,4.0
11.0,22.0,11.0,22.0,-121.0,11.0,11.0,-111.0,10.22251245298125,9.0,11.0,30000.0,10000.0,19000.0,0.0,23.742940118341018,16.5,19.0,0.0,10000.0,37053.38175627034,25000.0,0.0,25.073075675588903,17.0,20.0,0.0,122.0,10.199327438751443,9.0,11.0,1.0,16467.6462044906,10000.0,19000.0,1.0,16.5,17.813590191002056,19.0,1.0,23565.062131016304,10000.0,25000.0,1.0,19.15202976717512,17.0,20.0,1.0,0.0,111.0,1.0,27.0
11.0,21.0,11.0,22.0,-121.0,21.0,12.0,-111.0,10.212954130415758,9.0,11.0,30000.0,10000.0,19000.0,0.0,24.870919574617155,16.5,19.0,0.0,10000.0,36901.92742476515,25000.0,0.0,26.173062830067526,17.0,20.0,0.0,122.0,10.196550546305959,9.0,11.0,1.0,15297.84211678369,10000.0,19000.0,1.0,16.5,17.60100946998331,19.0,1.0,22168.79483685248,10000.0,25000.0,1.0,18.897308922633727,17.0,20.0,1.0,0.0,211.0,1.0,37.0
81.0,23.0,81.0,23.0,-721.0,912.0,12.0,-711.0,14.791582276117351,12.0,17.0,30000.0,12500.0,23000.0,0.0,25.772234179371125,20.0,24.0,0.0,12500.0,34425.33089231145,26000.0,0.0,26.3277525678963,20.0,25.0,0.0,721.0,14.780393100257765,12.0,17.0,1.0,18130.446243902526,12500.0,23000.0,1.0,20.0,21.647278338065256,24.0,1.0,22604.629521020594,12500.0,26000.0,1.0,22.208929239332143,20.0,25.0,1.0,0.0,912.0,7.0,10.0
91.0,24.0,91.0,24.0,-721.0,911.0,11.0,-711.0,15.298683713489211,12.0,17.0,30000.0,18000.0,36000.0,1.0,23.817681175970833,20.0,25.0,1.0,18000.0,33982.983075569246,36000.0,1.0,24.303904884356914,20.0,26.0,1.0,722.0,15.133444546306364,12.0,17.0,1.0,28323.98053399366,18000.0,36000.0,1.0,20.0,23.613815980986594,25.0,1.0,32362.676944455463,18000.0,36000.0,1.0,24.106840909409026,20.0,26.0,1.0,1.0,91121.0,7.0,16.0
11.0,21.0,11.0,21.0,-121.0,21.0,13.0,-111.0,10.184737400892718,9.0,11.0,30000.0,10000.0,19000.0,0.0,28.170043980314183,16.5,19.0,0.0,10000.0,36836.58183015102,25000.0,0.0,29.46045535497421,17.0,20.0,0.0,122.0,10.191849152479607,9.0,11.0,1.0,12814.38361082717,10000.0,19000.0,1.0,16.5,17.099591327546122,19.0,1.0,19806.39954164353,10000.0,25000.0,1.0,18.419341037721132,17.0,20.0,1.0,0.0,211.0,1.0,34.0
11.0,21.0,11.0,21.0,-121.0,21.0,12.0,-111.0,9.989942075570031,9.0,11.0,30000.0,10000.0,19000.0,0.0,24.91274221555121,16.5,19.0,0.0,10000.0,36423.47104865484,25000.0,0.0,26.1975146919821,17.0,20.0,0.0,121.0,9.996248088875133,9.0,11.0,1.0,15908.073409185998,10000.0,19000.0,1.0,16.5,17.658852780646576,19.0,1.0,22420.952401232025,10000.0,25000.0,1.0,18.961507935145637,17.0,20.0,1.0,0.0,211.0,1.0,6.0
11.0,21.0,11.0,22.0,-121.0,21.0,13.0,-111.0,10.169925364083388,9.0,11.0,30000.0,10000.0,19000.0,0.0,28.614688385329657,16.5,19.0,0.0,10000.0,36862.82091715744,25000.0,0.0,29.90259418880022,17.0,20.0,0.0,122.0,10.222092636663398,9.0,11.0,1.0,13958.29298124546,10000.0,19000.0,1.0,16.5,17.38739922912562,19.0,1.0,20940.20816211232,10000.0,25000.0,1.0,18.69765476242928,17.0,20.0,1.0,0.0,211.0,1.0,32.0
91.0,24.0,91.0,24.0,-721.0,911.0,11.0,-711.0,15.188288749718328,12.0,17.0,30000.0,18000.0,36000.0,1.0,24.541314578378852,20.0,25.0,1.0,18000.0,34012.15246865541,36000.0,1.0,25.028890109161246,20.0,26.0,1.0,722.0,15.1394330701579,12.0,17.0,1.0,27059.143928923007,18000.0,36000.0,1.0,20.0,23.447692363220774,25.0,1.0,31108.856678252996,18000.0,36000.0,1.0,23.939832394961027,20.0,26.0,1.0,1.0,91121.0,7.0,9.0
11.0,22.0,11.0,22.0,-121.0,21.0,13.0,-111.0,10.006449570661717,9.0,11.0,30000.0,10000.0,19000.0,0.0,27.35087669504877,16.5,19.0,0.0,10000.0,36508.49143108032,25000.0,0.0,28.653738118275687,17.0,20.0,0.0,121.0,10.006470512431774,9.0,11.0,1.0,11412.00306329942,10000.0,19000.0,1.0,16.5,16.86657747859599,19.0,1.0,17988.07632917039,10000.0,25000.0,1.0,18.182967346377534,17.0,20.0,1.0,0.0,211.0,1.0,3.0
11.0,21.0,11.0,21.0,-121.0,11.0,11.0,-111.0,10.180509092582064,9.0,11.0,30000.0,10000.0,19000.0,0.0,24.634752660309793,16.5,19.0,0.0,10000.0,36945.75794231405,25000.0,0.0,25.952507904771874,17.0,20.0,0.0,122.0,10.177243137862531,9.0,11.0,1.0,14194.032737181782,10000.0,19000.0,1.0,16.5,17.351519860949523,19.0,1.0,21204.595806680663,10000.0,25000.0,1.0,18.6815699905667,17.0,20.0,1.0,0.0,111.0,1.0,56.0
81.0,23.0,81.0,21.0,-721.0,912.0,11.0,-711.0,15.270632489985474,12.0,17.0,30000.0,12500.0,23000.0,0.0,27.71321592037895,20.0,24.0,0.0,12500.0,33984.763309808295,26000.0,0.0,28.198968145083352,20.0,25.0,0.0,722.0,15.144003897545943,12.0,17.0,1.0,15512.69598439599,12500.0,23000.0,1.0,20.0,21.50503690095499,24.0,1.0,19478.520320216783,12500.0,26000.0,1.0,21.988480419211157,20.0,25.0,1.0,0.0,912.0,7.0,12.0
91.0,24.0,91.0,21.0,-721.0,911.0,11.0,-711.0,14.821541907757046,12.0,17.0,30000.0,18000.0,36000.0,1.0,23.847974695926766,20.0,25.0,1.0,18000.0,34530.77110046605,36000.0,1.0,24.414926850143775,20.0,26.0,1.0,721.0,14.214126244920438,12.0,17.0,1.0,23724.083711876083,18000.0,36000.0,1.0,20.0,22.156477800580674,25.0,1.0,28261.504468286847,18000.0,36000.0,1.0,22.724262050853536,20.0,26.0,1.0,1.0,91121.0,7.0,3.0
11.0,21.0,11.0,21.0,-121.0,21.0,12.0,-111.0,10.007715636732323,9.0,11.0,30000.0,10000.0,19000.0,0.0,25.316032200450252,16.5,19.0,0.0,10000.0,36458.27044767597,25000.0,0.0,26.60992158827234,17.0,20.0,0.0,121.0,10.003617731077885,9.0,11.0,1.0,13250.469550156835,10000.0,19000.0,1.0,16.5,17.129422341240492,19.0,1.0,19643.15487066436,10000.0,25000.0,1.0,18.41017200369342,17.0,20.0,1.0,0.0,211.0,1.0,6.0
11.0,21.0,11.0,22.0,-121.0,11.0,11.0,-111.0,10.210999370001842,9.0,11.0,30000.0,10000.0,19000.0,0.0,26.798695392692885,16.5,19.0,0.0,10000.0,36881.82077428542,25000.0,0.0,28.09670840853324,17.0,20.0,0.0,122.0,10.19750791794945,9.0,11.0,1.0,16400.63330236185,10000.0,19000.0,1.0,16.5,17.808134853103507,19.0,1.0,23472.581345773022,10000.0,25000.0,1.0,19.14200867934357,17.0,20.0,1.0,0.0,111.0,1.0,29.0
81.0,23.0,81.0,23.0,-721.0,912.0,12.0,-711.0,15.796617224251534,12.0,17.0,30000.0,12500.0,23000.0,0.0,26.89720005209861,20.0,24.0,0.0,12500.0,34534.639175418495,26000.0,0.0,27.461079934309097,20.0,25.0,0.0,721.0,14.678526542418593,12.0,17.0,1.0,17969.37941359679,12500.0,23000.0,1.0,20.0,21.421832311395445,24.0,1.0,22447.491690775085,12500.0,26000.0,1.0,21.978683104964393,20.0,25.0,1.0,0.0,912.0,7.0,31.0
11.0,22.0,11.0,21.0,-121.0,11.0,11.0,-111.0,10.185837131230219,9.0,11.0,30000.0,10000.0,19000.0,0.0,25.323849886378824,16.5,19.0,0.0,10000.0,37006.122036764646,25000.0,0.0,26.646911707143268,17.0,20.0,0.0,122.0,10.187767448473712,9.0,11.0,1.0,10800.3885071481,10000.0,19000.0,1.0,16.5,16.722188179707622,19.0,1.0,17818.915820095306,10000.0,25000.0,1.0,18.047592658394244,17.0,20.0,1.0,0.0,111.0,1.0,54.0
91.0,24.0,91.0,24.0,-721.0,911.0,12.0,-711.0,15.298171695998,12.0,17.0,30000.0,18000.0,36000.0,1.0,24.08454169203103,20.0,25.0,1.0,18000.0,33939.441546063055,36000.0,1.0,24.561423042035557,20.0,26.0,1.0,722.0,15.3828643598864,12.0,17.0,1.0,25190.2209707299,18000.0,36000.0,1.0,20.0,23.348863813774724,25.0,1.0,29179.290327298888,18000.0,36000.0,1.0,23.831752760793982,20.0,26.0,1.0,1.0,91121.0,7.0,27.0
11.0,22.0,11.0,22.0,-121.0,11.0,11.0,-111.0,10.213232899546751,9.0,11.0,30000.0,10000.0,19000.0,0.0,24.301539309049616,16.5,19.0,0.0,10000.0,37103.42474178374,25000.0,0.0,25.643057395441236,17.0,20.0,0.0,122.0,10.21328047332068,9.0,11.0,1.0,14707.992073602518,10000.0,19000.0,1.0,16.5,17.495375513904705,19.0,1.0,21764.114311917714,10000.0,25000.0,1.0,18.82796028063132,17.0,20.0,1.0,0.0,111.0,1.0,44.0
11.0,22.0,11.0,22.0,-121.0,21.0,13.0,-111.0,10.20935059132961,9.0,11.0,30000.0,10000.0,19000.0,0.0,26.021244896726095,16.5,19.0,0.0,10000.0,36818.65947243556,25000.0,0.0,27.300768589270618,17.0,20.0,0.0,122.0,10.175854397342931,9.0,11.0,1.0,14194.59266738822,10000.0,19000.0,1.0,16.5,17.360412549726753,19.0,1.0,21152.916847091175,10000.0,25000.0,1.0,18.666144370523366,17.0,20.0,1.0,0.0,211.0,1.0,3.0
11.0,22.0,11.0,22.0,-121.0,11.0,11.0,-111.0,10.001218637035153,9.0,11.0,30000.0,10000.0,19000.0,0.0,23.419085042516684,16.5,19.0,0.0,10000.0,36555.11181360811,25000.0,0.0,24.729150841695855,17.0,20.0,0.0,121.0,9.994264376970984,9.0,11.0,1.0,12548.836570347836,10000.0,19000.0,1.0,16.5,17.028166599117142,19.0,1.0,19086.6513319749,10000.0,25000.0,1.0,18.33477551199577,17.0,20.0,1.0,0.0,111.0,1.0,27.0
11.0,22.0,11.0,22.0,-121.0,21.0,13.0,-111.0,9.990674369756727,9.0,11.0,30000.0,10000.0,19000.0,0.0,25.439953953631836,16.5,19.0,0.0,10000.0,36496.79876576941,25000.0,0.0,26.733723914765715,17.0,20.0,0.0,121.0,9.984834685234544,9.0,11.0,1.0,13356.031603201012,10000.0,19000.0,1.0,16.5,17.204972583843848,19.0,1.0,19823.4688571607,10000.0,25000.0,1.0,18.492895505018133,17.0,20.0,1.0,0.0,211.0,1.0,3.0
81.0,23.0,81.0,23.0,-721.0,912.0,12.0,-711.0,14.69849467231431,12.0,17.0,30000.0,12500.0,23000.0,0.0,25.3301712354188,20.0,24.0,0.0,12500.0,34509.102087259605,26000.0,0.0,25.892294444546586,20.0,25.0,0.0,721.0,15.13259751197889,12.0,17.0,1.0,17552.012672675653,12500.0,23000.0,1.0,20.0,21.91421735587988,24.0,1.0,22055.39141356327,12500.0,26000.0,1.0,22.47562706911263,20.0,25.0,1.0,0.0,912.0,7.0,10.0
11.0,22.0,11.0,22.0,-121.0,21.0,12.0,-111.0,10.205718712070622,9.0,11.0,30000.0,10000.0,19000.0,0.0,24.118054713670816,16.5,19.0,0.0,10000.0,37091.600784558235,25000.0,0.0,25.447632492284885,17.0,20.0,0.0,122.0,10.196097784465307,9.0,11.0,1.0,14589.778424075857,10000.0,19000.0,1.0,16.5,17.467449465994324,19.0,1.0,21479.99695699865,10000.0,25000.0,1.0,18.75927083742812,17.0,20.0,1.0,0.0,211.0,1.0,48.0
81.0,23.0,81.0,21.0,-721.0,912.0,12.0,-711.0,15.038590610533408,12.0,17.0,30000.0,12500.0,23000.0,0.0,26.288640916997977,20.0,24.0,0.0,12500.0,34010.43881680249,26000.0,0.0,26.77968697545578,20.0,25.0,0.0,722.0,15.163765670328008,12.0,17.0,1.0,15626.01028921988,12500.0,23000.0,1.0,20.0,21.65812514193525,24.0,1.0,19631.396070552575,12500.0,26000.0,1.0,22.148552496738905,20.0,25.0,1.0,0.0,912.0,7.0,30.0
11.0,21.0,11.0,22.0,-121.0,11.0,11.0,-111.0,10.2010265755533,9.0,11.0,30000.0,10000.0,19000.0,0.0,24.371375124878973,16.5,19.0,0.0,10000.0,36990.30492355489,25000.0,0.0,25.688431532974967,17.0,20.0,0.0,122.0,10.209553764319267,9.0,11.0,1.0,18339.047054291284,10000.0,19000.0,1.0,16.5,18.188693938511463,19.0,1.0,25284.256322620655,10000.0,25000.0,0.0,19.497253789970575,17.0,20.0,1.0,0.0,111.0,1.0,29.0
11.0,22.0,11.0,21.0,-121.0,11.0,11.0,-111.0,9.997976706603373,9.0,11.0,30000.0,10000.0,19000.0,0.0,26.299569377218468,16.5,19.0,0.0,10000.0,36435.73040936517,25000.0,0.0,27.579922105439106,17.0,20.0,0.0,121.0,10.00099388076374,9.0,11.0,1.0,16432.97198557329,10000.0,19000.0,1.0,16.5,17.72891811069019,19.0,1.0,22878.906731266008,10000.0,25000.0,1.0,19.01130093480137,17.0,20.0,1.0,0.0,111.0,1.0,12.0
92.0,24.0,92.0,24.0,-721.0,921.0,13.0,-711.0,15.160890346385633,12.0,17.0,30000.0,15000.0,28000.0,0.0,24.609141217403618,19.5,25.0,1.0,15000.0,33974.04518729575,28000.0,0.0,25.094100022450245,20.0,26.0,1.0,722.0,15.089294975520747,12.0,17.0,1.0,21832.300314934735,15000.0,28000.0,1.0,19.5,21.80784637871333,25.0,1.0,25793.16930398212,15000.0,28000.0,1.0,22.29119727215945,20.0,26.0,1.0,0.0,92122.0,7.0,20.0
91.0,21.0,91.0,24.0,-721.0,911.0,12.0,-711.0,14.9236685163736,12.0,17.0,30000.0,18000.0,36000.0,1.0,24.61612822892898,20.0,25.0,1.0,18000.0,34077.05815293881,36000.0,1.0,25.11333294419803,20.0,26.0,1.0,722.0,15.35973660428894,12.0,17.0,1.0,30166.32608819292,18000.0,36000.0,1.0,20.0,23.98819190794146,25.0,1.0,34189.98938336978,18000.0,36000.0,1.0,24.478885022430124,20.0,26.0,1.0,1.0,91121.0,7.0,26.0
91.0,24.0,91.0,21.0,-721.0,911.0,11.0,-711.0,15.361002241216159,12.0,17.0,30000.0,18000.0,36000.0,1.0,26.05249615130135,20.0,25.0,0.0,18000.0,34493.44892219044,36000.0,1.0,26.614833288971372,20.0,26.0,0.0,721.0,15.305999652894949,12.0,17.0,1.0,22871.50045364589,18000.0,36000.0,1.0,20.0,23.11934922241931,25.0,1.0,27320.954871729973,18000.0,36000.0,1.0,23.67618062408548,20.0,26.0,1.0,0.0,91121.0,7.0,2.0
11.0,22.0,11.0,22.0,-121.0,11.0,11.0,-111.0,10.000622682492011,9.0,11.0,30000.0,10000.0,19000.0,0.0,24.24769307430336,16.5,19.0,0.0,10000.0,36489.14366235101,25000.0,0.0,25.539015643076205,17.0,20.0,0.0,121.0,10.012582174417092,9.0,11.0,1.0,15851.57978649959,10000.0,19000.0,1.0,16.5,17.706290399863327,19.0,1.0,22352.410614113152,10000.0,25000.0,1.0,18.999938683869768,17.0,20.0,1.0,0.0,111.0,1.0,15.0
11.0,22.0,11.0,21.0,-121.0,11.0,11.0,-111.0,9.995826888378483,9.0,11.0,30000.0,10000.0,19000.0,0.0,25.192976745677235,16.5,19.0,0.0,10000.0,36466.76614838077,25000.0,0.0,26.487262076371987,17.0,20.0,0.0,121.0,10.008857294552195,9.0,11.0,1.0,13922.979024223328,10000.0,19000.0,1.0,16.5,17.266520763798006,19.0,1.0,20451.625256356157,10000.0,25000.0,1.0,18.57319103045994,17.0,20.0,1.0,0.0,111.0,1.0,0.0
81.0,23.0,81.0,23.0,-721.0,912.0,11.0,-711.0,15.018363769032177,12.0,17.0,30000.0,12500.0,23000.0,0.0,25.5042227353936,20.0,24.0,0.0,12500.0,34050.387479862715,26000.0,0.0,25.999041216958023,20.0,25.0,0.0,722.0,15.216727359532902,12.0,17.0,1.0,16911.087934888943,12500.0,23000.0,1.0,20.0,21.833230086542137,24.0,1.0,20848.538666701203,12500.0,26000.0,1.0,22.314251569557413,20.0,25.0,1.0,0.0,912.0,7.0,17.0
11.0,22.0,11.0,22.0,-121.0,11.0,11.0,-111.0,9.994503572733663,9.0,11.0,30000.0,10000.0,19000.0,0.0,24.28672573383384,16.5,19.0,0.0,10000.0,36472.956558868325,25000.0,0.0,25.582172386857316,17.0,20.0,0.0,121.0,9.998859590120805,9.0,11.0,1.0,18762.176068334044,10000.0,19000.0,1.0,16.5,18.270158756658354,19.0,1.0,25278.824172025146,10000.0,25000.0,0.0,19.574349492079314,17.0,20.0,1.0,0.0,111.0,1.0,11.0
11.0,21.0,11.0,21.0,-121.0,21.0,12.0,-111.0,10.192378062629661,9.0,11.0,30000.0,10000.0,19000.0,0.0,25.558195911030246,16.5,19.0,0.0,10000.0,36873.65613130783,25000.0,0.0,26.854676878507306,17.0,20.0,0.0,122.0,10.233601155825777,9.0,11.0,1.0,13827.56069614015,10000.0,19000.0,1.0,16.5,17.304166236886275,19.0,1.0,20644.888890125258,10000.0,25000.0,1.0,18.59002285870491,17.0,20.0,1.0,0.0,211.0,1.0,6.0
11.0,22.0,11.0,22.0,-121.0,21.0,12.0,-111.0,10.200791369656498,9.0,11.0,30000.0,10000.0,19000.0,0.0,24.267803030807546,16.5,19.0,0.0,10000.0,36882.20775545599,25000.0,0.0,25.569138486150372,17.0,20.0,0.0,122.0,10.213233708123736,9.0,11.0,1.0,15423.094354833638,10000.0,19000.0,1.0,16.5,17.672920968706993,19.0,1.0,22473.922179575984,10000.0,25000.0,1.0,19.006140273308908,17.0,20.0,1.0,0.0,211.0,1.0,48.0
81.0,23.0,81.0,21.0,-721.0,912.0,12.0,-711.0,14.597970481363685,12.0,17.0,30000.0,12500.0,23000.0,0.0,25.384710081094877,20.0,24.0,0.0,12500.0,34543.31792758613,26000.0,0.0,25.953966499377092,20.0,25.0,0.0,721.0,14.347443300968273,12.0,17.0,1.0,16954.990055492097,12500.0,23000.0,1.0,20.0,20.939322356192477,24.0,1.0,21474.144930862014,12500.0,26000.0,1.0,21.505551257409277,20.0,25.0,1.0,0.0,912.0,7.0,30.0
11.0,22.0,11.0,22.0,-121.0,21.0,13.0,-111.0,9.998688831068431,9.0,11.0,30000.0,10000.0,19000.0,0.0,26.450691461514573,16.5,19.0,0.0,10000.0,36487.35042099886,25000.0,0.0,27.746713345554458,17.0,20.0,0.0,121.0,9.990331835824845,9.0,11.0,1.0,13494.564288388863,10000.0,19000.0,1.0,16.5,17.23147112232365,19.0,1.0,20001.833886219334,10000.0,25000.0,1.0,18.5314723950832,17.0,20.0,1.0,0.0,211.0,1.0,36.0
11.0,22.0,11.0,21.0,-121.0,21.0,13.0,-111.0,10.192660186098493,9.0,11.0,30000.0,10000.0,19000.0,0.0,26.54682785927053,16.5,19.0,0.0,10000.0,37075.45186667759,25000.0,0.0,27.884066741141275,17.0,20.0,0.0,122.0,10.191428277774872,9.0,11.0,1.0,11332.74141038228,10000.0,19000.0,1.0,16.5,16.80976696575867,19.0,1.0,18381.73962898965,10000.0,25000.0,1.0,18.142006188606448,17.0,20.0,1.0,0.0,211.0,1.0,58.0
11.0,22.0,11.0,22.0,-121.0,21.0,13.0,-111.0,10.21346111493426,9.0,11.0,30000.0,10000.0,19000.0,0.0,26.212279084839878,16.5,19.0,0.0,10000.0,37004.86916234022,25000.0,0.0,27.53546394119608,17.0,20.0,0.0,122.0,10.183245683620086,9.0,11.0,1.0,13423.178348265348,10000.0,19000.0,1.0,16.5,17.17583031258311,19.0,1.0,20293.93073261749,10000.0,25000.0,1.0,18.47368117832444,17.0,20.0,1.0,0.0,211.0,1.0,4.0
11.0,22.0,11.0,22.0,-121.0,21.0,13.0,-111.0,10.223813614403852,9.0,11.0,30000.0,10000.0,19000.0,0.0,24.500594658523504,16.5,19.0,0.0,10000.0,37059.73076805235,25000.0,0.0,25.829355219842714,17.0,20.0,0.0,122.0,10.191168395145592,9.0,11.0,1.0,13719.180745054236,10000.0,19000.0,1.0,16.5,17.307200931074306,19.0,1.0,20933.80950112267,10000.0,25000.0,1.0,18.665115909787854,17.0,20.0,1.0,0.0,211.0,1.0,36.0
11.0,22.0,11.0,22.0,-121.0,21.0,13.0,-111.0,10.199731926461684,9.0,11.0,30000.0,10000.0,19000.0,0.0,23.86777839214669,16.5,19.0,0.0,10000.0,36770.62356782347,25000.0,0.0,25.15088845386745,17.0,20.0,0.0,122.0,10.205310736356811,9.0,11.0,1.0,14799.396887335213,10000.0,19000.0,1.0,16.5,17.508714566041608,19.0,1.0,21828.929827366763,10000.0,25000.0,1.0,18.840890894292496,17.0,20.0,1.0,0.0,211.0,1.0,36.0
91.0,24.0,91.0,24.0,-721.0,911.0,12.0,-711.0,15.389950927910805,12.0,17.0,30000.0,18000.0,36000.0,1.0,26.171096291164844,20.0,25.0,0.0,18000.0,33951.94528012199,36000.0,1.0,26.65341473134291,20.0,26.0,0.0,722.0,15.096706088854711,12.0,17.0,1.0,28775.709602841845,18000.0,36000.0,1.0,20.0,23.542906133835825,25.0,1.0,32787.280311174756,18000.0,36000.0,1.0,24.032501608864116,20.0,26.0,1.0,0.0,91121.0,7.0,23.0
11.0,22.0,11.0,22.0,-121.0,11.0,11.0,-111.0,10.220119824130549,9.0,11.0,30000.0,10000.0,19000.0,0.0,23.996693620647797,16.5,19.0,0.0,10000.0,37130.62647366934,25000.0,0.0,25.34328413802519,17.0,20.0,0.0,122.0,10.162793593311278,9.0,11.0,1.0,15889.587795556889,10000.0,19000.0,1.0,16.5,17.699074169563097,19.0,1.0,22941.58029284818,10000.0,25000.0,1.0,19.030814972497396,17.0,20.0,1.0,0.0,111.0,1.0,57.0
11.0,21.0,11.0,22.0,-121.0,21.0,13.0,-111.0,10.182755690801377,9.0,11.0,30000.0,10000.0,19000.0,0.0,26.462435677372206,16.5,19.0,0.0,10000.0,37052.7664933469,25000.0,0.0,27.79739836857377,17.0,20.0,0.0,122.0,10.192295748901092,9.0,11.0,1.0,13902.222176226567,10000.0,19000.0,1.0,16.5,17.31641745482445,19.0,1.0,21021.663582855494,10000.0,25000.0,1.0,18.66400051588436,17.0,20.0,1.0,0.0,211.0,1.0,24.0
11.0,21.0,11.0,22.0,-121.0,21.0,13.0,-111.0,10.007035505359816,9.0,11.0,30000.0,10000.0,19000.0,0.0,26.746468918467347,16.5,19.0,0.0,10000.0,36419.15363217244,25000.0,0.0,28.03281434122981,17.0,20.0,0.0,121.0,9.998483863618608,9.0,11.0,1.0,14203.058190362197,10000.0,19000.0,1.0,16.5,17.376399234181633,19.0,1.0,20668.82243552531,10000.0,25000.0,1.0,18.67208503919826,17.0,20.0,1.0,0.0,211.0,1.0,52.0
91.0,24.0,91.0,24.0,-721.0,911.0,11.0,-711.0,15.130309804103947,12.0,17.0,30000.0,18000.0,36000.0,1.0,24.391097867037537,20.0,25.0,1.0,18000.0,34498.96036797461,36000.0,1.0,24.952704512097622,20.0,26.0,1.0,721.0,14.87462708805304,12.0,17.0,1.0,27143.014141513904,18000.0,36000.0,1.0,20.0,23.25862138819666,25.0,1.0,31679.291853931027,18000.0,36000.0,1.0,23.82488636916121,20.0,26.0,1.0,1.0,91121.0,7.0,28.0
11.0,22.0,11.0,22.0,-121.0,21.0,13.0,-111.0,10.196507031517774,9.0,11.0,30000.0,10000.0,19000.0,0.0,25.662046416432023,16.5,19.0,0.0,10000.0,37172.24443001472,25000.0,0.0,27.0153443328581,17.0,20.0,0.0,122.0,10.18045192470141,9.0,11.0,1.0,13690.994465108888,10000.0,19000.0,1.0,16.5,17.297720971148895,19.0,1.0,20654.428151332177,10000.0,25000.0,1.0,18.611619345735914,17.0,20.0,1.0,0.0,211.0,1.0,4.0
11.0,22.0,11.0,22.0,-121.0,11.0,11.0,-111.0,10.178311584305186,9.0,11.0,30000.0,10000.0,19000.0,0.0,25.314480033298594,16.5,19.0,0.0,10000.0,36838.00803976739,25000.0,0.0,26.606486986688882,17.0,20.0,0.0,122.0,10.239817435704206,9.0,11.0,1.0,15471.303428038984,10000.0,19000.0,1.0,16.5,17.689947545674144,19.0,1.0,22495.30969381573,10000.0,25000.0,1.0,19.017097920938873,17.0,20.0,1.0,0.0,111.0,1.0,38.0
11.0,21.0,11.0,22.0,-121.0,21.0,13.0,-111.0,10.009743414724538,9.0,11.0,30000.0,10000.0,19000.0,0.0,26.77825544558911,16.5,19.0,0.0,10000.0,36560.10728479621,25000.0,0.0,28.093604588027144,17.0,20.0,0.0,121.0,10.007342867660624,9.0,11.0,1.0,16091.41874824012,10000.0,19000.0,1.0,16.5,17.740468440909513,19.0,1.0,22530.91896365018,10000.0,25000.0,1.0,19.031634990227964,17.0,20.0,1.0,0.0,211.0,1.0,32.0
11.0,22.0,11.0,22.0,-121.0,21.0,13.0,-111.0,9.980122566363173,9.0,11.0,30000.0,10000.0,19000.0,0.0,25.398774320549006,16.5,19.0,0.0,10000.0,36446.05216192272,25000.0,0.0,26.689371381035052,17.0,20.0,0.0,121.0,9.993919492449516,9.0,11.0,1.0,14732.454918184269,10000.0,19000.0,1.0,16.5,17.44131904043853,19.0,1.0,21272.873380931447,10000.0,25000.0,1.0,18.750809660485324,17.0,20.0,1.0,0.0,211.0,1.0,3.0
11.0,22.0,11.0,22.0,-121.0,21.0,12.0,-111.0,9.999953266300347,9.0,11.0,30000.0,10000.0,19000.0,0.0,24.68084760458836,16.5,19.0,0.0,10000.0,36491.891016463014,25000.0,0.0,25.97829875882881,17.0,20.0,0.0,121.0,10.01500969724055,9.0,11.0,1.0,15516.70035966274,10000.0,19000.0,1.0,16.5,17.65042038826614,19.0,1.0,22121.646662699357,10000.0,25000.0,1.0,18.97046645540422,17.0,20.0,1.0,0.0,211.0,1.0,23.0
11.0,22.0,11.0,22.0,-121.0,21.0,13.0,-111.0,10.194402886443992,9.0,11.0,30000.0,10000.0,19000.0,0.0,25.557634316680307,16.5,19.0,0.0,10000.0,36858.20882574126,25000.0,0.0,26.848645516043646,17.0,20.0,0.0,122.0,10.226547442148762,9.0,11.0,1.0,12411.048608651217,10000.0,19000.0,1.0,16.5,17.114830017737386,19.0,1.0,19449.2279479462,10000.0,25000.0,1.0,18.439719443100632,17.0,20.0,1.0,0.0,211.0,1.0,36.0
11.0,22.0,11.0,22.0,-121.0,21.0,13.0,-111.0,10.184363333165722,9.0,11.0,30000.0,10000.0,19000.0,0.0,24.34743016493903,16.5,19.0,0.0,10000.0,37221.003318595554,25000.0,0.0,25.711639416130183,17.0,20.0,0.0,122.0,10.189218950713867,9.0,11.0,1.0,12207.718254137602,10000.0,19000.0,1.0,16.5,17.022300482953064,19.0,1.0,19175.828452240105,10000.0,25000.0,1.0,18.338732559793556,17.0,20.0,1.0,0.0,211.0,1.0,31.0
91.0,24.0,91.0,24.0,-721.0,911.0,12.0,-711.0,14.963585465546673,12.0,17.0,30000.0,18000.0,36000.0,1.0,26.50196686097459,20.0,25.0,0.0,18000.0,34441.728945523355,36000.0,1.0,27.054512412778656,20.0,26.0,0.0,721.0,14.524109043409638,12.0,17.0,1.0,28230.56946925434,18000.0,36000.0,1.0,20.0,23.00013141772228,25.0,1.0,32728.971445278625,18000.0,36000.0,1.0,23.55972702397465,20.0,26.0,1.0,0.0,91121.0,7.0,27.0
91.0,24.0,91.0,21.0,-721.0,911.0,12.0,-711.0,15.108330693445254,12.0,17.0,30000.0,18000.0,36000.0,1.0,23.671345720427908,20.0,25.0,1.0,18000.0,34132.42503035996,36000.0,1.0,24.173071997562083,20.0,26.0,1.0,722.0,14.972596326321122,12.0,17.0,1.0,25120.278514966387,18000.0,36000.0,1.0,20.0,22.945312498923368,25.0,1.0,29104.387762929102,18000.0,36000.0,1.0,23.42903144990021,20.0,26.0,1.0,1.0,91121.0,7.0,29.0
11.0,22.0,11.0,21.0,-121.0,21.0,13.0,-111.0,10.01442543763266,9.0,11.0,30000.0,10000.0,19000.0,0.0,26.374765394691657,16.5,19.0,0.0,10000.0,36458.262526177445,25000.0,0.0,27.666292231908134,17.0,20.0,0.0,121.0,9.988965663901691,9.0,11.0,1.0,13384.605431526921,10000.0,19000.0,1.0,16.5,17.149684030507462,19.0,1.0,19925.096251249408,10000.0,25000.0,1.0,18.457654926394746,17.0,20.0,1.0,0.0,211.0,1.0,58.0
81.0,23.0,81.0,21.0,-721.0,912.0,11.0,-711.0,14.998107096034145,12.0,17.0,30000.0,12500.0,23000.0,0.0,26.628553682815767,20.0,24.0,0.0,12500.0,33976.61838725925,26000.0,0.0,27.11292111771747,20.0,25.0,0.0,722.0,15.369781183334325,12.0,17.0,1.0,14436.01303893802,12500.0,23000.0,1.0,20.0,21.656198403403437,24.0,1.0,18412.299263271794,12500.0,26000.0,1.0,22.140525379581543,20.0,25.0,1.0,0.0,912.0,7.0,12.0
11.0,22.0,11.0,22.0,-121.0,21.0,12.0,-111.0,10.019821982464602,9.0,11.0,30000.0,10000.0,19000.0,0.0,24.5878280121819,16.5,19.0,0.0,10000.0,36482.8473742215,25000.0,0.0,25.884686512810724,17.0,20.0,0.0,121.0,9.997056704062626,9.0,11.0,1.0,17137.457621749396,10000.0,19000.0,1.0,16.5,17.980561959876844,19.0,1.0,23678.266976147424,10000.0,25000.0,1.0,19.289015440668873,17.0,20.0,1.0,0.0,211.0,1.0,48.0
11.0,22.0,11.0,22.0,-121.0,21.0,13.0,-111.0,9.988660023098017,9.0,11.0,30000.0,10000.0,19000.0,0.0,25.329372793309094,16.5,19.0,0.0,10000.0,36527.43232434264,25000.0,0.0,26.63518060092306,17.0,20.0,0.0,121.0,9.990009270915397,9.0,11.0,1.0,14298.847291854474,10000.0,19000.0,1.0,16.5,17.39094001923015,19.0,1.0,20768.959511246034,10000.0,25000.0,1.0,18.685280984009264,17.0,20.0,1.0,0.0,211.0,1.0,19.0
91.0,24.0,91.0,21.0,-721.0,911.0,11.0,-711.0,14.937622148052318,12.0,17.0,30000.0,18000.0,36000.0,1.0,25.38206063916757,20.0,25.0,0.0,18000.0,34518.385863576186,36000.0,1.0,25.945354595539175,20.0,26.0,1.0,721.0,13.840275445820811,12.0,17.0,1.0,23405.83766396765,18000.0,36000.0,1.0,20.0,21.71331194390075,25.0,1.0,27884.775411353396,18000.0,36000.0,1.0,22.271688018951185,20.0,26.0,1.0,0.0,91121.0,7.0,2.0
11.0,22.0,11.0,22.0,-121.0,21.0,12.0,-111.0,10.198883967570348,9.0,11.0,30000.0,10000.0,19000.0,0.0,24.223842734809246,16.5,19.0,0.0,10000.0,37054.626559310214,25000.0,0.0,25.551359878272017,17.0,20.0,0.0,122.0,10.20399307079926,9.0,11.0,1.0,17442.865591006426,10000.0,19000.0,1.0,16.5,17.99370777292868,19.0,1.0,24490.977849094706,10000.0,25000.0,1.0,19.319999075948008,17.0,20.0,1.0,0.0,211.0,1.0,25.0
11.0,22.0,11.0,22.0,-121.0,21.0,12.0,-111.0,10.203666204363467,9.0,11.0,30000.0,10000.0,19000.0,0.0,24.223340098108068,16.5,19.0,0.0,10000.0,36843.256151295835,25000.0,0.0,25.513522697607193,17.0,20.0,0.0,122.0,10.175044611860825,9.0,11.0,1.0,16035.791959199518,10000.0,19000.0,1.0,16.5,17.72526893422779,19.0,1.0,22980.636868845642,10000.0,25000.0,1.0,19.034604411455078,17.0,20.0,1.0,0.0,211.0,1.0,48.0
11.0,22.0,11.0,22.0,-121.0,21.0,13.0,-111.0,9.993846146764438,9.0,11.0,30000.0,10000.0,19000.0,0.0,24.546238690300743,16.5,19.0,0.0,10000.0,36523.65727312645,25000.0,0.0,25.844236659600718,17.0,20.0,0.0,121.0,10.01447248546623,9.0,11.0,1.0,12317.854387960502,10000.0,19000.0,1.0,16.5,17.001426751210584,19.0,1.0,18790.570239355067,10000.0,25000.0,1.0,18.2892890160747,17.0,20.0,1.0,0.0,211.0,1.0,16.0
11.0,22.0,11.0,22.0,-121.0,21.0,13.0,-111.0,9.993248636967408,9.0,11.0,30000.0,10000.0,19000.0,0.0,25.84391015672345,16.5,19.0,0.0,10000.0,36523.20533054636,25000.0,0.0,27.150240344658087,17.0,20.0,0.0,121.0,9.989216988565568,9.0,11.0,1.0,14474.273741387045,10000.0,19000.0,1.0,16.5,17.391703251523698,19.0,1.0,20933.22296633863,10000.0,25000.0,1.0,18.68516557983348,17.0,20.0,1.0,0.0,211.0,1.0,5.0
11.0,22.0,11.0,21.0,-121.0,11.0,11.0,-111.0,10.004129854132735,9.0,11.0,30000.0,10000.0,19000.0,0.0,25.632110559877205,16.5,19.0,0.0,10000.0,36446.91313566763,25000.0,0.0,26.925379502651506,17.0,20.0,0.0,121.0,10.009538788347074,9.0,11.0,1.0,16351.436237220267,10000.0,19000.0,1.0,16.5,17.80018885780786,19.0,1.0,22866.976183335137,10000.0,25000.0,1.0,19.107224532152042,17.0,20.0,1.0,0.0,111.0,1.0,12.0
11.0,22.0,11.0,22.0,-121.0,21.0,12.0,-111.0,10.20887388417109,9.0,11.0,30000.0,10000.0,19000.0,0.0,23.655325424355237,16.5,19.0,0.0,10000.0,36940.15702393438,25000.0,0.0,24.96763303839305,17.0,20.0,0.0,122.0,10.184528752416433,9.0,11.0,1.0,15625.643653880861,10000.0,19000.0,1.0,16.5,17.63530563074145,19.0,1.0,22627.968907825496,10000.0,25000.0,1.0,18.959368575575432,17.0,20.0,1.0,0.0,211.0,1.0,23.0
81.0,23.0,81.0,21.0,-721.0,912.0,12.0,-711.0,15.560936854986362,12.0,17.0,30000.0,12500.0,23000.0,0.0,26.642588949135092,20.0,24.0,0.0,12500.0,34517.155389569416,26000.0,0.0,27.208667252471415,20.0,25.0,0.0,721.0,14.633663167299021,12.0,17.0,1.0,14511.390124660536,12500.0,23000.0,1.0,20.0,20.951949348226062,24.0,1.0,19033.618266219557,12500.0,26000.0,1.0,21.518663355803632,20.0,25.0,1.0,0.0,912.0,7.0,11.0
91.0,24.0,91.0,24.0,-721.0,911.0,12.0,-711.0,14.439328522893979,12.0,17.0,30000.0,18000.0,36000.0,1.0,23.811324919958608,20.0,25.0,1.0,18000.0,34505.05406791379,36000.0,1.0,24.378455648803076,20.0,26.0,1.0,721.0,15.082128679378894,12.0,17.0,1.0,27541.37535156115,18000.0,36000.0,1.0,20.0,23.59030341394223,25.0,1.0,32014.305674302992,18000.0,36000.0,1.0,24.1533901595763,20.0,26.0,1.0,1.0,91121.0,7.0,13.0
11.0,22.0,11.0,21.0,-121.0,21.0,13.0,-111.0,10.211600745256082,9.0,11.0,30000.0,10000.0,19000.0,0.0,24.684647521334945,16.5,19.0,0.0,10000.0,37031.33633003088,25000.0,0.0,26.01017912606439,17.0,20.0,0.0,122.0,10.178455302662966,9.0,11.0,1.0,13431.04559973953,10000.0,19000.0,1.0,16.5,17.20171234536361,19.0,1.0,20452.63308343742,10000.0,25000.0,1.0,18.5254061196555,17.0,20.0,1.0,0.0,211.0,1.0,20.0
11.0,22.0,11.0,21.0,-121.0,21.0,13.0,-111.0,9.982248004146413,9.0,11.0,30000.0,10000.0,19000.0,0.0,26.646595470376177,16.5,19.0,0.0,10000.0,36534.370008028076,25000.0,0.0,27.952190041874687,17.0,20.0,0.0,121.0,10.002615589059245,9.0,11.0,1.0,11893.542689964694,10000.0,19000.0,1.0,16.5,16.904046996028015,19.0,1.0,18384.396102763858,10000.0,25000.0,1.0,18.200946769033152,17.0,20.0,1.0,0.0,211.0,1.0,58.0
11.0,22.0,11.0,21.0,-121.0,21.0,13.0,-111.0,10.005422901002342,9.0,11.0,30000.0,10000.0,19000.0,0.0,24.6661111789713,16.5,19.0,0.0,10000.0,36582.93011318182,25000.0,0.0,25.98722814967516,17.0,20.0,0.0,121.0,10.002770201572174,9.0,11.0,1.0,11730.801272286279,10000.0,19000.0,1.0,16.5,16.86116814563405,19.0,1.0,18230.329410953884,10000.0,25000.0,1.0,18.165547316904146,17.0,20.0,1.0,0.0,211.0,1.0,33.0
11.0,22.0,11.0,22.0,-121.0,21.0,13.0,-111.0,10.18109687417144,9.0,11.0,30000.0,10000.0,19000.0,0.0,26.42466274620486,16.5,19.0,0.0,10000.0,36826.74848080675,25000.0,0.0,27.72532944798728,17.0,20.0,0.0,122.0,10.210743757462144,9.0,11.0,1.0,15420.771939090113,10000.0,19000.0,1.0,16.5,17.680007831506735,19.0,1.0,22478.88018314202,10000.0,25000.0,1.0,19.024754367346507,17.0,20.0,1.0,0.0,211.0,1.0,36.0
11.0,22.0,11.0,22.0,-121.0,11.0,11.0,-111.0,10.185989204413502,9.0,11.0,30000.0,10000.0,19000.0,0.0,25.300608143372244,16.5,19.0,0.0,10000.0,37050.21770947897,25000.0,0.0,26.6235301304196,17.0,20.0,0.0,122.0,10.227758385853674,9.0,11.0,1.0,14498.326724353961,10000.0,19000.0,1.0,16.5,17.483194600870974,19.0,1.0,21465.979795882973,10000.0,25000.0,1.0,18.790623935152478,17.0,20.0,1.0,0.0,111.0,1.0,27.0
11.0,22.0,11.0,22.0,-121.0,11.0,11.0,-111.0,9.992873428020118,9.0,11.0,30000.0,10000.0,19000.0,0.0,23.586176772801007,16.5,19.0,0.0,10000.0,36537.51560920224,25000.0,0.0,24.89172551241715,17.0,20.0,0.0,121.0,10.009169022562338,9.0,11.0,1.0,14816.70786478264,10000.0,19000.0,1.0,16.5,17.496719278252506,19.0,1.0,21377.276288921024,10000.0,25000.0,1.0,18.8068716892453,17.0,20.0,1.0,0.0,111.0,1.0,27.0
11.0,22.0,11.0,21.0,-121.0,11.0,11.0,-111.0,10.000096897851801,9.0,11.0,30000.0,10000.0,19000.0,0.0,25.506148890445054,16.5,19.0,0.0,10000.0,36576.13677280907,25000.0,0.0,26.81632782539807,17.0,20.0,0.0,121.0,9.996480355333588,9.0,11.0,1.0,15075.061940569536,10000.0,19000.0,1.0,16.5,17.479596182875742,19.0,1.0,21601.163219262562,10000.0,25000.0,1.0,18.779806430641187,17.0,20.0,1.0,0.0,111.0,1.0,0.0
11.0,22.0,11.0,22.0,-121.0,21.0,13.0,-111.0,10.1840461821309,9.0,11.0,30000.0,10000.0,19000.0,0.0,25.75681021400544,16.5,19.0,0.0,10000.0,36994.645421423156,25000.0,0.0,27.077150443666696,17.0,20.0,0.0,122.0,10.203603290424773,9.0,11.0,1.0,14068.760727809013,10000.0,19000.0,1.0,16.5,17.39251538811045,19.0,1.0,21211.683430974357,10000.0,25000.0,1.0,18.7408450937828,17.0,20.0,1.0,0.0,211.0,1.0,28.0
11.0,22.0,11.0,22.0,-121.0,21.0,13.0,-111.0,10.204236146953082,9.0,11.0,30000.0,10000.0,19000.0,0.0,24.526452307161897,16.5,19.0,0.0,10000.0,37095.814970055384,25000.0,0.0,25.86917049831006,17.0,20.0,0.0,122.0,10.219301842230012,9.0,11.0,1.0,13934.04465595124,10000.0,19000.0,1.0,16.5,17.405740494626468,19.0,1.0,20918.29447966088,10000.0,25000.0,1.0,18.727347572797655,17.0,20.0,1.0,0.0,211.0,1.0,41.0
91.0,24.0,91.0,24.0,-721.0,911.0,12.0,-711.0,14.09366593364114,12.0,17.0,30000.0,18000.0,36000.0,1.0,23.886412648120444,20.0,25.0,1.0,18000.0,34502.6374546909,36000.0,1.0,24.448046853123778,20.0,26.0,1.0,721.0,14.807935216508405,12.0,17.0,1.0,24779.657220254987,18000.0,36000.0,1.0,20.0,22.950353991920686,25.0,1.0,29264.06629977216,18000.0,36000.0,1.0,23.509714489768555,20.0,26.0,1.0,1.0,91121.0,7.0,23.0
11.0,22.0,11.0,22.0,-121.0,21.0,13.0,-111.0,10.19158409043882,9.0,11.0,30000.0,10000.0,19000.0,0.0,24.698200131292744,16.5,19.0,0.0,10000.0,36991.97905912686,25000.0,0.0,26.012084810588238,17.0,20.0,0.0,122.0,10.214009693135392,9.0,11.0,1.0,13901.755161307117,10000.0,19000.0,1.0,16.5,17.365233961530038,19.0,1.0,21052.652431562146,10000.0,25000.0,1.0,18.70898145950629,17.0,20.0,1.0,0.0,211.0,1.0,4.0
11.0,21.0,11.0,22.0,-121.0,21.0,13.0,-111.0,10.168760100692998,9.0,11.0,30000.0,10000.0,19000.0,0.0,25.733870065987276,16.5,19.0,0.0,10000.0,36944.960569909694,25000.0,0.0,27.040622393369073,17.0,20.0,0.0,122.0,10.178511189943459,9.0,11.0,1.0,13420.71911111746,10000.0,19000.0,1.0,16.5,17.21766671353248,19.0,1.0,20378.91492242116,10000.0,25000.0,1.0,18.52690936210775,17.0,20.0,1.0,0.0,211.0,1.0,9.0
11.0,22.0,11.0,22.0,-121.0,21.0,13.0,-111.0,10.003713441920045,9.0,11.0,30000.0,10000.0,19000.0,0.0,25.63275421880853,16.5,19.0,0.0,10000.0,36493.690780928,25000.0,0.0,26.93409963948591,17.0,20.0,0.0,121.0,10.009052731483708,9.0,11.0,1.0,14500.130819576148,10000.0,19000.0,1.0,16.5,17.483729909171423,19.0,1.0,20932.171211845955,10000.0,25000.0,1.0,18.7727204990338,17.0,20.0,1.0,0.0,211.0,1.0,47.0
91.0,24.0,91.0,24.0,-721.0,911.0,11.0,-711.0,15.180876649469095,12.0,17.0,30000.0,18000.0,36000.0,1.0,24.331197698220578,20.0,25.0,1.0,18000.0,33993.4120479265,36000.0,1.0,24.81688733451753,20.0,26.0,1.0,722.0,15.234236770511593,12.0,17.0,1.0,26103.133008488516,18000.0,36000.0,1.0,20.0,23.469835711328685,25.0,1.0,30148.4043417475,18000.0,36000.0,1.0,23.961832614977332,20.0,26.0,1.0,1.0,91121.0,7.0,0.0
11.0,22.0,11.0,22.0,-121.0,11.0,11.0,-111.0,9.995319181025252,9.0,11.0,30000.0,10000.0,19000.0,0.0,25.859867723724804,16.5,19.0,0.0,10000.0,36525.82623678428,25000.0,0.0,27.168075972558874,17.0,20.0,0.0,121.0,9.988755663753436,9.0,11.0,1.0,17136.61932578917,10000.0,19000.0,1.0,16.5,17.937651984921622,19.0,1.0,23621.335019416438,10000.0,25000.0,1.0,19.23761895522319,17.0,20.0,1.0,0.0,111.0,1.0,57.0
11.0,22.0,11.0,22.0,-121.0,11.0,11.0,-111.0,10.174680010373205,9.0,11.0,30000.0,10000.0,19000.0,0.0,23.342438561849967,16.5,19.0,0.0,10000.0,36778.087195875145,25000.0,0.0,24.619698672012564,17.0,20.0,0.0,122.0,10.214033639726772,9.0,11.0,1.0,17652.347690500257,10000.0,19000.0,1.0,16.5,18.083315024176965,19.0,1.0,24679.625146931743,10000.0,25000.0,1.0,19.407532449943783,17.0,20.0,1.0,0.0,111.0,1.0,15.0
11.0,22.0,11.0,22.0,-121.0,21.0,12.0,-111.0,10.00933457332835,9.0,11.0,30000.0,10000.0,19000.0,0.0,24.23212890416566,16.5,19.0,0.0,10000.0,36480.194446482434,25000.0,0.0,25.525655426796778,17.0,20.0,0.0,121.0,10.010141161955028,9.0,11.0,1.0,15265.729413701909,10000.0,19000.0,1.0,16.5,17.575074375036394,19.0,1.0,21765.33182424812,10000.0,25000.0,1.0,18.872474966026743,17.0,20.0,1.0,0.0,211.0,1.0,48.0
11.0,22.0,11.0,21.0,-121.0,21.0,13.0,-111.0,10.010015607106777,9.0,11.0,30000.0,10000.0,19000.0,0.0,26.457926911751155,16.5,19.0,0.0,10000.0,36488.50609466438,25000.0,0.0,27.75471327906326,17.0,20.0,0.0,121.0,9.997120564481273,9.0,11.0,1.0,11268.385618243261,10000.0,19000.0,1.0,16.5,16.728734862803318,19.0,1.0,17730.506798453505,10000.0,25000.0,1.0,18.020247967384737,17.0,20.0,1.0,0.0,211.0,1.0,2.0
91.0,24.0,91.0,24.0,-721.0,911.0,12.0,-711.0,15.049338075252047,12.0,17.0,30000.0,18000.0,36000.0,1.0,25.16382821599504,20.0,25.0,0.0,18000.0,34010.36594760636,36000.0,1.0,25.657578816713436,20.0,26.0,1.0,722.0,15.32777452102955,12.0,17.0,1.0,24509.61288422563,18000.0,36000.0,1.0,20.0,23.445683697904535,25.0,1.0,28553.69008947995,18000.0,36000.0,1.0,23.94358478113054,20.0,26.0,1.0,0.0,91121.0,7.0,8.0
11.0,22.0,11.0,22.0,-121.0,21.0,12.0,-111.0,10.206242707599563,9.0,11.0,30000.0,10000.0,19000.0,0.0,23.894827258356802,16.5,19.0,0.0,10000.0,37074.98358747312,25000.0,0.0,25.231302438237133,17.0,20.0,0.0,122.0,10.198291600087028,9.0,11.0,1.0,14528.169384857629,10000.0,19000.0,1.0,16.5,17.502444163139465,19.0,1.0,21750.14296370373,10000.0,25000.0,1.0,18.86668597635993,17.0,20.0,1.0,0.0,211.0,1.0,25.0
11.0,22.0,11.0,22.0,-121.0,21.0,13.0,-111.0,10.002740789980908,9.0,11.0,30000.0,10000.0,19000.0,0.0,24.570204593645073,16.5,19.0,0.0,10000.0,36602.730431020806,25000.0,0.0,25.888736248694173,17.0,20.0,0.0,121.0,10.007519036145329,9.0,11.0,1.0,13712.732735781272,10000.0,19000.0,1.0,16.5,17.303293780072515,19.0,1.0,20169.296040138783,10000.0,25000.0,1.0,18.59263660400901,17.0,20.0,1.0,0.0,211.0,1.0,41.0
91.0,24.0,91.0,21.0,-721.0,911.0,12.0,-711.0,15.451431346411193,12.0,17.0,30000.0,18000.0,36000.0,1.0,24.72390848501454,20.0,25.0,1.0,18000.0,34400.575731800374,36000.0,1.0,25.275152485474475,20.0,26.0,1.0,721.0,15.455873558535751,12.0,17.0,1.0,25237.886855056684,18000.0,36000.0,1.0,20.0,23.557331651628257,25.0,1.0,29708.006046361923,18000.0,36000.0,1.0,24.117287106488636,20.0,26.0,1.0,1.0,91121.0,7.0,29.0
11.0,22.0,11.0,22.0,-121.0,21.0,13.0,-111.0,10.18273575761491,9.0,11.0,30000.0,10000.0,19000.0,0.0,24.772316758968653,16.5,19.0,0.0,10000.0,37003.21414694076,25000.0,0.0,26.09393220739913,17.0,20.0,0.0,122.0,10.172915890380793,9.0,11.0,1.0,16710.321819185017,10000.0,19000.0,1.0,16.5,17.888717649981974,19.0,1.0,23726.346204758753,10000.0,25000.0,1.0,19.2127505897129,17.0,20.0,1.0,0.0,211.0,1.0,47.0
81.0,21.0,81.0,21.0,-721.0,912.0,12.0,-711.0,15.367567628431559,12.0,17.0,30000.0,12500.0,23000.0,0.0,27.076651863864857,20.0,24.0,0.0,12500.0,34520.32324218455,26000.0,0.0,27.641760546342386,20.0,25.0,0.0,721.0,14.887082015145202,12.0,17.0,1.0,16230.027686096904,12500.0,23000.0,1.0,20.0,21.450804053841363,24.0,1.0,20709.428081916558,12500.0,26000.0,1.0,22.010796762404308,20.0,25.0,1.0,0.0,912.0,7.0,6.0
91.0,24.0,91.0,24.0,-721.0,911.0,12.0,-711.0,15.42916274129664,12.0,17.0,30000.0,18000.0,36000.0,1.0,25.327733417941094,20.0,25.0,0.0,18000.0,34460.25420626973,36000.0,1.0,25.88506360710004,20.0,26.0,1.0,721.0,15.08513722776699,12.0,17.0,1.0,27870.695779144728,18000.0,36000.0,1.0,20.0,23.513384037568642,25.0,1.0,32373.145178898496,18000.0,36000.0,1.0,24.075986718849897,20.0,26.0,1.0,0.0,91121.0,7.0,24.0
91.0,24.0,91.0,21.0,-721.0,911.0,12.0,-711.0,15.145282190148952,12.0,17.0,30000.0,18000.0,36000.0,1.0,24.898702082275356,20.0,25.0,1.0,18000.0,34433.24504474726,36000.0,1.0,25.453950232580137,20.0,26.0,1.0,721.0,15.32493554542696,12.0,17.0,1.0,26147.928176473873,18000.0,36000.0,1.0,20.0,23.626516088571435,25.0,1.0,30647.847597486485,18000.0,36000.0,1.0,24.190114967004344,20.0,26.0,1.0,1.0,91121.0,7.0,29.0
11.0,22.0,11.0,22.0,-121.0,21.0,13.0,-111.0,10.001113560085077,9.0,11.0,30000.0,10000.0,19000.0,0.0,26.128629509775557,16.5,19.0,0.0,10000.0,36479.7754879671,25000.0,0.0,27.425573717080866,17.0,20.0,0.0,121.0,10.00876358402099,9.0,11.0,1.0,14231.049948583404,10000.0,19000.0,1.0,16.5,17.383928631197964,19.0,1.0,20769.415184475518,10000.0,25000.0,1.0,18.692599731559977,17.0,20.0,1.0,0.0,211.0,1.0,5.0
11.0,21.0,11.0,22.0,-121.0,21.0,13.0,-111.0,10.203602350595714,9.0,11.0,30000.0,10000.0,19000.0,0.0,27.303138316749724,16.5,19.0,0.0,10000.0,37091.91633552957,25000.0,0.0,28.642862558202623,17.0,20.0,0.0,122.0,10.216411718158998,9.0,11.0,1.0,14537.593868721155,10000.0,19000.0,1.0,16.5,17.473074365350573,19.0,1.0,21372.008445257954,10000.0,25000.0,1.0,18.764154300748835,17.0,20.0,1.0,0.0,211.0,1.0,9.0
81.0,21.0,81.0,21.0,-721.0,912.0,12.0,-711.0,13.746994936272587,12.0,17.0,30000.0,12500.0,23000.0,0.0,25.801740170900914,20.0,24.0,0.0,12500.0,34468.98296021512,26000.0,0.0,26.362034465518036,20.0,25.0,0.0,721.0,14.560939215738168,12.0,17.0,1.0,14862.85899459546,12500.0,23000.0,1.0,20.0,20.87854228614936,24.0,1.0,19406.199183648776,12500.0,26000.0,1.0,21.44815904439019,20.0,25.0,1.0,0.0,912.0,7.0,6.0
11.0,22.0,11.0,21.0,-121.0,11.0,11.0,-111.0,10.213085957356297,9.0,11.0,30000.0,10000.0,19000.0,0.0,24.276949459866493,16.5,19.0,0.0,10000.0,36959.382952917964,25000.0,0.0,25.590637005934514,17.0,20.0,0.0,122.0,10.20176374795569,9.0,11.0,1.0,11972.866122311192,10000.0,19000.0,1.0,16.5,16.983648196639223,19.0,1.0,18936.701971272683,10000.0,25000.0,1.0,18.298176293387655,17.0,20.0,1.0,0.0,111.0,1.0,0.0
91.0,24.0,91.0,21.0,-721.0,911.0,11.0,-711.0,14.934591971083181,12.0,17.0,30000.0,18000.0,36000.0,1.0,23.56395118833358,20.0,25.0,1.0,18000.0,33894.74943188542,36000.0,1.0,24.03809427433149,20.0,26.0,1.0,722.0,15.438126769998114,12.0,17.0,1.0,27539.089919212256,18000.0,36000.0,1.0,20.0,23.735618334399902,25.0,1.0,31564.680743451234,18000.0,36000.0,1.0,24.22568992687345,20.0,26.0,1.0,1.0,91121.0,7.0,2.0
11.0,22.0,11.0,22.0,-121.0,21.0,13.0,-111.0,10.208086458417334,9.0,11.0,30000.0,10000.0,19000.0,0.0,24.53619080503652,16.5,19.0,0.0,10000.0,37006.757987994635,25000.0,0.0,25.866304069733733,17.0,20.0,0.0,122.0,10.23758958780309,9.0,11.0,1.0,14020.887707450864,10000.0,19000.0,1.0,16.5,17.42772814453266,19.0,1.0,20825.758339444474,10000.0,25000.0,1.0,18.719516544770205,17.0,20.0,1.0,0.0,211.0,1.0,13.0
91.0,21.0,91.0,24.0,-721.0,911.0,11.0,-711.0,15.142384539686432,12.0,17.0,30000.0,18000.0,36000.0,1.0,25.227854097930084,20.0,25.0,0.0,18000.0,34047.42831669045,36000.0,1.0,25.722717478414406,20.0,26.0,1.0,722.0,15.167072120967765,12.0,17.0,1.0,26892.87361211967,18000.0,36000.0,1.0,20.0,23.499415045797775,25.0,1.0,30901.186645079077,18000.0,36000.0,1.0,23.989495952073494,20.0,26.0,1.0,0.0,91121.0,7.0,18.0
11.0,22.0,11.0,21.0,-121.0,21.0,12.0,-111.0,10.190054418058724,9.0,11.0,30000.0,10000.0,19000.0,0.0,24.951541077733438,16.5,19.0,0.0,10000.0,37119.238998411536,25000.0,0.0,26.29701449001544,17.0,20.0,0.0,122.0,10.189370149587647,9.0,11.0,1.0,13425.398690585202,10000.0,19000.0,1.0,16.5,17.233036333966076,19.0,1.0,20350.830599584693,10000.0,25000.0,1.0,18.541881914822017,17.0,20.0,1.0,0.0,211.0,1.0,53.0
11.0,22.0,11.0,22.0,-121.0,21.0,13.0,-111.0,10.01143936917933,9.0,11.0,30000.0,10000.0,19000.0,0.0,26.284756083386497,16.5,19.0,0.0,10000.0,36554.854756402754,25000.0,0.0,27.600948773795654,17.0,20.0,0.0,121.0,9.985397571519563,9.0,11.0,1.0,14860.881789278368,10000.0,19000.0,1.0,16.5,17.510102439342155,19.0,1.0,21352.292899061333,10000.0,25000.0,1.0,18.813555859845703,17.0,20.0,1.0,0.0,211.0,1.0,36.0
91.0,24.0,91.0,21.0,-721.0,911.0,11.0,-711.0,15.252561590817757,12.0,17.0,30000.0,18000.0,36000.0,1.0,24.619845290661807,20.0,25.0,1.0,18000.0,34089.0668043298,36000.0,1.0,25.117393472689358,20.0,26.0,1.0,722.0,15.287269183503529,12.0,17.0,1.0,25171.358276157727,18000.0,36000.0,1.0,20.0,23.280680816683788,25.0,1.0,29144.96346845932,18000.0,36000.0,1.0,23.764179897068445,20.0,26.0,1.0,1.0,91121.0,7.0,2.0
11.0,22.0,11.0,22.0,-121.0,21.0,13.0,-111.0,10.167229135545886,9.0,11.0,30000.0,10000.0,19000.0,0.0,25.639731248807365,16.5,19.0,0.0,10000.0,37129.631351848926,25000.0,0.0,26.978617310557844,17.0,20.0,0.0,122.0,10.183062633296252,9.0,11.0,1.0,14769.738314471046,10000.0,19000.0,1.0,16.5,17.51089588289851,19.0,1.0,21503.65904858135,10000.0,25000.0,1.0,18.775470748960092,17.0,20.0,1.0,0.0,211.0,1.0,13.0
91.0,24.0,91.0,21.0,-721.0,911.0,11.0,-711.0,15.242219559572197,12.0,17.0,30000.0,18000.0,36000.0,1.0,24.47030189858885,20.0,25.0,1.0,18000.0,34060.66795457712,36000.0,1.0,24.96700323362767,20.0,26.0,1.0,722.0,15.128486918645534,12.0,17.0,1.0,25367.24200240053,18000.0,36000.0,1.0,20.0,23.210092542377566,25.0,1.0,29437.084424450637,18000.0,36000.0,1.0,23.707916099251086,20.0,26.0,1.0,1.0,91121.0,7.0,15.0
91.0,24.0,91.0,24.0,-721.0,911.0,11.0,-711.0,15.334166958305419,12.0,17.0,30000.0,18000.0,36000.0,1.0,25.02093862106213,20.0,25.0,0.0,18000.0,34465.06894722928,36000.0,1.0,25.583510150565306,20.0,26.0,1.0,721.0,16.014094640932576,12.0,17.0,1.0,23985.24208662783,18000.0,36000.0,1.0,20.0,24.084536546610234,25.0,1.0,28504.176367349617,18000.0,36000.0,1.0,24.653894780508846,20.0,26.0,1.0,0.0,91121.0,7.0,16.0
92.0,24.0,92.0,24.0,-721.0,921.0,13.0,-711.0,14.751511224734909,12.0,17.0,30000.0,15000.0,28000.0,0.0,24.236184697589827,19.5,25.0,1.0,15000.0,34561.904768561755,28000.0,0.0,24.806784000629847,20.0,26.0,1.0,721.0,14.891965057701256,12.0,17.0,1.0,20643.73031386616,15000.0,28000.0,1.0,19.5,21.42868013942179,25.0,1.0,25175.25573598017,15000.0,28000.0,1.0,21.995479618750153,20.0,26.0,1.0,0.0,92122.0,7.0,20.0
11.0,22.0,11.0,22.0,-121.0,21.0,13.0,-111.0,10.196744525313862,9.0,11.0,30000.0,10000.0,19000.0,0.0,25.916212662239268,16.5,19.0,0.0,10000.0,37193.849913958395,25000.0,0.0,27.273940480320068,17.0,20.0,0.0,122.0,10.202474879008113,9.0,11.0,1.0,15157.452471843195,10000.0,19000.0,1.0,16.5,17.597472149525142,19.0,1.0,22149.732063953237,10000.0,25000.0,1.0,18.9171566894522,17.0,20.0,1.0,0.0,211.0,1.0,28.0
11.0,22.0,11.0,22.0,-121.0,11.0,11.0,-111.0,10.193618892520048,9.0,11.0,30000.0,10000.0,19000.0,0.0,25.88829535959722,16.5,19.0,0.0,10000.0,37090.05909072829,25000.0,0.0,27.22968362398809,17.0,20.0,0.0,122.0,10.197747489041225,9.0,11.0,1.0,18901.31995549605,10000.0,19000.0,1.0,16.5,18.28764215396412,19.0,1.0,26012.970737175427,10000.0,25000.0,0.0,19.63311541122734,17.0,20.0,1.0,0.0,111.0,1.0,38.0
11.0,22.0,11.0,22.0,-121.0,21.0,13.0,-111.0,9.997298581488257,9.0,11.0,30000.0,10000.0,19000.0,0.0,26.585212380516083,16.5,19.0,0.0,10000.0,36525.122254465,25000.0,0.0,27.884854337502045,17.0,20.0,0.0,121.0,9.998393288212666,9.0,11.0,1.0,16313.79579776132,10000.0,19000.0,1.0,16.5,17.787424411225274,19.0,1.0,22864.199888034236,10000.0,25000.0,1.0,19.09210188069426,17.0,20.0,1.0,0.0,211.0,1.0,47.0
11.0,22.0,11.0,22.0,-121.0,21.0,13.0,-111.0,9.982838992838747,9.0,11.0,30000.0,10000.0,19000.0,0.0,24.319232819558593,16.5,19.0,0.0,10000.0,36535.129580592526,25000.0,0.0,25.62480643821612,17.0,20.0,0.0,121.0,9.994939423748148,9.0,11.0,1.0,13835.359390291282,10000.0,19000.0,1.0,16.5,17.303328737270107,19.0,1.0,20344.96226148559,10000.0,25000.0,1.0,18.60380268683149,17.0,20.0,1.0,0.0,211.0,1.0,16.0
11.0,22.0,11.0,22.0,-121.0,11.0,11.0,-111.0,9.996139410030388,9.0,11.0,30000.0,10000.0,19000.0,0.0,27.51722494275506,16.5,19.0,0.0,10000.0,36559.30465871282,25000.0,0.0,28.83024847881594,17.0,20.0,0.0,121.0,10.000830821390062,9.0,11.0,1.0,16374.420926452727,10000.0,19000.0,1.0,16.5,17.800816646479802,19.0,1.0,22886.463923872863,10000.0,25000.0,1.0,19.104379473386366,17.0,20.0,1.0,0.0,111.0,1.0,27.0
11.0,22.0,11.0,21.0,-121.0,11.0,12.0,-111.0,9.998068144421296,9.0,11.0,30000.0,10000.0,19000.0,0.0,24.39973671421574,16.5,19.0,0.0,10000.0,36543.83680917976,25000.0,0.0,25.708923589730396,17.0,20.0,0.0,121.0,10.010391164355294,9.0,11.0,1.0,12570.879169260183,10000.0,19000.0,1.0,16.5,17.003708716491772,19.0,1.0,18957.555740318574,10000.0,25000.0,1.0,18.28145346912026,17.0,20.0,1.0,0.0,111.0,1.0,10.0
81.0,23.0,81.0,21.0,-721.0,912.0,12.0,-711.0,14.342308515566838,12.0,17.0,30000.0,12500.0,23000.0,0.0,25.22219162437103,20.0,24.0,0.0,12500.0,34456.16652753025,26000.0,0.0,25.777777865457576,20.0,25.0,0.0,721.0,14.646433447675813,12.0,17.0,1.0,16819.911164965088,12500.0,23000.0,1.0,20.0,21.262968477251004,24.0,1.0,21317.63685540955,12500.0,26000.0,1.0,21.823736234549653,20.0,25.0,1.0,0.0,912.0,7.0,30.0
11.0,22.0,11.0,22.0,-121.0,21.0,13.0,-111.0,9.994485253640665,9.0,11.0,30000.0,10000.0,19000.0,0.0,26.159233897914465,16.5,19.0,0.0,10000.0,36479.69757490967,25000.0,0.0,27.453666074764804,17.0,20.0,0.0,121.0,9.997749150601294,9.0,11.0,1.0,13541.126085887678,10000.0,19000.0,1.0,16.5,17.260092740503442,19.0,1.0,20054.4769097618,10000.0,25000.0,1.0,18.56124773856751,17.0,20.0,1.0,0.0,211.0,1.0,41.0
11.0,22.0,11.0,22.0,-121.0,21.0,13.0,-111.0,10.211839079706726,9.0,11.0,30000.0,10000.0,19000.0,0.0,26.38268349456557,16.5,19.0,0.0,10000.0,37041.219362778385,25000.0,0.0,27.716049007028158,17.0,20.0,0.0,122.0,10.20363608110365,9.0,11.0,1.0,16730.563793161757,10000.0,19000.0,1.0,16.5,17.880696588491833,19.0,1.0,23702.593925137284,10000.0,25000.0,1.0,19.20096003305493,17.0,20.0,1.0,0.0,211.0,1.0,21.0
91.0,24.0,91.0,24.0,-721.0,911.0,12.0,-711.0,15.179086234893903,12.0,17.0,30000.0,18000.0,36000.0,1.0,24.790665310526514,20.0,25.0,1.0,18000.0,34483.11635780586,36000.0,1.0,25.351247251702027,20.0,26.0,1.0,721.0,14.988490233084612,12.0,17.0,1.0,27911.38638412066,18000.0,36000.0,1.0,20.0,23.566999725671945,25.0,1.0,32404.62822416493,18000.0,36000.0,1.0,24.12884778667026,20.0,26.0,1.0,1.0,91121.0,7.0,27.0
11.0,22.0,11.0,22.0,-121.0,21.0,13.0,-111.0,9.995039724025709,9.0,11.0,30000.0,10000.0,19000.0,0.0,25.092958449997518,16.5,19.0,0.0,10000.0,36472.66029958653,25000.0,0.0,26.38963154173888,17.0,20.0,0.0,121.0,10.001442993557989,9.0,11.0,1.0,11706.458432944743,10000.0,19000.0,1.0,16.5,16.886558577356084,19.0,1.0,18186.63463256784,10000.0,25000.0,1.0,18.18473733522027,17.0,20.0,1.0,0.0,211.0,1.0,22.0
11.0,22.0,11.0,21.0,-121.0,11.0,11.0,-111.0,9.985299543682958,9.0,11.0,30000.0,10000.0,19000.0,0.0,24.16644853916805,16.5,19.0,0.0,10000.0,36536.86372580252,25000.0,0.0,25.47694041925367,17.0,20.0,0.0,121.0,9.982191675093054,9.0,11.0,1.0,12383.634814659155,10000.0,19000.0,1.0,16.5,16.97042270824157,19.0,1.0,18904.76413113535,10000.0,25000.0,1.0,18.277760198619063,17.0,20.0,1.0,0.0,111.0,1.0,1.0
11.0,21.0,11.0,22.0,-121.0,11.0,12.0,-111.0,10.003488293785274,9.0,11.0,30000.0,10000.0,19000.0,0.0,25.475399877472064,16.5,19.0,0.0,10000.0,36626.250758382164,25000.0,0.0,26.806333177679225,17.0,20.0,0.0,121.0,10.005725866830847,9.0,11.0,1.0,15242.930517468903,10000.0,19000.0,1.0,16.5,17.61787551618158,19.0,1.0,21694.06846691112,10000.0,25000.0,1.0,18.913636065279654,17.0,20.0,1.0,0.0,111.0,1.0,7.0
11.0,21.0,11.0,21.0,-121.0,21.0,12.0,-111.0,10.202246028035491,9.0,11.0,30000.0,10000.0,19000.0,0.0,23.835226043236155,16.5,19.0,0.0,10000.0,37010.75153813056,25000.0,0.0,25.155643072823846,17.0,20.0,0.0,122.0,10.174368310902926,9.0,11.0,1.0,13349.562326454232,10000.0,19000.0,1.0,16.5,17.171538252186185,19.0,1.0,20358.385585031516,10000.0,25000.0,1.0,18.491592106278908,17.0,20.0,1.0,0.0,211.0,1.0,6.0
11.0,21.0,11.0,22.0,-121.0,21.0,13.0,-111.0,10.020968954994213,9.0,11.0,30000.0,10000.0,19000.0,0.0,27.136941138928954,16.5,19.0,0.0,10000.0,36475.325821335435,25000.0,0.0,28.429145864076773,17.0,20.0,0.0,121.0,10.005478759589222,9.0,11.0,1.0,13428.806938807356,10000.0,19000.0,1.0,16.5,17.188827642631573,19.0,1.0,19905.439985558685,10000.0,25000.0,1.0,18.481293235403022,17.0,20.0,1.0,0.0,211.0,1.0,32.0
11.0,22.0,11.0,22.0,-121.0,21.0,12.0,-111.0,10.197997045238308,9.0,11.0,30000.0,10000.0,19000.0,0.0,24.764859437604215,16.5,19.0,0.0,10000.0,36964.85282848611,25000.0,0.0,26.076736169551033,17.0,20.0,0.0,122.0,10.198582304350039,9.0,11.0,1.0,17183.779123660766,10000.0,19000.0,1.0,16.5,17.992151375730195,19.0,1.0,24429.155685008038,10000.0,25000.0,1.0,19.356866633768224,17.0,20.0,1.0,0.0,211.0,1.0,23.0
11.0,22.0,11.0,22.0,-121.0,21.0,13.0,-111.0,10.181089655769986,9.0,11.0,30000.0,10000.0,19000.0,0.0,24.225184877187793,16.5,19.0,0.0,10000.0,36955.420828583294,25000.0,0.0,25.535802041227083,17.0,20.0,0.0,122.0,10.174125867606548,9.0,11.0,1.0,16130.57703692792,10000.0,19000.0,1.0,16.5,17.733113345165275,19.0,1.0,23026.346748150147,10000.0,25000.0,1.0,19.032490387263092,17.0,20.0,1.0,0.0,211.0,1.0,4.0
11.0,21.0,11.0,22.0,-121.0,11.0,11.0,-111.0,10.180475317925387,9.0,11.0,30000.0,10000.0,19000.0,0.0,25.185871613137216,16.5,19.0,0.0,10000.0,37109.893572381065,25000.0,0.0,26.529167381187314,17.0,20.0,0.0,122.0,10.191386023408,9.0,11.0,1.0,16383.629587783562,10000.0,19000.0,1.0,16.5,17.82213143294123,19.0,1.0,23379.56680583512,10000.0,25000.0,1.0,19.143897049104403,17.0,20.0,1.0,0.0,111.0,1.0,43.0
91.0,24.0,91.0,21.0,-721.0,911.0,11.0,-711.0,15.183076215338458,12.0,17.0,30000.0,18000.0,36000.0,1.0,24.918612531527415,20.0,25.0,1.0,18000.0,33935.5393322703,36000.0,1.0,25.39857997426776,20.0,26.0,1.0,722.0,15.133004810757201,12.0,17.0,1.0,24129.496747497833,18000.0,36000.0,1.0,20.0,23.020993336419515,25.0,1.0,28106.412869464897,18000.0,36000.0,1.0,23.50600697747294,20.0,26.0,1.0,1.0,91121.0,7.0,15.0
91.0,24.0,91.0,21.0,-721.0,911.0,12.0,-711.0,15.3729972459849,12.0,17.0,30000.0,18000.0,36000.0,1.0,25.49195728295018,20.0,25.0,0.0,18000.0,34033.316603463674,36000.0,1.0,25.985417022335767,20.0,26.0,1.0,722.0,14.924359536646103,12.0,17.0,1.0,25587.771493378146,18000.0,36000.0,1.0,20.0,22.981600916620913,25.0,1.0,29547.064636986433,18000.0,36000.0,1.0,23.466004189381167,20.0,26.0,1.0,0.0,91121.0,7.0,14.0
11.0,22.0,11.0,22.0,-121.0,21.0,13.0,-111.0,10.006378575409407,9.0,11.0,30000.0,10000.0,19000.0,0.0,28.77276672931833,16.5,19.0,0.0,10000.0,36551.45524178662,25000.0,0.0,30.086390030178713,17.0,20.0,0.0,121.0,10.009096357839422,9.0,11.0,1.0,15005.78545466545,10000.0,19000.0,1.0,16.5,17.548653948020792,19.0,1.0,21516.003861929446,10000.0,25000.0,1.0,18.854008907774737,17.0,20.0,1.0,0.0,211.0,1.0,19.0
11.0,22.0,11.0,22.0,-121.0,21.0,13.0,-111.0,10.203254696303285,9.0,11.0,30000.0,10000.0,19000.0,0.0,26.26609995858415,16.5,19.0,0.0,10000.0,36892.12061218672,25000.0,0.0,27.56405000139374,17.0,20.0,0.0,122.0,10.203157519702964,9.0,11.0,1.0,13230.440805488959,10000.0,19000.0,1.0,16.5,17.226236048937864,19.0,1.0,20174.547348718042,10000.0,25000.0,1.0,18.533976277557986,17.0,20.0,1.0,0.0,211.0,1.0,41.0
11.0,22.0,11.0,21.0,-121.0,21.0,13.0,-111.0,10.003406670131778,9.0,11.0,30000.0,10000.0,19000.0,0.0,24.993732396507383,16.5,19.0,0.0,10000.0,36493.69880015014,25000.0,0.0,26.287863999210977,17.0,20.0,0.0,121.0,9.992087393993586,9.0,11.0,1.0,11871.945052389927,10000.0,19000.0,1.0,16.5,16.837047302056792,19.0,1.0,18332.344616301998,10000.0,25000.0,1.0,18.124542687823347,17.0,20.0,1.0,0.0,211.0,1.0,2.0
11.0,22.0,11.0,22.0,-121.0,21.0,13.0,-111.0,10.008350900466795,9.0,11.0,30000.0,10000.0,19000.0,0.0,25.98107321145636,16.5,19.0,0.0,10000.0,36567.68909593947,25000.0,0.0,27.29314002089456,17.0,20.0,0.0,121.0,9.985306850839903,9.0,11.0,1.0,14231.936566413082,10000.0,19000.0,1.0,16.5,17.389945770920512,19.0,1.0,20718.41314980609,10000.0,25000.0,1.0,18.685788267565165,17.0,20.0,1.0,0.0,211.0,1.0,28.0
11.0,21.0,11.0,21.0,-121.0,11.0,11.0,-111.0,10.226200703538629,9.0,11.0,30000.0,10000.0,19000.0,0.0,23.975040987682526,16.5,19.0,0.0,10000.0,37072.413548609315,25000.0,0.0,25.30083623336677,17.0,20.0,0.0,122.0,10.19402081375581,9.0,11.0,1.0,13948.913647214036,10000.0,19000.0,1.0,16.5,17.264947357486424,19.0,1.0,20934.99186043201,10000.0,25000.0,1.0,18.574558173851074,17.0,20.0,1.0,0.0,111.0,1.0,18.0
11.0,21.0,11.0,22.0,-121.0,21.0,12.0,-111.0,10.178440239063756,9.0,11.0,30000.0,10000.0,19000.0,0.0,25.047297998807153,16.5,19.0,0.0,10000.0,37087.08123890767,25000.0,0.0,26.38017133426525,17.0,20.0,0.0,122.0,10.204352124566112,9.0,11.0,1.0,15857.463534127282,10000.0,19000.0,1.0,16.5,17.75165535572524,19.0,1.0,22842.961827365332,10000.0,25000.0,1.0,19.065423901065085,17.0,20.0,1.0,0.0,211.0,1.0,37.0
11.0,22.0,11.0,21.0,-121.0,11.0,11.0,-111.0,10.003487597784195,9.0,11.0,30000.0,10000.0,19000.0,0.0,25.683627167014212,16.5,19.0,0.0,10000.0,36609.11705054953,25000.0,0.0,27.003035022974434,17.0,20.0,0.0,121.0,10.005534597948545,9.0,11.0,1.0,13485.969257831199,10000.0,19000.0,1.0,16.5,17.139621316725975,19.0,1.0,20005.02909415134,10000.0,25000.0,1.0,18.441050644687472,17.0,20.0,1.0,0.0,111.0,1.0,39.0
11.0,22.0,11.0,22.0,-121.0,11.0,12.0,-111.0,10.198087696930104,9.0,11.0,30000.0,10000.0,19000.0,0.0,24.674923701869638,16.5,19.0,0.0,10000.0,36885.60107173186,25000.0,0.0,25.971907379570645,17.0,20.0,0.0,122.0,10.211706908189043,9.0,11.0,1.0,17852.070385425068,10000.0,19000.0,1.0,16.5,18.0901890881383,19.0,1.0,24878.692919042194,10000.0,25000.0,1.0,19.413735811296824,17.0,20.0,1.0,0.0,111.0,1.0,42.0
81.0,23.0,81.0,21.0,-721.0,912.0,12.0,-711.0,15.734932668833405,12.0,17.0,30000.0,12500.0,23000.0,0.0,27.391508095985053,20.0,24.0,0.0,12500.0,34483.216652197516,26000.0,0.0,27.9488945844928,20.0,25.0,0.0,721.0,14.68669975236765,12.0,17.0,1.0,14425.861586650324,12500.0,23000.0,1.0,20.0,20.88169490055191,24.0,1.0,18920.1504814,12500.0,26000.0,1.0,21.44045797174009,20.0,25.0,1.0,0.0,912.0,7.0,11.0
11.0,22.0,11.0,22.0,-121.0,21.0,13.0,-111.0,10.01047276222401,9.0,11.0,30000.0,10000.0,19000.0,0.0,26.086539664656982,16.5,19.0,0.0,10000.0,36418.732268922926,25000.0,0.0,27.3679466110954,17.0,20.0,0.0,121.0,9.97768166662742,9.0,11.0,1.0,14359.48931589613,10000.0,19000.0,1.0,16.5,17.373239105314624,19.0,1.0,20843.258381082076,10000.0,25000.0,1.0,18.667629706315026,17.0,20.0,1.0,0.0,211.0,1.0,47.0
81.0,23.0,81.0,21.0,-721.0,912.0,11.0,-711.0,14.703968381128341,12.0,17.0,30000.0,12500.0,23000.0,0.0,26.00635709690306,20.0,24.0,0.0,12500.0,34501.2990537703,26000.0,0.0,26.566246774017465,20.0,25.0,0.0,721.0,14.953821096751314,12.0,17.0,1.0,14720.770294134289,12500.0,23000.0,1.0,20.0,21.172942158122314,24.0,1.0,19196.163968471716,12500.0,26000.0,1.0,21.729609619971097,20.0,25.0,1.0,0.0,912.0,7.0,12.0
81.0,23.0,81.0,21.0,-721.0,912.0,11.0,-711.0,15.187015473440322,12.0,17.0,30000.0,12500.0,23000.0,0.0,25.862064818769646,20.0,24.0,0.0,12500.0,34044.59178996959,26000.0,0.0,26.357066742589264,20.0,25.0,0.0,722.0,15.08524279690074,12.0,17.0,1.0,12985.438866351591,12500.0,23000.0,1.0,20.0,21.064276421506698,24.0,1.0,17056.97503325974,12500.0,26000.0,1.0,21.562575963259917,20.0,25.0,1.0,0.0,912.0,7.0,12.0
11.0,21.0,11.0,22.0,-121.0,21.0,13.0,-111.0,10.207856677733867,9.0,11.0,30000.0,10000.0,19000.0,0.0,26.817411554623746,16.5,19.0,0.0,10000.0,36907.04860079141,25000.0,0.0,28.115231408408857,17.0,20.0,0.0,122.0,10.174638034751846,9.0,11.0,1.0,13710.429168873623,10000.0,19000.0,1.0,16.5,17.30657163005436,19.0,1.0,20774.917635236685,10000.0,25000.0,1.0,18.633974102281268,17.0,20.0,1.0,0.0,211.0,1.0,9.0
11.0,21.0,11.0,21.0,-121.0,11.0,11.0,-111.0,10.183425325947159,9.0,11.0,30000.0,10000.0,19000.0,0.0,23.88845821985983,16.5,19.0,0.0,10000.0,37084.7889446537,25000.0,0.0,25.221889702327243,17.0,20.0,0.0,122.0,10.202474262002713,9.0,11.0,1.0,13127.996644796158,10000.0,19000.0,1.0,16.5,17.14044819327844,19.0,1.0,20163.446162314478,10000.0,25000.0,1.0,18.464593478798676,17.0,20.0,1.0,0.0,111.0,1.0,18.0
11.0,22.0,11.0,22.0,-121.0,21.0,13.0,-111.0,10.213005291056916,9.0,11.0,30000.0,10000.0,19000.0,0.0,25.581158554580657,16.5,19.0,0.0,10000.0,36953.73130034547,25000.0,0.0,26.889769945090293,17.0,20.0,0.0,122.0,10.208515090258357,9.0,11.0,1.0,13101.750954998282,10000.0,19000.0,1.0,16.5,17.197351631511246,19.0,1.0,20132.206313486146,10000.0,25000.0,1.0,18.520401597812022,17.0,20.0,1.0,0.0,211.0,1.0,28.0
11.0,22.0,11.0,22.0,-121.0,11.0,11.0,-111.0,10.000047297257986,9.0,11.0,30000.0,10000.0,19000.0,0.0,25.00073913665993,16.5,19.0,0.0,10000.0,36560.64457961765,25000.0,0.0,26.3070781843975,17.0,20.0,0.0,121.0,9.996299909274892,9.0,11.0,1.0,15593.265368104558,10000.0,19000.0,1.0,16.5,17.641174169568053,19.0,1.0,22130.261958170246,10000.0,25000.0,1.0,18.9428044891041,17.0,20.0,1.0,0.0,111.0,1.0,50.0
81.0,23.0,81.0,21.0,-721.0,912.0,12.0,-711.0,15.525012672490584,12.0,17.0,30000.0,12500.0,23000.0,0.0,27.383738229340803,20.0,24.0,0.0,12500.0,33980.72344796446,26000.0,0.0,27.869524241904685,20.0,25.0,0.0,722.0,15.504843775303273,12.0,17.0,1.0,16237.225335783038,12500.0,23000.0,1.0,20.0,21.98534287021463,24.0,1.0,20291.232761696716,12500.0,26000.0,1.0,22.480072064061545,20.0,25.0,1.0,0.0,912.0,7.0,30.0
11.0,22.0,11.0,21.0,-121.0,11.0,12.0,-111.0,10.003613467959454,9.0,11.0,30000.0,10000.0,19000.0,0.0,23.918542537319134,16.5,19.0,0.0,10000.0,36490.59102506669,25000.0,0.0,25.213109208976476,17.0,20.0,0.0,121.0,10.002923089380493,9.0,11.0,1.0,14165.980258742136,10000.0,19000.0,1.0,16.5,17.254748989692565,19.0,1.0,20615.240872689203,10000.0,25000.0,1.0,18.541072194375218,17.0,20.0,1.0,0.0,111.0,1.0,46.0
81.0,21.0,81.0,21.0,-721.0,912.0,12.0,-711.0,15.096258264037365,12.0,17.0,30000.0,12500.0,23000.0,0.0,27.396277106638017,20.0,24.0,0.0,12500.0,33985.93220449712,26000.0,0.0,27.88170220351881,20.0,25.0,0.0,722.0,15.19159279960928,12.0,17.0,1.0,15151.87126053176,12500.0,23000.0,1.0,20.0,21.503587941696946,24.0,1.0,19047.61968871952,12500.0,26000.0,1.0,21.978030044862326,20.0,25.0,1.0,0.0,912.0,7.0,6.0
11.0,21.0,11.0,21.0,-121.0,21.0,12.0,-111.0,10.001180383882295,9.0,11.0,30000.0,10000.0,19000.0,0.0,24.662829084354954,16.5,19.0,0.0,10000.0,36382.39003657998,25000.0,0.0,25.93886551520075,17.0,20.0,0.0,121.0,9.985893996028455,9.0,11.0,1.0,13742.428695498656,10000.0,19000.0,1.0,16.5,17.200040716390458,19.0,1.0,20156.242437463472,10000.0,25000.0,1.0,18.48235971421091,17.0,20.0,1.0,0.0,211.0,1.0,6.0
91.0,24.0,91.0,24.0,-721.0,911.0,11.0,-711.0,14.758112721364581,12.0,17.0,30000.0,18000.0,36000.0,1.0,24.81719527071096,20.0,25.0,1.0,18000.0,34476.93317621083,36000.0,1.0,25.376774746504406,20.0,26.0,1.0,721.0,14.657140029469346,12.0,17.0,1.0,25499.077519547274,18000.0,36000.0,1.0,20.0,22.87657793861932,25.0,1.0,29941.17501476381,18000.0,36000.0,1.0,23.431803243523355,20.0,26.0,1.0,1.0,91121.0,7.0,16.0
11.0,21.0,11.0,22.0,-121.0,11.0,12.0,-111.0,10.214131459311881,9.0,11.0,30000.0,10000.0,19000.0,0.0,25.924033955704147,16.5,19.0,0.0,10000.0,36854.562145953714,25000.0,0.0,27.217986841934014,17.0,20.0,0.0,122.0,10.196320312008398,9.0,11.0,1.0,17349.36437333852,10000.0,19000.0,1.0,16.5,18.038558570964447,19.0,1.0,24509.942425148707,10000.0,25000.0,1.0,19.390278847172528,17.0,20.0,1.0,0.0,111.0,1.0,51.0
11.0,22.0,11.0,22.0,-121.0,11.0,11.0,-111.0,10.009193303306553,9.0,11.0,30000.0,10000.0,19000.0,0.0,25.59668471707929,16.5,19.0,0.0,10000.0,36479.703797826245,25000.0,0.0,26.894851204875117,17.0,20.0,0.0,121.0,9.994078363257271,9.0,11.0,1.0,12149.3420131096,10000.0,19000.0,1.0,16.5,16.969957054154,19.0,1.0,18655.98913109915,10000.0,25000.0,1.0,18.27352146080496,17.0,20.0,1.0,0.0,111.0,1.0,57.0
11.0,22.0,11.0,21.0,-121.0,11.0,11.0,-111.0,9.979316207109678,9.0,11.0,30000.0,10000.0,19000.0,0.0,23.513153871877257,16.5,19.0,0.0,10000.0,36516.13850675951,25000.0,0.0,24.811119237616385,17.0,20.0,0.0,121.0,10.012258283754914,9.0,11.0,1.0,12408.611296524195,10000.0,19000.0,1.0,16.5,16.931391767525504,19.0,1.0,18923.790017522682,10000.0,25000.0,1.0,18.229165951220995,17.0,20.0,1.0,0.0,111.0,1.0,12.0
11.0,22.0,11.0,22.0,-121.0,21.0,12.0,-111.0,10.180933606110871,9.0,11.0,30000.0,10000.0,19000.0,0.0,24.855558894538476,16.5,19.0,0.0,10000.0,37020.484623606295,25000.0,0.0,26.185215009944212,17.0,20.0,0.0,122.0,10.18764374511411,9.0,11.0,1.0,15948.425953965601,10000.0,19000.0,1.0,16.5,17.746219511785007,19.0,1.0,22937.258989977945,10000.0,25000.0,1.0,19.069880923226137,17.0,20.0,1.0,0.0,211.0,1.0,48.0
81.0,23.0,81.0,21.0,-721.0,912.0,12.0,-711.0,15.191461484710134,12.0,17.0,30000.0,12500.0,23000.0,0.0,25.392956418725735,20.0,24.0,0.0,12500.0,33985.316819251486,26000.0,0.0,25.878741141133784,20.0,25.0,0.0,722.0,15.274177669867091,12.0,17.0,1.0,15893.24505107801,12500.0,23000.0,1.0,20.0,21.779007546132895,24.0,1.0,19971.182650587078,12500.0,26000.0,1.0,22.27608215139525,20.0,25.0,1.0,0.0,912.0,7.0,30.0
92.0,24.0,92.0,24.0,-721.0,921.0,13.0,-711.0,15.214344151389483,12.0,17.0,30000.0,15000.0,28000.0,0.0,24.708553932671855,19.5,25.0,1.0,15000.0,34021.77965464755,28000.0,0.0,25.201463332412946,20.0,26.0,1.0,722.0,15.486106418160073,12.0,17.0,1.0,22646.75249909029,15000.0,28000.0,1.0,19.5,22.288572190549196,25.0,1.0,26608.921404472407,15000.0,28000.0,1.0,22.77417569559648,20.0,26.0,1.0,0.0,92122.0,7.0,25.0
11.0,22.0,11.0,21.0,-121.0,21.0,13.0,-111.0,10.00066393565938,9.0,11.0,30000.0,10000.0,19000.0,0.0,25.348619394729432,16.5,19.0,0.0,10000.0,36469.48213438261,25000.0,0.0,26.645759001543958,17.0,20.0,0.0,121.0,10.006024274034646,9.0,11.0,1.0,13445.612868347544,10000.0,19000.0,1.0,16.5,17.163566043553974,19.0,1.0,19880.166909725263,10000.0,25000.0,1.0,18.45370252216039,17.0,20.0,1.0,0.0,211.0,1.0,58.0
11.0,22.0,11.0,21.0,-121.0,21.0,13.0,-111.0,10.018292637663961,9.0,11.0,30000.0,10000.0,19000.0,0.0,24.545419792616983,16.5,19.0,0.0,10000.0,36585.191257283834,25000.0,0.0,25.86542221708165,17.0,20.0,0.0,121.0,9.999553293414504,9.0,11.0,1.0,13690.070850998249,10000.0,19000.0,1.0,16.5,17.217388212483765,19.0,1.0,20227.446771972314,10000.0,25000.0,1.0,18.52780604670807,17.0,20.0,1.0,0.0,211.0,1.0,33.0
11.0,22.0,11.0,21.0,-121.0,21.0,12.0,-111.0,10.189533557985348,9.0,11.0,30000.0,10000.0,19000.0,0.0,23.820727555063186,16.5,19.0,0.0,10000.0,36966.75995070237,25000.0,0.0,25.12858003286927,17.0,20.0,0.0,122.0,10.214359450348269,9.0,11.0,1.0,15372.485339787485,10000.0,19000.0,1.0,16.5,17.575884527419515,19.0,1.0,22368.562040545752,10000.0,25000.0,1.0,18.889240565628587,17.0,20.0,1.0,0.0,211.0,1.0,53.0
11.0,22.0,11.0,22.0,-121.0,21.0,13.0,-111.0,10.186566430073192,9.0,11.0,30000.0,10000.0,19000.0,0.0,25.885710758659762,16.5,19.0,0.0,10000.0,37068.89276643647,25000.0,0.0,27.218976378257974,17.0,20.0,0.0,122.0,10.197574945001845,9.0,11.0,1.0,14008.62647482245,10000.0,19000.0,1.0,16.5,17.364643651666793,19.0,1.0,20967.54019228144,10000.0,25000.0,1.0,18.677166095534005,17.0,20.0,1.0,0.0,211.0,1.0,16.0
11.0,22.0,11.0,21.0,-121.0,11.0,12.0,-111.0,10.195273592759394,9.0,11.0,30000.0,10000.0,19000.0,0.0,24.484075742775005,16.5,19.0,0.0,10000.0,37001.74923566453,25000.0,0.0,25.802104178560654,17.0,20.0,0.0,122.0,10.201576763778286,9.0,11.0,1.0,17014.967081939943,10000.0,19000.0,1.0,16.5,17.894307204164658,19.0,1.0,23950.408969569948,10000.0,25000.0,1.0,19.199853763312127,17.0,20.0,1.0,0.0,111.0,1.0,45.0
81.0,21.0,81.0,21.0,-721.0,912.0,12.0,-711.0,14.896326251553866,12.0,17.0,30000.0,12500.0,23000.0,0.0,26.968619277105702,20.0,24.0,0.0,12500.0,33939.7926203729,26000.0,0.0,27.448972611159775,20.0,25.0,0.0,722.0,15.244410410801496,12.0,17.0,1.0,14823.10010091207,12500.0,23000.0,1.0,20.0,21.479703092898127,24.0,1.0,18750.477620608897,12500.0,26000.0,1.0,21.9585427343351,20.0,25.0,1.0,0.0,912.0,7.0,6.0
11.0,22.0,11.0,22.0,-121.0,11.0,11.0,-111.0,10.177612129127077,9.0,11.0,30000.0,10000.0,19000.0,0.0,26.15541340092313,16.5,19.0,0.0,10000.0,37091.04336453591,25000.0,0.0,27.50021535302444,17.0,20.0,0.0,122.0,10.20404469363406,9.0,11.0,1.0,15219.444610061064,10000.0,19000.0,1.0,16.5,17.625277276961572,19.0,1.0,22118.0433582437,10000.0,25000.0,1.0,18.933582498971287,17.0,20.0,1.0,0.0,111.0,1.0,55.0
11.0,21.0,11.0,21.0,-121.0,21.0,12.0,-111.0,10.219763825648451,9.0,11.0,30000.0,10000.0,19000.0,0.0,25.17112566568753,16.5,19.0,0.0,10000.0,37051.89216382375,25000.0,0.0,26.50072099226295,17.0,20.0,0.0,122.0,10.207957399917179,9.0,11.0,1.0,13012.553711270744,10000.0,19000.0,1.0,16.5,17.10155962967236,19.0,1.0,20126.21696269072,10000.0,25000.0,1.0,18.442801553710904,17.0,20.0,1.0,0.0,211.0,1.0,6.0
91.0,24.0,91.0,21.0,-721.0,911.0,11.0,-711.0,15.415609776635966,12.0,17.0,30000.0,18000.0,36000.0,1.0,24.61409397849853,20.0,25.0,1.0,18000.0,34538.84279029719,36000.0,1.0,25.179709615367106,20.0,26.0,1.0,721.0,14.699819888259528,12.0,17.0,1.0,19999.104360785423,18000.0,36000.0,1.0,20.0,22.09739580053899,25.0,1.0,24486.46663548068,18000.0,36000.0,1.0,22.656596105138128,20.0,26.0,1.0,1.0,91121.0,7.0,2.0
11.0,22.0,11.0,22.0,-121.0,21.0,13.0,-111.0,10.213440251825403,9.0,11.0,30000.0,10000.0,19000.0,0.0,25.603463877128398,16.5,19.0,0.0,10000.0,37133.81369631912,25000.0,0.0,26.955236988911246,17.0,20.0,0.0,122.0,10.177658908374324,9.0,11.0,1.0,15308.584384054237,10000.0,19000.0,1.0,16.5,17.59389629385422,19.0,1.0,22168.187829346793,10000.0,25000.0,1.0,18.893709814303165,17.0,20.0,1.0,0.0,211.0,1.0,36.0
11.0,22.0,11.0,21.0,-121.0,11.0,12.0,-111.0,9.995139142224549,9.0,11.0,30000.0,10000.0,19000.0,0.0,23.979769419736712,16.5,19.0,0.0,10000.0,36652.63472730211,25000.0,0.0,25.312340194608833,17.0,20.0,0.0,121.0,9.975534615315228,9.0,11.0,1.0,15142.582562671203,10000.0,19000.0,1.0,16.5,17.490242410037066,19.0,1.0,21670.764813027556,10000.0,25000.0,1.0,18.797884455099666,17.0,20.0,1.0,0.0,111.0,1.0,10.0
92.0,24.0,92.0,24.0,-721.0,921.0,13.0,-711.0,15.344594969161902,12.0,17.0,30000.0,15000.0,28000.0,0.0,24.424644598445486,19.5,25.0,1.0,15000.0,33930.3167658687,28000.0,0.0,24.903594436385756,20.0,26.0,1.0,722.0,15.025394019834387,12.0,17.0,1.0,23509.19992199873,15000.0,28000.0,1.0,19.5,21.969635057831454,25.0,1.0,27480.78325982508,15000.0,28000.0,1.0,22.453613655316783,20.0,26.0,1.0,0.0,92122.0,7.0,25.0
91.0,24.0,91.0,21.0,-721.0,911.0,11.0,-711.0,15.477593926459548,12.0,17.0,30000.0,18000.0,36000.0,1.0,25.25800698646292,20.0,25.0,0.0,18000.0,34506.3115928945,36000.0,1.0,25.82183039459817,20.0,26.0,1.0,721.0,14.929201179994596,12.0,17.0,1.0,25048.87450389067,18000.0,36000.0,1.0,20.0,22.964277746761976,25.0,1.0,29525.403788443364,18000.0,36000.0,1.0,23.524374834103543,20.0,26.0,1.0,0.0,91121.0,7.0,2.0
11.0,21.0,11.0,22.0,-121.0,11.0,11.0,-111.0,10.001599052376516,9.0,11.0,30000.0,10000.0,19000.0,0.0,25.750091099263297,16.5,19.0,0.0,10000.0,36499.864687509755,25000.0,0.0,27.050924753671914,17.0,20.0,0.0,121.0,10.006705943115481,9.0,11.0,1.0,14781.910698835742,10000.0,19000.0,1.0,16.5,17.530954882181938,19.0,1.0,21224.380743007798,10000.0,25000.0,1.0,18.820302007681743,17.0,20.0,1.0,0.0,111.0,1.0,29.0
11.0,22.0,11.0,22.0,-121.0,11.0,11.0,-111.0,9.998923763126111,9.0,11.0,30000.0,10000.0,19000.0,0.0,25.110910584751025,16.5,19.0,0.0,10000.0,36484.282273705234,25000.0,0.0,26.409502238630136,17.0,20.0,0.0,121.0,9.99929769806912,9.0,11.0,1.0,12436.374372988408,10000.0,19000.0,1.0,16.5,17.01383065115273,19.0,1.0,18953.0337978105,10000.0,25000.0,1.0,18.318906399406824,17.0,20.0,1.0,0.0,111.0,1.0,11.0
11.0,22.0,11.0,21.0,-121.0,21.0,13.0,-111.0,10.00681836541798,9.0,11.0,30000.0,10000.0,19000.0,0.0,27.24823520135861,16.5,19.0,0.0,10000.0,36495.62602784054,25000.0,0.0,28.55029087818086,17.0,20.0,0.0,121.0,9.995921532570891,9.0,11.0,1.0,12372.507462063832,10000.0,19000.0,1.0,16.5,16.963357211736877,19.0,1.0,18857.07831658007,10000.0,25000.0,1.0,18.26319686640461,17.0,20.0,1.0,0.0,211.0,1.0,58.0
11.0,22.0,11.0,22.0,-121.0,21.0,13.0,-111.0,9.984774100588972,9.0,11.0,30000.0,10000.0,19000.0,0.0,26.44762749411862,16.5,19.0,0.0,10000.0,36469.66503304828,25000.0,0.0,27.735899879363703,17.0,20.0,0.0,121.0,10.000066272407432,9.0,11.0,1.0,13714.989249042283,10000.0,19000.0,1.0,16.5,17.25557285633999,19.0,1.0,20247.749017466736,10000.0,25000.0,1.0,18.556408984039166,17.0,20.0,1.0,0.0,211.0,1.0,21.0
91.0,24.0,91.0,24.0,-721.0,911.0,12.0,-711.0,15.084361182129125,12.0,17.0,30000.0,18000.0,36000.0,1.0,24.72278425492925,20.0,25.0,1.0,18000.0,34504.86267413809,36000.0,1.0,25.28472172401111,20.0,26.0,1.0,721.0,14.801329514080146,12.0,17.0,1.0,28079.602324776246,18000.0,36000.0,1.0,20.0,23.27494377823695,25.0,1.0,32593.326859172106,18000.0,36000.0,1.0,23.837986677536072,20.0,26.0,1.0,1.0,91121.0,7.0,13.0
11.0,21.0,11.0,21.0,-121.0,21.0,12.0,-111.0,10.20119154162887,9.0,11.0,30000.0,10000.0,19000.0,0.0,25.24006822148154,16.5,19.0,0.0,10000.0,36909.76125702869,25000.0,0.0,26.541285954262516,17.0,20.0,0.0,122.0,10.231698570740623,9.0,11.0,1.0,14237.940117015425,10000.0,19000.0,1.0,16.5,17.405208091682486,19.0,1.0,21283.745560920095,10000.0,25000.0,1.0,18.732045104467492,17.0,20.0,1.0,0.0,211.0,1.0,6.0
81.0,23.0,81.0,21.0,-721.0,912.0,12.0,-711.0,14.701398373214891,12.0,17.0,30000.0,12500.0,23000.0,0.0,25.898902248536036,20.0,24.0,0.0,12500.0,34484.47198499572,26000.0,0.0,26.458942968052718,20.0,25.0,0.0,721.0,14.809878054176613,12.0,17.0,1.0,14349.47637731398,12500.0,23000.0,1.0,20.0,21.067150952796265,24.0,1.0,18816.250772267915,12500.0,26000.0,1.0,21.62498151890049,20.0,25.0,1.0,0.0,912.0,7.0,30.0
11.0,22.0,11.0,22.0,-121.0,11.0,11.0,-111.0,10.209121826516517,9.0,11.0,30000.0,10000.0,19000.0,0.0,23.59496139377481,16.5,19.0,0.0,10000.0,37176.75592382935,25000.0,0.0,24.94739163459082,17.0,20.0,0.0,122.0,10.228651286453584,9.0,11.0,1.0,13433.871216440208,10000.0,19000.0,1.0,16.5,17.261820225344405,19.0,1.0,20444.486110468224,10000.0,25000.0,1.0,18.582941870002426,17.0,20.0,1.0,0.0,111.0,1.0,15.0
11.0,22.0,11.0,21.0,-121.0,11.0,12.0,-111.0,10.20127881855891,9.0,11.0,30000.0,10000.0,19000.0,0.0,24.39102004935178,16.5,19.0,0.0,10000.0,37030.237498160175,25000.0,0.0,25.715988136314664,17.0,20.0,0.0,122.0,10.198888633327785,9.0,11.0,1.0,14419.766344299462,10000.0,19000.0,1.0,16.5,17.401023123564578,19.0,1.0,21384.98766854681,10000.0,25000.0,1.0,18.713737804352565,17.0,20.0,1.0,0.0,111.0,1.0,46.0
11.0,21.0,11.0,22.0,-121.0,21.0,12.0,-111.0,10.196405820687186,9.0,11.0,30000.0,10000.0,19000.0,0.0,26.05090829471775,16.5,19.0,0.0,10000.0,36989.77662094487,25000.0,0.0,27.368276293850744,17.0,20.0,0.0,122.0,10.21782955764284,9.0,11.0,1.0,15675.318251572275,10000.0,19000.0,1.0,16.5,17.710429148257976,19.0,1.0,22534.14249757628,10000.0,25000.0,1.0,19.003116463370166,17.0,20.0,1.0,0.0,211.0,1.0,37.0
11.0,22.0,11.0,21.0,-121.0,11.0,11.0,-111.0,10.177519537795297,9.0,11.0,30000.0,10000.0,19000.0,0.0,23.674585465706116,16.5,19.0,0.0,10000.0,37085.53642827673,25000.0,0.0,25.0184167096444,17.0,20.0,0.0,122.0,10.19904684371442,9.0,11.0,1.0,11781.867157255798,10000.0,19000.0,1.0,16.5,16.915659149671406,19.0,1.0,18778.330148847846,10000.0,25000.0,1.0,18.242596871371322,17.0,20.0,1.0,0.0,111.0,1.0,26.0
11.0,21.0,11.0,22.0,-121.0,11.0,11.0,-111.0,10.213807588461679,9.0,11.0,30000.0,10000.0,19000.0,0.0,23.517117381780807,16.5,19.0,0.0,10000.0,37029.094924861056,25000.0,0.0,24.840965401657087,17.0,20.0,0.0,122.0,10.21493445649516,9.0,11.0,1.0,13938.74411724107,10000.0,19000.0,1.0,16.5,17.36052908540172,19.0,1.0,20992.87312841403,10000.0,25000.0,1.0,18.689091983359415,17.0,20.0,1.0,0.0,111.0,1.0,35.0
11.0,22.0,11.0,21.0,-121.0,11.0,11.0,-111.0,9.975913057366082,9.0,11.0,30000.0,10000.0,19000.0,0.0,24.589265274563182,16.5,19.0,0.0,10000.0,36527.428641884035,25000.0,0.0,25.89467300816933,17.0,20.0,0.0,121.0,10.007718280466289,9.0,11.0,1.0,14848.592977108192,10000.0,19000.0,1.0,16.5,17.448158955611447,19.0,1.0,21313.858343023865,10000.0,25000.0,1.0,18.74113477679887,17.0,20.0,1.0,0.0,111.0,1.0,1.0
91.0,24.0,91.0,24.0,-721.0,911.0,11.0,-711.0,15.27634632492482,12.0,17.0,30000.0,18000.0,36000.0,1.0,25.52766333755587,20.0,25.0,0.0,18000.0,34017.60618483965,36000.0,1.0,26.019057802526113,20.0,26.0,0.0,722.0,15.293227993664228,12.0,17.0,1.0,27345.23989753633,18000.0,36000.0,1.0,20.0,23.664406537192697,25.0,1.0,31468.372173160606,18000.0,36000.0,1.0,24.168707925971745,20.0,26.0,1.0,0.0,91121.0,7.0,9.0
91.0,21.0,91.0,24.0,-721.0,911.0,11.0,-711.0,15.23261555101705,12.0,17.0,30000.0,18000.0,36000.0,1.0,25.69651042906363,20.0,25.0,0.0,18000.0,34017.32878162598,36000.0,1.0,26.187233415064068,20.0,26.0,0.0,722.0,15.36614173886885,12.0,17.0,1.0,26320.600923386235,18000.0,36000.0,1.0,20.0,23.5648826887465,25.0,1.0,30315.395401976806,18000.0,36000.0,1.0,24.052853074431138,20.0,26.0,1.0,0.0,91121.0,7.0,18.0
11.0,22.0,11.0,21.0,-121.0,21.0,13.0,-111.0,10.013124769235885,9.0,11.0,30000.0,10000.0,19000.0,0.0,25.774714541305755,16.5,19.0,0.0,10000.0,36478.23372006584,25000.0,0.0,27.072801859662697,17.0,20.0,0.0,121.0,9.986464562906225,9.0,11.0,1.0,11254.88812851155,10000.0,19000.0,1.0,16.5,16.713973007035996,19.0,1.0,17732.210398692176,10000.0,25000.0,1.0,18.01187769204125,17.0,20.0,1.0,0.0,211.0,1.0,33.0
11.0,22.0,11.0,21.0,-121.0,11.0,12.0,-111.0,9.99665249568836,9.0,11.0,30000.0,10000.0,19000.0,0.0,23.828319755738214,16.5,19.0,0.0,10000.0,36587.80143555917,25000.0,0.0,25.14641676598636,17.0,20.0,0.0,121.0,9.997058526923395,9.0,11.0,1.0,14826.91922818317,10000.0,19000.0,1.0,16.5,17.46543800256118,19.0,1.0,21288.554061589617,10000.0,25000.0,1.0,18.75829141329932,17.0,20.0,1.0,0.0,111.0,1.0,46.0
92.0,24.0,92.0,24.0,-721.0,921.0,13.0,-711.0,16.07793634685232,12.0,17.0,30000.0,15000.0,28000.0,0.0,25.09968736811527,19.5,25.0,0.0,15000.0,34514.409574929174,28000.0,0.0,25.660682781157075,20.0,26.0,1.0,721.0,15.951121468542173,12.0,17.0,1.0,20773.387392249308,15000.0,28000.0,1.0,19.5,22.58062090762494,25.0,1.0,25279.627414435272,15000.0,28000.0,1.0,23.140601108923224,20.0,26.0,1.0,0.0,92122.0,7.0,22.0
91.0,24.0,91.0,24.0,-721.0,911.0,11.0,-711.0,15.116107179003482,12.0,17.0,30000.0,18000.0,36000.0,1.0,24.863537457208025,20.0,25.0,1.0,18000.0,34041.55446778434,36000.0,1.0,25.35425257063125,20.0,26.0,1.0,722.0,15.222538940764414,12.0,17.0,1.0,23627.53725427623,18000.0,36000.0,1.0,20.0,23.070919816726775,25.0,1.0,27686.23148812941,18000.0,36000.0,1.0,23.563715996313416,20.0,26.0,1.0,1.0,91121.0,7.0,16.0
91.0,24.0,91.0,24.0,-721.0,911.0,11.0,-711.0,15.24652773038737,12.0,17.0,30000.0,18000.0,36000.0,1.0,24.51287038481274,20.0,25.0,1.0,18000.0,33984.21482596179,36000.0,1.0,24.99857487930256,20.0,26.0,1.0,722.0,15.025799802813136,12.0,17.0,1.0,29080.558186467522,18000.0,36000.0,1.0,20.0,23.634997377881277,25.0,1.0,33015.05880399807,18000.0,36000.0,1.0,24.114641352160763,20.0,26.0,1.0,1.0,91121.0,7.0,0.0
81.0,23.0,81.0,23.0,-721.0,912.0,12.0,-711.0,15.276748660515084,12.0,17.0,30000.0,12500.0,23000.0,0.0,26.628675269953604,20.0,24.0,0.0,12500.0,34079.708816604456,26000.0,0.0,27.12797772867542,20.0,25.0,0.0,722.0,15.23038248071481,12.0,17.0,1.0,17477.12164609641,12500.0,23000.0,1.0,20.0,21.94100182252003,24.0,1.0,21445.15502557377,12500.0,26000.0,1.0,22.426636683174685,20.0,25.0,1.0,0.0,912.0,7.0,5.0
11.0,22.0,11.0,21.0,-121.0,21.0,13.0,-111.0,10.010291981040087,9.0,11.0,30000.0,10000.0,19000.0,0.0,26.68042154964297,16.5,19.0,0.0,10000.0,36473.728622000555,25000.0,0.0,27.972261082173677,17.0,20.0,0.0,121.0,10.008216846260972,9.0,11.0,1.0,12527.86616133696,10000.0,19000.0,1.0,16.5,16.968329215843443,19.0,1.0,19005.191128488204,10000.0,25000.0,1.0,18.260886402929902,17.0,20.0,1.0,0.0,211.0,1.0,33.0
11.0,21.0,11.0,22.0,-121.0,21.0,13.0,-111.0,10.210167769096383,9.0,11.0,30000.0,10000.0,19000.0,0.0,27.464401509659723,16.5,19.0,0.0,10000.0,37072.61428703325,25000.0,0.0,28.79753806228332,17.0,20.0,0.0,122.0,10.198000022300606,9.0,11.0,1.0,15615.552308419836,10000.0,19000.0,1.0,16.5,17.66402457489621,19.0,1.0,22618.913595213955,10000.0,25000.0,1.0,18.98410743870676,17.0,20.0,1.0,0.0,211.0,1.0,9.0
91.0,24.0,91.0,24.0,-721.0,911.0,12.0,-711.0,15.545938150995992,12.0,17.0,30000.0,18000.0,36000.0,1.0,25.05091800514529,20.0,25.0,0.0,18000.0,34487.37896500787,36000.0,1.0,25.61146150956023,20.0,26.0,1.0,721.0,15.466781522282284,12.0,17.0,1.0,25808.67960622117,18000.0,36000.0,1.0,20.0,23.649195809035064,25.0,1.0,30252.74897718119,18000.0,36000.0,1.0,24.20432927079221,20.0,26.0,1.0,0.0,91121.0,7.0,8.0
11.0,22.0,11.0,22.0,-121.0,11.0,12.0,-111.0,9.983812605509815,9.0,11.0,30000.0,10000.0,19000.0,0.0,25.483174621638202,16.5,19.0,0.0,10000.0,36464.65760491377,25000.0,0.0,26.77790821502834,17.0,20.0,0.0,121.0,10.003657146925358,9.0,11.0,1.0,15427.17451615941,10000.0,19000.0,1.0,16.5,17.651450190956336,19.0,1.0,21880.072389129135,10000.0,25000.0,1.0,18.94382855984307,17.0,20.0,1.0,0.0,111.0,1.0,14.0
11.0,21.0,11.0,22.0,-121.0,21.0,13.0,-111.0,9.99999231696034,9.0,11.0,30000.0,10000.0,19000.0,0.0,27.394285288123655,16.5,19.0,0.0,10000.0,36467.93101354031,25000.0,0.0,28.692695335269725,17.0,20.0,0.0,121.0,10.002479653307534,9.0,11.0,1.0,14770.705382646778,10000.0,19000.0,1.0,16.5,17.4837364070999,19.0,1.0,21281.065069106397,10000.0,25000.0,1.0,18.790663832537447,17.0,20.0,1.0,0.0,211.0,1.0,9.0
11.0,21.0,11.0,22.0,-121.0,21.0,13.0,-111.0,10.000009369914437,9.0,11.0,30000.0,10000.0,19000.0,0.0,28.514785403195482,16.5,19.0,0.0,10000.0,36450.72435365842,25000.0,0.0,29.804152624717034,17.0,20.0,0.0,121.0,9.982343637401582,9.0,11.0,1.0,15702.3980991297,10000.0,19000.0,1.0,16.5,17.639918665248942,19.0,1.0,22249.310580844874,10000.0,25000.0,1.0,18.948511916688446,17.0,20.0,1.0,0.0,211.0,1.0,52.0
11.0,22.0,11.0,22.0,-121.0,11.0,11.0,-111.0,10.190272501184094,9.0,11.0,30000.0,10000.0,19000.0,0.0,24.127392761630738,16.5,19.0,0.0,10000.0,37094.9188571153,25000.0,0.0,25.470592138853092,17.0,20.0,0.0,122.0,10.203205542614835,9.0,11.0,1.0,15629.334322068906,10000.0,19000.0,1.0,16.5,17.677065167191035,19.0,1.0,22755.042675241068,10000.0,25000.0,1.0,19.02609356554266,17.0,20.0,1.0,0.0,111.0,1.0,50.0
11.0,21.0,11.0,21.0,-121.0,21.0,12.0,-111.0,9.993992431593862,9.0,11.0,30000.0,10000.0,19000.0,0.0,26.108412539932992,16.5,19.0,0.0,10000.0,36491.62306706692,25000.0,0.0,27.411933483130465,17.0,20.0,0.0,121.0,9.995393766877584,9.0,11.0,1.0,13958.109954063037,10000.0,19000.0,1.0,16.5,17.237685322115006,19.0,1.0,20551.72748761892,10000.0,25000.0,1.0,18.561686801810833,17.0,20.0,1.0,0.0,211.0,1.0,6.0
11.0,22.0,11.0,21.0,-121.0,21.0,12.0,-111.0,10.193645182790394,9.0,11.0,30000.0,10000.0,19000.0,0.0,24.212371458007574,16.5,19.0,0.0,10000.0,37058.15521269184,25000.0,0.0,25.543132994972684,17.0,20.0,0.0,122.0,10.176539232665409,9.0,11.0,1.0,13934.563739807701,10000.0,19000.0,1.0,16.5,17.312221061613197,19.0,1.0,20976.185860523503,10000.0,25000.0,1.0,18.639865409705887,17.0,20.0,1.0,0.0,211.0,1.0,53.0
11.0,21.0,11.0,22.0,-121.0,21.0,13.0,-111.0,9.994326108513986,9.0,11.0,30000.0,10000.0,19000.0,0.0,27.649149493006703,16.5,19.0,0.0,10000.0,36440.79822388834,25000.0,0.0,28.93038948356624,17.0,20.0,0.0,121.0,9.985652340804151,9.0,11.0,1.0,12553.741565230517,10000.0,19000.0,1.0,16.5,17.035300952209113,19.0,1.0,19041.34868125874,10000.0,25000.0,1.0,18.325852432189475,17.0,20.0,1.0,0.0,211.0,1.0,32.0
11.0,22.0,11.0,22.0,-121.0,11.0,12.0,-111.0,10.006581468265123,9.0,11.0,30000.0,10000.0,19000.0,0.0,23.640252628958226,16.5,19.0,0.0,10000.0,36386.53425144895,25000.0,0.0,24.918438584844893,17.0,20.0,0.0,121.0,10.006657308562696,9.0,11.0,1.0,15654.17133337371,10000.0,19000.0,1.0,16.5,17.672099325783346,19.0,1.0,22181.954347881467,10000.0,25000.0,1.0,18.97855447715537,17.0,20.0,1.0,0.0,111.0,1.0,14.0
11.0,22.0,11.0,22.0,-121.0,11.0,12.0,-111.0,10.180670515663271,9.0,11.0,30000.0,10000.0,19000.0,0.0,25.53412832369939,16.5,19.0,0.0,10000.0,36977.40606015038,25000.0,0.0,26.851805608261927,17.0,20.0,0.0,122.0,10.216723970391287,9.0,11.0,1.0,13744.689506651312,10000.0,19000.0,1.0,16.5,17.32831623417198,19.0,1.0,20715.533861320633,10000.0,25000.0,1.0,18.644754346155786,17.0,20.0,1.0,0.0,111.0,1.0,42.0
91.0,24.0,91.0,24.0,-721.0,911.0,12.0,-711.0,14.986611799451001,12.0,17.0,30000.0,18000.0,36000.0,1.0,23.61673212118255,20.0,25.0,1.0,18000.0,34002.9871517339,36000.0,1.0,24.107494440952024,20.0,26.0,1.0,722.0,15.266872274989264,12.0,17.0,1.0,25951.3267067631,18000.0,36000.0,1.0,20.0,23.529568054958347,25.0,1.0,29939.168009416186,18000.0,36000.0,1.0,24.01847350840574,20.0,26.0,1.0,1.0,91121.0,7.0,8.0
11.0,21.0,11.0,21.0,-121.0,21.0,12.0,-111.0,10.01355682393517,9.0,11.0,30000.0,10000.0,19000.0,0.0,25.471641723143478,16.5,19.0,0.0,10000.0,36468.09100311899,25000.0,0.0,26.760780483243398,17.0,20.0,0.0,121.0,9.997012352719002,9.0,11.0,1.0,12430.219235392178,10000.0,19000.0,1.0,16.5,16.96066724976466,19.0,1.0,18885.1051565046,10000.0,25000.0,1.0,18.24717413856952,17.0,20.0,1.0,0.0,211.0,1.0,6.0
11.0,22.0,11.0,22.0,-121.0,11.0,11.0,-111.0,9.977841344960941,9.0,11.0,30000.0,10000.0,19000.0,0.0,24.341728998818,16.5,19.0,0.0,10000.0,36542.56022908718,25000.0,0.0,25.651642609820932,17.0,20.0,0.0,121.0,10.008072289994868,9.0,11.0,1.0,17310.152589317808,10000.0,19000.0,1.0,16.5,18.055576247422316,19.0,1.0,23910.116406924644,10000.0,25000.0,1.0,19.376982873283257,17.0,20.0,1.0,0.0,111.0,1.0,38.0
11.0,21.0,11.0,21.0,-121.0,21.0,12.0,-111.0,10.185834272773187,9.0,11.0,30000.0,10000.0,19000.0,0.0,25.556323726183493,16.5,19.0,0.0,10000.0,36892.200131138794,25000.0,0.0,26.851096593469645,17.0,20.0,0.0,122.0,10.216515474647542,9.0,11.0,1.0,14375.001168567473,10000.0,19000.0,1.0,16.5,17.380586825847608,19.0,1.0,21402.638794966762,10000.0,25000.0,1.0,18.70080306255715,17.0,20.0,1.0,0.0,211.0,1.0,6.0
11.0,22.0,11.0,22.0,-121.0,21.0,13.0,-111.0,9.97831955899451,9.0,11.0,30000.0,10000.0,19000.0,0.0,26.72663216523732,16.5,19.0,0.0,10000.0,36514.50400563071,25000.0,0.0,28.036691392284013,17.0,20.0,0.0,121.0,10.011752247340443,9.0,11.0,1.0,14721.717377680705,10000.0,19000.0,1.0,16.5,17.443091543739968,19.0,1.0,21280.52759476114,10000.0,25000.0,1.0,18.762060698706733,17.0,20.0,1.0,0.0,211.0,1.0,36.0
92.0,24.0,92.0,24.0,-721.0,921.0,13.0,-711.0,15.243901959545548,12.0,17.0,30000.0,15000.0,28000.0,0.0,25.438780555714303,19.5,25.0,0.0,15000.0,34465.687310269874,28000.0,0.0,25.99483054165802,20.0,26.0,1.0,721.0,14.790781655337854,12.0,17.0,1.0,20816.11349748221,15000.0,28000.0,1.0,19.5,21.40942057962117,25.0,1.0,25333.61509132658,15000.0,28000.0,1.0,21.971922278291622,20.0,26.0,1.0,0.0,92122.0,7.0,22.0
91.0,24.0,91.0,24.0,-721.0,911.0,12.0,-711.0,14.895008711149057,12.0,17.0,30000.0,18000.0,36000.0,1.0,24.863324205024696,20.0,25.0,1.0,18000.0,34488.99275798928,36000.0,1.0,25.42577079533204,20.0,26.0,1.0,721.0,15.044392002299075,12.0,17.0,1.0,30131.91889076969,18000.0,36000.0,1.0,20.0,23.891611113400725,25.0,1.0,34625.16992114352,18000.0,36000.0,1.0,24.454591242279506,20.0,26.0,1.0,1.0,91121.0,7.0,32.0
11.0,22.0,11.0,22.0,-121.0,21.0,13.0,-111.0,10.20099340813451,9.0,11.0,30000.0,10000.0,19000.0,0.0,26.400074382754873,16.5,19.0,0.0,10000.0,37231.253139142784,25000.0,0.0,27.762256194006135,17.0,20.0,0.0,122.0,10.213869887425092,9.0,11.0,1.0,14362.445136249997,10000.0,19000.0,1.0,16.5,17.416387735411362,19.0,1.0,21630.64745442711,10000.0,25000.0,1.0,18.78552982016609,17.0,20.0,1.0,0.0,211.0,1.0,41.0
11.0,21.0,11.0,22.0,-121.0,11.0,12.0,-111.0,9.98775236813843,9.0,11.0,30000.0,10000.0,19000.0,0.0,24.855758274685716,16.5,19.0,0.0,10000.0,36460.91091263093,25000.0,0.0,26.15090962025838,17.0,20.0,0.0,121.0,10.007108534302867,9.0,11.0,1.0,14761.757738475648,10000.0,19000.0,1.0,16.5,17.480672117383705,19.0,1.0,21313.255012878562,10000.0,25000.0,1.0,18.79398236499449,17.0,20.0,1.0,0.0,111.0,1.0,7.0
11.0,22.0,11.0,22.0,-121.0,11.0,11.0,-111.0,10.020238533350652,9.0,11.0,30000.0,10000.0,19000.0,0.0,24.993920724099432,16.5,19.0,0.0,10000.0,36694.26910200922,25000.0,0.0,26.335715922835547,17.0,20.0,0.0,121.0,9.994279518139768,9.0,11.0,1.0,15220.510398213515,10000.0,19000.0,1.0,16.5,17.59358247878752,19.0,1.0,21851.807568975688,10000.0,25000.0,1.0,18.922755622193197,17.0,20.0,1.0,0.0,111.0,1.0,55.0
11.0,22.0,11.0,22.0,-121.0,11.0,11.0,-111.0,10.19666292431569,9.0,11.0,30000.0,10000.0,19000.0,0.0,23.983312718946316,16.5,19.0,0.0,10000.0,37105.132070825974,25000.0,0.0,25.322957494357375,17.0,20.0,0.0,122.0,10.213492981177321,9.0,11.0,1.0,16566.600371177527,10000.0,19000.0,1.0,16.5,17.883092246661036,19.0,1.0,23654.07841413883,10000.0,25000.0,1.0,19.21940842438269,17.0,20.0,1.0,0.0,111.0,1.0,15.0
11.0,22.0,11.0,21.0,-121.0,21.0,13.0,-111.0,10.209865399887246,9.0,11.0,30000.0,10000.0,19000.0,0.0,24.7371769896177,16.5,19.0,0.0,10000.0,36884.68024694825,25000.0,0.0,26.03703876193878,17.0,20.0,0.0,122.0,10.217979004487066,9.0,11.0,1.0,13248.131720269274,10000.0,19000.0,1.0,16.5,17.20169519578947,19.0,1.0,20255.161519939997,10000.0,25000.0,1.0,18.524657170406076,17.0,20.0,1.0,0.0,211.0,1.0,58.0
92.0,24.0,92.0,24.0,-721.0,921.0,13.0,-711.0,15.16740780335437,12.0,17.0,30000.0,15000.0,28000.0,0.0,24.42744108985535,19.5,25.0,1.0,15000.0,34134.879721780184,28000.0,0.0,24.930613833415144,20.0,26.0,1.0,722.0,15.31910824921324,12.0,17.0,1.0,21808.753030371598,15000.0,28000.0,1.0,19.5,22.05839696464931,25.0,1.0,25803.195043785097,15000.0,28000.0,1.0,22.544479869623018,20.0,26.0,1.0,0.0,92122.0,7.0,25.0
11.0,22.0,11.0,22.0,-121.0,21.0,13.0,-111.0,9.998714935832604,9.0,11.0,30000.0,10000.0,19000.0,0.0,25.358952770529385,16.5,19.0,0.0,10000.0,36477.562750159625,25000.0,0.0,26.657129060443516,17.0,20.0,0.0,121.0,9.984422352551825,9.0,11.0,1.0,16989.88306607038,10000.0,19000.0,1.0,16.5,17.899293880052937,19.0,1.0,23478.492958752442,10000.0,25000.0,1.0,19.1996841413398,17.0,20.0,1.0,0.0,211.0,1.0,19.0
81.0,23.0,81.0,21.0,-721.0,912.0,11.0,-711.0,15.008972234813854,12.0,17.0,30000.0,12500.0,23000.0,0.0,26.535129141033064,20.0,24.0,0.0,12500.0,34062.87298973641,26000.0,0.0,27.030306114571104,20.0,25.0,0.0,722.0,15.249303117404306,12.0,17.0,1.0,15707.321577868883,12500.0,23000.0,1.0,20.0,21.672134611483,24.0,1.0,19754.449229276077,12500.0,26000.0,1.0,22.165392566385485,20.0,25.0,1.0,0.0,912.0,7.0,12.0
11.0,22.0,11.0,22.0,-121.0,11.0,12.0,-111.0,10.216547829330542,9.0,11.0,30000.0,10000.0,19000.0,0.0,23.29166593861475,16.5,19.0,0.0,10000.0,36948.49541187177,25000.0,0.0,24.61013720799019,17.0,20.0,0.0,122.0,10.213382774945776,9.0,11.0,1.0,13490.207141716728,10000.0,19000.0,1.0,16.5,17.26771763819835,19.0,1.0,20663.278958773473,10000.0,25000.0,1.0,18.628802095100706,17.0,20.0,1.0,0.0,111.0,1.0,42.0
11.0,21.0,11.0,22.0,-121.0,21.0,13.0,-111.0,10.191548745212378,9.0,11.0,30000.0,10000.0,19000.0,0.0,28.01333575907522,16.5,19.0,0.0,10000.0,37132.430351844894,25000.0,0.0,29.361470762395705,17.0,20.0,0.0,122.0,10.211550300660152,9.0,11.0,1.0,15283.92774181417,10000.0,19000.0,1.0,16.5,17.644458201332824,19.0,1.0,22185.916733684156,10000.0,25000.0,1.0,18.949036373633632,17.0,20.0,1.0,0.0,211.0,1.0,59.0
91.0,24.0,91.0,24.0,-721.0,911.0,12.0,-711.0,15.788403722443599,12.0,17.0,30000.0,18000.0,36000.0,1.0,25.081631714795176,20.0,25.0,0.0,18000.0,34492.207724992404,36000.0,1.0,25.64323697941246,20.0,26.0,1.0,721.0,13.82231761743859,12.0,17.0,1.0,25675.993939369902,18000.0,36000.0,1.0,20.0,21.9674817480518,25.0,1.0,30209.685936607828,18000.0,36000.0,1.0,22.534273279003628,20.0,26.0,1.0,0.0,91121.0,7.0,1.0
11.0,22.0,11.0,22.0,-121.0,11.0,11.0,-111.0,10.188591267452765,9.0,11.0,30000.0,10000.0,19000.0,0.0,24.58246984189538,16.5,19.0,0.0,10000.0,37018.6371779993,25000.0,0.0,25.906131551698472,17.0,20.0,0.0,122.0,10.168343720341044,9.0,11.0,1.0,16381.182103135341,10000.0,19000.0,1.0,16.5,17.8001359092245,19.0,1.0,23515.677866230384,10000.0,25000.0,1.0,19.145647668966618,17.0,20.0,1.0,0.0,111.0,1.0,17.0
91.0,24.0,91.0,24.0,-721.0,911.0,12.0,-711.0,15.37453588695693,12.0,17.0,30000.0,18000.0,36000.0,1.0,24.700714303703336,20.0,25.0,1.0,18000.0,34040.1815305293,36000.0,1.0,25.191996468903515,20.0,26.0,1.0,722.0,15.045644954141316,12.0,17.0,1.0,29516.603487595272,18000.0,36000.0,1.0,20.0,23.639785336407154,25.0,1.0,33482.42031289871,18000.0,36000.0,1.0,24.12202482540039,20.0,26.0,1.0,1.0,91121.0,7.0,24.0
81.0,23.0,81.0,23.0,-721.0,912.0,12.0,-711.0,15.542247149037069,12.0,17.0,30000.0,12500.0,23000.0,0.0,26.574697102467525,20.0,24.0,0.0,12500.0,34403.04267264824,26000.0,0.0,27.126500365397884,20.0,25.0,0.0,721.0,14.576453373090906,12.0,17.0,1.0,17217.841942895047,12500.0,23000.0,1.0,20.0,21.273016254337534,24.0,1.0,21768.09775460691,12500.0,26000.0,1.0,21.843268734439043,20.0,25.0,1.0,0.0,912.0,7.0,10.0
11.0,22.0,11.0,22.0,-121.0,21.0,13.0,-111.0,10.215056548875374,9.0,11.0,30000.0,10000.0,19000.0,0.0,25.0713978464267,16.5,19.0,0.0,10000.0,37000.48614536686,25000.0,0.0,26.39099815618176,17.0,20.0,0.0,122.0,10.201624419421158,9.0,11.0,1.0,13809.320170308203,10000.0,19000.0,1.0,16.5,17.339401242305758,19.0,1.0,20873.09187614502,10000.0,25000.0,1.0,18.670930958599882,17.0,20.0,1.0,0.0,211.0,1.0,5.0
11.0,22.0,11.0,21.0,-121.0,11.0,11.0,-111.0,10.185297557062357,9.0,11.0,30000.0,10000.0,19000.0,0.0,23.88052891642608,16.5,19.0,0.0,10000.0,36921.312758150336,25000.0,0.0,25.18706813520195,17.0,20.0,0.0,122.0,10.208766129236384,9.0,11.0,1.0,16646.721948686576,10000.0,19000.0,1.0,16.5,17.815903520887723,19.0,1.0,23575.493308853383,10000.0,25000.0,1.0,19.12385070320928,17.0,20.0,1.0,0.0,111.0,1.0,12.0
11.0,22.0,11.0,22.0,-121.0,11.0,12.0,-111.0,10.20339608277352,9.0,11.0,30000.0,10000.0,19000.0,0.0,23.914937239498705,16.5,19.0,0.0,10000.0,36992.579271802846,25000.0,0.0,25.239021905699964,17.0,20.0,0.0,122.0,10.210145574981718,9.0,11.0,1.0,15068.494484911938,10000.0,19000.0,1.0,16.5,17.624288663582256,19.0,1.0,21966.48848239959,10000.0,25000.0,1.0,18.93046306999222,17.0,20.0,1.0,0.0,111.0,1.0,40.0
11.0,22.0,11.0,21.0,-121.0,21.0,13.0,-111.0,10.207257411764866,9.0,11.0,30000.0,10000.0,19000.0,0.0,25.313988580410136,16.5,19.0,0.0,10000.0,36851.96828229814,25000.0,0.0,26.6114052400213,17.0,20.0,0.0,122.0,10.185658734686127,9.0,11.0,1.0,13415.375679780678,10000.0,19000.0,1.0,16.5,17.237522872520003,19.0,1.0,20420.63762043062,10000.0,25000.0,1.0,18.563965607262332,17.0,20.0,1.0,0.0,211.0,1.0,33.0
11.0,22.0,11.0,21.0,-121.0,21.0,13.0,-111.0,9.996508592110597,9.0,11.0,30000.0,10000.0,19000.0,0.0,26.99918815052554,16.5,19.0,0.0,10000.0,36451.34270051297,25000.0,0.0,28.28539204578257,17.0,20.0,0.0,121.0,9.984596331714432,9.0,11.0,1.0,12294.34222823069,10000.0,19000.0,1.0,16.5,16.900413314081586,19.0,1.0,18717.87883323513,10000.0,25000.0,1.0,18.181073509365568,17.0,20.0,1.0,0.0,211.0,1.0,33.0
11.0,22.0,11.0,22.0,-121.0,21.0,13.0,-111.0,9.996878286857275,9.0,11.0,30000.0,10000.0,19000.0,0.0,27.698404604741608,16.5,19.0,0.0,10000.0,36445.48939479443,25000.0,0.0,28.99040889279231,17.0,20.0,0.0,121.0,9.990888137919816,9.0,11.0,1.0,13600.897185126785,10000.0,19000.0,1.0,16.5,17.258331617960266,19.0,1.0,20021.641627829347,10000.0,25000.0,1.0,18.54537575756419,17.0,20.0,1.0,0.0,211.0,1.0,13.0
11.0,22.0,11.0,21.0,-121.0,11.0,11.0,-111.0,9.996489547560618,9.0,11.0,30000.0,10000.0,19000.0,0.0,25.425763281469727,16.5,19.0,0.0,10000.0,36594.47869348238,25000.0,0.0,26.737114314323367,17.0,20.0,0.0,121.0,10.006059116115592,9.0,11.0,1.0,11535.782826413042,10000.0,19000.0,1.0,16.5,16.807780818579005,19.0,1.0,18024.679313263583,10000.0,25000.0,1.0,18.098136206112798,17.0,20.0,1.0,0.0,111.0,1.0,0.0
81.0,23.0,81.0,23.0,-721.0,912.0,12.0,-711.0,14.667173885490156,12.0,17.0,30000.0,12500.0,23000.0,0.0,26.10120297290439,20.0,24.0,0.0,12500.0,34443.7558859106,26000.0,0.0,26.655171490439216,20.0,25.0,0.0,721.0,15.768257807608826,12.0,17.0,1.0,17302.16166795603,12500.0,23000.0,1.0,20.0,22.435377039294625,24.0,1.0,21753.221483863144,12500.0,26000.0,1.0,22.9902560810293,20.0,25.0,1.0,0.0,912.0,7.0,5.0
11.0,22.0,11.0,22.0,-121.0,11.0,11.0,-111.0,10.018510200452534,9.0,11.0,30000.0,10000.0,19000.0,0.0,26.485806333895674,16.5,19.0,0.0,10000.0,36484.87569616613,25000.0,0.0,27.789688107511665,17.0,20.0,0.0,121.0,10.001778780373707,9.0,11.0,1.0,12596.120904849624,10000.0,19000.0,1.0,16.5,17.03599599146738,19.0,1.0,19062.4667974483,10000.0,25000.0,1.0,18.336152069438263,17.0,20.0,1.0,0.0,111.0,1.0,55.0
11.0,22.0,11.0,22.0,-121.0,21.0,13.0,-111.0,10.006746335465444,9.0,11.0,30000.0,10000.0,19000.0,0.0,26.084224593896792,16.5,19.0,0.0,10000.0,36457.390833905134,25000.0,0.0,27.379264546231415,17.0,20.0,0.0,121.0,10.002602079834826,9.0,11.0,1.0,13377.012228351019,10000.0,19000.0,1.0,16.5,17.19185824789366,19.0,1.0,19899.156207835636,10000.0,25000.0,1.0,18.49988454606389,17.0,20.0,1.0,0.0,211.0,1.0,22.0
11.0,22.0,11.0,22.0,-121.0,11.0,12.0,-111.0,10.007905523117577,9.0,11.0,30000.0,10000.0,19000.0,0.0,23.6219276296668,16.5,19.0,0.0,10000.0,36498.304658331464,25000.0,0.0,24.930514929833862,17.0,20.0,0.0,121.0,10.00794123425108,9.0,11.0,1.0,16595.1920343188,10000.0,19000.0,1.0,16.5,17.89718578773684,19.0,1.0,23155.885470929465,10000.0,25000.0,1.0,19.21833654363915,17.0,20.0,1.0,0.0,111.0,1.0,42.0
91.0,24.0,91.0,21.0,-721.0,911.0,12.0,-711.0,14.399599023782496,12.0,17.0,30000.0,18000.0,36000.0,1.0,23.90438618929157,20.0,25.0,1.0,18000.0,34539.89398949612,36000.0,1.0,24.472252663018768,20.0,26.0,1.0,721.0,14.340009243023893,12.0,17.0,1.0,25513.45645947313,18000.0,36000.0,1.0,20.0,22.428945669506547,25.0,1.0,29960.26842011131,18000.0,36000.0,1.0,22.98516910407529,20.0,26.0,1.0,1.0,91121.0,7.0,14.0
11.0,22.0,11.0,21.0,-121.0,11.0,12.0,-111.0,10.21616736206734,9.0,11.0,30000.0,10000.0,19000.0,0.0,24.752361074374672,16.5,19.0,0.0,10000.0,36840.1969772449,25000.0,0.0,26.046394816705078,17.0,20.0,0.0,122.0,10.21566978056449,9.0,11.0,1.0,15725.575464303041,10000.0,19000.0,1.0,16.5,17.667946125392643,19.0,1.0,22651.50479849676,10000.0,25000.0,1.0,18.97819878116521,17.0,20.0,1.0,0.0,111.0,1.0,46.0
11.0,22.0,11.0,22.0,-121.0,21.0,13.0,-111.0,10.209906521998361,9.0,11.0,30000.0,10000.0,19000.0,0.0,25.73073762750959,16.5,19.0,0.0,10000.0,37007.24750652454,25000.0,0.0,27.05403872930397,17.0,20.0,0.0,122.0,10.198592175228843,9.0,11.0,1.0,15690.128385786747,10000.0,19000.0,1.0,16.5,17.71729778147939,19.0,1.0,22693.27959633072,10000.0,25000.0,1.0,19.03982530806049,17.0,20.0,1.0,0.0,211.0,1.0,5.0
11.0,21.0,11.0,22.0,-121.0,21.0,13.0,-111.0,10.214560023473801,9.0,11.0,30000.0,10000.0,19000.0,0.0,27.67029345223854,16.5,19.0,0.0,10000.0,36973.81011833823,25000.0,0.0,28.98686147871441,17.0,20.0,0.0,122.0,10.194439300174395,9.0,11.0,1.0,13397.451318362799,10000.0,19000.0,1.0,16.5,17.232923702126097,19.0,1.0,20417.100697391033,10000.0,25000.0,1.0,18.55814560703537,17.0,20.0,1.0,0.0,211.0,1.0,59.0
81.0,23.0,81.0,21.0,-721.0,912.0,12.0,-711.0,15.006498527846695,12.0,17.0,30000.0,12500.0,23000.0,0.0,26.11550650118197,20.0,24.0,0.0,12500.0,34465.230251535286,26000.0,0.0,26.6755917652791,20.0,25.0,0.0,721.0,15.235381347853764,12.0,17.0,1.0,14456.956858786756,12500.0,23000.0,1.0,20.0,21.552883629697885,24.0,1.0,18907.719529905837,12500.0,26000.0,1.0,22.111154188137796,20.0,25.0,1.0,0.0,912.0,7.0,30.0
11.0,22.0,11.0,21.0,-121.0,21.0,13.0,-111.0,10.022911611990633,9.0,11.0,30000.0,10000.0,19000.0,0.0,25.344394730880417,16.5,19.0,0.0,10000.0,36488.8956792283,25000.0,0.0,26.646465813956763,17.0,20.0,0.0,121.0,9.98779632038641,9.0,11.0,1.0,11985.758222967144,10000.0,19000.0,1.0,16.5,16.884299755538816,19.0,1.0,18513.83858628742,10000.0,25000.0,1.0,18.194233693340806,17.0,20.0,1.0,0.0,211.0,1.0,33.0
91.0,24.0,91.0,24.0,-721.0,911.0,11.0,-711.0,15.278040061148051,12.0,17.0,30000.0,18000.0,36000.0,1.0,24.80864974046669,20.0,25.0,1.0,18000.0,34476.48266164254,36000.0,1.0,25.370525959357646,20.0,26.0,1.0,721.0,15.241009559475222,12.0,17.0,1.0,24489.20414987637,18000.0,36000.0,1.0,20.0,23.37581312653176,25.0,1.0,28960.85527892161,18000.0,36000.0,1.0,23.937082904278537,20.0,26.0,1.0,1.0,91121.0,7.0,4.0
81.0,23.0,81.0,21.0,-721.0,912.0,11.0,-711.0,14.532330825713062,12.0,17.0,30000.0,12500.0,23000.0,0.0,26.49614119347924,20.0,24.0,0.0,12500.0,34498.95735089649,26000.0,0.0,27.061184050169913,20.0,25.0,0.0,721.0,14.39752687450999,12.0,17.0,1.0,14209.708426962907,12500.0,23000.0,1.0,20.0,20.632767096564823,24.0,1.0,18754.015404848084,12500.0,26000.0,1.0,21.203505602443734,20.0,25.0,1.0,0.0,912.0,7.0,12.0
11.0,22.0,11.0,21.0,-121.0,21.0,13.0,-111.0,10.171168738194915,9.0,11.0,30000.0,10000.0,19000.0,0.0,25.151839976286595,16.5,19.0,0.0,10000.0,37106.12182223183,25000.0,0.0,26.489784815706475,17.0,20.0,0.0,122.0,10.186915176442318,9.0,11.0,1.0,12703.539994409713,10000.0,19000.0,1.0,16.5,17.041534448697863,19.0,1.0,19537.48544566576,10000.0,25000.0,1.0,18.328233759252786,17.0,20.0,1.0,0.0,211.0,1.0,58.0
11.0,22.0,11.0,22.0,-121.0,21.0,13.0,-111.0,10.008801169594975,9.0,11.0,30000.0,10000.0,19000.0,0.0,24.412750783957428,16.5,19.0,0.0,10000.0,36540.79039859189,25000.0,0.0,25.731310948671393,17.0,20.0,0.0,121.0,9.993913653762682,9.0,11.0,1.0,14442.782858835119,10000.0,19000.0,1.0,16.5,17.417755457571268,19.0,1.0,21003.856057377736,10000.0,25000.0,1.0,18.740404438837075,17.0,20.0,1.0,0.0,211.0,1.0,28.0
11.0,22.0,11.0,21.0,-121.0,21.0,13.0,-111.0,10.195755038017767,9.0,11.0,30000.0,10000.0,19000.0,0.0,25.389025538887513,16.5,19.0,0.0,10000.0,37027.57537701006,25000.0,0.0,26.717475567853405,17.0,20.0,0.0,122.0,10.187806934404794,9.0,11.0,1.0,12414.537194238566,10000.0,19000.0,1.0,16.5,17.034372388213935,19.0,1.0,19650.233544707844,10000.0,25000.0,1.0,18.40216433788334,17.0,20.0,1.0,0.0,211.0,1.0,58.0
91.0,24.0,91.0,21.0,-721.0,911.0,11.0,-711.0,14.920156173828216,12.0,17.0,30000.0,18000.0,36000.0,1.0,23.89121187314167,20.0,25.0,1.0,18000.0,34536.02164060838,36000.0,1.0,24.456344023883446,20.0,26.0,1.0,721.0,14.572687076557079,12.0,17.0,1.0,21007.39847961074,18000.0,36000.0,1.0,20.0,22.1479397580561,25.0,1.0,25525.065198288445,18000.0,36000.0,1.0,22.71078511271769,20.0,26.0,1.0,1.0,91121.0,7.0,15.0
11.0,22.0,11.0,21.0,-121.0,11.0,12.0,-111.0,10.007354045784767,9.0,11.0,30000.0,10000.0,19000.0,0.0,24.775506390835634,16.5,19.0,0.0,10000.0,36461.35861163384,25000.0,0.0,26.071506009530843,17.0,20.0,0.0,121.0,9.997936113955863,9.0,11.0,1.0,13388.83367408588,10000.0,19000.0,1.0,16.5,17.15759795865634,19.0,1.0,19966.078320552984,10000.0,25000.0,1.0,18.47684164504431,17.0,20.0,1.0,0.0,111.0,1.0,46.0
11.0,22.0,11.0,22.0,-121.0,11.0,11.0,-111.0,9.999677072225758,9.0,11.0,30000.0,10000.0,19000.0,0.0,25.9289904989657,16.5,19.0,0.0,10000.0,36598.60010658775,25000.0,0.0,27.24754950750262,17.0,20.0,0.0,121.0,10.01552035641389,9.0,11.0,1.0,15449.259695236988,10000.0,19000.0,1.0,16.5,17.67784415313049,19.0,1.0,21931.795547804533,10000.0,25000.0,1.0,18.973210732176994,17.0,20.0,1.0,0.0,111.0,1.0,30.0
11.0,21.0,11.0,22.0,-121.0,11.0,12.0,-111.0,10.009017257090546,9.0,11.0,30000.0,10000.0,19000.0,0.0,26.125920080535614,16.5,19.0,0.0,10000.0,36530.055177723894,25000.0,0.0,27.436732068303293,17.0,20.0,0.0,121.0,10.013786393864203,9.0,11.0,1.0,15797.759244001996,10000.0,19000.0,1.0,16.5,17.720979237866967,19.0,1.0,22392.63565140364,10000.0,25000.0,1.0,19.04480312869073,17.0,20.0,1.0,0.0,111.0,1.0,7.0
91.0,24.0,91.0,21.0,-721.0,911.0,12.0,-711.0,15.090502198391155,12.0,17.0,30000.0,18000.0,36000.0,1.0,24.98697050814446,20.0,25.0,1.0,18000.0,33947.62443495813,36000.0,1.0,25.468563717511696,20.0,26.0,1.0,722.0,15.139401680991385,12.0,17.0,1.0,24290.351151298328,18000.0,36000.0,1.0,20.0,23.05827097975805,25.0,1.0,28268.012422285763,18000.0,36000.0,1.0,23.543528553985958,20.0,26.0,1.0,1.0,91121.0,7.0,29.0
81.0,21.0,81.0,23.0,-721.0,912.0,12.0,-711.0,14.218128335997193,12.0,17.0,30000.0,12500.0,23000.0,0.0,25.59336577827441,20.0,24.0,0.0,12500.0,34510.37877854436,26000.0,0.0,26.15485966427024,20.0,25.0,0.0,721.0,15.823155339294265,12.0,17.0,1.0,20019.319254242506,12500.0,23000.0,1.0,20.0,22.96332100521243,24.0,1.0,24585.5812008449,12500.0,26000.0,1.0,23.531771747546784,20.0,25.0,1.0,0.0,912.0,7.0,7.0
11.0,22.0,11.0,21.0,-121.0,21.0,13.0,-111.0,10.212785356608787,9.0,11.0,30000.0,10000.0,19000.0,0.0,24.404709185160726,16.5,19.0,0.0,10000.0,36948.984309546024,25000.0,0.0,25.71187276018781,17.0,20.0,0.0,122.0,10.208534730203258,9.0,11.0,1.0,13722.573389228472,10000.0,19000.0,1.0,16.5,17.243441586928718,19.0,1.0,20623.493467612654,10000.0,25000.0,1.0,18.541563867654684,17.0,20.0,1.0,0.0,211.0,1.0,20.0
11.0,21.0,11.0,22.0,-121.0,21.0,13.0,-111.0,10.215282508728537,9.0,11.0,30000.0,10000.0,19000.0,0.0,27.56017550046623,16.5,19.0,0.0,10000.0,37073.621431948945,25000.0,0.0,28.89686616307634,17.0,20.0,0.0,122.0,10.203013965843498,9.0,11.0,1.0,12712.415485493766,10000.0,19000.0,1.0,16.5,17.133766903032363,19.0,1.0,19666.40331559953,10000.0,25000.0,1.0,18.447850599740125,17.0,20.0,1.0,0.0,211.0,1.0,9.0
11.0,22.0,11.0,21.0,-121.0,21.0,13.0,-111.0,10.000663935078029,9.0,11.0,30000.0,10000.0,19000.0,0.0,25.7121641901944,16.5,19.0,0.0,10000.0,36508.79601139015,25000.0,0.0,27.01291674180923,17.0,20.0,0.0,121.0,9.997686088834431,9.0,11.0,1.0,13348.14915468992,10000.0,19000.0,1.0,16.5,17.13250975722329,19.0,1.0,19829.490730479727,10000.0,25000.0,1.0,18.427775667822207,17.0,20.0,1.0,0.0,211.0,1.0,58.0
11.0,22.0,11.0,22.0,-121.0,21.0,12.0,-111.0,9.995469258878936,9.0,11.0,30000.0,10000.0,19000.0,0.0,24.077367268076472,16.5,19.0,0.0,10000.0,36553.025140795544,25000.0,0.0,25.38822602158709,17.0,20.0,0.0,121.0,9.978865735079795,9.0,11.0,1.0,15153.656888566948,10000.0,19000.0,1.0,16.5,17.519603060423538,19.0,1.0,21657.939145129283,10000.0,25000.0,1.0,18.82071134982092,17.0,20.0,1.0,0.0,211.0,1.0,25.0
11.0,22.0,11.0,22.0,-121.0,21.0,13.0,-111.0,10.006113382052224,9.0,11.0,30000.0,10000.0,19000.0,0.0,26.558266782417,16.5,19.0,0.0,10000.0,36478.287041484626,25000.0,0.0,27.85677308441905,17.0,20.0,0.0,121.0,9.98994537406231,9.0,11.0,1.0,13697.124738815482,10000.0,19000.0,1.0,16.5,17.24641993510941,19.0,1.0,20149.12653706648,10000.0,25000.0,1.0,18.539657629257263,17.0,20.0,1.0,0.0,211.0,1.0,3.0
91.0,24.0,91.0,21.0,-721.0,911.0,12.0,-711.0,15.04329001332805,12.0,17.0,30000.0,18000.0,36000.0,1.0,24.572390776266168,20.0,25.0,1.0,18000.0,34033.52257745905,36000.0,1.0,25.062223362000694,20.0,26.0,1.0,722.0,14.946714986109015,12.0,17.0,1.0,23638.519810371567,18000.0,36000.0,1.0,20.0,22.731346047488096,25.0,1.0,27527.40531442685,18000.0,36000.0,1.0,23.20361384951362,20.0,26.0,1.0,1.0,91121.0,7.0,14.0
11.0,22.0,11.0,22.0,-121.0,21.0,12.0,-111.0,9.999849894342052,9.0,11.0,30000.0,10000.0,19000.0,0.0,23.853621274476325,16.5,19.0,0.0,10000.0,36392.62374593691,25000.0,0.0,25.130994568057936,17.0,20.0,0.0,121.0,10.007215271272042,9.0,11.0,1.0,15873.031238275062,10000.0,19000.0,1.0,16.5,17.698160024361876,19.0,1.0,22467.076508573045,10000.0,25000.0,1.0,19.015781342259775,17.0,20.0,1.0,0.0,211.0,1.0,23.0
81.0,23.0,81.0,23.0,-721.0,912.0,12.0,-711.0,15.248891884142004,12.0,17.0,30000.0,12500.0,23000.0,0.0,26.107992189619477,20.0,24.0,0.0,12500.0,33985.21936474176,26000.0,0.0,26.59427055373449,20.0,25.0,0.0,722.0,15.223646626310227,12.0,17.0,1.0,17707.505158978256,12500.0,23000.0,1.0,20.0,21.929998431670644,24.0,1.0,21714.659711027318,12500.0,26000.0,1.0,22.4189533377835,20.0,25.0,1.0,0.0,912.0,7.0,31.0
11.0,22.0,11.0,22.0,-121.0,11.0,11.0,-111.0,10.003427956805295,9.0,11.0,30000.0,10000.0,19000.0,0.0,23.445608429147253,16.5,19.0,0.0,10000.0,36506.15794007033,25000.0,0.0,24.752458666400155,17.0,20.0,0.0,121.0,9.982718081897366,9.0,11.0,1.0,14759.458711841035,10000.0,19000.0,1.0,16.5,17.476626246988957,19.0,1.0,21263.78154266834,10000.0,25000.0,1.0,18.783107877612306,17.0,20.0,1.0,0.0,111.0,1.0,55.0
11.0,22.0,11.0,22.0,-121.0,21.0,13.0,-111.0,9.993640937924958,9.0,11.0,30000.0,10000.0,19000.0,0.0,25.322605145586323,16.5,19.0,0.0,10000.0,36493.852181137394,25000.0,0.0,26.619639170578637,17.0,20.0,0.0,121.0,9.998603770546126,9.0,11.0,1.0,17238.77816431,10000.0,19000.0,1.0,16.5,17.981763097542878,19.0,1.0,23736.084121243934,10000.0,25000.0,1.0,19.2794869541787,17.0,20.0,1.0,0.0,211.0,1.0,22.0
11.0,22.0,11.0,22.0,-121.0,11.0,11.0,-111.0,10.172375452474643,9.0,11.0,30000.0,10000.0,19000.0,0.0,23.48681099080526,16.5,19.0,0.0,10000.0,36955.01814436524,25000.0,0.0,24.804401970178272,17.0,20.0,0.0,122.0,10.190607271786268,9.0,11.0,1.0,11609.041561380815,10000.0,19000.0,1.0,16.5,16.86808539806582,19.0,1.0,18743.211487143573,10000.0,25000.0,1.0,18.219615723995275,17.0,20.0,1.0,0.0,111.0,1.0,11.0
11.0,22.0,11.0,22.0,-121.0,21.0,13.0,-111.0,10.225585093457179,9.0,11.0,30000.0,10000.0,19000.0,0.0,26.091409818565687,16.5,19.0,0.0,10000.0,37028.99541908309,25000.0,0.0,27.416174491770523,17.0,20.0,0.0,122.0,10.220665781908076,9.0,11.0,1.0,15560.213411381212,10000.0,19000.0,1.0,16.5,17.694693382754828,19.0,1.0,22601.63956452946,10000.0,25000.0,1.0,19.02180089392863,17.0,20.0,1.0,0.0,211.0,1.0,31.0
11.0,22.0,11.0,22.0,-121.0,21.0,13.0,-111.0,10.20295709189344,9.0,11.0,30000.0,10000.0,19000.0,0.0,27.540984402949107,16.5,19.0,0.0,10000.0,37117.79709784316,25000.0,0.0,28.881764397224583,17.0,20.0,0.0,122.0,10.206192877070118,9.0,11.0,1.0,12544.496624568108,10000.0,19000.0,1.0,16.5,17.10835839598056,19.0,1.0,19518.109100265247,10000.0,25000.0,1.0,18.421978321740717,17.0,20.0,1.0,0.0,211.0,1.0,16.0
91.0,24.0,91.0,21.0,-721.0,911.0,12.0,-711.0,15.357125851599896,12.0,17.0,30000.0,18000.0,36000.0,1.0,24.515832483288797,20.0,25.0,1.0,18000.0,34465.14957185545,36000.0,1.0,25.073336060262815,20.0,26.0,1.0,721.0,14.89380449700087,12.0,17.0,1.0,23921.445756462257,18000.0,36000.0,1.0,20.0,22.817333378415654,25.0,1.0,28326.60343332001,18000.0,36000.0,1.0,23.36734656889479,20.0,26.0,1.0,1.0,91121.0,7.0,29.0
11.0,21.0,11.0,22.0,-121.0,21.0,13.0,-111.0,10.191980965630732,9.0,11.0,30000.0,10000.0,19000.0,0.0,27.289639860125696,16.5,19.0,0.0,10000.0,36836.760304165306,25000.0,0.0,28.585242682510323,17.0,20.0,0.0,122.0,10.218443323784678,9.0,11.0,1.0,14138.555039769119,10000.0,19000.0,1.0,16.5,17.433228715878172,19.0,1.0,21096.279623767703,10000.0,25000.0,1.0,18.751754919423938,17.0,20.0,1.0,0.0,211.0,1.0,52.0
11.0,22.0,11.0,22.0,-121.0,21.0,12.0,-111.0,9.99223963162538,9.0,11.0,30000.0,10000.0,19000.0,0.0,24.387363329215763,16.5,19.0,0.0,10000.0,36549.648038073625,25000.0,0.0,25.695843262790962,17.0,20.0,0.0,121.0,10.023174071961497,9.0,11.0,1.0,15466.60400354202,10000.0,19000.0,1.0,16.5,17.64985313985158,19.0,1.0,21900.97256566185,10000.0,25000.0,1.0,18.9353026937542,17.0,20.0,1.0,0.0,211.0,1.0,23.0
91.0,21.0,91.0,24.0,-721.0,911.0,11.0,-711.0,14.641486412852093,12.0,17.0,30000.0,18000.0,36000.0,1.0,23.80477840151896,20.0,25.0,1.0,18000.0,34454.88180414464,36000.0,1.0,24.360771208292256,20.0,26.0,1.0,721.0,14.974509033795401,12.0,17.0,1.0,26357.773185791702,18000.0,36000.0,1.0,20.0,23.319375989720747,25.0,1.0,30914.619421458727,18000.0,36000.0,1.0,23.888094496740553,20.0,26.0,1.0,1.0,91121.0,7.0,18.0
11.0,22.0,11.0,21.0,-121.0,11.0,11.0,-111.0,10.20599884383768,9.0,11.0,30000.0,10000.0,19000.0,0.0,26.767135772861412,16.5,19.0,0.0,10000.0,37032.17349409216,25000.0,0.0,28.09365045295831,17.0,20.0,0.0,122.0,10.19930821189767,9.0,11.0,1.0,12227.891683594,10000.0,19000.0,1.0,16.5,16.988476544259846,19.0,1.0,19046.18416670327,10000.0,25000.0,1.0,18.274645760596343,17.0,20.0,1.0,0.0,111.0,1.0,54.0
11.0,22.0,11.0,22.0,-121.0,21.0,13.0,-111.0,10.010666226113374,9.0,11.0,30000.0,10000.0,19000.0,0.0,26.842254019794687,16.5,19.0,0.0,10000.0,36519.13199004239,25000.0,0.0,28.152651232333536,17.0,20.0,0.0,121.0,9.987594561208738,9.0,11.0,1.0,15333.447714219446,10000.0,19000.0,1.0,16.5,17.586734399719763,19.0,1.0,21891.542120513812,10000.0,25000.0,1.0,18.904963366812495,17.0,20.0,1.0,0.0,211.0,1.0,4.0
11.0,22.0,11.0,21.0,-121.0,11.0,11.0,-111.0,10.195878191778487,9.0,11.0,30000.0,10000.0,19000.0,0.0,25.732339171531883,16.5,19.0,0.0,10000.0,37019.443249096184,25000.0,0.0,27.061342148235287,17.0,20.0,0.0,122.0,10.188549754637156,9.0,11.0,1.0,16434.253731981462,10000.0,19000.0,1.0,16.5,17.764447662624143,19.0,1.0,23544.610242558592,10000.0,25000.0,1.0,19.110663399776254,17.0,20.0,1.0,0.0,111.0,1.0,1.0
92.0,24.0,92.0,24.0,-721.0,921.0,13.0,-711.0,13.757010544767027,12.0,17.0,30000.0,15000.0,28000.0,0.0,23.435096193611873,19.5,25.0,1.0,15000.0,34479.226095441496,28000.0,0.0,23.99574597864022,20.0,26.0,1.0,721.0,14.491026816933706,12.0,17.0,1.0,25119.766700737553,15000.0,28000.0,1.0,19.5,21.63889015016061,25.0,1.0,29670.98107754599,15000.0,28000.0,0.0,22.208550468172323,20.0,26.0,1.0,0.0,92122.0,7.0,25.0
81.0,21.0,81.0,23.0,-721.0,912.0,12.0,-711.0,15.031804170515526,12.0,17.0,30000.0,12500.0,23000.0,0.0,27.93282764953912,20.0,24.0,0.0,12500.0,33938.53904787777,26000.0,0.0,28.413146488840216,20.0,25.0,0.0,722.0,15.130310135212882,12.0,17.0,1.0,15607.558219797442,12500.0,23000.0,1.0,20.0,21.574321498684004,24.0,1.0,19598.00296317446,12500.0,26000.0,1.0,22.06097042208792,20.0,25.0,1.0,0.0,912.0,7.0,7.0
11.0,22.0,11.0,21.0,-121.0,21.0,13.0,-111.0,10.213117037907887,9.0,11.0,30000.0,10000.0,19000.0,0.0,25.981000998814572,16.5,19.0,0.0,10000.0,37045.76586881999,25000.0,0.0,27.309679262542577,17.0,20.0,0.0,122.0,10.201317257182819,9.0,11.0,1.0,12052.160537390162,10000.0,19000.0,1.0,16.5,16.96034790797056,19.0,1.0,19014.229877726622,10000.0,25000.0,1.0,18.273242826038775,17.0,20.0,1.0,0.0,211.0,1.0,58.0
11.0,22.0,11.0,21.0,-121.0,11.0,11.0,-111.0,9.996314108834811,9.0,11.0,30000.0,10000.0,19000.0,0.0,24.71132472243015,16.5,19.0,0.0,10000.0,36514.54026426897,25000.0,0.0,26.011413001556104,17.0,20.0,0.0,121.0,10.002184712154806,9.0,11.0,1.0,17063.725789821303,10000.0,19000.0,1.0,16.5,17.873731635134032,19.0,1.0,23562.802943783303,10000.0,25000.0,1.0,19.170733985299016,17.0,20.0,1.0,0.0,111.0,1.0,39.0
81.0,23.0,81.0,21.0,-721.0,912.0,11.0,-711.0,14.189079890976368,12.0,17.0,30000.0,12500.0,23000.0,0.0,25.315973421237672,20.0,24.0,0.0,12500.0,34478.68400718327,26000.0,0.0,25.873791606153503,20.0,25.0,0.0,721.0,14.922796626649937,12.0,17.0,1.0,13304.458081662005,12500.0,23000.0,1.0,20.0,21.04933103296063,24.0,1.0,17782.594330002474,12500.0,26000.0,1.0,21.607080994745967,20.0,25.0,1.0,0.0,912.0,7.0,12.0
11.0,22.0,11.0,22.0,-121.0,21.0,13.0,-111.0,10.014674616471629,9.0,11.0,30000.0,10000.0,19000.0,0.0,26.159092123336578,16.5,19.0,0.0,10000.0,36533.36179584483,25000.0,0.0,27.468249388050417,17.0,20.0,0.0,121.0,9.99857645597008,9.0,11.0,1.0,15221.702600566425,10000.0,19000.0,1.0,16.5,17.568460773306903,19.0,1.0,21663.136882977116,10000.0,25000.0,1.0,18.85919757152891,17.0,20.0,1.0,0.0,211.0,1.0,47.0
11.0,22.0,11.0,22.0,-121.0,11.0,11.0,-111.0,10.2011497937458,9.0,11.0,30000.0,10000.0,19000.0,0.0,24.693612473250653,16.5,19.0,0.0,10000.0,37113.42199861254,25000.0,0.0,26.03561377178023,17.0,20.0,0.0,122.0,10.202683535240384,9.0,11.0,1.0,11165.746848269944,10000.0,19000.0,1.0,16.5,16.867857055526166,19.0,1.0,18162.665439505665,10000.0,25000.0,1.0,18.18787909793776,17.0,20.0,1.0,0.0,111.0,1.0,50.0
11.0,21.0,11.0,22.0,-121.0,21.0,13.0,-111.0,10.008235319726335,9.0,11.0,30000.0,10000.0,19000.0,0.0,25.607581485585705,16.5,19.0,0.0,10000.0,36622.91561498017,25000.0,0.0,26.93768735130058,17.0,20.0,0.0,121.0,9.999187093629507,9.0,11.0,1.0,15841.20411032933,10000.0,19000.0,1.0,16.5,17.72613210783647,19.0,1.0,22340.35734737408,10000.0,25000.0,1.0,19.031382294509566,17.0,20.0,1.0,0.0,211.0,1.0,52.0
11.0,22.0,11.0,21.0,-121.0,11.0,11.0,-111.0,10.015026994091976,9.0,11.0,30000.0,10000.0,19000.0,0.0,24.57525652166489,16.5,19.0,0.0,10000.0,36458.417597191685,25000.0,0.0,25.86771796567526,17.0,20.0,0.0,121.0,9.999392929916006,9.0,11.0,1.0,12965.306739742053,10000.0,19000.0,1.0,16.5,17.069483762584486,19.0,1.0,19535.721447912732,10000.0,25000.0,1.0,18.384358118984395,17.0,20.0,1.0,0.0,111.0,1.0,1.0
91.0,24.0,91.0,24.0,-721.0,911.0,11.0,-711.0,15.33581626641452,12.0,17.0,30000.0,18000.0,36000.0,1.0,24.582482708233762,20.0,25.0,1.0,18000.0,34134.31293300197,36000.0,1.0,25.087982722690725,20.0,26.0,1.0,722.0,15.158314278714428,12.0,17.0,1.0,27592.41070770297,18000.0,36000.0,1.0,20.0,23.498145378451582,25.0,1.0,31609.28744445074,18000.0,36000.0,1.0,23.98928653815655,20.0,26.0,1.0,1.0,91121.0,7.0,9.0
81.0,21.0,81.0,23.0,-721.0,912.0,12.0,-711.0,15.56930691058517,12.0,17.0,30000.0,12500.0,23000.0,0.0,27.537357803414103,20.0,24.0,0.0,12500.0,34505.66917892035,26000.0,0.0,28.09842781116527,20.0,25.0,0.0,721.0,14.974762305302013,12.0,17.0,1.0,17653.654699646697,12500.0,23000.0,1.0,20.0,21.761070413960013,24.0,1.0,22192.228709278184,12500.0,26000.0,1.0,22.326237907098815,20.0,25.0,1.0,0.0,912.0,7.0,7.0
91.0,24.0,91.0,24.0,-721.0,911.0,12.0,-711.0,15.05578142755151,12.0,17.0,30000.0,18000.0,36000.0,1.0,24.227431242630992,20.0,25.0,1.0,18000.0,34520.40753047661,36000.0,1.0,24.7960965312289,20.0,26.0,1.0,721.0,15.4528590973404,12.0,17.0,1.0,25420.639724555498,18000.0,36000.0,1.0,20.0,23.763175568771388,25.0,1.0,29936.21886247897,18000.0,36000.0,1.0,24.331233447699663,20.0,26.0,1.0,1.0,91121.0,7.0,32.0
11.0,22.0,11.0,21.0,-121.0,21.0,13.0,-111.0,9.99639612734792,9.0,11.0,30000.0,10000.0,19000.0,0.0,27.034087352615025,16.5,19.0,0.0,10000.0,36524.605385918156,25000.0,0.0,28.339878557915412,17.0,20.0,0.0,121.0,9.977937002613317,9.0,11.0,1.0,12393.390306341746,10000.0,19000.0,1.0,16.5,16.964905562613318,19.0,1.0,18886.116930076838,10000.0,25000.0,1.0,18.264316764092424,17.0,20.0,1.0,0.0,211.0,1.0,2.0
11.0,22.0,11.0,22.0,-121.0,11.0,11.0,-111.0,9.995465340576864,9.0,11.0,30000.0,10000.0,19000.0,0.0,23.79696003044046,16.5,19.0,0.0,10000.0,36530.62607226694,25000.0,0.0,25.099200127253766,17.0,20.0,0.0,121.0,9.995960133997304,9.0,11.0,1.0,17134.496238271997,10000.0,19000.0,1.0,16.5,17.912805514378164,19.0,1.0,23697.902998198955,10000.0,25000.0,1.0,19.221582247250495,17.0,20.0,1.0,0.0,111.0,1.0,17.0
11.0,21.0,11.0,21.0,-121.0,11.0,11.0,-111.0,10.206482188413345,9.0,11.0,30000.0,10000.0,19000.0,0.0,24.420813528319833,16.5,19.0,0.0,10000.0,36920.09102328646,25000.0,0.0,25.721210945499273,17.0,20.0,0.0,122.0,10.20804182771315,9.0,11.0,1.0,15590.742901822936,10000.0,19000.0,1.0,16.5,17.624857984646393,19.0,1.0,22753.214818414057,10000.0,25000.0,1.0,18.97080270554863,17.0,20.0,1.0,0.0,111.0,1.0,18.0
11.0,22.0,11.0,22.0,-121.0,11.0,11.0,-111.0,10.18573042479404,9.0,11.0,30000.0,10000.0,19000.0,0.0,23.7303636766961,16.5,19.0,0.0,10000.0,36876.9990786475,25000.0,0.0,25.027489774670006,17.0,20.0,0.0,122.0,10.186667519561096,9.0,11.0,1.0,16920.422693122153,10000.0,19000.0,1.0,16.5,17.88925388762397,19.0,1.0,23960.625154719877,10000.0,25000.0,1.0,19.217163088064712,17.0,20.0,1.0,0.0,111.0,1.0,55.0
11.0,21.0,11.0,22.0,-121.0,21.0,13.0,-111.0,10.206472609167387,9.0,11.0,30000.0,10000.0,19000.0,0.0,26.345591392122294,16.5,19.0,0.0,10000.0,36974.70444837138,25000.0,0.0,27.66189795825377,17.0,20.0,0.0,122.0,10.223498489960448,9.0,11.0,1.0,14970.062013931036,10000.0,19000.0,1.0,16.5,17.598998067588987,19.0,1.0,22204.789846082618,10000.0,25000.0,1.0,18.96437775071792,17.0,20.0,1.0,0.0,211.0,1.0,24.0
91.0,24.0,91.0,21.0,-721.0,911.0,12.0,-711.0,15.387095156260736,12.0,17.0,30000.0,18000.0,36000.0,1.0,24.974114347727113,20.0,25.0,1.0,18000.0,33898.09233168997,36000.0,1.0,25.450193301545085,20.0,26.0,1.0,722.0,15.26083428181328,12.0,17.0,1.0,26201.614271946506,18000.0,36000.0,1.0,20.0,23.41150754126788,25.0,1.0,30190.84587438345,18000.0,36000.0,1.0,23.898717449659763,20.0,26.0,1.0,1.0,91121.0,7.0,29.0
11.0,21.0,11.0,22.0,-121.0,21.0,13.0,-111.0,10.205423331543308,9.0,11.0,30000.0,10000.0,19000.0,0.0,26.379093712111757,16.5,19.0,0.0,10000.0,37065.78498233599,25000.0,0.0,27.716048998867556,17.0,20.0,0.0,122.0,10.223732660086574,9.0,11.0,1.0,14161.662744924597,10000.0,19000.0,1.0,16.5,17.44239502004705,19.0,1.0,21189.973414774806,10000.0,25000.0,1.0,18.772259590014745,17.0,20.0,1.0,0.0,211.0,1.0,32.0
11.0,22.0,11.0,22.0,-121.0,21.0,12.0,-111.0,10.190272037709828,9.0,11.0,30000.0,10000.0,19000.0,0.0,24.02828358208368,16.5,19.0,0.0,10000.0,36950.90177042202,25000.0,0.0,25.34127859618723,17.0,20.0,0.0,122.0,10.207575801251235,9.0,11.0,1.0,16249.930041531241,10000.0,19000.0,1.0,16.5,17.790463033412724,19.0,1.0,23310.509902595455,10000.0,25000.0,1.0,19.124175760257145,17.0,20.0,1.0,0.0,211.0,1.0,48.0
11.0,22.0,11.0,22.0,-121.0,21.0,12.0,-111.0,9.986470058763828,9.0,11.0,30000.0,10000.0,19000.0,0.0,25.87746905649093,16.5,19.0,0.0,10000.0,36613.732382982285,25000.0,0.0,27.195257779619986,17.0,20.0,0.0,121.0,10.00725882768768,9.0,11.0,1.0,15410.208447098435,10000.0,19000.0,1.0,16.5,17.61269880357895,19.0,1.0,21918.075366172787,10000.0,25000.0,1.0,18.909393792273626,17.0,20.0,1.0,0.0,211.0,1.0,48.0
81.0,23.0,81.0,21.0,-721.0,912.0,11.0,-711.0,15.349430935750984,12.0,17.0,30000.0,12500.0,23000.0,0.0,25.849958833271568,20.0,24.0,0.0,12500.0,33922.10732755252,26000.0,0.0,26.32878969594041,20.0,25.0,0.0,722.0,14.904641417175455,12.0,17.0,1.0,11597.519675296402,12500.0,23000.0,0.0,20.0,20.70295928981283,24.0,1.0,15521.874547150717,12500.0,26000.0,1.0,21.18206454415101,20.0,25.0,1.0,0.0,912.0,7.0,12.0
11.0,21.0,11.0,22.0,-121.0,11.0,12.0,-111.0,10.196936434439072,9.0,11.0,30000.0,10000.0,19000.0,0.0,25.532845688163192,16.5,19.0,0.0,10000.0,37000.931185834444,25000.0,0.0,26.849512495897386,17.0,20.0,0.0,122.0,10.183098186620565,9.0,11.0,1.0,16688.214095796407,10000.0,19000.0,1.0,16.5,17.827286104150534,19.0,1.0,23734.39037837618,10000.0,25000.0,1.0,19.152462168084508,17.0,20.0,1.0,0.0,111.0,1.0,51.0
11.0,21.0,11.0,21.0,-121.0,11.0,11.0,-111.0,10.196252137503043,9.0,11.0,30000.0,10000.0,19000.0,0.0,25.687647397970963,16.5,19.0,0.0,10000.0,36939.57541075623,25000.0,0.0,26.994588241856235,17.0,20.0,0.0,122.0,10.158189674375775,9.0,11.0,1.0,16058.060259697664,10000.0,19000.0,1.0,16.5,17.672034684892168,19.0,1.0,22977.520958120156,10000.0,25000.0,1.0,18.975187294259342,17.0,20.0,1.0,0.0,111.0,1.0,56.0
91.0,24.0,91.0,24.0,-721.0,911.0,11.0,-711.0,15.26078227188639,12.0,17.0,30000.0,18000.0,36000.0,1.0,25.221134758354935,20.0,25.0,0.0,18000.0,33996.4276052941,36000.0,1.0,25.709686659237374,20.0,26.0,1.0,722.0,15.335554036986755,12.0,17.0,1.0,26630.60831208496,18000.0,36000.0,1.0,20.0,23.58277351396901,25.0,1.0,30664.181387778248,18000.0,36000.0,1.0,24.07586634289144,20.0,26.0,1.0,0.0,91121.0,7.0,28.0
11.0,22.0,11.0,22.0,-121.0,21.0,13.0,-111.0,10.218978039515966,9.0,11.0,30000.0,10000.0,19000.0,0.0,24.941530649506504,16.5,19.0,0.0,10000.0,36952.97821175321,25000.0,0.0,26.25081092600854,17.0,20.0,0.0,122.0,10.190600066562594,9.0,11.0,1.0,15015.175613289859,10000.0,19000.0,1.0,16.5,17.569270212551256,19.0,1.0,21992.026561392973,10000.0,25000.0,1.0,18.883045843690855,17.0,20.0,1.0,0.0,211.0,1.0,13.0
11.0,21.0,11.0,21.0,-121.0,21.0,13.0,-111.0,10.209583443749011,9.0,11.0,30000.0,10000.0,19000.0,0.0,27.27473315913066,16.5,19.0,0.0,10000.0,36854.10716099563,25000.0,0.0,28.571344518395577,17.0,20.0,0.0,122.0,10.203078057004296,9.0,11.0,1.0,14500.135378542735,10000.0,19000.0,1.0,16.5,17.399995729867,19.0,1.0,21600.400731745587,10000.0,25000.0,1.0,18.743173549313386,17.0,20.0,1.0,0.0,211.0,1.0,34.0
11.0,21.0,11.0,22.0,-121.0,21.0,12.0,-111.0,9.998878652610248,9.0,11.0,30000.0,10000.0,19000.0,0.0,25.957857854869907,16.5,19.0,0.0,10000.0,36474.38582949874,25000.0,0.0,27.24957474234613,17.0,20.0,0.0,121.0,9.995691121559926,9.0,11.0,1.0,15760.591604201623,10000.0,19000.0,1.0,16.5,17.684267656400525,19.0,1.0,22209.062894662246,10000.0,25000.0,1.0,18.970814285478774,17.0,20.0,1.0,0.0,211.0,1.0,37.0
11.0,21.0,11.0,22.0,-121.0,11.0,12.0,-111.0,9.99057516489792,9.0,11.0,30000.0,10000.0,19000.0,0.0,25.919867972514286,16.5,19.0,0.0,10000.0,36542.36613477584,25000.0,0.0,27.229576698799725,17.0,20.0,0.0,121.0,9.996664817820786,9.0,11.0,1.0,17147.053458030474,10000.0,19000.0,1.0,16.5,17.925069405165367,19.0,1.0,23642.917482712946,10000.0,25000.0,1.0,19.2254689276971,17.0,20.0,1.0,0.0,111.0,1.0,7.0
91.0,24.0,91.0,24.0,-721.0,911.0,12.0,-711.0,15.081206494036694,12.0,17.0,30000.0,18000.0,36000.0,1.0,25.2178532572463,20.0,25.0,0.0,18000.0,34474.24045654974,36000.0,1.0,25.774991630658246,20.0,26.0,1.0,721.0,15.765566671603278,12.0,17.0,1.0,26403.729320191964,18000.0,36000.0,1.0,20.0,24.065900848996748,25.0,1.0,30949.36072636399,18000.0,36000.0,1.0,24.631928918421938,20.0,26.0,1.0,0.0,91121.0,7.0,24.0
11.0,22.0,11.0,21.0,-121.0,11.0,11.0,-111.0,10.187169599275537,9.0,11.0,30000.0,10000.0,19000.0,0.0,22.680512502697983,16.5,19.0,0.0,10000.0,37105.268923081996,25000.0,0.0,24.02173280051541,17.0,20.0,0.0,122.0,10.217911544221755,9.0,11.0,1.0,12394.90967604496,10000.0,19000.0,1.0,16.5,17.06495016412717,19.0,1.0,19417.728566122893,10000.0,25000.0,1.0,18.390606848657345,17.0,20.0,1.0,0.0,111.0,1.0,1.0
11.0,21.0,11.0,22.0,-121.0,11.0,11.0,-111.0,10.209081984203829,9.0,11.0,30000.0,10000.0,19000.0,0.0,24.370090689021634,16.5,19.0,0.0,10000.0,37090.18337886431,25000.0,0.0,25.706757561544336,17.0,20.0,0.0,122.0,10.221258491985942,9.0,11.0,1.0,14907.907065238875,10000.0,19000.0,1.0,16.5,17.53906994145772,19.0,1.0,21802.882395706343,10000.0,25000.0,1.0,18.83893549057323,17.0,20.0,1.0,0.0,111.0,1.0,35.0
92.0,24.0,92.0,24.0,-721.0,921.0,13.0,-711.0,15.417085524578743,12.0,17.0,30000.0,15000.0,28000.0,0.0,24.838207808897636,19.5,25.0,1.0,15000.0,34517.28081608136,28000.0,0.0,25.402455572068426,20.0,26.0,1.0,721.0,14.72326764494172,12.0,17.0,1.0,21622.642346120083,15000.0,28000.0,1.0,19.5,21.482171679049593,25.0,1.0,26101.216621999884,15000.0,28000.0,1.0,22.04158465784057,20.0,26.0,1.0,0.0,92122.0,7.0,20.0
11.0,22.0,11.0,21.0,-121.0,11.0,11.0,-111.0,10.015032428514361,9.0,11.0,30000.0,10000.0,19000.0,0.0,23.177905175661827,16.5,19.0,0.0,10000.0,36535.999266004714,25000.0,0.0,24.487144060011488,17.0,20.0,0.0,121.0,9.998395982953872,9.0,11.0,1.0,15333.746714158791,10000.0,19000.0,1.0,16.5,17.54906327971575,19.0,1.0,21892.221398313763,10000.0,25000.0,1.0,18.86280425933604,17.0,20.0,1.0,0.0,111.0,1.0,1.0
11.0,22.0,11.0,21.0,-121.0,11.0,12.0,-111.0,10.203311952470006,9.0,11.0,30000.0,10000.0,19000.0,0.0,25.78975962091019,16.5,19.0,0.0,10000.0,37110.108744880585,25000.0,0.0,27.131104724975128,17.0,20.0,0.0,122.0,10.206025096323296,9.0,11.0,1.0,13404.55932990506,10000.0,19000.0,1.0,16.5,17.23770064318443,19.0,1.0,20334.91234930541,10000.0,25000.0,1.0,18.545134245899384,17.0,20.0,1.0,0.0,111.0,1.0,10.0
92.0,24.0,92.0,24.0,-721.0,921.0,13.0,-711.0,15.25357064508106,12.0,17.0,30000.0,15000.0,28000.0,0.0,24.431643079050634,19.5,25.0,1.0,15000.0,33999.97254338932,28000.0,0.0,24.91932318618425,20.0,26.0,1.0,722.0,15.06761151281204,12.0,17.0,1.0,22605.695445897705,15000.0,28000.0,1.0,19.5,21.804368021584914,25.0,1.0,26690.294931136432,15000.0,28000.0,1.0,22.30236591855829,20.0,26.0,1.0,0.0,92122.0,7.0,20.0
11.0,22.0,11.0,21.0,-121.0,11.0,11.0,-111.0,10.216101638148988,9.0,11.0,30000.0,10000.0,19000.0,0.0,23.304673050021844,16.5,19.0,0.0,10000.0,36867.866830389125,25000.0,0.0,24.59440656385551,17.0,20.0,0.0,122.0,10.20320289565987,9.0,11.0,1.0,17062.05815016613,10000.0,19000.0,1.0,16.5,17.89391298986476,19.0,1.0,23923.057198117833,10000.0,25000.0,1.0,19.18235678603296,17.0,20.0,1.0,0.0,111.0,1.0,26.0
11.0,22.0,11.0,22.0,-121.0,11.0,12.0,-111.0,10.18692509968024,9.0,11.0,30000.0,10000.0,19000.0,0.0,23.79845890316452,16.5,19.0,0.0,10000.0,37176.934650254545,25000.0,0.0,25.155941106495952,17.0,20.0,0.0,122.0,10.157371894218379,9.0,11.0,1.0,16339.351454952668,10000.0,19000.0,1.0,16.5,17.757911328440567,19.0,1.0,23200.83901986711,10000.0,25000.0,1.0,19.055728253305688,17.0,20.0,1.0,0.0,111.0,1.0,40.0
11.0,21.0,11.0,22.0,-121.0,21.0,13.0,-111.0,10.189719526868938,9.0,11.0,30000.0,10000.0,19000.0,0.0,27.130181360927892,16.5,19.0,0.0,10000.0,37163.11890957676,25000.0,0.0,28.481698056128312,17.0,20.0,0.0,122.0,10.231913917892653,9.0,11.0,1.0,14390.249990012528,10000.0,19000.0,1.0,16.5,17.467564318418567,19.0,1.0,21292.822771502924,10000.0,25000.0,1.0,18.7699219187577,17.0,20.0,1.0,0.0,211.0,1.0,59.0
11.0,22.0,11.0,22.0,-121.0,11.0,11.0,-111.0,10.187172981908942,9.0,11.0,30000.0,10000.0,19000.0,0.0,25.443590595954745,16.5,19.0,0.0,10000.0,37009.27392527254,25000.0,0.0,26.771249218010844,17.0,20.0,0.0,122.0,10.20574175154624,9.0,11.0,1.0,16755.908126863036,10000.0,19000.0,1.0,16.5,17.87430176262933,19.0,1.0,23687.204925975348,10000.0,25000.0,1.0,19.18719038069165,17.0,20.0,1.0,0.0,111.0,1.0,27.0
11.0,22.0,11.0,21.0,-121.0,11.0,12.0,-111.0,10.196202574999202,9.0,11.0,30000.0,10000.0,19000.0,0.0,24.66454920215495,16.5,19.0,0.0,10000.0,36956.477353956674,25000.0,0.0,25.97858978959333,17.0,20.0,0.0,122.0,10.21902662371455,9.0,11.0,1.0,14826.805146688668,10000.0,19000.0,1.0,16.5,17.520051724045704,19.0,1.0,21865.229959544868,10000.0,25000.0,1.0,18.8495717390093,17.0,20.0,1.0,0.0,111.0,1.0,45.0
11.0,22.0,11.0,22.0,-121.0,21.0,13.0,-111.0,10.208310632100062,9.0,11.0,30000.0,10000.0,19000.0,0.0,26.053145291133752,16.5,19.0,0.0,10000.0,37016.81515597352,25000.0,0.0,27.373648284206002,17.0,20.0,0.0,122.0,10.2122354802586,9.0,11.0,1.0,16208.33958089003,10000.0,19000.0,1.0,16.5,17.822169417280705,19.0,1.0,23137.180970779806,10000.0,25000.0,1.0,19.126116520131657,17.0,20.0,1.0,0.0,211.0,1.0,19.0
11.0,22.0,11.0,22.0,-121.0,21.0,13.0,-111.0,10.195648183336974,9.0,11.0,30000.0,10000.0,19000.0,0.0,26.48826386025192,16.5,19.0,0.0,10000.0,37000.41106446645,25000.0,0.0,27.808585258693967,17.0,20.0,0.0,122.0,10.219462189864068,9.0,11.0,1.0,13162.274734907836,10000.0,19000.0,1.0,16.5,17.216761015411983,19.0,1.0,20170.400426727287,10000.0,25000.0,1.0,18.538537440920496,17.0,20.0,1.0,0.0,211.0,1.0,19.0
11.0,22.0,11.0,22.0,-121.0,21.0,12.0,-111.0,10.216959831110914,9.0,11.0,30000.0,10000.0,19000.0,0.0,24.279727483112175,16.5,19.0,0.0,10000.0,37055.16291568011,25000.0,0.0,25.606913930778997,17.0,20.0,0.0,122.0,10.216857472564357,9.0,11.0,1.0,18823.189722789743,10000.0,19000.0,1.0,16.5,18.27745973942232,19.0,1.0,25736.41478797313,10000.0,25000.0,0.0,19.577945458297815,17.0,20.0,1.0,0.0,211.0,1.0,25.0
11.0,22.0,11.0,22.0,-121.0,21.0,13.0,-111.0,10.190748444167033,9.0,11.0,30000.0,10000.0,19000.0,0.0,24.449527252236066,16.5,19.0,0.0,10000.0,37111.45603355164,25000.0,0.0,25.787996234296944,17.0,20.0,0.0,122.0,10.177123897600074,9.0,11.0,1.0,12532.097651956701,10000.0,19000.0,1.0,16.5,17.046021852186676,19.0,1.0,19430.26371636943,10000.0,25000.0,1.0,18.344346874061305,17.0,20.0,1.0,0.0,211.0,1.0,4.0
11.0,22.0,11.0,21.0,-121.0,21.0,13.0,-111.0,10.219203097083568,9.0,11.0,30000.0,10000.0,19000.0,0.0,25.72578115694911,16.5,19.0,0.0,10000.0,36877.3802173072,25000.0,0.0,27.02166397064125,17.0,20.0,0.0,122.0,10.203223213357845,9.0,11.0,1.0,11582.647361363714,10000.0,19000.0,1.0,16.5,16.890399050348776,19.0,1.0,18667.85247768983,10000.0,25000.0,1.0,18.22544164674686,17.0,20.0,1.0,0.0,211.0,1.0,58.0
91.0,24.0,91.0,21.0,-721.0,911.0,12.0,-711.0,15.244462779684987,12.0,17.0,30000.0,18000.0,36000.0,1.0,24.63691496314527,20.0,25.0,1.0,18000.0,34012.60841446136,36000.0,1.0,25.123654210284034,20.0,26.0,1.0,722.0,15.119195326782974,12.0,17.0,1.0,25703.995442035895,18000.0,36000.0,1.0,20.0,23.19062416480894,25.0,1.0,29708.383049494234,18000.0,36000.0,1.0,23.676366207885355,20.0,26.0,1.0,1.0,91121.0,7.0,14.0
11.0,21.0,11.0,22.0,-121.0,21.0,13.0,-111.0,10.199169312976716,9.0,11.0,30000.0,10000.0,19000.0,0.0,25.990657848531274,16.5,19.0,0.0,10000.0,37009.798959985725,25000.0,0.0,27.31264070600184,17.0,20.0,0.0,122.0,10.196898242956804,9.0,11.0,1.0,14429.417630616903,10000.0,19000.0,1.0,16.5,17.4246932169981,19.0,1.0,21503.05721132677,10000.0,25000.0,1.0,18.758715821498413,17.0,20.0,1.0,0.0,211.0,1.0,9.0
11.0,21.0,11.0,22.0,-121.0,11.0,12.0,-111.0,10.189768364677175,9.0,11.0,30000.0,10000.0,19000.0,0.0,23.964571648200003,16.5,19.0,0.0,10000.0,37159.09280845315,25000.0,0.0,25.31403525981479,17.0,20.0,0.0,122.0,10.19550101075783,9.0,11.0,1.0,15394.14677236176,10000.0,19000.0,1.0,16.5,17.585744447459028,19.0,1.0,22485.529277850634,10000.0,25000.0,1.0,18.922444907033963,17.0,20.0,1.0,0.0,111.0,1.0,7.0
91.0,21.0,91.0,24.0,-721.0,911.0,12.0,-711.0,14.366153905115814,12.0,17.0,30000.0,18000.0,36000.0,1.0,24.669361380119156,20.0,25.0,1.0,18000.0,34512.04813160854,36000.0,1.0,25.234152471494525,20.0,26.0,1.0,721.0,15.291688087096244,12.0,17.0,1.0,29201.590578033254,18000.0,36000.0,1.0,20.0,23.891969066769466,25.0,1.0,33667.545327894644,18000.0,36000.0,1.0,24.450990465397147,20.0,26.0,1.0,1.0,91121.0,7.0,26.0
11.0,22.0,11.0,22.0,-121.0,11.0,11.0,-111.0,10.211961096634118,9.0,11.0,30000.0,10000.0,19000.0,0.0,24.043427267292664,16.5,19.0,0.0,10000.0,36912.341955142096,25000.0,0.0,25.345257354888258,17.0,20.0,0.0,122.0,10.182098471588386,9.0,11.0,1.0,13891.613739045968,10000.0,19000.0,1.0,16.5,17.309618614435767,19.0,1.0,21007.655677664407,10000.0,25000.0,1.0,18.649812366481576,17.0,20.0,1.0,0.0,111.0,1.0,15.0
91.0,24.0,91.0,24.0,-721.0,911.0,11.0,-711.0,14.536978483815679,12.0,17.0,30000.0,18000.0,36000.0,1.0,24.490981685256962,20.0,25.0,1.0,18000.0,34443.38461769676,36000.0,1.0,25.046299439477437,20.0,26.0,1.0,721.0,15.800374916973945,12.0,17.0,1.0,28885.427607927082,18000.0,36000.0,1.0,20.0,24.47066333359147,25.0,1.0,33456.05694673699,18000.0,36000.0,1.0,25.041883661828056,20.0,26.0,1.0,1.0,91121.0,7.0,28.0
11.0,21.0,11.0,21.0,-121.0,21.0,12.0,-111.0,10.188673708597571,9.0,11.0,30000.0,10000.0,19000.0,0.0,25.364395325614517,16.5,19.0,0.0,10000.0,36938.158388252836,25000.0,0.0,26.671356886307667,17.0,20.0,0.0,122.0,10.200400489295252,9.0,11.0,1.0,15921.476203889315,10000.0,19000.0,1.0,16.5,17.662602164193927,19.0,1.0,22742.952817373643,10000.0,25000.0,1.0,18.947584031440744,17.0,20.0,1.0,0.0,211.0,1.0,6.0
11.0,22.0,11.0,21.0,-121.0,11.0,11.0,-111.0,10.182659048528304,9.0,11.0,30000.0,10000.0,19000.0,0.0,23.639354563476118,16.5,19.0,0.0,10000.0,37082.042458105396,25000.0,0.0,24.976740366070377,17.0,20.0,0.0,122.0,10.20023698527592,9.0,11.0,1.0,15186.509088308008,10000.0,19000.0,1.0,16.5,17.512303366945563,19.0,1.0,22080.015857345,10000.0,25000.0,1.0,18.814085746468866,17.0,20.0,1.0,0.0,111.0,1.0,12.0
91.0,24.0,91.0,21.0,-721.0,911.0,12.0,-711.0,15.147038919612973,12.0,17.0,30000.0,18000.0,36000.0,1.0,24.953382901700135,20.0,25.0,1.0,18000.0,34005.70049061779,36000.0,1.0,25.441211253258622,20.0,26.0,1.0,722.0,15.293448676993485,12.0,17.0,1.0,23165.361949844206,18000.0,36000.0,1.0,20.0,23.006034915988003,25.0,1.0,27192.895604288566,18000.0,36000.0,1.0,23.496522187339366,20.0,26.0,1.0,1.0,91121.0,7.0,29.0
11.0,22.0,11.0,22.0,-121.0,11.0,12.0,-111.0,10.187094259942697,9.0,11.0,30000.0,10000.0,19000.0,0.0,24.356805136917753,16.5,19.0,0.0,10000.0,36998.59157932119,25000.0,0.0,25.67605016780033,17.0,20.0,0.0,122.0,10.217449212368347,9.0,11.0,1.0,15587.982706045754,10000.0,19000.0,1.0,16.5,17.660488833480606,19.0,1.0,22806.696759905368,10000.0,25000.0,1.0,19.021227281635657,17.0,20.0,1.0,0.0,111.0,1.0,40.0
92.0,24.0,92.0,24.0,-721.0,921.0,13.0,-711.0,15.281239645999438,12.0,17.0,30000.0,15000.0,28000.0,0.0,24.699600171609497,19.5,25.0,1.0,15000.0,34046.43869685941,28000.0,0.0,25.193142099236336,20.0,26.0,1.0,722.0,15.180674155061253,12.0,17.0,1.0,21377.23476814709,15000.0,28000.0,1.0,19.5,21.881589370586568,25.0,1.0,25271.83871426455,15000.0,28000.0,1.0,22.356612096224737,20.0,26.0,1.0,0.0,92122.0,7.0,20.0
11.0,22.0,11.0,22.0,-121.0,21.0,13.0,-111.0,10.2446055026741,9.0,11.0,30000.0,10000.0,19000.0,0.0,26.077720002035832,16.5,19.0,0.0,10000.0,36974.01734970279,25000.0,0.0,27.39360102798892,17.0,20.0,0.0,122.0,10.185674709339745,9.0,11.0,1.0,13627.706368396843,10000.0,19000.0,1.0,16.5,17.284213927677687,19.0,1.0,20645.023580064193,10000.0,25000.0,1.0,18.608264917072002,17.0,20.0,1.0,0.0,211.0,1.0,8.0
91.0,24.0,91.0,24.0,-721.0,911.0,12.0,-711.0,14.235499081213094,12.0,17.0,30000.0,18000.0,36000.0,1.0,24.47566493194553,20.0,25.0,1.0,18000.0,34462.05486232208,36000.0,1.0,25.034929170423787,20.0,26.0,1.0,721.0,14.123723944687608,12.0,17.0,1.0,27423.868222193527,18000.0,36000.0,1.0,20.0,22.551082033292147,25.0,1.0,31901.511276043166,18000.0,36000.0,1.0,23.11230006174675,20.0,26.0,1.0,1.0,91121.0,7.0,8.0
11.0,22.0,11.0,22.0,-121.0,21.0,13.0,-111.0,10.201734389831243,9.0,11.0,30000.0,10000.0,19000.0,0.0,25.8620264888669,16.5,19.0,0.0,10000.0,37064.07991051038,25000.0,0.0,27.19077021586181,17.0,20.0,0.0,122.0,10.188205675907657,9.0,11.0,1.0,15922.06269450988,10000.0,19000.0,1.0,16.5,17.71392186398383,19.0,1.0,22862.88760353288,10000.0,25000.0,1.0,19.019481494518644,17.0,20.0,1.0,0.0,211.0,1.0,8.0
11.0,21.0,11.0,21.0,-121.0,21.0,13.0,-111.0,10.188641470491874,9.0,11.0,30000.0,10000.0,19000.0,0.0,26.365441794630453,16.5,19.0,0.0,10000.0,36774.12526559693,25000.0,0.0,27.642593706907736,17.0,20.0,0.0,122.0,10.213924723783018,9.0,11.0,1.0,14917.389110326785,10000.0,19000.0,1.0,16.5,17.519564293565278,19.0,1.0,21759.681137317617,10000.0,25000.0,1.0,18.809567947765625,17.0,20.0,1.0,0.0,211.0,1.0,34.0
91.0,24.0,91.0,21.0,-721.0,911.0,11.0,-711.0,14.53743862278714,12.0,17.0,30000.0,18000.0,36000.0,1.0,23.461717435211213,20.0,25.0,1.0,18000.0,34515.223166634816,36000.0,1.0,24.024495285286097,20.0,26.0,1.0,721.0,14.002685906540972,12.0,17.0,1.0,23566.34679985591,18000.0,36000.0,1.0,20.0,21.899940311678062,25.0,1.0,28011.87911018415,18000.0,36000.0,1.0,22.45403188671522,20.0,26.0,1.0,1.0,91121.0,7.0,2.0
91.0,24.0,91.0,24.0,-721.0,911.0,11.0,-711.0,15.211696276441241,12.0,17.0,30000.0,18000.0,36000.0,1.0,23.95862187123112,20.0,25.0,1.0,18000.0,34538.73041745977,36000.0,1.0,24.524580826125312,20.0,26.0,1.0,721.0,14.870524200916886,12.0,17.0,1.0,22710.44455614902,18000.0,36000.0,1.0,20.0,22.724656409666345,25.0,1.0,27218.265518186276,18000.0,36000.0,1.0,23.286761096631345,20.0,26.0,1.0,1.0,91121.0,7.0,4.0
81.0,23.0,81.0,21.0,-721.0,912.0,11.0,-711.0,14.754416132871318,12.0,17.0,30000.0,12500.0,23000.0,0.0,26.59988082767347,20.0,24.0,0.0,12500.0,34534.04637370447,26000.0,0.0,27.167669676700562,20.0,25.0,0.0,721.0,15.011748094067075,12.0,17.0,1.0,14560.129114860198,12500.0,23000.0,1.0,20.0,21.276037581201024,24.0,1.0,19018.578106671153,12500.0,26000.0,1.0,21.8343595331307,20.0,25.0,1.0,0.0,912.0,7.0,12.0
81.0,23.0,81.0,23.0,-721.0,912.0,12.0,-711.0,15.561898261798317,12.0,17.0,30000.0,12500.0,23000.0,0.0,26.38646658077626,20.0,24.0,0.0,12500.0,34530.28588453599,26000.0,0.0,26.95290648250986,20.0,25.0,0.0,721.0,14.789625078624251,12.0,17.0,1.0,19535.291073070966,12500.0,23000.0,1.0,20.0,21.723420740049363,24.0,1.0,24029.525316520292,12500.0,26000.0,1.0,22.285352959805504,20.0,25.0,1.0,0.0,912.0,7.0,10.0
11.0,22.0,11.0,21.0,-121.0,11.0,11.0,-111.0,9.999268542677587,9.0,11.0,30000.0,10000.0,19000.0,0.0,23.168016864254195,16.5,19.0,0.0,10000.0,36484.797884215295,25000.0,0.0,24.46525729079906,17.0,20.0,0.0,121.0,10.003338154359414,9.0,11.0,1.0,15772.378791526562,10000.0,19000.0,1.0,16.5,17.614815904578958,19.0,1.0,22281.75206865023,10000.0,25000.0,1.0,18.916972474039632,17.0,20.0,1.0,0.0,111.0,1.0,54.0
11.0,21.0,11.0,22.0,-121.0,11.0,12.0,-111.0,10.206317715552414,9.0,11.0,30000.0,10000.0,19000.0,0.0,24.184880819996128,16.5,19.0,0.0,10000.0,36917.08382545916,25000.0,0.0,25.494834537928266,17.0,20.0,0.0,122.0,10.188826888722044,9.0,11.0,1.0,15001.927842095916,10000.0,19000.0,1.0,16.5,17.582949996576186,19.0,1.0,22030.455133452884,10000.0,25000.0,1.0,18.914008819806423,17.0,20.0,1.0,0.0,111.0,1.0,51.0
11.0,21.0,11.0,22.0,-121.0,11.0,11.0,-111.0,10.180827399400288,9.0,11.0,30000.0,10000.0,19000.0,0.0,24.351769129996697,16.5,19.0,0.0,10000.0,36943.1141933695,25000.0,0.0,25.65504689029157,17.0,20.0,0.0,122.0,10.228668493724877,9.0,11.0,1.0,14181.798628500688,10000.0,19000.0,1.0,16.5,17.400421710024936,19.0,1.0,21307.04642184498,10000.0,25000.0,1.0,18.737887395743286,17.0,20.0,1.0,0.0,111.0,1.0,29.0
91.0,24.0,91.0,21.0,-721.0,911.0,11.0,-711.0,15.473212342835803,12.0,17.0,30000.0,18000.0,36000.0,1.0,25.31988637437286,20.0,25.0,0.0,18000.0,34513.90851837698,36000.0,1.0,25.88233242070734,20.0,26.0,1.0,721.0,16.096488936984407,12.0,17.0,1.0,24512.77265085392,18000.0,36000.0,1.0,20.0,24.049276567411763,25.0,1.0,28999.77230824752,18000.0,36000.0,1.0,24.6083696919026,20.0,26.0,1.0,0.0,91121.0,7.0,21.0
91.0,24.0,91.0,24.0,-721.0,911.0,11.0,-711.0,14.494823678997655,12.0,17.0,30000.0,18000.0,36000.0,1.0,24.25309339536583,20.0,25.0,1.0,18000.0,34396.555714101145,36000.0,1.0,24.80031531165301,20.0,26.0,1.0,721.0,14.476926753690472,12.0,17.0,1.0,26738.47641602196,18000.0,36000.0,1.0,20.0,22.811250643666543,25.0,1.0,31251.893612234857,18000.0,36000.0,1.0,23.373017846841876,20.0,26.0,1.0,1.0,91121.0,7.0,16.0
92.0,24.0,92.0,24.0,-721.0,921.0,13.0,-711.0,14.528733890410086,12.0,17.0,30000.0,15000.0,28000.0,0.0,23.16463581430606,19.5,25.0,1.0,15000.0,34491.06971885404,28000.0,0.0,23.72647530386889,20.0,26.0,1.0,721.0,15.52876265799698,12.0,17.0,1.0,21000.937206862636,15000.0,28000.0,1.0,19.5,22.158774611408184,25.0,1.0,25469.06793689815,15000.0,28000.0,1.0,22.717744399413103,20.0,26.0,1.0,0.0,92122.0,7.0,25.0
92.0,24.0,92.0,24.0,-721.0,921.0,13.0,-711.0,15.076717640727438,12.0,17.0,30000.0,15000.0,28000.0,0.0,24.551520594298367,19.5,25.0,1.0,15000.0,33993.59685041306,28000.0,0.0,25.040177069952318,20.0,26.0,1.0,722.0,15.193804427191619,12.0,17.0,1.0,21691.82451921603,15000.0,28000.0,1.0,19.5,21.870090505495735,25.0,1.0,25695.441439661336,15000.0,28000.0,1.0,22.359973036831107,20.0,26.0,1.0,0.0,92122.0,7.0,25.0
11.0,22.0,11.0,22.0,-121.0,11.0,12.0,-111.0,10.002203801303788,9.0,11.0,30000.0,10000.0,19000.0,0.0,24.4946123049815,16.5,19.0,0.0,10000.0,36534.36017755952,25000.0,0.0,25.804076558385695,17.0,20.0,0.0,121.0,10.017063413177425,9.0,11.0,1.0,17577.976072589714,10000.0,19000.0,1.0,16.5,18.079374575040685,19.0,1.0,24013.239300326706,10000.0,25000.0,1.0,19.36898012615607,17.0,20.0,1.0,0.0,111.0,1.0,49.0
91.0,24.0,91.0,21.0,-721.0,911.0,12.0,-711.0,15.572974392335807,12.0,17.0,30000.0,18000.0,36000.0,1.0,25.112361568984934,20.0,25.0,0.0,18000.0,34474.70631286538,36000.0,1.0,25.671046335530256,20.0,26.0,1.0,721.0,14.987373564680915,12.0,17.0,1.0,23765.511280924646,18000.0,36000.0,1.0,20.0,22.884722819067264,25.0,1.0,28252.57272202775,18000.0,36000.0,1.0,23.444950172198723,20.0,26.0,1.0,0.0,91121.0,7.0,14.0
92.0,24.0,92.0,24.0,-721.0,921.0,13.0,-711.0,15.280632048514747,12.0,17.0,30000.0,15000.0,28000.0,0.0,25.02821592681346,19.5,25.0,0.0,15000.0,34026.1668346308,28000.0,0.0,25.521755657235424,20.0,26.0,1.0,722.0,14.99958331544169,12.0,17.0,1.0,21379.612186436345,15000.0,28000.0,1.0,19.5,21.682261449457183,25.0,1.0,25377.910374072875,15000.0,28000.0,1.0,22.172384956684798,20.0,26.0,1.0,0.0,92122.0,7.0,20.0
11.0,22.0,11.0,22.0,-121.0,21.0,13.0,-111.0,10.18702057241792,9.0,11.0,30000.0,10000.0,19000.0,0.0,25.776657809076458,16.5,19.0,0.0,10000.0,36831.29122715925,25000.0,0.0,27.06381560006803,17.0,20.0,0.0,122.0,10.218863763822826,9.0,11.0,1.0,14547.084914061716,10000.0,19000.0,1.0,16.5,17.50242670404443,19.0,1.0,21668.797795916857,10000.0,25000.0,1.0,18.844305993956773,17.0,20.0,1.0,0.0,211.0,1.0,21.0
91.0,24.0,91.0,24.0,-721.0,911.0,11.0,-711.0,15.140591732587351,12.0,17.0,30000.0,18000.0,36000.0,1.0,24.769539407033736,20.0,25.0,1.0,18000.0,34005.174581522166,36000.0,1.0,25.2545759029202,20.0,26.0,1.0,722.0,15.02110339191401,12.0,17.0,1.0,21812.47852261583,18000.0,36000.0,1.0,20.0,22.63958280501482,25.0,1.0,25791.567218579163,18000.0,36000.0,1.0,23.121460235980138,20.0,26.0,1.0,1.0,91121.0,7.0,9.0
92.0,24.0,92.0,24.0,-721.0,921.0,13.0,-711.0,15.225688731194369,12.0,17.0,30000.0,15000.0,28000.0,0.0,24.829520868727677,19.5,25.0,1.0,15000.0,34500.667804287856,28000.0,0.0,25.394402720989792,20.0,26.0,1.0,721.0,15.182967270739132,12.0,17.0,1.0,21953.906487194396,15000.0,28000.0,1.0,19.5,21.95585215047429,25.0,1.0,26492.237832362516,15000.0,28000.0,1.0,22.52546117916007,20.0,26.0,1.0,0.0,92122.0,7.0,22.0
11.0,22.0,11.0,22.0,-121.0,11.0,11.0,-111.0,10.224752292011324,9.0,11.0,30000.0,10000.0,19000.0,0.0,23.927948887005904,16.5,19.0,0.0,10000.0,36898.22859541188,25000.0,0.0,25.231348764857835,17.0,20.0,0.0,122.0,10.205008777529224,9.0,11.0,1.0,16328.02074065062,10000.0,19000.0,1.0,16.5,17.81979508259672,19.0,1.0,23427.513732507658,10000.0,25000.0,1.0,19.161223272516626,17.0,20.0,1.0,0.0,111.0,1.0,15.0
11.0,22.0,11.0,22.0,-121.0,21.0,13.0,-111.0,10.001671170438602,9.0,11.0,30000.0,10000.0,19000.0,0.0,25.999085806502617,16.5,19.0,0.0,10000.0,36498.53750915841,25000.0,0.0,27.29866258663636,17.0,20.0,0.0,121.0,10.011538569372325,9.0,11.0,1.0,13841.851365827768,10000.0,19000.0,1.0,16.5,17.334051328154242,19.0,1.0,20360.010862440708,10000.0,25000.0,1.0,18.637552111071695,17.0,20.0,1.0,0.0,211.0,1.0,5.0
11.0,22.0,11.0,22.0,-121.0,11.0,12.0,-111.0,10.203133517926904,9.0,11.0,30000.0,10000.0,19000.0,0.0,24.887430165819918,16.5,19.0,0.0,10000.0,36848.38045994061,25000.0,0.0,26.180207362250748,17.0,20.0,0.0,122.0,10.207168360544213,9.0,11.0,1.0,15684.912297821524,10000.0,19000.0,1.0,16.5,17.733528151402574,19.0,1.0,22549.68664614629,10000.0,25000.0,1.0,19.0294000422926,17.0,20.0,1.0,0.0,111.0,1.0,14.0
11.0,22.0,11.0,22.0,-121.0,21.0,12.0,-111.0,10.205312963034638,9.0,11.0,30000.0,10000.0,19000.0,0.0,25.084487424420352,16.5,19.0,0.0,10000.0,37037.44917119734,25000.0,0.0,26.40979206778122,17.0,20.0,0.0,122.0,10.2116959629685,9.0,11.0,1.0,15232.651342894564,10000.0,19000.0,1.0,16.5,17.606596785990057,19.0,1.0,22227.668165712905,10000.0,25000.0,1.0,18.923910495851104,17.0,20.0,1.0,0.0,211.0,1.0,25.0
11.0,22.0,11.0,22.0,-121.0,11.0,11.0,-111.0,10.1909336905702,9.0,11.0,30000.0,10000.0,19000.0,0.0,24.261424760391527,16.5,19.0,0.0,10000.0,37009.53242439168,25000.0,0.0,25.58697619164317,17.0,20.0,0.0,122.0,10.219297789971133,9.0,11.0,1.0,17201.44259578944,10000.0,19000.0,1.0,16.5,18.017902749869425,19.0,1.0,24255.71574166165,10000.0,25000.0,1.0,19.351914963353472,17.0,20.0,1.0,0.0,111.0,1.0,55.0
81.0,23.0,81.0,23.0,-721.0,912.0,12.0,-711.0,14.181185101610144,12.0,17.0,30000.0,12500.0,23000.0,0.0,25.658966298476273,20.0,24.0,0.0,12500.0,34385.83602003386,26000.0,0.0,26.205563563989415,20.0,25.0,0.0,721.0,15.376895487675913,12.0,17.0,1.0,18227.16522550177,12500.0,23000.0,1.0,20.0,22.204525795844482,24.0,1.0,22666.524689825805,12500.0,26000.0,1.0,22.757793572556906,20.0,25.0,1.0,0.0,912.0,7.0,5.0
91.0,24.0,91.0,21.0,-721.0,911.0,11.0,-711.0,15.145170771729786,12.0,17.0,30000.0,18000.0,36000.0,1.0,25.513671763251946,20.0,25.0,0.0,18000.0,33894.93272781846,36000.0,1.0,25.98763885512564,20.0,26.0,1.0,722.0,15.433843683277937,12.0,17.0,1.0,22312.905106499264,18000.0,36000.0,1.0,20.0,23.089859284209695,25.0,1.0,26394.43761553576,18000.0,36000.0,1.0,23.586533355081126,20.0,26.0,1.0,0.0,91121.0,7.0,3.0
11.0,22.0,11.0,22.0,-121.0,21.0,13.0,-111.0,10.190790257030661,9.0,11.0,30000.0,10000.0,19000.0,0.0,25.587668265481156,16.5,19.0,0.0,10000.0,36920.1931514858,25000.0,0.0,26.896929278759536,17.0,20.0,0.0,122.0,10.201247858217563,9.0,11.0,1.0,13516.626068958996,10000.0,19000.0,1.0,16.5,17.265360425243955,19.0,1.0,20449.81927360173,10000.0,25000.0,1.0,18.57708097431799,17.0,20.0,1.0,0.0,211.0,1.0,22.0
91.0,24.0,91.0,24.0,-721.0,911.0,12.0,-711.0,15.229105495399821,12.0,17.0,30000.0,18000.0,36000.0,1.0,24.71499953325261,20.0,25.0,1.0,18000.0,33886.3470443924,36000.0,1.0,25.188070386375557,20.0,26.0,1.0,722.0,15.178601669069936,12.0,17.0,1.0,30158.130758497642,18000.0,36000.0,1.0,20.0,23.93643972662212,25.0,1.0,34213.72050975243,18000.0,36000.0,1.0,24.430111877263194,20.0,26.0,1.0,1.0,91121.0,7.0,8.0
11.0,21.0,11.0,21.0,-121.0,21.0,12.0,-111.0,10.184245000527511,9.0,11.0,30000.0,10000.0,19000.0,0.0,24.496998487276652,16.5,19.0,0.0,10000.0,36908.28760561328,25000.0,0.0,25.805020314482444,17.0,20.0,0.0,122.0,10.189418125705139,9.0,11.0,1.0,16101.530146505293,10000.0,19000.0,1.0,16.5,17.736802811817597,19.0,1.0,23187.749068197634,10000.0,25000.0,1.0,19.078514325739057,17.0,20.0,1.0,0.0,211.0,1.0,6.0
81.0,23.0,81.0,23.0,-721.0,912.0,12.0,-711.0,14.68667715445223,12.0,17.0,30000.0,12500.0,23000.0,0.0,25.76030782021742,20.0,24.0,0.0,12500.0,34505.30758054925,26000.0,0.0,26.326533425802918,20.0,25.0,0.0,721.0,15.873498736559819,12.0,17.0,1.0,15127.663989399396,12500.0,23000.0,1.0,20.0,22.353108505780813,24.0,1.0,19584.46931239075,12500.0,26000.0,1.0,22.91323836325878,20.0,25.0,1.0,0.0,912.0,7.0,5.0
11.0,22.0,11.0,21.0,-121.0,21.0,13.0,-111.0,10.206238422899084,9.0,11.0,30000.0,10000.0,19000.0,0.0,26.46688117939185,16.5,19.0,0.0,10000.0,36986.82467026798,25000.0,0.0,27.779753000378008,17.0,20.0,0.0,122.0,10.195010160641464,9.0,11.0,1.0,12466.919287871176,10000.0,19000.0,1.0,16.5,16.993146320134123,19.0,1.0,19492.096768256033,10000.0,25000.0,1.0,18.313224894693523,17.0,20.0,1.0,0.0,211.0,1.0,2.0
91.0,24.0,91.0,24.0,-721.0,911.0,11.0,-711.0,15.231540850998227,12.0,17.0,30000.0,18000.0,36000.0,1.0,24.349373744542888,20.0,25.0,1.0,18000.0,34040.20283694313,36000.0,1.0,24.84272556246224,20.0,26.0,1.0,722.0,15.16288301574677,12.0,17.0,1.0,29227.977673027817,18000.0,36000.0,1.0,20.0,23.80370099058827,25.0,1.0,33240.12459667586,18000.0,36000.0,1.0,24.29362688253654,20.0,26.0,1.0,1.0,91121.0,7.0,0.0
11.0,21.0,11.0,21.0,-121.0,21.0,12.0,-111.0,10.006590031811328,9.0,11.0,30000.0,10000.0,19000.0,0.0,24.237348787290735,16.5,19.0,0.0,10000.0,36529.247471943956,25000.0,0.0,25.5465244400909,17.0,20.0,0.0,121.0,9.994067540493324,9.0,11.0,1.0,14001.713259009715,10000.0,19000.0,1.0,16.5,17.284656262465095,19.0,1.0,20497.068120579454,10000.0,25000.0,1.0,18.587036127465453,17.0,20.0,1.0,0.0,211.0,1.0,6.0
81.0,23.0,81.0,21.0,-721.0,912.0,12.0,-711.0,14.77988809429447,12.0,17.0,30000.0,12500.0,23000.0,0.0,26.195933859351612,20.0,24.0,0.0,12500.0,34495.61494312844,26000.0,0.0,26.757303130718192,20.0,25.0,0.0,721.0,15.233281287024413,12.0,17.0,1.0,16656.09953080567,12500.0,23000.0,1.0,20.0,21.86383076533386,24.0,1.0,21181.73437469065,12500.0,26000.0,1.0,22.428948633950736,20.0,25.0,1.0,0.0,912.0,7.0,11.0
11.0,22.0,11.0,22.0,-121.0,21.0,13.0,-111.0,9.997092415090979,9.0,11.0,30000.0,10000.0,19000.0,0.0,25.847281079094245,16.5,19.0,0.0,10000.0,36422.234502043815,25000.0,0.0,27.130198026115885,17.0,20.0,0.0,121.0,10.006754010329207,9.0,11.0,1.0,15340.298717241936,10000.0,19000.0,1.0,16.5,17.616694872455177,19.0,1.0,21865.774158199692,10000.0,25000.0,1.0,18.920235412420517,17.0,20.0,1.0,0.0,211.0,1.0,3.0
91.0,24.0,91.0,24.0,-721.0,911.0,11.0,-711.0,13.933493385767196,12.0,17.0,30000.0,18000.0,36000.0,1.0,23.440210393632363,20.0,25.0,1.0,18000.0,34511.06389058183,36000.0,1.0,24.00528867426463,20.0,26.0,1.0,721.0,15.699077827647848,12.0,17.0,1.0,24052.291045390943,18000.0,36000.0,1.0,20.0,23.794960327165995,25.0,1.0,28609.543324820537,18000.0,36000.0,1.0,24.365824394918185,20.0,26.0,1.0,1.0,91121.0,7.0,9.0
11.0,22.0,11.0,22.0,-121.0,11.0,11.0,-111.0,10.208544325432285,9.0,11.0,30000.0,10000.0,19000.0,0.0,25.266717539628768,16.5,19.0,0.0,10000.0,36984.80826474472,25000.0,0.0,26.582737529877644,17.0,20.0,0.0,122.0,10.18771863421531,9.0,11.0,1.0,16652.201611425276,10000.0,19000.0,1.0,16.5,17.860219530994854,19.0,1.0,23514.18805739656,10000.0,25000.0,1.0,19.153098446697644,17.0,20.0,1.0,0.0,111.0,1.0,57.0
91.0,24.0,91.0,21.0,-721.0,911.0,11.0,-711.0,14.826216903718631,12.0,17.0,30000.0,18000.0,36000.0,1.0,24.882643090850557,20.0,25.0,1.0,18000.0,34034.58899403156,36000.0,1.0,25.377184976220878,20.0,26.0,1.0,722.0,15.17702019194009,12.0,17.0,1.0,23556.35708756723,18000.0,36000.0,1.0,20.0,23.01288306155633,25.0,1.0,27636.11434463216,18000.0,36000.0,1.0,23.512961470719404,20.0,26.0,1.0,1.0,91121.0,7.0,21.0
91.0,24.0,91.0,24.0,-721.0,911.0,11.0,-711.0,14.918085495334982,12.0,17.0,30000.0,18000.0,36000.0,1.0,24.03906203249373,20.0,25.0,1.0,18000.0,34498.7646365628,36000.0,1.0,24.600547679700725,20.0,26.0,1.0,721.0,15.636186245441092,12.0,17.0,1.0,26102.821724759753,18000.0,36000.0,1.0,20.0,23.903804687496077,25.0,1.0,30550.916002067424,18000.0,36000.0,1.0,24.458966225362175,20.0,26.0,1.0,1.0,91121.0,7.0,0.0
11.0,22.0,11.0,22.0,-121.0,11.0,12.0,-111.0,10.205464099670941,9.0,11.0,30000.0,10000.0,19000.0,0.0,24.690113906044402,16.5,19.0,0.0,10000.0,36868.460382549645,25000.0,0.0,25.985519376858857,17.0,20.0,0.0,122.0,10.203572398099222,9.0,11.0,1.0,18748.127155093596,10000.0,19000.0,1.0,16.5,18.263808159937398,19.0,1.0,25863.921279348615,10000.0,25000.0,0.0,19.60586127291285,17.0,20.0,1.0,0.0,111.0,1.0,40.0
11.0,22.0,11.0,22.0,-121.0,11.0,11.0,-111.0,10.194061354585575,9.0,11.0,30000.0,10000.0,19000.0,0.0,24.09597004379034,16.5,19.0,0.0,10000.0,36894.39395635078,25000.0,0.0,25.401609084350774,17.0,20.0,0.0,122.0,10.198467161307036,9.0,11.0,1.0,14474.698443937825,10000.0,19000.0,1.0,16.5,17.496139067767253,19.0,1.0,21446.135359143336,10000.0,25000.0,1.0,18.81636826600041,17.0,20.0,1.0,0.0,111.0,1.0,30.0
11.0,22.0,11.0,22.0,-121.0,21.0,13.0,-111.0,10.191723397182784,9.0,11.0,30000.0,10000.0,19000.0,0.0,25.216695398976967,16.5,19.0,0.0,10000.0,36799.3684179589,25000.0,0.0,26.499028596173936,17.0,20.0,0.0,122.0,10.185516696903742,9.0,11.0,1.0,16390.38607729241,10000.0,19000.0,1.0,16.5,17.831147585684405,19.0,1.0,23356.094709658275,10000.0,25000.0,1.0,19.144851869995808,17.0,20.0,1.0,0.0,211.0,1.0,47.0
81.0,23.0,81.0,23.0,-721.0,912.0,12.0,-711.0,15.577502560127613,12.0,17.0,30000.0,12500.0,23000.0,0.0,26.75137635360717,20.0,24.0,0.0,12500.0,34467.375972939815,26000.0,0.0,27.307471359854954,20.0,25.0,0.0,721.0,14.803318896050486,12.0,17.0,1.0,18317.12775795322,12500.0,23000.0,1.0,20.0,21.659118050111232,24.0,1.0,22801.79351097434,12500.0,26000.0,1.0,22.2173652728773,20.0,25.0,1.0,0.0,912.0,7.0,31.0
11.0,22.0,11.0,22.0,-121.0,21.0,13.0,-111.0,9.989346967646325,9.0,11.0,30000.0,10000.0,19000.0,0.0,25.315663373175845,16.5,19.0,0.0,10000.0,36554.1429444405,25000.0,0.0,26.626296183373512,17.0,20.0,0.0,121.0,10.020042921261933,9.0,11.0,1.0,14375.377518380967,10000.0,19000.0,1.0,16.5,17.410724881602043,19.0,1.0,20831.5642214979,10000.0,25000.0,1.0,18.701769369584184,17.0,20.0,1.0,0.0,211.0,1.0,13.0
11.0,21.0,11.0,21.0,-121.0,21.0,13.0,-111.0,10.184588821023839,9.0,11.0,30000.0,10000.0,19000.0,0.0,25.39914659494579,16.5,19.0,0.0,10000.0,36993.907606344124,25000.0,0.0,26.720452410034458,17.0,20.0,0.0,122.0,10.19989677327289,9.0,11.0,1.0,12031.966714904389,10000.0,19000.0,1.0,16.5,16.966531414941986,19.0,1.0,19048.204274384232,10000.0,25000.0,1.0,18.29205585838401,17.0,20.0,1.0,0.0,211.0,1.0,34.0
91.0,24.0,91.0,21.0,-721.0,911.0,11.0,-711.0,15.126972105384336,12.0,17.0,30000.0,18000.0,36000.0,1.0,25.296395116545966,20.0,25.0,0.0,18000.0,34502.39011535375,36000.0,1.0,25.860144264899805,20.0,26.0,1.0,721.0,15.45413746471354,12.0,17.0,1.0,23030.1772628177,18000.0,36000.0,1.0,20.0,23.286303183602527,25.0,1.0,27401.25795267293,18000.0,36000.0,1.0,23.833610936408878,20.0,26.0,1.0,0.0,91121.0,7.0,15.0
11.0,22.0,11.0,22.0,-121.0,11.0,12.0,-111.0,10.0237782738684,9.0,11.0,30000.0,10000.0,19000.0,0.0,23.788948243371134,16.5,19.0,0.0,10000.0,36495.65907333289,25000.0,0.0,25.091635592330032,17.0,20.0,0.0,121.0,10.003567233972309,9.0,11.0,1.0,16763.46921835688,10000.0,19000.0,1.0,16.5,17.872825559452497,19.0,1.0,23209.620909357047,10000.0,25000.0,1.0,19.16558433304794,17.0,20.0,1.0,0.0,111.0,1.0,42.0
11.0,22.0,11.0,21.0,-121.0,11.0,11.0,-111.0,10.196149317877625,9.0,11.0,30000.0,10000.0,19000.0,0.0,24.44146399857567,16.5,19.0,0.0,10000.0,36918.50573584829,25000.0,0.0,25.745083490813812,17.0,20.0,0.0,122.0,10.197437415556431,9.0,11.0,1.0,10192.251232874121,10000.0,19000.0,1.0,16.5,16.567529279796638,19.0,1.0,17311.25414054914,10000.0,25000.0,1.0,17.90892745305511,17.0,20.0,1.0,0.0,111.0,1.0,12.0
81.0,21.0,81.0,23.0,-721.0,912.0,12.0,-711.0,15.325500223452332,12.0,17.0,30000.0,12500.0,23000.0,0.0,27.500556182083066,20.0,24.0,0.0,12500.0,34038.88307609331,26000.0,0.0,27.990767720029137,20.0,25.0,0.0,722.0,15.003929876935098,12.0,17.0,1.0,17928.963801591195,12500.0,23000.0,1.0,20.0,21.782686731354662,24.0,1.0,21883.6158280838,12500.0,26000.0,1.0,22.262674890314603,20.0,25.0,1.0,0.0,912.0,7.0,7.0
91.0,24.0,91.0,21.0,-721.0,911.0,11.0,-711.0,14.389384064846405,12.0,17.0,30000.0,18000.0,36000.0,1.0,24.09029878404968,20.0,25.0,1.0,18000.0,34556.22122626388,36000.0,1.0,24.660382279154746,20.0,26.0,1.0,721.0,15.35196526458847,12.0,17.0,1.0,21950.666929462688,18000.0,36000.0,1.0,20.0,22.96432634238066,25.0,1.0,26499.89514851978,18000.0,36000.0,1.0,23.533534858464346,20.0,26.0,1.0,1.0,91121.0,7.0,15.0
11.0,22.0,11.0,21.0,-121.0,21.0,13.0,-111.0,10.017370249708117,9.0,11.0,30000.0,10000.0,19000.0,0.0,26.354456309624645,16.5,19.0,0.0,10000.0,36483.72155777079,25000.0,0.0,27.65174827418462,17.0,20.0,0.0,121.0,10.005474345926952,9.0,11.0,1.0,11429.284848175766,10000.0,19000.0,1.0,16.5,16.791068715646524,19.0,1.0,17892.27260479101,10000.0,25000.0,1.0,18.0842121686774,17.0,20.0,1.0,0.0,211.0,1.0,58.0
91.0,21.0,91.0,24.0,-721.0,911.0,12.0,-711.0,15.476093153476505,12.0,17.0,30000.0,18000.0,36000.0,1.0,25.118208739463554,20.0,25.0,0.0,18000.0,33929.00195112081,36000.0,1.0,25.596985990433758,20.0,26.0,1.0,722.0,15.239628192490365,12.0,17.0,1.0,26904.396843980132,18000.0,36000.0,1.0,20.0,23.508643901930384,25.0,1.0,30984.981149728337,18000.0,36000.0,1.0,24.005892557075736,20.0,26.0,1.0,0.0,91121.0,7.0,26.0
11.0,22.0,11.0,22.0,-121.0,21.0,13.0,-111.0,9.99617472259821,9.0,11.0,30000.0,10000.0,19000.0,0.0,26.28972581672415,16.5,19.0,0.0,10000.0,36520.241187624546,25000.0,0.0,27.597062116741515,17.0,20.0,0.0,121.0,9.98468453030357,9.0,11.0,1.0,12472.497251944662,10000.0,19000.0,1.0,16.5,17.007419655653955,19.0,1.0,18978.888811699842,10000.0,25000.0,1.0,18.311979045932194,17.0,20.0,1.0,0.0,211.0,1.0,4.0
11.0,22.0,11.0,22.0,-121.0,21.0,13.0,-111.0,10.174440490018071,9.0,11.0,30000.0,10000.0,19000.0,0.0,26.081725373514118,16.5,19.0,0.0,10000.0,37255.59501539791,25000.0,0.0,27.45494788472807,17.0,20.0,0.0,122.0,10.175304054473466,9.0,11.0,1.0,13719.212200994923,10000.0,19000.0,1.0,16.5,17.327516194145012,19.0,1.0,20613.958289028724,10000.0,25000.0,1.0,18.63244301504657,17.0,20.0,1.0,0.0,211.0,1.0,36.0
11.0,21.0,11.0,22.0,-121.0,21.0,13.0,-111.0,10.201726605178376,9.0,11.0,30000.0,10000.0,19000.0,0.0,24.285404834045472,16.5,19.0,0.0,10000.0,36912.640023922504,25000.0,0.0,25.585890883877667,17.0,20.0,0.0,122.0,10.19669255665335,9.0,11.0,1.0,13307.594018507678,10000.0,19000.0,1.0,16.5,17.27967308358119,19.0,1.0,20313.21861621958,10000.0,25000.0,1.0,18.59765247035039,17.0,20.0,1.0,0.0,211.0,1.0,59.0
91.0,24.0,91.0,24.0,-721.0,911.0,12.0,-711.0,14.582222143620037,12.0,17.0,30000.0,18000.0,36000.0,1.0,24.182505164774227,20.0,25.0,1.0,18000.0,34498.65399627381,36000.0,1.0,24.746309297533937,20.0,26.0,1.0,721.0,15.63005157772518,12.0,17.0,1.0,25776.829019612775,18000.0,36000.0,1.0,20.0,23.893695559529654,25.0,1.0,30286.459436293502,18000.0,36000.0,1.0,24.458875337358634,20.0,26.0,1.0,1.0,91121.0,7.0,13.0
11.0,21.0,11.0,22.0,-121.0,11.0,11.0,-111.0,10.212888782024866,9.0,11.0,30000.0,10000.0,19000.0,0.0,23.86313565683848,16.5,19.0,0.0,10000.0,36776.40615343358,25000.0,0.0,25.148596844970623,17.0,20.0,0.0,122.0,10.202830206857588,9.0,11.0,1.0,12901.574018166097,10000.0,19000.0,1.0,16.5,17.17729363564077,19.0,1.0,19785.1744052359,10000.0,25000.0,1.0,18.483089205126532,17.0,20.0,1.0,0.0,111.0,1.0,43.0
11.0,22.0,11.0,22.0,-121.0,21.0,13.0,-111.0,10.201979001860254,9.0,11.0,30000.0,10000.0,19000.0,0.0,26.934373141106782,16.5,19.0,0.0,10000.0,37014.48444499548,25000.0,0.0,28.257298865227266,17.0,20.0,0.0,122.0,10.201383294238854,9.0,11.0,1.0,12075.066884791859,10000.0,19000.0,1.0,16.5,17.00070373907836,19.0,1.0,18872.104594840053,10000.0,25000.0,1.0,18.282619196294196,17.0,20.0,1.0,0.0,211.0,1.0,31.0
11.0,22.0,11.0,21.0,-121.0,11.0,11.0,-111.0,10.215200881228938,9.0,11.0,30000.0,10000.0,19000.0,0.0,23.64640721115545,16.5,19.0,0.0,10000.0,36921.76468278554,25000.0,0.0,24.95264276411529,17.0,20.0,0.0,122.0,10.192557638481873,9.0,11.0,1.0,14674.337518758837,10000.0,19000.0,1.0,16.5,17.451252499291588,19.0,1.0,21573.589130917513,10000.0,25000.0,1.0,18.75323951526602,17.0,20.0,1.0,0.0,111.0,1.0,26.0
81.0,23.0,81.0,21.0,-721.0,912.0,12.0,-711.0,15.084723107483416,12.0,17.0,30000.0,12500.0,23000.0,0.0,26.037079297028356,20.0,24.0,0.0,12500.0,34019.991494912756,26000.0,0.0,26.5267096896479,20.0,25.0,0.0,722.0,15.070950660781394,12.0,17.0,1.0,16100.220219932775,12500.0,23000.0,1.0,20.0,21.4787309769182,24.0,1.0,20163.056899231182,12500.0,26000.0,1.0,21.97357986427316,20.0,25.0,1.0,0.0,912.0,7.0,30.0
92.0,24.0,92.0,24.0,-721.0,921.0,13.0,-711.0,15.475437796072494,12.0,17.0,30000.0,15000.0,28000.0,0.0,25.084705747339346,19.5,25.0,0.0,15000.0,34068.09550032484,28000.0,0.0,25.58115465894281,20.0,26.0,1.0,722.0,15.324009199879594,12.0,17.0,1.0,18763.141154829264,15000.0,28000.0,1.0,19.5,21.642232720864214,25.0,1.0,22796.2611024423,15000.0,28000.0,1.0,22.134413400545615,20.0,26.0,1.0,0.0,92122.0,7.0,20.0
11.0,22.0,11.0,21.0,-121.0,21.0,13.0,-111.0,10.221416057899265,9.0,11.0,30000.0,10000.0,19000.0,0.0,26.13722176651963,16.5,19.0,0.0,10000.0,37090.14831348289,25000.0,0.0,27.47453000576756,17.0,20.0,0.0,122.0,10.214113812597642,9.0,11.0,1.0,14778.41684194053,10000.0,19000.0,1.0,16.5,17.48226639199479,19.0,1.0,21902.388126290076,10000.0,25000.0,1.0,18.82595415048773,17.0,20.0,1.0,0.0,211.0,1.0,2.0
11.0,22.0,11.0,21.0,-121.0,11.0,11.0,-111.0,10.006594147515871,9.0,11.0,30000.0,10000.0,19000.0,0.0,24.26645419501853,16.5,19.0,0.0,10000.0,36446.512098030245,25000.0,0.0,25.55129457753545,17.0,20.0,0.0,121.0,9.995203794124542,9.0,11.0,1.0,15208.373426576805,10000.0,19000.0,1.0,16.5,17.49058259598159,19.0,1.0,21680.68652580248,10000.0,25000.0,1.0,18.780565320239464,17.0,20.0,1.0,0.0,111.0,1.0,1.0
11.0,21.0,11.0,21.0,-121.0,21.0,12.0,-111.0,9.998355259930872,9.0,11.0,30000.0,10000.0,19000.0,0.0,26.004902895603546,16.5,19.0,0.0,10000.0,36500.96251048523,25000.0,0.0,27.303402731168287,17.0,20.0,0.0,121.0,10.015517683727854,9.0,11.0,1.0,13864.597214421763,10000.0,19000.0,1.0,16.5,17.25118228664572,19.0,1.0,20349.06322532758,10000.0,25000.0,1.0,18.54638711751589,17.0,20.0,1.0,0.0,211.0,1.0,6.0
91.0,24.0,91.0,24.0,-721.0,911.0,11.0,-711.0,14.503686114654837,12.0,17.0,30000.0,18000.0,36000.0,1.0,24.26530920739152,20.0,25.0,1.0,18000.0,34498.483579102176,36000.0,1.0,24.829213089971823,20.0,26.0,1.0,721.0,13.641046427708943,12.0,17.0,1.0,25578.440568451264,18000.0,36000.0,1.0,20.0,21.79479740161902,25.0,1.0,30099.78910785134,18000.0,36000.0,1.0,22.36156750337303,20.0,26.0,1.0,1.0,91121.0,7.0,4.0
11.0,22.0,11.0,22.0,-121.0,21.0,13.0,-111.0,10.205326336644001,9.0,11.0,30000.0,10000.0,19000.0,0.0,27.13075216255276,16.5,19.0,0.0,10000.0,37051.79152584754,25000.0,0.0,28.45943759116158,17.0,20.0,0.0,122.0,10.190375373143757,9.0,11.0,1.0,14041.343963850579,10000.0,19000.0,1.0,16.5,17.311472325461168,19.0,1.0,20879.61629960776,10000.0,25000.0,1.0,18.599926865853632,17.0,20.0,1.0,0.0,211.0,1.0,31.0
11.0,21.0,11.0,22.0,-121.0,11.0,11.0,-111.0,10.215482917101715,9.0,11.0,30000.0,10000.0,19000.0,0.0,25.81680080080488,16.5,19.0,0.0,10000.0,37022.38484810622,25000.0,0.0,27.15145810085961,17.0,20.0,0.0,122.0,10.193909188882285,9.0,11.0,1.0,16639.82420216284,10000.0,19000.0,1.0,16.5,17.85167505212901,19.0,1.0,23764.469526667257,10000.0,25000.0,1.0,19.205767728382003,17.0,20.0,1.0,0.0,111.0,1.0,43.0
91.0,24.0,91.0,24.0,-721.0,911.0,12.0,-711.0,14.94205456037786,12.0,17.0,30000.0,18000.0,36000.0,1.0,24.523572663493987,20.0,25.0,1.0,18000.0,34004.54994752296,36000.0,1.0,25.011175457782844,20.0,26.0,1.0,722.0,15.241728702513853,12.0,17.0,1.0,28229.42187485534,18000.0,36000.0,1.0,20.0,23.646496839916505,25.0,1.0,32271.163528111087,18000.0,36000.0,1.0,24.13862817795618,20.0,26.0,1.0,1.0,91121.0,7.0,32.0
11.0,22.0,11.0,22.0,-121.0,21.0,13.0,-111.0,10.226356141846054,9.0,11.0,30000.0,10000.0,19000.0,0.0,25.262755441352645,16.5,19.0,0.0,10000.0,37027.4615140624,25000.0,0.0,26.589911035399663,17.0,20.0,0.0,122.0,10.205616917064159,9.0,11.0,1.0,12189.273268769291,10000.0,19000.0,1.0,16.5,17.037699327326607,19.0,1.0,19070.316021697025,10000.0,25000.0,1.0,18.337203332314836,17.0,20.0,1.0,0.0,211.0,1.0,28.0
81.0,23.0,81.0,23.0,-721.0,912.0,12.0,-711.0,13.802207224556462,12.0,17.0,30000.0,12500.0,23000.0,0.0,24.901990036160477,20.0,24.0,0.0,12500.0,34490.20234389824,26000.0,0.0,25.459834063535563,20.0,25.0,0.0,721.0,15.308922740033427,12.0,17.0,1.0,16970.899923021305,12500.0,23000.0,1.0,20.0,21.98833254392885,24.0,1.0,21408.179473981978,12500.0,26000.0,1.0,22.53960166405229,20.0,25.0,1.0,0.0,912.0,7.0,31.0
11.0,22.0,11.0,21.0,-121.0,21.0,12.0,-111.0,10.217966303355077,9.0,11.0,30000.0,10000.0,19000.0,0.0,24.081214053117392,16.5,19.0,0.0,10000.0,37128.26437719958,25000.0,0.0,25.430691613013575,17.0,20.0,0.0,122.0,10.161472240302777,9.0,11.0,1.0,14218.061384609618,10000.0,19000.0,1.0,16.5,17.34461130588998,19.0,1.0,21158.84436163888,10000.0,25000.0,1.0,18.658596082544705,17.0,20.0,1.0,0.0,211.0,1.0,53.0
11.0,21.0,11.0,22.0,-121.0,21.0,13.0,-111.0,10.002969073285582,9.0,11.0,30000.0,10000.0,19000.0,0.0,26.227000932064264,16.5,19.0,0.0,10000.0,36480.8321912764,25000.0,0.0,27.524470106637807,17.0,20.0,0.0,121.0,10.009499364348004,9.0,11.0,1.0,14206.459707282702,10000.0,19000.0,1.0,16.5,17.387289420042325,19.0,1.0,20709.62172889044,10000.0,25000.0,1.0,18.689229049284847,17.0,20.0,1.0,0.0,211.0,1.0,24.0
11.0,21.0,11.0,21.0,-121.0,21.0,13.0,-111.0,10.197786404622093,9.0,11.0,30000.0,10000.0,19000.0,0.0,26.97832272790427,16.5,19.0,0.0,10000.0,36973.132218532366,25000.0,0.0,28.291547314430787,17.0,20.0,0.0,122.0,10.198291120147571,9.0,11.0,1.0,13706.337227485985,10000.0,19000.0,1.0,16.5,17.245569265218872,19.0,1.0,20802.383680776402,10000.0,25000.0,1.0,18.581941841781973,17.0,20.0,1.0,0.0,211.0,1.0,34.0
91.0,21.0,91.0,24.0,-721.0,911.0,11.0,-711.0,15.796925751410646,12.0,17.0,30000.0,18000.0,36000.0,1.0,25.294207626049538,20.0,25.0,0.0,18000.0,34516.954324529266,36000.0,1.0,25.85713568844567,20.0,26.0,1.0,721.0,15.71798527299505,12.0,17.0,1.0,23516.23332207141,18000.0,36000.0,1.0,20.0,23.685326530921323,25.0,1.0,28019.667525947996,18000.0,36000.0,1.0,24.24656964040991,20.0,26.0,1.0,0.0,91121.0,7.0,18.0
11.0,21.0,11.0,22.0,-121.0,21.0,13.0,-111.0,10.188334254952046,9.0,11.0,30000.0,10000.0,19000.0,0.0,26.40472702712691,16.5,19.0,0.0,10000.0,37031.079806675574,25000.0,0.0,27.732311743443084,17.0,20.0,0.0,122.0,10.219920007177512,9.0,11.0,1.0,14429.524549149624,10000.0,19000.0,1.0,16.5,17.506206887979573,19.0,1.0,21443.794551519073,10000.0,25000.0,1.0,18.830617633882287,17.0,20.0,1.0,0.0,211.0,1.0,32.0
11.0,21.0,11.0,22.0,-121.0,21.0,12.0,-111.0,10.21904051150893,9.0,11.0,30000.0,10000.0,19000.0,0.0,24.365412000664733,16.5,19.0,0.0,10000.0,37044.629432799724,25000.0,0.0,25.687294222952023,17.0,20.0,0.0,122.0,10.176025245833834,9.0,11.0,1.0,16467.65144861184,10000.0,19000.0,1.0,16.5,17.81418801271535,19.0,1.0,23408.983473080727,10000.0,25000.0,1.0,19.116687099383732,17.0,20.0,1.0,0.0,211.0,1.0,37.0
11.0,21.0,11.0,22.0,-121.0,21.0,13.0,-111.0,10.19676959554086,9.0,11.0,30000.0,10000.0,19000.0,0.0,26.76507008175766,16.5,19.0,0.0,10000.0,37076.35711426531,25000.0,0.0,28.09662539644866,17.0,20.0,0.0,122.0,10.20121994430575,9.0,11.0,1.0,14907.693895609638,10000.0,19000.0,1.0,16.5,17.52100437257409,19.0,1.0,21878.376654565687,10000.0,25000.0,1.0,18.83267498569245,17.0,20.0,1.0,0.0,211.0,1.0,32.0
91.0,24.0,91.0,24.0,-721.0,911.0,12.0,-711.0,15.300956372502682,12.0,17.0,30000.0,18000.0,36000.0,1.0,24.619304294741795,20.0,25.0,1.0,18000.0,34565.12668871635,36000.0,1.0,25.188651904504365,20.0,26.0,1.0,721.0,15.462194234442018,12.0,17.0,1.0,28550.193195714026,18000.0,36000.0,1.0,20.0,24.001259771490535,25.0,1.0,33069.876582228215,18000.0,36000.0,1.0,24.56493984182808,20.0,26.0,1.0,1.0,91121.0,7.0,23.0
81.0,23.0,81.0,23.0,-721.0,912.0,11.0,-711.0,15.027893831135453,12.0,17.0,30000.0,12500.0,23000.0,0.0,26.196557651466478,20.0,24.0,0.0,12500.0,34545.64619305734,26000.0,0.0,26.76567647362747,20.0,25.0,0.0,721.0,14.84179661227695,12.0,17.0,1.0,19099.36159517465,12500.0,23000.0,1.0,20.0,21.83641083067324,24.0,1.0,23637.97283725352,12500.0,26000.0,1.0,22.404648870906914,20.0,25.0,1.0,0.0,912.0,7.0,17.0
11.0,22.0,11.0,21.0,-121.0,11.0,11.0,-111.0,10.215665418580276,9.0,11.0,30000.0,10000.0,19000.0,0.0,23.925237301492114,16.5,19.0,0.0,10000.0,37204.15882557099,25000.0,0.0,25.29275122581957,17.0,20.0,0.0,122.0,10.22200116353055,9.0,11.0,1.0,15126.04526154138,10000.0,19000.0,1.0,16.5,17.57315884904908,19.0,1.0,21983.193330742106,10000.0,25000.0,1.0,18.87480220434586,17.0,20.0,1.0,0.0,111.0,1.0,26.0
11.0,22.0,11.0,22.0,-121.0,21.0,13.0,-111.0,10.19853062325918,9.0,11.0,30000.0,10000.0,19000.0,0.0,26.613634693198662,16.5,19.0,0.0,10000.0,37021.62134635031,25000.0,0.0,27.937201144472127,17.0,20.0,0.0,122.0,10.189116019572996,9.0,11.0,1.0,14668.262859882067,10000.0,19000.0,1.0,16.5,17.497680743053465,19.0,1.0,21815.054254252846,10000.0,25000.0,1.0,18.84484158486613,17.0,20.0,1.0,0.0,211.0,1.0,21.0
91.0,24.0,91.0,21.0,-721.0,911.0,11.0,-711.0,15.165184461407154,12.0,17.0,30000.0,18000.0,36000.0,1.0,24.908543433522212,20.0,25.0,1.0,18000.0,34012.63234450696,36000.0,1.0,25.3997338305042,20.0,26.0,1.0,722.0,14.970594897501138,12.0,17.0,1.0,21822.881328411204,18000.0,36000.0,1.0,20.0,22.607306967677047,25.0,1.0,25881.32471117661,18000.0,36000.0,1.0,23.10410514033754,20.0,26.0,1.0,1.0,91121.0,7.0,2.0
91.0,24.0,91.0,24.0,-721.0,911.0,12.0,-711.0,14.569934273431963,12.0,17.0,30000.0,18000.0,36000.0,1.0,24.02554138015906,20.0,25.0,1.0,18000.0,34495.9898484817,36000.0,1.0,24.59147733817036,20.0,26.0,1.0,721.0,15.0875836739287,12.0,17.0,1.0,26486.004263623017,18000.0,36000.0,1.0,20.0,23.476341899476274,25.0,1.0,30969.471424540767,18000.0,36000.0,1.0,24.04070155517769,20.0,26.0,1.0,1.0,91121.0,7.0,8.0
11.0,22.0,11.0,22.0,-121.0,11.0,12.0,-111.0,10.015151137889456,9.0,11.0,30000.0,10000.0,19000.0,0.0,24.129956632159875,16.5,19.0,0.0,10000.0,36524.47355187433,25000.0,0.0,25.428748954981796,17.0,20.0,0.0,121.0,9.994599112194518,9.0,11.0,1.0,15768.668947269902,10000.0,19000.0,1.0,16.5,17.699918414378267,19.0,1.0,22276.27405280411,10000.0,25000.0,1.0,18.99535282511268,17.0,20.0,1.0,0.0,111.0,1.0,14.0
11.0,21.0,11.0,22.0,-121.0,11.0,11.0,-111.0,10.21186373432197,9.0,11.0,30000.0,10000.0,19000.0,0.0,24.827840192579515,16.5,19.0,0.0,10000.0,37033.55109358001,25000.0,0.0,26.161440746275584,17.0,20.0,0.0,122.0,10.209996680069946,9.0,11.0,1.0,15814.412315669424,10000.0,19000.0,1.0,16.5,17.77447524749934,19.0,1.0,22799.88811342327,10000.0,25000.0,1.0,19.098960456715805,17.0,20.0,1.0,0.0,111.0,1.0,29.0
81.0,23.0,81.0,23.0,-721.0,912.0,12.0,-711.0,14.368925660545493,12.0,17.0,30000.0,12500.0,23000.0,0.0,25.72137855088701,20.0,24.0,0.0,12500.0,34574.61985665734,26000.0,0.0,26.29529405875403,20.0,25.0,0.0,721.0,15.286076923433788,12.0,17.0,1.0,19776.559667537877,12500.0,23000.0,1.0,20.0,22.41523655754017,24.0,1.0,24320.379301184585,12500.0,26000.0,1.0,22.98528797916933,20.0,25.0,1.0,0.0,912.0,7.0,31.0
11.0,21.0,11.0,21.0,-121.0,21.0,13.0,-111.0,10.009281962481921,9.0,11.0,30000.0,10000.0,19000.0,0.0,26.293930737669974,16.5,19.0,0.0,10000.0,36552.01085754403,25000.0,0.0,27.604550879623538,17.0,20.0,0.0,121.0,10.01882597455815,9.0,11.0,1.0,12771.253204778692,10000.0,19000.0,1.0,16.5,17.03904417221702,19.0,1.0,19195.303505669093,10000.0,25000.0,1.0,18.324067945884238,17.0,20.0,1.0,0.0,211.0,1.0,34.0
91.0,24.0,91.0,21.0,-721.0,911.0,11.0,-711.0,14.857862800089533,12.0,17.0,30000.0,18000.0,36000.0,1.0,24.715227917970697,20.0,25.0,1.0,18000.0,34475.82608180134,36000.0,1.0,25.27504216241141,20.0,26.0,1.0,721.0,15.698304919634154,12.0,17.0,1.0,22258.581349608507,18000.0,36000.0,1.0,20.0,23.441309113334963,25.0,1.0,26757.66838430689,18000.0,36000.0,1.0,24.004032723004137,20.0,26.0,1.0,1.0,91121.0,7.0,21.0
81.0,23.0,81.0,23.0,-721.0,912.0,12.0,-711.0,14.663369806173417,12.0,17.0,30000.0,12500.0,23000.0,0.0,26.043261801958714,20.0,24.0,0.0,12500.0,34451.694232159214,26000.0,0.0,26.5991879342957,20.0,25.0,0.0,721.0,14.550283765234811,12.0,17.0,1.0,16070.829332466736,12500.0,23000.0,1.0,20.0,21.04922133140414,24.0,1.0,20544.07717425728,12500.0,26000.0,1.0,21.60783907152355,20.0,25.0,1.0,0.0,912.0,7.0,31.0
11.0,22.0,11.0,21.0,-121.0,21.0,13.0,-111.0,10.216371691653368,9.0,11.0,30000.0,10000.0,19000.0,0.0,26.51965634284824,16.5,19.0,0.0,10000.0,36982.18267366622,25000.0,0.0,27.839492710622636,17.0,20.0,0.0,122.0,10.214437865457645,9.0,11.0,1.0,10497.608197657135,10000.0,19000.0,1.0,16.5,16.662748530968596,19.0,1.0,17484.299296213343,10000.0,25000.0,1.0,17.983437122669134,17.0,20.0,1.0,0.0,211.0,1.0,33.0
11.0,22.0,11.0,22.0,-121.0,11.0,11.0,-111.0,10.008931866632224,9.0,11.0,30000.0,10000.0,19000.0,0.0,25.58783460995248,16.5,19.0,0.0,10000.0,36495.59241565693,25000.0,0.0,26.882580635091365,17.0,20.0,0.0,121.0,10.007443827221973,9.0,11.0,1.0,15574.978661449319,10000.0,19000.0,1.0,16.5,17.621889109274147,19.0,1.0,22030.366656789945,10000.0,25000.0,1.0,18.908621313645572,17.0,20.0,1.0,0.0,111.0,1.0,30.0
11.0,21.0,11.0,21.0,-121.0,11.0,11.0,-111.0,10.001391924810228,9.0,11.0,30000.0,10000.0,19000.0,0.0,26.343606471038353,16.5,19.0,0.0,10000.0,36437.56694438983,25000.0,0.0,27.628415740748725,17.0,20.0,0.0,121.0,10.013548250081717,9.0,11.0,1.0,12825.613064652889,10000.0,19000.0,1.0,16.5,17.032865436851495,19.0,1.0,19346.96108203508,10000.0,25000.0,1.0,18.334395728671108,17.0,20.0,1.0,0.0,111.0,1.0,56.0
81.0,23.0,81.0,23.0,-721.0,912.0,12.0,-711.0,14.22817111592307,12.0,17.0,30000.0,12500.0,23000.0,0.0,25.472992909350644,20.0,24.0,0.0,12500.0,34487.53014098281,26000.0,0.0,26.03736659591763,20.0,25.0,0.0,721.0,14.536785974987326,12.0,17.0,1.0,16288.472902377698,12500.0,23000.0,1.0,20.0,21.16368265308019,24.0,1.0,20806.421314246058,12500.0,26000.0,1.0,21.73188188981382,20.0,25.0,1.0,0.0,912.0,7.0,31.0
91.0,24.0,91.0,21.0,-721.0,911.0,12.0,-711.0,14.376787558798547,12.0,17.0,30000.0,18000.0,36000.0,1.0,23.24089903967139,20.0,25.0,1.0,18000.0,34502.77682880464,36000.0,1.0,23.80264021374097,20.0,26.0,1.0,721.0,15.037387849312905,12.0,17.0,1.0,24213.88824263471,18000.0,36000.0,1.0,20.0,22.96560537632154,25.0,1.0,28719.418956825553,18000.0,36000.0,1.0,23.527690109681064,20.0,26.0,1.0,1.0,91121.0,7.0,29.0
91.0,21.0,91.0,24.0,-721.0,911.0,12.0,-711.0,14.916707742831823,12.0,17.0,30000.0,18000.0,36000.0,1.0,24.93112200795791,20.0,25.0,1.0,18000.0,34545.014481889164,36000.0,1.0,25.499073331456383,20.0,26.0,1.0,721.0,14.65583699264793,12.0,17.0,1.0,31674.136914281095,18000.0,36000.0,1.0,20.0,23.68011239436234,25.0,1.0,36167.55696833947,18000.0,36000.0,0.0,24.24161640648515,20.0,26.0,1.0,0.0,91121.0,7.0,19.0
91.0,24.0,91.0,24.0,-721.0,911.0,12.0,-711.0,15.44096070380743,12.0,17.0,30000.0,18000.0,36000.0,1.0,25.55366408470225,20.0,25.0,0.0,18000.0,33925.185220138876,36000.0,1.0,26.032874388766746,20.0,26.0,0.0,722.0,15.241080163022131,12.0,17.0,1.0,24295.24546505488,18000.0,36000.0,1.0,20.0,23.12870902222341,25.0,1.0,28386.516030810162,18000.0,36000.0,1.0,23.62819602777072,20.0,26.0,1.0,0.0,91121.0,7.0,8.0
91.0,21.0,91.0,24.0,-721.0,911.0,12.0,-711.0,15.80190261810124,12.0,17.0,30000.0,18000.0,36000.0,1.0,26.19452412173368,20.0,25.0,0.0,18000.0,34424.192093759484,36000.0,1.0,26.74560637953768,20.0,26.0,0.0,721.0,14.516139062444884,12.0,17.0,1.0,30352.3354014089,18000.0,36000.0,1.0,20.0,23.266753216512395,25.0,1.0,34797.84374319683,18000.0,36000.0,1.0,23.820490649734296,20.0,26.0,1.0,0.0,91121.0,7.0,19.0
11.0,22.0,11.0,22.0,-121.0,11.0,11.0,-111.0,10.192506429001511,9.0,11.0,30000.0,10000.0,19000.0,0.0,25.152658359249852,16.5,19.0,0.0,10000.0,37046.46477458288,25000.0,0.0,26.483841713762075,17.0,20.0,0.0,122.0,10.200989596340223,9.0,11.0,1.0,12379.060345980119,10000.0,19000.0,1.0,16.5,17.037903975407303,19.0,1.0,19260.456688459086,10000.0,25000.0,1.0,18.337903416254797,17.0,20.0,1.0,0.0,111.0,1.0,15.0
11.0,22.0,11.0,21.0,-121.0,11.0,11.0,-111.0,10.183673535400755,9.0,11.0,30000.0,10000.0,19000.0,0.0,25.844205662384322,16.5,19.0,0.0,10000.0,37087.36933668375,25000.0,0.0,27.17862502400101,17.0,20.0,0.0,122.0,10.201474459714435,9.0,11.0,1.0,13934.849794807184,10000.0,19000.0,1.0,16.5,17.29593130741777,19.0,1.0,20814.249276222898,10000.0,25000.0,1.0,18.591193827007636,17.0,20.0,1.0,0.0,111.0,1.0,39.0
11.0,22.0,11.0,22.0,-121.0,11.0,11.0,-111.0,9.980629394257786,9.0,11.0,30000.0,10000.0,19000.0,0.0,24.48827686999634,16.5,19.0,0.0,10000.0,36513.1725102477,25000.0,0.0,25.790071191416065,17.0,20.0,0.0,121.0,10.005163488442076,9.0,11.0,1.0,15136.446411973462,10000.0,19000.0,1.0,16.5,17.555526464731244,19.0,1.0,21640.58703156351,10000.0,25000.0,1.0,18.855515573107507,17.0,20.0,1.0,0.0,111.0,1.0,57.0
11.0,21.0,11.0,22.0,-121.0,11.0,12.0,-111.0,10.021778656675062,9.0,11.0,30000.0,10000.0,19000.0,0.0,25.319234777183034,16.5,19.0,0.0,10000.0,36558.9962502828,25000.0,0.0,26.627732012856786,17.0,20.0,0.0,121.0,9.9861296105136,9.0,11.0,1.0,17010.44409570507,10000.0,19000.0,1.0,16.5,17.90632000466133,19.0,1.0,23485.835071482652,10000.0,25000.0,1.0,19.1981382750783,17.0,20.0,1.0,0.0,111.0,1.0,7.0
11.0,22.0,11.0,22.0,-121.0,21.0,13.0,-111.0,9.997538790923075,9.0,11.0,30000.0,10000.0,19000.0,0.0,26.90829298082093,16.5,19.0,0.0,10000.0,36541.6503316314,25000.0,0.0,28.21365375830066,17.0,20.0,0.0,121.0,10.004412126134545,9.0,11.0,1.0,12636.444306881489,10000.0,19000.0,1.0,16.5,17.06575182297369,19.0,1.0,19091.352493312996,10000.0,25000.0,1.0,18.35380354412082,17.0,20.0,1.0,0.0,211.0,1.0,36.0
11.0,22.0,11.0,22.0,-121.0,21.0,13.0,-111.0,10.013715228873796,9.0,11.0,30000.0,10000.0,19000.0,0.0,24.46267604215604,16.5,19.0,0.0,10000.0,36535.86850448923,25000.0,0.0,25.766663004836712,17.0,20.0,0.0,121.0,10.014505146838454,9.0,11.0,1.0,14016.234371446086,10000.0,19000.0,1.0,16.5,17.360612480942454,19.0,1.0,20604.853804283302,10000.0,25000.0,1.0,18.675123909160924,17.0,20.0,1.0,0.0,211.0,1.0,16.0
11.0,21.0,11.0,21.0,-121.0,21.0,12.0,-111.0,10.21962461388525,9.0,11.0,30000.0,10000.0,19000.0,0.0,24.995030150905677,16.5,19.0,0.0,10000.0,37184.654196584444,25000.0,0.0,26.349501754337,17.0,20.0,0.0,122.0,10.205434082974921,9.0,11.0,1.0,13723.123815429566,10000.0,19000.0,1.0,16.5,17.27619417314762,19.0,1.0,20873.864314311406,10000.0,25000.0,1.0,18.624272269076883,17.0,20.0,1.0,0.0,211.0,1.0,6.0
11.0,21.0,11.0,21.0,-121.0,11.0,11.0,-111.0,10.192280731990582,9.0,11.0,30000.0,10000.0,19000.0,0.0,24.4700095739651,16.5,19.0,0.0,10000.0,37005.94071508361,25000.0,0.0,25.789498709270372,17.0,20.0,0.0,122.0,10.217445564826939,9.0,11.0,1.0,14641.595236031824,10000.0,19000.0,1.0,16.5,17.436080121985054,19.0,1.0,21655.594264326774,10000.0,25000.0,1.0,18.75708694879867,17.0,20.0,1.0,0.0,111.0,1.0,56.0
11.0,22.0,11.0,22.0,-121.0,21.0,12.0,-111.0,9.996698731587802,9.0,11.0,30000.0,10000.0,19000.0,0.0,25.365843870399807,16.5,19.0,0.0,10000.0,36469.57475853229,25000.0,0.0,26.657186932772877,17.0,20.0,0.0,121.0,9.99728148337916,9.0,11.0,1.0,15455.106520243102,10000.0,19000.0,1.0,16.5,17.62770853415364,19.0,1.0,21931.434342872974,10000.0,25000.0,1.0,18.920399524759656,17.0,20.0,1.0,0.0,211.0,1.0,23.0
91.0,24.0,91.0,24.0,-721.0,911.0,11.0,-711.0,15.416345473581877,12.0,17.0,30000.0,18000.0,36000.0,1.0,24.925590939433476,20.0,25.0,1.0,18000.0,34486.28486866233,36000.0,1.0,25.484996514659574,20.0,26.0,1.0,721.0,14.990259749140758,12.0,17.0,1.0,25474.781947073196,18000.0,36000.0,1.0,20.0,23.184216896745095,25.0,1.0,29948.94742703104,18000.0,36000.0,1.0,23.742111276447925,20.0,26.0,1.0,1.0,91121.0,7.0,9.0
91.0,21.0,91.0,24.0,-721.0,911.0,12.0,-711.0,15.322720280866688,12.0,17.0,30000.0,18000.0,36000.0,1.0,24.84128673342619,20.0,25.0,1.0,18000.0,34399.33671545899,36000.0,1.0,25.391330422702193,20.0,26.0,1.0,721.0,15.844968740058388,12.0,17.0,1.0,27026.851688210823,18000.0,36000.0,1.0,20.0,24.239896364847766,25.0,1.0,31520.292874837338,18000.0,36000.0,1.0,24.80170582106688,20.0,26.0,1.0,1.0,91121.0,7.0,26.0
11.0,22.0,11.0,21.0,-121.0,11.0,11.0,-111.0,10.184419509413942,9.0,11.0,30000.0,10000.0,19000.0,0.0,23.97127026739654,16.5,19.0,0.0,10000.0,36968.07577396347,25000.0,0.0,25.286361058472107,17.0,20.0,0.0,122.0,10.19464443583543,9.0,11.0,1.0,15611.215142856081,10000.0,19000.0,1.0,16.5,17.628049113692047,19.0,1.0,22766.44849480293,10000.0,25000.0,1.0,18.978462311594132,17.0,20.0,1.0,0.0,111.0,1.0,54.0
11.0,22.0,11.0,22.0,-121.0,11.0,12.0,-111.0,9.999047698593836,9.0,11.0,30000.0,10000.0,19000.0,0.0,23.929197709322864,16.5,19.0,0.0,10000.0,36442.10171556337,25000.0,0.0,25.211807664798222,17.0,20.0,0.0,121.0,10.000800160507737,9.0,11.0,1.0,16187.524377291293,10000.0,19000.0,1.0,16.5,17.76848128125394,19.0,1.0,22714.31049139147,10000.0,25000.0,1.0,19.067951736211068,17.0,20.0,1.0,0.0,111.0,1.0,14.0
11.0,21.0,11.0,21.0,-121.0,21.0,12.0,-111.0,10.01186346434937,9.0,11.0,30000.0,10000.0,19000.0,0.0,25.89210926608386,16.5,19.0,0.0,10000.0,36501.12563889549,25000.0,0.0,27.193959566282203,17.0,20.0,0.0,121.0,9.997761751217643,9.0,11.0,1.0,15336.526530847224,10000.0,19000.0,1.0,16.5,17.55971987107532,19.0,1.0,21787.698276539108,10000.0,25000.0,1.0,18.85156690499711,17.0,20.0,1.0,0.0,211.0,1.0,6.0
11.0,21.0,11.0,22.0,-121.0,21.0,12.0,-111.0,10.174441739543125,9.0,11.0,30000.0,10000.0,19000.0,0.0,25.55842567907154,16.5,19.0,0.0,10000.0,36962.3203799341,25000.0,0.0,26.870733637506568,17.0,20.0,0.0,122.0,10.173510142810466,9.0,11.0,1.0,15701.926476646231,10000.0,19000.0,1.0,16.5,17.660049344762704,19.0,1.0,22699.29746350604,10000.0,25000.0,1.0,18.978963892367222,17.0,20.0,1.0,0.0,211.0,1.0,37.0
81.0,23.0,81.0,23.0,-721.0,912.0,11.0,-711.0,14.796116385122208,12.0,17.0,30000.0,12500.0,23000.0,0.0,26.993318226237704,20.0,24.0,0.0,12500.0,34541.476616668995,26000.0,0.0,27.560346839331107,20.0,25.0,0.0,721.0,14.562552299004476,12.0,17.0,1.0,16144.943992385708,12500.0,23000.0,1.0,20.0,21.103620269437847,24.0,1.0,20675.437132106585,12500.0,26000.0,1.0,21.669277534349476,20.0,25.0,1.0,0.0,912.0,7.0,17.0
11.0,22.0,11.0,22.0,-121.0,21.0,13.0,-111.0,10.18102472751963,9.0,11.0,30000.0,10000.0,19000.0,0.0,27.127514727060017,16.5,19.0,0.0,10000.0,37125.120674002916,25000.0,0.0,28.471914224254906,17.0,20.0,0.0,122.0,10.202318978093873,9.0,11.0,1.0,14201.359221539626,10000.0,19000.0,1.0,16.5,17.405162277704534,19.0,1.0,21043.088070039754,10000.0,25000.0,1.0,18.696090143309352,17.0,20.0,1.0,0.0,211.0,1.0,41.0
92.0,24.0,92.0,24.0,-721.0,921.0,13.0,-711.0,15.285258519097379,12.0,17.0,30000.0,15000.0,28000.0,0.0,23.68884467995491,19.5,25.0,1.0,15000.0,34040.10918883694,28000.0,0.0,24.181899759114742,20.0,26.0,1.0,722.0,14.983655909704678,12.0,17.0,1.0,19707.829393554704,15000.0,28000.0,1.0,19.5,21.41752442165177,25.0,1.0,23646.226419720915,15000.0,28000.0,1.0,21.89816654460841,20.0,26.0,1.0,0.0,92122.0,7.0,22.0
91.0,24.0,91.0,24.0,-721.0,911.0,12.0,-711.0,14.49212373164321,12.0,17.0,30000.0,18000.0,36000.0,1.0,23.2858237854359,20.0,25.0,1.0,18000.0,34595.68394912297,36000.0,1.0,23.863118328797196,20.0,26.0,1.0,721.0,14.690032362314852,12.0,17.0,1.0,29953.118718752878,18000.0,36000.0,1.0,20.0,23.396463771904003,25.0,1.0,34485.783247474916,18000.0,36000.0,1.0,23.965842025127422,20.0,26.0,1.0,1.0,91121.0,7.0,8.0
11.0,22.0,11.0,22.0,-121.0,21.0,13.0,-111.0,10.192529916855147,9.0,11.0,30000.0,10000.0,19000.0,0.0,24.960618848023884,16.5,19.0,0.0,10000.0,36971.85755772769,25000.0,0.0,26.283332261082236,17.0,20.0,0.0,122.0,10.194710510536632,9.0,11.0,1.0,15225.02398322483,10000.0,19000.0,1.0,16.5,17.640423960314497,19.0,1.0,22016.07795384641,10000.0,25000.0,1.0,18.92883499013938,17.0,20.0,1.0,0.0,211.0,1.0,4.0
11.0,22.0,11.0,22.0,-121.0,21.0,12.0,-111.0,10.183137549829407,9.0,11.0,30000.0,10000.0,19000.0,0.0,24.336687729940095,16.5,19.0,0.0,10000.0,36885.20962245058,25000.0,0.0,25.63698614827835,17.0,20.0,0.0,122.0,10.20351618363277,9.0,11.0,1.0,16054.41650000519,10000.0,19000.0,1.0,16.5,17.715124415039604,19.0,1.0,22982.106491606268,10000.0,25000.0,1.0,19.023445415092247,17.0,20.0,1.0,0.0,211.0,1.0,23.0
11.0,21.0,11.0,22.0,-121.0,21.0,13.0,-111.0,10.018332282087057,9.0,11.0,30000.0,10000.0,19000.0,0.0,29.745204182931992,16.5,19.0,0.0,10000.0,36543.37264310758,25000.0,0.0,31.054884191410522,17.0,20.0,0.0,121.0,9.99131401427481,9.0,11.0,1.0,15582.46234577327,10000.0,19000.0,1.0,16.5,17.667171561696566,19.0,1.0,21979.07913571676,10000.0,25000.0,1.0,18.947477848472317,17.0,20.0,1.0,0.0,211.0,1.0,9.0
11.0,22.0,11.0,22.0,-121.0,21.0,13.0,-111.0,10.00859809146009,9.0,11.0,30000.0,10000.0,19000.0,0.0,24.805791853245047,16.5,19.0,0.0,10000.0,36543.306293549926,25000.0,0.0,26.116575034358327,17.0,20.0,0.0,121.0,9.99727641916216,9.0,11.0,1.0,15495.535565505155,10000.0,19000.0,1.0,16.5,17.649115772882887,19.0,1.0,21947.613501978172,10000.0,25000.0,1.0,18.94162369822602,17.0,20.0,1.0,0.0,211.0,1.0,19.0
81.0,23.0,81.0,21.0,-721.0,912.0,11.0,-711.0,14.996924375880898,12.0,17.0,30000.0,12500.0,23000.0,0.0,27.737120848349598,20.0,24.0,0.0,12500.0,34504.33517157714,26000.0,0.0,28.298805338325298,20.0,25.0,0.0,721.0,15.015724039076883,12.0,17.0,1.0,15556.73885207837,12500.0,23000.0,1.0,20.0,21.558015560555923,24.0,1.0,19990.200698060802,12500.0,26000.0,1.0,22.110862242903377,20.0,25.0,1.0,0.0,912.0,7.0,12.0
11.0,22.0,11.0,22.0,-121.0,21.0,13.0,-111.0,10.022961862608437,9.0,11.0,30000.0,10000.0,19000.0,0.0,25.460303208004937,16.5,19.0,0.0,10000.0,36426.6136584294,25000.0,0.0,26.74373445779407,17.0,20.0,0.0,121.0,10.006962925154918,9.0,11.0,1.0,12114.917917628083,10000.0,19000.0,1.0,16.5,16.964749780287452,19.0,1.0,18625.839097675183,10000.0,25000.0,1.0,18.265017720997704,17.0,20.0,1.0,0.0,211.0,1.0,8.0
11.0,22.0,11.0,21.0,-121.0,21.0,13.0,-111.0,9.994124127972977,9.0,11.0,30000.0,10000.0,19000.0,0.0,26.93699359652931,16.5,19.0,0.0,10000.0,36526.89730743936,25000.0,0.0,28.2409292042213,17.0,20.0,0.0,121.0,10.009406292030059,9.0,11.0,1.0,12067.245504725339,10000.0,19000.0,1.0,16.5,16.91699577479342,19.0,1.0,18582.028994613996,10000.0,25000.0,1.0,18.218511298744943,17.0,20.0,1.0,0.0,211.0,1.0,58.0
11.0,22.0,11.0,22.0,-121.0,11.0,11.0,-111.0,10.22198808991421,9.0,11.0,30000.0,10000.0,19000.0,0.0,26.31603045608356,16.5,19.0,0.0,10000.0,37164.03326822587,25000.0,0.0,27.664872135014786,17.0,20.0,0.0,122.0,10.199861258022672,9.0,11.0,1.0,17012.228600880855,10000.0,19000.0,1.0,16.5,17.957024670752393,19.0,1.0,23923.474126124933,10000.0,25000.0,1.0,19.25827156181893,17.0,20.0,1.0,0.0,111.0,1.0,50.0
11.0,22.0,11.0,22.0,-121.0,21.0,13.0,-111.0,9.990596249540276,9.0,11.0,30000.0,10000.0,19000.0,0.0,25.50933698765413,16.5,19.0,0.0,10000.0,36558.030173445,25000.0,0.0,26.823386879978727,17.0,20.0,0.0,121.0,10.012427120437822,9.0,11.0,1.0,16098.272279369121,10000.0,19000.0,1.0,16.5,17.795570730734095,19.0,1.0,22586.310001254154,10000.0,25000.0,1.0,19.095596049977537,17.0,20.0,1.0,0.0,211.0,1.0,5.0
81.0,21.0,81.0,23.0,-721.0,912.0,12.0,-711.0,15.177103614100393,12.0,17.0,30000.0,12500.0,23000.0,0.0,27.889691489868817,20.0,24.0,0.0,12500.0,34013.84658946099,26000.0,0.0,28.37783871548797,20.0,25.0,0.0,722.0,15.288946481012855,12.0,17.0,1.0,16433.481842685957,12500.0,23000.0,1.0,20.0,21.77515482269387,24.0,1.0,20461.446257238793,12500.0,26000.0,1.0,22.265018999122372,20.0,25.0,1.0,0.0,912.0,7.0,7.0
91.0,24.0,91.0,24.0,-721.0,911.0,12.0,-711.0,13.701426761325314,12.0,17.0,30000.0,18000.0,36000.0,1.0,23.534218856443836,20.0,25.0,1.0,18000.0,34426.31183212772,36000.0,1.0,24.08981493659285,20.0,26.0,1.0,721.0,15.451454640376808,12.0,17.0,1.0,29565.132796298116,18000.0,36000.0,1.0,20.0,24.18772305498272,25.0,1.0,34016.07153717515,18000.0,36000.0,1.0,24.746410334867818,20.0,26.0,1.0,1.0,91121.0,7.0,1.0
11.0,22.0,11.0,22.0,-121.0,21.0,13.0,-111.0,9.997534745602806,9.0,11.0,30000.0,10000.0,19000.0,0.0,25.100550421292,16.5,19.0,0.0,10000.0,36463.42337345471,25000.0,0.0,26.392039731369405,17.0,20.0,0.0,121.0,10.001482476304693,9.0,11.0,1.0,16319.433218593413,10000.0,19000.0,1.0,16.5,17.826469716957497,19.0,1.0,22815.384834537635,10000.0,25000.0,1.0,19.124458659663542,17.0,20.0,1.0,0.0,211.0,1.0,21.0
11.0,21.0,11.0,22.0,-121.0,21.0,12.0,-111.0,10.210870018687283,9.0,11.0,30000.0,10000.0,19000.0,0.0,25.66615282615841,16.5,19.0,0.0,10000.0,37078.946052125735,25000.0,0.0,27.00741452206143,17.0,20.0,0.0,122.0,10.20306751321765,9.0,11.0,1.0,16045.16124179094,10000.0,19000.0,1.0,16.5,17.792691505020187,19.0,1.0,23147.792070679592,10000.0,25000.0,1.0,19.138440801706462,17.0,20.0,1.0,0.0,211.0,1.0,37.0
11.0,22.0,11.0,22.0,-121.0,21.0,13.0,-111.0,9.995514276284139,9.0,11.0,30000.0,10000.0,19000.0,0.0,25.500763330336405,16.5,19.0,0.0,10000.0,36556.16235588875,25000.0,0.0,26.81539673380491,17.0,20.0,0.0,121.0,9.996464165266984,9.0,11.0,1.0,14516.209022157265,10000.0,19000.0,1.0,16.5,17.386416941003617,19.0,1.0,21046.323895785732,10000.0,25000.0,1.0,18.695827336194288,17.0,20.0,1.0,0.0,211.0,1.0,36.0
11.0,22.0,11.0,21.0,-121.0,21.0,12.0,-111.0,9.999837782162441,9.0,11.0,30000.0,10000.0,19000.0,0.0,23.899688325325812,16.5,19.0,0.0,10000.0,36573.290313587815,25000.0,0.0,25.21237928636406,17.0,20.0,0.0,121.0,9.991776634895713,9.0,11.0,1.0,14134.60528349838,10000.0,19000.0,1.0,16.5,17.303716549163674,19.0,1.0,20616.938492558536,10000.0,25000.0,1.0,18.59824330882642,17.0,20.0,1.0,0.0,211.0,1.0,53.0
11.0,21.0,11.0,21.0,-121.0,21.0,12.0,-111.0,9.999700854726738,9.0,11.0,30000.0,10000.0,19000.0,0.0,25.618741206207396,16.5,19.0,0.0,10000.0,36540.66116891807,25000.0,0.0,26.92848837900726,17.0,20.0,0.0,121.0,10.003919195271786,9.0,11.0,1.0,15838.443328494217,10000.0,19000.0,1.0,16.5,17.659572450385006,19.0,1.0,22372.444704491143,10000.0,25000.0,1.0,18.96798602024709,17.0,20.0,1.0,0.0,211.0,1.0,6.0
91.0,24.0,91.0,24.0,-721.0,911.0,11.0,-711.0,15.194821108437996,12.0,17.0,30000.0,18000.0,36000.0,1.0,24.52411131587343,20.0,25.0,1.0,18000.0,34048.18238097132,36000.0,1.0,25.01724915833977,20.0,26.0,1.0,722.0,15.221756444215025,12.0,17.0,1.0,25997.343993107137,18000.0,36000.0,1.0,20.0,23.522638511914643,25.0,1.0,29975.847802127668,18000.0,36000.0,1.0,24.00728831273556,20.0,26.0,1.0,1.0,91121.0,7.0,9.0
91.0,21.0,91.0,24.0,-721.0,911.0,12.0,-711.0,15.122565015597058,12.0,17.0,30000.0,18000.0,36000.0,1.0,25.012849347354567,20.0,25.0,0.0,18000.0,34495.411147535146,36000.0,1.0,25.572970413146507,20.0,26.0,1.0,721.0,14.441434954873333,12.0,17.0,1.0,26303.223434621315,18000.0,36000.0,1.0,20.0,22.82424050615765,25.0,1.0,30803.207398124665,18000.0,36000.0,1.0,23.3849313375327,20.0,26.0,1.0,0.0,91121.0,7.0,19.0
11.0,22.0,11.0,22.0,-121.0,21.0,13.0,-111.0,10.194392041104722,9.0,11.0,30000.0,10000.0,19000.0,0.0,24.952819264461294,16.5,19.0,0.0,10000.0,37048.727935262206,25000.0,0.0,26.281029536262217,17.0,20.0,0.0,122.0,10.184538273282257,9.0,11.0,1.0,15535.534325854576,10000.0,19000.0,1.0,16.5,17.637208913548676,19.0,1.0,22538.132790060354,10000.0,25000.0,1.0,18.956726888263855,17.0,20.0,1.0,0.0,211.0,1.0,4.0
92.0,24.0,92.0,24.0,-721.0,921.0,13.0,-711.0,15.127849993918412,12.0,17.0,30000.0,15000.0,28000.0,0.0,24.35986663619557,19.5,25.0,1.0,15000.0,33960.74679364649,28000.0,0.0,24.84200392866675,20.0,26.0,1.0,722.0,15.056669902031105,12.0,17.0,1.0,19176.040966853245,15000.0,28000.0,1.0,19.5,21.47095178943046,25.0,1.0,23293.277105472018,15000.0,28000.0,1.0,21.972138355439284,20.0,26.0,1.0,0.0,92122.0,7.0,22.0
11.0,22.0,11.0,21.0,-121.0,11.0,12.0,-111.0,10.202091006607413,9.0,11.0,30000.0,10000.0,19000.0,0.0,23.84870818999261,16.5,19.0,0.0,10000.0,36860.58090472841,25000.0,0.0,25.138090837827992,17.0,20.0,0.0,122.0,10.183913770328855,9.0,11.0,1.0,15214.45669011823,10000.0,19000.0,1.0,16.5,17.526210707695174,19.0,1.0,22253.29209555863,10000.0,25000.0,1.0,18.849094638192813,17.0,20.0,1.0,0.0,111.0,1.0,10.0
91.0,24.0,91.0,21.0,-721.0,911.0,11.0,-711.0,14.992994307084365,12.0,17.0,30000.0,18000.0,36000.0,1.0,24.399449105558002,20.0,25.0,1.0,18000.0,34043.73934130243,36000.0,1.0,24.889918931626724,20.0,26.0,1.0,722.0,15.363526548125122,12.0,17.0,1.0,23469.426307487945,18000.0,36000.0,1.0,20.0,23.153990477278548,25.0,1.0,27462.714813521063,18000.0,36000.0,1.0,23.638341063131456,20.0,26.0,1.0,1.0,91121.0,7.0,15.0
11.0,22.0,11.0,22.0,-121.0,21.0,12.0,-111.0,10.19546575406893,9.0,11.0,30000.0,10000.0,19000.0,0.0,25.24835837215302,16.5,19.0,0.0,10000.0,36899.170634728136,25000.0,0.0,26.552825292624533,17.0,20.0,0.0,122.0,10.206391804845403,9.0,11.0,1.0,16385.667723937277,10000.0,19000.0,1.0,16.5,17.842286774803913,19.0,1.0,23476.9737533084,10000.0,25000.0,1.0,19.18308186859265,17.0,20.0,1.0,0.0,211.0,1.0,25.0
11.0,22.0,11.0,22.0,-121.0,21.0,13.0,-111.0,10.000879043099562,9.0,11.0,30000.0,10000.0,19000.0,0.0,25.027290664580022,16.5,19.0,0.0,10000.0,36509.614147632295,25000.0,0.0,26.326344288856312,17.0,20.0,0.0,121.0,9.994230055569874,9.0,11.0,1.0,14526.487241742945,10000.0,19000.0,1.0,16.5,17.437969186449145,19.0,1.0,20972.913101449245,10000.0,25000.0,1.0,18.724413004279082,17.0,20.0,1.0,0.0,211.0,1.0,31.0
81.0,21.0,81.0,23.0,-721.0,912.0,12.0,-711.0,15.158838718752518,12.0,17.0,30000.0,12500.0,23000.0,0.0,27.42744975252107,20.0,24.0,0.0,12500.0,34483.55522062478,26000.0,0.0,27.988788499510438,20.0,25.0,0.0,721.0,14.653684984468759,12.0,17.0,1.0,16887.125913775362,12500.0,23000.0,1.0,20.0,21.362006691702742,24.0,1.0,21396.835236102823,12500.0,26000.0,1.0,21.92661991841991,20.0,25.0,1.0,0.0,912.0,7.0,7.0
81.0,23.0,81.0,21.0,-721.0,912.0,11.0,-711.0,15.127245801177043,12.0,17.0,30000.0,12500.0,23000.0,0.0,26.592448795270784,20.0,24.0,0.0,12500.0,33905.753600270014,26000.0,0.0,27.068828199536956,20.0,25.0,0.0,722.0,15.064331054202084,12.0,17.0,1.0,13271.941585009477,12500.0,23000.0,1.0,20.0,21.09887340321855,24.0,1.0,17276.099020523707,12500.0,26000.0,1.0,21.587254988167064,20.0,25.0,1.0,0.0,912.0,7.0,12.0
11.0,22.0,11.0,22.0,-121.0,11.0,11.0,-111.0,10.193455218908738,9.0,11.0,30000.0,10000.0,19000.0,0.0,23.00391012422738,16.5,19.0,0.0,10000.0,37061.48657390143,25000.0,0.0,24.337577588425543,17.0,20.0,0.0,122.0,10.194810069078912,9.0,11.0,1.0,16402.4430661425,10000.0,19000.0,1.0,16.5,17.817763642603587,19.0,1.0,23379.448816756856,10000.0,25000.0,1.0,19.135475638475427,17.0,20.0,1.0,0.0,111.0,1.0,15.0
11.0,22.0,11.0,22.0,-121.0,21.0,13.0,-111.0,10.002779198876594,9.0,11.0,30000.0,10000.0,19000.0,0.0,25.87063336317833,16.5,19.0,0.0,10000.0,36549.855107037896,25000.0,0.0,27.17804764992584,17.0,20.0,0.0,121.0,9.989203876254969,9.0,11.0,1.0,14952.154651986266,10000.0,19000.0,1.0,16.5,17.496176075436946,19.0,1.0,21500.823972053593,10000.0,25000.0,1.0,18.80335366766205,17.0,20.0,1.0,0.0,211.0,1.0,41.0
11.0,22.0,11.0,21.0,-121.0,11.0,11.0,-111.0,9.999613759263985,9.0,11.0,30000.0,10000.0,19000.0,0.0,24.044695887549047,16.5,19.0,0.0,10000.0,36425.74546971643,25000.0,0.0,25.331306259929125,17.0,20.0,0.0,121.0,10.000144072089633,9.0,11.0,1.0,12657.54397731781,10000.0,19000.0,1.0,16.5,17.05591769410067,19.0,1.0,19253.620048501798,10000.0,25000.0,1.0,18.376632921647314,17.0,20.0,1.0,0.0,111.0,1.0,12.0
11.0,21.0,11.0,22.0,-121.0,11.0,12.0,-111.0,10.208897100895568,9.0,11.0,30000.0,10000.0,19000.0,0.0,25.86985917833409,16.5,19.0,0.0,10000.0,37220.95360435792,25000.0,0.0,27.226121725724497,17.0,20.0,0.0,122.0,10.189556353807117,9.0,11.0,1.0,13646.102375305345,10000.0,19000.0,1.0,16.5,17.29466753915883,19.0,1.0,20600.342958702724,10000.0,25000.0,1.0,18.60083519589493,17.0,20.0,1.0,0.0,111.0,1.0,51.0
81.0,23.0,81.0,23.0,-721.0,912.0,11.0,-711.0,15.217144084131906,12.0,17.0,30000.0,12500.0,23000.0,0.0,26.143485284534375,20.0,24.0,0.0,12500.0,33964.934434369985,26000.0,0.0,26.62344440287949,20.0,25.0,0.0,722.0,15.273863274133227,12.0,17.0,1.0,17793.30034802331,12500.0,23000.0,1.0,20.0,21.929769062879892,24.0,1.0,21845.540338820596,12500.0,26000.0,1.0,22.420296602615846,20.0,25.0,1.0,0.0,912.0,7.0,17.0
11.0,22.0,11.0,21.0,-121.0,11.0,11.0,-111.0,9.989330409853977,9.0,11.0,30000.0,10000.0,19000.0,0.0,25.557175625081975,16.5,19.0,0.0,10000.0,36507.165120168465,25000.0,0.0,26.865773014051037,17.0,20.0,0.0,121.0,9.997457663564175,9.0,11.0,1.0,11836.526999818961,10000.0,19000.0,1.0,16.5,16.863361119586138,19.0,1.0,18353.71132869996,10000.0,25000.0,1.0,18.17397338140976,17.0,20.0,1.0,0.0,111.0,1.0,39.0
11.0,22.0,11.0,22.0,-121.0,11.0,12.0,-111.0,10.188662409658328,9.0,11.0,30000.0,10000.0,19000.0,0.0,25.022772269079027,16.5,19.0,0.0,10000.0,37001.20185326013,25000.0,0.0,26.34098513596961,17.0,20.0,0.0,122.0,10.223732390412426,9.0,11.0,1.0,14761.706038276367,10000.0,19000.0,1.0,16.5,17.519021253095822,19.0,1.0,21641.418086092894,10000.0,25000.0,1.0,18.81435955814854,17.0,20.0,1.0,0.0,111.0,1.0,42.0
11.0,22.0,11.0,22.0,-121.0,21.0,12.0,-111.0,10.218191328544359,9.0,11.0,30000.0,10000.0,19000.0,0.0,24.162307939437312,16.5,19.0,0.0,10000.0,37019.79045600609,25000.0,0.0,25.484364240094738,17.0,20.0,0.0,122.0,10.198939282969993,9.0,11.0,1.0,14180.522471611941,10000.0,19000.0,1.0,16.5,17.37793197234205,19.0,1.0,21119.264690030894,10000.0,25000.0,1.0,18.684724237152427,17.0,20.0,1.0,0.0,211.0,1.0,23.0
11.0,21.0,11.0,22.0,-121.0,21.0,12.0,-111.0,10.01731587960458,9.0,11.0,30000.0,10000.0,19000.0,0.0,24.762121748932103,16.5,19.0,0.0,10000.0,36528.75495654763,25000.0,0.0,26.064170472267406,17.0,20.0,0.0,121.0,9.992575960990376,9.0,11.0,1.0,15421.206330068151,10000.0,19000.0,1.0,16.5,17.57767375866499,19.0,1.0,21852.850536057755,10000.0,25000.0,1.0,18.860355400584652,17.0,20.0,1.0,0.0,211.0,1.0,37.0
11.0,21.0,11.0,21.0,-121.0,21.0,12.0,-111.0,10.169558291558594,9.0,11.0,30000.0,10000.0,19000.0,0.0,25.443749182046567,16.5,19.0,0.0,10000.0,37068.09990039775,25000.0,0.0,26.783236054696356,17.0,20.0,0.0,122.0,10.196173074860097,9.0,11.0,1.0,15909.468957596924,10000.0,19000.0,1.0,16.5,17.697786293696957,19.0,1.0,22908.98946257631,10000.0,25000.0,1.0,19.024276575863922,17.0,20.0,1.0,0.0,211.0,1.0,6.0
11.0,22.0,11.0,22.0,-121.0,21.0,13.0,-111.0,9.988032777745723,9.0,11.0,30000.0,10000.0,19000.0,0.0,25.84394269597714,16.5,19.0,0.0,10000.0,36525.565479713274,25000.0,0.0,27.147450731701934,17.0,20.0,0.0,121.0,10.006943796514296,9.0,11.0,1.0,15126.823457913393,10000.0,19000.0,1.0,16.5,17.555210574447848,19.0,1.0,21578.217135617895,10000.0,25000.0,1.0,18.843902493432537,17.0,20.0,1.0,0.0,211.0,1.0,36.0
11.0,21.0,11.0,22.0,-121.0,21.0,12.0,-111.0,10.197870873002636,9.0,11.0,30000.0,10000.0,19000.0,0.0,25.005091175854734,16.5,19.0,0.0,10000.0,36873.83143080867,25000.0,0.0,26.297879627832224,17.0,20.0,0.0,122.0,10.18504187698821,9.0,11.0,1.0,16497.044856517,10000.0,19000.0,1.0,16.5,17.81718523609454,19.0,1.0,23608.936562031267,10000.0,25000.0,1.0,19.15474661814922,17.0,20.0,1.0,0.0,211.0,1.0,37.0
81.0,23.0,81.0,23.0,-721.0,912.0,11.0,-711.0,15.227360622214263,12.0,17.0,30000.0,12500.0,23000.0,0.0,25.80887145399447,20.0,24.0,0.0,12500.0,33998.27949776492,26000.0,0.0,26.29467339929491,20.0,25.0,0.0,722.0,15.433431642138741,12.0,17.0,1.0,15309.764828074887,12500.0,23000.0,1.0,20.0,21.87874279302881,24.0,1.0,19305.00799349168,12500.0,26000.0,1.0,22.364175815605833,20.0,25.0,1.0,0.0,912.0,7.0,17.0
11.0,22.0,11.0,21.0,-121.0,21.0,13.0,-111.0,9.992435414145971,9.0,11.0,30000.0,10000.0,19000.0,0.0,26.59669345676984,16.5,19.0,0.0,10000.0,36537.632677483394,25000.0,0.0,27.90028361706714,17.0,20.0,0.0,121.0,10.006119685522162,9.0,11.0,1.0,13612.605568873658,10000.0,19000.0,1.0,16.5,17.218555250866633,19.0,1.0,20122.18532623075,10000.0,25000.0,1.0,18.516551718087506,17.0,20.0,1.0,0.0,211.0,1.0,2.0
11.0,21.0,11.0,22.0,-121.0,11.0,11.0,-111.0,10.01390245859074,9.0,11.0,30000.0,10000.0,19000.0,0.0,25.81174448143082,16.5,19.0,0.0,10000.0,36544.455723998435,25000.0,0.0,27.118440895330572,17.0,20.0,0.0,121.0,10.002258465648058,9.0,11.0,1.0,17748.071985138944,10000.0,19000.0,1.0,16.5,18.104574479080853,19.0,1.0,24201.13064188027,10000.0,25000.0,1.0,19.393022130201466,17.0,20.0,1.0,0.0,111.0,1.0,29.0
11.0,21.0,11.0,21.0,-121.0,21.0,12.0,-111.0,10.187320739510405,9.0,11.0,30000.0,10000.0,19000.0,0.0,25.745038662774313,16.5,19.0,0.0,10000.0,36837.56224165473,25000.0,0.0,27.03120981576001,17.0,20.0,0.0,122.0,10.223352104962713,9.0,11.0,1.0,14358.309320564775,10000.0,19000.0,1.0,16.5,17.405474285433268,19.0,1.0,21494.277354239883,10000.0,25000.0,1.0,18.747776689296998,17.0,20.0,1.0,0.0,211.0,1.0,6.0
91.0,24.0,91.0,21.0,-721.0,911.0,11.0,-711.0,14.165096935231997,12.0,17.0,30000.0,18000.0,36000.0,1.0,22.81794289967229,20.0,25.0,1.0,18000.0,34506.95833281181,36000.0,1.0,23.380573177888262,20.0,26.0,1.0,721.0,15.209092087993408,12.0,17.0,1.0,24602.665134601015,18000.0,36000.0,1.0,20.0,23.202369347082552,25.0,1.0,29146.0659113291,18000.0,36000.0,1.0,23.769548951217566,20.0,26.0,1.0,1.0,91121.0,7.0,21.0
11.0,21.0,11.0,21.0,-121.0,21.0,13.0,-111.0,10.246645715956243,9.0,11.0,30000.0,10000.0,19000.0,0.0,28.21525390081728,16.5,19.0,0.0,10000.0,36974.91678295674,25000.0,0.0,29.525414660891556,17.0,20.0,0.0,122.0,10.195426335007769,9.0,11.0,1.0,13095.40105453352,10000.0,19000.0,1.0,16.5,17.14943808530519,19.0,1.0,19834.13600582699,10000.0,25000.0,1.0,18.415234707753655,17.0,20.0,1.0,0.0,211.0,1.0,34.0
11.0,22.0,11.0,22.0,-121.0,21.0,12.0,-111.0,10.179185264035835,9.0,11.0,30000.0,10000.0,19000.0,0.0,24.299427884326672,16.5,19.0,0.0,10000.0,36955.21807826476,25000.0,0.0,25.61150847710201,17.0,20.0,0.0,122.0,10.190649678862055,9.0,11.0,1.0,16408.338359959165,10000.0,19000.0,1.0,16.5,17.81896242284668,19.0,1.0,23439.073115164083,10000.0,25000.0,1.0,19.145289005485903,17.0,20.0,1.0,0.0,211.0,1.0,23.0
81.0,23.0,81.0,23.0,-721.0,912.0,12.0,-711.0,15.473245153236666,12.0,17.0,30000.0,12500.0,23000.0,0.0,26.89071928356953,20.0,24.0,0.0,12500.0,34499.35919556905,26000.0,0.0,27.455037756036884,20.0,25.0,0.0,721.0,15.278612442741885,12.0,17.0,1.0,17260.39892465122,12500.0,23000.0,1.0,20.0,21.97919600496193,24.0,1.0,21749.98551718545,12500.0,26000.0,1.0,22.542288778351494,20.0,25.0,1.0,0.0,912.0,7.0,31.0
91.0,21.0,91.0,24.0,-721.0,911.0,12.0,-711.0,14.764260481909089,12.0,17.0,30000.0,18000.0,36000.0,1.0,25.341068968886884,20.0,25.0,0.0,18000.0,34015.28841044959,36000.0,1.0,25.82671314757566,20.0,26.0,1.0,722.0,15.302489245046917,12.0,17.0,1.0,26952.72584668753,18000.0,36000.0,1.0,20.0,23.52659195079959,25.0,1.0,30968.516768338726,18000.0,36000.0,1.0,24.012296907598145,20.0,26.0,1.0,0.0,91121.0,7.0,26.0
11.0,21.0,11.0,22.0,-121.0,11.0,11.0,-111.0,10.000644436846574,9.0,11.0,30000.0,10000.0,19000.0,0.0,24.522710322780593,16.5,19.0,0.0,10000.0,36424.18377856177,25000.0,0.0,25.809711164398838,17.0,20.0,0.0,121.0,10.00887904091544,9.0,11.0,1.0,16294.015591448988,10000.0,19000.0,1.0,16.5,17.78788208060171,19.0,1.0,22849.537723383095,10000.0,25000.0,1.0,19.10119483625502,17.0,20.0,1.0,0.0,111.0,1.0,29.0
11.0,21.0,11.0,22.0,-121.0,11.0,11.0,-111.0,10.22600242157563,9.0,11.0,30000.0,10000.0,19000.0,0.0,26.797114734772165,16.5,19.0,0.0,10000.0,37158.821828243774,25000.0,0.0,28.14675236971756,17.0,20.0,0.0,122.0,10.201170586769448,9.0,11.0,1.0,18754.232489467424,10000.0,19000.0,1.0,16.5,18.29231423537656,19.0,1.0,25715.372752996,10000.0,25000.0,0.0,19.60468338035592,17.0,20.0,1.0,0.0,111.0,1.0,43.0
11.0,21.0,11.0,22.0,-121.0,11.0,11.0,-111.0,10.208061986766193,9.0,11.0,30000.0,10000.0,19000.0,0.0,23.921512277398367,16.5,19.0,0.0,10000.0,36995.692317477144,25000.0,0.0,25.237953140534756,17.0,20.0,0.0,122.0,10.19653910654513,9.0,11.0,1.0,19473.206398577437,10000.0,19000.0,0.0,16.5,18.425373869012496,19.0,1.0,26507.42796423725,10000.0,25000.0,0.0,19.749065119163028,17.0,20.0,1.0,0.0,111.0,1.0,43.0
11.0,21.0,11.0,22.0,-121.0,11.0,12.0,-111.0,10.215098208467923,9.0,11.0,30000.0,10000.0,19000.0,0.0,24.037476763586596,16.5,19.0,0.0,10000.0,37028.43009875879,25000.0,0.0,25.361731709227435,17.0,20.0,0.0,122.0,10.197198717810553,9.0,11.0,1.0,15964.434800701098,10000.0,19000.0,1.0,16.5,17.732546902448977,19.0,1.0,22955.52654998505,10000.0,25000.0,1.0,19.04976677862774,17.0,20.0,1.0,0.0,111.0,1.0,7.0
91.0,24.0,91.0,24.0,-721.0,911.0,12.0,-711.0,15.186346731729172,12.0,17.0,30000.0,18000.0,36000.0,1.0,25.081165854290553,20.0,25.0,0.0,18000.0,34017.633711441995,36000.0,1.0,25.573886881623356,20.0,26.0,1.0,722.0,15.2581836481126,12.0,17.0,1.0,27601.790739880627,18000.0,36000.0,1.0,20.0,23.66856675917782,25.0,1.0,31694.406215496183,18000.0,36000.0,1.0,24.17048352074832,20.0,26.0,1.0,0.0,91121.0,7.0,8.0
11.0,22.0,11.0,22.0,-121.0,21.0,13.0,-111.0,10.201158581729524,9.0,11.0,30000.0,10000.0,19000.0,0.0,25.57028365475076,16.5,19.0,0.0,10000.0,37007.41026387733,25000.0,0.0,26.889933881127348,17.0,20.0,0.0,122.0,10.196713592998249,9.0,11.0,1.0,14154.321538574533,10000.0,19000.0,1.0,16.5,17.3588841150056,19.0,1.0,21324.822239697365,10000.0,25000.0,1.0,18.709247875245097,17.0,20.0,1.0,0.0,211.0,1.0,4.0
11.0,22.0,11.0,22.0,-121.0,11.0,11.0,-111.0,10.174827035444045,9.0,11.0,30000.0,10000.0,19000.0,0.0,23.876220837178465,16.5,19.0,0.0,10000.0,37102.76025360422,25000.0,0.0,25.216693074487598,17.0,20.0,0.0,122.0,10.188211380870111,9.0,11.0,1.0,14141.456973244523,10000.0,19000.0,1.0,16.5,17.37668975304618,19.0,1.0,21160.733788240446,10000.0,25000.0,1.0,18.701406533640757,17.0,20.0,1.0,0.0,111.0,1.0,17.0
91.0,24.0,91.0,24.0,-721.0,911.0,12.0,-711.0,15.08089879308536,12.0,17.0,30000.0,18000.0,36000.0,1.0,24.245956418540075,20.0,25.0,1.0,18000.0,34469.172501937566,36000.0,1.0,24.802487779314102,20.0,26.0,1.0,721.0,15.509364836956303,12.0,17.0,1.0,24188.13204110898,18000.0,36000.0,1.0,20.0,23.47280642362033,25.0,1.0,28693.87578917916,18000.0,36000.0,1.0,24.033891881459656,20.0,26.0,1.0,1.0,91121.0,7.0,32.0
11.0,22.0,11.0,22.0,-121.0,21.0,13.0,-111.0,10.185741399079857,9.0,11.0,30000.0,10000.0,19000.0,0.0,25.434288252739407,16.5,19.0,0.0,10000.0,36979.888142932956,25000.0,0.0,26.7495599941924,17.0,20.0,0.0,122.0,10.191181961599991,9.0,11.0,1.0,11996.301519549072,10000.0,19000.0,1.0,16.5,16.977824225758646,19.0,1.0,18950.732407595635,10000.0,25000.0,1.0,18.28829886913766,17.0,20.0,1.0,0.0,211.0,1.0,31.0
11.0,22.0,11.0,22.0,-121.0,21.0,13.0,-111.0,10.18990728653669,9.0,11.0,30000.0,10000.0,19000.0,0.0,25.68356991788082,16.5,19.0,0.0,10000.0,37192.6979264247,25000.0,0.0,27.03541023340877,17.0,20.0,0.0,122.0,10.196098667277221,9.0,11.0,1.0,15045.958824403431,10000.0,19000.0,1.0,16.5,17.52870539107436,19.0,1.0,21911.734940262904,10000.0,25000.0,1.0,18.819101991313804,17.0,20.0,1.0,0.0,211.0,1.0,16.0
92.0,24.0,92.0,24.0,-721.0,921.0,13.0,-711.0,14.80585258481932,12.0,17.0,30000.0,15000.0,28000.0,0.0,24.206019613514464,19.5,25.0,1.0,15000.0,34535.27665851367,28000.0,0.0,24.772257521622436,20.0,26.0,1.0,721.0,14.25316140269859,12.0,17.0,1.0,19610.211744303462,15000.0,28000.0,1.0,19.5,20.735841551229306,25.0,1.0,24161.831463060407,15000.0,28000.0,1.0,21.304119921461428,20.0,26.0,1.0,0.0,92122.0,7.0,20.0
11.0,22.0,11.0,22.0,-121.0,21.0,12.0,-111.0,10.001113206492366,9.0,11.0,30000.0,10000.0,19000.0,0.0,24.296731589903224,16.5,19.0,0.0,10000.0,36544.234231860486,25000.0,0.0,25.60980404123316,17.0,20.0,0.0,121.0,9.997382481508694,9.0,11.0,1.0,14468.491752792434,10000.0,19000.0,1.0,16.5,17.433652007940665,19.0,1.0,21023.86492243674,10000.0,25000.0,1.0,18.74895943922743,17.0,20.0,1.0,0.0,211.0,1.0,48.0
11.0,22.0,11.0,21.0,-121.0,11.0,11.0,-111.0,10.003457048400465,9.0,11.0,30000.0,10000.0,19000.0,0.0,23.726747035102257,16.5,19.0,0.0,10000.0,36494.254029905744,25000.0,0.0,25.026753198835486,17.0,20.0,0.0,121.0,10.009758436781699,9.0,11.0,1.0,14842.27137583294,10000.0,19000.0,1.0,16.5,17.46637659658684,19.0,1.0,21345.148758652023,10000.0,25000.0,1.0,18.768108965037005,17.0,20.0,1.0,0.0,111.0,1.0,54.0
81.0,23.0,81.0,23.0,-721.0,912.0,12.0,-711.0,15.093714605410216,12.0,17.0,30000.0,12500.0,23000.0,0.0,26.808153507874287,20.0,24.0,0.0,12500.0,34074.393126511284,26000.0,0.0,27.30515153497878,20.0,25.0,0.0,722.0,15.26147179479484,12.0,17.0,1.0,18689.67663064717,12500.0,23000.0,1.0,20.0,22.1184366014435,24.0,1.0,22623.730376866588,12500.0,26000.0,1.0,22.598315908541252,20.0,25.0,1.0,0.0,912.0,7.0,10.0
91.0,24.0,91.0,21.0,-721.0,911.0,12.0,-711.0,14.700249678449918,12.0,17.0,30000.0,18000.0,36000.0,1.0,24.212785406789045,20.0,25.0,1.0,18000.0,34534.242584851636,36000.0,1.0,24.777735184272057,20.0,26.0,1.0,721.0,15.005338627879983,12.0,17.0,1.0,26193.290656094498,18000.0,36000.0,1.0,20.0,23.18846848315719,25.0,1.0,30682.76206783474,18000.0,36000.0,1.0,23.747839938833724,20.0,26.0,1.0,1.0,91121.0,7.0,29.0
11.0,21.0,11.0,21.0,-121.0,11.0,11.0,-111.0,9.99425752260477,9.0,11.0,30000.0,10000.0,19000.0,0.0,24.460737146738403,16.5,19.0,0.0,10000.0,36466.83144545496,25000.0,0.0,25.754680378659266,17.0,20.0,0.0,121.0,10.017675120170626,9.0,11.0,1.0,12653.063755618074,10000.0,19000.0,1.0,16.5,17.04679334549005,19.0,1.0,19145.79207231129,10000.0,25000.0,1.0,18.345918262065805,17.0,20.0,1.0,0.0,111.0,1.0,18.0
81.0,23.0,81.0,23.0,-721.0,912.0,12.0,-711.0,15.126713991395592,12.0,17.0,30000.0,12500.0,23000.0,0.0,25.522086660548673,20.0,24.0,0.0,12500.0,34444.9326496475,26000.0,0.0,26.077521687023136,20.0,25.0,0.0,721.0,15.402225776819032,12.0,17.0,1.0,20113.58154360588,12500.0,23000.0,1.0,20.0,22.49368534612172,24.0,1.0,24650.66560092125,12500.0,26000.0,1.0,23.060635534600205,20.0,25.0,1.0,0.0,912.0,7.0,10.0
11.0,21.0,11.0,22.0,-121.0,21.0,12.0,-111.0,10.198343461590719,9.0,11.0,30000.0,10000.0,19000.0,0.0,26.004625444526123,16.5,19.0,0.0,10000.0,36897.35271843085,25000.0,0.0,27.303413564811798,17.0,20.0,0.0,122.0,10.183973145384194,9.0,11.0,1.0,16031.208245237216,10000.0,19000.0,1.0,16.5,17.686710419135494,19.0,1.0,23182.663314412588,10000.0,25000.0,1.0,19.033346623745143,17.0,20.0,1.0,0.0,211.0,1.0,37.0
91.0,24.0,91.0,21.0,-721.0,911.0,12.0,-711.0,15.024823144972759,12.0,17.0,30000.0,18000.0,36000.0,1.0,24.926004522128274,20.0,25.0,1.0,18000.0,33969.547827874696,36000.0,1.0,25.411506180845517,20.0,26.0,1.0,722.0,15.136781149316544,12.0,17.0,1.0,25611.835245925697,18000.0,36000.0,1.0,20.0,23.229019969131016,25.0,1.0,29645.428087141692,18000.0,36000.0,1.0,23.722354751810496,20.0,26.0,1.0,1.0,91121.0,7.0,14.0
91.0,24.0,91.0,24.0,-721.0,911.0,11.0,-711.0,15.403845333669734,12.0,17.0,30000.0,18000.0,36000.0,1.0,25.256924996422185,20.0,25.0,0.0,18000.0,34494.36323440446,36000.0,1.0,25.821159633981623,20.0,26.0,1.0,721.0,14.784145557203383,12.0,17.0,1.0,28459.413273176087,18000.0,36000.0,1.0,20.0,23.445828216952716,25.0,1.0,32952.40001574312,18000.0,36000.0,1.0,24.009890045966763,20.0,26.0,1.0,0.0,91121.0,7.0,4.0
11.0,22.0,11.0,21.0,-121.0,21.0,13.0,-111.0,10.000786593615342,9.0,11.0,30000.0,10000.0,19000.0,0.0,26.589770629451042,16.5,19.0,0.0,10000.0,36408.805753845816,25000.0,0.0,27.86831296218036,17.0,20.0,0.0,121.0,9.998356772338797,9.0,11.0,1.0,11035.080725610935,10000.0,19000.0,1.0,16.5,16.687989545632323,19.0,1.0,17495.241603134276,10000.0,25000.0,1.0,17.976777110023544,17.0,20.0,1.0,0.0,211.0,1.0,2.0
91.0,24.0,91.0,24.0,-721.0,911.0,12.0,-711.0,15.22556466761056,12.0,17.0,30000.0,18000.0,36000.0,1.0,25.51861956378528,20.0,25.0,0.0,18000.0,33890.733384508756,36000.0,1.0,25.993363073136255,20.0,26.0,1.0,722.0,15.432928334029228,12.0,17.0,1.0,26928.88813567188,18000.0,36000.0,1.0,20.0,23.67442096403607,25.0,1.0,31009.36847203745,18000.0,36000.0,1.0,24.172317212192493,20.0,26.0,1.0,0.0,91121.0,7.0,23.0
11.0,22.0,11.0,22.0,-121.0,21.0,12.0,-111.0,9.996429086049812,9.0,11.0,30000.0,10000.0,19000.0,0.0,24.00342027072913,16.5,19.0,0.0,10000.0,36588.20640956708,25000.0,0.0,25.328581949204885,17.0,20.0,0.0,121.0,9.995947477447201,9.0,11.0,1.0,15512.780296882102,10000.0,19000.0,1.0,16.5,17.635565115554346,19.0,1.0,21948.33185643107,10000.0,25000.0,1.0,18.930021569466447,17.0,20.0,1.0,0.0,211.0,1.0,23.0
11.0,22.0,11.0,21.0,-121.0,11.0,12.0,-111.0,9.99705845420026,9.0,11.0,30000.0,10000.0,19000.0,0.0,23.77306008719829,16.5,19.0,0.0,10000.0,36508.23557237491,25000.0,0.0,25.070251159869372,17.0,20.0,0.0,121.0,9.9984785300783,9.0,11.0,1.0,14817.540834786902,10000.0,19000.0,1.0,16.5,17.44297767189322,19.0,1.0,21279.3338757303,10000.0,25000.0,1.0,18.730912036429626,17.0,20.0,1.0,0.0,111.0,1.0,10.0
92.0,24.0,92.0,24.0,-721.0,921.0,13.0,-711.0,15.178441649208791,12.0,17.0,30000.0,15000.0,28000.0,0.0,23.784580862648365,19.5,25.0,1.0,15000.0,33969.78279750353,28000.0,0.0,24.269196183632406,20.0,26.0,1.0,722.0,15.21172588188229,12.0,17.0,1.0,20041.263501208963,15000.0,28000.0,1.0,19.5,21.599174663022858,25.0,1.0,24076.7556086036,15000.0,28000.0,1.0,22.091811515644483,20.0,26.0,1.0,0.0,92122.0,7.0,22.0
11.0,22.0,11.0,21.0,-121.0,21.0,12.0,-111.0,10.003417373267675,9.0,11.0,30000.0,10000.0,19000.0,0.0,25.045980701940614,16.5,19.0,0.0,10000.0,36387.06017356699,25000.0,0.0,26.317003094640587,17.0,20.0,0.0,121.0,9.99666986566463,9.0,11.0,1.0,13817.08356368599,10000.0,19000.0,1.0,16.5,17.20349144688341,19.0,1.0,20269.399293003953,10000.0,25000.0,1.0,18.48749966879959,17.0,20.0,1.0,0.0,211.0,1.0,53.0
11.0,21.0,11.0,22.0,-121.0,21.0,13.0,-111.0,10.1922939607772,9.0,11.0,30000.0,10000.0,19000.0,0.0,26.489731185686882,16.5,19.0,0.0,10000.0,37031.21911463657,25000.0,0.0,27.815362270025293,17.0,20.0,0.0,122.0,10.207504176977327,9.0,11.0,1.0,12069.826228951948,10000.0,19000.0,1.0,16.5,17.004642304669684,19.0,1.0,19130.60324063218,10000.0,25000.0,1.0,18.33584608791989,17.0,20.0,1.0,0.0,211.0,1.0,24.0
81.0,23.0,81.0,23.0,-721.0,912.0,11.0,-711.0,15.323481758241982,12.0,17.0,30000.0,12500.0,23000.0,0.0,27.204613593737456,20.0,24.0,0.0,12500.0,34102.41174496162,26000.0,0.0,27.70489962273668,20.0,25.0,0.0,722.0,15.24882090080478,12.0,17.0,1.0,17390.051459416165,12500.0,23000.0,1.0,20.0,21.88503390034715,24.0,1.0,21420.158684071717,12500.0,26000.0,1.0,22.376502447437822,20.0,25.0,1.0,0.0,912.0,7.0,17.0
11.0,22.0,11.0,22.0,-121.0,21.0,13.0,-111.0,10.173213131548582,9.0,11.0,30000.0,10000.0,19000.0,0.0,25.47311719209418,16.5,19.0,0.0,10000.0,36872.94147002323,25000.0,0.0,26.77021454581094,17.0,20.0,0.0,122.0,10.229029827386949,9.0,11.0,1.0,13146.536348335836,10000.0,19000.0,1.0,16.5,17.209175408757588,19.0,1.0,20237.82041471588,10000.0,25000.0,1.0,18.547479515823454,17.0,20.0,1.0,0.0,211.0,1.0,13.0
91.0,21.0,91.0,24.0,-721.0,911.0,11.0,-711.0,15.242671572602147,12.0,17.0,30000.0,18000.0,36000.0,1.0,24.4303267952497,20.0,25.0,1.0,18000.0,34014.013019092825,36000.0,1.0,24.919773070075458,20.0,26.0,1.0,722.0,15.03733929247422,12.0,17.0,1.0,26685.86446719267,18000.0,36000.0,1.0,20.0,23.317354593954462,25.0,1.0,30729.88907033738,18000.0,36000.0,1.0,23.810460313317627,20.0,26.0,1.0,1.0,91121.0,7.0,18.0
11.0,22.0,11.0,22.0,-121.0,21.0,13.0,-111.0,10.217435034368535,9.0,11.0,30000.0,10000.0,19000.0,0.0,26.895510905157334,16.5,19.0,0.0,10000.0,37087.13641163396,25000.0,0.0,28.230722243276187,17.0,20.0,0.0,122.0,10.176442835224181,9.0,11.0,1.0,14005.3932162563,10000.0,19000.0,1.0,16.5,17.332909457506968,19.0,1.0,20962.086027668527,10000.0,25000.0,1.0,18.64354531635112,17.0,20.0,1.0,0.0,211.0,1.0,5.0
11.0,22.0,11.0,22.0,-121.0,21.0,13.0,-111.0,9.999267351372625,9.0,11.0,30000.0,10000.0,19000.0,0.0,24.0924653777541,16.5,19.0,0.0,10000.0,36466.171916976855,25000.0,0.0,25.38239123294143,17.0,20.0,0.0,121.0,10.008186164732658,9.0,11.0,1.0,14007.477510685305,10000.0,19000.0,1.0,16.5,17.347574748108997,19.0,1.0,20480.065074623544,10000.0,25000.0,1.0,18.638780450012362,17.0,20.0,1.0,0.0,211.0,1.0,22.0
11.0,21.0,11.0,22.0,-121.0,21.0,13.0,-111.0,10.193333881797765,9.0,11.0,30000.0,10000.0,19000.0,0.0,26.12123150653663,16.5,19.0,0.0,10000.0,36960.00682568961,25000.0,0.0,27.433148788231183,17.0,20.0,0.0,122.0,10.20315269968256,9.0,11.0,1.0,13510.381368104472,10000.0,19000.0,1.0,16.5,17.291859537299825,19.0,1.0,20463.618744208878,10000.0,25000.0,1.0,18.602500820547707,17.0,20.0,1.0,0.0,211.0,1.0,52.0
11.0,21.0,11.0,22.0,-121.0,11.0,11.0,-111.0,10.008004703953675,9.0,11.0,30000.0,10000.0,19000.0,0.0,24.152620163681284,16.5,19.0,0.0,10000.0,36482.154028776415,25000.0,0.0,25.453642182706655,17.0,20.0,0.0,121.0,9.991528204855669,9.0,11.0,1.0,14111.721016237761,10000.0,19000.0,1.0,16.5,17.344499031629873,19.0,1.0,20525.723928455216,10000.0,25000.0,1.0,18.63184255692141,17.0,20.0,1.0,0.0,111.0,1.0,29.0
91.0,24.0,91.0,24.0,-721.0,911.0,12.0,-711.0,15.360795385462668,12.0,17.0,30000.0,18000.0,36000.0,1.0,25.100712507541303,20.0,25.0,0.0,18000.0,34001.92729599394,36000.0,1.0,25.58840845195911,20.0,26.0,1.0,722.0,14.98365710070857,12.0,17.0,1.0,24695.248256954408,18000.0,36000.0,1.0,20.0,23.087265939119717,25.0,1.0,28649.68363846788,18000.0,36000.0,1.0,23.569174268628093,20.0,26.0,1.0,0.0,91121.0,7.0,8.0
11.0,22.0,11.0,22.0,-121.0,21.0,12.0,-111.0,10.200022812626203,9.0,11.0,30000.0,10000.0,19000.0,0.0,24.422728151187084,16.5,19.0,0.0,10000.0,37030.91919391177,25000.0,0.0,25.745205501999536,17.0,20.0,0.0,122.0,10.192754555737597,9.0,11.0,1.0,14344.876498790265,10000.0,19000.0,1.0,16.5,17.41208750560016,19.0,1.0,21353.662925767247,10000.0,25000.0,1.0,18.730401804303092,17.0,20.0,1.0,0.0,211.0,1.0,25.0
11.0,22.0,11.0,22.0,-121.0,11.0,11.0,-111.0,10.212261443920818,9.0,11.0,30000.0,10000.0,19000.0,0.0,23.834384064484993,16.5,19.0,0.0,10000.0,36959.84287510208,25000.0,0.0,25.149680454410703,17.0,20.0,0.0,122.0,10.20349114063775,9.0,11.0,1.0,16999.94907346442,10000.0,19000.0,1.0,16.5,17.936391224547812,19.0,1.0,23897.508840199313,10000.0,25000.0,1.0,19.239917126395156,17.0,20.0,1.0,0.0,111.0,1.0,11.0
11.0,22.0,11.0,22.0,-121.0,21.0,13.0,-111.0,10.194918152761563,9.0,11.0,30000.0,10000.0,19000.0,0.0,24.493988764866213,16.5,19.0,0.0,10000.0,36975.92436173113,25000.0,0.0,25.812515956373627,17.0,20.0,0.0,122.0,10.218586275296614,9.0,11.0,1.0,14789.394286209641,10000.0,19000.0,1.0,16.5,17.56787361978317,19.0,1.0,21854.158685039663,10000.0,25000.0,1.0,18.903192565119227,17.0,20.0,1.0,0.0,211.0,1.0,4.0
81.0,23.0,81.0,23.0,-721.0,912.0,11.0,-711.0,15.187944814008942,12.0,17.0,30000.0,12500.0,23000.0,0.0,26.719407703727796,20.0,24.0,0.0,12500.0,33990.45653410385,26000.0,0.0,27.207683475731287,20.0,25.0,0.0,722.0,15.217231759751868,12.0,17.0,1.0,17015.498234589762,12500.0,23000.0,1.0,20.0,21.76735798658067,24.0,1.0,20982.898420769234,12500.0,26000.0,1.0,22.25281256356897,20.0,25.0,1.0,0.0,912.0,7.0,17.0
11.0,22.0,11.0,22.0,-121.0,21.0,12.0,-111.0,10.003413194016442,9.0,11.0,30000.0,10000.0,19000.0,0.0,23.77197135088297,16.5,19.0,0.0,10000.0,36588.10706439079,25000.0,0.0,25.094666840701166,17.0,20.0,0.0,121.0,10.00950333304403,9.0,11.0,1.0,16032.079339114678,10000.0,19000.0,1.0,16.5,17.806854414443272,19.0,1.0,22615.92819107514,10000.0,25000.0,1.0,19.128694982153913,17.0,20.0,1.0,0.0,211.0,1.0,23.0
91.0,24.0,91.0,21.0,-721.0,911.0,11.0,-711.0,15.10460159628008,12.0,17.0,30000.0,18000.0,36000.0,1.0,24.5099132574927,20.0,25.0,1.0,18000.0,34484.89477236037,36000.0,1.0,25.067183928984687,20.0,26.0,1.0,721.0,14.957488586035444,12.0,17.0,1.0,24229.33292377825,18000.0,36000.0,1.0,20.0,22.900790757195413,25.0,1.0,28723.324802136893,18000.0,36000.0,1.0,23.45919178973835,20.0,26.0,1.0,1.0,91121.0,7.0,21.0
11.0,22.0,11.0,21.0,-121.0,11.0,12.0,-111.0,10.20166878860901,9.0,11.0,30000.0,10000.0,19000.0,0.0,23.663557703416643,16.5,19.0,0.0,10000.0,36944.127211787345,25000.0,0.0,24.973211740128104,17.0,20.0,0.0,122.0,10.210407339120517,9.0,11.0,1.0,12901.208655165583,10000.0,19000.0,1.0,16.5,17.126817732639175,19.0,1.0,19972.27099844026,10000.0,25000.0,1.0,18.460411582416086,17.0,20.0,1.0,0.0,111.0,1.0,45.0
81.0,23.0,81.0,21.0,-721.0,912.0,12.0,-711.0,15.257858984498977,12.0,17.0,30000.0,12500.0,23000.0,0.0,26.15288436120253,20.0,24.0,0.0,12500.0,34504.37259602757,26000.0,0.0,26.715937327361665,20.0,25.0,0.0,721.0,14.44775125627859,12.0,17.0,1.0,16974.928325073128,12500.0,23000.0,1.0,20.0,21.05384479269801,24.0,1.0,21519.4733552896,12500.0,26000.0,1.0,21.621919370135004,20.0,25.0,1.0,0.0,912.0,7.0,11.0
91.0,24.0,91.0,21.0,-721.0,911.0,12.0,-711.0,15.030937468173999,12.0,17.0,30000.0,18000.0,36000.0,1.0,24.890018684207945,20.0,25.0,1.0,18000.0,34072.581755675164,36000.0,1.0,25.38793182732838,20.0,26.0,1.0,722.0,15.236493800144254,12.0,17.0,1.0,25173.76692240483,18000.0,36000.0,1.0,20.0,23.30032803323119,25.0,1.0,29154.72429910067,18000.0,36000.0,1.0,23.787039195578497,20.0,26.0,1.0,1.0,91121.0,7.0,29.0
11.0,22.0,11.0,21.0,-121.0,11.0,11.0,-111.0,10.217337363241496,9.0,11.0,30000.0,10000.0,19000.0,0.0,24.32773569009138,16.5,19.0,0.0,10000.0,37155.08458217318,25000.0,0.0,25.681104266556638,17.0,20.0,0.0,122.0,10.196555403943218,9.0,11.0,1.0,13746.902432711395,10000.0,19000.0,1.0,16.5,17.253196080549692,19.0,1.0,20740.747829030566,10000.0,25000.0,1.0,18.576066618183468,17.0,20.0,1.0,0.0,111.0,1.0,1.0
11.0,22.0,11.0,21.0,-121.0,21.0,13.0,-111.0,10.1856387356088,9.0,11.0,30000.0,10000.0,19000.0,0.0,24.663189001051325,16.5,19.0,0.0,10000.0,36848.53531646753,25000.0,0.0,25.95784046550916,17.0,20.0,0.0,122.0,10.179808881377772,9.0,11.0,1.0,12145.124254875249,10000.0,19000.0,1.0,16.5,16.95262104046599,19.0,1.0,19109.68315426575,10000.0,25000.0,1.0,18.26920567670461,17.0,20.0,1.0,0.0,211.0,1.0,2.0
11.0,22.0,11.0,21.0,-121.0,11.0,11.0,-111.0,10.003642283976506,9.0,11.0,30000.0,10000.0,19000.0,0.0,23.745388673742106,16.5,19.0,0.0,10000.0,36454.63208979067,25000.0,0.0,25.03217752277465,17.0,20.0,0.0,121.0,10.005263689204206,9.0,11.0,1.0,13410.362112615421,10000.0,19000.0,1.0,16.5,17.145160858406268,19.0,1.0,19975.600583092277,10000.0,25000.0,1.0,18.454000082319812,17.0,20.0,1.0,0.0,111.0,1.0,1.0
92.0,24.0,92.0,24.0,-721.0,921.0,13.0,-711.0,15.568530745761826,12.0,17.0,30000.0,15000.0,28000.0,0.0,25.133864621658276,19.5,25.0,0.0,15000.0,34119.983014560494,28000.0,0.0,25.63758266461393,20.0,26.0,1.0,722.0,15.197811957092162,12.0,17.0,1.0,19132.844179265718,15000.0,28000.0,1.0,19.5,21.553389715515795,25.0,1.0,23140.55486705868,15000.0,28000.0,1.0,22.043381100735836,20.0,26.0,1.0,0.0,92122.0,7.0,25.0
11.0,22.0,11.0,22.0,-121.0,21.0,13.0,-111.0,9.98554835620949,9.0,11.0,30000.0,10000.0,19000.0,0.0,26.21398955600356,16.5,19.0,0.0,10000.0,36460.094352699176,25000.0,0.0,27.503441307678884,17.0,20.0,0.0,121.0,9.986353330463759,9.0,11.0,1.0,12675.871789811266,10000.0,19000.0,1.0,16.5,17.01987351286094,19.0,1.0,19224.096724030478,10000.0,25000.0,1.0,18.32691635942015,17.0,20.0,1.0,0.0,211.0,1.0,28.0
11.0,22.0,11.0,22.0,-121.0,21.0,12.0,-111.0,10.000391111147868,9.0,11.0,30000.0,10000.0,19000.0,0.0,24.06999136864306,16.5,19.0,0.0,10000.0,36620.19803016786,25000.0,0.0,25.398165760387585,17.0,20.0,0.0,121.0,9.989575267024934,9.0,11.0,1.0,15984.024824199741,10000.0,19000.0,1.0,16.5,17.731938917381676,19.0,1.0,22505.51400926772,10000.0,25000.0,1.0,19.04030988939421,17.0,20.0,1.0,0.0,211.0,1.0,48.0
11.0,22.0,11.0,22.0,-121.0,21.0,13.0,-111.0,9.999110959589476,9.0,11.0,30000.0,10000.0,19000.0,0.0,26.828352819664254,16.5,19.0,0.0,10000.0,36477.73887840335,25000.0,0.0,28.122019414739402,17.0,20.0,0.0,121.0,10.000267230605907,9.0,11.0,1.0,15036.020831028518,10000.0,19000.0,1.0,16.5,17.55605550500975,19.0,1.0,21506.971945982514,10000.0,25000.0,1.0,18.848366518608934,17.0,20.0,1.0,0.0,211.0,1.0,4.0
11.0,22.0,11.0,21.0,-121.0,11.0,12.0,-111.0,9.97869455792234,9.0,11.0,30000.0,10000.0,19000.0,0.0,24.180610904293907,16.5,19.0,0.0,10000.0,36406.984522531086,25000.0,0.0,25.45666422467325,17.0,20.0,0.0,121.0,9.994201771145972,9.0,11.0,1.0,15490.543903859776,10000.0,19000.0,1.0,16.5,17.565521994905485,19.0,1.0,21962.302384009534,10000.0,25000.0,1.0,18.85447608372008,17.0,20.0,1.0,0.0,111.0,1.0,46.0
11.0,22.0,11.0,22.0,-121.0,11.0,11.0,-111.0,10.172565280447177,9.0,11.0,30000.0,10000.0,19000.0,0.0,24.881623382179672,16.5,19.0,0.0,10000.0,37024.8593115953,25000.0,0.0,26.204589403735145,17.0,20.0,0.0,122.0,10.200924111124797,9.0,11.0,1.0,17272.799926192478,10000.0,19000.0,1.0,16.5,18.000800381070576,19.0,1.0,24284.753600937707,10000.0,25000.0,1.0,19.32133593131241,17.0,20.0,1.0,0.0,111.0,1.0,17.0
11.0,22.0,11.0,21.0,-121.0,11.0,12.0,-111.0,10.01017492205946,9.0,11.0,30000.0,10000.0,19000.0,0.0,24.58825432898773,16.5,19.0,0.0,10000.0,36513.36785102323,25000.0,0.0,25.891555472695952,17.0,20.0,0.0,121.0,9.981145965812589,9.0,11.0,1.0,12524.295091426335,10000.0,19000.0,1.0,16.5,16.96218210691373,19.0,1.0,19085.71713232119,10000.0,25000.0,1.0,18.27509871869502,17.0,20.0,1.0,0.0,111.0,1.0,45.0
11.0,21.0,11.0,21.0,-121.0,11.0,11.0,-111.0,10.205328225504678,9.0,11.0,30000.0,10000.0,19000.0,0.0,25.81026466348365,16.5,19.0,0.0,10000.0,37089.32764862378,25000.0,0.0,27.155324117207464,17.0,20.0,0.0,122.0,10.187805140206196,9.0,11.0,1.0,14598.127301981522,10000.0,19000.0,1.0,16.5,17.434722677224897,19.0,1.0,21615.617120426417,10000.0,25000.0,1.0,18.766152326063633,17.0,20.0,1.0,0.0,111.0,1.0,56.0
11.0,22.0,11.0,21.0,-121.0,11.0,12.0,-111.0,10.169362498609615,9.0,11.0,30000.0,10000.0,19000.0,0.0,24.720187233823356,16.5,19.0,0.0,10000.0,37095.84233975494,25000.0,0.0,26.058984406539984,17.0,20.0,0.0,122.0,10.200092141760983,9.0,11.0,1.0,12400.434870328321,10000.0,19000.0,1.0,16.5,16.95851963012679,19.0,1.0,19532.65475049988,10000.0,25000.0,1.0,18.304180279500347,17.0,20.0,1.0,0.0,111.0,1.0,10.0
11.0,22.0,11.0,22.0,-121.0,11.0,12.0,-111.0,10.20330603104713,9.0,11.0,30000.0,10000.0,19000.0,0.0,25.373144733321894,16.5,19.0,0.0,10000.0,36992.35646232222,25000.0,0.0,26.697506109660324,17.0,20.0,0.0,122.0,10.20373544757847,9.0,11.0,1.0,17260.074753286943,10000.0,19000.0,1.0,16.5,18.0336384478012,19.0,1.0,24137.275124115815,10000.0,25000.0,1.0,19.336189111163872,17.0,20.0,1.0,0.0,111.0,1.0,40.0
11.0,22.0,11.0,22.0,-121.0,21.0,13.0,-111.0,10.206095491372762,9.0,11.0,30000.0,10000.0,19000.0,0.0,25.762487408692493,16.5,19.0,0.0,10000.0,37076.66900715808,25000.0,0.0,27.097847071732865,17.0,20.0,0.0,122.0,10.215625563014541,9.0,11.0,1.0,13193.716796918026,10000.0,19000.0,1.0,16.5,17.23296315858585,19.0,1.0,20020.950027547704,10000.0,25000.0,1.0,18.521254564772853,17.0,20.0,1.0,0.0,211.0,1.0,5.0
91.0,24.0,91.0,24.0,-721.0,911.0,12.0,-711.0,15.144246652447693,12.0,17.0,30000.0,18000.0,36000.0,1.0,24.47792354305378,20.0,25.0,1.0,18000.0,34038.25227937818,36000.0,1.0,24.969573872655598,20.0,26.0,1.0,722.0,15.345165801406354,12.0,17.0,1.0,26248.246868661186,18000.0,36000.0,1.0,20.0,23.48485593145506,25.0,1.0,30180.02280145849,18000.0,36000.0,1.0,23.9635429474079,20.0,26.0,1.0,1.0,91121.0,7.0,24.0
11.0,21.0,11.0,22.0,-121.0,11.0,11.0,-111.0,10.001861611443498,9.0,11.0,30000.0,10000.0,19000.0,0.0,25.633331906922535,16.5,19.0,0.0,10000.0,36525.303588725015,25000.0,0.0,26.93157279964966,17.0,20.0,0.0,121.0,9.989697743765877,9.0,11.0,1.0,13884.651416648161,10000.0,19000.0,1.0,16.5,17.26326733785785,19.0,1.0,20393.290770214215,10000.0,25000.0,1.0,18.558192799933327,17.0,20.0,1.0,0.0,111.0,1.0,29.0
92.0,24.0,92.0,24.0,-721.0,921.0,13.0,-711.0,15.18255816662652,12.0,17.0,30000.0,15000.0,28000.0,0.0,24.297619907697012,19.5,25.0,1.0,15000.0,33981.78066641645,28000.0,0.0,24.785296999679673,20.0,26.0,1.0,722.0,15.260542675562967,12.0,17.0,1.0,19059.9267013001,15000.0,28000.0,1.0,19.5,21.651476842222223,25.0,1.0,23083.907225401214,15000.0,28000.0,1.0,22.144322451911375,20.0,26.0,1.0,0.0,92122.0,7.0,20.0
11.0,21.0,11.0,22.0,-121.0,21.0,13.0,-111.0,9.994684247085917,9.0,11.0,30000.0,10000.0,19000.0,0.0,25.923123660429397,16.5,19.0,0.0,10000.0,36494.70308506921,25000.0,0.0,27.218718645568963,17.0,20.0,0.0,121.0,10.007080478952378,9.0,11.0,1.0,16265.878049285071,10000.0,19000.0,1.0,16.5,17.72976179097547,19.0,1.0,22798.135963441975,10000.0,25000.0,1.0,19.03284839622399,17.0,20.0,1.0,0.0,211.0,1.0,9.0
11.0,22.0,11.0,22.0,-121.0,21.0,13.0,-111.0,9.98556402058238,9.0,11.0,30000.0,10000.0,19000.0,0.0,25.23630840604969,16.5,19.0,0.0,10000.0,36430.279591696344,25000.0,0.0,26.525579044208502,17.0,20.0,0.0,121.0,10.00353176961041,9.0,11.0,1.0,15050.72487626026,10000.0,19000.0,1.0,16.5,17.552857829105296,19.0,1.0,21513.68213053568,10000.0,25000.0,1.0,18.84868033647696,17.0,20.0,1.0,0.0,211.0,1.0,16.0
91.0,24.0,91.0,21.0,-721.0,911.0,11.0,-711.0,14.675852453543978,12.0,17.0,30000.0,18000.0,36000.0,1.0,24.262956573898332,20.0,25.0,1.0,18000.0,34522.10914811734,36000.0,1.0,24.828189727201625,20.0,26.0,1.0,721.0,13.785320542943758,12.0,17.0,1.0,22162.345280192334,18000.0,36000.0,1.0,20.0,21.458475898516657,25.0,1.0,26636.037737624094,18000.0,36000.0,1.0,22.01765729193262,20.0,26.0,1.0,1.0,91121.0,7.0,15.0
11.0,22.0,11.0,21.0,-121.0,11.0,11.0,-111.0,10.006318273837685,9.0,11.0,30000.0,10000.0,19000.0,0.0,25.665134473397146,16.5,19.0,0.0,10000.0,36489.547721698575,25000.0,0.0,26.96266952908907,17.0,20.0,0.0,121.0,10.005574540703424,9.0,11.0,1.0,13377.133051048299,10000.0,19000.0,1.0,16.5,17.151105785465173,19.0,1.0,19767.471957334725,10000.0,25000.0,1.0,18.42880480306148,17.0,20.0,1.0,0.0,111.0,1.0,12.0
92.0,24.0,92.0,24.0,-721.0,921.0,13.0,-711.0,14.860995161995278,12.0,17.0,30000.0,15000.0,28000.0,0.0,24.075472528782964,19.5,25.0,1.0,15000.0,34473.74615511687,28000.0,0.0,24.634399397199406,20.0,26.0,1.0,721.0,13.806880414901844,12.0,17.0,1.0,20113.611384069296,15000.0,28000.0,1.0,19.5,20.315669638085613,25.0,1.0,24588.842663460124,15000.0,28000.0,1.0,20.87478205030156,20.0,26.0,1.0,0.0,92122.0,7.0,25.0
81.0,23.0,81.0,23.0,-721.0,912.0,11.0,-711.0,15.162001504391501,12.0,17.0,30000.0,12500.0,23000.0,0.0,26.69030673947057,20.0,24.0,0.0,12500.0,34095.05419915696,26000.0,0.0,27.189479748955335,20.0,25.0,0.0,722.0,15.125237120040355,12.0,17.0,1.0,14501.260838371118,12500.0,23000.0,1.0,20.0,21.532300953311385,24.0,1.0,18484.68610527955,12500.0,26000.0,1.0,22.017866780242244,20.0,25.0,1.0,0.0,912.0,7.0,17.0
91.0,24.0,91.0,24.0,-721.0,911.0,12.0,-711.0,15.073294995677335,12.0,17.0,30000.0,18000.0,36000.0,1.0,25.390309232603897,20.0,25.0,0.0,18000.0,33933.99029779114,36000.0,1.0,25.868081258145235,20.0,26.0,1.0,722.0,15.25791906815028,12.0,17.0,1.0,29799.41742600359,18000.0,36000.0,1.0,20.0,23.901360536160958,25.0,1.0,33754.397382304276,18000.0,36000.0,1.0,24.381681696525316,20.0,26.0,1.0,0.0,91121.0,7.0,1.0
11.0,22.0,11.0,21.0,-121.0,21.0,13.0,-111.0,10.207690985026497,9.0,11.0,30000.0,10000.0,19000.0,0.0,27.7054225696819,16.5,19.0,0.0,10000.0,37054.79131434482,25000.0,0.0,29.03531130275343,17.0,20.0,0.0,122.0,10.190673657087462,9.0,11.0,1.0,11428.698640066736,10000.0,19000.0,1.0,16.5,16.850468448955773,19.0,1.0,18634.525914346796,10000.0,25000.0,1.0,18.20882875722445,17.0,20.0,1.0,0.0,211.0,1.0,33.0
11.0,22.0,11.0,22.0,-121.0,11.0,12.0,-111.0,10.206955507734284,9.0,11.0,30000.0,10000.0,19000.0,0.0,23.63528712429102,16.5,19.0,0.0,10000.0,36723.94057728468,25000.0,0.0,24.90709257452588,17.0,20.0,0.0,122.0,10.196140440764353,9.0,11.0,1.0,13909.596545338485,10000.0,19000.0,1.0,16.5,17.362509325776145,19.0,1.0,21029.549606468834,10000.0,25000.0,1.0,18.70921889354849,17.0,20.0,1.0,0.0,111.0,1.0,42.0
92.0,24.0,92.0,24.0,-721.0,921.0,13.0,-711.0,15.25224904001261,12.0,17.0,30000.0,15000.0,28000.0,0.0,24.841649520520164,19.5,25.0,1.0,15000.0,33947.14335179236,28000.0,0.0,25.322537495412675,20.0,26.0,1.0,722.0,15.038343386850073,12.0,17.0,1.0,19177.900601057936,15000.0,28000.0,1.0,19.5,21.443479688094726,25.0,1.0,23239.377573774724,15000.0,28000.0,1.0,21.938297145280682,20.0,26.0,1.0,0.0,92122.0,7.0,25.0
11.0,22.0,11.0,22.0,-121.0,21.0,13.0,-111.0,10.196205257045484,9.0,11.0,30000.0,10000.0,19000.0,0.0,26.3808252289331,16.5,19.0,0.0,10000.0,37130.45074999946,25000.0,0.0,27.72625951307727,17.0,20.0,0.0,122.0,10.173120804114989,9.0,11.0,1.0,13540.27952648156,10000.0,19000.0,1.0,16.5,17.257293233983855,19.0,1.0,20651.929934157153,10000.0,25000.0,1.0,18.599180109134817,17.0,20.0,1.0,0.0,211.0,1.0,8.0
11.0,22.0,11.0,21.0,-121.0,11.0,11.0,-111.0,10.007969840948101,9.0,11.0,30000.0,10000.0,19000.0,0.0,26.144647147681937,16.5,19.0,0.0,10000.0,36439.98815183967,25000.0,0.0,27.429629247251125,17.0,20.0,0.0,121.0,9.985500548940209,9.0,11.0,1.0,17153.52104179412,10000.0,19000.0,1.0,16.5,17.89085930822961,19.0,1.0,23709.979705167265,10000.0,25000.0,1.0,19.199080972673684,17.0,20.0,1.0,0.0,111.0,1.0,1.0
11.0,22.0,11.0,22.0,-121.0,11.0,11.0,-111.0,10.002398854523236,9.0,11.0,30000.0,10000.0,19000.0,0.0,26.191336941076557,16.5,19.0,0.0,10000.0,36446.180979445424,25000.0,0.0,27.479416743577353,17.0,20.0,0.0,121.0,10.004283226647184,9.0,11.0,1.0,15348.100310982654,10000.0,19000.0,1.0,16.5,17.598310599419158,19.0,1.0,21917.874050476603,10000.0,25000.0,1.0,18.91108678237552,17.0,20.0,1.0,0.0,111.0,1.0,44.0
11.0,22.0,11.0,21.0,-121.0,21.0,13.0,-111.0,10.00339657331861,9.0,11.0,30000.0,10000.0,19000.0,0.0,25.23601049200279,16.5,19.0,0.0,10000.0,36468.66073354398,25000.0,0.0,26.525758653135657,17.0,20.0,0.0,121.0,10.01690179563452,9.0,11.0,1.0,12400.437818404862,10000.0,19000.0,1.0,16.5,16.99298817169803,19.0,1.0,18926.744000465445,10000.0,25000.0,1.0,18.29422991926007,17.0,20.0,1.0,0.0,211.0,1.0,58.0
11.0,22.0,11.0,22.0,-121.0,21.0,13.0,-111.0,10.006127655832799,9.0,11.0,30000.0,10000.0,19000.0,0.0,25.116553551822264,16.5,19.0,0.0,10000.0,36514.86362637274,25000.0,0.0,26.424159271411217,17.0,20.0,0.0,121.0,9.985328750834931,9.0,11.0,1.0,14965.778024525236,10000.0,19000.0,1.0,16.5,17.520429510346833,19.0,1.0,21419.63581337794,10000.0,25000.0,1.0,18.81579067860756,17.0,20.0,1.0,0.0,211.0,1.0,16.0
91.0,24.0,91.0,21.0,-721.0,911.0,11.0,-711.0,15.778214972379347,12.0,17.0,30000.0,18000.0,36000.0,1.0,25.353705185390048,20.0,25.0,0.0,18000.0,34500.33440744707,36000.0,1.0,25.919041326922013,20.0,26.0,1.0,721.0,14.955985986386175,12.0,17.0,1.0,24116.82640315217,18000.0,36000.0,1.0,20.0,22.921931936581096,25.0,1.0,28545.76649653002,18000.0,36000.0,1.0,23.47829945880859,20.0,26.0,1.0,0.0,91121.0,7.0,21.0
81.0,23.0,81.0,21.0,-721.0,912.0,12.0,-711.0,14.95477400017714,12.0,17.0,30000.0,12500.0,23000.0,0.0,27.286792367103047,20.0,24.0,0.0,12500.0,34456.50035168116,26000.0,0.0,27.84554487898469,20.0,25.0,0.0,721.0,14.563652680653375,12.0,17.0,1.0,16622.247105613038,12500.0,23000.0,1.0,20.0,21.074837751175387,24.0,1.0,21155.292222564345,12500.0,26000.0,1.0,21.643187385572674,20.0,25.0,1.0,0.0,912.0,7.0,30.0
11.0,22.0,11.0,22.0,-121.0,11.0,11.0,-111.0,10.199162295066888,9.0,11.0,30000.0,10000.0,19000.0,0.0,23.613514870209023,16.5,19.0,0.0,10000.0,36940.219313396476,25000.0,0.0,24.922350271816068,17.0,20.0,0.0,122.0,10.210111874100782,9.0,11.0,1.0,11860.619791591704,10000.0,19000.0,1.0,16.5,16.976900067664495,19.0,1.0,18794.279558987968,10000.0,25000.0,1.0,18.284498423922415,17.0,20.0,1.0,0.0,111.0,1.0,44.0
91.0,24.0,91.0,24.0,-721.0,911.0,11.0,-711.0,15.641997604668305,12.0,17.0,30000.0,18000.0,36000.0,1.0,24.616144286451025,20.0,25.0,1.0,18000.0,34527.91744949087,36000.0,1.0,25.18536152856608,20.0,26.0,1.0,721.0,14.54343185793716,12.0,17.0,1.0,28928.29438424658,18000.0,36000.0,1.0,20.0,23.276621515638684,25.0,1.0,33461.62895235537,18000.0,36000.0,1.0,23.84651975897655,20.0,26.0,1.0,1.0,91121.0,7.0,16.0
11.0,22.0,11.0,21.0,-121.0,21.0,12.0,-111.0,9.996859519053617,9.0,11.0,30000.0,10000.0,19000.0,0.0,25.140623100962863,16.5,19.0,0.0,10000.0,36503.96455885416,25000.0,0.0,26.44282874487586,17.0,20.0,0.0,121.0,10.003289965547882,9.0,11.0,1.0,11993.00766432578,10000.0,19000.0,1.0,16.5,16.895053208929586,19.0,1.0,18484.848231835156,10000.0,25000.0,1.0,18.194831421110283,17.0,20.0,1.0,0.0,211.0,1.0,53.0
91.0,24.0,91.0,24.0,-721.0,911.0,12.0,-711.0,15.147496339630411,12.0,17.0,30000.0,18000.0,36000.0,1.0,23.96746471293247,20.0,25.0,1.0,18000.0,33997.86459425093,36000.0,1.0,24.458186223350268,20.0,26.0,1.0,722.0,14.985992834570304,12.0,17.0,1.0,26068.5764678658,18000.0,36000.0,1.0,20.0,23.20348270338295,25.0,1.0,30075.330717809553,18000.0,36000.0,1.0,23.69529538263997,20.0,26.0,1.0,1.0,91121.0,7.0,1.0
11.0,22.0,11.0,22.0,-121.0,21.0,13.0,-111.0,10.215901929020866,9.0,11.0,30000.0,10000.0,19000.0,0.0,25.72814688921792,16.5,19.0,0.0,10000.0,36991.78790351792,25000.0,0.0,27.04457539648098,17.0,20.0,0.0,122.0,10.19024796310714,9.0,11.0,1.0,12565.93103996661,10000.0,19000.0,1.0,16.5,17.067957912677933,19.0,1.0,19725.344923866694,10000.0,25000.0,1.0,18.415947391494775,17.0,20.0,1.0,0.0,211.0,1.0,3.0
11.0,22.0,11.0,22.0,-121.0,11.0,11.0,-111.0,9.992816232134333,9.0,11.0,30000.0,10000.0,19000.0,0.0,24.27278353095319,16.5,19.0,0.0,10000.0,36571.230459946375,25000.0,0.0,25.585093609521657,17.0,20.0,0.0,121.0,10.007370596090043,9.0,11.0,1.0,16662.25477238188,10000.0,19000.0,1.0,16.5,17.84409601152678,19.0,1.0,23159.89784535519,10000.0,25000.0,1.0,19.141710292988616,17.0,20.0,1.0,0.0,111.0,1.0,50.0
11.0,22.0,11.0,21.0,-121.0,21.0,13.0,-111.0,10.19798866282226,9.0,11.0,30000.0,10000.0,19000.0,0.0,26.692026190806587,16.5,19.0,0.0,10000.0,37009.40749946178,25000.0,0.0,28.011620810469633,17.0,20.0,0.0,122.0,10.20193260276056,9.0,11.0,1.0,12532.077153519329,10000.0,19000.0,1.0,16.5,17.018948215567928,19.0,1.0,19571.29267048334,10000.0,25000.0,1.0,18.344154507761328,17.0,20.0,1.0,0.0,211.0,1.0,58.0
11.0,22.0,11.0,21.0,-121.0,11.0,11.0,-111.0,10.00340779126767,9.0,11.0,30000.0,10000.0,19000.0,0.0,24.756668942166762,16.5,19.0,0.0,10000.0,36464.18577968302,25000.0,0.0,26.05017912296726,17.0,20.0,0.0,121.0,10.009881854497626,9.0,11.0,1.0,12929.81593379022,10000.0,19000.0,1.0,16.5,17.06790928680867,19.0,1.0,19464.834874926957,10000.0,25000.0,1.0,18.375593474762034,17.0,20.0,1.0,0.0,111.0,1.0,39.0
11.0,22.0,11.0,21.0,-121.0,11.0,11.0,-111.0,10.002421976729018,9.0,11.0,30000.0,10000.0,19000.0,0.0,26.683422895052047,16.5,19.0,0.0,10000.0,36560.547375717644,25000.0,0.0,27.99547437933384,17.0,20.0,0.0,121.0,9.990781510671248,9.0,11.0,1.0,15288.682453047813,10000.0,19000.0,1.0,16.5,17.521176334922682,19.0,1.0,21736.276960418352,10000.0,25000.0,1.0,18.810638243963048,17.0,20.0,1.0,0.0,111.0,1.0,54.0
11.0,21.0,11.0,22.0,-121.0,21.0,13.0,-111.0,9.987361114232423,9.0,11.0,30000.0,10000.0,19000.0,0.0,25.861420069406257,16.5,19.0,0.0,10000.0,36497.168875974254,25000.0,0.0,27.16479440855399,17.0,20.0,0.0,121.0,10.00181974173308,9.0,11.0,1.0,12469.800617909284,10000.0,19000.0,1.0,16.5,17.0551617810528,19.0,1.0,18867.522501678686,10000.0,25000.0,1.0,18.338586406683845,17.0,20.0,1.0,0.0,211.0,1.0,24.0
81.0,23.0,81.0,23.0,-721.0,912.0,12.0,-711.0,15.26194694667637,12.0,17.0,30000.0,12500.0,23000.0,0.0,27.073023204948335,20.0,24.0,0.0,12500.0,34094.76859206351,26000.0,0.0,27.57112568216757,20.0,25.0,0.0,722.0,15.17655223831549,12.0,17.0,1.0,17607.411591388925,12500.0,23000.0,1.0,20.0,21.877522010619593,24.0,1.0,21634.697835066298,12500.0,26000.0,1.0,22.367415690651885,20.0,25.0,1.0,0.0,912.0,7.0,10.0
11.0,22.0,11.0,22.0,-121.0,11.0,11.0,-111.0,10.178595069795668,9.0,11.0,30000.0,10000.0,19000.0,0.0,24.081725287517948,16.5,19.0,0.0,10000.0,37014.18468042249,25000.0,0.0,25.39879574535134,17.0,20.0,0.0,122.0,10.193440604738724,9.0,11.0,1.0,12070.65422701969,10000.0,19000.0,1.0,16.5,16.994880673515535,19.0,1.0,19052.420232853812,10000.0,25000.0,1.0,18.305863798247813,17.0,20.0,1.0,0.0,111.0,1.0,50.0
11.0,22.0,11.0,21.0,-121.0,21.0,12.0,-111.0,10.000776313137345,9.0,11.0,30000.0,10000.0,19000.0,0.0,24.10842323294571,16.5,19.0,0.0,10000.0,36532.43282459075,25000.0,0.0,25.4091619649826,17.0,20.0,0.0,121.0,10.00130086293153,9.0,11.0,1.0,14131.621162173878,10000.0,19000.0,1.0,16.5,17.27746911786762,19.0,1.0,20597.996678709525,10000.0,25000.0,1.0,18.56505451156509,17.0,20.0,1.0,0.0,211.0,1.0,53.0
11.0,22.0,11.0,22.0,-121.0,21.0,13.0,-111.0,10.009682369965276,9.0,11.0,30000.0,10000.0,19000.0,0.0,26.749045159442776,16.5,19.0,0.0,10000.0,36476.80071577546,25000.0,0.0,28.04207573478188,17.0,20.0,0.0,121.0,9.993187275069904,9.0,11.0,1.0,13849.59216999443,10000.0,19000.0,1.0,16.5,17.32106749510482,19.0,1.0,20356.524840234528,10000.0,25000.0,1.0,18.62011362351206,17.0,20.0,1.0,0.0,211.0,1.0,28.0
11.0,22.0,11.0,22.0,-121.0,21.0,13.0,-111.0,10.00752779165844,9.0,11.0,30000.0,10000.0,19000.0,0.0,25.318258450606685,16.5,19.0,0.0,10000.0,36570.870457941215,25000.0,0.0,26.637334706190146,17.0,20.0,0.0,121.0,10.019623380020624,9.0,11.0,1.0,13618.627432549889,10000.0,19000.0,1.0,16.5,17.305508540221776,19.0,1.0,20151.24448848587,10000.0,25000.0,1.0,18.61690557665104,17.0,20.0,1.0,0.0,211.0,1.0,28.0
91.0,24.0,91.0,21.0,-721.0,911.0,11.0,-711.0,15.242313835722088,12.0,17.0,30000.0,18000.0,36000.0,1.0,24.547711961535022,20.0,25.0,1.0,18000.0,34461.34641747607,36000.0,1.0,25.10431916291207,20.0,26.0,1.0,721.0,14.324332479869408,12.0,17.0,1.0,22008.61243694233,18000.0,36000.0,1.0,20.0,21.983713831902687,25.0,1.0,26556.02159722672,18000.0,36000.0,1.0,22.551058406694573,20.0,26.0,1.0,1.0,91121.0,7.0,21.0
11.0,22.0,11.0,21.0,-121.0,11.0,11.0,-111.0,9.997739261183064,9.0,11.0,30000.0,10000.0,19000.0,0.0,25.846491793586956,16.5,19.0,0.0,10000.0,36520.94692490846,25000.0,0.0,27.14953711689047,17.0,20.0,0.0,121.0,10.003025563893887,9.0,11.0,1.0,15336.720540639551,10000.0,19000.0,1.0,16.5,17.56432699489276,19.0,1.0,21796.332705549947,10000.0,25000.0,1.0,18.855116127018558,17.0,20.0,1.0,0.0,111.0,1.0,39.0
11.0,22.0,11.0,21.0,-121.0,21.0,12.0,-111.0,10.012742412256104,9.0,11.0,30000.0,10000.0,19000.0,0.0,24.174446145349876,16.5,19.0,0.0,10000.0,36516.76968303172,25000.0,0.0,25.476903608869282,17.0,20.0,0.0,121.0,9.993354305342269,9.0,11.0,1.0,15085.740300808864,10000.0,19000.0,1.0,16.5,17.470061115198686,19.0,1.0,21575.458965704598,10000.0,25000.0,1.0,18.76711209633791,17.0,20.0,1.0,0.0,211.0,1.0,53.0
11.0,21.0,11.0,21.0,-121.0,21.0,12.0,-111.0,9.995651447797597,9.0,11.0,30000.0,10000.0,19000.0,0.0,25.654406719330858,16.5,19.0,0.0,10000.0,36538.898626766255,25000.0,0.0,26.96329297947361,17.0,20.0,0.0,121.0,10.006878317708349,9.0,11.0,1.0,15043.58041309999,10000.0,19000.0,1.0,16.5,17.480461194092644,19.0,1.0,21515.843468233445,10000.0,25000.0,1.0,18.776009063609504,17.0,20.0,1.0,0.0,211.0,1.0,6.0
11.0,21.0,11.0,22.0,-121.0,21.0,13.0,-111.0,9.99892325467313,9.0,11.0,30000.0,10000.0,19000.0,0.0,27.464140325868694,16.5,19.0,0.0,10000.0,36462.22186967468,25000.0,0.0,28.762928901326553,17.0,20.0,0.0,121.0,9.997960883225588,9.0,11.0,1.0,13404.117733680865,10000.0,19000.0,1.0,16.5,17.2113409409055,19.0,1.0,19834.364590847108,10000.0,25000.0,1.0,18.503703122812723,17.0,20.0,1.0,0.0,211.0,1.0,59.0
11.0,21.0,11.0,22.0,-121.0,21.0,13.0,-111.0,9.997561444759196,9.0,11.0,30000.0,10000.0,19000.0,0.0,26.448330688767932,16.5,19.0,0.0,10000.0,36508.5285893147,25000.0,0.0,27.75512924240878,17.0,20.0,0.0,121.0,10.003189843452512,9.0,11.0,1.0,14662.81483284704,10000.0,19000.0,1.0,16.5,17.432509177556557,19.0,1.0,21145.83379056742,10000.0,25000.0,1.0,18.734185843936114,17.0,20.0,1.0,0.0,211.0,1.0,52.0
11.0,22.0,11.0,21.0,-121.0,21.0,12.0,-111.0,10.210503793288748,9.0,11.0,30000.0,10000.0,19000.0,0.0,25.166172195930365,16.5,19.0,0.0,10000.0,36831.82341303293,25000.0,0.0,26.458025974247008,17.0,20.0,0.0,122.0,10.22049225590843,9.0,11.0,1.0,13722.2567823978,10000.0,19000.0,1.0,16.5,17.287333526068608,19.0,1.0,20791.23896874887,10000.0,25000.0,1.0,18.624032500001327,17.0,20.0,1.0,0.0,211.0,1.0,53.0
11.0,21.0,11.0,22.0,-121.0,11.0,12.0,-111.0,9.99615213594551,9.0,11.0,30000.0,10000.0,19000.0,0.0,24.10769855622789,16.5,19.0,0.0,10000.0,36538.97711302754,25000.0,0.0,25.415624743017755,17.0,20.0,0.0,121.0,9.998693999814435,9.0,11.0,1.0,14839.379006637686,10000.0,19000.0,1.0,16.5,17.491725983381688,19.0,1.0,21285.060640760843,10000.0,25000.0,1.0,18.780991208700218,17.0,20.0,1.0,0.0,111.0,1.0,51.0
11.0,22.0,11.0,21.0,-121.0,11.0,11.0,-111.0,9.986081171345692,9.0,11.0,30000.0,10000.0,19000.0,0.0,23.73105097361362,16.5,19.0,0.0,10000.0,36430.2729286085,25000.0,0.0,25.018777589217375,17.0,20.0,0.0,121.0,10.011516178061264,9.0,11.0,1.0,11974.108622794758,10000.0,19000.0,1.0,16.5,16.893893275396987,19.0,1.0,18422.373655621348,10000.0,25000.0,1.0,18.18522299023612,17.0,20.0,1.0,0.0,111.0,1.0,12.0
11.0,22.0,11.0,22.0,-121.0,21.0,12.0,-111.0,10.190734412064513,9.0,11.0,30000.0,10000.0,19000.0,0.0,25.026928481635533,16.5,19.0,0.0,10000.0,37109.77275014906,25000.0,0.0,26.3646360235929,17.0,20.0,0.0,122.0,10.22501096588007,9.0,11.0,1.0,15346.02578468933,10000.0,19000.0,1.0,16.5,17.66647895310435,19.0,1.0,22391.760807237046,10000.0,25000.0,1.0,18.992137762395778,17.0,20.0,1.0,0.0,211.0,1.0,25.0
11.0,21.0,11.0,21.0,-121.0,21.0,12.0,-111.0,9.980838541495348,9.0,11.0,30000.0,10000.0,19000.0,0.0,24.705727388324384,16.5,19.0,0.0,10000.0,36469.204555427306,25000.0,0.0,25.996174027917355,17.0,20.0,0.0,121.0,10.00575704413457,9.0,11.0,1.0,12777.58384941839,10000.0,19000.0,1.0,16.5,17.014109173174617,19.0,1.0,19266.16264878289,10000.0,25000.0,1.0,18.308420496249028,17.0,20.0,1.0,0.0,211.0,1.0,6.0
11.0,22.0,11.0,22.0,-121.0,21.0,13.0,-111.0,9.994081230252116,9.0,11.0,30000.0,10000.0,19000.0,0.0,25.011395899331994,16.5,19.0,0.0,10000.0,36439.17918931738,25000.0,0.0,26.297898344588408,17.0,20.0,0.0,121.0,9.987143158619057,9.0,11.0,1.0,13892.070902660531,10000.0,19000.0,1.0,16.5,17.285298863820575,19.0,1.0,20334.472929059768,10000.0,25000.0,1.0,18.572445209124584,17.0,20.0,1.0,0.0,211.0,1.0,22.0
92.0,24.0,92.0,24.0,-721.0,921.0,13.0,-711.0,15.045182941919611,12.0,17.0,30000.0,15000.0,28000.0,0.0,23.95438571807282,19.5,25.0,1.0,15000.0,34547.54439610459,28000.0,0.0,24.521000369960166,20.0,26.0,1.0,721.0,14.637687236089072,12.0,17.0,1.0,21756.5742058645,15000.0,28000.0,1.0,19.5,21.36129548989547,25.0,1.0,26271.655849362276,15000.0,28000.0,1.0,21.92386534976641,20.0,26.0,1.0,0.0,92122.0,7.0,20.0
11.0,21.0,11.0,21.0,-121.0,21.0,13.0,-111.0,10.207671145313576,9.0,11.0,30000.0,10000.0,19000.0,0.0,25.8704490607713,16.5,19.0,0.0,10000.0,36890.97229376572,25000.0,0.0,27.166664059645605,17.0,20.0,0.0,122.0,10.198242767348344,9.0,11.0,1.0,13440.715622577116,10000.0,19000.0,1.0,16.5,17.212635754434956,19.0,1.0,20535.803061995754,10000.0,25000.0,1.0,18.54724549675237,17.0,20.0,1.0,0.0,211.0,1.0,34.0
91.0,24.0,91.0,24.0,-721.0,911.0,12.0,-711.0,14.58734050621352,12.0,17.0,30000.0,18000.0,36000.0,1.0,24.41836816730583,20.0,25.0,1.0,18000.0,34518.61838849618,36000.0,1.0,24.980744675862123,20.0,26.0,1.0,721.0,15.674511835706479,12.0,17.0,1.0,30397.45911337264,18000.0,36000.0,1.0,20.0,24.51389275380398,25.0,1.0,34933.03296434078,18000.0,36000.0,1.0,25.078379498933963,20.0,26.0,1.0,1.0,91121.0,7.0,13.0
11.0,22.0,11.0,22.0,-121.0,21.0,12.0,-111.0,9.9930586257508,9.0,11.0,30000.0,10000.0,19000.0,0.0,24.345076316537074,16.5,19.0,0.0,10000.0,36443.4597708839,25000.0,0.0,25.63022006681129,17.0,20.0,0.0,121.0,10.001987780722551,9.0,11.0,1.0,17861.93028770642,10000.0,19000.0,1.0,16.5,18.111696786192997,19.0,1.0,24352.96743680295,10000.0,25000.0,1.0,19.406329812793683,17.0,20.0,1.0,0.0,211.0,1.0,23.0
91.0,24.0,91.0,21.0,-721.0,911.0,12.0,-711.0,14.89734781628778,12.0,17.0,30000.0,18000.0,36000.0,1.0,24.67019383828378,20.0,25.0,1.0,18000.0,34495.368890399295,36000.0,1.0,25.23122869128282,20.0,26.0,1.0,721.0,14.347007552595883,12.0,17.0,1.0,24735.031749845035,18000.0,36000.0,1.0,20.0,22.377157550912493,25.0,1.0,29218.767562378445,18000.0,36000.0,1.0,22.93674056263009,20.0,26.0,1.0,1.0,91121.0,7.0,14.0
11.0,22.0,11.0,22.0,-121.0,11.0,12.0,-111.0,10.0076089687349,9.0,11.0,30000.0,10000.0,19000.0,0.0,25.341071401160093,16.5,19.0,0.0,10000.0,36489.41799986092,25000.0,0.0,26.641702935222995,17.0,20.0,0.0,121.0,10.001243350186977,9.0,11.0,1.0,16182.505406574468,10000.0,19000.0,1.0,16.5,17.761441482300942,19.0,1.0,22736.56623598207,10000.0,25000.0,1.0,19.075028955180123,17.0,20.0,1.0,0.0,111.0,1.0,14.0
11.0,21.0,11.0,22.0,-121.0,11.0,11.0,-111.0,10.19305685001469,9.0,11.0,30000.0,10000.0,19000.0,0.0,28.599857387053,16.5,19.0,0.0,10000.0,36795.68347455173,25000.0,0.0,29.876230509390318,17.0,20.0,0.0,122.0,10.224305276491668,9.0,11.0,1.0,14380.55904720202,10000.0,19000.0,1.0,16.5,17.471578145361853,19.0,1.0,21384.533066795386,10000.0,25000.0,1.0,18.787072638540486,17.0,20.0,1.0,0.0,111.0,1.0,29.0
91.0,24.0,91.0,24.0,-721.0,911.0,12.0,-711.0,15.34798162808784,12.0,17.0,30000.0,18000.0,36000.0,1.0,24.713507117979475,20.0,25.0,1.0,18000.0,33967.267575198755,36000.0,1.0,25.19716524508733,20.0,26.0,1.0,722.0,15.197621501837443,12.0,17.0,1.0,31245.3941253956,18000.0,36000.0,1.0,20.0,24.020830819852414,25.0,1.0,35219.61757605376,18000.0,36000.0,1.0,24.505336952705616,20.0,26.0,1.0,1.0,91121.0,7.0,8.0
91.0,24.0,91.0,24.0,-721.0,911.0,11.0,-711.0,15.200102841420584,12.0,17.0,30000.0,18000.0,36000.0,1.0,24.944639499073638,20.0,25.0,1.0,18000.0,33975.50780779409,36000.0,1.0,25.427849598747216,20.0,26.0,1.0,722.0,15.038859758418806,12.0,17.0,1.0,28398.440009765054,18000.0,36000.0,1.0,20.0,23.56744394947676,25.0,1.0,32418.42428563052,18000.0,36000.0,1.0,24.056060019810936,20.0,26.0,1.0,1.0,91121.0,7.0,9.0
11.0,22.0,11.0,22.0,-121.0,11.0,11.0,-111.0,9.990043671339041,9.0,11.0,30000.0,10000.0,19000.0,0.0,25.442826934634322,16.5,19.0,0.0,10000.0,36530.76141929783,25000.0,0.0,26.749419822894346,17.0,20.0,0.0,121.0,9.997637287612566,9.0,11.0,1.0,12519.078535989585,10000.0,19000.0,1.0,16.5,16.98299724443488,19.0,1.0,19024.627245627213,10000.0,25000.0,1.0,18.284545889761997,17.0,20.0,1.0,0.0,111.0,1.0,44.0
11.0,21.0,11.0,21.0,-121.0,11.0,11.0,-111.0,9.989796055985959,9.0,11.0,30000.0,10000.0,19000.0,0.0,25.528814613188594,16.5,19.0,0.0,10000.0,36504.80279854958,25000.0,0.0,26.829295145956916,17.0,20.0,0.0,121.0,10.010549424244433,9.0,11.0,1.0,11890.409096048152,10000.0,19000.0,1.0,16.5,16.874192901628984,19.0,1.0,18364.731744765573,10000.0,25000.0,1.0,18.168579653737048,17.0,20.0,1.0,0.0,111.0,1.0,18.0
91.0,24.0,91.0,24.0,-721.0,911.0,11.0,-711.0,15.47056075202384,12.0,17.0,30000.0,18000.0,36000.0,1.0,24.518839841308463,20.0,25.0,1.0,18000.0,34475.228743579355,36000.0,1.0,25.077020237530338,20.0,26.0,1.0,721.0,15.288068649628517,12.0,17.0,1.0,24139.51431298243,18000.0,36000.0,1.0,20.0,23.328399647913443,25.0,1.0,28570.056589888874,18000.0,36000.0,1.0,23.881006449777928,20.0,26.0,1.0,1.0,91121.0,7.0,9.0
91.0,24.0,91.0,24.0,-721.0,911.0,11.0,-711.0,15.443524947138238,12.0,17.0,30000.0,18000.0,36000.0,1.0,24.344400116346524,20.0,25.0,1.0,18000.0,33962.84461604004,36000.0,1.0,24.82993206200147,20.0,26.0,1.0,722.0,15.267907787046544,12.0,17.0,1.0,24626.64440900489,18000.0,36000.0,1.0,20.0,23.28140589950347,25.0,1.0,28581.590662370716,18000.0,36000.0,1.0,23.765970129346098,20.0,26.0,1.0,1.0,91121.0,7.0,9.0
11.0,22.0,11.0,22.0,-121.0,21.0,13.0,-111.0,10.015817188754562,9.0,11.0,30000.0,10000.0,19000.0,0.0,26.958871557011648,16.5,19.0,0.0,10000.0,36502.05444177459,25000.0,0.0,28.262181011650373,17.0,20.0,0.0,121.0,9.993600324609003,9.0,11.0,1.0,13560.79409505242,10000.0,19000.0,1.0,16.5,17.237495984300047,19.0,1.0,20136.750313966135,10000.0,25000.0,1.0,18.55561873921525,17.0,20.0,1.0,0.0,211.0,1.0,4.0
11.0,22.0,11.0,22.0,-121.0,11.0,11.0,-111.0,9.985378535580724,9.0,11.0,30000.0,10000.0,19000.0,0.0,24.185026237683935,16.5,19.0,0.0,10000.0,36453.888707135615,25000.0,0.0,25.474807749907736,17.0,20.0,0.0,121.0,9.999222114234552,9.0,11.0,1.0,17364.43188106834,10000.0,19000.0,1.0,16.5,17.995025793326672,19.0,1.0,23924.498519671317,10000.0,25000.0,1.0,19.30602650210423,17.0,20.0,1.0,0.0,111.0,1.0,50.0
11.0,22.0,11.0,22.0,-121.0,11.0,11.0,-111.0,10.007108446355087,9.0,11.0,30000.0,10000.0,19000.0,0.0,23.987053087630837,16.5,19.0,0.0,10000.0,36585.40125667012,25000.0,0.0,25.30525417225265,17.0,20.0,0.0,121.0,10.018081090700342,9.0,11.0,1.0,18224.09281739748,10000.0,19000.0,1.0,16.5,18.194115156441292,19.0,1.0,24693.338450697433,10000.0,25000.0,1.0,19.489065346737355,17.0,20.0,1.0,0.0,111.0,1.0,17.0
11.0,22.0,11.0,21.0,-121.0,21.0,13.0,-111.0,10.207050765369262,9.0,11.0,30000.0,10000.0,19000.0,0.0,26.930350542351306,16.5,19.0,0.0,10000.0,37063.21064532586,25000.0,0.0,28.26402751251674,17.0,20.0,0.0,122.0,10.202768640903876,9.0,11.0,1.0,14090.032762558398,10000.0,19000.0,1.0,16.5,17.350971175436953,19.0,1.0,21149.97275704016,10000.0,25000.0,1.0,18.6840305805987,17.0,20.0,1.0,0.0,211.0,1.0,33.0
11.0,21.0,11.0,21.0,-121.0,21.0,13.0,-111.0,9.991234152935405,9.0,11.0,30000.0,10000.0,19000.0,0.0,27.30578788988047,16.5,19.0,0.0,10000.0,36499.03141161209,25000.0,0.0,28.607652220700448,17.0,20.0,0.0,121.0,10.014385067690855,9.0,11.0,1.0,13646.776838450221,10000.0,19000.0,1.0,16.5,17.231029195564716,19.0,1.0,20271.666218882987,10000.0,25000.0,1.0,18.558104975596088,17.0,20.0,1.0,0.0,211.0,1.0,34.0
11.0,22.0,11.0,21.0,-121.0,21.0,13.0,-111.0,10.188611439692973,9.0,11.0,30000.0,10000.0,19000.0,0.0,26.50275181726736,16.5,19.0,0.0,10000.0,36981.75312652028,25000.0,0.0,27.824418614748183,17.0,20.0,0.0,122.0,10.210382525010035,9.0,11.0,1.0,14914.403289155849,10000.0,19000.0,1.0,16.5,17.49299250664963,19.0,1.0,21904.938731857754,10000.0,25000.0,1.0,18.816321822912183,17.0,20.0,1.0,0.0,211.0,1.0,2.0
91.0,21.0,91.0,24.0,-721.0,911.0,11.0,-711.0,15.839693624792204,12.0,17.0,30000.0,18000.0,36000.0,1.0,25.188952624261837,20.0,25.0,0.0,18000.0,34396.95121434088,36000.0,1.0,25.73948708484819,20.0,26.0,1.0,721.0,14.789789350825899,12.0,17.0,1.0,25518.160795749733,18000.0,36000.0,1.0,20.0,23.0179184725568,25.0,1.0,30018.22690062424,18000.0,36000.0,1.0,23.581363765643,20.0,26.0,1.0,0.0,91121.0,7.0,18.0
91.0,24.0,91.0,21.0,-721.0,911.0,11.0,-711.0,15.699002232871997,12.0,17.0,30000.0,18000.0,36000.0,1.0,25.43488018633065,20.0,25.0,0.0,18000.0,34489.18432341329,36000.0,1.0,25.99803759166414,20.0,26.0,1.0,721.0,14.50384487594335,12.0,17.0,1.0,26125.560838223588,18000.0,36000.0,1.0,20.0,22.72827984256714,25.0,1.0,30626.744255833844,18000.0,36000.0,1.0,23.292942505485865,20.0,26.0,1.0,0.0,91121.0,7.0,21.0
92.0,24.0,92.0,24.0,-721.0,921.0,13.0,-711.0,15.416541674856802,12.0,17.0,30000.0,15000.0,28000.0,0.0,25.150963653300018,19.5,25.0,0.0,15000.0,34477.52610411971,28000.0,0.0,25.70687803798308,20.0,26.0,1.0,721.0,15.473898456885308,12.0,17.0,1.0,18804.501508383397,15000.0,28000.0,1.0,19.5,21.8624205387126,25.0,1.0,23263.61451660752,15000.0,28000.0,1.0,22.41604881614874,20.0,26.0,1.0,0.0,92122.0,7.0,25.0
11.0,22.0,11.0,21.0,-121.0,21.0,13.0,-111.0,9.995318919890538,9.0,11.0,30000.0,10000.0,19000.0,0.0,26.183010951114596,16.5,19.0,0.0,10000.0,36457.35684303648,25000.0,0.0,27.474698908918757,17.0,20.0,0.0,121.0,9.9895369999855,9.0,11.0,1.0,11422.58810378726,10000.0,19000.0,1.0,16.5,16.733986230660005,19.0,1.0,17904.487733917984,10000.0,25000.0,1.0,18.030583569084,17.0,20.0,1.0,0.0,211.0,1.0,2.0
11.0,22.0,11.0,22.0,-121.0,21.0,13.0,-111.0,10.214041113678098,9.0,11.0,30000.0,10000.0,19000.0,0.0,26.377184722707845,16.5,19.0,0.0,10000.0,36983.72934470612,25000.0,0.0,27.69743535512736,17.0,20.0,0.0,122.0,10.19731272616701,9.0,11.0,1.0,12497.973397051655,10000.0,19000.0,1.0,16.5,17.09209270824558,19.0,1.0,19492.455695228382,10000.0,25000.0,1.0,18.41437615048908,17.0,20.0,1.0,0.0,211.0,1.0,31.0
11.0,22.0,11.0,21.0,-121.0,11.0,11.0,-111.0,10.008828102963758,9.0,11.0,30000.0,10000.0,19000.0,0.0,23.487857851431414,16.5,19.0,0.0,10000.0,36483.84448888773,25000.0,0.0,24.784933052697724,17.0,20.0,0.0,121.0,10.01187881926862,9.0,11.0,1.0,15284.086060894047,10000.0,19000.0,1.0,16.5,17.55074635917081,19.0,1.0,21698.75140067086,10000.0,25000.0,1.0,18.833982462520712,17.0,20.0,1.0,0.0,111.0,1.0,12.0
11.0,22.0,11.0,22.0,-121.0,11.0,11.0,-111.0,10.194810348531904,9.0,11.0,30000.0,10000.0,19000.0,0.0,26.66399698577441,16.5,19.0,0.0,10000.0,37103.64929788584,25000.0,0.0,28.00502663197803,17.0,20.0,0.0,122.0,10.21332533572857,9.0,11.0,1.0,14559.63490222966,10000.0,19000.0,1.0,16.5,17.49643686101973,19.0,1.0,21558.32575180587,10000.0,25000.0,1.0,18.817652410989094,17.0,20.0,1.0,0.0,111.0,1.0,44.0
81.0,23.0,81.0,23.0,-721.0,912.0,11.0,-711.0,13.558220891792935,12.0,17.0,30000.0,12500.0,23000.0,0.0,25.380994478529423,20.0,24.0,0.0,12500.0,34522.13318304438,26000.0,0.0,25.946452650557426,20.0,25.0,0.0,721.0,14.695067211411471,12.0,17.0,1.0,17413.709576435715,12500.0,23000.0,1.0,20.0,21.45327659370424,24.0,1.0,21968.851751203485,12500.0,26000.0,1.0,22.02286228771465,20.0,25.0,1.0,0.0,912.0,7.0,17.0
11.0,22.0,11.0,21.0,-121.0,21.0,13.0,-111.0,10.210453215219355,9.0,11.0,30000.0,10000.0,19000.0,0.0,25.852382806048105,16.5,19.0,0.0,10000.0,37136.777418304926,25000.0,0.0,27.19527500743086,17.0,20.0,0.0,122.0,10.207590036712483,9.0,11.0,1.0,12182.94040120878,10000.0,19000.0,1.0,16.5,17.004900060041578,19.0,1.0,19127.061114198612,10000.0,25000.0,1.0,18.311540999552527,17.0,20.0,1.0,0.0,211.0,1.0,2.0
81.0,23.0,81.0,23.0,-721.0,912.0,11.0,-711.0,15.609198936044198,12.0,17.0,30000.0,12500.0,23000.0,0.0,26.54995643055753,20.0,24.0,0.0,12500.0,34545.204050626126,26000.0,0.0,27.11645830413615,20.0,25.0,0.0,721.0,14.466437110543025,12.0,17.0,1.0,16284.161844358616,12500.0,23000.0,1.0,20.0,21.059862594319743,24.0,1.0,20733.306302631605,12500.0,26000.0,1.0,21.614391861512132,20.0,25.0,1.0,0.0,912.0,7.0,17.0
11.0,21.0,11.0,21.0,-121.0,11.0,11.0,-111.0,10.008241391886017,9.0,11.0,30000.0,10000.0,19000.0,0.0,24.993066887717667,16.5,19.0,0.0,10000.0,36499.03283007968,25000.0,0.0,26.286173855057623,17.0,20.0,0.0,121.0,10.004867302946392,9.0,11.0,1.0,13311.242140666483,10000.0,19000.0,1.0,16.5,17.14216878536192,19.0,1.0,19771.11190495008,10000.0,25000.0,1.0,18.42748351121497,17.0,20.0,1.0,0.0,111.0,1.0,56.0
11.0,22.0,11.0,22.0,-121.0,11.0,11.0,-111.0,10.01506240013908,9.0,11.0,30000.0,10000.0,19000.0,0.0,24.485757915327895,16.5,19.0,0.0,10000.0,36488.92832252634,25000.0,0.0,25.782635768157142,17.0,20.0,0.0,121.0,10.019090660042028,9.0,11.0,1.0,16394.737174882808,10000.0,19000.0,1.0,16.5,17.803188732959924,19.0,1.0,22900.477285764242,10000.0,25000.0,1.0,19.103426591463528,17.0,20.0,1.0,0.0,111.0,1.0,50.0
81.0,23.0,81.0,21.0,-721.0,912.0,12.0,-711.0,15.150293239048057,12.0,17.0,30000.0,12500.0,23000.0,0.0,26.634813898601443,20.0,24.0,0.0,12500.0,33976.34742147357,26000.0,0.0,27.12116018022897,20.0,25.0,0.0,722.0,15.258692822620388,12.0,17.0,1.0,15099.965856910558,12500.0,23000.0,1.0,20.0,21.57232183544558,24.0,1.0,19214.040727590633,12500.0,26000.0,1.0,22.075513534663607,20.0,25.0,1.0,0.0,912.0,7.0,11.0
91.0,24.0,91.0,21.0,-721.0,911.0,12.0,-711.0,15.283918155820695,12.0,17.0,30000.0,18000.0,36000.0,1.0,24.118047496023372,20.0,25.0,1.0,18000.0,34063.30385848103,36000.0,1.0,24.61317938834387,20.0,26.0,1.0,722.0,15.386450389719192,12.0,17.0,1.0,23959.279931437526,18000.0,36000.0,1.0,20.0,23.26398907453728,25.0,1.0,27964.257286910433,18000.0,36000.0,1.0,23.75201361953337,20.0,26.0,1.0,1.0,91121.0,7.0,29.0
11.0,22.0,11.0,21.0,-121.0,11.0,12.0,-111.0,10.00242729281669,9.0,11.0,30000.0,10000.0,19000.0,0.0,24.895500839389165,16.5,19.0,0.0,10000.0,36463.87325620955,25000.0,0.0,26.189552463369694,17.0,20.0,0.0,121.0,9.99984593402781,9.0,11.0,1.0,14135.50113295059,10000.0,19000.0,1.0,16.5,17.303780285108786,19.0,1.0,20564.104438609138,10000.0,25000.0,1.0,18.590770951211717,17.0,20.0,1.0,0.0,111.0,1.0,10.0
91.0,24.0,91.0,21.0,-721.0,911.0,11.0,-711.0,15.157336548139572,12.0,17.0,30000.0,18000.0,36000.0,1.0,25.097880746372038,20.0,25.0,0.0,18000.0,33998.52641508863,36000.0,1.0,25.58570816777507,20.0,26.0,1.0,722.0,14.901367760562371,12.0,17.0,1.0,20082.45595114359,18000.0,36000.0,1.0,20.0,22.282087273866864,25.0,1.0,24145.463168726845,18000.0,36000.0,1.0,22.7777814692625,20.0,26.0,1.0,0.0,91121.0,7.0,2.0
91.0,21.0,91.0,24.0,-721.0,911.0,12.0,-711.0,15.180508908801109,12.0,17.0,30000.0,18000.0,36000.0,1.0,24.77018511441802,20.0,25.0,1.0,18000.0,33954.61983022002,36000.0,1.0,25.253042805534914,20.0,26.0,1.0,722.0,15.087643561440988,12.0,17.0,1.0,25923.03542407481,18000.0,36000.0,1.0,20.0,23.292217666916535,25.0,1.0,29947.308335627633,18000.0,36000.0,1.0,23.783579974779272,20.0,26.0,1.0,1.0,91121.0,7.0,26.0
11.0,22.0,11.0,22.0,-121.0,11.0,11.0,-111.0,10.218978096831435,9.0,11.0,30000.0,10000.0,19000.0,0.0,25.78239160339691,16.5,19.0,0.0,10000.0,36854.90702434275,25000.0,0.0,27.0794683019121,17.0,20.0,0.0,122.0,10.202043395336023,9.0,11.0,1.0,15517.704077895003,10000.0,19000.0,1.0,16.5,17.693866163552748,19.0,1.0,22657.98840321191,10000.0,25000.0,1.0,19.0449415882453,17.0,20.0,1.0,0.0,111.0,1.0,44.0
91.0,24.0,91.0,24.0,-721.0,911.0,12.0,-711.0,15.317581529144821,12.0,17.0,30000.0,18000.0,36000.0,1.0,24.25065616738339,20.0,25.0,1.0,18000.0,33937.22110879495,36000.0,1.0,24.728998873613676,20.0,26.0,1.0,722.0,15.13968569315113,12.0,17.0,1.0,23997.046248632698,18000.0,36000.0,1.0,20.0,23.06792460719592,25.0,1.0,28017.26239133267,18000.0,36000.0,1.0,23.556350584856688,20.0,26.0,1.0,1.0,91121.0,7.0,24.0
11.0,21.0,11.0,22.0,-121.0,11.0,12.0,-111.0,9.997579117076372,9.0,11.0,30000.0,10000.0,19000.0,0.0,25.730366791280634,16.5,19.0,0.0,10000.0,36471.852574132565,25000.0,0.0,27.03106496282552,17.0,20.0,0.0,121.0,9.998731147073338,9.0,11.0,1.0,16633.464107435837,10000.0,19000.0,1.0,16.5,17.918006733164216,19.0,1.0,23151.872220160894,10000.0,25000.0,1.0,19.228061530687352,17.0,20.0,1.0,0.0,111.0,1.0,7.0
11.0,21.0,11.0,22.0,-121.0,21.0,13.0,-111.0,10.201347444046917,9.0,11.0,30000.0,10000.0,19000.0,0.0,27.05308961740871,16.5,19.0,0.0,10000.0,37034.132204830465,25000.0,0.0,28.38034530828655,17.0,20.0,0.0,122.0,10.195660713069087,9.0,11.0,1.0,13126.74944495711,10000.0,19000.0,1.0,16.5,17.194145519554215,19.0,1.0,20150.809080004117,10000.0,25000.0,1.0,18.51950063831064,17.0,20.0,1.0,0.0,211.0,1.0,59.0
11.0,22.0,11.0,22.0,-121.0,21.0,13.0,-111.0,10.017127819564996,9.0,11.0,30000.0,10000.0,19000.0,0.0,24.685600554994252,16.5,19.0,0.0,10000.0,36566.624615208726,25000.0,0.0,26.0024443333117,17.0,20.0,0.0,121.0,9.989118491080456,9.0,11.0,1.0,15100.143050608423,10000.0,19000.0,1.0,16.5,17.54955695837828,19.0,1.0,21663.711497403357,10000.0,25000.0,1.0,18.865787865304863,17.0,20.0,1.0,0.0,211.0,1.0,19.0
11.0,22.0,11.0,22.0,-121.0,11.0,11.0,-111.0,10.18938374818757,9.0,11.0,30000.0,10000.0,19000.0,0.0,22.09090717533035,16.5,19.0,0.0,10000.0,37042.42980198639,25000.0,0.0,23.41604254863796,17.0,20.0,0.0,122.0,10.202841380667392,9.0,11.0,1.0,13517.202729573457,10000.0,19000.0,1.0,16.5,17.281709195446805,19.0,1.0,20495.47232399119,10000.0,25000.0,1.0,18.594771894549837,17.0,20.0,1.0,0.0,111.0,1.0,15.0
91.0,21.0,91.0,24.0,-721.0,911.0,12.0,-711.0,14.278521517153417,12.0,17.0,30000.0,18000.0,36000.0,1.0,24.866982021041764,20.0,25.0,1.0,18000.0,34504.279356199884,36000.0,1.0,25.432188775333714,20.0,26.0,1.0,721.0,14.498179416397246,12.0,17.0,1.0,26616.22547431937,18000.0,36000.0,1.0,20.0,22.861143558827855,25.0,1.0,31100.734514703938,18000.0,36000.0,1.0,23.423869490961664,20.0,26.0,1.0,1.0,91121.0,7.0,26.0
11.0,21.0,11.0,22.0,-121.0,21.0,12.0,-111.0,10.01362374463826,9.0,11.0,30000.0,10000.0,19000.0,0.0,24.85327158773218,16.5,19.0,0.0,10000.0,36428.93197807559,25000.0,0.0,26.139720830403505,17.0,20.0,0.0,121.0,9.987853636521521,9.0,11.0,1.0,16212.360566689984,10000.0,19000.0,1.0,16.5,17.748237922573942,19.0,1.0,22647.832752188315,10000.0,25000.0,1.0,19.035995881049786,17.0,20.0,1.0,0.0,211.0,1.0,37.0
81.0,23.0,81.0,23.0,-721.0,912.0,12.0,-711.0,16.123316377700995,12.0,17.0,30000.0,12500.0,23000.0,0.0,27.390907160562485,20.0,24.0,0.0,12500.0,34463.76456333637,26000.0,0.0,27.950118015512963,20.0,25.0,0.0,721.0,14.033710363396064,12.0,17.0,1.0,16536.53118551504,12500.0,23000.0,1.0,20.0,20.758624768361255,24.0,1.0,21034.724772212307,12500.0,26000.0,1.0,21.322148817548474,20.0,25.0,1.0,0.0,912.0,7.0,31.0
11.0,22.0,11.0,22.0,-121.0,21.0,13.0,-111.0,9.983633788906321,9.0,11.0,30000.0,10000.0,19000.0,0.0,24.523095692454365,16.5,19.0,0.0,10000.0,36457.35961698392,25000.0,0.0,25.813489434953812,17.0,20.0,0.0,121.0,10.014332765752975,9.0,11.0,1.0,15221.962550219201,10000.0,19000.0,1.0,16.5,17.60106877000164,19.0,1.0,21784.647567051943,10000.0,25000.0,1.0,18.912510006361224,17.0,20.0,1.0,0.0,211.0,1.0,47.0
11.0,22.0,11.0,21.0,-121.0,21.0,13.0,-111.0,10.234955714716993,9.0,11.0,30000.0,10000.0,19000.0,0.0,25.66623467876288,16.5,19.0,0.0,10000.0,37137.60275551299,25000.0,0.0,27.009578598349727,17.0,20.0,0.0,122.0,10.198820715088736,9.0,11.0,1.0,11905.453064532576,10000.0,19000.0,1.0,16.5,16.918078144556553,19.0,1.0,19028.98472712547,10000.0,25000.0,1.0,18.258773791640206,17.0,20.0,1.0,0.0,211.0,1.0,20.0
11.0,22.0,11.0,21.0,-121.0,11.0,11.0,-111.0,10.184632152058072,9.0,11.0,30000.0,10000.0,19000.0,0.0,24.282438514806174,16.5,19.0,0.0,10000.0,37297.41775773511,25000.0,0.0,25.660060894106635,17.0,20.0,0.0,122.0,10.179128664648061,9.0,11.0,1.0,17712.75156335217,10000.0,19000.0,1.0,16.5,18.01315824356989,19.0,1.0,24653.284689697513,10000.0,25000.0,1.0,19.323407166758457,17.0,20.0,1.0,0.0,111.0,1.0,54.0
81.0,23.0,81.0,23.0,-721.0,912.0,12.0,-711.0,14.861488371803462,12.0,17.0,30000.0,12500.0,23000.0,0.0,27.22712173255608,20.0,24.0,0.0,12500.0,33945.50857315925,26000.0,0.0,27.71066482466823,20.0,25.0,0.0,722.0,15.233211919036448,12.0,17.0,1.0,15326.808010072094,12500.0,23000.0,1.0,20.0,21.659397698649233,24.0,1.0,19288.870539433756,12500.0,26000.0,1.0,22.14496956627166,20.0,25.0,1.0,0.0,912.0,7.0,31.0
92.0,24.0,92.0,24.0,-721.0,921.0,13.0,-711.0,14.672496744477057,12.0,17.0,30000.0,15000.0,28000.0,0.0,24.119295185839103,19.5,25.0,1.0,15000.0,34544.30287685537,28000.0,0.0,24.686492466019725,20.0,26.0,1.0,721.0,15.668077577766557,12.0,17.0,1.0,19715.554975396717,15000.0,28000.0,1.0,19.5,22.18140063251221,25.0,1.0,24204.229949248165,15000.0,28000.0,1.0,22.741654714552,20.0,26.0,1.0,0.0,92122.0,7.0,25.0
11.0,22.0,11.0,21.0,-121.0,11.0,11.0,-111.0,10.017939784564302,9.0,11.0,30000.0,10000.0,19000.0,0.0,25.611684066967094,16.5,19.0,0.0,10000.0,36515.13556042263,25000.0,0.0,26.910244549995532,17.0,20.0,0.0,121.0,9.996726344224678,9.0,11.0,1.0,14379.631036223513,10000.0,19000.0,1.0,16.5,17.35057705453601,19.0,1.0,20841.029650935656,10000.0,25000.0,1.0,18.63842698925258,17.0,20.0,1.0,0.0,111.0,1.0,12.0
11.0,21.0,11.0,21.0,-121.0,21.0,12.0,-111.0,9.99603136750614,9.0,11.0,30000.0,10000.0,19000.0,0.0,25.18843755064266,16.5,19.0,0.0,10000.0,36621.76821581811,25000.0,0.0,26.5153040671584,17.0,20.0,0.0,121.0,10.006594147515871,9.0,11.0,1.0,14695.565780244964,10000.0,19000.0,1.0,16.5,17.459830379003087,19.0,1.0,21173.891724949593,10000.0,25000.0,1.0,18.757954006853712,17.0,20.0,1.0,0.0,211.0,1.0,6.0
11.0,22.0,11.0,22.0,-121.0,21.0,13.0,-111.0,10.186720772170275,9.0,11.0,30000.0,10000.0,19000.0,0.0,27.31291634536684,16.5,19.0,0.0,10000.0,37110.476488125816,25000.0,0.0,28.64897974676268,17.0,20.0,0.0,122.0,10.232306840337728,9.0,11.0,1.0,14710.051400622018,10000.0,19000.0,1.0,16.5,17.539426191883884,19.0,1.0,21733.615187881907,10000.0,25000.0,1.0,18.85915863726892,17.0,20.0,1.0,0.0,211.0,1.0,47.0
81.0,23.0,81.0,21.0,-721.0,912.0,11.0,-711.0,15.381524477909625,12.0,17.0,30000.0,12500.0,23000.0,0.0,26.681262315110963,20.0,24.0,0.0,12500.0,33979.71089118016,26000.0,0.0,27.165080095334464,20.0,25.0,0.0,722.0,15.293182404416335,12.0,17.0,1.0,14799.211318976055,12500.0,23000.0,1.0,20.0,21.551588085849183,24.0,1.0,18804.73238112394,12500.0,26000.0,1.0,22.038543636620908,20.0,25.0,1.0,0.0,912.0,7.0,12.0
11.0,21.0,11.0,22.0,-121.0,11.0,11.0,-111.0,9.979417412957337,9.0,11.0,30000.0,10000.0,19000.0,0.0,24.341228397734497,16.5,19.0,0.0,10000.0,36627.871580977924,25000.0,0.0,25.672660351613786,17.0,20.0,0.0,121.0,10.006150142089291,9.0,11.0,1.0,17864.777173260354,10000.0,19000.0,1.0,16.5,18.135045972842,19.0,1.0,24408.29269482022,10000.0,25000.0,1.0,19.44953216190972,17.0,20.0,1.0,0.0,111.0,1.0,29.0
11.0,22.0,11.0,22.0,-121.0,21.0,13.0,-111.0,10.20218523142405,9.0,11.0,30000.0,10000.0,19000.0,0.0,25.22380201838636,16.5,19.0,0.0,10000.0,36905.75250358369,25000.0,0.0,26.532175784187388,17.0,20.0,0.0,122.0,10.20873222214617,9.0,11.0,1.0,15753.721054130981,10000.0,19000.0,1.0,16.5,17.72955214606499,19.0,1.0,22838.38120229399,10000.0,25000.0,1.0,19.071822010596367,17.0,20.0,1.0,0.0,211.0,1.0,3.0
11.0,22.0,11.0,22.0,-121.0,21.0,12.0,-111.0,10.203224438039765,9.0,11.0,30000.0,10000.0,19000.0,0.0,24.31843791008022,16.5,19.0,0.0,10000.0,36996.05293239212,25000.0,0.0,25.636849000678467,17.0,20.0,0.0,122.0,10.184256911694765,9.0,11.0,1.0,16197.029144821983,10000.0,19000.0,1.0,16.5,17.742843885630602,19.0,1.0,23122.44369604482,10000.0,25000.0,1.0,19.047943123666343,17.0,20.0,1.0,0.0,211.0,1.0,25.0
11.0,22.0,11.0,22.0,-121.0,21.0,13.0,-111.0,9.986665200825579,9.0,11.0,30000.0,10000.0,19000.0,0.0,27.649858154796902,16.5,19.0,0.0,10000.0,36434.48983551168,25000.0,0.0,28.936530548644914,17.0,20.0,0.0,121.0,10.01193026780061,9.0,11.0,1.0,15428.680706628225,10000.0,19000.0,1.0,16.5,17.650690500412512,19.0,1.0,21915.69412291605,10000.0,25000.0,1.0,18.947865769101934,17.0,20.0,1.0,0.0,211.0,1.0,21.0
11.0,21.0,11.0,21.0,-121.0,11.0,11.0,-111.0,10.002977407791294,9.0,11.0,30000.0,10000.0,19000.0,0.0,25.556208763650297,16.5,19.0,0.0,10000.0,36519.79775172689,25000.0,0.0,26.85975872422578,17.0,20.0,0.0,121.0,10.018262191386837,9.0,11.0,1.0,12985.76965847598,10000.0,19000.0,1.0,16.5,17.065084163605768,19.0,1.0,19465.57801466299,10000.0,25000.0,1.0,18.3606387573057,17.0,20.0,1.0,0.0,111.0,1.0,56.0
91.0,24.0,91.0,21.0,-721.0,911.0,11.0,-711.0,15.33683520884395,12.0,17.0,30000.0,18000.0,36000.0,1.0,23.917416692383842,20.0,25.0,1.0,18000.0,34004.3501850103,36000.0,1.0,24.40567479248079,20.0,26.0,1.0,722.0,15.24958189181752,12.0,17.0,1.0,25398.19951846341,18000.0,36000.0,1.0,20.0,23.302690264829426,25.0,1.0,29414.414378956677,18000.0,36000.0,1.0,23.792395047569485,20.0,26.0,1.0,1.0,91121.0,7.0,2.0
11.0,21.0,11.0,22.0,-121.0,21.0,12.0,-111.0,10.013944724195825,9.0,11.0,30000.0,10000.0,19000.0,0.0,26.39378300691346,16.5,19.0,0.0,10000.0,36479.9874193178,25000.0,0.0,27.689241773164856,17.0,20.0,0.0,121.0,9.998393048002923,9.0,11.0,1.0,15205.834607254463,10000.0,19000.0,1.0,16.5,17.556037999333313,19.0,1.0,21712.487106222557,10000.0,25000.0,1.0,18.856827564697493,17.0,20.0,1.0,0.0,211.0,1.0,37.0
11.0,21.0,11.0,22.0,-121.0,21.0,13.0,-111.0,10.203545129242986,9.0,11.0,30000.0,10000.0,19000.0,0.0,27.806190867898327,16.5,19.0,0.0,10000.0,37123.22323760386,25000.0,0.0,29.15116909350021,17.0,20.0,0.0,122.0,10.19081928575312,9.0,11.0,1.0,15023.57838183096,10000.0,19000.0,1.0,16.5,17.57637503585974,19.0,1.0,22012.2927785561,10000.0,25000.0,1.0,18.895955845699365,17.0,20.0,1.0,0.0,211.0,1.0,59.0
11.0,21.0,11.0,22.0,-121.0,21.0,13.0,-111.0,10.195840560983926,9.0,11.0,30000.0,10000.0,19000.0,0.0,26.32387113737476,16.5,19.0,0.0,10000.0,37064.310844381005,25000.0,0.0,27.661238637641315,17.0,20.0,0.0,122.0,10.218608038304074,9.0,11.0,1.0,13844.466448477231,10000.0,19000.0,1.0,16.5,17.403578979442464,19.0,1.0,20774.930114870534,10000.0,25000.0,1.0,18.71560743818234,17.0,20.0,1.0,0.0,211.0,1.0,9.0
91.0,24.0,91.0,24.0,-721.0,911.0,12.0,-711.0,15.097311014310085,12.0,17.0,30000.0,18000.0,36000.0,1.0,24.06700227579676,20.0,25.0,1.0,18000.0,33995.46683159132,36000.0,1.0,24.55587932351839,20.0,26.0,1.0,722.0,15.109642583060397,12.0,17.0,1.0,24263.487975293865,18000.0,36000.0,1.0,20.0,23.054236149910764,25.0,1.0,28236.16270005666,18000.0,36000.0,1.0,23.540324402638632,20.0,26.0,1.0,1.0,91121.0,7.0,27.0
11.0,22.0,11.0,22.0,-121.0,21.0,13.0,-111.0,10.170913528522066,9.0,11.0,30000.0,10000.0,19000.0,0.0,26.019595163417545,16.5,19.0,0.0,10000.0,37058.288716875235,25000.0,0.0,27.351789939063785,17.0,20.0,0.0,122.0,10.200001362255684,9.0,11.0,1.0,13223.70713627556,10000.0,19000.0,1.0,16.5,17.199600904518423,19.0,1.0,20370.996694233436,10000.0,25000.0,1.0,18.548593867412933,17.0,20.0,1.0,0.0,211.0,1.0,16.0
11.0,21.0,11.0,22.0,-121.0,21.0,13.0,-111.0,9.976021670025462,9.0,11.0,30000.0,10000.0,19000.0,0.0,27.25293919231185,16.5,19.0,0.0,10000.0,36481.37866980988,25000.0,0.0,28.55036996540308,17.0,20.0,0.0,121.0,10.00107302560244,9.0,11.0,1.0,14745.994683943007,10000.0,19000.0,1.0,16.5,17.452775141416843,19.0,1.0,21171.164345569585,10000.0,25000.0,1.0,18.738954095927923,17.0,20.0,1.0,0.0,211.0,1.0,52.0
11.0,22.0,11.0,22.0,-121.0,11.0,11.0,-111.0,10.005858046995868,9.0,11.0,30000.0,10000.0,19000.0,0.0,24.367297205814953,16.5,19.0,0.0,10000.0,36456.504111891554,25000.0,0.0,25.650332996832713,17.0,20.0,0.0,121.0,9.995412684406633,9.0,11.0,1.0,13799.3641258952,10000.0,19000.0,1.0,16.5,17.17661488426116,19.0,1.0,20179.661522406866,10000.0,25000.0,1.0,18.44450688513276,17.0,20.0,1.0,0.0,111.0,1.0,27.0
11.0,21.0,11.0,22.0,-121.0,21.0,13.0,-111.0,10.175585293514466,9.0,11.0,30000.0,10000.0,19000.0,0.0,26.450286832047492,16.5,19.0,0.0,10000.0,36909.69387524126,25000.0,0.0,27.752096439827504,17.0,20.0,0.0,122.0,10.204307380483694,9.0,11.0,1.0,13891.488421246479,10000.0,19000.0,1.0,16.5,17.32545943523394,19.0,1.0,20736.742224899474,10000.0,25000.0,1.0,18.61512831640084,17.0,20.0,1.0,0.0,211.0,1.0,52.0
11.0,21.0,11.0,22.0,-121.0,21.0,13.0,-111.0,9.995904998853026,9.0,11.0,30000.0,10000.0,19000.0,0.0,27.40644671901248,16.5,19.0,0.0,10000.0,36415.17636649398,25000.0,0.0,28.69067068422852,17.0,20.0,0.0,121.0,9.99093733128116,9.0,11.0,1.0,15167.581175987974,10000.0,19000.0,1.0,16.5,17.56092876930116,19.0,1.0,21640.299592357234,10000.0,25000.0,1.0,18.85667180667295,17.0,20.0,1.0,0.0,211.0,1.0,9.0
11.0,21.0,11.0,22.0,-121.0,11.0,12.0,-111.0,9.991603702482628,9.0,11.0,30000.0,10000.0,19000.0,0.0,25.779840726418637,16.5,19.0,0.0,10000.0,36478.957788965876,25000.0,0.0,27.07011968376631,17.0,20.0,0.0,121.0,10.014271008174418,9.0,11.0,1.0,15046.713750183228,10000.0,19000.0,1.0,16.5,17.559406740615206,19.0,1.0,21495.547315302094,10000.0,25000.0,1.0,18.84368648429268,17.0,20.0,1.0,0.0,111.0,1.0,7.0
11.0,22.0,11.0,22.0,-121.0,11.0,11.0,-111.0,10.21790510893557,9.0,11.0,30000.0,10000.0,19000.0,0.0,23.550790624545577,16.5,19.0,0.0,10000.0,37006.96308242962,25000.0,0.0,24.870426857675646,17.0,20.0,0.0,122.0,10.20310028264165,9.0,11.0,1.0,16526.25811288349,10000.0,19000.0,1.0,16.5,17.807774690392584,19.0,1.0,23392.101996251386,10000.0,25000.0,1.0,19.100833645166624,17.0,20.0,1.0,0.0,111.0,1.0,44.0
11.0,22.0,11.0,22.0,-121.0,21.0,13.0,-111.0,10.196401849352293,9.0,11.0,30000.0,10000.0,19000.0,0.0,25.9726227736152,16.5,19.0,0.0,10000.0,36856.778329085864,25000.0,0.0,27.26999105449954,17.0,20.0,0.0,122.0,10.211328893808597,9.0,11.0,1.0,13184.048058322556,10000.0,19000.0,1.0,16.5,17.218241100659338,19.0,1.0,20180.971881567075,10000.0,25000.0,1.0,18.542126254352446,17.0,20.0,1.0,0.0,211.0,1.0,13.0
11.0,22.0,11.0,22.0,-121.0,21.0,13.0,-111.0,10.000728917482371,9.0,11.0,30000.0,10000.0,19000.0,0.0,27.088255942037136,16.5,19.0,0.0,10000.0,36475.51137900075,25000.0,0.0,28.385679373529683,17.0,20.0,0.0,121.0,9.99124095194531,9.0,11.0,1.0,14780.688681316182,10000.0,19000.0,1.0,16.5,17.461011681010113,19.0,1.0,21239.507826662557,10000.0,25000.0,1.0,18.755090682418363,17.0,20.0,1.0,0.0,211.0,1.0,47.0
11.0,21.0,11.0,21.0,-121.0,11.0,11.0,-111.0,10.187298618025707,9.0,11.0,30000.0,10000.0,19000.0,0.0,24.918161510822046,16.5,19.0,0.0,10000.0,37017.530753992985,25000.0,0.0,26.247282917278515,17.0,20.0,0.0,122.0,10.185320199191466,9.0,11.0,1.0,17700.41852646925,10000.0,19000.0,1.0,16.5,18.02306450797998,19.0,1.0,24587.800562868742,10000.0,25000.0,1.0,19.32753572726371,17.0,20.0,1.0,0.0,111.0,1.0,56.0
11.0,21.0,11.0,21.0,-121.0,11.0,11.0,-111.0,9.995816906454552,9.0,11.0,30000.0,10000.0,19000.0,0.0,23.81717952321104,16.5,19.0,0.0,10000.0,36569.623726752994,25000.0,0.0,25.128410199752043,17.0,20.0,0.0,121.0,10.002565002945062,9.0,11.0,1.0,12468.753789030221,10000.0,19000.0,1.0,16.5,16.962241369330957,19.0,1.0,18996.019840247085,10000.0,25000.0,1.0,18.265017880784278,17.0,20.0,1.0,0.0,111.0,1.0,18.0
11.0,22.0,11.0,22.0,-121.0,21.0,13.0,-111.0,10.193544600758008,9.0,11.0,30000.0,10000.0,19000.0,0.0,25.806030138386,16.5,19.0,0.0,10000.0,37139.0549056719,25000.0,0.0,27.143303685752667,17.0,20.0,0.0,122.0,10.191241883553536,9.0,11.0,1.0,14045.002659859083,10000.0,19000.0,1.0,16.5,17.41352192238216,19.0,1.0,21074.790638898845,10000.0,25000.0,1.0,18.730327806659258,17.0,20.0,1.0,0.0,211.0,1.0,8.0
11.0,21.0,11.0,22.0,-121.0,21.0,12.0,-111.0,9.996216531115705,9.0,11.0,30000.0,10000.0,19000.0,0.0,25.670072691220955,16.5,19.0,0.0,10000.0,36499.33936255424,25000.0,0.0,26.97077963738262,17.0,20.0,0.0,121.0,9.995700199689923,9.0,11.0,1.0,15965.017440602876,10000.0,19000.0,1.0,16.5,17.697559668776343,19.0,1.0,22448.172520240492,10000.0,25000.0,1.0,18.995027668941496,17.0,20.0,1.0,0.0,211.0,1.0,37.0
11.0,21.0,11.0,22.0,-121.0,11.0,11.0,-111.0,10.205460602179823,9.0,11.0,30000.0,10000.0,19000.0,0.0,24.12238996620758,16.5,19.0,0.0,10000.0,36915.3686245067,25000.0,0.0,25.4266062509921,17.0,20.0,0.0,122.0,10.207281907786477,9.0,11.0,1.0,11979.142174431652,10000.0,19000.0,1.0,16.5,16.992483271971082,19.0,1.0,18955.143271891837,10000.0,25000.0,1.0,18.308134646178377,17.0,20.0,1.0,0.0,111.0,1.0,43.0
11.0,22.0,11.0,22.0,-121.0,21.0,13.0,-111.0,10.21667645230691,9.0,11.0,30000.0,10000.0,19000.0,0.0,25.493229783252843,16.5,19.0,0.0,10000.0,36929.18217268581,25000.0,0.0,26.802766566829032,17.0,20.0,0.0,122.0,10.19792375525152,9.0,11.0,1.0,14693.908882423397,10000.0,19000.0,1.0,16.5,17.46766553743248,19.0,1.0,21850.01649615017,10000.0,25000.0,1.0,18.82008865373402,17.0,20.0,1.0,0.0,211.0,1.0,31.0
11.0,22.0,11.0,22.0,-121.0,11.0,12.0,-111.0,9.996643468148386,9.0,11.0,30000.0,10000.0,19000.0,0.0,24.867582592493015,16.5,19.0,0.0,10000.0,36505.943327086046,25000.0,0.0,26.164315281552046,17.0,20.0,0.0,121.0,10.003889353200988,9.0,11.0,1.0,16594.36169637729,10000.0,19000.0,1.0,16.5,17.856349171377204,19.0,1.0,23130.49461084891,10000.0,25000.0,1.0,19.159099100806145,17.0,20.0,1.0,0.0,111.0,1.0,14.0
91.0,24.0,91.0,21.0,-721.0,911.0,11.0,-711.0,14.625687604668645,12.0,17.0,30000.0,18000.0,36000.0,1.0,24.01490993324729,20.0,25.0,1.0,18000.0,34557.81214164018,36000.0,1.0,24.58372246172376,20.0,26.0,1.0,721.0,15.075137652453048,12.0,17.0,1.0,25717.91114945984,18000.0,36000.0,1.0,20.0,23.187276394492443,25.0,1.0,30237.2242117143,18000.0,36000.0,1.0,23.751284258360354,20.0,26.0,1.0,1.0,91121.0,7.0,2.0
11.0,22.0,11.0,21.0,-121.0,21.0,12.0,-111.0,10.186278226335995,9.0,11.0,30000.0,10000.0,19000.0,0.0,25.119270737573338,16.5,19.0,0.0,10000.0,36878.775409974856,25000.0,0.0,26.41630441192099,17.0,20.0,0.0,122.0,10.207814201779195,9.0,11.0,1.0,14042.205568760575,10000.0,19000.0,1.0,16.5,17.34610617268101,19.0,1.0,21158.96409127168,10000.0,25000.0,1.0,18.68801296651414,17.0,20.0,1.0,0.0,211.0,1.0,53.0
91.0,24.0,91.0,24.0,-721.0,911.0,12.0,-711.0,15.656674887791365,12.0,17.0,30000.0,18000.0,36000.0,1.0,24.925871208919453,20.0,25.0,1.0,18000.0,34457.00340372635,36000.0,1.0,25.48116900355713,20.0,26.0,1.0,721.0,14.96728037499409,12.0,17.0,1.0,28636.983281989582,18000.0,36000.0,1.0,20.0,23.579141846148403,25.0,1.0,33209.21303601243,18000.0,36000.0,1.0,24.148795685062442,20.0,26.0,1.0,1.0,91121.0,7.0,24.0
91.0,24.0,91.0,24.0,-721.0,911.0,11.0,-711.0,15.24051663135998,12.0,17.0,30000.0,18000.0,36000.0,1.0,24.22576124392416,20.0,25.0,1.0,18000.0,34088.986113161234,36000.0,1.0,24.72469439102996,20.0,26.0,1.0,722.0,15.280449225730418,12.0,17.0,1.0,26960.074383657247,18000.0,36000.0,1.0,20.0,23.61307971655131,25.0,1.0,30993.349420087237,18000.0,36000.0,1.0,24.105215065358724,20.0,26.0,1.0,1.0,91121.0,7.0,4.0
11.0,22.0,11.0,22.0,-121.0,21.0,13.0,-111.0,10.004323665576958,9.0,11.0,30000.0,10000.0,19000.0,0.0,25.78842750190069,16.5,19.0,0.0,10000.0,36521.831353261136,25000.0,0.0,27.092307863108694,17.0,20.0,0.0,121.0,10.002586134354598,9.0,11.0,1.0,15519.904179189176,10000.0,19000.0,1.0,16.5,17.64201948072217,19.0,1.0,21904.554880628457,10000.0,25000.0,1.0,18.918473932218667,17.0,20.0,1.0,0.0,211.0,1.0,13.0
11.0,22.0,11.0,21.0,-121.0,11.0,12.0,-111.0,10.213653540463511,9.0,11.0,30000.0,10000.0,19000.0,0.0,25.100413349548255,16.5,19.0,0.0,10000.0,36852.60063522486,25000.0,0.0,26.387845424587486,17.0,20.0,0.0,122.0,10.214534105298975,9.0,11.0,1.0,15000.77858561005,10000.0,19000.0,1.0,16.5,17.5203791218798,19.0,1.0,22154.367520275242,10000.0,25000.0,1.0,18.864359361847697,17.0,20.0,1.0,0.0,111.0,1.0,46.0
11.0,21.0,11.0,22.0,-121.0,21.0,12.0,-111.0,9.99006124697951,9.0,11.0,30000.0,10000.0,19000.0,0.0,25.772007021585715,16.5,19.0,0.0,10000.0,36521.24429901238,25000.0,0.0,27.0823271896178,17.0,20.0,0.0,121.0,10.005595627063736,9.0,11.0,1.0,16085.887417448184,10000.0,19000.0,1.0,16.5,17.77805666375485,19.0,1.0,22533.964575801863,10000.0,25000.0,1.0,19.073675284713033,17.0,20.0,1.0,0.0,211.0,1.0,37.0
91.0,24.0,91.0,21.0,-721.0,911.0,12.0,-711.0,15.071861407080572,12.0,17.0,30000.0,18000.0,36000.0,1.0,24.232576869183198,20.0,25.0,1.0,18000.0,33984.72015680776,36000.0,1.0,24.720407547599734,20.0,26.0,1.0,722.0,15.488121493884583,12.0,17.0,1.0,25386.5133013476,18000.0,36000.0,1.0,20.0,23.488462711367042,25.0,1.0,29399.07318019771,18000.0,36000.0,1.0,23.979701676929576,20.0,26.0,1.0,1.0,91121.0,7.0,14.0
11.0,21.0,11.0,21.0,-121.0,11.0,11.0,-111.0,10.0020122729443,9.0,11.0,30000.0,10000.0,19000.0,0.0,27.285533168611053,16.5,19.0,0.0,10000.0,36545.225914309536,25000.0,0.0,28.588091365933593,17.0,20.0,0.0,121.0,9.985126753759328,9.0,11.0,1.0,11519.020056871583,10000.0,19000.0,1.0,16.5,16.735668665534803,19.0,1.0,18013.037806827604,10000.0,25000.0,1.0,18.02803598249328,17.0,20.0,1.0,0.0,111.0,1.0,56.0
81.0,23.0,81.0,21.0,-721.0,912.0,11.0,-711.0,15.239447473779014,12.0,17.0,30000.0,12500.0,23000.0,0.0,26.84377564235844,20.0,24.0,0.0,12500.0,34051.44635248845,26000.0,0.0,27.339082177514012,20.0,25.0,0.0,722.0,15.179112489986068,12.0,17.0,1.0,15562.623653622684,12500.0,23000.0,1.0,20.0,21.553767426283827,24.0,1.0,19588.106919544003,12500.0,26000.0,1.0,22.04589986376398,20.0,25.0,1.0,0.0,912.0,7.0,12.0
91.0,24.0,91.0,21.0,-721.0,911.0,11.0,-711.0,15.017148516273055,12.0,17.0,30000.0,18000.0,36000.0,1.0,24.061596715097984,20.0,25.0,1.0,18000.0,34010.61538872192,36000.0,1.0,24.54931582148891,20.0,26.0,1.0,722.0,15.029813795571759,12.0,17.0,1.0,23525.583893478022,18000.0,36000.0,1.0,20.0,22.786594972164927,25.0,1.0,27545.503195611633,18000.0,36000.0,1.0,23.275445500019963,20.0,26.0,1.0,1.0,91121.0,7.0,2.0
91.0,24.0,91.0,24.0,-721.0,911.0,12.0,-711.0,14.512844699396936,12.0,17.0,30000.0,18000.0,36000.0,1.0,24.73203523197014,20.0,25.0,1.0,18000.0,34471.58363573474,36000.0,1.0,25.294401207637353,20.0,26.0,1.0,721.0,15.19302572717881,12.0,17.0,1.0,26289.22598645519,18000.0,36000.0,1.0,20.0,23.581952007286034,25.0,1.0,30811.192825976592,18000.0,36000.0,1.0,24.150654395701583,20.0,26.0,1.0,1.0,91121.0,7.0,1.0
11.0,21.0,11.0,22.0,-121.0,11.0,12.0,-111.0,10.165240879501448,9.0,11.0,30000.0,10000.0,19000.0,0.0,26.131247090532007,16.5,19.0,0.0,10000.0,36940.594808331494,25000.0,0.0,27.43471262111082,17.0,20.0,0.0,122.0,10.191906637585483,9.0,11.0,1.0,16357.578058881318,10000.0,19000.0,1.0,16.5,17.82388731212848,19.0,1.0,23337.597147068194,10000.0,25000.0,1.0,19.134756846438744,17.0,20.0,1.0,0.0,111.0,1.0,51.0
81.0,23.0,81.0,21.0,-721.0,912.0,11.0,-711.0,15.150935158465137,12.0,17.0,30000.0,12500.0,23000.0,0.0,27.663662712775384,20.0,24.0,0.0,12500.0,34016.92905201023,26000.0,0.0,28.153009498567723,20.0,25.0,0.0,722.0,15.211692738881883,12.0,17.0,1.0,15130.498904248348,12500.0,23000.0,1.0,20.0,21.458940964482842,24.0,1.0,19182.8813117232,12500.0,26000.0,1.0,21.952606717654874,20.0,25.0,1.0,0.0,912.0,7.0,12.0
11.0,21.0,11.0,22.0,-121.0,11.0,11.0,-111.0,10.173053991366688,9.0,11.0,30000.0,10000.0,19000.0,0.0,23.564042598632977,16.5,19.0,0.0,10000.0,37006.62914540597,25000.0,0.0,24.88659459646082,17.0,20.0,0.0,122.0,10.179900261330216,9.0,11.0,1.0,14323.884507918216,10000.0,19000.0,1.0,16.5,17.450519098531114,19.0,1.0,21488.917817900445,10000.0,25000.0,1.0,18.80297102969023,17.0,20.0,1.0,0.0,111.0,1.0,29.0
11.0,22.0,11.0,21.0,-121.0,11.0,12.0,-111.0,10.178382164142755,9.0,11.0,30000.0,10000.0,19000.0,0.0,24.289398618854854,16.5,19.0,0.0,10000.0,36899.12634458275,25000.0,0.0,25.58708641686351,17.0,20.0,0.0,122.0,10.186917842705354,9.0,11.0,1.0,13826.991017547589,10000.0,19000.0,1.0,16.5,17.285585781343364,19.0,1.0,20762.30640219171,10000.0,25000.0,1.0,18.590080539155874,17.0,20.0,1.0,0.0,111.0,1.0,45.0
11.0,22.0,11.0,22.0,-121.0,21.0,13.0,-111.0,10.205844782708445,9.0,11.0,30000.0,10000.0,19000.0,0.0,24.96127338712629,16.5,19.0,0.0,10000.0,37065.4584760696,25000.0,0.0,26.29334943411666,17.0,20.0,0.0,122.0,10.190872253315321,9.0,11.0,1.0,13960.450935396835,10000.0,19000.0,1.0,16.5,17.369041615548916,19.0,1.0,21008.9033647031,10000.0,25000.0,1.0,18.6979114519835,17.0,20.0,1.0,0.0,211.0,1.0,28.0
92.0,24.0,92.0,24.0,-721.0,921.0,13.0,-711.0,14.429366293520772,12.0,17.0,30000.0,15000.0,28000.0,0.0,23.509999891453912,19.5,25.0,1.0,15000.0,34532.8001352877,28000.0,0.0,24.073031565010382,20.0,26.0,1.0,721.0,14.43913813440653,12.0,17.0,1.0,20523.369947103787,15000.0,28000.0,1.0,19.5,21.02007541346303,25.0,1.0,24953.684268944387,15000.0,28000.0,1.0,21.570377039953954,20.0,26.0,1.0,0.0,92122.0,7.0,22.0
11.0,22.0,11.0,22.0,-121.0,11.0,11.0,-111.0,10.010899912594494,9.0,11.0,30000.0,10000.0,19000.0,0.0,25.282958583002085,16.5,19.0,0.0,10000.0,36509.241255135086,25000.0,0.0,26.588082499928035,17.0,20.0,0.0,121.0,9.992157415081218,9.0,11.0,1.0,15056.330505464928,10000.0,19000.0,1.0,16.5,17.557356414137463,19.0,1.0,21582.008742525446,10000.0,25000.0,1.0,18.86577599908248,17.0,20.0,1.0,0.0,111.0,1.0,50.0
81.0,23.0,81.0,21.0,-721.0,912.0,12.0,-711.0,15.138028939781494,12.0,17.0,30000.0,12500.0,23000.0,0.0,27.466789451329703,20.0,24.0,0.0,12500.0,34044.1853397993,26000.0,0.0,27.959284292523172,20.0,25.0,0.0,722.0,14.960796353106256,12.0,17.0,1.0,14679.972365889735,12500.0,23000.0,1.0,20.0,21.125300972377794,24.0,1.0,18696.26752899667,12500.0,26000.0,1.0,21.614399389573133,20.0,25.0,1.0,0.0,912.0,7.0,30.0
11.0,22.0,11.0,21.0,-121.0,11.0,12.0,-111.0,10.001203828468197,9.0,11.0,30000.0,10000.0,19000.0,0.0,23.84599627718759,16.5,19.0,0.0,10000.0,36463.975255764075,25000.0,0.0,25.13891977123032,17.0,20.0,0.0,121.0,9.993696834171308,9.0,11.0,1.0,14110.075037064576,10000.0,19000.0,1.0,16.5,17.293790509323138,19.0,1.0,20595.021087205285,10000.0,25000.0,1.0,18.590908578942884,17.0,20.0,1.0,0.0,111.0,1.0,45.0
11.0,21.0,11.0,22.0,-121.0,21.0,13.0,-111.0,10.21873454806827,9.0,11.0,30000.0,10000.0,19000.0,0.0,27.009316945665724,16.5,19.0,0.0,10000.0,37136.62637951987,25000.0,0.0,28.356019781984983,17.0,20.0,0.0,122.0,10.19643354609311,9.0,11.0,1.0,15244.59572633104,10000.0,19000.0,1.0,16.5,17.632500974361427,19.0,1.0,22151.099381970474,10000.0,25000.0,1.0,18.935778961393265,17.0,20.0,1.0,0.0,211.0,1.0,9.0
11.0,22.0,11.0,22.0,-121.0,11.0,11.0,-111.0,10.202000316673185,9.0,11.0,30000.0,10000.0,19000.0,0.0,24.25991758510089,16.5,19.0,0.0,10000.0,36928.745025740376,25000.0,0.0,25.56656463231432,17.0,20.0,0.0,122.0,10.202157475913502,9.0,11.0,1.0,14013.815391205231,10000.0,19000.0,1.0,16.5,17.35547248778636,19.0,1.0,21016.485139501157,10000.0,25000.0,1.0,18.676060518552287,17.0,20.0,1.0,0.0,111.0,1.0,55.0
11.0,22.0,11.0,21.0,-121.0,21.0,13.0,-111.0,10.003915872382853,9.0,11.0,30000.0,10000.0,19000.0,0.0,25.06757251060245,16.5,19.0,0.0,10000.0,36547.61676090337,25000.0,0.0,26.376300836630914,17.0,20.0,0.0,121.0,9.9825745491816,9.0,11.0,1.0,12814.749694756254,10000.0,19000.0,1.0,16.5,17.041031731425626,19.0,1.0,19262.260702879117,10000.0,25000.0,1.0,18.329751061960565,17.0,20.0,1.0,0.0,211.0,1.0,58.0
11.0,22.0,11.0,22.0,-121.0,11.0,11.0,-111.0,9.990223281372808,9.0,11.0,30000.0,10000.0,19000.0,0.0,25.60198796456197,16.5,19.0,0.0,10000.0,36583.9828535144,25000.0,0.0,26.91818833629271,17.0,20.0,0.0,121.0,9.991616110090751,9.0,11.0,1.0,18552.010287685665,10000.0,19000.0,1.0,16.5,18.223007532999574,19.0,1.0,25089.772226601377,10000.0,25000.0,0.0,19.52996790725006,17.0,20.0,1.0,0.0,111.0,1.0,15.0
11.0,22.0,11.0,21.0,-121.0,11.0,11.0,-111.0,9.987482414592497,9.0,11.0,30000.0,10000.0,19000.0,0.0,24.926273206581726,16.5,19.0,0.0,10000.0,36455.91434027602,25000.0,0.0,26.217040607062298,17.0,20.0,0.0,121.0,10.015633483550717,9.0,11.0,1.0,13347.996593274962,10000.0,19000.0,1.0,16.5,17.151948954649175,19.0,1.0,19843.130889977776,10000.0,25000.0,1.0,18.450557822431776,17.0,20.0,1.0,0.0,111.0,1.0,1.0
11.0,22.0,11.0,22.0,-121.0,11.0,12.0,-111.0,10.191228121171196,9.0,11.0,30000.0,10000.0,19000.0,0.0,23.61474799336068,16.5,19.0,0.0,10000.0,36944.09207377458,25000.0,0.0,24.926805497871413,17.0,20.0,0.0,122.0,10.202097873498905,9.0,11.0,1.0,17535.184805969544,10000.0,19000.0,1.0,16.5,18.08048060552454,19.0,1.0,24445.922847264614,10000.0,25000.0,1.0,19.386236003416364,17.0,20.0,1.0,0.0,111.0,1.0,14.0
11.0,22.0,11.0,22.0,-121.0,21.0,13.0,-111.0,10.009958883293582,9.0,11.0,30000.0,10000.0,19000.0,0.0,26.88366369863315,16.5,19.0,0.0,10000.0,36512.39746526405,25000.0,0.0,28.187441935222857,17.0,20.0,0.0,121.0,10.00664336251585,9.0,11.0,1.0,16224.627063587286,10000.0,19000.0,1.0,16.5,17.782235722755654,19.0,1.0,22668.90380180298,10000.0,25000.0,1.0,19.072376228868983,17.0,20.0,1.0,0.0,211.0,1.0,41.0
11.0,22.0,11.0,22.0,-121.0,21.0,12.0,-111.0,10.192517865128236,9.0,11.0,30000.0,10000.0,19000.0,0.0,23.65197277642801,16.5,19.0,0.0,10000.0,37111.6395101911,25000.0,0.0,24.99787604971919,17.0,20.0,0.0,122.0,10.212398407258092,9.0,11.0,1.0,14803.905219219745,10000.0,19000.0,1.0,16.5,17.511323505176907,19.0,1.0,21997.64529530797,10000.0,25000.0,1.0,18.87276460490342,17.0,20.0,1.0,0.0,211.0,1.0,48.0
11.0,22.0,11.0,22.0,-121.0,21.0,13.0,-111.0,10.006256837990417,9.0,11.0,30000.0,10000.0,19000.0,0.0,25.032178711173813,16.5,19.0,0.0,10000.0,36406.84342312484,25000.0,0.0,26.30925904182068,17.0,20.0,0.0,121.0,10.017217749274309,9.0,11.0,1.0,14355.709521905192,10000.0,19000.0,1.0,16.5,17.40529343005333,19.0,1.0,20773.387781403595,10000.0,25000.0,1.0,18.684533475789927,17.0,20.0,1.0,0.0,211.0,1.0,21.0
91.0,24.0,91.0,21.0,-721.0,911.0,11.0,-711.0,13.853967967196827,12.0,17.0,30000.0,18000.0,36000.0,1.0,23.213625695301836,20.0,25.0,1.0,18000.0,34487.821343357835,36000.0,1.0,23.775469154438312,20.0,26.0,1.0,721.0,14.074288155859408,12.0,17.0,1.0,25516.052012598466,18000.0,36000.0,1.0,20.0,22.145775116785902,25.0,1.0,29995.766044727192,18000.0,36000.0,1.0,22.70660359795495,20.0,26.0,1.0,1.0,91121.0,7.0,2.0
11.0,21.0,11.0,22.0,-121.0,21.0,12.0,-111.0,10.203606366330003,9.0,11.0,30000.0,10000.0,19000.0,0.0,25.537197796089227,16.5,19.0,0.0,10000.0,37046.62663106409,25000.0,0.0,26.867542714667344,17.0,20.0,0.0,122.0,10.189273853534925,9.0,11.0,1.0,15641.898128516208,10000.0,19000.0,1.0,16.5,17.681264197051867,19.0,1.0,22421.6910699991,10000.0,25000.0,1.0,18.9612331184862,17.0,20.0,1.0,0.0,211.0,1.0,37.0
11.0,21.0,11.0,22.0,-121.0,21.0,13.0,-111.0,10.00883326354098,9.0,11.0,30000.0,10000.0,19000.0,0.0,27.206264621582,16.5,19.0,0.0,10000.0,36492.006342548564,25000.0,0.0,28.498473835478695,17.0,20.0,0.0,121.0,10.00930024909158,9.0,11.0,1.0,13031.687278831118,10000.0,19000.0,1.0,16.5,17.1351693745072,19.0,1.0,19608.23796004715,10000.0,25000.0,1.0,18.444206818021122,17.0,20.0,1.0,0.0,211.0,1.0,24.0
11.0,22.0,11.0,22.0,-121.0,21.0,13.0,-111.0,9.990842002171641,9.0,11.0,30000.0,10000.0,19000.0,0.0,25.8833737164762,16.5,19.0,0.0,10000.0,36471.23492534414,25000.0,0.0,27.176837637933243,17.0,20.0,0.0,121.0,9.99884408077919,9.0,11.0,1.0,14699.947162767894,10000.0,19000.0,1.0,16.5,17.472821067387148,19.0,1.0,21223.14330477509,10000.0,25000.0,1.0,18.776670944514795,17.0,20.0,1.0,0.0,211.0,1.0,28.0
91.0,24.0,91.0,24.0,-721.0,911.0,11.0,-711.0,15.068119603173372,12.0,17.0,30000.0,18000.0,36000.0,1.0,23.937986438034777,20.0,25.0,1.0,18000.0,33988.41082528836,36000.0,1.0,24.423260019868888,20.0,26.0,1.0,722.0,14.829455260522087,12.0,17.0,1.0,21506.20484577173,18000.0,36000.0,1.0,20.0,22.44709549178689,25.0,1.0,25518.11883170685,18000.0,36000.0,1.0,22.935228724607594,20.0,26.0,1.0,1.0,91121.0,7.0,16.0
11.0,22.0,11.0,22.0,-121.0,21.0,13.0,-111.0,9.997645177724596,9.0,11.0,30000.0,10000.0,19000.0,0.0,25.974336214993066,16.5,19.0,0.0,10000.0,36471.57300195753,25000.0,0.0,27.276814227947895,17.0,20.0,0.0,121.0,9.972699009062213,9.0,11.0,1.0,16350.001436064975,10000.0,19000.0,1.0,16.5,17.773758109969595,19.0,1.0,22835.93066015095,10000.0,25000.0,1.0,19.079125476666665,17.0,20.0,1.0,0.0,211.0,1.0,41.0
11.0,22.0,11.0,22.0,-121.0,11.0,11.0,-111.0,10.005890544234518,9.0,11.0,30000.0,10000.0,19000.0,0.0,25.327526359602814,16.5,19.0,0.0,10000.0,36435.17077898659,25000.0,0.0,26.619015112472823,17.0,20.0,0.0,121.0,9.96774112632156,9.0,11.0,1.0,16406.412024355304,10000.0,19000.0,1.0,16.5,17.758026467224006,19.0,1.0,22942.816346671258,10000.0,25000.0,1.0,19.06983200532215,17.0,20.0,1.0,0.0,111.0,1.0,30.0
11.0,21.0,11.0,22.0,-121.0,11.0,11.0,-111.0,10.188320658731358,9.0,11.0,30000.0,10000.0,19000.0,0.0,24.963673526578404,16.5,19.0,0.0,10000.0,36872.84669936195,25000.0,0.0,26.259006033981155,17.0,20.0,0.0,122.0,10.202313351204698,9.0,11.0,1.0,16373.38386421965,10000.0,19000.0,1.0,16.5,17.82831878384786,19.0,1.0,23191.503214391203,10000.0,25000.0,1.0,19.1133367712924,17.0,20.0,1.0,0.0,111.0,1.0,35.0
11.0,22.0,11.0,21.0,-121.0,11.0,12.0,-111.0,10.18789878559092,9.0,11.0,30000.0,10000.0,19000.0,0.0,24.001113157005776,16.5,19.0,0.0,10000.0,36827.2547128575,25000.0,0.0,25.291174858326208,17.0,20.0,0.0,122.0,10.202421786034666,9.0,11.0,1.0,13678.449906837019,10000.0,19000.0,1.0,16.5,17.249265650288063,19.0,1.0,20734.513944403472,10000.0,25000.0,1.0,18.582562613676,17.0,20.0,1.0,0.0,111.0,1.0,46.0
92.0,24.0,92.0,24.0,-721.0,921.0,13.0,-711.0,15.086803592710549,12.0,17.0,30000.0,15000.0,28000.0,0.0,24.411469795236645,19.5,25.0,1.0,15000.0,33901.88916271752,28000.0,0.0,24.88553869597172,20.0,26.0,1.0,722.0,15.238070754950265,12.0,17.0,1.0,20247.40548171357,15000.0,28000.0,1.0,19.5,21.72347028432277,25.0,1.0,24205.99259161531,15000.0,28000.0,1.0,22.204427831140464,20.0,26.0,1.0,0.0,92122.0,7.0,20.0
11.0,21.0,11.0,22.0,-121.0,21.0,13.0,-111.0,9.995454672975743,9.0,11.0,30000.0,10000.0,19000.0,0.0,26.794279681567858,16.5,19.0,0.0,10000.0,36583.312303215454,25000.0,0.0,28.11804236754464,17.0,20.0,0.0,121.0,9.970532919425342,9.0,11.0,1.0,15016.169555119146,10000.0,19000.0,1.0,16.5,17.526972228343872,19.0,1.0,21560.87377608639,10000.0,25000.0,1.0,18.842971658332882,17.0,20.0,1.0,0.0,211.0,1.0,32.0
11.0,22.0,11.0,22.0,-121.0,21.0,13.0,-111.0,10.172166162433482,9.0,11.0,30000.0,10000.0,19000.0,0.0,24.927026577141692,16.5,19.0,0.0,10000.0,37099.12610456234,25000.0,0.0,26.263227569975157,17.0,20.0,0.0,122.0,10.191725515177291,9.0,11.0,1.0,14936.933743944717,10000.0,19000.0,1.0,16.5,17.555616407384264,19.0,1.0,21898.123034942364,10000.0,25000.0,1.0,18.865854865601673,17.0,20.0,1.0,0.0,211.0,1.0,13.0
91.0,24.0,91.0,24.0,-721.0,911.0,12.0,-711.0,14.881039712026801,12.0,17.0,30000.0,18000.0,36000.0,1.0,24.475250931027613,20.0,25.0,1.0,18000.0,34046.797542329274,36000.0,1.0,24.96780479097533,20.0,26.0,1.0,722.0,15.065891627984248,12.0,17.0,1.0,28476.1930866069,18000.0,36000.0,1.0,20.0,23.58950096860532,25.0,1.0,32447.89382438697,18000.0,36000.0,1.0,24.072914460011358,20.0,26.0,1.0,1.0,91121.0,7.0,1.0
11.0,22.0,11.0,22.0,-121.0,11.0,11.0,-111.0,10.012451496373162,9.0,11.0,30000.0,10000.0,19000.0,0.0,24.74159685620161,16.5,19.0,0.0,10000.0,36437.7807885942,25000.0,0.0,26.026203535217373,17.0,20.0,0.0,121.0,10.010799522455544,9.0,11.0,1.0,17000.01563700092,10000.0,19000.0,1.0,16.5,17.954201881424353,19.0,1.0,23571.08187999981,10000.0,25000.0,1.0,19.265404586394784,17.0,20.0,1.0,0.0,111.0,1.0,15.0
11.0,21.0,11.0,22.0,-121.0,11.0,11.0,-111.0,10.002867269333986,9.0,11.0,30000.0,10000.0,19000.0,0.0,25.725378771159058,16.5,19.0,0.0,10000.0,36498.496549351905,25000.0,0.0,27.03130200862787,17.0,20.0,0.0,121.0,9.998569442244245,9.0,11.0,1.0,16230.852798763874,10000.0,19000.0,1.0,16.5,17.806229548946884,19.0,1.0,22646.065747936183,10000.0,25000.0,1.0,19.095416301607457,17.0,20.0,1.0,0.0,111.0,1.0,43.0
11.0,22.0,11.0,22.0,-121.0,21.0,12.0,-111.0,10.003141022249103,9.0,11.0,30000.0,10000.0,19000.0,0.0,25.814971285159377,16.5,19.0,0.0,10000.0,36590.23386731628,25000.0,0.0,27.131517040242624,17.0,20.0,0.0,121.0,9.997641948452703,9.0,11.0,1.0,15988.616098197263,10000.0,19000.0,1.0,16.5,17.711854717860238,19.0,1.0,22402.707743205036,10000.0,25000.0,1.0,18.993212147348352,17.0,20.0,1.0,0.0,211.0,1.0,25.0
81.0,23.0,81.0,21.0,-721.0,912.0,12.0,-711.0,14.673490884342243,12.0,17.0,30000.0,12500.0,23000.0,0.0,26.548717293808004,20.0,24.0,0.0,12500.0,34464.355060219284,26000.0,0.0,27.105678254202683,20.0,25.0,0.0,721.0,14.467739829133958,12.0,17.0,1.0,11614.44127498599,12500.0,23000.0,0.0,20.0,20.364784721516397,24.0,1.0,16101.77137626725,12500.0,26000.0,1.0,20.924611986396805,20.0,25.0,1.0,0.0,912.0,7.0,30.0
11.0,21.0,11.0,22.0,-121.0,21.0,13.0,-111.0,10.208038110750307,9.0,11.0,30000.0,10000.0,19000.0,0.0,27.407884298906772,16.5,19.0,0.0,10000.0,37065.601000559145,25000.0,0.0,28.733550642838384,17.0,20.0,0.0,122.0,10.215548197723832,9.0,11.0,1.0,12443.966805949602,10000.0,19000.0,1.0,16.5,17.0680133438923,19.0,1.0,19610.275097145484,10000.0,25000.0,1.0,18.412574650301284,17.0,20.0,1.0,0.0,211.0,1.0,59.0
11.0,22.0,11.0,22.0,-121.0,11.0,12.0,-111.0,10.004138162773154,9.0,11.0,30000.0,10000.0,19000.0,0.0,23.86103208109276,16.5,19.0,0.0,10000.0,36514.77356511481,25000.0,0.0,25.15936325263799,17.0,20.0,0.0,121.0,10.011726920486003,9.0,11.0,1.0,15581.098278600432,10000.0,19000.0,1.0,16.5,17.677072257580676,19.0,1.0,22166.444030361836,10000.0,25000.0,1.0,18.989467781302018,17.0,20.0,1.0,0.0,111.0,1.0,14.0
11.0,21.0,11.0,21.0,-121.0,21.0,13.0,-111.0,9.992165594663478,9.0,11.0,30000.0,10000.0,19000.0,0.0,29.680032156601854,16.5,19.0,0.0,10000.0,36491.16232937897,25000.0,0.0,30.983355327575484,17.0,20.0,0.0,121.0,9.99603785906985,9.0,11.0,1.0,12735.58594063398,10000.0,19000.0,1.0,16.5,17.047769536759112,19.0,1.0,19148.339908369064,10000.0,25000.0,1.0,18.33534954351298,17.0,20.0,1.0,0.0,211.0,1.0,34.0
11.0,22.0,11.0,22.0,-121.0,11.0,11.0,-111.0,10.01486936352632,9.0,11.0,30000.0,10000.0,19000.0,0.0,23.57955019919593,16.5,19.0,0.0,10000.0,36494.42679990143,25000.0,0.0,24.87741168733275,17.0,20.0,0.0,121.0,9.998283939692236,9.0,11.0,1.0,15984.704176216992,10000.0,19000.0,1.0,16.5,17.740238140421773,19.0,1.0,22519.161838558306,10000.0,25000.0,1.0,19.046099490024183,17.0,20.0,1.0,0.0,111.0,1.0,44.0
11.0,22.0,11.0,22.0,-121.0,11.0,11.0,-111.0,10.198564954833056,9.0,11.0,30000.0,10000.0,19000.0,0.0,23.732454402912076,16.5,19.0,0.0,10000.0,36948.467004334794,25000.0,0.0,25.04617715031246,17.0,20.0,0.0,122.0,10.200229201349792,9.0,11.0,1.0,16895.078624993905,10000.0,19000.0,1.0,16.5,17.956579436936302,19.0,1.0,23905.924267020422,10000.0,25000.0,1.0,19.28209589872525,17.0,20.0,1.0,0.0,111.0,1.0,27.0
11.0,22.0,11.0,21.0,-121.0,11.0,11.0,-111.0,10.21698507993329,9.0,11.0,30000.0,10000.0,19000.0,0.0,24.695482955593462,16.5,19.0,0.0,10000.0,37076.088303587676,25000.0,0.0,26.03465554934967,17.0,20.0,0.0,122.0,10.201753020384832,9.0,11.0,1.0,16008.31302863031,10000.0,19000.0,1.0,16.5,17.705578001813926,19.0,1.0,22892.80308303197,10000.0,25000.0,1.0,19.008490007330792,17.0,20.0,1.0,0.0,111.0,1.0,1.0
11.0,22.0,11.0,22.0,-121.0,21.0,13.0,-111.0,9.996806372102425,9.0,11.0,30000.0,10000.0,19000.0,0.0,28.238219131365597,16.5,19.0,0.0,10000.0,36442.36611374048,25000.0,0.0,29.528430197136856,17.0,20.0,0.0,121.0,9.992141273214635,9.0,11.0,1.0,14405.818812935478,10000.0,19000.0,1.0,16.5,17.362640849276545,19.0,1.0,20908.229135466077,10000.0,25000.0,1.0,18.664876953868752,17.0,20.0,1.0,0.0,211.0,1.0,21.0
11.0,21.0,11.0,22.0,-121.0,21.0,13.0,-111.0,10.173506000617662,9.0,11.0,30000.0,10000.0,19000.0,0.0,26.570843699353787,16.5,19.0,0.0,10000.0,36913.69312792242,25000.0,0.0,27.877150743567718,17.0,20.0,0.0,122.0,10.182903311894254,9.0,11.0,1.0,15179.94647011314,10000.0,19000.0,1.0,16.5,17.619238484894982,19.0,1.0,22100.99297714827,10000.0,25000.0,1.0,18.92693491257676,17.0,20.0,1.0,0.0,211.0,1.0,24.0
81.0,23.0,81.0,21.0,-721.0,912.0,12.0,-711.0,15.437071860234017,12.0,17.0,30000.0,12500.0,23000.0,0.0,26.061360729395197,20.0,24.0,0.0,12500.0,34087.95818164414,26000.0,0.0,26.558056022878947,20.0,25.0,0.0,722.0,15.271189482954966,12.0,17.0,1.0,16933.38559352967,12500.0,23000.0,1.0,20.0,21.78103938025145,24.0,1.0,20887.86020025741,12500.0,26000.0,1.0,22.261516145934188,20.0,25.0,1.0,0.0,912.0,7.0,11.0
91.0,24.0,91.0,24.0,-721.0,911.0,12.0,-711.0,15.07908933602209,12.0,17.0,30000.0,18000.0,36000.0,1.0,25.301101878389453,20.0,25.0,0.0,18000.0,34490.522261733495,36000.0,1.0,25.864879797213092,20.0,26.0,1.0,721.0,14.271536185426093,12.0,17.0,1.0,25630.883884192055,18000.0,36000.0,1.0,20.0,22.466763738511712,25.0,1.0,30141.18306426063,18000.0,36000.0,1.0,23.033024617937663,20.0,26.0,1.0,0.0,91121.0,7.0,13.0
91.0,24.0,91.0,21.0,-721.0,911.0,12.0,-711.0,14.633862495031167,12.0,17.0,30000.0,18000.0,36000.0,1.0,24.609162493853333,20.0,25.0,1.0,18000.0,34538.64242422882,36000.0,1.0,25.1753528985401,20.0,26.0,1.0,721.0,15.342980248260021,12.0,17.0,1.0,26263.179653345192,18000.0,36000.0,1.0,20.0,23.632480592294826,25.0,1.0,30800.114064082285,18000.0,36000.0,1.0,24.198457924269604,20.0,26.0,1.0,1.0,91121.0,7.0,29.0
91.0,24.0,91.0,24.0,-721.0,911.0,12.0,-711.0,14.761024728147168,12.0,17.0,30000.0,18000.0,36000.0,1.0,24.19221295268244,20.0,25.0,1.0,18000.0,34449.4514997713,36000.0,1.0,24.745682378432328,20.0,26.0,1.0,721.0,13.972018753433087,12.0,17.0,1.0,23320.0740659904,18000.0,36000.0,1.0,20.0,21.91475868234614,25.0,1.0,27763.481533204045,18000.0,36000.0,1.0,22.467476287960654,20.0,26.0,1.0,1.0,91121.0,7.0,32.0
11.0,22.0,11.0,22.0,-121.0,11.0,12.0,-111.0,10.193664799310984,9.0,11.0,30000.0,10000.0,19000.0,0.0,23.74858485945468,16.5,19.0,0.0,10000.0,37020.39404354753,25000.0,0.0,25.07183983676829,17.0,20.0,0.0,122.0,10.196753990386167,9.0,11.0,1.0,15219.962139058971,10000.0,19000.0,1.0,16.5,17.562599878150838,19.0,1.0,22259.440264178425,10000.0,25000.0,1.0,18.889451962089925,17.0,20.0,1.0,0.0,111.0,1.0,49.0
81.0,21.0,81.0,23.0,-721.0,912.0,12.0,-711.0,15.275668206473124,12.0,17.0,30000.0,12500.0,23000.0,0.0,27.481925197902243,20.0,24.0,0.0,12500.0,33971.378994830906,26000.0,0.0,27.96514991176992,20.0,25.0,0.0,722.0,14.91948145631368,12.0,17.0,1.0,16144.856761979689,12500.0,23000.0,1.0,20.0,21.47886647179137,24.0,1.0,20269.562260511222,12500.0,26000.0,1.0,21.980747464995645,20.0,25.0,1.0,0.0,912.0,7.0,7.0
81.0,23.0,81.0,23.0,-721.0,912.0,12.0,-711.0,15.178039873448162,12.0,17.0,30000.0,12500.0,23000.0,0.0,26.11787764383839,20.0,24.0,0.0,12500.0,34033.95170359308,26000.0,0.0,26.607475814650048,20.0,25.0,0.0,722.0,15.158904043498133,12.0,17.0,1.0,18029.52311878461,12500.0,23000.0,1.0,20.0,21.961224535228503,24.0,1.0,22048.080969039005,12500.0,26000.0,1.0,22.448954363781713,20.0,25.0,1.0,0.0,912.0,7.0,5.0
11.0,22.0,11.0,22.0,-121.0,11.0,11.0,-111.0,10.221520390221746,9.0,11.0,30000.0,10000.0,19000.0,0.0,23.985764879298134,16.5,19.0,0.0,10000.0,37075.81383618384,25000.0,0.0,25.32389622658988,17.0,20.0,0.0,122.0,10.192525966355944,9.0,11.0,1.0,17640.235169974447,10000.0,19000.0,1.0,16.5,18.074940054873863,19.0,1.0,24680.793291476883,10000.0,25000.0,1.0,19.406404073420315,17.0,20.0,1.0,0.0,111.0,1.0,44.0
11.0,22.0,11.0,21.0,-121.0,11.0,11.0,-111.0,10.22516209766739,9.0,11.0,30000.0,10000.0,19000.0,0.0,24.176080271052527,16.5,19.0,0.0,10000.0,36964.25548736478,25000.0,0.0,25.48951965901038,17.0,20.0,0.0,122.0,10.217652040354157,9.0,11.0,1.0,13507.355906067394,10000.0,19000.0,1.0,16.5,17.238922404301842,19.0,1.0,20537.761900791105,10000.0,25000.0,1.0,18.564837595603823,17.0,20.0,1.0,0.0,111.0,1.0,39.0
81.0,21.0,81.0,23.0,-721.0,912.0,12.0,-711.0,15.426049264764373,12.0,17.0,30000.0,12500.0,23000.0,0.0,27.861922139510078,20.0,24.0,0.0,12500.0,34020.95448001996,26000.0,0.0,28.354446705954302,20.0,25.0,0.0,722.0,15.20350107755977,12.0,17.0,1.0,17425.601052620827,12500.0,23000.0,1.0,20.0,21.890368495949083,24.0,1.0,21405.602577603477,12500.0,26000.0,1.0,22.377876756806018,20.0,25.0,1.0,0.0,912.0,7.0,7.0
11.0,21.0,11.0,22.0,-121.0,21.0,13.0,-111.0,9.993548711834968,9.0,11.0,30000.0,10000.0,19000.0,0.0,27.12124292099481,16.5,19.0,0.0,10000.0,36519.738652166474,25000.0,0.0,28.419669307189697,17.0,20.0,0.0,121.0,9.99616971046291,9.0,11.0,1.0,15945.85704812444,10000.0,19000.0,1.0,16.5,17.674601692983266,19.0,1.0,22336.41895257349,10000.0,25000.0,1.0,18.94730212501534,17.0,20.0,1.0,0.0,211.0,1.0,59.0
11.0,21.0,11.0,21.0,-121.0,21.0,13.0,-111.0,10.177686740568028,9.0,11.0,30000.0,10000.0,19000.0,0.0,26.00777489957253,16.5,19.0,0.0,10000.0,36938.66885570676,25000.0,0.0,27.31920535724793,17.0,20.0,0.0,122.0,10.202801933153207,9.0,11.0,1.0,14968.118919994233,10000.0,19000.0,1.0,16.5,17.528606556909622,19.0,1.0,22122.69955632878,10000.0,25000.0,1.0,18.880845027069046,17.0,20.0,1.0,0.0,211.0,1.0,34.0
11.0,22.0,11.0,21.0,-121.0,21.0,13.0,-111.0,10.179545016033567,9.0,11.0,30000.0,10000.0,19000.0,0.0,26.563556963152344,16.5,19.0,0.0,10000.0,36888.9668494777,25000.0,0.0,27.86073622082444,17.0,20.0,0.0,122.0,10.193530389101458,9.0,11.0,1.0,12149.51986887623,10000.0,19000.0,1.0,16.5,16.959233648370763,19.0,1.0,18907.517400896548,10000.0,25000.0,1.0,18.23175163451851,17.0,20.0,1.0,0.0,211.0,1.0,2.0
91.0,24.0,91.0,21.0,-721.0,911.0,11.0,-711.0,15.002783342115833,12.0,17.0,30000.0,18000.0,36000.0,1.0,24.40516042792596,20.0,25.0,1.0,18000.0,34446.110155168724,36000.0,1.0,24.96369081028985,20.0,26.0,1.0,721.0,13.77725562229778,12.0,17.0,1.0,25576.321729880416,18000.0,36000.0,1.0,20.0,21.90771326400447,25.0,1.0,30060.09891412589,18000.0,36000.0,1.0,22.47097546348906,20.0,26.0,1.0,1.0,91121.0,7.0,3.0
11.0,22.0,11.0,22.0,-121.0,21.0,13.0,-111.0,10.181040648486826,9.0,11.0,30000.0,10000.0,19000.0,0.0,25.976946533912862,16.5,19.0,0.0,10000.0,37070.25608775982,25000.0,0.0,27.31640324541884,17.0,20.0,0.0,122.0,10.200257724325803,9.0,11.0,1.0,13239.91365238147,10000.0,19000.0,1.0,16.5,17.16260992291852,19.0,1.0,20104.844025198992,10000.0,25000.0,1.0,18.463167773688696,17.0,20.0,1.0,0.0,211.0,1.0,13.0
11.0,21.0,11.0,21.0,-121.0,21.0,12.0,-111.0,10.013326047434669,9.0,11.0,30000.0,10000.0,19000.0,0.0,26.28172468288774,16.5,19.0,0.0,10000.0,36522.102408283645,25000.0,0.0,27.584143779011107,17.0,20.0,0.0,121.0,9.990625234102662,9.0,11.0,1.0,12800.19560510352,10000.0,19000.0,1.0,16.5,17.074413939750652,19.0,1.0,19252.632673949272,10000.0,25000.0,1.0,18.362921345633367,17.0,20.0,1.0,0.0,211.0,1.0,6.0
11.0,22.0,11.0,22.0,-121.0,11.0,11.0,-111.0,9.99691846552974,9.0,11.0,30000.0,10000.0,19000.0,0.0,24.276208489925082,16.5,19.0,0.0,10000.0,36480.680097639866,25000.0,0.0,25.567849759028082,17.0,20.0,0.0,121.0,9.99812769382018,9.0,11.0,1.0,16470.135161576003,10000.0,19000.0,1.0,16.5,17.837394307128267,19.0,1.0,22991.827979846355,10000.0,25000.0,1.0,19.13720967551196,17.0,20.0,1.0,0.0,111.0,1.0,11.0
91.0,24.0,91.0,21.0,-721.0,911.0,12.0,-711.0,15.34894072637634,12.0,17.0,30000.0,18000.0,36000.0,1.0,24.90095043184484,20.0,25.0,1.0,18000.0,33999.43278526094,36000.0,1.0,25.387196670560265,20.0,26.0,1.0,722.0,15.14376078531643,12.0,17.0,1.0,25529.417149223824,18000.0,36000.0,1.0,20.0,23.238017645692185,25.0,1.0,29553.264155657253,18000.0,36000.0,1.0,23.727232136120712,20.0,26.0,1.0,1.0,91121.0,7.0,29.0
11.0,22.0,11.0,22.0,-121.0,11.0,11.0,-111.0,9.993518213305977,9.0,11.0,30000.0,10000.0,19000.0,0.0,26.469909032541736,16.5,19.0,0.0,10000.0,36425.08254868561,25000.0,0.0,27.750684727094626,17.0,20.0,0.0,121.0,10.015670216598282,9.0,11.0,1.0,16787.154821255535,10000.0,19000.0,1.0,16.5,17.918766795052417,19.0,1.0,23261.479173965632,10000.0,25000.0,1.0,19.209358348821528,17.0,20.0,1.0,0.0,111.0,1.0,38.0
11.0,21.0,11.0,22.0,-121.0,21.0,13.0,-111.0,10.190952426070384,9.0,11.0,30000.0,10000.0,19000.0,0.0,27.026451684069713,16.5,19.0,0.0,10000.0,37094.44183435417,25000.0,0.0,28.368791165254308,17.0,20.0,0.0,122.0,10.224386895598375,9.0,11.0,1.0,13511.085618405587,10000.0,19000.0,1.0,16.5,17.31435454504841,19.0,1.0,20519.726337421358,10000.0,25000.0,1.0,18.64045959548601,17.0,20.0,1.0,0.0,211.0,1.0,52.0
11.0,22.0,11.0,22.0,-121.0,21.0,13.0,-111.0,10.205630992310212,9.0,11.0,30000.0,10000.0,19000.0,0.0,26.18235419089416,16.5,19.0,0.0,10000.0,37065.17508583999,25000.0,0.0,27.51788766253224,17.0,20.0,0.0,122.0,10.226251096683304,9.0,11.0,1.0,13346.879653196856,10000.0,19000.0,1.0,16.5,17.26256577762844,19.0,1.0,20389.167370611296,10000.0,25000.0,1.0,18.593772838917353,17.0,20.0,1.0,0.0,211.0,1.0,13.0
11.0,22.0,11.0,22.0,-121.0,21.0,13.0,-111.0,9.981946261446593,9.0,11.0,30000.0,10000.0,19000.0,0.0,25.439087975856218,16.5,19.0,0.0,10000.0,36486.92285883677,25000.0,0.0,26.741365793969738,17.0,20.0,0.0,121.0,9.997600276096282,9.0,11.0,1.0,13972.064172947768,10000.0,19000.0,1.0,16.5,17.323812688346777,19.0,1.0,20385.86919739692,10000.0,25000.0,1.0,18.611411784991954,17.0,20.0,1.0,0.0,211.0,1.0,13.0
11.0,22.0,11.0,22.0,-121.0,11.0,12.0,-111.0,10.000760018322396,9.0,11.0,30000.0,10000.0,19000.0,0.0,24.842573834490686,16.5,19.0,0.0,10000.0,36552.393291573586,25000.0,0.0,26.15675629243723,17.0,20.0,0.0,121.0,10.002937082500408,9.0,11.0,1.0,15277.817844267092,10000.0,19000.0,1.0,16.5,17.59747383257499,19.0,1.0,21821.141070165184,10000.0,25000.0,1.0,18.909837150449697,17.0,20.0,1.0,0.0,111.0,1.0,42.0
11.0,22.0,11.0,22.0,-121.0,21.0,13.0,-111.0,9.979965075565593,9.0,11.0,30000.0,10000.0,19000.0,0.0,25.22850143267719,16.5,19.0,0.0,10000.0,36483.8382893355,25000.0,0.0,26.52648117112884,17.0,20.0,0.0,121.0,10.005851549138148,9.0,11.0,1.0,14610.079336706885,10000.0,19000.0,1.0,16.5,17.479801537389854,19.0,1.0,21098.94912712378,10000.0,25000.0,1.0,18.778788516640272,17.0,20.0,1.0,0.0,211.0,1.0,36.0
11.0,22.0,11.0,22.0,-121.0,21.0,12.0,-111.0,9.987569842766371,9.0,11.0,30000.0,10000.0,19000.0,0.0,24.124722240126594,16.5,19.0,0.0,10000.0,36499.85889224118,25000.0,0.0,25.424936683195572,17.0,20.0,0.0,121.0,10.01263978343375,9.0,11.0,1.0,15571.619128749828,10000.0,19000.0,1.0,16.5,17.672604218668425,19.0,1.0,22070.16643282688,10000.0,25000.0,1.0,18.97255629513797,17.0,20.0,1.0,0.0,211.0,1.0,23.0
11.0,22.0,11.0,22.0,-121.0,21.0,12.0,-111.0,10.006680929445254,9.0,11.0,30000.0,10000.0,19000.0,0.0,25.641698445810558,16.5,19.0,0.0,10000.0,36536.454212897435,25000.0,0.0,26.942975710033483,17.0,20.0,0.0,121.0,10.001611641209557,9.0,11.0,1.0,14951.83369835548,10000.0,19000.0,1.0,16.5,17.48629414208272,19.0,1.0,21457.882149547575,10000.0,25000.0,1.0,18.78151822745365,17.0,20.0,1.0,0.0,211.0,1.0,25.0
11.0,22.0,11.0,22.0,-121.0,21.0,13.0,-111.0,10.1743645421047,9.0,11.0,30000.0,10000.0,19000.0,0.0,27.14140577422291,16.5,19.0,0.0,10000.0,37013.810683710406,25000.0,0.0,28.46255432006132,17.0,20.0,0.0,122.0,10.210508440465851,9.0,11.0,1.0,18164.66070688182,10000.0,19000.0,1.0,16.5,18.184649296405567,19.0,1.0,25233.133849985825,10000.0,25000.0,0.0,19.516094274810587,17.0,20.0,1.0,0.0,211.0,1.0,3.0
11.0,21.0,11.0,22.0,-121.0,11.0,11.0,-111.0,10.004174909296607,9.0,11.0,30000.0,10000.0,19000.0,0.0,26.200454130500304,16.5,19.0,0.0,10000.0,36495.773155215094,25000.0,0.0,27.495980831486794,17.0,20.0,0.0,121.0,9.97640774920261,9.0,11.0,1.0,15244.973083405186,10000.0,19000.0,1.0,16.5,17.550007298151154,19.0,1.0,21744.158174930355,10000.0,25000.0,1.0,18.846214480811824,17.0,20.0,1.0,0.0,111.0,1.0,29.0
11.0,22.0,11.0,21.0,-121.0,21.0,13.0,-111.0,10.1805688299946,9.0,11.0,30000.0,10000.0,19000.0,0.0,24.563889488392057,16.5,19.0,0.0,10000.0,36847.53849997094,25000.0,0.0,25.8578138719129,17.0,20.0,0.0,122.0,10.208536004547556,9.0,11.0,1.0,11200.69064644382,10000.0,19000.0,1.0,16.5,16.787246711296007,19.0,1.0,18151.79755441062,10000.0,25000.0,1.0,18.100741585507606,17.0,20.0,1.0,0.0,211.0,1.0,33.0
11.0,22.0,11.0,22.0,-121.0,21.0,13.0,-111.0,9.998428326896102,9.0,11.0,30000.0,10000.0,19000.0,0.0,25.74889699909123,16.5,19.0,0.0,10000.0,36577.76903645284,25000.0,0.0,27.059798022418036,17.0,20.0,0.0,121.0,9.992056941605476,9.0,11.0,1.0,14211.014127978422,10000.0,19000.0,1.0,16.5,17.331182916336655,19.0,1.0,20744.183506947556,10000.0,25000.0,1.0,18.633195555727905,17.0,20.0,1.0,0.0,211.0,1.0,3.0
81.0,23.0,81.0,23.0,-721.0,912.0,11.0,-711.0,14.616329484552631,12.0,17.0,30000.0,12500.0,23000.0,0.0,26.18960195295616,20.0,24.0,0.0,12500.0,34446.360815468375,26000.0,0.0,26.745662226138737,20.0,25.0,0.0,721.0,14.843259270140342,12.0,17.0,1.0,17744.02568187218,12500.0,23000.0,1.0,20.0,21.61580825578841,24.0,1.0,22259.361840952726,12500.0,26000.0,1.0,22.180494560461373,20.0,25.0,1.0,0.0,912.0,7.0,17.0
92.0,24.0,92.0,24.0,-721.0,921.0,13.0,-711.0,15.25070725561306,12.0,17.0,30000.0,15000.0,28000.0,0.0,24.549102064334843,19.5,25.0,1.0,15000.0,34464.7637157205,28000.0,0.0,25.10674599904349,20.0,26.0,1.0,721.0,15.082300244443998,12.0,17.0,1.0,20555.442431348314,15000.0,28000.0,1.0,19.5,21.718742198539704,25.0,1.0,25079.009170589725,15000.0,28000.0,1.0,22.28373056433067,20.0,26.0,1.0,0.0,92122.0,7.0,22.0
81.0,23.0,81.0,21.0,-721.0,912.0,11.0,-711.0,15.003442440273455,12.0,17.0,30000.0,12500.0,23000.0,0.0,26.619544648155653,20.0,24.0,0.0,12500.0,34565.89200732703,26000.0,0.0,27.191292338789655,20.0,25.0,0.0,721.0,15.145750570323186,12.0,17.0,1.0,14428.786217209185,12500.0,23000.0,1.0,20.0,21.336733566578573,24.0,1.0,18954.089834879636,12500.0,26000.0,1.0,21.903398719558275,20.0,25.0,1.0,0.0,912.0,7.0,12.0
11.0,22.0,11.0,21.0,-121.0,21.0,13.0,-111.0,10.189604339208453,9.0,11.0,30000.0,10000.0,19000.0,0.0,27.685456202393127,16.5,19.0,0.0,10000.0,37017.62260268135,25000.0,0.0,29.012881181703495,17.0,20.0,0.0,122.0,10.190947125208245,9.0,11.0,1.0,15089.894269539289,10000.0,19000.0,1.0,16.5,17.521029948237672,19.0,1.0,22202.6965468219,10000.0,25000.0,1.0,18.866458728085856,17.0,20.0,1.0,0.0,211.0,1.0,20.0
92.0,24.0,92.0,24.0,-721.0,921.0,13.0,-711.0,15.745132203723724,12.0,17.0,30000.0,15000.0,28000.0,0.0,25.608508785912846,19.5,25.0,0.0,15000.0,34459.95216212958,28000.0,0.0,26.163565192912785,20.0,26.0,0.0,721.0,15.387013040608943,12.0,17.0,1.0,18023.351887401794,15000.0,28000.0,1.0,19.5,21.6725271949105,25.0,1.0,22490.91775898286,15000.0,28000.0,1.0,22.228531154273885,20.0,26.0,1.0,0.0,92122.0,7.0,22.0
11.0,22.0,11.0,21.0,-121.0,21.0,13.0,-111.0,10.225986984540995,9.0,11.0,30000.0,10000.0,19000.0,0.0,24.058963928360654,16.5,19.0,0.0,10000.0,37085.55175120461,25000.0,0.0,25.401209521594044,17.0,20.0,0.0,122.0,10.207495153687153,9.0,11.0,1.0,10128.919543636337,10000.0,19000.0,1.0,16.5,16.637697075948186,19.0,1.0,17110.456807867515,10000.0,25000.0,1.0,17.960238771493046,17.0,20.0,1.0,0.0,211.0,1.0,58.0
11.0,21.0,11.0,22.0,-121.0,11.0,12.0,-111.0,9.991782161228329,9.0,11.0,30000.0,10000.0,19000.0,0.0,24.790539386352307,16.5,19.0,0.0,10000.0,36562.39858401748,25000.0,0.0,26.100049814371214,17.0,20.0,0.0,121.0,10.000755790286664,9.0,11.0,1.0,15597.513926202217,10000.0,19000.0,1.0,16.5,17.66495946930828,19.0,1.0,22117.438300639795,10000.0,25000.0,1.0,18.96599427371874,17.0,20.0,1.0,0.0,111.0,1.0,51.0
11.0,22.0,11.0,21.0,-121.0,21.0,13.0,-111.0,10.218704196445438,9.0,11.0,30000.0,10000.0,19000.0,0.0,26.58374046426252,16.5,19.0,0.0,10000.0,37019.2667005701,25000.0,0.0,27.91225823454213,17.0,20.0,0.0,122.0,10.185064299640125,9.0,11.0,1.0,11818.494791097899,10000.0,19000.0,1.0,16.5,16.879604059716993,19.0,1.0,18722.238288436805,10000.0,25000.0,1.0,18.1862570633594,17.0,20.0,1.0,0.0,211.0,1.0,58.0
11.0,22.0,11.0,21.0,-121.0,11.0,11.0,-111.0,10.19806357618482,9.0,11.0,30000.0,10000.0,19000.0,0.0,24.868888252588995,16.5,19.0,0.0,10000.0,36968.54874255073,25000.0,0.0,26.184447206691893,17.0,20.0,0.0,122.0,10.21927181368598,9.0,11.0,1.0,14208.866778539183,10000.0,19000.0,1.0,16.5,17.348929488791924,19.0,1.0,21153.101361079986,10000.0,25000.0,1.0,18.659898289034345,17.0,20.0,1.0,0.0,111.0,1.0,39.0
91.0,24.0,91.0,21.0,-721.0,911.0,12.0,-711.0,15.021797610775982,12.0,17.0,30000.0,18000.0,36000.0,1.0,24.860480982072918,20.0,25.0,1.0,18000.0,34063.36299996693,36000.0,1.0,25.356917133737216,20.0,26.0,1.0,722.0,15.290212754126026,12.0,17.0,1.0,25469.673901936974,18000.0,36000.0,1.0,20.0,23.30342270402773,25.0,1.0,29500.997790805566,18000.0,36000.0,1.0,23.795944518475167,20.0,26.0,1.0,1.0,91121.0,7.0,14.0
11.0,21.0,11.0,22.0,-121.0,11.0,11.0,-111.0,9.987184096368324,9.0,11.0,30000.0,10000.0,19000.0,0.0,26.807230168210573,16.5,19.0,0.0,10000.0,36445.19764098618,25000.0,0.0,28.09446699028728,17.0,20.0,0.0,121.0,9.990652396201575,9.0,11.0,1.0,15261.406859607145,10000.0,19000.0,1.0,16.5,17.58458343069351,19.0,1.0,21671.738306788087,10000.0,25000.0,1.0,18.864856765998862,17.0,20.0,1.0,0.0,111.0,1.0,43.0
11.0,22.0,11.0,21.0,-121.0,11.0,11.0,-111.0,10.20066687352395,9.0,11.0,30000.0,10000.0,19000.0,0.0,25.090413972813785,16.5,19.0,0.0,10000.0,36981.9654660315,25000.0,0.0,26.401289019218062,17.0,20.0,0.0,122.0,10.186446318846906,9.0,11.0,1.0,13166.167743349692,10000.0,19000.0,1.0,16.5,17.117107808607734,19.0,1.0,20219.132777115316,10000.0,25000.0,1.0,18.441313136019698,17.0,20.0,1.0,0.0,111.0,1.0,54.0
91.0,24.0,91.0,21.0,-721.0,911.0,12.0,-711.0,16.067166454134238,12.0,17.0,30000.0,18000.0,36000.0,1.0,26.235249642653272,20.0,25.0,0.0,18000.0,34553.63130678159,36000.0,1.0,26.80413860836079,20.0,26.0,0.0,721.0,14.725926370520448,12.0,17.0,1.0,23765.961354206025,18000.0,36000.0,1.0,20.0,22.578937515405734,25.0,1.0,28265.259623676277,18000.0,36000.0,1.0,23.14103860934292,20.0,26.0,1.0,0.0,91121.0,7.0,14.0
11.0,22.0,11.0,21.0,-121.0,11.0,12.0,-111.0,9.996816084974858,9.0,11.0,30000.0,10000.0,19000.0,0.0,24.256927371716085,16.5,19.0,0.0,10000.0,36579.280102763456,25000.0,0.0,25.570604057599148,17.0,20.0,0.0,121.0,9.99807136011739,9.0,11.0,1.0,13102.486792807882,10000.0,19000.0,1.0,16.5,17.110209442120528,19.0,1.0,19608.836849525025,10000.0,25000.0,1.0,18.409324276297173,17.0,20.0,1.0,0.0,111.0,1.0,45.0
11.0,22.0,11.0,21.0,-121.0,21.0,13.0,-111.0,9.988754916264577,9.0,11.0,30000.0,10000.0,19000.0,0.0,27.329289803816806,16.5,19.0,0.0,10000.0,36418.658824479324,25000.0,0.0,28.618124293948977,17.0,20.0,0.0,121.0,10.003496247978525,9.0,11.0,1.0,11807.931630374806,10000.0,19000.0,1.0,16.5,16.834880063441705,19.0,1.0,18309.99588631391,10000.0,25000.0,1.0,18.14046194577359,17.0,20.0,1.0,0.0,211.0,1.0,58.0
11.0,22.0,11.0,22.0,-121.0,21.0,13.0,-111.0,10.205214396189461,9.0,11.0,30000.0,10000.0,19000.0,0.0,24.68278656691484,16.5,19.0,0.0,10000.0,36938.41713032725,25000.0,0.0,25.99384367794784,17.0,20.0,0.0,122.0,10.188928068564271,9.0,11.0,1.0,14096.726929814507,10000.0,19000.0,1.0,16.5,17.416013524854513,19.0,1.0,21111.242575010085,10000.0,25000.0,1.0,18.74144992401378,17.0,20.0,1.0,0.0,211.0,1.0,13.0
92.0,24.0,92.0,24.0,-721.0,921.0,13.0,-711.0,14.914423167214466,12.0,17.0,30000.0,15000.0,28000.0,0.0,23.986805451424743,19.5,25.0,1.0,15000.0,33906.65196248874,28000.0,0.0,24.463430448796057,20.0,26.0,1.0,722.0,15.139450141560648,12.0,17.0,1.0,19369.293834626566,15000.0,28000.0,1.0,19.5,21.559742719276073,25.0,1.0,23409.92952992065,15000.0,28000.0,1.0,22.05271419360754,20.0,26.0,1.0,0.0,92122.0,7.0,22.0
11.0,21.0,11.0,21.0,-121.0,21.0,13.0,-111.0,10.174441258419332,9.0,11.0,30000.0,10000.0,19000.0,0.0,25.95034995427835,16.5,19.0,0.0,10000.0,37085.94457421814,25000.0,0.0,27.290717244845037,17.0,20.0,0.0,122.0,10.190605355979383,9.0,11.0,1.0,11834.21602324808,10000.0,19000.0,1.0,16.5,16.915636679001672,19.0,1.0,18979.94616820709,10000.0,25000.0,1.0,18.267312923883424,17.0,20.0,1.0,0.0,211.0,1.0,34.0
11.0,21.0,11.0,21.0,-121.0,11.0,11.0,-111.0,9.986016256427673,9.0,11.0,30000.0,10000.0,19000.0,0.0,27.00937296365737,16.5,19.0,0.0,10000.0,36506.66330979353,25000.0,0.0,28.304045152295107,17.0,20.0,0.0,121.0,9.997255877112636,9.0,11.0,1.0,13699.17479242682,10000.0,19000.0,1.0,16.5,17.189522481913475,19.0,1.0,20245.24260597276,10000.0,25000.0,1.0,18.49203523532095,17.0,20.0,1.0,0.0,111.0,1.0,56.0
91.0,24.0,91.0,24.0,-721.0,911.0,12.0,-711.0,15.354398140650371,12.0,17.0,30000.0,18000.0,36000.0,1.0,25.418997787116062,20.0,25.0,0.0,18000.0,34007.868014849344,36000.0,1.0,25.9096223567944,20.0,26.0,1.0,722.0,15.194729030781016,12.0,17.0,1.0,27199.52066684543,18000.0,36000.0,1.0,20.0,23.58545921740422,25.0,1.0,31139.226824150996,18000.0,36000.0,1.0,24.067739729368586,20.0,26.0,1.0,0.0,91121.0,7.0,23.0
11.0,21.0,11.0,21.0,-121.0,21.0,12.0,-111.0,10.188165253196754,9.0,11.0,30000.0,10000.0,19000.0,0.0,24.99192910238032,16.5,19.0,0.0,10000.0,37050.22576103692,25000.0,0.0,26.321114045043014,17.0,20.0,0.0,122.0,10.2265823706704,9.0,11.0,1.0,13356.816483954539,10000.0,19000.0,1.0,16.5,17.234371466128675,19.0,1.0,20424.75820651024,10000.0,25000.0,1.0,18.566896413791735,17.0,20.0,1.0,0.0,211.0,1.0,6.0
91.0,24.0,91.0,24.0,-721.0,911.0,11.0,-711.0,15.110687797117647,12.0,17.0,30000.0,18000.0,36000.0,1.0,24.049962293284807,20.0,25.0,1.0,18000.0,34004.91066923623,36000.0,1.0,24.537128741606832,20.0,26.0,1.0,722.0,15.193511149090071,12.0,17.0,1.0,24580.450397039553,18000.0,36000.0,1.0,20.0,23.22942867166282,25.0,1.0,28533.97780288887,18000.0,36000.0,1.0,23.71034474288663,20.0,26.0,1.0,1.0,91121.0,7.0,9.0
91.0,24.0,91.0,24.0,-721.0,911.0,11.0,-711.0,15.535930574020643,12.0,17.0,30000.0,18000.0,36000.0,1.0,25.002235742863803,20.0,25.0,0.0,18000.0,34529.11093793146,36000.0,1.0,25.56854100234539,20.0,26.0,1.0,721.0,16.15694438092318,12.0,17.0,1.0,23285.256132789902,18000.0,36000.0,1.0,20.0,24.05597229758345,25.0,1.0,27752.258400944494,18000.0,36000.0,1.0,24.61451169157045,20.0,26.0,1.0,0.0,91121.0,7.0,0.0
92.0,24.0,92.0,24.0,-721.0,921.0,13.0,-711.0,13.977791245827264,12.0,17.0,30000.0,15000.0,28000.0,0.0,23.166319804476757,19.5,25.0,1.0,15000.0,34533.18456265027,28000.0,0.0,23.730025602564538,20.0,26.0,1.0,721.0,14.779150491707338,12.0,17.0,1.0,21735.03803239757,15000.0,28000.0,1.0,19.5,21.466804910945687,25.0,1.0,26238.331474547427,15000.0,28000.0,1.0,22.026793719860724,20.0,26.0,1.0,0.0,92122.0,7.0,22.0
11.0,22.0,11.0,22.0,-121.0,11.0,12.0,-111.0,10.200934727506755,9.0,11.0,30000.0,10000.0,19000.0,0.0,23.317717308495006,16.5,19.0,0.0,10000.0,37106.932680940554,25000.0,0.0,24.657117566353953,17.0,20.0,0.0,122.0,10.203565344151537,9.0,11.0,1.0,16351.190303339235,10000.0,19000.0,1.0,16.5,17.80232756296634,19.0,1.0,23291.64042395934,10000.0,25000.0,1.0,19.110351868043264,17.0,20.0,1.0,0.0,111.0,1.0,40.0
81.0,23.0,81.0,23.0,-721.0,912.0,12.0,-711.0,15.272202915505284,12.0,17.0,30000.0,12500.0,23000.0,0.0,26.480823411732608,20.0,24.0,0.0,12500.0,34004.26579988801,26000.0,0.0,26.96609760452849,20.0,25.0,0.0,722.0,15.244223014368911,12.0,17.0,1.0,18394.713238085442,12500.0,23000.0,1.0,20.0,22.057378123433896,24.0,1.0,22276.245894322812,12500.0,26000.0,1.0,22.527778371743864,20.0,25.0,1.0,0.0,912.0,7.0,5.0
11.0,22.0,11.0,22.0,-121.0,21.0,13.0,-111.0,10.178315371651978,9.0,11.0,30000.0,10000.0,19000.0,0.0,25.31633257483174,16.5,19.0,0.0,10000.0,36891.72094298452,25000.0,0.0,26.616275881194312,17.0,20.0,0.0,122.0,10.192343937068976,9.0,11.0,1.0,13217.069778254972,10000.0,19000.0,1.0,16.5,17.224230856090724,19.0,1.0,20157.04591347875,10000.0,25000.0,1.0,18.533276245179458,17.0,20.0,1.0,0.0,211.0,1.0,5.0
11.0,22.0,11.0,22.0,-121.0,21.0,13.0,-111.0,10.001314265255077,9.0,11.0,30000.0,10000.0,19000.0,0.0,27.290925721990988,16.5,19.0,0.0,10000.0,36540.46777763467,25000.0,0.0,28.60565634919781,17.0,20.0,0.0,121.0,9.976832274451578,9.0,11.0,1.0,14502.459055799438,10000.0,19000.0,1.0,16.5,17.4374220259457,19.0,1.0,21002.6044397657,10000.0,25000.0,1.0,18.744047256456064,17.0,20.0,1.0,0.0,211.0,1.0,16.0
11.0,22.0,11.0,22.0,-121.0,21.0,12.0,-111.0,10.178901779105843,9.0,11.0,30000.0,10000.0,19000.0,0.0,23.953703264272356,16.5,19.0,0.0,10000.0,37029.347659548905,25000.0,0.0,25.278803522292165,17.0,20.0,0.0,122.0,10.17985200230262,9.0,11.0,1.0,15113.529735985108,10000.0,19000.0,1.0,16.5,17.511275634368097,19.0,1.0,22055.297538690273,10000.0,25000.0,1.0,18.819866239355832,17.0,20.0,1.0,0.0,211.0,1.0,23.0
11.0,22.0,11.0,22.0,-121.0,21.0,13.0,-111.0,10.019703092744505,9.0,11.0,30000.0,10000.0,19000.0,0.0,26.453405924903144,16.5,19.0,0.0,10000.0,36437.01287712477,25000.0,0.0,27.746987532891254,17.0,20.0,0.0,121.0,10.004609491679949,9.0,11.0,1.0,12931.059917818311,10000.0,19000.0,1.0,16.5,17.118569056942825,19.0,1.0,19447.159401568613,10000.0,25000.0,1.0,18.42804390325776,17.0,20.0,1.0,0.0,211.0,1.0,31.0
11.0,22.0,11.0,22.0,-121.0,21.0,13.0,-111.0,10.1921627218603,9.0,11.0,30000.0,10000.0,19000.0,0.0,26.402566361245675,16.5,19.0,0.0,10000.0,36992.16762007016,25000.0,0.0,27.726129818972893,17.0,20.0,0.0,122.0,10.181995950214098,9.0,11.0,1.0,12453.497097725742,10000.0,19000.0,1.0,16.5,17.076374882697113,19.0,1.0,19432.234450282973,10000.0,25000.0,1.0,18.3973960942607,17.0,20.0,1.0,0.0,211.0,1.0,31.0
11.0,21.0,11.0,22.0,-121.0,21.0,13.0,-111.0,10.221714936949338,9.0,11.0,30000.0,10000.0,19000.0,0.0,26.970574815599548,16.5,19.0,0.0,10000.0,37096.627525050804,25000.0,0.0,28.30981529953792,17.0,20.0,0.0,122.0,10.22132195316903,9.0,11.0,1.0,14942.478611774766,10000.0,19000.0,1.0,16.5,17.56594481518315,19.0,1.0,22052.050003909077,10000.0,25000.0,1.0,18.907628001765243,17.0,20.0,1.0,0.0,211.0,1.0,59.0
92.0,24.0,92.0,24.0,-721.0,921.0,13.0,-711.0,15.559121876486138,12.0,17.0,30000.0,15000.0,28000.0,0.0,24.42795679672499,19.5,25.0,1.0,15000.0,34608.58132410669,28000.0,0.0,25.003687938012824,20.0,26.0,1.0,721.0,14.433633200527527,12.0,17.0,1.0,18637.226229351327,15000.0,28000.0,1.0,19.5,20.831276848927818,25.0,1.0,23127.33546226909,15000.0,28000.0,1.0,21.392207758327764,20.0,26.0,1.0,0.0,92122.0,7.0,22.0
91.0,24.0,91.0,21.0,-721.0,911.0,11.0,-711.0,14.584288564616964,12.0,17.0,30000.0,18000.0,36000.0,1.0,24.78486873172212,20.0,25.0,1.0,18000.0,34521.5907380067,36000.0,1.0,25.350674422085863,20.0,26.0,1.0,721.0,15.149286846039,12.0,17.0,1.0,23593.269274443355,18000.0,36000.0,1.0,20.0,23.010310692177747,25.0,1.0,28099.47962513923,18000.0,36000.0,1.0,23.574191769907415,20.0,26.0,1.0,1.0,91121.0,7.0,3.0
11.0,22.0,11.0,21.0,-121.0,11.0,11.0,-111.0,9.97371604907352,9.0,11.0,30000.0,10000.0,19000.0,0.0,24.204668403317285,16.5,19.0,0.0,10000.0,36605.80238672411,25000.0,0.0,25.523305657004432,17.0,20.0,0.0,121.0,9.995473186756064,9.0,11.0,1.0,13056.99813892056,10000.0,19000.0,1.0,16.5,17.079927137741148,19.0,1.0,19679.832615995278,10000.0,25000.0,1.0,18.40196430373715,17.0,20.0,1.0,0.0,111.0,1.0,39.0
11.0,21.0,11.0,21.0,-121.0,11.0,11.0,-111.0,10.20606071381,9.0,11.0,30000.0,10000.0,19000.0,0.0,27.386079938800513,16.5,19.0,0.0,10000.0,37001.84311185661,25000.0,0.0,28.710757721208967,17.0,20.0,0.0,122.0,10.17570213487228,9.0,11.0,1.0,11961.959812309457,10000.0,19000.0,1.0,16.5,16.931203606544507,19.0,1.0,19068.73262030798,10000.0,25000.0,1.0,18.275733024440008,17.0,20.0,1.0,0.0,111.0,1.0,18.0
11.0,21.0,11.0,22.0,-121.0,11.0,11.0,-111.0,10.008095178857921,9.0,11.0,30000.0,10000.0,19000.0,0.0,26.600985739514172,16.5,19.0,0.0,10000.0,36407.39807657676,25000.0,0.0,27.881952618854605,17.0,20.0,0.0,121.0,10.0043598595765,9.0,11.0,1.0,14663.46099888766,10000.0,19000.0,1.0,16.5,17.497974480953946,19.0,1.0,21051.344421829977,10000.0,25000.0,1.0,18.775039991178744,17.0,20.0,1.0,0.0,111.0,1.0,43.0
11.0,21.0,11.0,21.0,-121.0,21.0,13.0,-111.0,10.200277068877497,9.0,11.0,30000.0,10000.0,19000.0,0.0,26.28164511671736,16.5,19.0,0.0,10000.0,37053.10455936093,25000.0,0.0,27.614464152730633,17.0,20.0,0.0,122.0,10.21583904673525,9.0,11.0,1.0,12826.088120052353,10000.0,19000.0,1.0,16.5,17.130895611562472,19.0,1.0,19862.46180693885,10000.0,25000.0,1.0,18.460553029151498,17.0,20.0,1.0,0.0,211.0,1.0,34.0
81.0,23.0,81.0,21.0,-721.0,912.0,12.0,-711.0,15.343297446454947,12.0,17.0,30000.0,12500.0,23000.0,0.0,27.5670177204125,20.0,24.0,0.0,12500.0,34569.253691267986,26000.0,0.0,28.13539877943911,20.0,25.0,0.0,721.0,15.024841133509215,12.0,17.0,1.0,16731.262501622758,12500.0,23000.0,1.0,20.0,21.587006734698768,24.0,1.0,21240.946308829276,12500.0,26000.0,1.0,22.147977744715917,20.0,25.0,1.0,0.0,912.0,7.0,11.0
91.0,24.0,91.0,21.0,-721.0,911.0,12.0,-711.0,15.136204026501078,12.0,17.0,30000.0,18000.0,36000.0,1.0,25.29161257733645,20.0,25.0,0.0,18000.0,34510.065240310156,36000.0,1.0,25.85786488638046,20.0,26.0,1.0,721.0,14.82314506104131,12.0,17.0,1.0,24831.02152172334,18000.0,36000.0,1.0,20.0,22.842681559723275,25.0,1.0,29333.224775591847,18000.0,36000.0,1.0,23.4079467726303,20.0,26.0,1.0,0.0,91121.0,7.0,14.0
11.0,22.0,11.0,21.0,-121.0,11.0,12.0,-111.0,10.202473130475711,9.0,11.0,30000.0,10000.0,19000.0,0.0,24.80657758859912,16.5,19.0,0.0,10000.0,37017.25173393428,25000.0,0.0,26.133813769975415,17.0,20.0,0.0,122.0,10.201176591652455,9.0,11.0,1.0,14471.745588291022,10000.0,19000.0,1.0,16.5,17.426092855783743,19.0,1.0,21448.263437767688,10000.0,25000.0,1.0,18.745624669793724,17.0,20.0,1.0,0.0,111.0,1.0,10.0
11.0,22.0,11.0,21.0,-121.0,11.0,12.0,-111.0,10.207706927703512,9.0,11.0,30000.0,10000.0,19000.0,0.0,24.731157702032146,16.5,19.0,0.0,10000.0,36776.95309541866,25000.0,0.0,26.00322040771864,17.0,20.0,0.0,122.0,10.189954583805305,9.0,11.0,1.0,11977.252297880505,10000.0,19000.0,1.0,16.5,16.936018787003725,19.0,1.0,19067.712698826777,10000.0,25000.0,1.0,18.26692813744441,17.0,20.0,1.0,0.0,111.0,1.0,45.0
11.0,22.0,11.0,22.0,-121.0,21.0,13.0,-111.0,10.014666608971059,9.0,11.0,30000.0,10000.0,19000.0,0.0,24.9617355444134,16.5,19.0,0.0,10000.0,36371.03855616635,25000.0,0.0,26.23254958309756,17.0,20.0,0.0,121.0,9.985354037214819,9.0,11.0,1.0,11768.056384522333,10000.0,19000.0,1.0,16.5,16.807806139423963,19.0,1.0,18291.719302219826,10000.0,25000.0,1.0,18.109063751721603,17.0,20.0,1.0,0.0,211.0,1.0,47.0
91.0,24.0,91.0,24.0,-721.0,911.0,12.0,-711.0,15.130386628120654,12.0,17.0,30000.0,18000.0,36000.0,1.0,23.87260417093041,20.0,25.0,1.0,18000.0,34490.38697198062,36000.0,1.0,24.43586540541098,20.0,26.0,1.0,721.0,15.648320879002734,12.0,17.0,1.0,22873.60295654235,18000.0,36000.0,1.0,20.0,23.58660453855135,25.0,1.0,27372.892591458014,18000.0,36000.0,1.0,24.15098249748045,20.0,26.0,1.0,1.0,91121.0,7.0,32.0
91.0,24.0,91.0,24.0,-721.0,911.0,12.0,-711.0,15.570195864525088,12.0,17.0,30000.0,18000.0,36000.0,1.0,25.39814772955532,20.0,25.0,0.0,18000.0,34089.659264702546,36000.0,1.0,25.89637956638587,20.0,26.0,1.0,722.0,15.205158878762623,12.0,17.0,1.0,27991.502968788976,18000.0,36000.0,1.0,20.0,23.643173115842167,25.0,1.0,31988.525467856944,18000.0,36000.0,1.0,24.130119272641007,20.0,26.0,1.0,0.0,91121.0,7.0,23.0
11.0,22.0,11.0,22.0,-121.0,21.0,13.0,-111.0,10.00483231677141,9.0,11.0,30000.0,10000.0,19000.0,0.0,26.541952474725502,16.5,19.0,0.0,10000.0,36497.277693825425,25000.0,0.0,27.845228282060468,17.0,20.0,0.0,121.0,9.987176859830754,9.0,11.0,1.0,14033.022355634703,10000.0,19000.0,1.0,16.5,17.351809260496363,19.0,1.0,20527.82843144207,10000.0,25000.0,1.0,18.65458929096605,17.0,20.0,1.0,0.0,211.0,1.0,19.0
11.0,22.0,11.0,21.0,-121.0,11.0,11.0,-111.0,9.988590332575878,9.0,11.0,30000.0,10000.0,19000.0,0.0,26.22957632851429,16.5,19.0,0.0,10000.0,36523.050929045654,25000.0,0.0,27.5269742119585,17.0,20.0,0.0,121.0,9.997901165359428,9.0,11.0,1.0,13501.26165716609,10000.0,19000.0,1.0,16.5,17.160837446956926,19.0,1.0,20021.48577836279,10000.0,25000.0,1.0,18.45767309433092,17.0,20.0,1.0,0.0,111.0,1.0,54.0
91.0,21.0,91.0,24.0,-721.0,911.0,12.0,-711.0,15.127934706207087,12.0,17.0,30000.0,18000.0,36000.0,1.0,25.327954529867725,20.0,25.0,0.0,18000.0,34035.092227376226,36000.0,1.0,25.820169237617804,20.0,26.0,1.0,722.0,15.287625356543508,12.0,17.0,1.0,25316.196118546835,18000.0,36000.0,1.0,20.0,23.33428947721943,25.0,1.0,29293.77281910881,18000.0,36000.0,1.0,23.819488239205022,20.0,26.0,1.0,0.0,91121.0,7.0,26.0
11.0,22.0,11.0,22.0,-121.0,11.0,12.0,-111.0,10.18763429008563,9.0,11.0,30000.0,10000.0,19000.0,0.0,24.58537513852633,16.5,19.0,0.0,10000.0,37044.01699945296,25000.0,0.0,25.911844473036727,17.0,20.0,0.0,122.0,10.189951652637001,9.0,11.0,1.0,13654.3708076389,10000.0,19000.0,1.0,16.5,17.259816305147208,19.0,1.0,20405.21937090852,10000.0,25000.0,1.0,18.531078654712257,17.0,20.0,1.0,0.0,111.0,1.0,42.0
91.0,24.0,91.0,24.0,-721.0,911.0,11.0,-711.0,15.021698731616212,12.0,17.0,30000.0,18000.0,36000.0,1.0,24.608278936743268,20.0,25.0,1.0,18000.0,33986.66029773155,36000.0,1.0,25.0952601237008,20.0,26.0,1.0,722.0,15.178841662992205,12.0,17.0,1.0,23474.102589850165,18000.0,36000.0,1.0,20.0,22.974332227938582,25.0,1.0,27479.688449206493,18000.0,36000.0,1.0,23.4636252227191,20.0,26.0,1.0,1.0,91121.0,7.0,16.0
11.0,21.0,11.0,22.0,-121.0,11.0,11.0,-111.0,9.983205257777122,9.0,11.0,30000.0,10000.0,19000.0,0.0,24.00239782462757,16.5,19.0,0.0,10000.0,36565.98135230529,25000.0,0.0,25.317432684146727,17.0,20.0,0.0,121.0,9.984605709483755,9.0,11.0,1.0,14980.438894821946,10000.0,19000.0,1.0,16.5,17.515026919350614,19.0,1.0,21499.977353818736,10000.0,25000.0,1.0,18.820760195389614,17.0,20.0,1.0,0.0,111.0,1.0,29.0
11.0,22.0,11.0,22.0,-121.0,21.0,13.0,-111.0,10.007047813758282,9.0,11.0,30000.0,10000.0,19000.0,0.0,27.10001480623876,16.5,19.0,0.0,10000.0,36494.54799448601,25000.0,0.0,28.39926255845175,17.0,20.0,0.0,121.0,10.001159367055386,9.0,11.0,1.0,15170.334764552643,10000.0,19000.0,1.0,16.5,17.556151795181847,19.0,1.0,21777.535643721392,10000.0,25000.0,1.0,18.87793598985836,17.0,20.0,1.0,0.0,211.0,1.0,5.0
11.0,22.0,11.0,21.0,-121.0,21.0,13.0,-111.0,9.985585125941798,9.0,11.0,30000.0,10000.0,19000.0,0.0,25.162498065388164,16.5,19.0,0.0,10000.0,36517.98565126911,25000.0,0.0,26.47287319489952,17.0,20.0,0.0,121.0,10.012440208748867,9.0,11.0,1.0,15072.983094706113,10000.0,19000.0,1.0,16.5,17.552783147396312,19.0,1.0,21536.1212353953,10000.0,25000.0,1.0,18.852131739320008,17.0,20.0,1.0,0.0,211.0,1.0,58.0
91.0,24.0,91.0,21.0,-721.0,911.0,12.0,-711.0,14.155386215522093,12.0,17.0,30000.0,18000.0,36000.0,1.0,23.8936464735299,20.0,25.0,1.0,18000.0,34439.632809963914,36000.0,1.0,24.448072308870792,20.0,26.0,1.0,721.0,14.452249120310853,12.0,17.0,1.0,25413.942909091118,18000.0,36000.0,1.0,20.0,22.625748017486558,25.0,1.0,29921.887650741235,18000.0,36000.0,1.0,23.18870471594385,20.0,26.0,1.0,1.0,91121.0,7.0,29.0
81.0,23.0,81.0,23.0,-721.0,912.0,12.0,-711.0,15.136509094114603,12.0,17.0,30000.0,12500.0,23000.0,0.0,26.30392725610249,20.0,24.0,0.0,12500.0,33925.70693917,26000.0,0.0,26.782778310146952,20.0,25.0,0.0,722.0,15.145490216364296,12.0,17.0,1.0,19208.380828022175,12500.0,23000.0,1.0,20.0,22.0837948063074,24.0,1.0,23247.700457236402,12500.0,26000.0,1.0,22.576504143006044,20.0,25.0,1.0,0.0,912.0,7.0,5.0
11.0,22.0,11.0,22.0,-121.0,21.0,13.0,-111.0,10.24646970940964,9.0,11.0,30000.0,10000.0,19000.0,0.0,26.680318794466935,16.5,19.0,0.0,10000.0,36865.95133539764,25000.0,0.0,27.970515612853628,17.0,20.0,0.0,122.0,10.193297311039489,9.0,11.0,1.0,13171.073352641906,10000.0,19000.0,1.0,16.5,17.20197241984452,19.0,1.0,20184.382770228323,10000.0,25000.0,1.0,18.51985963676686,17.0,20.0,1.0,0.0,211.0,1.0,21.0
11.0,22.0,11.0,22.0,-121.0,21.0,13.0,-111.0,10.009639985198218,9.0,11.0,30000.0,10000.0,19000.0,0.0,25.989431046433616,16.5,19.0,0.0,10000.0,36511.45299327704,25000.0,0.0,27.296899319321493,17.0,20.0,0.0,121.0,9.99076541239813,9.0,11.0,1.0,13068.196746325195,10000.0,19000.0,1.0,16.5,17.14530051125272,19.0,1.0,19608.76343171522,10000.0,25000.0,1.0,18.458614672728547,17.0,20.0,1.0,0.0,211.0,1.0,47.0
11.0,21.0,11.0,22.0,-121.0,11.0,11.0,-111.0,10.203573064749701,9.0,11.0,30000.0,10000.0,19000.0,0.0,27.76246933927561,16.5,19.0,0.0,10000.0,37040.05851846589,25000.0,0.0,29.087195574057052,17.0,20.0,0.0,122.0,10.183007265816734,9.0,11.0,1.0,12594.601816128863,10000.0,19000.0,1.0,16.5,17.084914366440785,19.0,1.0,19727.24522658335,10000.0,25000.0,1.0,18.427062279613107,17.0,20.0,1.0,0.0,111.0,1.0,29.0
81.0,23.0,81.0,23.0,-721.0,912.0,12.0,-711.0,15.200366674611109,12.0,17.0,30000.0,12500.0,23000.0,0.0,26.524456212295014,20.0,24.0,0.0,12500.0,33957.03664301322,26000.0,0.0,27.00718699631437,20.0,25.0,0.0,722.0,14.972566214183573,12.0,17.0,1.0,19159.370267792383,12500.0,23000.0,1.0,20.0,21.932437855367134,24.0,1.0,23126.374130243912,12500.0,26000.0,1.0,22.416384570419737,20.0,25.0,1.0,0.0,912.0,7.0,10.0
91.0,21.0,91.0,24.0,-721.0,911.0,12.0,-711.0,14.559847779633316,12.0,17.0,30000.0,18000.0,36000.0,1.0,24.36212016509533,20.0,25.0,1.0,18000.0,34583.86995905102,36000.0,1.0,24.937604004751943,20.0,26.0,1.0,721.0,15.547146200703956,12.0,17.0,1.0,26509.400010127614,18000.0,36000.0,1.0,20.0,23.907120445892335,25.0,1.0,31069.1599937981,18000.0,36000.0,1.0,24.47957738877178,20.0,26.0,1.0,1.0,91121.0,7.0,26.0
11.0,22.0,11.0,22.0,-121.0,11.0,12.0,-111.0,10.00388898338182,9.0,11.0,30000.0,10000.0,19000.0,0.0,24.564302714997332,16.5,19.0,0.0,10000.0,36498.562707139994,25000.0,0.0,25.866204382838934,17.0,20.0,0.0,121.0,9.991481774836773,9.0,11.0,1.0,14581.247303961049,10000.0,19000.0,1.0,16.5,17.46224350859814,19.0,1.0,21132.314540302705,10000.0,25000.0,1.0,18.774663769122053,17.0,20.0,1.0,0.0,111.0,1.0,49.0
11.0,22.0,11.0,22.0,-121.0,21.0,12.0,-111.0,9.988158902319757,9.0,11.0,30000.0,10000.0,19000.0,0.0,24.177178623746176,16.5,19.0,0.0,10000.0,36465.29907973436,25000.0,0.0,25.46876047855229,17.0,20.0,0.0,121.0,9.99890034741596,9.0,11.0,1.0,15176.66101670088,10000.0,19000.0,1.0,16.5,17.581810326962444,19.0,1.0,21692.480224988336,10000.0,25000.0,1.0,18.88348465862646,17.0,20.0,1.0,0.0,211.0,1.0,48.0
91.0,24.0,91.0,24.0,-721.0,911.0,12.0,-711.0,15.027698198618053,12.0,17.0,30000.0,18000.0,36000.0,1.0,24.283215563136416,20.0,25.0,1.0,18000.0,34020.89190798613,36000.0,1.0,24.771909148806717,20.0,26.0,1.0,722.0,15.34022521754366,12.0,17.0,1.0,30565.362047172348,18000.0,36000.0,1.0,20.0,24.136958801314833,25.0,1.0,34411.69367578282,18000.0,36000.0,1.0,24.604436574474914,20.0,26.0,1.0,1.0,91121.0,7.0,23.0
11.0,22.0,11.0,22.0,-121.0,21.0,13.0,-111.0,9.997736255774774,9.0,11.0,30000.0,10000.0,19000.0,0.0,26.05159102309159,16.5,19.0,0.0,10000.0,36491.02488440003,25000.0,0.0,27.348297879818144,17.0,20.0,0.0,121.0,9.986529118212351,9.0,11.0,1.0,13255.902303323468,10000.0,19000.0,1.0,16.5,17.1310499502348,19.0,1.0,19773.640361675687,10000.0,25000.0,1.0,18.433093276385776,17.0,20.0,1.0,0.0,211.0,1.0,21.0
11.0,22.0,11.0,22.0,-121.0,11.0,11.0,-111.0,10.19555784457543,9.0,11.0,30000.0,10000.0,19000.0,0.0,23.543793588605283,16.5,19.0,0.0,10000.0,36883.4644459181,25000.0,0.0,24.833608192124135,17.0,20.0,0.0,122.0,10.19960390460369,9.0,11.0,1.0,17167.73516855585,10000.0,19000.0,1.0,16.5,17.94242946881627,19.0,1.0,24213.058724078015,10000.0,25000.0,1.0,19.262573021503112,17.0,20.0,1.0,0.0,111.0,1.0,15.0
11.0,22.0,11.0,22.0,-121.0,21.0,13.0,-111.0,9.987959064205002,9.0,11.0,30000.0,10000.0,19000.0,0.0,25.843529308740802,16.5,19.0,0.0,10000.0,36591.84787366519,25000.0,0.0,27.164050370687058,17.0,20.0,0.0,121.0,10.001650755330633,9.0,11.0,1.0,16291.273071258467,10000.0,19000.0,1.0,16.5,17.797940940080238,19.0,1.0,22776.940075808576,10000.0,25000.0,1.0,19.097191172248642,17.0,20.0,1.0,0.0,211.0,1.0,16.0
11.0,22.0,11.0,21.0,-121.0,21.0,13.0,-111.0,10.205857141097733,9.0,11.0,30000.0,10000.0,19000.0,0.0,25.70813419174901,16.5,19.0,0.0,10000.0,36986.8823843359,25000.0,0.0,27.029611110814074,17.0,20.0,0.0,122.0,10.203086095124013,9.0,11.0,1.0,12077.508115907998,10000.0,19000.0,1.0,16.5,16.966477369073132,19.0,1.0,19151.99177658974,10000.0,25000.0,1.0,18.304522917521627,17.0,20.0,1.0,0.0,211.0,1.0,58.0
11.0,22.0,11.0,22.0,-121.0,11.0,11.0,-111.0,9.985208198944918,9.0,11.0,30000.0,10000.0,19000.0,0.0,24.48331661516803,16.5,19.0,0.0,10000.0,36545.16409654345,25000.0,0.0,25.796401162188793,17.0,20.0,0.0,121.0,9.993562684815227,9.0,11.0,1.0,13721.157047945586,10000.0,19000.0,1.0,16.5,17.317815315709105,19.0,1.0,20233.476453117284,10000.0,25000.0,1.0,18.624310592230955,17.0,20.0,1.0,0.0,111.0,1.0,15.0
11.0,22.0,11.0,22.0,-121.0,21.0,13.0,-111.0,10.014223191218907,9.0,11.0,30000.0,10000.0,19000.0,0.0,25.73305953426385,16.5,19.0,0.0,10000.0,36526.360556902095,25000.0,0.0,27.03953116607749,17.0,20.0,0.0,121.0,10.00208728180936,9.0,11.0,1.0,13651.654357802343,10000.0,19000.0,1.0,16.5,17.278411348426765,19.0,1.0,20232.695040924395,10000.0,25000.0,1.0,18.595829055485176,17.0,20.0,1.0,0.0,211.0,1.0,13.0
11.0,22.0,11.0,21.0,-121.0,21.0,13.0,-111.0,9.983633973904853,9.0,11.0,30000.0,10000.0,19000.0,0.0,26.19183726133494,16.5,19.0,0.0,10000.0,36531.705671916396,25000.0,0.0,27.500562843790075,17.0,20.0,0.0,121.0,9.990496190123206,9.0,11.0,1.0,13018.512269161129,10000.0,19000.0,1.0,16.5,17.073357942972095,19.0,1.0,19557.924317250225,10000.0,25000.0,1.0,18.38362761393211,17.0,20.0,1.0,0.0,211.0,1.0,58.0
11.0,22.0,11.0,22.0,-121.0,11.0,12.0,-111.0,10.208807856751854,9.0,11.0,30000.0,10000.0,19000.0,0.0,23.770773325929255,16.5,19.0,0.0,10000.0,36953.54016699752,25000.0,0.0,25.086933252894625,17.0,20.0,0.0,122.0,10.214401149563297,9.0,11.0,1.0,16294.334849355224,10000.0,19000.0,1.0,16.5,17.82889969893032,19.0,1.0,23025.418536255816,10000.0,25000.0,1.0,19.102953260279662,17.0,20.0,1.0,0.0,111.0,1.0,14.0
11.0,22.0,11.0,22.0,-121.0,21.0,13.0,-111.0,9.990719681013044,9.0,11.0,30000.0,10000.0,19000.0,0.0,25.68436699698809,16.5,19.0,0.0,10000.0,36510.07581357007,25000.0,0.0,26.981392241556712,17.0,20.0,0.0,121.0,10.00336485056122,9.0,11.0,1.0,13592.428936135027,10000.0,19000.0,1.0,16.5,17.232022755113142,19.0,1.0,20072.943191259328,10000.0,25000.0,1.0,18.52315834667757,17.0,20.0,1.0,0.0,211.0,1.0,19.0
91.0,24.0,91.0,24.0,-721.0,911.0,12.0,-711.0,15.183225561907479,12.0,17.0,30000.0,18000.0,36000.0,1.0,24.520572133312186,20.0,25.0,1.0,18000.0,33933.46578321897,36000.0,1.0,25.00114898635971,20.0,26.0,1.0,722.0,15.092780778941156,12.0,17.0,1.0,28025.69288687898,18000.0,36000.0,1.0,20.0,23.59181874852563,25.0,1.0,32023.913599569933,18000.0,36000.0,1.0,24.080307128440303,20.0,26.0,1.0,1.0,91121.0,7.0,1.0
81.0,23.0,81.0,21.0,-721.0,912.0,12.0,-711.0,15.021551709375322,12.0,17.0,30000.0,12500.0,23000.0,0.0,26.25839439317904,20.0,24.0,0.0,12500.0,34487.29606315741,26000.0,0.0,26.817325537882805,20.0,25.0,0.0,721.0,15.09582913583774,12.0,17.0,1.0,18253.46622585178,12500.0,23000.0,1.0,20.0,21.797643498264296,24.0,1.0,22766.177298352515,12500.0,26000.0,1.0,22.359740299984,20.0,25.0,1.0,0.0,912.0,7.0,30.0
92.0,24.0,92.0,24.0,-721.0,921.0,13.0,-711.0,14.046869615878249,12.0,17.0,30000.0,15000.0,28000.0,0.0,23.847266566638147,19.5,25.0,1.0,15000.0,34498.94407256149,28000.0,0.0,24.40855634875448,20.0,26.0,1.0,721.0,14.795777550949607,12.0,17.0,1.0,19307.097146843305,15000.0,28000.0,1.0,19.5,21.21417142998199,25.0,1.0,23764.30403134755,15000.0,28000.0,1.0,21.77025406641859,20.0,26.0,1.0,0.0,92122.0,7.0,25.0
11.0,22.0,11.0,21.0,-121.0,11.0,11.0,-111.0,9.996011678852092,9.0,11.0,30000.0,10000.0,19000.0,0.0,24.382182187745187,16.5,19.0,0.0,10000.0,36488.4660782506,25000.0,0.0,25.679871316973824,17.0,20.0,0.0,121.0,10.012512340950304,9.0,11.0,1.0,14988.955865342577,10000.0,19000.0,1.0,16.5,17.476078328669136,19.0,1.0,21443.127828253942,10000.0,25000.0,1.0,18.76690865642828,17.0,20.0,1.0,0.0,111.0,1.0,54.0
11.0,22.0,11.0,21.0,-121.0,21.0,13.0,-111.0,10.006435271992327,9.0,11.0,30000.0,10000.0,19000.0,0.0,25.639719001344638,16.5,19.0,0.0,10000.0,36450.78673778505,25000.0,0.0,26.931249421532495,17.0,20.0,0.0,121.0,10.006568187716589,9.0,11.0,1.0,12316.812134904341,10000.0,19000.0,1.0,16.5,16.976798516224896,19.0,1.0,18867.733458664865,10000.0,25000.0,1.0,18.288377167606434,17.0,20.0,1.0,0.0,211.0,1.0,33.0
11.0,22.0,11.0,22.0,-121.0,11.0,11.0,-111.0,10.222164699873579,9.0,11.0,30000.0,10000.0,19000.0,0.0,23.01274911447888,16.5,19.0,0.0,10000.0,37064.84649415282,25000.0,0.0,24.34315776852813,17.0,20.0,0.0,122.0,10.216071703877352,9.0,11.0,1.0,14285.92148893468,10000.0,19000.0,1.0,16.5,17.452080563047627,19.0,1.0,21362.031464525684,10000.0,25000.0,1.0,18.784610286987423,17.0,20.0,1.0,0.0,111.0,1.0,55.0
11.0,22.0,11.0,22.0,-121.0,11.0,11.0,-111.0,9.98647658920127,9.0,11.0,30000.0,10000.0,19000.0,0.0,25.238254163066305,16.5,19.0,0.0,10000.0,36459.573706223506,25000.0,0.0,26.530781123053828,17.0,20.0,0.0,121.0,10.006382796352982,9.0,11.0,1.0,16467.176338942445,10000.0,19000.0,1.0,16.5,17.831872605332517,19.0,1.0,22949.620796635474,10000.0,25000.0,1.0,19.128975883234187,17.0,20.0,1.0,0.0,111.0,1.0,38.0
81.0,23.0,81.0,21.0,-721.0,912.0,12.0,-711.0,14.878772288586429,12.0,17.0,30000.0,12500.0,23000.0,0.0,25.59163985461863,20.0,24.0,0.0,12500.0,33972.51257907763,26000.0,0.0,26.077091975481398,20.0,25.0,0.0,722.0,15.154225646063166,12.0,17.0,1.0,15388.230874885483,12500.0,23000.0,1.0,20.0,21.557163534811963,24.0,1.0,19385.98629171425,12500.0,26000.0,1.0,22.045700400877912,20.0,25.0,1.0,0.0,912.0,7.0,11.0
11.0,22.0,11.0,22.0,-121.0,11.0,12.0,-111.0,10.215706269127486,9.0,11.0,30000.0,10000.0,19000.0,0.0,24.624371622497435,16.5,19.0,0.0,10000.0,37226.03518094096,25000.0,0.0,25.98785329923061,17.0,20.0,0.0,122.0,10.1951414115554,9.0,11.0,1.0,15182.085182134537,10000.0,19000.0,1.0,16.5,17.600586760741955,19.0,1.0,22234.739953662043,10000.0,25000.0,1.0,18.931353261667066,17.0,20.0,1.0,0.0,111.0,1.0,40.0
11.0,22.0,11.0,22.0,-121.0,11.0,12.0,-111.0,10.219348048635007,9.0,11.0,30000.0,10000.0,19000.0,0.0,23.565982673313474,16.5,19.0,0.0,10000.0,36878.10160873024,25000.0,0.0,24.858925184903566,17.0,20.0,0.0,122.0,10.199946004692363,9.0,11.0,1.0,15510.392692694024,10000.0,19000.0,1.0,16.5,17.669227836412514,19.0,1.0,22561.761152159852,10000.0,25000.0,1.0,18.994740974304637,17.0,20.0,1.0,0.0,111.0,1.0,49.0
11.0,22.0,11.0,21.0,-121.0,11.0,11.0,-111.0,9.998563415868007,9.0,11.0,30000.0,10000.0,19000.0,0.0,25.087413261591383,16.5,19.0,0.0,10000.0,36554.993422679225,25000.0,0.0,26.393281682502412,17.0,20.0,0.0,121.0,9.996071206224181,9.0,11.0,1.0,12280.091856484634,10000.0,19000.0,1.0,16.5,16.95716940816137,19.0,1.0,18831.701402898885,10000.0,25000.0,1.0,18.26236370220914,17.0,20.0,1.0,0.0,111.0,1.0,39.0
11.0,22.0,11.0,22.0,-121.0,11.0,12.0,-111.0,10.018072482292663,9.0,11.0,30000.0,10000.0,19000.0,0.0,23.81202442626561,16.5,19.0,0.0,10000.0,36634.92230411816,25000.0,0.0,25.139118748972297,17.0,20.0,0.0,121.0,9.978719918405051,9.0,11.0,1.0,16249.68043793532,10000.0,19000.0,1.0,16.5,17.745483323297492,19.0,1.0,22683.856163849727,10000.0,25000.0,1.0,19.032425006376187,17.0,20.0,1.0,0.0,111.0,1.0,14.0
11.0,22.0,11.0,22.0,-121.0,21.0,13.0,-111.0,10.214603117633443,9.0,11.0,30000.0,10000.0,19000.0,0.0,25.619412195766344,16.5,19.0,0.0,10000.0,36937.801914028234,25000.0,0.0,26.93068396302983,17.0,20.0,0.0,122.0,10.194038664794132,9.0,11.0,1.0,15434.023474491418,10000.0,19000.0,1.0,16.5,17.6717510955646,19.0,1.0,22386.482219059846,10000.0,25000.0,1.0,18.985793061274663,17.0,20.0,1.0,0.0,211.0,1.0,16.0
91.0,24.0,91.0,21.0,-721.0,911.0,11.0,-711.0,14.38423157265687,12.0,17.0,30000.0,18000.0,36000.0,1.0,23.897326909039556,20.0,25.0,1.0,18000.0,34582.33677521729,36000.0,1.0,24.47024797692738,20.0,26.0,1.0,721.0,14.687159479783318,12.0,17.0,1.0,18144.360470999145,18000.0,36000.0,1.0,20.0,21.922568774037167,25.0,1.0,22589.09326704252,18000.0,36000.0,1.0,22.47828547163071,20.0,26.0,1.0,1.0,91121.0,7.0,3.0
11.0,21.0,11.0,22.0,-121.0,21.0,13.0,-111.0,9.98171198915451,9.0,11.0,30000.0,10000.0,19000.0,0.0,26.990258379632458,16.5,19.0,0.0,10000.0,36606.47251922376,25000.0,0.0,28.31689795977125,17.0,20.0,0.0,121.0,9.994167445328383,9.0,11.0,1.0,13601.03216809643,10000.0,19000.0,1.0,16.5,17.23456248502432,19.0,1.0,20105.112592743,10000.0,25000.0,1.0,18.540640804223308,17.0,20.0,1.0,0.0,211.0,1.0,52.0
11.0,22.0,11.0,21.0,-121.0,11.0,11.0,-111.0,10.17809335147276,9.0,11.0,30000.0,10000.0,19000.0,0.0,26.105708387716643,16.5,19.0,0.0,10000.0,36969.99370077673,25000.0,0.0,27.421537952258433,17.0,20.0,0.0,122.0,10.229152400199874,9.0,11.0,1.0,14765.640309494085,10000.0,19000.0,1.0,16.5,17.500411450346085,19.0,1.0,21731.886494351416,10000.0,25000.0,1.0,18.815533540469385,17.0,20.0,1.0,0.0,111.0,1.0,39.0
11.0,21.0,11.0,22.0,-121.0,11.0,11.0,-111.0,10.18824332127081,9.0,11.0,30000.0,10000.0,19000.0,0.0,24.150576776358825,16.5,19.0,0.0,10000.0,36966.628352563705,25000.0,0.0,25.46432495502172,17.0,20.0,0.0,122.0,10.180041173795368,9.0,11.0,1.0,16308.489841024635,10000.0,19000.0,1.0,16.5,17.770266947727446,19.0,1.0,23448.49101870389,10000.0,25000.0,1.0,19.116709310965494,17.0,20.0,1.0,0.0,111.0,1.0,43.0
91.0,24.0,91.0,21.0,-721.0,911.0,11.0,-711.0,15.53262272736857,12.0,17.0,30000.0,18000.0,36000.0,1.0,24.521298668426095,20.0,25.0,1.0,18000.0,33969.21717451295,36000.0,1.0,25.003992515784855,20.0,26.0,1.0,722.0,15.133024544221374,12.0,17.0,1.0,23690.276117003465,18000.0,36000.0,1.0,20.0,22.988943327063804,25.0,1.0,27684.896988759894,18000.0,36000.0,1.0,23.474726501063177,20.0,26.0,1.0,1.0,91121.0,7.0,3.0
11.0,22.0,11.0,22.0,-121.0,11.0,11.0,-111.0,10.178095217624323,9.0,11.0,30000.0,10000.0,19000.0,0.0,24.608083909734148,16.5,19.0,0.0,10000.0,36884.128268644236,25000.0,0.0,25.901966515009146,17.0,20.0,0.0,122.0,10.194129843973977,9.0,11.0,1.0,16574.909861274773,10000.0,19000.0,1.0,16.5,17.846181754713566,19.0,1.0,23595.100485849005,10000.0,25000.0,1.0,19.165637491211648,17.0,20.0,1.0,0.0,111.0,1.0,50.0
81.0,23.0,81.0,23.0,-721.0,912.0,12.0,-711.0,15.339118846609725,12.0,17.0,30000.0,12500.0,23000.0,0.0,26.823354806792874,20.0,24.0,0.0,12500.0,33978.51481642373,26000.0,0.0,27.30387469659458,20.0,25.0,0.0,722.0,15.321727914601984,12.0,17.0,1.0,18926.808562885184,12500.0,23000.0,1.0,20.0,22.197250403639977,24.0,1.0,22835.563533216973,12500.0,26000.0,1.0,22.669344789176044,20.0,25.0,1.0,0.0,912.0,7.0,5.0
91.0,24.0,91.0,21.0,-721.0,911.0,12.0,-711.0,14.720261462257229,12.0,17.0,30000.0,18000.0,36000.0,1.0,23.655819997091296,20.0,25.0,1.0,18000.0,34487.28235935133,36000.0,1.0,24.213545555355072,20.0,26.0,1.0,721.0,14.934235446640312,12.0,17.0,1.0,27026.339675613242,18000.0,36000.0,1.0,20.0,23.216996024003087,25.0,1.0,31511.948016932525,18000.0,36000.0,1.0,23.774513518105373,20.0,26.0,1.0,1.0,91121.0,7.0,29.0
91.0,24.0,91.0,24.0,-721.0,911.0,11.0,-711.0,15.5403334489442,12.0,17.0,30000.0,18000.0,36000.0,1.0,25.63335063839821,20.0,25.0,0.0,18000.0,34450.33310219312,36000.0,1.0,26.190896613207652,20.0,26.0,0.0,721.0,15.542336576583399,12.0,17.0,1.0,23454.299986871152,18000.0,36000.0,1.0,20.0,23.52026194813839,25.0,1.0,27993.95451737387,18000.0,36000.0,1.0,24.088998276944864,20.0,26.0,1.0,0.0,91121.0,7.0,9.0
91.0,24.0,91.0,24.0,-721.0,911.0,12.0,-711.0,16.589525183350815,12.0,17.0,30000.0,18000.0,36000.0,1.0,26.70818900787335,20.0,25.0,0.0,18000.0,34547.96505964608,36000.0,1.0,27.275322256265603,20.0,26.0,0.0,721.0,14.71868750613454,12.0,17.0,1.0,29668.974127514317,18000.0,36000.0,1.0,20.0,23.491752377818752,25.0,1.0,34176.06002475902,18000.0,36000.0,1.0,24.053787976633625,20.0,26.0,1.0,0.0,91121.0,7.0,8.0
11.0,21.0,11.0,22.0,-121.0,21.0,13.0,-111.0,10.19643283915564,9.0,11.0,30000.0,10000.0,19000.0,0.0,25.85399923468783,16.5,19.0,0.0,10000.0,36934.25643872484,25000.0,0.0,27.16555811653019,17.0,20.0,0.0,122.0,10.190503537888237,9.0,11.0,1.0,13137.5195439488,10000.0,19000.0,1.0,16.5,17.214975781469676,19.0,1.0,20142.740428418656,10000.0,25000.0,1.0,18.539957017955874,17.0,20.0,1.0,0.0,211.0,1.0,9.0
11.0,22.0,11.0,22.0,-121.0,11.0,12.0,-111.0,9.994038374475105,9.0,11.0,30000.0,10000.0,19000.0,0.0,23.639157156782012,16.5,19.0,0.0,10000.0,36380.60717038424,25000.0,0.0,24.91372245894799,17.0,20.0,0.0,121.0,9.994956850226773,9.0,11.0,1.0,14804.617618384349,10000.0,19000.0,1.0,16.5,17.476900197386087,19.0,1.0,21248.291566455344,10000.0,25000.0,1.0,18.764063474072742,17.0,20.0,1.0,0.0,111.0,1.0,14.0
11.0,21.0,11.0,22.0,-121.0,21.0,12.0,-111.0,10.171957708550458,9.0,11.0,30000.0,10000.0,19000.0,0.0,24.341911458140032,16.5,19.0,0.0,10000.0,37041.94655733059,25000.0,0.0,25.67304908725705,17.0,20.0,0.0,122.0,10.196786799759847,9.0,11.0,1.0,16407.13877282209,10000.0,19000.0,1.0,16.5,17.850846230164407,19.0,1.0,23374.5200160396,10000.0,25000.0,1.0,19.16788879414073,17.0,20.0,1.0,0.0,211.0,1.0,37.0
81.0,23.0,81.0,23.0,-721.0,912.0,12.0,-711.0,14.987914624033898,12.0,17.0,30000.0,12500.0,23000.0,0.0,25.584384141213835,20.0,24.0,0.0,12500.0,34032.451642919004,26000.0,0.0,26.07826461678345,20.0,25.0,0.0,722.0,15.171307222384877,12.0,17.0,1.0,15753.28639754876,12500.0,23000.0,1.0,20.0,21.666338279033464,24.0,1.0,19783.374096717132,12500.0,26000.0,1.0,22.159929227097937,20.0,25.0,1.0,0.0,912.0,7.0,10.0
11.0,21.0,11.0,21.0,-121.0,21.0,13.0,-111.0,10.232065045666317,9.0,11.0,30000.0,10000.0,19000.0,0.0,26.90101318559093,16.5,19.0,0.0,10000.0,36852.39005877793,25000.0,0.0,28.194834095066504,17.0,20.0,0.0,122.0,10.19091992799246,9.0,11.0,1.0,12455.771559983164,10000.0,19000.0,1.0,16.5,17.007184481032382,19.0,1.0,19236.123102481364,10000.0,25000.0,1.0,18.28740357598035,17.0,20.0,1.0,0.0,211.0,1.0,34.0
11.0,21.0,11.0,21.0,-121.0,11.0,11.0,-111.0,10.186108287007695,9.0,11.0,30000.0,10000.0,19000.0,0.0,22.914494846745352,16.5,19.0,0.0,10000.0,37070.31139042226,25000.0,0.0,24.24942458149609,17.0,20.0,0.0,122.0,10.209648186133043,9.0,11.0,1.0,12166.913379012505,10000.0,19000.0,1.0,16.5,17.011695362470057,19.0,1.0,19108.9245467038,10000.0,25000.0,1.0,18.322401018132748,17.0,20.0,1.0,0.0,111.0,1.0,18.0
11.0,22.0,11.0,22.0,-121.0,21.0,13.0,-111.0,9.9916493814782,9.0,11.0,30000.0,10000.0,19000.0,0.0,26.41044827439244,16.5,19.0,0.0,10000.0,36555.37814232676,25000.0,0.0,27.71828512268833,17.0,20.0,0.0,121.0,9.98955559588801,9.0,11.0,1.0,15428.459769986239,10000.0,19000.0,1.0,16.5,17.606135904296135,19.0,1.0,21937.05303893849,10000.0,25000.0,1.0,18.904638892666085,17.0,20.0,1.0,0.0,211.0,1.0,3.0
91.0,24.0,91.0,24.0,-721.0,911.0,12.0,-711.0,15.261128444521617,12.0,17.0,30000.0,18000.0,36000.0,1.0,25.01081648144544,20.0,25.0,0.0,18000.0,34034.46136627605,36000.0,1.0,25.50302253650519,20.0,26.0,1.0,722.0,15.190243987562846,12.0,17.0,1.0,29115.456352946614,18000.0,36000.0,1.0,20.0,23.748072682206107,25.0,1.0,33073.499750317016,18000.0,36000.0,1.0,24.230955711564054,20.0,26.0,1.0,0.0,91121.0,7.0,8.0
91.0,24.0,91.0,21.0,-721.0,911.0,11.0,-711.0,15.246261066357565,12.0,17.0,30000.0,18000.0,36000.0,1.0,26.03157080515313,20.0,25.0,0.0,18000.0,34004.16121978173,36000.0,1.0,26.51932052987657,20.0,26.0,0.0,722.0,15.416071512809285,12.0,17.0,1.0,22326.488473139827,18000.0,36000.0,1.0,20.0,23.050137570217288,25.0,1.0,26350.52794176997,18000.0,36000.0,1.0,23.54030867856432,20.0,26.0,1.0,0.0,91121.0,7.0,15.0
11.0,22.0,11.0,22.0,-121.0,11.0,11.0,-111.0,10.017511419043965,9.0,11.0,30000.0,10000.0,19000.0,0.0,25.20561059374836,16.5,19.0,0.0,10000.0,36474.97671649891,25000.0,0.0,26.493698521463294,17.0,20.0,0.0,121.0,9.988264187252787,9.0,11.0,1.0,14323.644766144525,10000.0,19000.0,1.0,16.5,17.335378289001305,19.0,1.0,20779.654816158505,10000.0,25000.0,1.0,18.619693116796668,17.0,20.0,1.0,0.0,111.0,1.0,11.0
11.0,22.0,11.0,21.0,-121.0,11.0,12.0,-111.0,10.000022749559088,9.0,11.0,30000.0,10000.0,19000.0,0.0,24.679931188226327,16.5,19.0,0.0,10000.0,36532.47586654229,25000.0,0.0,25.987253829719283,17.0,20.0,0.0,121.0,10.019321808729725,9.0,11.0,1.0,14534.412579628499,10000.0,19000.0,1.0,16.5,17.440120699023957,19.0,1.0,21015.124947556313,10000.0,25000.0,1.0,18.737084083915875,17.0,20.0,1.0,0.0,111.0,1.0,10.0
91.0,24.0,91.0,24.0,-721.0,911.0,12.0,-711.0,15.063772703938847,12.0,17.0,30000.0,18000.0,36000.0,1.0,24.88965554255668,20.0,25.0,1.0,18000.0,34513.965397143555,36000.0,1.0,25.45204454155659,20.0,26.0,1.0,721.0,14.699066057795395,12.0,17.0,1.0,25505.511968899107,18000.0,36000.0,1.0,20.0,22.926141385916182,25.0,1.0,30040.930109161858,18000.0,36000.0,1.0,23.49120315390458,20.0,26.0,1.0,1.0,91121.0,7.0,1.0
92.0,24.0,92.0,24.0,-721.0,921.0,13.0,-711.0,14.903136920308068,12.0,17.0,30000.0,15000.0,28000.0,0.0,24.940296334878457,19.5,25.0,1.0,15000.0,34525.528923109974,28000.0,0.0,25.50694800920582,20.0,26.0,1.0,721.0,15.140032623863704,12.0,17.0,1.0,23387.401957769893,15000.0,28000.0,1.0,19.5,22.106755222697526,25.0,1.0,27875.785406850853,15000.0,28000.0,1.0,22.668755828517796,20.0,26.0,1.0,0.0,92122.0,7.0,25.0
11.0,22.0,11.0,21.0,-121.0,11.0,11.0,-111.0,10.201028101265848,9.0,11.0,30000.0,10000.0,19000.0,0.0,23.35205997223845,16.5,19.0,0.0,10000.0,37124.44175767241,25000.0,0.0,24.69110388588075,17.0,20.0,0.0,122.0,10.1886503956874,9.0,11.0,1.0,11676.680538902625,10000.0,19000.0,1.0,16.5,16.836193431759014,19.0,1.0,18643.32900247343,10000.0,25000.0,1.0,18.145579983145137,17.0,20.0,1.0,0.0,111.0,1.0,12.0
91.0,24.0,91.0,21.0,-721.0,911.0,11.0,-711.0,15.069012563319387,12.0,17.0,30000.0,18000.0,36000.0,1.0,25.011438450487695,20.0,25.0,0.0,18000.0,33997.30413893158,36000.0,1.0,25.49959003943419,20.0,26.0,1.0,722.0,15.354976469086228,12.0,17.0,1.0,23728.002940935723,18000.0,36000.0,1.0,20.0,23.219401539097966,25.0,1.0,27737.270152934754,18000.0,36000.0,1.0,23.70901406094413,20.0,26.0,1.0,0.0,91121.0,7.0,3.0
11.0,21.0,11.0,21.0,-121.0,11.0,11.0,-111.0,10.19180893106087,9.0,11.0,30000.0,10000.0,19000.0,0.0,24.800233603094387,16.5,19.0,0.0,10000.0,37111.31844849604,25000.0,0.0,26.142184865360996,17.0,20.0,0.0,122.0,10.204677523012336,9.0,11.0,1.0,12364.59910964492,10000.0,19000.0,1.0,16.5,17.014908882677588,19.0,1.0,19399.829310872225,10000.0,25000.0,1.0,18.342501806162797,17.0,20.0,1.0,0.0,111.0,1.0,56.0
11.0,22.0,11.0,22.0,-121.0,21.0,13.0,-111.0,9.998286602073806,9.0,11.0,30000.0,10000.0,19000.0,0.0,24.922920095750733,16.5,19.0,0.0,10000.0,36468.61291152037,25000.0,0.0,26.215950287028416,17.0,20.0,0.0,121.0,10.00110472366465,9.0,11.0,1.0,13888.680051585638,10000.0,19000.0,1.0,16.5,17.324453699973752,19.0,1.0,20355.198757995582,10000.0,25000.0,1.0,18.617065274390054,17.0,20.0,1.0,0.0,211.0,1.0,16.0
91.0,24.0,91.0,21.0,-721.0,911.0,11.0,-711.0,15.295507020973357,12.0,17.0,30000.0,18000.0,36000.0,1.0,24.9003618772934,20.0,25.0,1.0,18000.0,34093.50740568351,36000.0,1.0,25.39880411144423,20.0,26.0,1.0,722.0,15.432137410852532,12.0,17.0,1.0,20871.56121016006,18000.0,36000.0,1.0,20.0,22.855246290125564,25.0,1.0,24845.287348543956,18000.0,36000.0,1.0,23.339103466387076,20.0,26.0,1.0,1.0,91121.0,7.0,21.0
11.0,21.0,11.0,22.0,-121.0,21.0,13.0,-111.0,10.032492789499926,9.0,11.0,30000.0,10000.0,19000.0,0.0,26.589081610448854,16.5,19.0,0.0,10000.0,36489.99076443445,25000.0,0.0,27.894607917247427,17.0,20.0,0.0,121.0,10.01833584442792,9.0,11.0,1.0,12396.300447528765,10000.0,19000.0,1.0,16.5,17.047217480513915,19.0,1.0,18915.459481345726,10000.0,25000.0,1.0,18.358611275323618,17.0,20.0,1.0,0.0,211.0,1.0,52.0
11.0,22.0,11.0,22.0,-121.0,21.0,12.0,-111.0,10.005403372129797,9.0,11.0,30000.0,10000.0,19000.0,0.0,24.46243022494763,16.5,19.0,0.0,10000.0,36456.71174572481,25000.0,0.0,25.747785458090952,17.0,20.0,0.0,121.0,9.990077442962187,9.0,11.0,1.0,16233.577992704737,10000.0,19000.0,1.0,16.5,17.773382670578762,19.0,1.0,22794.063196790863,10000.0,25000.0,1.0,19.079396369365128,17.0,20.0,1.0,0.0,211.0,1.0,23.0
11.0,21.0,11.0,22.0,-121.0,11.0,11.0,-111.0,10.193261046825715,9.0,11.0,30000.0,10000.0,19000.0,0.0,24.18789138781709,16.5,19.0,0.0,10000.0,36973.72337980853,25000.0,0.0,25.505410883955022,17.0,20.0,0.0,122.0,10.167059554998026,9.0,11.0,1.0,16127.462589183871,10000.0,19000.0,1.0,16.5,17.709382560798566,19.0,1.0,23049.088587966522,10000.0,25000.0,1.0,19.017059493436197,17.0,20.0,1.0,0.0,111.0,1.0,43.0
81.0,23.0,81.0,23.0,-721.0,912.0,11.0,-711.0,15.38698226037576,12.0,17.0,30000.0,12500.0,23000.0,0.0,26.85598250208525,20.0,24.0,0.0,12500.0,34422.220569851874,26000.0,0.0,27.40867386042258,20.0,25.0,0.0,721.0,14.563149073950699,12.0,17.0,1.0,16735.37871704962,12500.0,23000.0,1.0,20.0,21.201700463288017,24.0,1.0,21219.930113457805,12500.0,26000.0,1.0,21.7621819597814,20.0,25.0,1.0,0.0,912.0,7.0,17.0
11.0,21.0,11.0,22.0,-121.0,11.0,11.0,-111.0,9.989564813360408,9.0,11.0,30000.0,10000.0,19000.0,0.0,24.33831746650823,16.5,19.0,0.0,10000.0,36553.36732655864,25000.0,0.0,25.64374222463357,17.0,20.0,0.0,121.0,9.997376424051946,9.0,11.0,1.0,19317.87174649409,10000.0,19000.0,0.0,16.5,18.395227930208833,19.0,1.0,25820.90874138279,10000.0,25000.0,0.0,19.69062693244829,17.0,20.0,1.0,0.0,111.0,1.0,29.0
11.0,22.0,11.0,22.0,-121.0,21.0,13.0,-111.0,10.00744033308882,9.0,11.0,30000.0,10000.0,19000.0,0.0,25.579386090180435,16.5,19.0,0.0,10000.0,36442.27307208853,25000.0,0.0,26.867459683482696,17.0,20.0,0.0,121.0,10.017150729820584,9.0,11.0,1.0,14326.265437953065,10000.0,19000.0,1.0,16.5,17.414710997473133,19.0,1.0,20846.53701592462,10000.0,25000.0,1.0,18.718379678816635,17.0,20.0,1.0,0.0,211.0,1.0,21.0
11.0,22.0,11.0,22.0,-121.0,11.0,11.0,-111.0,10.00329386751838,9.0,11.0,30000.0,10000.0,19000.0,0.0,23.495333751921244,16.5,19.0,0.0,10000.0,36499.8027535108,25000.0,0.0,24.795582423267895,17.0,20.0,0.0,121.0,10.016500331929937,9.0,11.0,1.0,12144.857382099479,10000.0,19000.0,1.0,16.5,16.992211837150112,19.0,1.0,18618.35646356331,10000.0,25000.0,1.0,18.287198608108763,17.0,20.0,1.0,0.0,111.0,1.0,50.0
11.0,22.0,11.0,22.0,-121.0,21.0,13.0,-111.0,10.174908024698807,9.0,11.0,30000.0,10000.0,19000.0,0.0,24.52802816012953,16.5,19.0,0.0,10000.0,36850.959512825415,25000.0,0.0,25.821872154638417,17.0,20.0,0.0,122.0,10.193223886787763,9.0,11.0,1.0,14324.315818895804,10000.0,19000.0,1.0,16.5,17.40603557111394,19.0,1.0,21346.94553798757,10000.0,25000.0,1.0,18.732300493669182,17.0,20.0,1.0,0.0,211.0,1.0,36.0
11.0,22.0,11.0,21.0,-121.0,21.0,12.0,-111.0,10.217227671148063,9.0,11.0,30000.0,10000.0,19000.0,0.0,25.076083980873726,16.5,19.0,0.0,10000.0,37081.35367929467,25000.0,0.0,26.417649199968267,17.0,20.0,0.0,122.0,10.212172124415021,9.0,11.0,1.0,12717.745966389213,10000.0,19000.0,1.0,16.5,17.093792934314937,19.0,1.0,19719.60559447627,10000.0,25000.0,1.0,18.42029797437381,17.0,20.0,1.0,0.0,211.0,1.0,53.0
11.0,22.0,11.0,22.0,-121.0,21.0,13.0,-111.0,10.211218005938704,9.0,11.0,30000.0,10000.0,19000.0,0.0,25.783577689919248,16.5,19.0,0.0,10000.0,36946.62795443662,25000.0,0.0,27.09559198737221,17.0,20.0,0.0,122.0,10.195057209069075,9.0,11.0,1.0,14007.727742900379,10000.0,19000.0,1.0,16.5,17.316597350891634,19.0,1.0,21186.577981030725,10000.0,25000.0,1.0,18.672471627372083,17.0,20.0,1.0,0.0,211.0,1.0,16.0
81.0,23.0,81.0,23.0,-721.0,912.0,12.0,-711.0,15.203891960434401,12.0,17.0,30000.0,12500.0,23000.0,0.0,25.581262033582295,20.0,24.0,0.0,12500.0,33911.3128682495,26000.0,0.0,26.0559977407334,20.0,25.0,0.0,722.0,15.087896144801615,12.0,17.0,1.0,19131.824699774123,12500.0,23000.0,1.0,20.0,21.975341979809475,24.0,1.0,23099.88081724483,12500.0,26000.0,1.0,22.456964900398233,20.0,25.0,1.0,0.0,912.0,7.0,5.0
91.0,24.0,91.0,24.0,-721.0,911.0,11.0,-711.0,15.282425659150814,12.0,17.0,30000.0,18000.0,36000.0,1.0,24.52855337097911,20.0,25.0,1.0,18000.0,34074.60617394753,36000.0,1.0,25.025035684748193,20.0,26.0,1.0,722.0,15.406460661164989,12.0,17.0,1.0,27521.267203327458,18000.0,36000.0,1.0,20.0,23.746447087069342,25.0,1.0,31565.61095155116,18000.0,36000.0,1.0,24.239241987011855,20.0,26.0,1.0,1.0,91121.0,7.0,4.0
11.0,22.0,11.0,21.0,-121.0,21.0,13.0,-111.0,10.161428403409625,9.0,11.0,30000.0,10000.0,19000.0,0.0,25.64546670987815,16.5,19.0,0.0,10000.0,36958.27342884455,25000.0,0.0,26.955811539393693,17.0,20.0,0.0,122.0,10.180630316723004,9.0,11.0,1.0,13229.932755163638,10000.0,19000.0,1.0,16.5,17.1386353254589,19.0,1.0,20113.46786547907,10000.0,25000.0,1.0,18.434905834634378,17.0,20.0,1.0,0.0,211.0,1.0,58.0
91.0,24.0,91.0,24.0,-721.0,911.0,12.0,-711.0,15.15178128846407,12.0,17.0,30000.0,18000.0,36000.0,1.0,24.335471462417587,20.0,25.0,1.0,18000.0,34017.01258021796,36000.0,1.0,24.82366113431261,20.0,26.0,1.0,722.0,15.315663158052853,12.0,17.0,1.0,24856.140044452102,18000.0,36000.0,1.0,20.0,23.372767730127627,25.0,1.0,28871.04712693788,18000.0,36000.0,1.0,23.860701519765243,20.0,26.0,1.0,1.0,91121.0,7.0,23.0
92.0,24.0,92.0,24.0,-721.0,921.0,13.0,-711.0,14.160908778622566,12.0,17.0,30000.0,15000.0,28000.0,0.0,23.682576486918393,19.5,25.0,1.0,15000.0,34481.40120407036,28000.0,0.0,24.240481814398528,20.0,26.0,1.0,721.0,14.832302163813296,12.0,17.0,1.0,18870.79771283771,15000.0,28000.0,1.0,19.5,21.203573033602783,25.0,1.0,23343.668868232853,15000.0,28000.0,1.0,21.760416425455453,20.0,26.0,1.0,0.0,92122.0,7.0,25.0
91.0,24.0,91.0,24.0,-721.0,911.0,11.0,-711.0,15.407149030432624,12.0,17.0,30000.0,18000.0,36000.0,1.0,24.81755084708446,20.0,25.0,1.0,18000.0,33907.08377376962,36000.0,1.0,25.296006521894494,20.0,26.0,1.0,722.0,15.164319904254763,12.0,17.0,1.0,23445.148824405253,18000.0,36000.0,1.0,20.0,22.9963039721317,25.0,1.0,27397.124433093173,18000.0,36000.0,1.0,23.480257034357255,20.0,26.0,1.0,1.0,91121.0,7.0,0.0
11.0,21.0,11.0,22.0,-121.0,21.0,13.0,-111.0,10.002996285399554,9.0,11.0,30000.0,10000.0,19000.0,0.0,27.237696795403767,16.5,19.0,0.0,10000.0,36515.64836595097,25000.0,0.0,28.53451040433427,17.0,20.0,0.0,121.0,9.988967198022836,9.0,11.0,1.0,13266.451634297518,10000.0,19000.0,1.0,16.5,17.130677310685158,19.0,1.0,19696.18909049507,10000.0,25000.0,1.0,18.410392016994393,17.0,20.0,1.0,0.0,211.0,1.0,59.0
11.0,21.0,11.0,22.0,-121.0,21.0,13.0,-111.0,10.008623861312419,9.0,11.0,30000.0,10000.0,19000.0,0.0,27.318317345992305,16.5,19.0,0.0,10000.0,36479.75249433329,25000.0,0.0,28.609621742471212,17.0,20.0,0.0,121.0,10.004456512423223,9.0,11.0,1.0,14464.450072208008,10000.0,19000.0,1.0,16.5,17.423304552384675,19.0,1.0,20956.46252754126,10000.0,25000.0,1.0,18.717052150444776,17.0,20.0,1.0,0.0,211.0,1.0,24.0
11.0,22.0,11.0,22.0,-121.0,11.0,11.0,-111.0,9.980196446285476,9.0,11.0,30000.0,10000.0,19000.0,0.0,26.336271973055208,16.5,19.0,0.0,10000.0,36534.319533376976,25000.0,0.0,27.638030390592096,17.0,20.0,0.0,121.0,10.005974950646044,9.0,11.0,1.0,13767.353414768528,10000.0,19000.0,1.0,16.5,17.28185582097827,19.0,1.0,20141.796188419165,10000.0,25000.0,1.0,18.551763803794415,17.0,20.0,1.0,0.0,111.0,1.0,38.0
11.0,22.0,11.0,22.0,-121.0,21.0,13.0,-111.0,9.984170246248215,9.0,11.0,30000.0,10000.0,19000.0,0.0,26.33848538120575,16.5,19.0,0.0,10000.0,36504.48809725634,25000.0,0.0,27.644357017422873,17.0,20.0,0.0,121.0,9.99108569802173,9.0,11.0,1.0,14992.076473849218,10000.0,19000.0,1.0,16.5,17.528282422848548,19.0,1.0,21482.874710321987,10000.0,25000.0,1.0,18.831405618199344,17.0,20.0,1.0,0.0,211.0,1.0,36.0
11.0,22.0,11.0,22.0,-121.0,21.0,13.0,-111.0,10.19186715740801,9.0,11.0,30000.0,10000.0,19000.0,0.0,26.204124578095424,16.5,19.0,0.0,10000.0,36971.14729677198,25000.0,0.0,27.524309468484393,17.0,20.0,0.0,122.0,10.205125631459161,9.0,11.0,1.0,13498.67584283463,10000.0,19000.0,1.0,16.5,17.241820494173567,19.0,1.0,20578.488394105945,10000.0,25000.0,1.0,18.582584239232087,17.0,20.0,1.0,0.0,211.0,1.0,47.0
11.0,22.0,11.0,22.0,-121.0,11.0,11.0,-111.0,10.010004240926147,9.0,11.0,30000.0,10000.0,19000.0,0.0,24.247913168012992,16.5,19.0,0.0,10000.0,36496.54999375147,25000.0,0.0,25.55456564180864,17.0,20.0,0.0,121.0,10.010291614935026,9.0,11.0,1.0,15199.810912099552,10000.0,19000.0,1.0,16.5,17.594680571131303,19.0,1.0,21735.02300981311,10000.0,25000.0,1.0,18.909109162071093,17.0,20.0,1.0,0.0,111.0,1.0,44.0
11.0,22.0,11.0,21.0,-121.0,11.0,11.0,-111.0,9.995318249987696,9.0,11.0,30000.0,10000.0,19000.0,0.0,25.255541608019982,16.5,19.0,0.0,10000.0,36504.67705120362,25000.0,0.0,26.561701266166022,17.0,20.0,0.0,121.0,9.99896231350509,9.0,11.0,1.0,16740.860998230924,10000.0,19000.0,1.0,16.5,17.845134008960855,19.0,1.0,23262.426245283816,10000.0,25000.0,1.0,19.154684870074167,17.0,20.0,1.0,0.0,111.0,1.0,54.0
11.0,22.0,11.0,22.0,-121.0,21.0,13.0,-111.0,10.21013715187883,9.0,11.0,30000.0,10000.0,19000.0,0.0,26.170477350408994,16.5,19.0,0.0,10000.0,36931.369808572235,25000.0,0.0,27.470754945852264,17.0,20.0,0.0,122.0,10.186802376087261,9.0,11.0,1.0,16194.667927836546,10000.0,19000.0,1.0,16.5,17.76741375136121,19.0,1.0,22991.921588498622,10000.0,25000.0,1.0,19.04253207423197,17.0,20.0,1.0,0.0,211.0,1.0,19.0
91.0,24.0,91.0,24.0,-721.0,911.0,12.0,-711.0,14.961692113138088,12.0,17.0,30000.0,18000.0,36000.0,1.0,23.76086876533805,20.0,25.0,1.0,18000.0,34098.20241149863,36000.0,1.0,24.258738613861237,20.0,26.0,1.0,722.0,15.072074511509896,12.0,17.0,1.0,23049.664721468456,18000.0,36000.0,1.0,20.0,22.89934825989272,25.0,1.0,27077.52046584981,18000.0,36000.0,1.0,23.38867204822046,20.0,26.0,1.0,1.0,91121.0,7.0,8.0
11.0,22.0,11.0,21.0,-121.0,21.0,13.0,-111.0,10.206268056856231,9.0,11.0,30000.0,10000.0,19000.0,0.0,26.276006625211256,16.5,19.0,0.0,10000.0,37154.52310782463,25000.0,0.0,27.625800869329737,17.0,20.0,0.0,122.0,10.216274871459655,9.0,11.0,1.0,11018.825794446027,10000.0,19000.0,1.0,16.5,16.778468139646073,19.0,1.0,18137.644932187362,10000.0,25000.0,1.0,18.121526363405923,17.0,20.0,1.0,0.0,211.0,1.0,2.0
11.0,22.0,11.0,22.0,-121.0,21.0,13.0,-111.0,10.194658988616062,9.0,11.0,30000.0,10000.0,19000.0,0.0,26.267233236652935,16.5,19.0,0.0,10000.0,37060.26095567387,25000.0,0.0,27.598618438070815,17.0,20.0,0.0,122.0,10.206897727436681,9.0,11.0,1.0,13815.760978869475,10000.0,19000.0,1.0,16.5,17.35709379265841,19.0,1.0,20770.42790410677,10000.0,25000.0,1.0,18.66856665225721,17.0,20.0,1.0,0.0,211.0,1.0,5.0
91.0,24.0,91.0,24.0,-721.0,911.0,11.0,-711.0,15.133706293867483,12.0,17.0,30000.0,18000.0,36000.0,1.0,25.52370500209451,20.0,25.0,0.0,18000.0,34529.74503939939,36000.0,1.0,26.092728452613635,20.0,26.0,0.0,721.0,14.818135540002547,12.0,17.0,1.0,27231.952464438436,18000.0,36000.0,1.0,20.0,23.312076551350245,25.0,1.0,31758.19809419539,18000.0,36000.0,1.0,23.88066040844144,20.0,26.0,1.0,0.0,91121.0,7.0,16.0
11.0,22.0,11.0,21.0,-121.0,11.0,11.0,-111.0,10.022170210824006,9.0,11.0,30000.0,10000.0,19000.0,0.0,24.363095556548487,16.5,19.0,0.0,10000.0,36524.69944998283,25000.0,0.0,25.67541537878694,17.0,20.0,0.0,121.0,10.004558974329216,9.0,11.0,1.0,13149.915836331998,10000.0,19000.0,1.0,16.5,17.122192441295617,19.0,1.0,19643.193294806377,10000.0,25000.0,1.0,18.428192324565714,17.0,20.0,1.0,0.0,111.0,1.0,54.0
91.0,24.0,91.0,24.0,-721.0,911.0,12.0,-711.0,14.639411151857525,12.0,17.0,30000.0,18000.0,36000.0,1.0,24.46696734058339,20.0,25.0,1.0,18000.0,34455.591730617234,36000.0,1.0,25.0231485638615,20.0,26.0,1.0,721.0,14.500340801659233,12.0,17.0,1.0,28311.85841123096,18000.0,36000.0,1.0,20.0,22.996687339065527,25.0,1.0,32801.23504910002,18000.0,36000.0,1.0,23.557085854272458,20.0,26.0,1.0,1.0,91121.0,7.0,24.0
91.0,24.0,91.0,24.0,-721.0,911.0,12.0,-711.0,14.846981898262358,12.0,17.0,30000.0,18000.0,36000.0,1.0,24.383715186031495,20.0,25.0,1.0,18000.0,34509.78595829804,36000.0,1.0,24.94594549629017,20.0,26.0,1.0,721.0,14.620198209638907,12.0,17.0,1.0,27785.487155691768,18000.0,36000.0,1.0,20.0,23.03774725358285,25.0,1.0,32262.972919009044,18000.0,36000.0,1.0,23.595950732232804,20.0,26.0,1.0,1.0,91121.0,7.0,27.0
11.0,22.0,11.0,22.0,-121.0,21.0,13.0,-111.0,9.990299235247482,9.0,11.0,30000.0,10000.0,19000.0,0.0,24.123840304122066,16.5,19.0,0.0,10000.0,36496.77483959504,25000.0,0.0,25.4241416443681,17.0,20.0,0.0,121.0,9.99997586642629,9.0,11.0,1.0,16131.072897211423,10000.0,19000.0,1.0,16.5,17.77974195536941,19.0,1.0,22672.291218915914,10000.0,25000.0,1.0,19.088938466031372,17.0,20.0,1.0,0.0,211.0,1.0,13.0
11.0,22.0,11.0,21.0,-121.0,11.0,11.0,-111.0,10.197264698712832,9.0,11.0,30000.0,10000.0,19000.0,0.0,24.240287211183883,16.5,19.0,0.0,10000.0,37016.031903136085,25000.0,0.0,25.56223380597433,17.0,20.0,0.0,122.0,10.187650656146445,9.0,11.0,1.0,14861.54723499866,10000.0,19000.0,1.0,16.5,17.4585595518406,19.0,1.0,22078.013940422374,10000.0,25000.0,1.0,18.818271668227833,17.0,20.0,1.0,0.0,111.0,1.0,12.0
91.0,24.0,91.0,24.0,-721.0,911.0,11.0,-711.0,14.640581911994172,12.0,17.0,30000.0,18000.0,36000.0,1.0,23.99663812860421,20.0,25.0,1.0,18000.0,34521.5777652196,36000.0,1.0,24.558244617936865,20.0,26.0,1.0,721.0,14.964224146810825,12.0,17.0,1.0,26860.502778458253,18000.0,36000.0,1.0,20.0,23.286633460486364,25.0,1.0,31315.208905353968,18000.0,36000.0,1.0,23.839934099961944,20.0,26.0,1.0,1.0,91121.0,7.0,0.0
91.0,24.0,91.0,24.0,-721.0,911.0,12.0,-711.0,15.148868867016663,12.0,17.0,30000.0,18000.0,36000.0,1.0,24.77838426393397,20.0,25.0,1.0,18000.0,34014.063253536464,36000.0,1.0,25.267918748690587,20.0,26.0,1.0,722.0,15.12315698073695,12.0,17.0,1.0,30954.882795986457,18000.0,36000.0,1.0,20.0,23.917918192702878,25.0,1.0,35042.22972921335,18000.0,36000.0,1.0,24.416389977674363,20.0,26.0,1.0,1.0,91121.0,7.0,1.0
11.0,22.0,11.0,22.0,-121.0,11.0,11.0,-111.0,10.225942567025152,9.0,11.0,30000.0,10000.0,19000.0,0.0,24.736891205822012,16.5,19.0,0.0,10000.0,36872.7165876427,25000.0,0.0,26.029889842556482,17.0,20.0,0.0,122.0,10.220597910158466,9.0,11.0,1.0,14862.732208327572,10000.0,19000.0,1.0,16.5,17.552529931885434,19.0,1.0,21748.426123761885,10000.0,25000.0,1.0,18.847970058375672,17.0,20.0,1.0,0.0,111.0,1.0,27.0
11.0,22.0,11.0,21.0,-121.0,11.0,12.0,-111.0,10.004453906439647,9.0,11.0,30000.0,10000.0,19000.0,0.0,25.566570719163874,16.5,19.0,0.0,10000.0,36499.697437238596,25000.0,0.0,26.86901399647411,17.0,20.0,0.0,121.0,9.988161704468155,9.0,11.0,1.0,13819.804165476853,10000.0,19000.0,1.0,16.5,17.25405281155541,19.0,1.0,20284.277536207683,10000.0,25000.0,1.0,18.549437706677004,17.0,20.0,1.0,0.0,111.0,1.0,10.0
11.0,21.0,11.0,21.0,-121.0,11.0,11.0,-111.0,10.164575878026266,9.0,11.0,30000.0,10000.0,19000.0,0.0,25.238065628687743,16.5,19.0,0.0,10000.0,37062.27361491756,25000.0,0.0,26.56434188180932,17.0,20.0,0.0,122.0,10.197002393710788,9.0,11.0,1.0,12917.514550378412,10000.0,19000.0,1.0,16.5,17.115270171662598,19.0,1.0,19921.59606049789,10000.0,25000.0,1.0,18.430618101850065,17.0,20.0,1.0,0.0,111.0,1.0,18.0
11.0,21.0,11.0,22.0,-121.0,21.0,13.0,-111.0,10.203639993929672,9.0,11.0,30000.0,10000.0,19000.0,0.0,26.56509755423763,16.5,19.0,0.0,10000.0,37099.54133670828,25000.0,0.0,27.907161160315773,17.0,20.0,0.0,122.0,10.202997002253452,9.0,11.0,1.0,14601.717088105848,10000.0,19000.0,1.0,16.5,17.50257840831849,19.0,1.0,21596.51739758344,10000.0,25000.0,1.0,18.824842267618244,17.0,20.0,1.0,0.0,211.0,1.0,32.0
11.0,22.0,11.0,22.0,-121.0,21.0,13.0,-111.0,10.167609614151438,9.0,11.0,30000.0,10000.0,19000.0,0.0,25.775174666551635,16.5,19.0,0.0,10000.0,36906.07813884076,25000.0,0.0,27.080169362128455,17.0,20.0,0.0,122.0,10.213649803851546,9.0,11.0,1.0,15487.251407103553,10000.0,19000.0,1.0,16.5,17.68995612781498,19.0,1.0,22617.793868634093,10000.0,25000.0,1.0,19.037366322401137,17.0,20.0,1.0,0.0,211.0,1.0,13.0
11.0,22.0,11.0,22.0,-121.0,11.0,11.0,-111.0,10.013792596112728,9.0,11.0,30000.0,10000.0,19000.0,0.0,25.49802029922916,16.5,19.0,0.0,10000.0,36524.255737606196,25000.0,0.0,26.80597207283279,17.0,20.0,0.0,121.0,9.997712625897275,9.0,11.0,1.0,15256.851690156214,10000.0,19000.0,1.0,16.5,17.618351475465605,19.0,1.0,21811.24457482552,10000.0,25000.0,1.0,18.932345001038787,17.0,20.0,1.0,0.0,111.0,1.0,44.0
11.0,22.0,11.0,22.0,-121.0,21.0,13.0,-111.0,10.018676611068422,9.0,11.0,30000.0,10000.0,19000.0,0.0,26.293046362170486,16.5,19.0,0.0,10000.0,36476.241301136004,25000.0,0.0,27.593174143465056,17.0,20.0,0.0,121.0,9.98600110827597,9.0,11.0,1.0,13555.884863776768,10000.0,19000.0,1.0,16.5,17.228417457894256,19.0,1.0,19967.758854030024,10000.0,25000.0,1.0,18.515623279491123,17.0,20.0,1.0,0.0,211.0,1.0,13.0
11.0,21.0,11.0,22.0,-121.0,11.0,12.0,-111.0,10.189835965736957,9.0,11.0,30000.0,10000.0,19000.0,0.0,24.23894168469713,16.5,19.0,0.0,10000.0,36935.03841067223,25000.0,0.0,25.54758815965536,17.0,20.0,0.0,122.0,10.191683391319506,9.0,11.0,1.0,16680.78233280861,10000.0,19000.0,1.0,16.5,17.888131291561116,19.0,1.0,23813.966579875483,10000.0,25000.0,1.0,19.234168020901564,17.0,20.0,1.0,0.0,111.0,1.0,7.0
11.0,22.0,11.0,21.0,-121.0,11.0,11.0,-111.0,10.185984464530405,9.0,11.0,30000.0,10000.0,19000.0,0.0,24.068786135251905,16.5,19.0,0.0,10000.0,36968.02032870817,25000.0,0.0,25.387300929265297,17.0,20.0,0.0,122.0,10.206523173558653,9.0,11.0,1.0,14477.800911325465,10000.0,19000.0,1.0,16.5,17.425881087111712,19.0,1.0,21548.474369301322,10000.0,25000.0,1.0,18.763820289092685,17.0,20.0,1.0,0.0,111.0,1.0,1.0
11.0,22.0,11.0,22.0,-121.0,21.0,13.0,-111.0,9.995316210682855,9.0,11.0,30000.0,10000.0,19000.0,0.0,25.995206767733603,16.5,19.0,0.0,10000.0,36451.20735265361,25000.0,0.0,27.281912263507195,17.0,20.0,0.0,121.0,9.99711625798592,9.0,11.0,1.0,15740.705528436734,10000.0,19000.0,1.0,16.5,17.671087840394847,19.0,1.0,22235.80530289778,10000.0,25000.0,1.0,18.96654776263083,17.0,20.0,1.0,0.0,211.0,1.0,16.0
91.0,24.0,91.0,24.0,-721.0,911.0,12.0,-711.0,15.718277443925453,12.0,17.0,30000.0,18000.0,36000.0,1.0,25.468843440077116,20.0,25.0,0.0,18000.0,34535.62780878328,36000.0,1.0,26.032822315379352,20.0,26.0,0.0,721.0,14.787546006998777,12.0,17.0,1.0,31309.398500831474,18000.0,36000.0,1.0,20.0,23.761941921394666,25.0,1.0,35813.8814485765,18000.0,36000.0,1.0,24.322048114801404,20.0,26.0,1.0,0.0,91121.0,7.0,27.0
91.0,21.0,91.0,24.0,-721.0,911.0,11.0,-711.0,15.496876992636116,12.0,17.0,30000.0,18000.0,36000.0,1.0,24.754529830709814,20.0,25.0,1.0,18000.0,33935.584604239164,36000.0,1.0,25.232706909874846,20.0,26.0,1.0,722.0,15.143951695231994,12.0,17.0,1.0,25942.820976052037,18000.0,36000.0,1.0,20.0,23.29331934410418,25.0,1.0,29897.240385910514,18000.0,36000.0,1.0,23.77378486914025,20.0,26.0,1.0,1.0,91121.0,7.0,18.0
11.0,21.0,11.0,22.0,-121.0,11.0,11.0,-111.0,10.01122557066883,9.0,11.0,30000.0,10000.0,19000.0,0.0,24.655016343168185,16.5,19.0,0.0,10000.0,36591.63701775456,25000.0,0.0,25.97298735489855,17.0,20.0,0.0,121.0,9.99807525016136,9.0,11.0,1.0,14912.630792351121,10000.0,19000.0,1.0,16.5,17.454974320220966,19.0,1.0,21397.05903100229,10000.0,25000.0,1.0,18.751509372616695,17.0,20.0,1.0,0.0,111.0,1.0,29.0
11.0,22.0,11.0,22.0,-121.0,21.0,13.0,-111.0,10.215555346049527,9.0,11.0,30000.0,10000.0,19000.0,0.0,27.670095457467717,16.5,19.0,0.0,10000.0,36945.573091326354,25000.0,0.0,28.98342997609809,17.0,20.0,0.0,122.0,10.191858224932696,9.0,11.0,1.0,13756.303860055126,10000.0,19000.0,1.0,16.5,17.359579756857695,19.0,1.0,20818.522066215693,10000.0,25000.0,1.0,18.6949706348017,17.0,20.0,1.0,0.0,211.0,1.0,19.0
91.0,24.0,91.0,21.0,-721.0,911.0,11.0,-711.0,15.318375132848464,12.0,17.0,30000.0,18000.0,36000.0,1.0,24.87319639963122,20.0,25.0,1.0,18000.0,34501.808582230806,36000.0,1.0,25.434142275411443,20.0,26.0,1.0,721.0,14.861334487360095,12.0,17.0,1.0,25212.929000496322,18000.0,36000.0,1.0,20.0,23.005066726641516,25.0,1.0,29686.793699166155,18000.0,36000.0,1.0,23.562530667117187,20.0,26.0,1.0,1.0,91121.0,7.0,15.0
91.0,24.0,91.0,21.0,-721.0,911.0,12.0,-711.0,14.936057047730264,12.0,17.0,30000.0,18000.0,36000.0,1.0,24.72555223478574,20.0,25.0,1.0,18000.0,34467.534183837844,36000.0,1.0,25.28585887448506,20.0,26.0,1.0,721.0,14.634796579658856,12.0,17.0,1.0,21622.68824887254,18000.0,36000.0,1.0,20.0,22.263572576622646,25.0,1.0,26167.362816853714,18000.0,36000.0,1.0,22.833553964772875,20.0,26.0,1.0,1.0,91121.0,7.0,14.0
92.0,24.0,92.0,24.0,-721.0,921.0,13.0,-711.0,15.179775000503712,12.0,17.0,30000.0,15000.0,28000.0,0.0,23.769217280012626,19.5,25.0,1.0,15000.0,34027.444391103374,28000.0,0.0,24.260701690350132,20.0,26.0,1.0,722.0,15.251498888701608,12.0,17.0,1.0,22132.126876889568,15000.0,28000.0,1.0,19.5,22.037308656142773,25.0,1.0,26074.145843372356,15000.0,28000.0,1.0,22.51836827587604,20.0,26.0,1.0,0.0,92122.0,7.0,22.0
11.0,21.0,11.0,21.0,-121.0,11.0,11.0,-111.0,10.196605488151302,9.0,11.0,30000.0,10000.0,19000.0,0.0,27.41029394737878,16.5,19.0,0.0,10000.0,37205.7448007591,25000.0,0.0,28.77562854002007,17.0,20.0,0.0,122.0,10.21335064796667,9.0,11.0,1.0,14286.362025629329,10000.0,19000.0,1.0,16.5,17.43477903421423,19.0,1.0,21432.465562288737,10000.0,25000.0,1.0,18.788812882341837,17.0,20.0,1.0,0.0,111.0,1.0,18.0
11.0,22.0,11.0,22.0,-121.0,21.0,12.0,-111.0,10.225962899450359,9.0,11.0,30000.0,10000.0,19000.0,0.0,23.954821997398,16.5,19.0,0.0,10000.0,37170.90735312385,25000.0,0.0,25.312945979729346,17.0,20.0,0.0,122.0,10.210201503662283,9.0,11.0,1.0,15868.86291921124,10000.0,19000.0,1.0,16.5,17.731820842965437,19.0,1.0,23109.548487805383,10000.0,25000.0,1.0,19.10316037295453,17.0,20.0,1.0,0.0,211.0,1.0,25.0
91.0,24.0,91.0,24.0,-721.0,911.0,12.0,-711.0,15.290872045287314,12.0,17.0,30000.0,18000.0,36000.0,1.0,24.234641806580456,20.0,25.0,1.0,18000.0,34454.988452162295,36000.0,1.0,24.79387699025004,20.0,26.0,1.0,721.0,14.708576594048932,12.0,17.0,1.0,25312.03930186477,18000.0,36000.0,1.0,20.0,22.94212864179033,25.0,1.0,29867.570906926398,18000.0,36000.0,1.0,23.513985018350123,20.0,26.0,1.0,1.0,91121.0,7.0,8.0
11.0,21.0,11.0,22.0,-121.0,11.0,11.0,-111.0,10.20362197044306,9.0,11.0,30000.0,10000.0,19000.0,0.0,23.789017298558242,16.5,19.0,0.0,10000.0,37078.758647289585,25000.0,0.0,25.12435696813179,17.0,20.0,0.0,122.0,10.232890896998569,9.0,11.0,1.0,16237.712719960025,10000.0,19000.0,1.0,16.5,17.8237233605874,19.0,1.0,23294.72374033092,10000.0,25000.0,1.0,19.154960549713373,17.0,20.0,1.0,0.0,111.0,1.0,35.0
92.0,24.0,92.0,24.0,-721.0,921.0,13.0,-711.0,15.085361198361458,12.0,17.0,30000.0,15000.0,28000.0,0.0,25.050272552504914,19.5,25.0,0.0,15000.0,33947.67151931369,28000.0,0.0,25.53043536976271,20.0,26.0,1.0,722.0,15.219458355477101,12.0,17.0,1.0,17824.934217144233,15000.0,28000.0,1.0,19.5,21.457994097452378,25.0,1.0,21698.00425845394,15000.0,28000.0,1.0,21.929082994634822,20.0,26.0,1.0,0.0,92122.0,7.0,25.0
11.0,22.0,11.0,21.0,-121.0,11.0,12.0,-111.0,10.003644484577968,9.0,11.0,30000.0,10000.0,19000.0,0.0,24.027520251448735,16.5,19.0,0.0,10000.0,36498.81905472369,25000.0,0.0,25.32848346128525,17.0,20.0,0.0,121.0,10.013508503004472,9.0,11.0,1.0,13052.779865509994,10000.0,19000.0,1.0,16.5,17.108034922489537,19.0,1.0,19519.751261527505,10000.0,25000.0,1.0,18.40262272289439,17.0,20.0,1.0,0.0,111.0,1.0,45.0
11.0,22.0,11.0,22.0,-121.0,21.0,13.0,-111.0,9.992262538299178,9.0,11.0,30000.0,10000.0,19000.0,0.0,25.151531849260405,16.5,19.0,0.0,10000.0,36563.9229840045,25000.0,0.0,26.463847128443152,17.0,20.0,0.0,121.0,9.992621898519634,9.0,11.0,1.0,13363.962145275262,10000.0,19000.0,1.0,16.5,17.243320055545983,19.0,1.0,19884.18693750947,10000.0,25000.0,1.0,18.546898820776242,17.0,20.0,1.0,0.0,211.0,1.0,21.0
11.0,22.0,11.0,22.0,-121.0,21.0,13.0,-111.0,10.209641081242744,9.0,11.0,30000.0,10000.0,19000.0,0.0,25.977548621633165,16.5,19.0,0.0,10000.0,37032.79488506446,25000.0,0.0,27.309386036735443,17.0,20.0,0.0,122.0,10.181907168091485,9.0,11.0,1.0,12447.865231194188,10000.0,19000.0,1.0,16.5,17.10111977495182,19.0,1.0,19479.192507859618,10000.0,25000.0,1.0,18.43267926132043,17.0,20.0,1.0,0.0,211.0,1.0,31.0
11.0,22.0,11.0,22.0,-121.0,11.0,11.0,-111.0,10.016169806976494,9.0,11.0,30000.0,10000.0,19000.0,0.0,24.789608216638,16.5,19.0,0.0,10000.0,36575.03708226633,25000.0,0.0,26.107496946223566,17.0,20.0,0.0,121.0,10.012919973678416,9.0,11.0,1.0,15922.367238539557,10000.0,19000.0,1.0,16.5,17.711350736760238,19.0,1.0,22361.721070714942,10000.0,25000.0,1.0,19.002043357205874,17.0,20.0,1.0,0.0,111.0,1.0,57.0
11.0,22.0,11.0,22.0,-121.0,11.0,11.0,-111.0,10.231448426900515,9.0,11.0,30000.0,10000.0,19000.0,0.0,26.095715218759644,16.5,19.0,0.0,10000.0,37072.636134058506,25000.0,0.0,27.431803627914988,17.0,20.0,0.0,122.0,10.236616828181372,9.0,11.0,1.0,15423.522050114982,10000.0,19000.0,1.0,16.5,17.709678548064186,19.0,1.0,22387.6926028039,10000.0,25000.0,1.0,19.02527677458984,17.0,20.0,1.0,0.0,111.0,1.0,38.0
11.0,22.0,11.0,22.0,-121.0,21.0,13.0,-111.0,10.21146466180235,9.0,11.0,30000.0,10000.0,19000.0,0.0,24.901017232939818,16.5,19.0,0.0,10000.0,37074.22409078531,25000.0,0.0,26.235206601951614,17.0,20.0,0.0,122.0,10.208042481810999,9.0,11.0,1.0,14014.38962898638,10000.0,19000.0,1.0,16.5,17.429396034780964,19.0,1.0,20881.764734547833,10000.0,25000.0,1.0,18.72457395694928,17.0,20.0,1.0,0.0,211.0,1.0,3.0
11.0,22.0,11.0,22.0,-121.0,21.0,13.0,-111.0,10.217670535498819,9.0,11.0,30000.0,10000.0,19000.0,0.0,26.019933707388535,16.5,19.0,0.0,10000.0,36900.274369213665,25000.0,0.0,27.32276352336787,17.0,20.0,0.0,122.0,10.195440873624959,9.0,11.0,1.0,13440.687015924479,10000.0,19000.0,1.0,16.5,17.24529574622691,19.0,1.0,20410.531801862027,10000.0,25000.0,1.0,18.56126104180722,17.0,20.0,1.0,0.0,211.0,1.0,41.0
91.0,24.0,91.0,24.0,-721.0,911.0,12.0,-711.0,15.350421011026654,12.0,17.0,30000.0,18000.0,36000.0,1.0,24.800979459475318,20.0,25.0,1.0,18000.0,34509.34782489358,36000.0,1.0,25.36514144105721,20.0,26.0,1.0,721.0,15.297409831028677,12.0,17.0,1.0,28170.655621007918,18000.0,36000.0,1.0,20.0,23.76889298824573,25.0,1.0,32635.91853380559,18000.0,36000.0,1.0,24.327539531158514,20.0,26.0,1.0,1.0,91121.0,7.0,27.0
11.0,21.0,11.0,21.0,-121.0,11.0,11.0,-111.0,10.015970404805385,9.0,11.0,30000.0,10000.0,19000.0,0.0,27.196564374823097,16.5,19.0,0.0,10000.0,36565.461565888174,25000.0,0.0,28.506144638782516,17.0,20.0,0.0,121.0,10.010142547456466,9.0,11.0,1.0,13573.020958865296,10000.0,19000.0,1.0,16.5,17.18029192982679,19.0,1.0,20111.716204629665,10000.0,25000.0,1.0,18.484533247815513,17.0,20.0,1.0,0.0,111.0,1.0,18.0
92.0,24.0,92.0,24.0,-721.0,921.0,13.0,-711.0,15.009309215740487,12.0,17.0,30000.0,15000.0,28000.0,0.0,24.676613220919442,19.5,25.0,1.0,15000.0,34508.43986379757,28000.0,0.0,25.23964284798285,20.0,26.0,1.0,721.0,14.273308595156726,12.0,17.0,1.0,22096.6216445675,15000.0,28000.0,1.0,19.5,21.056947363686323,25.0,1.0,26671.71080124718,15000.0,28000.0,1.0,21.628300385903955,20.0,26.0,1.0,0.0,92122.0,7.0,20.0
11.0,22.0,11.0,22.0,-121.0,21.0,13.0,-111.0,9.999528174815774,9.0,11.0,30000.0,10000.0,19000.0,0.0,24.876030836051022,16.5,19.0,0.0,10000.0,36460.70184731713,25000.0,0.0,26.165916989045527,17.0,20.0,0.0,121.0,10.000659149415863,9.0,11.0,1.0,12800.200432361044,10000.0,19000.0,1.0,16.5,17.098335461235006,19.0,1.0,19309.400141889542,10000.0,25000.0,1.0,18.39790426518519,17.0,20.0,1.0,0.0,211.0,1.0,21.0
91.0,21.0,91.0,24.0,-721.0,911.0,12.0,-711.0,15.113351593080804,12.0,17.0,30000.0,18000.0,36000.0,1.0,24.555174926775305,20.0,25.0,1.0,18000.0,34494.027380669075,36000.0,1.0,25.12000142111571,20.0,26.0,1.0,721.0,16.163823690228973,12.0,17.0,1.0,26170.224448640052,18000.0,36000.0,1.0,20.0,24.44109709642234,25.0,1.0,30646.6054135269,18000.0,36000.0,1.0,25.00370572195161,20.0,26.0,1.0,1.0,91121.0,7.0,26.0
11.0,21.0,11.0,21.0,-121.0,21.0,13.0,-111.0,9.997357798692299,9.0,11.0,30000.0,10000.0,19000.0,0.0,26.51907583899779,16.5,19.0,0.0,10000.0,36470.1590227494,25000.0,0.0,27.815448506970323,17.0,20.0,0.0,121.0,10.007530467839258,9.0,11.0,1.0,14113.23310250282,10000.0,19000.0,1.0,16.5,17.28253881260443,19.0,1.0,20656.384763851627,10000.0,25000.0,1.0,18.59353641658097,17.0,20.0,1.0,0.0,211.0,1.0,34.0
11.0,22.0,11.0,22.0,-121.0,21.0,13.0,-111.0,10.195350976208951,9.0,11.0,30000.0,10000.0,19000.0,0.0,25.78497827187016,16.5,19.0,0.0,10000.0,36926.080738972545,25000.0,0.0,27.09489507184971,17.0,20.0,0.0,122.0,10.197665765833312,9.0,11.0,1.0,13609.589325451087,10000.0,19000.0,1.0,16.5,17.306073826139222,19.0,1.0,20884.817806785904,10000.0,25000.0,1.0,18.682024290846616,17.0,20.0,1.0,0.0,211.0,1.0,5.0
11.0,22.0,11.0,22.0,-121.0,11.0,11.0,-111.0,10.19021264017474,9.0,11.0,30000.0,10000.0,19000.0,0.0,25.611535658054066,16.5,19.0,0.0,10000.0,37022.43586640128,25000.0,0.0,26.928482289655896,17.0,20.0,0.0,122.0,10.198657147903852,9.0,11.0,1.0,15858.651778207712,10000.0,19000.0,1.0,16.5,17.7182830312476,19.0,1.0,22865.51021360053,10000.0,25000.0,1.0,19.0323083623654,17.0,20.0,1.0,0.0,111.0,1.0,38.0
11.0,22.0,11.0,21.0,-121.0,21.0,13.0,-111.0,10.010708718766109,9.0,11.0,30000.0,10000.0,19000.0,0.0,25.73478383399194,16.5,19.0,0.0,10000.0,36486.539071383464,25000.0,0.0,27.03635374051262,17.0,20.0,0.0,121.0,10.02078927075387,9.0,11.0,1.0,12693.731020018671,10000.0,19000.0,1.0,16.5,17.023856029718168,19.0,1.0,19226.26628062852,10000.0,25000.0,1.0,18.33465539667266,17.0,20.0,1.0,0.0,211.0,1.0,33.0
81.0,23.0,81.0,23.0,-721.0,912.0,12.0,-711.0,16.20229355963445,12.0,17.0,30000.0,12500.0,23000.0,0.0,27.539712792630283,20.0,24.0,0.0,12500.0,34563.891146484406,26000.0,0.0,28.110834497815908,20.0,25.0,0.0,721.0,14.823970044583918,12.0,17.0,1.0,17258.28664290072,12500.0,23000.0,1.0,20.0,21.626918316607956,24.0,1.0,21748.335651610763,12500.0,26000.0,1.0,22.188799475451294,20.0,25.0,1.0,0.0,912.0,7.0,31.0
11.0,22.0,11.0,22.0,-121.0,21.0,13.0,-111.0,10.181901774573076,9.0,11.0,30000.0,10000.0,19000.0,0.0,26.792338590153378,16.5,19.0,0.0,10000.0,36932.25704429499,25000.0,0.0,28.09957723603877,17.0,20.0,0.0,122.0,10.170523546959814,9.0,11.0,1.0,13964.037363541056,10000.0,19000.0,1.0,16.5,17.343539991954206,19.0,1.0,20908.453813727378,10000.0,25000.0,1.0,18.65307157723734,17.0,20.0,1.0,0.0,211.0,1.0,22.0
91.0,24.0,91.0,21.0,-721.0,911.0,11.0,-711.0,15.006600947793077,12.0,17.0,30000.0,18000.0,36000.0,1.0,25.202073852000648,20.0,25.0,0.0,18000.0,34473.528521806365,36000.0,1.0,25.76102929283769,20.0,26.0,1.0,721.0,15.538319990740074,12.0,17.0,1.0,24459.301680945948,18000.0,36000.0,1.0,20.0,23.519156852447885,25.0,1.0,28959.346214763227,18000.0,36000.0,1.0,24.081425398166356,20.0,26.0,1.0,0.0,91121.0,7.0,15.0
11.0,22.0,11.0,21.0,-121.0,11.0,11.0,-111.0,9.984812480658697,9.0,11.0,30000.0,10000.0,19000.0,0.0,24.29584856070536,16.5,19.0,0.0,10000.0,36464.76911455992,25000.0,0.0,25.588461624216418,17.0,20.0,0.0,121.0,10.009349298865803,9.0,11.0,1.0,13662.875648988165,10000.0,19000.0,1.0,16.5,17.234997281129118,19.0,1.0,20205.550610129252,10000.0,25000.0,1.0,18.54318740752211,17.0,20.0,1.0,0.0,111.0,1.0,54.0
11.0,22.0,11.0,22.0,-121.0,21.0,13.0,-111.0,10.222994711602535,9.0,11.0,30000.0,10000.0,19000.0,0.0,27.62819371627745,16.5,19.0,0.0,10000.0,37012.59622546981,25000.0,0.0,28.9622624385254,17.0,20.0,0.0,122.0,10.181400827275388,9.0,11.0,1.0,14969.507104686068,10000.0,19000.0,1.0,16.5,17.554337134887337,19.0,1.0,22130.318128542425,10000.0,25000.0,1.0,18.91660208009528,17.0,20.0,1.0,0.0,211.0,1.0,5.0
11.0,21.0,11.0,22.0,-121.0,11.0,12.0,-111.0,10.20461894798762,9.0,11.0,30000.0,10000.0,19000.0,0.0,25.066554049863896,16.5,19.0,0.0,10000.0,37005.6168769235,25000.0,0.0,26.38742016702897,17.0,20.0,0.0,122.0,10.212821319936976,9.0,11.0,1.0,15774.379301269631,10000.0,19000.0,1.0,16.5,17.71678693036469,19.0,1.0,22758.66021651339,10000.0,25000.0,1.0,19.033630282746163,17.0,20.0,1.0,0.0,111.0,1.0,51.0
91.0,24.0,91.0,24.0,-721.0,911.0,12.0,-711.0,15.484976202547998,12.0,17.0,30000.0,18000.0,36000.0,1.0,25.045735242992475,20.0,25.0,0.0,18000.0,34476.27991061931,36000.0,1.0,25.605294348555688,20.0,26.0,1.0,721.0,15.333210477047732,12.0,17.0,1.0,29210.0784852013,18000.0,36000.0,1.0,20.0,24.099801992260588,25.0,1.0,33774.22583409453,18000.0,36000.0,1.0,24.67034500100913,20.0,26.0,1.0,0.0,91121.0,7.0,8.0
81.0,21.0,81.0,23.0,-721.0,912.0,12.0,-711.0,15.709232507671281,12.0,17.0,30000.0,12500.0,23000.0,0.0,27.701489119846983,20.0,24.0,0.0,12500.0,34556.3476510241,26000.0,0.0,28.273016106266468,20.0,25.0,0.0,721.0,15.497951848313708,12.0,17.0,1.0,18593.616786905637,12500.0,23000.0,1.0,20.0,22.423528755847975,24.0,1.0,23059.20080266661,12500.0,26000.0,1.0,22.983670775423075,20.0,25.0,1.0,0.0,912.0,7.0,7.0
11.0,22.0,11.0,22.0,-121.0,11.0,11.0,-111.0,9.997691331441722,9.0,11.0,30000.0,10000.0,19000.0,0.0,23.849463753014355,16.5,19.0,0.0,10000.0,36512.0967988493,25000.0,0.0,25.149826450746126,17.0,20.0,0.0,121.0,9.99941790327078,9.0,11.0,1.0,17268.071518123932,10000.0,19000.0,1.0,16.5,17.97021821948277,19.0,1.0,23770.75443500083,10000.0,25000.0,1.0,19.268701113929072,17.0,20.0,1.0,0.0,111.0,1.0,57.0
11.0,21.0,11.0,22.0,-121.0,11.0,11.0,-111.0,10.177919384291254,9.0,11.0,30000.0,10000.0,19000.0,0.0,25.320091272128405,16.5,19.0,0.0,10000.0,36995.53875981112,25000.0,0.0,26.64078791524699,17.0,20.0,0.0,122.0,10.19855518517963,9.0,11.0,1.0,18410.102239943062,10000.0,19000.0,1.0,16.5,18.18621050131177,19.0,1.0,25526.565287626527,10000.0,25000.0,0.0,19.529736594248003,17.0,20.0,1.0,0.0,111.0,1.0,29.0
11.0,22.0,11.0,22.0,-121.0,11.0,11.0,-111.0,9.999906630468528,9.0,11.0,30000.0,10000.0,19000.0,0.0,25.16820531098584,16.5,19.0,0.0,10000.0,36469.79375635014,25000.0,0.0,26.460146928011525,17.0,20.0,0.0,121.0,10.00556371700586,9.0,11.0,1.0,15402.97783573246,10000.0,19000.0,1.0,16.5,17.592053374651584,19.0,1.0,21955.613301213925,10000.0,25000.0,1.0,18.90053750534662,17.0,20.0,1.0,0.0,111.0,1.0,38.0
11.0,22.0,11.0,22.0,-121.0,21.0,13.0,-111.0,9.979554051904659,9.0,11.0,30000.0,10000.0,19000.0,0.0,25.369357314588335,16.5,19.0,0.0,10000.0,36399.11179540696,25000.0,0.0,26.65279355409651,17.0,20.0,0.0,121.0,9.991505940135603,9.0,11.0,1.0,14049.54888623399,10000.0,19000.0,1.0,16.5,17.381499963676728,19.0,1.0,20580.543057922412,10000.0,25000.0,1.0,18.691387158643064,17.0,20.0,1.0,0.0,211.0,1.0,21.0
11.0,22.0,11.0,22.0,-121.0,11.0,12.0,-111.0,10.18200744098012,9.0,11.0,30000.0,10000.0,19000.0,0.0,23.08658897513773,16.5,19.0,0.0,10000.0,37009.305862031964,25000.0,0.0,24.403167420811307,17.0,20.0,0.0,122.0,10.196226818799975,9.0,11.0,1.0,15991.534926134444,10000.0,19000.0,1.0,16.5,17.721299219317558,19.0,1.0,22931.7324541047,10000.0,25000.0,1.0,19.02489684423185,17.0,20.0,1.0,0.0,111.0,1.0,42.0
11.0,22.0,11.0,22.0,-121.0,21.0,13.0,-111.0,10.216060745773364,9.0,11.0,30000.0,10000.0,19000.0,0.0,25.348092033348255,16.5,19.0,0.0,10000.0,36902.95766737222,25000.0,0.0,26.648429248812462,17.0,20.0,0.0,122.0,10.217910568849689,9.0,11.0,1.0,13845.929098189225,10000.0,19000.0,1.0,16.5,17.3446658136125,19.0,1.0,20743.34242281216,10000.0,25000.0,1.0,18.643958619483087,17.0,20.0,1.0,0.0,211.0,1.0,28.0
11.0,21.0,11.0,22.0,-121.0,11.0,11.0,-111.0,10.19360906235445,9.0,11.0,30000.0,10000.0,19000.0,0.0,27.730140715302717,16.5,19.0,0.0,10000.0,37033.98767339663,25000.0,0.0,29.0565913555205,17.0,20.0,0.0,122.0,10.185690677809971,9.0,11.0,1.0,16201.514965401771,10000.0,19000.0,1.0,16.5,17.794676884048233,19.0,1.0,23185.553198745933,10000.0,25000.0,1.0,19.111708192044734,17.0,20.0,1.0,0.0,111.0,1.0,43.0
11.0,21.0,11.0,22.0,-121.0,21.0,13.0,-111.0,10.014514906103816,9.0,11.0,30000.0,10000.0,19000.0,0.0,26.542064930740167,16.5,19.0,0.0,10000.0,36501.536981140576,25000.0,0.0,27.844689130751288,17.0,20.0,0.0,121.0,10.005335919088152,9.0,11.0,1.0,11903.979835733178,10000.0,19000.0,1.0,16.5,16.96149310061614,19.0,1.0,18333.413121489182,10000.0,25000.0,1.0,18.249670867608323,17.0,20.0,1.0,0.0,211.0,1.0,59.0
11.0,21.0,11.0,22.0,-121.0,21.0,12.0,-111.0,10.02060403188243,9.0,11.0,30000.0,10000.0,19000.0,0.0,24.66019361848435,16.5,19.0,0.0,10000.0,36538.094848662025,25000.0,0.0,25.965151799843795,17.0,20.0,0.0,121.0,9.988844917457412,9.0,11.0,1.0,15425.794575472479,10000.0,19000.0,1.0,16.5,17.578655049885974,19.0,1.0,21942.42091781415,10000.0,25000.0,1.0,18.879328266953404,17.0,20.0,1.0,0.0,211.0,1.0,37.0
11.0,21.0,11.0,21.0,-121.0,21.0,12.0,-111.0,10.178268519326776,9.0,11.0,30000.0,10000.0,19000.0,0.0,24.730551807211658,16.5,19.0,0.0,10000.0,36943.13578388151,25000.0,0.0,26.043296037246982,17.0,20.0,0.0,122.0,10.211457136194626,9.0,11.0,1.0,14200.317897260857,10000.0,19000.0,1.0,16.5,17.371710692563802,19.0,1.0,21298.300096545318,10000.0,25000.0,1.0,18.71373185807744,17.0,20.0,1.0,0.0,211.0,1.0,6.0
11.0,21.0,11.0,22.0,-121.0,21.0,13.0,-111.0,10.19067390486978,9.0,11.0,30000.0,10000.0,19000.0,0.0,26.615561205135315,16.5,19.0,0.0,10000.0,36958.30083301495,25000.0,0.0,27.927107671839373,17.0,20.0,0.0,122.0,10.203063586377453,9.0,11.0,1.0,14346.645618300076,10000.0,19000.0,1.0,16.5,17.46541091771884,19.0,1.0,21360.035422837173,10000.0,25000.0,1.0,18.787340917369825,17.0,20.0,1.0,0.0,211.0,1.0,52.0
91.0,21.0,91.0,24.0,-721.0,911.0,12.0,-711.0,14.634471627652806,12.0,17.0,30000.0,18000.0,36000.0,1.0,24.169542794153358,20.0,25.0,1.0,18000.0,34465.750000231754,36000.0,1.0,24.72780239332325,20.0,26.0,1.0,721.0,14.482263605081961,12.0,17.0,1.0,26188.655899220463,18000.0,36000.0,1.0,20.0,22.78645389251163,25.0,1.0,30719.2832166611,18000.0,36000.0,1.0,23.3528237497789,20.0,26.0,1.0,1.0,91121.0,7.0,19.0
11.0,22.0,11.0,22.0,-121.0,11.0,11.0,-111.0,10.207280213145129,9.0,11.0,30000.0,10000.0,19000.0,0.0,23.574335993061354,16.5,19.0,0.0,10000.0,36925.58228350727,25000.0,0.0,24.884259945903153,17.0,20.0,0.0,122.0,10.190479678271002,9.0,11.0,1.0,17174.587121472196,10000.0,19000.0,1.0,16.5,17.98449100577506,19.0,1.0,24130.913755656693,10000.0,25000.0,1.0,19.30023003086899,17.0,20.0,1.0,0.0,111.0,1.0,17.0
11.0,22.0,11.0,22.0,-121.0,21.0,13.0,-111.0,10.20029370292695,9.0,11.0,30000.0,10000.0,19000.0,0.0,25.21045205265824,16.5,19.0,0.0,10000.0,36987.04753093323,25000.0,0.0,26.525491977868306,17.0,20.0,0.0,122.0,10.206634205940164,9.0,11.0,1.0,14103.712633092486,10000.0,19000.0,1.0,16.5,17.391096634004604,19.0,1.0,21196.278131919327,10000.0,25000.0,1.0,18.725996212379016,17.0,20.0,1.0,0.0,211.0,1.0,3.0
11.0,21.0,11.0,22.0,-121.0,11.0,11.0,-111.0,10.213153851029212,9.0,11.0,30000.0,10000.0,19000.0,0.0,25.2089743911664,16.5,19.0,0.0,10000.0,36820.68731202528,25000.0,0.0,26.49217526028788,17.0,20.0,0.0,122.0,10.19502019447495,9.0,11.0,1.0,15784.670357668436,10000.0,19000.0,1.0,16.5,17.685088366314844,19.0,1.0,22599.74832763694,10000.0,25000.0,1.0,18.96723392938384,17.0,20.0,1.0,0.0,111.0,1.0,35.0
11.0,21.0,11.0,22.0,-121.0,21.0,13.0,-111.0,9.997140375215633,9.0,11.0,30000.0,10000.0,19000.0,0.0,28.17389519168015,16.5,19.0,0.0,10000.0,36565.4562089331,25000.0,0.0,29.489339276426968,17.0,20.0,0.0,121.0,10.006931944416268,9.0,11.0,1.0,13062.059526019528,10000.0,19000.0,1.0,16.5,17.156535699742502,19.0,1.0,19503.14974044197,10000.0,25000.0,1.0,18.447062016916657,17.0,20.0,1.0,0.0,211.0,1.0,59.0
11.0,22.0,11.0,21.0,-121.0,21.0,13.0,-111.0,10.190657161784788,9.0,11.0,30000.0,10000.0,19000.0,0.0,26.64395737632963,16.5,19.0,0.0,10000.0,36994.189727866804,25000.0,0.0,27.960665823799484,17.0,20.0,0.0,122.0,10.209560850331414,9.0,11.0,1.0,14387.424618870398,10000.0,19000.0,1.0,16.5,17.414882687248568,19.0,1.0,21196.077527924437,10000.0,25000.0,1.0,18.696662443025357,17.0,20.0,1.0,0.0,211.0,1.0,2.0
11.0,22.0,11.0,22.0,-121.0,21.0,13.0,-111.0,9.984210220940707,9.0,11.0,30000.0,10000.0,19000.0,0.0,25.2573073628328,16.5,19.0,0.0,10000.0,36511.13182436283,25000.0,0.0,26.558166316765785,17.0,20.0,0.0,121.0,9.998102813788055,9.0,11.0,1.0,13583.57133297564,10000.0,19000.0,1.0,16.5,17.230952371638253,19.0,1.0,20032.616420868417,10000.0,25000.0,1.0,18.51940701719042,17.0,20.0,1.0,0.0,211.0,1.0,36.0
11.0,22.0,11.0,21.0,-121.0,11.0,11.0,-111.0,9.9885941116595,9.0,11.0,30000.0,10000.0,19000.0,0.0,22.638733524533237,16.5,19.0,0.0,10000.0,36537.24185427559,25000.0,0.0,23.947680566392112,17.0,20.0,0.0,121.0,9.982197640934148,9.0,11.0,1.0,12058.297659570906,10000.0,19000.0,1.0,16.5,16.870846986963468,19.0,1.0,18537.51529590629,10000.0,25000.0,1.0,18.168175883108592,17.0,20.0,1.0,0.0,111.0,1.0,26.0
11.0,22.0,11.0,22.0,-121.0,21.0,13.0,-111.0,10.196057458148646,9.0,11.0,30000.0,10000.0,19000.0,0.0,26.46746667983998,16.5,19.0,0.0,10000.0,37122.438270089115,25000.0,0.0,27.809150696177785,17.0,20.0,0.0,122.0,10.198521142208216,9.0,11.0,1.0,13747.7170397822,10000.0,19000.0,1.0,16.5,17.319149578995862,19.0,1.0,20740.442953058217,10000.0,25000.0,1.0,18.636399126510188,17.0,20.0,1.0,0.0,211.0,1.0,5.0
92.0,24.0,92.0,24.0,-721.0,921.0,13.0,-711.0,15.00474913144586,12.0,17.0,30000.0,15000.0,28000.0,0.0,24.39904316945816,19.5,25.0,1.0,15000.0,34003.35025533112,28000.0,0.0,24.88635571945011,20.0,26.0,1.0,722.0,15.018410972300098,12.0,17.0,1.0,22044.423463180792,15000.0,28000.0,1.0,19.5,21.75594744201046,25.0,1.0,26057.78295966117,15000.0,28000.0,1.0,22.24447837873273,20.0,26.0,1.0,0.0,92122.0,7.0,22.0
11.0,22.0,11.0,22.0,-121.0,11.0,11.0,-111.0,10.194150859798247,9.0,11.0,30000.0,10000.0,19000.0,0.0,25.79339244471928,16.5,19.0,0.0,10000.0,36947.578237558795,25000.0,0.0,27.104974162129363,17.0,20.0,0.0,122.0,10.19565014718224,9.0,11.0,1.0,15910.668806308839,10000.0,19000.0,1.0,16.5,17.7191398635902,19.0,1.0,22912.587656873446,10000.0,25000.0,1.0,19.0409801419109,17.0,20.0,1.0,0.0,111.0,1.0,11.0
11.0,21.0,11.0,22.0,-121.0,11.0,12.0,-111.0,9.996762558834378,9.0,11.0,30000.0,10000.0,19000.0,0.0,25.09485153748031,16.5,19.0,0.0,10000.0,36482.7053009155,25000.0,0.0,26.384451161122875,17.0,20.0,0.0,121.0,10.016424688938246,9.0,11.0,1.0,17309.869788333992,10000.0,19000.0,1.0,16.5,18.016678854721555,19.0,1.0,23770.971053933255,10000.0,25000.0,1.0,19.301980804087762,17.0,20.0,1.0,0.0,111.0,1.0,7.0
11.0,22.0,11.0,21.0,-121.0,21.0,13.0,-111.0,10.004931959776505,9.0,11.0,30000.0,10000.0,19000.0,0.0,25.0564817657255,16.5,19.0,0.0,10000.0,36494.10964492175,25000.0,0.0,26.36104685377692,17.0,20.0,0.0,121.0,10.005441022927824,9.0,11.0,1.0,14805.008457093712,10000.0,19000.0,1.0,16.5,17.47961555659684,19.0,1.0,21309.073806761942,10000.0,25000.0,1.0,18.78618059006793,17.0,20.0,1.0,0.0,211.0,1.0,2.0
11.0,21.0,11.0,22.0,-121.0,11.0,11.0,-111.0,9.992548113130422,9.0,11.0,30000.0,10000.0,19000.0,0.0,24.85573210765338,16.5,19.0,0.0,10000.0,36486.771586741845,25000.0,0.0,26.155580921992033,17.0,20.0,0.0,121.0,10.012081030870544,9.0,11.0,1.0,18125.70878135547,10000.0,19000.0,1.0,16.5,18.183356610565866,19.0,1.0,24578.1403486394,10000.0,25000.0,1.0,19.47632421551093,17.0,20.0,1.0,0.0,111.0,1.0,43.0
91.0,24.0,91.0,24.0,-721.0,911.0,12.0,-711.0,15.117009052066289,12.0,17.0,30000.0,18000.0,36000.0,1.0,25.02316561271382,20.0,25.0,0.0,18000.0,34036.1390148255,36000.0,1.0,25.514620998586498,20.0,26.0,1.0,722.0,15.338285968202479,12.0,17.0,1.0,29936.97667256111,18000.0,36000.0,1.0,20.0,24.015621499111266,25.0,1.0,33960.418443739094,18000.0,36000.0,1.0,24.5055308210963,20.0,26.0,1.0,0.0,91121.0,7.0,13.0
11.0,22.0,11.0,21.0,-121.0,11.0,11.0,-111.0,10.21560277084242,9.0,11.0,30000.0,10000.0,19000.0,0.0,23.962796816571583,16.5,19.0,0.0,10000.0,36929.5735689256,25000.0,0.0,25.27254188508588,17.0,20.0,0.0,122.0,10.227096466271691,9.0,11.0,1.0,14673.187933910283,10000.0,19000.0,1.0,16.5,17.479394541676296,19.0,1.0,21612.960923772902,10000.0,25000.0,1.0,18.791067382677756,17.0,20.0,1.0,0.0,111.0,1.0,26.0
11.0,22.0,11.0,22.0,-121.0,21.0,12.0,-111.0,10.22822314956735,9.0,11.0,30000.0,10000.0,19000.0,0.0,23.390897211670154,16.5,19.0,0.0,10000.0,37275.60050917932,25000.0,0.0,24.76176310999845,17.0,20.0,0.0,122.0,10.202725112822131,9.0,11.0,1.0,16823.04112898801,10000.0,19000.0,1.0,16.5,17.89103306256211,19.0,1.0,23817.255880981942,10000.0,25000.0,1.0,19.20888036286347,17.0,20.0,1.0,0.0,211.0,1.0,23.0
11.0,22.0,11.0,21.0,-121.0,11.0,12.0,-111.0,10.180592792474151,9.0,11.0,30000.0,10000.0,19000.0,0.0,23.98281741523651,16.5,19.0,0.0,10000.0,36883.003135790284,25000.0,0.0,25.28141025520738,17.0,20.0,0.0,122.0,10.197827950271705,9.0,11.0,1.0,12589.707716231635,10000.0,19000.0,1.0,16.5,17.060306612707734,19.0,1.0,19523.809109629226,10000.0,25000.0,1.0,18.36853998750835,17.0,20.0,1.0,0.0,111.0,1.0,10.0
91.0,24.0,91.0,24.0,-721.0,911.0,12.0,-711.0,15.232332039790935,12.0,17.0,30000.0,18000.0,36000.0,1.0,25.540438844008037,20.0,25.0,0.0,18000.0,34503.95318087292,36000.0,1.0,26.1017760778259,20.0,26.0,0.0,721.0,14.510890578668368,12.0,17.0,1.0,24973.358399400015,18000.0,36000.0,1.0,20.0,22.638208516179066,25.0,1.0,29481.385094960013,18000.0,36000.0,1.0,23.200053440768688,20.0,26.0,1.0,0.0,91121.0,7.0,13.0
81.0,23.0,81.0,21.0,-721.0,912.0,11.0,-711.0,15.115114738938788,12.0,17.0,30000.0,12500.0,23000.0,0.0,27.17324454837526,20.0,24.0,0.0,12500.0,33986.01870123932,26000.0,0.0,27.659545506946046,20.0,25.0,0.0,722.0,15.299417202625921,12.0,17.0,1.0,13773.46643751116,12500.0,23000.0,1.0,20.0,21.35501829668741,24.0,1.0,17776.535472062147,12500.0,26000.0,1.0,21.8433994244834,20.0,25.0,1.0,0.0,912.0,7.0,12.0
81.0,21.0,81.0,21.0,-721.0,912.0,12.0,-711.0,14.844891201597134,12.0,17.0,30000.0,12500.0,23000.0,0.0,27.15763229125475,20.0,24.0,0.0,12500.0,34500.287313463756,26000.0,0.0,27.721450269320805,20.0,25.0,0.0,721.0,14.126478374302174,12.0,17.0,1.0,16903.514807276293,12500.0,23000.0,1.0,20.0,20.67893883949146,24.0,1.0,21488.996652892987,12500.0,26000.0,1.0,21.253430404712063,20.0,25.0,1.0,0.0,912.0,7.0,6.0
11.0,21.0,11.0,22.0,-121.0,21.0,13.0,-111.0,10.178228402389967,9.0,11.0,30000.0,10000.0,19000.0,0.0,28.585154506075803,16.5,19.0,0.0,10000.0,37081.67037353135,25000.0,0.0,29.923261768816005,17.0,20.0,0.0,122.0,10.20635593297544,9.0,11.0,1.0,15357.730062425691,10000.0,19000.0,1.0,16.5,17.65903296296177,19.0,1.0,22356.37935217868,10000.0,25000.0,1.0,18.98145309126832,17.0,20.0,1.0,0.0,211.0,1.0,32.0
91.0,24.0,91.0,21.0,-721.0,911.0,11.0,-711.0,13.989172086926036,12.0,17.0,30000.0,18000.0,36000.0,1.0,24.099943001126476,20.0,25.0,1.0,18000.0,34438.642833241895,36000.0,1.0,24.65227763015671,20.0,26.0,1.0,721.0,15.533574055985426,12.0,17.0,1.0,20670.434005864437,18000.0,36000.0,1.0,20.0,23.081474950121684,25.0,1.0,25161.02999830118,18000.0,36000.0,1.0,23.640274512238204,20.0,26.0,1.0,1.0,91121.0,7.0,21.0
11.0,22.0,11.0,22.0,-121.0,21.0,13.0,-111.0,10.004148539141344,9.0,11.0,30000.0,10000.0,19000.0,0.0,25.11754318679464,16.5,19.0,0.0,10000.0,36491.266861821605,25000.0,0.0,26.411395690396,17.0,20.0,0.0,121.0,9.987231043547107,9.0,11.0,1.0,14730.232201063072,10000.0,19000.0,1.0,16.5,17.47179991491567,19.0,1.0,21235.337899001704,10000.0,25000.0,1.0,18.768410803457613,17.0,20.0,1.0,0.0,211.0,1.0,4.0
11.0,22.0,11.0,21.0,-121.0,11.0,11.0,-111.0,10.192185089829637,9.0,11.0,30000.0,10000.0,19000.0,0.0,23.473292715336918,16.5,19.0,0.0,10000.0,37100.13230956991,25000.0,0.0,24.80866896754456,17.0,20.0,0.0,122.0,10.200050337893952,9.0,11.0,1.0,18062.354219942434,10000.0,19000.0,1.0,16.5,18.10544964626114,19.0,1.0,25053.680272868638,10000.0,25000.0,0.0,19.4203618726058,17.0,20.0,1.0,0.0,111.0,1.0,26.0
11.0,22.0,11.0,22.0,-121.0,21.0,13.0,-111.0,10.216344295350522,9.0,11.0,30000.0,10000.0,19000.0,0.0,26.561667496590303,16.5,19.0,0.0,10000.0,37186.065371567995,25000.0,0.0,27.920468704393375,17.0,20.0,0.0,122.0,10.19909881641431,9.0,11.0,1.0,12638.049256498143,10000.0,19000.0,1.0,16.5,17.134207177890666,19.0,1.0,19697.913993149672,10000.0,25000.0,1.0,18.469145316505905,17.0,20.0,1.0,0.0,211.0,1.0,8.0
11.0,22.0,11.0,21.0,-121.0,11.0,11.0,-111.0,10.20268288752683,9.0,11.0,30000.0,10000.0,19000.0,0.0,24.327250087086686,16.5,19.0,0.0,10000.0,36950.27177622462,25000.0,0.0,25.641518855100554,17.0,20.0,0.0,122.0,10.21064362802352,9.0,11.0,1.0,13163.982141894521,10000.0,19000.0,1.0,16.5,17.187067277627605,19.0,1.0,20164.714172246604,10000.0,25000.0,1.0,18.51087787913533,17.0,20.0,1.0,0.0,111.0,1.0,12.0
11.0,21.0,11.0,22.0,-121.0,21.0,13.0,-111.0,10.221999948745044,9.0,11.0,30000.0,10000.0,19000.0,0.0,28.369520622608345,16.5,19.0,0.0,10000.0,37066.67072364839,25000.0,0.0,29.70318949441575,17.0,20.0,0.0,122.0,10.199599815484614,9.0,11.0,1.0,16158.344019103934,10000.0,19000.0,1.0,16.5,17.758851800343216,19.0,1.0,23177.838868988878,10000.0,25000.0,1.0,19.083617329006575,17.0,20.0,1.0,0.0,211.0,1.0,32.0
11.0,22.0,11.0,22.0,-121.0,11.0,11.0,-111.0,10.192234633123453,9.0,11.0,30000.0,10000.0,19000.0,0.0,23.68989770729718,16.5,19.0,0.0,10000.0,37122.25760768351,25000.0,0.0,25.03168458015863,17.0,20.0,0.0,122.0,10.188358938115664,9.0,11.0,1.0,15910.141497301964,10000.0,19000.0,1.0,16.5,17.67646275517212,19.0,1.0,22829.412141507113,10000.0,25000.0,1.0,18.980008208253494,17.0,20.0,1.0,0.0,111.0,1.0,15.0
11.0,22.0,11.0,22.0,-121.0,11.0,12.0,-111.0,9.98991593659257,9.0,11.0,30000.0,10000.0,19000.0,0.0,23.79953275966395,16.5,19.0,0.0,10000.0,36505.56614433678,25000.0,0.0,25.0982353283609,17.0,20.0,0.0,121.0,10.009097193849794,9.0,11.0,1.0,15073.538705729201,10000.0,19000.0,1.0,16.5,17.563153779931135,19.0,1.0,21609.775494487352,10000.0,25000.0,1.0,18.867979112398352,17.0,20.0,1.0,0.0,111.0,1.0,14.0
91.0,24.0,91.0,21.0,-721.0,911.0,11.0,-711.0,15.39156810303643,12.0,17.0,30000.0,18000.0,36000.0,1.0,24.57562863521064,20.0,25.0,1.0,18000.0,34538.5572327839,36000.0,1.0,25.143941261942206,20.0,26.0,1.0,721.0,15.082648456244682,12.0,17.0,1.0,22793.869236070033,18000.0,36000.0,1.0,20.0,22.871389628155395,25.0,1.0,27321.165982954157,18000.0,36000.0,1.0,23.43829223051319,20.0,26.0,1.0,1.0,91121.0,7.0,15.0
11.0,22.0,11.0,22.0,-121.0,21.0,13.0,-111.0,9.994075839067886,9.0,11.0,30000.0,10000.0,19000.0,0.0,27.589936601348974,16.5,19.0,0.0,10000.0,36526.88179418519,25000.0,0.0,28.89801023876637,17.0,20.0,0.0,121.0,9.983600045804993,9.0,11.0,1.0,13071.437362016433,10000.0,19000.0,1.0,16.5,17.07204215519026,19.0,1.0,19621.999167267033,10000.0,25000.0,1.0,18.384861580747412,17.0,20.0,1.0,0.0,211.0,1.0,47.0
91.0,24.0,91.0,24.0,-721.0,911.0,12.0,-711.0,15.226859337686314,12.0,17.0,30000.0,18000.0,36000.0,1.0,25.168699046326292,20.0,25.0,0.0,18000.0,34489.43608696326,36000.0,1.0,25.72983629385699,20.0,26.0,1.0,721.0,15.000109330555782,12.0,17.0,1.0,25964.213747596055,18000.0,36000.0,1.0,20.0,23.303999831530213,25.0,1.0,30482.691549298233,18000.0,36000.0,1.0,23.86876702000594,20.0,26.0,1.0,0.0,91121.0,7.0,23.0
11.0,21.0,11.0,22.0,-121.0,21.0,13.0,-111.0,10.19595258910203,9.0,11.0,30000.0,10000.0,19000.0,0.0,28.14736452521246,16.5,19.0,0.0,10000.0,37022.44650959385,25000.0,0.0,29.47408529033386,17.0,20.0,0.0,122.0,10.19602253969768,9.0,11.0,1.0,15954.365083809309,10000.0,19000.0,1.0,16.5,17.778556599115696,19.0,1.0,22865.86648501442,10000.0,25000.0,1.0,19.084316979720548,17.0,20.0,1.0,0.0,211.0,1.0,24.0
91.0,24.0,91.0,24.0,-721.0,911.0,12.0,-711.0,15.16848023008746,12.0,17.0,30000.0,18000.0,36000.0,1.0,24.929109361120084,20.0,25.0,1.0,18000.0,34086.45905976208,36000.0,1.0,25.424848117591832,20.0,26.0,1.0,722.0,15.46241339276498,12.0,17.0,1.0,26865.656936777614,18000.0,36000.0,1.0,20.0,23.777329092322407,25.0,1.0,30897.289030874825,18000.0,36000.0,1.0,24.266416649948816,20.0,26.0,1.0,1.0,91121.0,7.0,27.0
81.0,23.0,81.0,21.0,-721.0,912.0,12.0,-711.0,14.834920330797564,12.0,17.0,30000.0,12500.0,23000.0,0.0,25.94482095471122,20.0,24.0,0.0,12500.0,33916.44643713946,26000.0,0.0,26.422746748371026,20.0,25.0,0.0,722.0,15.138894625762607,12.0,17.0,1.0,15597.132532176996,12500.0,23000.0,1.0,20.0,21.493152128636467,24.0,1.0,19579.522687352466,12500.0,26000.0,1.0,21.9791250651042,20.0,25.0,1.0,0.0,912.0,7.0,11.0
11.0,21.0,11.0,21.0,-121.0,21.0,12.0,-111.0,10.19469237529388,9.0,11.0,30000.0,10000.0,19000.0,0.0,25.750299074750416,16.5,19.0,0.0,10000.0,36980.90618820503,25000.0,0.0,27.072706370696217,17.0,20.0,0.0,122.0,10.214872407028862,9.0,11.0,1.0,15870.612768616314,10000.0,19000.0,1.0,16.5,17.726267456162983,19.0,1.0,22848.04644508672,10000.0,25000.0,1.0,19.048016947129128,17.0,20.0,1.0,0.0,211.0,1.0,6.0
92.0,24.0,92.0,24.0,-721.0,921.0,13.0,-711.0,15.376286362282142,12.0,17.0,30000.0,15000.0,28000.0,0.0,24.37848158973493,19.5,25.0,1.0,15000.0,34526.064641615696,28000.0,0.0,24.942955573868623,20.0,26.0,1.0,721.0,15.576128969136214,12.0,17.0,1.0,16995.879952367864,15000.0,28000.0,1.0,19.5,21.75095802876929,25.0,1.0,21426.762852256816,15000.0,28000.0,1.0,22.303561299330916,20.0,26.0,1.0,0.0,92122.0,7.0,22.0
11.0,21.0,11.0,22.0,-121.0,21.0,13.0,-111.0,10.012068775340653,9.0,11.0,30000.0,10000.0,19000.0,0.0,27.50380417855368,16.5,19.0,0.0,10000.0,36597.34930091898,25000.0,0.0,28.822932233532228,17.0,20.0,0.0,121.0,9.993511383924423,9.0,11.0,1.0,13002.886768893299,10000.0,19000.0,1.0,16.5,17.13306487066245,19.0,1.0,19527.624235016705,10000.0,25000.0,1.0,18.437674320662943,17.0,20.0,1.0,0.0,211.0,1.0,52.0
91.0,24.0,91.0,21.0,-721.0,911.0,12.0,-711.0,15.376334344188459,12.0,17.0,30000.0,18000.0,36000.0,1.0,25.440488703877797,20.0,25.0,0.0,18000.0,34039.29351865891,36000.0,1.0,25.933621764847594,20.0,26.0,1.0,722.0,14.89387352614489,12.0,17.0,1.0,22101.327680277067,18000.0,36000.0,1.0,20.0,22.518842267949367,25.0,1.0,26084.05310762374,18000.0,36000.0,1.0,23.00506927074509,20.0,26.0,1.0,0.0,91121.0,7.0,14.0
11.0,22.0,11.0,21.0,-121.0,11.0,11.0,-111.0,10.183665828860507,9.0,11.0,30000.0,10000.0,19000.0,0.0,23.946023215734975,16.5,19.0,0.0,10000.0,37017.200028108186,25000.0,0.0,25.27187966564657,17.0,20.0,0.0,122.0,10.195423676053696,9.0,11.0,1.0,14345.728188792797,10000.0,19000.0,1.0,16.5,17.36773239022354,19.0,1.0,21173.9638237158,10000.0,25000.0,1.0,18.657885189319334,17.0,20.0,1.0,0.0,111.0,1.0,1.0
81.0,23.0,81.0,23.0,-721.0,912.0,11.0,-711.0,14.924876318392801,12.0,17.0,30000.0,12500.0,23000.0,0.0,26.037268702148527,20.0,24.0,0.0,12500.0,33948.521331161006,26000.0,0.0,26.520010809229415,20.0,25.0,0.0,722.0,15.016337319263643,12.0,17.0,1.0,16378.578012450358,12500.0,23000.0,1.0,20.0,21.588024532087946,24.0,1.0,20230.075300373363,12500.0,26000.0,1.0,22.058904580655792,20.0,25.0,1.0,0.0,912.0,7.0,17.0
11.0,22.0,11.0,22.0,-121.0,21.0,13.0,-111.0,10.000978095947076,9.0,11.0,30000.0,10000.0,19000.0,0.0,23.806782801445202,16.5,19.0,0.0,10000.0,36482.9380242967,25000.0,0.0,25.10097721265582,17.0,20.0,0.0,121.0,10.006516603564975,9.0,11.0,1.0,15626.016172295633,10000.0,19000.0,1.0,16.5,17.617304696347897,19.0,1.0,22113.735707998814,10000.0,25000.0,1.0,18.91245364473228,17.0,20.0,1.0,0.0,211.0,1.0,28.0
11.0,22.0,11.0,21.0,-121.0,11.0,11.0,-111.0,10.17863743374163,9.0,11.0,30000.0,10000.0,19000.0,0.0,23.410069593431636,16.5,19.0,0.0,10000.0,37147.427819629214,25000.0,0.0,24.760204998428993,17.0,20.0,0.0,122.0,10.20122909925356,9.0,11.0,1.0,12760.573399317467,10000.0,19000.0,1.0,16.5,17.100706975809672,19.0,1.0,19731.507760840475,10000.0,25000.0,1.0,18.4175031051189,17.0,20.0,1.0,0.0,111.0,1.0,0.0
11.0,21.0,11.0,22.0,-121.0,11.0,11.0,-111.0,10.197159174744106,9.0,11.0,30000.0,10000.0,19000.0,0.0,24.56609231486346,16.5,19.0,0.0,10000.0,36974.40235537766,25000.0,0.0,25.88182301281311,17.0,20.0,0.0,122.0,10.221661148015192,9.0,11.0,1.0,16024.109278575219,10000.0,19000.0,1.0,16.5,17.77425327655792,19.0,1.0,23050.393917585643,10000.0,25000.0,1.0,19.09977163942523,17.0,20.0,1.0,0.0,111.0,1.0,43.0
11.0,22.0,11.0,21.0,-121.0,11.0,12.0,-111.0,10.23013613117325,9.0,11.0,30000.0,10000.0,19000.0,0.0,24.596839153891327,16.5,19.0,0.0,10000.0,36975.290692881164,25000.0,0.0,25.91665721671668,17.0,20.0,0.0,122.0,10.196935774327983,9.0,11.0,1.0,14361.299946233303,10000.0,19000.0,1.0,16.5,17.39715030404366,19.0,1.0,21438.658201310147,10000.0,25000.0,1.0,18.736280911413125,17.0,20.0,1.0,0.0,111.0,1.0,10.0
11.0,21.0,11.0,22.0,-121.0,21.0,12.0,-111.0,10.219403715331222,9.0,11.0,30000.0,10000.0,19000.0,0.0,24.759950725635537,16.5,19.0,0.0,10000.0,36804.827490634714,25000.0,0.0,26.042699084705774,17.0,20.0,0.0,122.0,10.18869804480864,9.0,11.0,1.0,16283.249803580042,10000.0,19000.0,1.0,16.5,17.835677720884973,19.0,1.0,23303.527540276722,10000.0,25000.0,1.0,19.159039666409477,17.0,20.0,1.0,0.0,211.0,1.0,37.0
11.0,22.0,11.0,22.0,-121.0,21.0,13.0,-111.0,9.991803098892241,9.0,11.0,30000.0,10000.0,19000.0,0.0,24.97951101656942,16.5,19.0,0.0,10000.0,36496.82333651153,25000.0,0.0,26.278451847331723,17.0,20.0,0.0,121.0,9.991389455206518,9.0,11.0,1.0,14253.849893356104,10000.0,19000.0,1.0,16.5,17.363546824309715,19.0,1.0,20761.710017705995,10000.0,25000.0,1.0,18.6646942926272,17.0,20.0,1.0,0.0,211.0,1.0,31.0
11.0,22.0,11.0,22.0,-121.0,11.0,11.0,-111.0,9.987253532523479,9.0,11.0,30000.0,10000.0,19000.0,0.0,23.710272429916262,16.5,19.0,0.0,10000.0,36529.63430699418,25000.0,0.0,25.02193702609242,17.0,20.0,0.0,121.0,10.002486922146735,9.0,11.0,1.0,16002.392667457092,10000.0,19000.0,1.0,16.5,17.752917076333784,19.0,1.0,22495.555409160832,10000.0,25000.0,1.0,19.057255311076904,17.0,20.0,1.0,0.0,111.0,1.0,11.0
91.0,24.0,91.0,24.0,-721.0,911.0,11.0,-711.0,15.321277166357502,12.0,17.0,30000.0,18000.0,36000.0,1.0,24.059083810889135,20.0,25.0,1.0,18000.0,34048.05070902522,36000.0,1.0,24.552424621398476,20.0,26.0,1.0,722.0,14.932884485218665,12.0,17.0,1.0,25139.737795201483,18000.0,36000.0,1.0,20.0,23.011781330038517,25.0,1.0,29180.417477674047,18000.0,36000.0,1.0,23.504223824673094,20.0,26.0,1.0,1.0,91121.0,7.0,16.0
11.0,22.0,11.0,21.0,-121.0,11.0,12.0,-111.0,10.195256517348662,9.0,11.0,30000.0,10000.0,19000.0,0.0,24.588776709429663,16.5,19.0,0.0,10000.0,36956.97722894976,25000.0,0.0,25.900120322321104,17.0,20.0,0.0,122.0,10.221389915684156,9.0,11.0,1.0,14080.825323189529,10000.0,19000.0,1.0,16.5,17.363156699746813,19.0,1.0,21206.428186607533,10000.0,25000.0,1.0,18.706285115355378,17.0,20.0,1.0,0.0,111.0,1.0,10.0
11.0,21.0,11.0,22.0,-121.0,21.0,13.0,-111.0,10.000131732848283,9.0,11.0,30000.0,10000.0,19000.0,0.0,25.81994147755419,16.5,19.0,0.0,10000.0,36529.000959604644,25000.0,0.0,27.117978616037494,17.0,20.0,0.0,121.0,10.006066157223701,9.0,11.0,1.0,16773.85085659685,10000.0,19000.0,1.0,16.5,17.904534786275935,19.0,1.0,23313.197506631175,10000.0,25000.0,1.0,19.20462876170628,17.0,20.0,1.0,0.0,211.0,1.0,32.0
11.0,22.0,11.0,22.0,-121.0,21.0,13.0,-111.0,10.003440079274906,9.0,11.0,30000.0,10000.0,19000.0,0.0,27.17429397041175,16.5,19.0,0.0,10000.0,36551.474188906635,25000.0,0.0,28.479955156921665,17.0,20.0,0.0,121.0,9.99146147891624,9.0,11.0,1.0,16780.756704042768,10000.0,19000.0,1.0,16.5,17.938889389613564,19.0,1.0,23144.708974201487,10000.0,25000.0,1.0,19.207178820718628,17.0,20.0,1.0,0.0,211.0,1.0,5.0
11.0,21.0,11.0,21.0,-121.0,21.0,13.0,-111.0,10.200901763023461,9.0,11.0,30000.0,10000.0,19000.0,0.0,28.021932392242057,16.5,19.0,0.0,10000.0,36965.546578042624,25000.0,0.0,29.33320762660417,17.0,20.0,0.0,122.0,10.200823930061183,9.0,11.0,1.0,13865.458076587634,10000.0,19000.0,1.0,16.5,17.29570532186401,19.0,1.0,20800.09281588682,10000.0,25000.0,1.0,18.601161353362613,17.0,20.0,1.0,0.0,211.0,1.0,34.0
11.0,22.0,11.0,22.0,-121.0,21.0,13.0,-111.0,10.188327842410315,9.0,11.0,30000.0,10000.0,19000.0,0.0,24.407568071547566,16.5,19.0,0.0,10000.0,36929.2166738393,25000.0,0.0,25.720706149956673,17.0,20.0,0.0,122.0,10.189458615334152,9.0,11.0,1.0,14067.102932599939,10000.0,19000.0,1.0,16.5,17.37742213123069,19.0,1.0,21140.551801115846,10000.0,25000.0,1.0,18.717893282897187,17.0,20.0,1.0,0.0,211.0,1.0,13.0
11.0,21.0,11.0,22.0,-121.0,11.0,12.0,-111.0,10.01424117806646,9.0,11.0,30000.0,10000.0,19000.0,0.0,24.382408777031003,16.5,19.0,0.0,10000.0,36623.47677644356,25000.0,0.0,25.706943249115604,17.0,20.0,0.0,121.0,9.997854711808344,9.0,11.0,1.0,15776.79120809754,10000.0,19000.0,1.0,16.5,17.662251343706608,19.0,1.0,22247.08701324102,10000.0,25000.0,1.0,18.956153342272778,17.0,20.0,1.0,0.0,111.0,1.0,7.0
81.0,23.0,81.0,21.0,-721.0,912.0,12.0,-711.0,15.44888800078201,12.0,17.0,30000.0,12500.0,23000.0,0.0,26.572406336495998,20.0,24.0,0.0,12500.0,33950.99331025893,26000.0,0.0,27.054369987012887,20.0,25.0,0.0,722.0,15.18276911357435,12.0,17.0,1.0,18039.886903574094,12500.0,23000.0,1.0,20.0,21.84001982006629,24.0,1.0,22135.76313146681,12500.0,26000.0,1.0,22.33965707678722,20.0,25.0,1.0,0.0,912.0,7.0,11.0
11.0,22.0,11.0,22.0,-121.0,21.0,13.0,-111.0,10.235117721356898,9.0,11.0,30000.0,10000.0,19000.0,0.0,25.456913056041344,16.5,19.0,0.0,10000.0,36990.60462264813,25000.0,0.0,26.778838994012087,17.0,20.0,0.0,122.0,10.207931592084956,9.0,11.0,1.0,13716.972466997746,10000.0,19000.0,1.0,16.5,17.315048362694938,19.0,1.0,20859.76233959989,10000.0,25000.0,1.0,18.66575258811724,17.0,20.0,1.0,0.0,211.0,1.0,28.0
11.0,22.0,11.0,21.0,-121.0,11.0,11.0,-111.0,10.200694169679645,9.0,11.0,30000.0,10000.0,19000.0,0.0,23.868152405999233,16.5,19.0,0.0,10000.0,36948.32756656837,25000.0,0.0,25.1813757615854,17.0,20.0,0.0,122.0,10.202094697154617,9.0,11.0,1.0,14082.744878505157,10000.0,19000.0,1.0,16.5,17.351770240374936,19.0,1.0,21090.3784473411,10000.0,25000.0,1.0,18.676202340303977,17.0,20.0,1.0,0.0,111.0,1.0,26.0
92.0,24.0,92.0,24.0,-721.0,921.0,13.0,-711.0,14.68820653812352,12.0,17.0,30000.0,15000.0,28000.0,0.0,24.024232474006823,19.5,25.0,1.0,15000.0,34482.027437043755,28000.0,0.0,24.58374754779999,20.0,26.0,1.0,721.0,15.393249950931073,12.0,17.0,1.0,20806.958398079136,15000.0,28000.0,1.0,19.5,22.054718203980723,25.0,1.0,25335.210297407353,15000.0,28000.0,1.0,22.620003720679346,20.0,26.0,1.0,0.0,92122.0,7.0,25.0
81.0,23.0,81.0,23.0,-721.0,912.0,11.0,-711.0,15.402006736590996,12.0,17.0,30000.0,12500.0,23000.0,0.0,27.221637798329944,20.0,24.0,0.0,12500.0,34008.66456578296,26000.0,0.0,27.705884121003784,20.0,25.0,0.0,722.0,15.235330153699064,12.0,17.0,1.0,18188.07186497972,12500.0,23000.0,1.0,20.0,21.988311923079877,24.0,1.0,22197.436894208324,12500.0,26000.0,1.0,22.47264286167559,20.0,25.0,1.0,0.0,912.0,7.0,17.0
11.0,22.0,11.0,21.0,-121.0,11.0,11.0,-111.0,10.199147442820289,9.0,11.0,30000.0,10000.0,19000.0,0.0,23.709560674898853,16.5,19.0,0.0,10000.0,36856.07901885456,25000.0,0.0,25.00828459954489,17.0,20.0,0.0,122.0,10.19000490228111,9.0,11.0,1.0,15992.526705052554,10000.0,19000.0,1.0,16.5,17.74163799287214,19.0,1.0,22994.325331052216,10000.0,25000.0,1.0,19.067965091222696,17.0,20.0,1.0,0.0,111.0,1.0,12.0
11.0,21.0,11.0,21.0,-121.0,21.0,13.0,-111.0,9.989016401455114,9.0,11.0,30000.0,10000.0,19000.0,0.0,27.08584068852901,16.5,19.0,0.0,10000.0,36528.0432060708,25000.0,0.0,28.395357693461108,17.0,20.0,0.0,121.0,9.98506152235907,9.0,11.0,1.0,9501.672422961774,10000.0,19000.0,0.0,16.5,16.40455397787479,19.0,0.0,16073.808748605396,10000.0,25000.0,1.0,17.72291600543594,17.0,20.0,1.0,0.0,211.0,1.0,34.0
11.0,21.0,11.0,22.0,-121.0,21.0,13.0,-111.0,10.200852958091595,9.0,11.0,30000.0,10000.0,19000.0,0.0,25.510533927348447,16.5,19.0,0.0,10000.0,36969.59933678815,25000.0,0.0,26.82609451340364,17.0,20.0,0.0,122.0,10.188792244598305,9.0,11.0,1.0,15846.669564511269,10000.0,19000.0,1.0,16.5,17.720136324609108,19.0,1.0,22827.117121673753,10000.0,25000.0,1.0,19.037744588079267,17.0,20.0,1.0,0.0,211.0,1.0,52.0
11.0,22.0,11.0,22.0,-121.0,21.0,13.0,-111.0,10.191231764040364,9.0,11.0,30000.0,10000.0,19000.0,0.0,26.220454607780137,16.5,19.0,0.0,10000.0,37022.27379562845,25000.0,0.0,27.548293550110287,17.0,20.0,0.0,122.0,10.195328283531687,9.0,11.0,1.0,13317.547516938963,10000.0,19000.0,1.0,16.5,17.278508211717124,19.0,1.0,20418.162408948894,10000.0,25000.0,1.0,18.621160640616957,17.0,20.0,1.0,0.0,211.0,1.0,21.0
11.0,22.0,11.0,22.0,-121.0,21.0,13.0,-111.0,10.209378422672097,9.0,11.0,30000.0,10000.0,19000.0,0.0,26.10985392127231,16.5,19.0,0.0,10000.0,36933.6781042362,25000.0,0.0,27.423781667595616,17.0,20.0,0.0,122.0,10.204437946977567,9.0,11.0,1.0,14720.598528322877,10000.0,19000.0,1.0,16.5,17.546811404546112,19.0,1.0,21671.190432658645,10000.0,25000.0,1.0,18.86394430561016,17.0,20.0,1.0,0.0,211.0,1.0,41.0
11.0,22.0,11.0,21.0,-121.0,21.0,13.0,-111.0,9.980225309041941,9.0,11.0,30000.0,10000.0,19000.0,0.0,25.920813418775452,16.5,19.0,0.0,10000.0,36495.94028879554,25000.0,0.0,27.21906262075407,17.0,20.0,0.0,121.0,10.005468090586264,9.0,11.0,1.0,11096.478635678188,10000.0,19000.0,1.0,16.5,16.68368072873461,19.0,1.0,17560.668920278713,10000.0,25000.0,1.0,17.975584518690262,17.0,20.0,1.0,0.0,211.0,1.0,20.0
11.0,22.0,11.0,22.0,-121.0,11.0,11.0,-111.0,10.184164661873643,9.0,11.0,30000.0,10000.0,19000.0,0.0,24.425548792902482,16.5,19.0,0.0,10000.0,36892.22899001044,25000.0,0.0,25.72470946972497,17.0,20.0,0.0,122.0,10.19477876599832,9.0,11.0,1.0,17183.27256400496,10000.0,19000.0,1.0,16.5,17.944282301357845,19.0,1.0,24193.115202540826,10000.0,25000.0,1.0,19.26561273305112,17.0,20.0,1.0,0.0,111.0,1.0,55.0
91.0,24.0,91.0,24.0,-721.0,911.0,12.0,-711.0,16.234767764435574,12.0,17.0,30000.0,18000.0,36000.0,1.0,24.858505651921142,20.0,25.0,1.0,18000.0,34579.24341009166,36000.0,1.0,25.434999385752132,20.0,26.0,1.0,721.0,14.489458531353058,12.0,17.0,1.0,28921.68481352688,18000.0,36000.0,1.0,20.0,23.13599127489634,25.0,1.0,33388.0996234574,18000.0,36000.0,1.0,23.69828070134186,20.0,26.0,1.0,1.0,91121.0,7.0,13.0
81.0,23.0,81.0,23.0,-721.0,912.0,11.0,-711.0,15.299556963698997,12.0,17.0,30000.0,12500.0,23000.0,0.0,26.174747939852285,20.0,24.0,0.0,12500.0,34010.53725882404,26000.0,0.0,26.665226997601465,20.0,25.0,0.0,722.0,15.153564902587558,12.0,17.0,1.0,16286.206736533168,12500.0,23000.0,1.0,20.0,21.695304116326923,24.0,1.0,20298.699892605222,12500.0,26000.0,1.0,22.186022375603816,20.0,25.0,1.0,0.0,912.0,7.0,17.0
11.0,22.0,11.0,21.0,-121.0,11.0,11.0,-111.0,9.98630367179198,9.0,11.0,30000.0,10000.0,19000.0,0.0,24.342406316280737,16.5,19.0,0.0,10000.0,36576.704446549265,25000.0,0.0,25.65956742932242,17.0,20.0,0.0,121.0,10.005901792131285,9.0,11.0,1.0,15099.800902926509,10000.0,19000.0,1.0,16.5,17.52783673717177,19.0,1.0,21655.367708594236,10000.0,25000.0,1.0,18.840764471806853,17.0,20.0,1.0,0.0,111.0,1.0,12.0
11.0,22.0,11.0,21.0,-121.0,21.0,13.0,-111.0,9.99320573973994,9.0,11.0,30000.0,10000.0,19000.0,0.0,27.237339149702578,16.5,19.0,0.0,10000.0,36601.977195549516,25000.0,0.0,28.56016977041765,17.0,20.0,0.0,121.0,9.995955864214473,9.0,11.0,1.0,12418.35662150401,10000.0,19000.0,1.0,16.5,16.96944216718253,19.0,1.0,18864.248099532866,10000.0,25000.0,1.0,18.260998071176104,17.0,20.0,1.0,0.0,211.0,1.0,33.0
11.0,22.0,11.0,21.0,-121.0,21.0,13.0,-111.0,9.99491715536644,9.0,11.0,30000.0,10000.0,19000.0,0.0,24.59734255613886,16.5,19.0,0.0,10000.0,36489.24743652437,25000.0,0.0,25.89621914212286,17.0,20.0,0.0,121.0,9.993998945258703,9.0,11.0,1.0,10600.242565845208,10000.0,19000.0,1.0,16.5,16.599538073807516,19.0,1.0,17161.887875405406,10000.0,25000.0,1.0,17.91290569331753,17.0,20.0,1.0,0.0,211.0,1.0,33.0
11.0,22.0,11.0,22.0,-121.0,21.0,13.0,-111.0,10.000311398846389,9.0,11.0,30000.0,10000.0,19000.0,0.0,25.198092344971283,16.5,19.0,0.0,10000.0,36505.675521320445,25000.0,0.0,26.491450490728802,17.0,20.0,0.0,121.0,9.990633069811087,9.0,11.0,1.0,14551.87814465028,10000.0,19000.0,1.0,16.5,17.418236464184815,19.0,1.0,21050.59589447794,10000.0,25000.0,1.0,18.71021137304295,17.0,20.0,1.0,0.0,211.0,1.0,47.0
91.0,24.0,91.0,24.0,-721.0,911.0,11.0,-711.0,15.006880257104783,12.0,17.0,30000.0,18000.0,36000.0,1.0,24.089163332771015,20.0,25.0,1.0,18000.0,34462.75296421627,36000.0,1.0,24.647832517196193,20.0,26.0,1.0,721.0,14.91168804985867,12.0,17.0,1.0,22900.794599527293,18000.0,36000.0,1.0,20.0,22.795980202090814,25.0,1.0,27421.625937331366,18000.0,36000.0,1.0,23.36191992061573,20.0,26.0,1.0,1.0,91121.0,7.0,0.0
11.0,22.0,11.0,21.0,-121.0,11.0,11.0,-111.0,10.191056750372663,9.0,11.0,30000.0,10000.0,19000.0,0.0,23.84710678073302,16.5,19.0,0.0,10000.0,36985.92065109749,25000.0,0.0,25.16359768962337,17.0,20.0,0.0,122.0,10.211405061792371,9.0,11.0,1.0,13076.365284920943,10000.0,19000.0,1.0,16.5,17.138658674589372,19.0,1.0,20094.49726042484,10000.0,25000.0,1.0,18.4612197806466,17.0,20.0,1.0,0.0,111.0,1.0,0.0
11.0,22.0,11.0,22.0,-121.0,21.0,12.0,-111.0,9.984785284462399,9.0,11.0,30000.0,10000.0,19000.0,0.0,23.7148346193366,16.5,19.0,0.0,10000.0,36521.52884007709,25000.0,0.0,25.021764854537572,17.0,20.0,0.0,121.0,9.985599080509028,9.0,11.0,1.0,18209.949875072816,10000.0,19000.0,1.0,16.5,18.19846973448915,19.0,1.0,24737.721014740673,10000.0,25000.0,1.0,19.50665094170488,17.0,20.0,1.0,0.0,211.0,1.0,48.0
11.0,22.0,11.0,22.0,-121.0,11.0,12.0,-111.0,10.20153061143671,9.0,11.0,30000.0,10000.0,19000.0,0.0,23.667636991392797,16.5,19.0,0.0,10000.0,36946.14056213584,25000.0,0.0,24.976047883009052,17.0,20.0,0.0,122.0,10.177463039059052,9.0,11.0,1.0,17073.267922258852,10000.0,19000.0,1.0,16.5,17.945722645703306,19.0,1.0,24067.329390557785,10000.0,25000.0,1.0,19.263160166567708,17.0,20.0,1.0,0.0,111.0,1.0,49.0
11.0,22.0,11.0,22.0,-121.0,11.0,12.0,-111.0,10.214808886146274,9.0,11.0,30000.0,10000.0,19000.0,0.0,24.5302849109285,16.5,19.0,0.0,10000.0,36968.65604850809,25000.0,0.0,25.843693798048417,17.0,20.0,0.0,122.0,10.198289207600007,9.0,11.0,1.0,14341.571561950119,10000.0,19000.0,1.0,16.5,17.418963714994916,19.0,1.0,21327.779097091887,10000.0,25000.0,1.0,18.73568059699453,17.0,20.0,1.0,0.0,111.0,1.0,49.0
11.0,22.0,11.0,22.0,-121.0,11.0,11.0,-111.0,10.20485539824559,9.0,11.0,30000.0,10000.0,19000.0,0.0,25.810027426220177,16.5,19.0,0.0,10000.0,36980.059578856984,25000.0,0.0,27.12528906196201,17.0,20.0,0.0,122.0,10.179202533824299,9.0,11.0,1.0,16640.6170745553,10000.0,19000.0,1.0,16.5,17.85398023186837,19.0,1.0,23602.91049152603,10000.0,25000.0,1.0,19.165894166794846,17.0,20.0,1.0,0.0,111.0,1.0,44.0
11.0,22.0,11.0,22.0,-121.0,11.0,11.0,-111.0,9.997944393617933,9.0,11.0,30000.0,10000.0,19000.0,0.0,24.163281689724172,16.5,19.0,0.0,10000.0,36521.86188755956,25000.0,0.0,25.46966203226021,17.0,20.0,0.0,121.0,10.008144728064206,9.0,11.0,1.0,12828.437852358385,10000.0,19000.0,1.0,16.5,17.076483062779772,19.0,1.0,19411.18639163253,10000.0,25000.0,1.0,18.395059481573497,17.0,20.0,1.0,0.0,111.0,1.0,38.0
91.0,24.0,91.0,24.0,-721.0,911.0,11.0,-711.0,15.378069872505122,12.0,17.0,30000.0,18000.0,36000.0,1.0,24.062853714844522,20.0,25.0,1.0,18000.0,34004.18053133391,36000.0,1.0,24.551975606858306,20.0,26.0,1.0,722.0,15.376609255799746,12.0,17.0,1.0,26603.529222131514,18000.0,36000.0,1.0,20.0,23.617706456629897,25.0,1.0,30613.93248157849,18000.0,36000.0,1.0,24.107588472350475,20.0,26.0,1.0,1.0,91121.0,7.0,4.0
11.0,21.0,11.0,22.0,-121.0,11.0,12.0,-111.0,10.004496197379819,9.0,11.0,30000.0,10000.0,19000.0,0.0,26.193339838010633,16.5,19.0,0.0,10000.0,36537.916383681215,25000.0,0.0,27.49792148528741,17.0,20.0,0.0,121.0,9.996898599257461,9.0,11.0,1.0,16369.045145044294,10000.0,19000.0,1.0,16.5,17.781850347671007,19.0,1.0,22912.274316325846,10000.0,25000.0,1.0,19.087492113308517,17.0,20.0,1.0,0.0,111.0,1.0,7.0
11.0,22.0,11.0,22.0,-121.0,21.0,13.0,-111.0,10.21014784303361,9.0,11.0,30000.0,10000.0,19000.0,0.0,24.47724082092274,16.5,19.0,0.0,10000.0,37165.144439481344,25000.0,0.0,25.834043804616243,17.0,20.0,0.0,122.0,10.199769725828247,9.0,11.0,1.0,14521.949491647872,10000.0,19000.0,1.0,16.5,17.464201833084605,19.0,1.0,21704.433587830616,10000.0,25000.0,1.0,18.824288281354068,17.0,20.0,1.0,0.0,211.0,1.0,28.0
11.0,21.0,11.0,22.0,-121.0,21.0,13.0,-111.0,9.998979582454641,9.0,11.0,30000.0,10000.0,19000.0,0.0,27.596646737790024,16.5,19.0,0.0,10000.0,36480.20801896193,25000.0,0.0,28.89259167625178,17.0,20.0,0.0,121.0,10.006896940979356,9.0,11.0,1.0,15249.652127824414,10000.0,19000.0,1.0,16.5,17.576721623633077,19.0,1.0,21839.25248343283,10000.0,25000.0,1.0,18.894543397617504,17.0,20.0,1.0,0.0,211.0,1.0,9.0
11.0,22.0,11.0,22.0,-121.0,21.0,13.0,-111.0,10.160110840107016,9.0,11.0,30000.0,10000.0,19000.0,0.0,25.102400310773685,16.5,19.0,0.0,10000.0,36976.72224557884,25000.0,0.0,26.419681731012766,17.0,20.0,0.0,122.0,10.201620647415705,9.0,11.0,1.0,15208.321539058861,10000.0,19000.0,1.0,16.5,17.583060221573604,19.0,1.0,22194.525352379133,10000.0,25000.0,1.0,18.90213186544219,17.0,20.0,1.0,0.0,211.0,1.0,13.0
11.0,22.0,11.0,22.0,-121.0,21.0,13.0,-111.0,9.981870120871635,9.0,11.0,30000.0,10000.0,19000.0,0.0,25.83323894154856,16.5,19.0,0.0,10000.0,36551.26528929913,25000.0,0.0,27.133606906577217,17.0,20.0,0.0,121.0,10.009049611343332,9.0,11.0,1.0,12021.588979747998,10000.0,19000.0,1.0,16.5,16.919698493962258,19.0,1.0,18491.107767772526,10000.0,25000.0,1.0,18.20384050464217,17.0,20.0,1.0,0.0,211.0,1.0,22.0
11.0,22.0,11.0,22.0,-121.0,21.0,12.0,-111.0,9.99813789919841,9.0,11.0,30000.0,10000.0,19000.0,0.0,23.979355288424387,16.5,19.0,0.0,10000.0,36565.63829629947,25000.0,0.0,25.287538043219232,17.0,20.0,0.0,121.0,10.009155340035623,9.0,11.0,1.0,16449.585422251643,10000.0,19000.0,1.0,16.5,17.817619464000543,19.0,1.0,22899.688625614603,10000.0,25000.0,1.0,19.10278221535744,17.0,20.0,1.0,0.0,211.0,1.0,23.0
11.0,22.0,11.0,22.0,-121.0,21.0,12.0,-111.0,10.16802911767194,9.0,11.0,30000.0,10000.0,19000.0,0.0,23.962907559467695,16.5,19.0,0.0,10000.0,37075.335310968294,25000.0,0.0,25.302301791177772,17.0,20.0,0.0,122.0,10.215489618450414,9.0,11.0,1.0,14423.902000289683,10000.0,19000.0,1.0,16.5,17.493455870778355,19.0,1.0,21385.909881220912,10000.0,25000.0,1.0,18.811396687291154,17.0,20.0,1.0,0.0,211.0,1.0,25.0
11.0,22.0,11.0,21.0,-121.0,11.0,12.0,-111.0,10.192557550232774,9.0,11.0,30000.0,10000.0,19000.0,0.0,25.13834905232992,16.5,19.0,0.0,10000.0,36961.469789280294,25000.0,0.0,26.452068105013176,17.0,20.0,0.0,122.0,10.219737720692631,9.0,11.0,1.0,14605.792692894116,10000.0,19000.0,1.0,16.5,17.44172255201725,19.0,1.0,21626.07169299058,10000.0,25000.0,1.0,18.766539660579657,17.0,20.0,1.0,0.0,111.0,1.0,45.0
11.0,22.0,11.0,22.0,-121.0,21.0,13.0,-111.0,10.010258263551627,9.0,11.0,30000.0,10000.0,19000.0,0.0,25.64545946815445,16.5,19.0,0.0,10000.0,36489.904588008954,25000.0,0.0,26.935054761793147,17.0,20.0,0.0,121.0,10.015764615265214,9.0,11.0,1.0,13056.915255162578,10000.0,19000.0,1.0,16.5,17.16849972321747,19.0,1.0,19518.20187228533,10000.0,25000.0,1.0,18.45240840003956,17.0,20.0,1.0,0.0,211.0,1.0,4.0
91.0,24.0,91.0,24.0,-721.0,911.0,12.0,-711.0,15.672984826448866,12.0,17.0,30000.0,18000.0,36000.0,1.0,25.46434222405394,20.0,25.0,0.0,18000.0,34530.01769910356,36000.0,1.0,26.032382715616716,20.0,26.0,0.0,721.0,15.073517033244045,12.0,17.0,1.0,27240.625107606913,18000.0,36000.0,1.0,20.0,23.541921099957392,25.0,1.0,31774.552238220764,18000.0,36000.0,1.0,24.110451813754242,20.0,26.0,1.0,0.0,91121.0,7.0,24.0
11.0,22.0,11.0,22.0,-121.0,21.0,13.0,-111.0,10.008187845801523,9.0,11.0,30000.0,10000.0,19000.0,0.0,27.364532707745518,16.5,19.0,0.0,10000.0,36491.476648236945,25000.0,0.0,28.661230976540956,17.0,20.0,0.0,121.0,9.985834793147484,9.0,11.0,1.0,14415.741153005796,10000.0,19000.0,1.0,16.5,17.393667586261355,19.0,1.0,20822.98686328195,10000.0,25000.0,1.0,18.673540390320284,17.0,20.0,1.0,0.0,211.0,1.0,19.0
91.0,24.0,91.0,21.0,-721.0,911.0,11.0,-711.0,15.119431954865565,12.0,17.0,30000.0,18000.0,36000.0,1.0,24.06772491267872,20.0,25.0,1.0,18000.0,34104.090059097885,36000.0,1.0,24.57192542411719,20.0,26.0,1.0,722.0,15.232470839075718,12.0,17.0,1.0,21418.901055304766,18000.0,36000.0,1.0,20.0,22.817924598876147,25.0,1.0,25393.30549552751,18000.0,36000.0,1.0,23.3061928197407,20.0,26.0,1.0,1.0,91121.0,7.0,2.0
11.0,21.0,11.0,22.0,-121.0,21.0,13.0,-111.0,10.191510594618476,9.0,11.0,30000.0,10000.0,19000.0,0.0,27.282290488537335,16.5,19.0,0.0,10000.0,36916.37438876749,25000.0,0.0,28.59168672119696,17.0,20.0,0.0,122.0,10.212180251993546,9.0,11.0,1.0,14489.278173311131,10000.0,19000.0,1.0,16.5,17.48665787865136,19.0,1.0,21361.453395298042,10000.0,25000.0,1.0,18.787686400250813,17.0,20.0,1.0,0.0,211.0,1.0,9.0
11.0,22.0,11.0,22.0,-121.0,21.0,12.0,-111.0,10.200341763652514,9.0,11.0,30000.0,10000.0,19000.0,0.0,24.493760098633363,16.5,19.0,0.0,10000.0,36975.56105064265,25000.0,0.0,25.810393405396965,17.0,20.0,0.0,122.0,10.195645888530168,9.0,11.0,1.0,14684.425488592326,10000.0,19000.0,1.0,16.5,17.48966435868363,19.0,1.0,21798.260389059946,10000.0,25000.0,1.0,18.83239677845223,17.0,20.0,1.0,0.0,211.0,1.0,25.0
11.0,22.0,11.0,21.0,-121.0,21.0,12.0,-111.0,10.0109297186321,9.0,11.0,30000.0,10000.0,19000.0,0.0,25.399860226619083,16.5,19.0,0.0,10000.0,36447.96903236577,25000.0,0.0,26.691530172668926,17.0,20.0,0.0,121.0,9.986344198127808,9.0,11.0,1.0,15452.110028709567,10000.0,19000.0,1.0,16.5,17.534933474748307,19.0,1.0,21984.60214019171,10000.0,25000.0,1.0,18.84353525165748,17.0,20.0,1.0,0.0,211.0,1.0,53.0
81.0,23.0,81.0,23.0,-721.0,912.0,12.0,-711.0,15.03935449594607,12.0,17.0,30000.0,12500.0,23000.0,0.0,26.59055812969013,20.0,24.0,0.0,12500.0,34048.16454881673,26000.0,0.0,27.084580372335058,20.0,25.0,0.0,722.0,14.973926411585541,12.0,17.0,1.0,18248.95594240509,12500.0,23000.0,1.0,20.0,21.80566441207392,24.0,1.0,22305.850939568845,12500.0,26000.0,1.0,22.300752084648803,20.0,25.0,1.0,0.0,912.0,7.0,5.0
11.0,21.0,11.0,22.0,-121.0,11.0,12.0,-111.0,9.991743838268698,9.0,11.0,30000.0,10000.0,19000.0,0.0,26.086075701829934,16.5,19.0,0.0,10000.0,36452.069890729086,25000.0,0.0,27.371140557934556,17.0,20.0,0.0,121.0,10.00000473787644,9.0,11.0,1.0,16041.59894453008,10000.0,19000.0,1.0,16.5,17.738667777854754,19.0,1.0,22493.278654794634,10000.0,25000.0,1.0,19.02365492134761,17.0,20.0,1.0,0.0,111.0,1.0,51.0
11.0,22.0,11.0,21.0,-121.0,11.0,11.0,-111.0,9.993103946354816,9.0,11.0,30000.0,10000.0,19000.0,0.0,24.8008528251585,16.5,19.0,0.0,10000.0,36489.02188576754,25000.0,0.0,26.099314424790713,17.0,20.0,0.0,121.0,10.011860150750795,9.0,11.0,1.0,12884.465897620252,10000.0,19000.0,1.0,16.5,17.05836921076258,19.0,1.0,19403.085574122833,10000.0,25000.0,1.0,18.362753366271463,17.0,20.0,1.0,0.0,111.0,1.0,39.0
91.0,24.0,91.0,21.0,-721.0,911.0,11.0,-711.0,15.053907248808326,12.0,17.0,30000.0,18000.0,36000.0,1.0,24.465068978872154,20.0,25.0,1.0,18000.0,34008.511337159005,36000.0,1.0,24.954805176899715,20.0,26.0,1.0,722.0,15.35342594767653,12.0,17.0,1.0,22411.509154631367,18000.0,36000.0,1.0,20.0,23.059282567340524,25.0,1.0,26394.696174178727,18000.0,36000.0,1.0,23.545924790078605,20.0,26.0,1.0,1.0,91121.0,7.0,21.0
91.0,24.0,91.0,24.0,-721.0,911.0,11.0,-711.0,15.344449277356537,12.0,17.0,30000.0,18000.0,36000.0,1.0,25.074039669050375,20.0,25.0,0.0,18000.0,34524.98124687874,36000.0,1.0,25.635799250697,20.0,26.0,1.0,721.0,14.880184326429138,12.0,17.0,1.0,25384.436684584703,18000.0,36000.0,1.0,20.0,22.990017978880374,25.0,1.0,29880.76137631702,18000.0,36000.0,1.0,23.548219955853703,20.0,26.0,1.0,0.0,91121.0,7.0,4.0
91.0,24.0,91.0,24.0,-721.0,911.0,11.0,-711.0,15.326178692262763,12.0,17.0,30000.0,18000.0,36000.0,1.0,25.789970134324548,20.0,25.0,0.0,18000.0,34085.360366523055,36000.0,1.0,26.290985477393686,20.0,26.0,0.0,722.0,15.38083174092276,12.0,17.0,1.0,24837.251497292556,18000.0,36000.0,1.0,20.0,23.459594682190613,25.0,1.0,28811.059030299228,18000.0,36000.0,1.0,23.94692954761755,20.0,26.0,1.0,0.0,91121.0,7.0,4.0
11.0,22.0,11.0,22.0,-121.0,11.0,12.0,-111.0,9.995417195710356,9.0,11.0,30000.0,10000.0,19000.0,0.0,23.924801152629517,16.5,19.0,0.0,10000.0,36615.49297640831,25000.0,0.0,25.25023821953843,17.0,20.0,0.0,121.0,10.01692004733247,9.0,11.0,1.0,15927.37122341101,10000.0,19000.0,1.0,16.5,17.73905200085659,19.0,1.0,22463.813587657824,10000.0,25000.0,1.0,19.048651002198152,17.0,20.0,1.0,0.0,111.0,1.0,42.0
11.0,21.0,11.0,22.0,-121.0,21.0,13.0,-111.0,10.19170745104671,9.0,11.0,30000.0,10000.0,19000.0,0.0,27.972038130990764,16.5,19.0,0.0,10000.0,36846.58236394236,25000.0,0.0,29.260846574327697,17.0,20.0,0.0,122.0,10.213280361034057,9.0,11.0,1.0,15140.0128635636,10000.0,19000.0,1.0,16.5,17.65124499564576,19.0,1.0,22199.728513962596,10000.0,25000.0,1.0,18.980173890989246,17.0,20.0,1.0,0.0,211.0,1.0,52.0
11.0,22.0,11.0,21.0,-121.0,21.0,13.0,-111.0,10.203574594652357,9.0,11.0,30000.0,10000.0,19000.0,0.0,26.384514831961624,16.5,19.0,0.0,10000.0,36887.838182373176,25000.0,0.0,27.68351263260887,17.0,20.0,0.0,122.0,10.221548019361387,9.0,11.0,1.0,12944.178251522408,10000.0,19000.0,1.0,16.5,17.17259404376905,19.0,1.0,19750.53169364074,10000.0,25000.0,1.0,18.456224395940485,17.0,20.0,1.0,0.0,211.0,1.0,20.0
92.0,24.0,92.0,24.0,-721.0,921.0,13.0,-711.0,15.272507122145283,12.0,17.0,30000.0,15000.0,28000.0,0.0,25.146593484375664,19.5,25.0,0.0,15000.0,33979.33193474403,28000.0,0.0,25.631220379462533,20.0,26.0,1.0,722.0,15.077338243441897,12.0,17.0,1.0,23301.375921747782,15000.0,28000.0,1.0,19.5,21.887544564551675,25.0,1.0,27364.42350448276,15000.0,28000.0,1.0,22.382366853041596,20.0,26.0,1.0,0.0,92122.0,7.0,22.0
11.0,22.0,11.0,22.0,-121.0,21.0,13.0,-111.0,10.206675941047662,9.0,11.0,30000.0,10000.0,19000.0,0.0,24.026871589362514,16.5,19.0,0.0,10000.0,37130.45121109424,25000.0,0.0,25.366200833965515,17.0,20.0,0.0,122.0,10.192248889907846,9.0,11.0,1.0,14632.643115985746,10000.0,19000.0,1.0,16.5,17.4910295508513,19.0,1.0,21676.11285861003,10000.0,25000.0,1.0,18.814020863812743,17.0,20.0,1.0,0.0,211.0,1.0,41.0
11.0,22.0,11.0,21.0,-121.0,21.0,13.0,-111.0,10.010344966753722,9.0,11.0,30000.0,10000.0,19000.0,0.0,26.525886357987517,16.5,19.0,0.0,10000.0,36364.55155586148,25000.0,0.0,27.795911013542145,17.0,20.0,0.0,121.0,9.994320289954095,9.0,11.0,1.0,11849.72659362493,10000.0,19000.0,1.0,16.5,16.829564677339633,19.0,1.0,18292.384081856726,10000.0,25000.0,1.0,18.115175106532,17.0,20.0,1.0,0.0,211.0,1.0,20.0
11.0,22.0,11.0,22.0,-121.0,11.0,12.0,-111.0,9.986374248740512,9.0,11.0,30000.0,10000.0,19000.0,0.0,23.80496901597762,16.5,19.0,0.0,10000.0,36600.07145516218,25000.0,0.0,25.126886413403362,17.0,20.0,0.0,121.0,10.005651309727847,9.0,11.0,1.0,15086.198091311147,10000.0,19000.0,1.0,16.5,17.559962375552907,19.0,1.0,21583.42208506551,10000.0,25000.0,1.0,18.86128062500886,17.0,20.0,1.0,0.0,111.0,1.0,49.0
91.0,24.0,91.0,24.0,-721.0,911.0,11.0,-711.0,15.248665281431737,12.0,17.0,30000.0,18000.0,36000.0,1.0,25.026136610107315,20.0,25.0,0.0,18000.0,34466.154641449844,36000.0,1.0,25.58465058629295,20.0,26.0,1.0,721.0,15.05398414813565,12.0,17.0,1.0,28037.949495645487,18000.0,36000.0,1.0,20.0,23.62783221438287,25.0,1.0,32474.908831421293,18000.0,36000.0,1.0,24.182695178105426,20.0,26.0,1.0,0.0,91121.0,7.0,4.0
91.0,24.0,91.0,21.0,-721.0,911.0,11.0,-711.0,15.1093454987384,12.0,17.0,30000.0,18000.0,36000.0,1.0,24.058213926798004,20.0,25.0,1.0,18000.0,34510.857117926935,36000.0,1.0,24.618944057430713,20.0,26.0,1.0,721.0,14.322319109842814,12.0,17.0,1.0,28313.056833896524,18000.0,36000.0,1.0,20.0,22.80660942627813,25.0,1.0,32767.47156770326,18000.0,36000.0,1.0,23.360323385794455,20.0,26.0,1.0,1.0,91121.0,7.0,15.0
11.0,22.0,11.0,22.0,-121.0,21.0,12.0,-111.0,10.203573311789764,9.0,11.0,30000.0,10000.0,19000.0,0.0,24.10616572325669,16.5,19.0,0.0,10000.0,36957.842718049586,25000.0,0.0,25.421353997116668,17.0,20.0,0.0,122.0,10.211179611572389,9.0,11.0,1.0,16382.947946596212,10000.0,19000.0,1.0,16.5,17.85748048851268,19.0,1.0,23320.23178755534,10000.0,25000.0,1.0,19.168782673656835,17.0,20.0,1.0,0.0,211.0,1.0,25.0
11.0,21.0,11.0,21.0,-121.0,21.0,12.0,-111.0,10.192293666751413,9.0,11.0,30000.0,10000.0,19000.0,0.0,25.361486395102826,16.5,19.0,0.0,10000.0,36883.96111543018,25000.0,0.0,26.656308033066757,17.0,20.0,0.0,122.0,10.20406878053192,9.0,11.0,1.0,12777.044492060526,10000.0,19000.0,1.0,16.5,17.08023537440385,19.0,1.0,19747.210569836854,10000.0,25000.0,1.0,18.39127152152523,17.0,20.0,1.0,0.0,211.0,1.0,6.0
11.0,21.0,11.0,22.0,-121.0,21.0,13.0,-111.0,9.980723487360525,9.0,11.0,30000.0,10000.0,19000.0,0.0,26.140204670745568,16.5,19.0,0.0,10000.0,36461.07186181533,25000.0,0.0,27.432343124474553,17.0,20.0,0.0,121.0,10.006673609778185,9.0,11.0,1.0,12096.045950785265,10000.0,19000.0,1.0,16.5,16.92656959369106,19.0,1.0,18540.506666100944,10000.0,25000.0,1.0,18.215386013303757,17.0,20.0,1.0,0.0,211.0,1.0,59.0
11.0,22.0,11.0,22.0,-121.0,11.0,11.0,-111.0,9.986322338384396,9.0,11.0,30000.0,10000.0,19000.0,0.0,23.21257181509248,16.5,19.0,0.0,10000.0,36605.792643837565,25000.0,0.0,24.533915276084276,17.0,20.0,0.0,121.0,9.993091615746707,9.0,11.0,1.0,17104.78569183377,10000.0,19000.0,1.0,16.5,17.92371867310411,19.0,1.0,23637.757520285704,10000.0,25000.0,1.0,19.230495932366324,17.0,20.0,1.0,0.0,111.0,1.0,15.0
11.0,21.0,11.0,22.0,-121.0,11.0,11.0,-111.0,10.004472094947216,9.0,11.0,30000.0,10000.0,19000.0,0.0,26.279340220287544,16.5,19.0,0.0,10000.0,36478.458862845706,25000.0,0.0,27.575967302934483,17.0,20.0,0.0,121.0,10.008436554331517,9.0,11.0,1.0,17328.97031338437,10000.0,19000.0,1.0,16.5,18.01525389917844,19.0,1.0,23892.035525017214,10000.0,25000.0,1.0,19.328814466396906,17.0,20.0,1.0,0.0,111.0,1.0,29.0
11.0,21.0,11.0,22.0,-121.0,11.0,11.0,-111.0,10.193695819357593,9.0,11.0,30000.0,10000.0,19000.0,0.0,24.051342927883336,16.5,19.0,0.0,10000.0,36874.61057481603,25000.0,0.0,25.34840085826698,17.0,20.0,0.0,122.0,10.191498238917937,9.0,11.0,1.0,15712.214112065105,10000.0,19000.0,1.0,16.5,17.696072597210247,19.0,1.0,22663.84424919158,10000.0,25000.0,1.0,19.007662090218744,17.0,20.0,1.0,0.0,111.0,1.0,35.0
11.0,21.0,11.0,22.0,-121.0,11.0,11.0,-111.0,10.190064000883348,9.0,11.0,30000.0,10000.0,19000.0,0.0,25.826194036157297,16.5,19.0,0.0,10000.0,37172.09276825285,25000.0,0.0,27.173338566549926,17.0,20.0,0.0,122.0,10.201559249614176,9.0,11.0,1.0,17668.48517137967,10000.0,19000.0,1.0,16.5,18.093222618434865,19.0,1.0,24604.593407527915,10000.0,25000.0,1.0,19.396041833755,17.0,20.0,1.0,0.0,111.0,1.0,29.0
11.0,22.0,11.0,21.0,-121.0,11.0,11.0,-111.0,9.985623611082287,9.0,11.0,30000.0,10000.0,19000.0,0.0,23.45549542868187,16.5,19.0,0.0,10000.0,36468.41988059235,25000.0,0.0,24.753505571807512,17.0,20.0,0.0,121.0,9.998991091180853,9.0,11.0,1.0,13721.9687570953,10000.0,19000.0,1.0,16.5,17.23592948186119,19.0,1.0,20242.645122120513,10000.0,25000.0,1.0,18.544425871719433,17.0,20.0,1.0,0.0,111.0,1.0,26.0
11.0,22.0,11.0,22.0,-121.0,21.0,13.0,-111.0,10.202021739569084,9.0,11.0,30000.0,10000.0,19000.0,0.0,26.771928130759438,16.5,19.0,0.0,10000.0,36962.81332812613,25000.0,0.0,28.089279986779175,17.0,20.0,0.0,122.0,10.163157005529015,9.0,11.0,1.0,15574.659638914483,10000.0,19000.0,1.0,16.5,17.640131322292632,19.0,1.0,22538.474418783797,10000.0,25000.0,1.0,18.95767265119501,17.0,20.0,1.0,0.0,211.0,1.0,3.0
91.0,24.0,91.0,24.0,-721.0,911.0,12.0,-711.0,15.081332831786845,12.0,17.0,30000.0,18000.0,36000.0,1.0,24.622695211807944,20.0,25.0,1.0,18000.0,34024.75188649799,36000.0,1.0,25.113847736418062,20.0,26.0,1.0,722.0,15.229164873644276,12.0,17.0,1.0,26973.521301508805,18000.0,36000.0,1.0,20.0,23.51092910841443,25.0,1.0,30954.675462014126,18000.0,36000.0,1.0,23.99676127197064,20.0,26.0,1.0,1.0,91121.0,7.0,1.0
11.0,21.0,11.0,22.0,-121.0,11.0,12.0,-111.0,9.992434482402448,9.0,11.0,30000.0,10000.0,19000.0,0.0,24.511729765768663,16.5,19.0,0.0,10000.0,36555.12907174284,25000.0,0.0,25.82441385203922,17.0,20.0,0.0,121.0,9.992489049749079,9.0,11.0,1.0,17420.42970112579,10000.0,19000.0,1.0,16.5,18.01725792615737,19.0,1.0,23925.93882539318,10000.0,25000.0,1.0,19.320005470416362,17.0,20.0,1.0,0.0,111.0,1.0,51.0
91.0,21.0,91.0,24.0,-721.0,911.0,12.0,-711.0,15.126456078053337,12.0,17.0,30000.0,18000.0,36000.0,1.0,25.047091613771784,20.0,25.0,0.0,18000.0,34054.445284229616,36000.0,1.0,25.541447827009204,20.0,26.0,1.0,722.0,15.086813253422436,12.0,17.0,1.0,26185.972173979546,18000.0,36000.0,1.0,20.0,23.32732148823302,25.0,1.0,30199.92253307844,18000.0,36000.0,1.0,23.816740178223842,20.0,26.0,1.0,0.0,91121.0,7.0,19.0
11.0,21.0,11.0,22.0,-121.0,21.0,13.0,-111.0,9.99223114133947,9.0,11.0,30000.0,10000.0,19000.0,0.0,27.194565359148008,16.5,19.0,0.0,10000.0,36481.83558987167,25000.0,0.0,28.4934463890938,17.0,20.0,0.0,121.0,10.009815544202592,9.0,11.0,1.0,15353.54587509135,10000.0,19000.0,1.0,16.5,17.635154130630717,19.0,1.0,21818.478681898097,10000.0,25000.0,1.0,18.93064804839634,17.0,20.0,1.0,0.0,211.0,1.0,59.0
11.0,22.0,11.0,22.0,-121.0,21.0,13.0,-111.0,9.99353927306589,9.0,11.0,30000.0,10000.0,19000.0,0.0,25.776165745021025,16.5,19.0,0.0,10000.0,36493.53701521168,25000.0,0.0,27.07663074020656,17.0,20.0,0.0,121.0,9.97880528385892,9.0,11.0,1.0,15783.488921653432,10000.0,19000.0,1.0,16.5,17.682599557291002,19.0,1.0,22228.679699639913,10000.0,25000.0,1.0,18.973382219256134,17.0,20.0,1.0,0.0,211.0,1.0,16.0
11.0,22.0,11.0,22.0,-121.0,21.0,13.0,-111.0,10.188787853913885,9.0,11.0,30000.0,10000.0,19000.0,0.0,24.764622710757923,16.5,19.0,0.0,10000.0,36880.314731036524,25000.0,0.0,26.059043163714943,17.0,20.0,0.0,122.0,10.219082519234066,9.0,11.0,1.0,13429.81752113019,10000.0,19000.0,1.0,16.5,17.26789737623866,19.0,1.0,20355.51864958366,10000.0,25000.0,1.0,18.570856549210554,17.0,20.0,1.0,0.0,211.0,1.0,36.0
11.0,21.0,11.0,21.0,-121.0,11.0,11.0,-111.0,10.000880804053605,9.0,11.0,30000.0,10000.0,19000.0,0.0,26.08941415251505,16.5,19.0,0.0,10000.0,36567.01813588133,25000.0,0.0,27.402802001193532,17.0,20.0,0.0,121.0,9.998226052724956,9.0,11.0,1.0,14612.423866403957,10000.0,19000.0,1.0,16.5,17.421744445104444,19.0,1.0,21057.197035039026,10000.0,25000.0,1.0,18.710683594050227,17.0,20.0,1.0,0.0,111.0,1.0,18.0
92.0,24.0,92.0,24.0,-721.0,921.0,13.0,-711.0,15.427493751093676,12.0,17.0,30000.0,15000.0,28000.0,0.0,25.066837414552964,19.5,25.0,0.0,15000.0,34489.632507924674,28000.0,0.0,25.632067097617043,20.0,26.0,1.0,721.0,13.994560997245719,12.0,17.0,1.0,22582.91644850081,15000.0,28000.0,1.0,19.5,20.90919032254162,25.0,1.0,27089.08815934334,15000.0,28000.0,1.0,21.476502235812042,20.0,26.0,1.0,0.0,92122.0,7.0,22.0
11.0,22.0,11.0,22.0,-121.0,21.0,13.0,-111.0,9.99589818774277,9.0,11.0,30000.0,10000.0,19000.0,0.0,25.097486786530258,16.5,19.0,0.0,10000.0,36603.71514815719,25000.0,0.0,26.41151961679622,17.0,20.0,0.0,121.0,9.999276189198516,9.0,11.0,1.0,13543.687219637277,10000.0,19000.0,1.0,16.5,17.21450596576843,19.0,1.0,20055.184185036574,10000.0,25000.0,1.0,18.51018886467414,17.0,20.0,1.0,0.0,211.0,1.0,4.0
11.0,22.0,11.0,22.0,-121.0,11.0,11.0,-111.0,10.006321969497577,9.0,11.0,30000.0,10000.0,19000.0,0.0,24.759967043374967,16.5,19.0,0.0,10000.0,36505.55877141149,25000.0,0.0,26.056434941404703,17.0,20.0,0.0,121.0,9.992796745637063,9.0,11.0,1.0,17000.738538854188,10000.0,19000.0,1.0,16.5,17.900366322221743,19.0,1.0,23473.665172015764,10000.0,25000.0,1.0,19.190331086366808,17.0,20.0,1.0,0.0,111.0,1.0,17.0
11.0,22.0,11.0,21.0,-121.0,21.0,13.0,-111.0,9.999617759671317,9.0,11.0,30000.0,10000.0,19000.0,0.0,26.607371038734318,16.5,19.0,0.0,10000.0,36525.23067992767,25000.0,0.0,27.92091381627538,17.0,20.0,0.0,121.0,10.008623459958178,9.0,11.0,1.0,11696.598445287387,10000.0,19000.0,1.0,16.5,16.80812231318494,19.0,1.0,18178.356472156884,10000.0,25000.0,1.0,18.112913953448853,17.0,20.0,1.0,0.0,211.0,1.0,2.0
91.0,24.0,91.0,21.0,-721.0,911.0,11.0,-711.0,15.162433581601976,12.0,17.0,30000.0,18000.0,36000.0,1.0,24.659247339493056,20.0,25.0,1.0,18000.0,33981.347194411836,36000.0,1.0,25.144582583728397,20.0,26.0,1.0,722.0,15.162197277833933,12.0,17.0,1.0,21332.547015893673,18000.0,36000.0,1.0,20.0,22.691611593607597,25.0,1.0,25397.953558611767,18000.0,36000.0,1.0,23.187193862869474,20.0,26.0,1.0,1.0,91121.0,7.0,15.0
11.0,22.0,11.0,22.0,-121.0,11.0,11.0,-111.0,10.007947180192756,9.0,11.0,30000.0,10000.0,19000.0,0.0,24.853700540716133,16.5,19.0,0.0,10000.0,36460.26237756936,25000.0,0.0,26.14425388169892,17.0,20.0,0.0,121.0,10.032651639043188,9.0,11.0,1.0,15731.983484225124,10000.0,19000.0,1.0,16.5,17.685649656518997,19.0,1.0,22261.10756484638,10000.0,25000.0,1.0,18.989959358427303,17.0,20.0,1.0,0.0,111.0,1.0,17.0
11.0,22.0,11.0,21.0,-121.0,11.0,12.0,-111.0,10.003608720748652,9.0,11.0,30000.0,10000.0,19000.0,0.0,23.884265046299312,16.5,19.0,0.0,10000.0,36512.37982387076,25000.0,0.0,25.183138181528573,17.0,20.0,0.0,121.0,9.990816958117515,9.0,11.0,1.0,13432.181484864544,10000.0,19000.0,1.0,16.5,17.114377849732975,19.0,1.0,19917.961823035235,10000.0,25000.0,1.0,18.4079458033971,17.0,20.0,1.0,0.0,111.0,1.0,45.0
11.0,21.0,11.0,22.0,-121.0,11.0,11.0,-111.0,10.001776295614142,9.0,11.0,30000.0,10000.0,19000.0,0.0,26.478888305079305,16.5,19.0,0.0,10000.0,36529.611380973656,25000.0,0.0,27.786701606035997,17.0,20.0,0.0,121.0,9.99465981959365,9.0,11.0,1.0,15709.75524101596,10000.0,19000.0,1.0,16.5,17.686015871641075,19.0,1.0,22184.902126489975,10000.0,25000.0,1.0,18.982920500168674,17.0,20.0,1.0,0.0,111.0,1.0,43.0
11.0,22.0,11.0,22.0,-121.0,11.0,11.0,-111.0,10.192045427139066,9.0,11.0,30000.0,10000.0,19000.0,0.0,25.740380741755228,16.5,19.0,0.0,10000.0,37045.71433682782,25000.0,0.0,27.07256543909673,17.0,20.0,0.0,122.0,10.179013975602597,9.0,11.0,1.0,16031.54678378076,10000.0,19000.0,1.0,16.5,17.774057639263923,19.0,1.0,22992.312030479152,10000.0,25000.0,1.0,19.090180391355677,17.0,20.0,1.0,0.0,111.0,1.0,50.0
11.0,22.0,11.0,21.0,-121.0,11.0,11.0,-111.0,10.201447033058534,9.0,11.0,30000.0,10000.0,19000.0,0.0,23.161425918943596,16.5,19.0,0.0,10000.0,36897.22462413669,25000.0,0.0,24.461447498334927,17.0,20.0,0.0,122.0,10.199530712515859,9.0,11.0,1.0,13208.331071975437,10000.0,19000.0,1.0,16.5,17.16561241419035,19.0,1.0,20152.839152371,10000.0,25000.0,1.0,18.474546203468194,17.0,20.0,1.0,0.0,111.0,1.0,26.0
11.0,22.0,11.0,21.0,-121.0,11.0,12.0,-111.0,9.989201703021854,9.0,11.0,30000.0,10000.0,19000.0,0.0,23.785499367328075,16.5,19.0,0.0,10000.0,36472.05288417266,25000.0,0.0,25.088785215817957,17.0,20.0,0.0,121.0,10.004082695679266,9.0,11.0,1.0,14347.802673868691,10000.0,19000.0,1.0,16.5,17.390972935298283,19.0,1.0,20814.793625253908,10000.0,25000.0,1.0,18.693239455688417,17.0,20.0,1.0,0.0,111.0,1.0,10.0
92.0,24.0,92.0,24.0,-721.0,921.0,13.0,-711.0,15.144089071679026,12.0,17.0,30000.0,15000.0,28000.0,0.0,24.183976901897346,19.5,25.0,1.0,15000.0,33970.397407257005,28000.0,0.0,24.66873945024093,20.0,26.0,1.0,722.0,15.44623282971166,12.0,17.0,1.0,21144.59014464351,15000.0,28000.0,1.0,19.5,22.04596517681646,25.0,1.0,25272.65489014955,15000.0,28000.0,1.0,22.549977994803193,20.0,26.0,1.0,0.0,92122.0,7.0,20.0
91.0,24.0,91.0,24.0,-721.0,911.0,12.0,-711.0,15.209892369605747,12.0,17.0,30000.0,18000.0,36000.0,1.0,25.975040613869425,20.0,25.0,0.0,18000.0,33978.00087162549,36000.0,1.0,26.459708623179424,20.0,26.0,0.0,722.0,15.173774873350713,12.0,17.0,1.0,28187.041941679134,18000.0,36000.0,1.0,20.0,23.599035262725046,25.0,1.0,32199.5120176512,18000.0,36000.0,1.0,24.087902899232795,20.0,26.0,1.0,0.0,91121.0,7.0,27.0
11.0,22.0,11.0,22.0,-121.0,11.0,11.0,-111.0,10.007955959199906,9.0,11.0,30000.0,10000.0,19000.0,0.0,25.872738839004395,16.5,19.0,0.0,10000.0,36546.58674689224,25000.0,0.0,27.175196922820156,17.0,20.0,0.0,121.0,10.001679298331025,9.0,11.0,1.0,14970.719329783613,10000.0,19000.0,1.0,16.5,17.50255653395191,19.0,1.0,21482.529186612228,10000.0,25000.0,1.0,18.798095677662765,17.0,20.0,1.0,0.0,111.0,1.0,57.0
91.0,24.0,91.0,24.0,-721.0,911.0,12.0,-711.0,14.929400484399183,12.0,17.0,30000.0,18000.0,36000.0,1.0,25.09101197162199,20.0,25.0,0.0,18000.0,34054.663789403945,36000.0,1.0,25.58372333236688,20.0,26.0,1.0,722.0,14.838507032904314,12.0,17.0,1.0,28774.102758484732,18000.0,36000.0,1.0,20.0,23.330829546687287,25.0,1.0,32860.6135153813,18000.0,36000.0,1.0,23.82741086151564,20.0,26.0,1.0,0.0,91121.0,7.0,32.0
11.0,21.0,11.0,21.0,-121.0,21.0,13.0,-111.0,10.200429501947257,9.0,11.0,30000.0,10000.0,19000.0,0.0,28.103834168278823,16.5,19.0,0.0,10000.0,36955.77915400886,25000.0,0.0,29.413395589524075,17.0,20.0,0.0,122.0,10.188496230128715,9.0,11.0,1.0,10944.696335071552,10000.0,19000.0,1.0,16.5,16.7283589307974,19.0,1.0,17823.64961085149,10000.0,25000.0,1.0,18.02345637840946,17.0,20.0,1.0,0.0,211.0,1.0,34.0
81.0,23.0,81.0,23.0,-721.0,912.0,12.0,-711.0,15.130720632364929,12.0,17.0,30000.0,12500.0,23000.0,0.0,25.321858678528685,20.0,24.0,0.0,12500.0,33909.713658007735,26000.0,0.0,25.79700253851139,20.0,25.0,0.0,722.0,15.343067758518558,12.0,17.0,1.0,17788.07952466509,12500.0,23000.0,1.0,20.0,22.064128695095448,24.0,1.0,21756.342644113207,12500.0,26000.0,1.0,22.546388016603505,20.0,25.0,1.0,0.0,912.0,7.0,5.0
91.0,24.0,91.0,24.0,-721.0,911.0,11.0,-711.0,14.618963400369749,12.0,17.0,30000.0,18000.0,36000.0,1.0,23.968698184951315,20.0,25.0,1.0,18000.0,34542.62809673275,36000.0,1.0,24.53546132888123,20.0,26.0,1.0,721.0,15.200203330565742,12.0,17.0,1.0,25420.498384888913,18000.0,36000.0,1.0,20.0,23.333472658136543,25.0,1.0,29928.386542909677,18000.0,36000.0,1.0,23.895901457175118,20.0,26.0,1.0,1.0,91121.0,7.0,28.0
11.0,22.0,11.0,22.0,-121.0,11.0,11.0,-111.0,10.17342103119169,9.0,11.0,30000.0,10000.0,19000.0,0.0,23.691917359451814,16.5,19.0,0.0,10000.0,36917.35892666488,25000.0,0.0,25.00115273832729,17.0,20.0,0.0,122.0,10.212686607083546,9.0,11.0,1.0,14190.504809109614,10000.0,19000.0,1.0,16.5,17.42687266929271,19.0,1.0,21410.52556152804,10000.0,25000.0,1.0,18.79339227677516,17.0,20.0,1.0,0.0,111.0,1.0,38.0
91.0,24.0,91.0,24.0,-721.0,911.0,12.0,-711.0,15.20389582315974,12.0,17.0,30000.0,18000.0,36000.0,1.0,25.06126641678143,20.0,25.0,0.0,18000.0,34522.475546199785,36000.0,1.0,25.62673851815708,20.0,26.0,1.0,721.0,14.989477182872097,12.0,17.0,1.0,26515.098828764447,18000.0,36000.0,1.0,20.0,23.336757387711973,25.0,1.0,31023.886738369518,18000.0,36000.0,1.0,23.900518042215438,20.0,26.0,1.0,0.0,91121.0,7.0,8.0
11.0,22.0,11.0,22.0,-121.0,21.0,13.0,-111.0,10.205574528989196,9.0,11.0,30000.0,10000.0,19000.0,0.0,25.341907260603186,16.5,19.0,0.0,10000.0,36945.73328367786,25000.0,0.0,26.653181744480815,17.0,20.0,0.0,122.0,10.204847366325447,9.0,11.0,1.0,13473.655163491976,10000.0,19000.0,1.0,16.5,17.294629756595217,19.0,1.0,20297.126276811352,10000.0,25000.0,1.0,18.58282255020534,17.0,20.0,1.0,0.0,211.0,1.0,4.0
91.0,24.0,91.0,24.0,-721.0,911.0,12.0,-711.0,15.541675831560134,12.0,17.0,30000.0,18000.0,36000.0,1.0,24.60289022683108,20.0,25.0,1.0,18000.0,34487.78604357132,36000.0,1.0,25.16230051328311,20.0,26.0,1.0,721.0,14.468243489386985,12.0,17.0,1.0,22331.594996410604,18000.0,36000.0,1.0,20.0,22.22483726606313,25.0,1.0,26783.21893614788,18000.0,36000.0,1.0,22.779739883774248,20.0,26.0,1.0,1.0,91121.0,7.0,23.0
91.0,24.0,91.0,24.0,-721.0,911.0,11.0,-711.0,15.037768311987456,12.0,17.0,30000.0,18000.0,36000.0,1.0,24.77615422928989,20.0,25.0,1.0,18000.0,34515.25774530393,36000.0,1.0,25.339217636939487,20.0,26.0,1.0,721.0,14.519398311908802,12.0,17.0,1.0,27729.6506330847,18000.0,36000.0,1.0,20.0,23.00916441346609,25.0,1.0,32212.24782434395,18000.0,36000.0,1.0,23.568154972145937,20.0,26.0,1.0,1.0,91121.0,7.0,16.0
11.0,22.0,11.0,22.0,-121.0,21.0,13.0,-111.0,10.229722673681065,9.0,11.0,30000.0,10000.0,19000.0,0.0,25.29495907368751,16.5,19.0,0.0,10000.0,37001.14822995357,25000.0,0.0,26.614759454303364,17.0,20.0,0.0,122.0,10.196853897800278,9.0,11.0,1.0,14738.053893490185,10000.0,19000.0,1.0,16.5,17.46090922534244,19.0,1.0,21711.588504827647,10000.0,25000.0,1.0,18.775504107779607,17.0,20.0,1.0,0.0,211.0,1.0,22.0
11.0,21.0,11.0,22.0,-121.0,21.0,13.0,-111.0,10.202455078100543,9.0,11.0,30000.0,10000.0,19000.0,0.0,26.081228613585704,16.5,19.0,0.0,10000.0,36938.88479295849,25000.0,0.0,27.387349636813322,17.0,20.0,0.0,122.0,10.212005950084873,9.0,11.0,1.0,14518.734278305627,10000.0,19000.0,1.0,16.5,17.458423282767587,19.0,1.0,21658.472973278378,10000.0,25000.0,1.0,18.80235146259829,17.0,20.0,1.0,0.0,211.0,1.0,59.0
91.0,24.0,91.0,21.0,-721.0,911.0,11.0,-711.0,15.13327638887458,12.0,17.0,30000.0,18000.0,36000.0,1.0,24.20855193859049,20.0,25.0,1.0,18000.0,34016.643984061535,36000.0,1.0,24.69809598232458,20.0,26.0,1.0,722.0,15.246869732361091,12.0,17.0,1.0,25107.630796799218,18000.0,36000.0,1.0,20.0,23.27456660742974,25.0,1.0,29101.93073558193,18000.0,36000.0,1.0,23.761387384097453,20.0,26.0,1.0,1.0,91121.0,7.0,3.0
11.0,21.0,11.0,22.0,-121.0,11.0,12.0,-111.0,10.182189175460472,9.0,11.0,30000.0,10000.0,19000.0,0.0,25.29376985440807,16.5,19.0,0.0,10000.0,36935.16024648112,25000.0,0.0,26.59894124569557,17.0,20.0,0.0,122.0,10.224871515664919,9.0,11.0,1.0,13899.811863804356,10000.0,19000.0,1.0,16.5,17.362375740783282,19.0,1.0,21081.967048840117,10000.0,25000.0,1.0,18.71403066181444,17.0,20.0,1.0,0.0,111.0,1.0,7.0
11.0,22.0,11.0,21.0,-121.0,11.0,12.0,-111.0,10.013295604883396,9.0,11.0,30000.0,10000.0,19000.0,0.0,24.53465948202383,16.5,19.0,0.0,10000.0,36520.34192107702,25000.0,0.0,25.847450083208944,17.0,20.0,0.0,121.0,9.985254562480062,9.0,11.0,1.0,14498.292068124665,10000.0,19000.0,1.0,16.5,17.377836139066396,19.0,1.0,21051.398822134932,10000.0,25000.0,1.0,18.697223536131972,17.0,20.0,1.0,0.0,111.0,1.0,10.0
91.0,21.0,91.0,24.0,-721.0,911.0,11.0,-711.0,14.579050670392947,12.0,17.0,30000.0,18000.0,36000.0,1.0,24.76516861595855,20.0,25.0,1.0,18000.0,34547.67640783206,36000.0,1.0,25.33191142366991,20.0,26.0,1.0,721.0,14.083414557768332,12.0,17.0,1.0,29405.067358702923,18000.0,36000.0,1.0,20.0,22.81542880819314,25.0,1.0,33900.7969357933,18000.0,36000.0,1.0,23.375697871938122,20.0,26.0,1.0,1.0,91121.0,7.0,18.0
11.0,22.0,11.0,21.0,-121.0,21.0,13.0,-111.0,9.99494015279592,9.0,11.0,30000.0,10000.0,19000.0,0.0,25.966878444494192,16.5,19.0,0.0,10000.0,36534.61857077799,25000.0,0.0,27.2722605406283,17.0,20.0,0.0,121.0,10.003176629154629,9.0,11.0,1.0,12157.700998334334,10000.0,19000.0,1.0,16.5,16.92334485437169,19.0,1.0,18652.17957152023,10000.0,25000.0,1.0,18.220708420636292,17.0,20.0,1.0,0.0,211.0,1.0,58.0
11.0,21.0,11.0,22.0,-121.0,21.0,12.0,-111.0,10.177617014053927,9.0,11.0,30000.0,10000.0,19000.0,0.0,24.368647787800178,16.5,19.0,0.0,10000.0,37001.77999431795,25000.0,0.0,25.692019835589765,17.0,20.0,0.0,122.0,10.199421923766673,9.0,11.0,1.0,16578.567361834524,10000.0,19000.0,1.0,16.5,17.889508596569705,19.0,1.0,23592.25666184888,10000.0,25000.0,1.0,19.215131563736936,17.0,20.0,1.0,0.0,211.0,1.0,37.0
11.0,22.0,11.0,21.0,-121.0,11.0,11.0,-111.0,10.178984133394746,9.0,11.0,30000.0,10000.0,19000.0,0.0,23.406891518445647,16.5,19.0,0.0,10000.0,36899.82908915403,25000.0,0.0,24.710031875122716,17.0,20.0,0.0,122.0,10.190999657202143,9.0,11.0,1.0,14413.161489455986,10000.0,19000.0,1.0,16.5,17.390747065189814,19.0,1.0,21380.364467382096,10000.0,25000.0,1.0,18.706612031753693,17.0,20.0,1.0,0.0,111.0,1.0,26.0
11.0,22.0,11.0,22.0,-121.0,21.0,13.0,-111.0,10.201785942719908,9.0,11.0,30000.0,10000.0,19000.0,0.0,27.417109613382337,16.5,19.0,0.0,10000.0,36926.29624100417,25000.0,0.0,28.72353912826838,17.0,20.0,0.0,122.0,10.187206163848897,9.0,11.0,1.0,13970.630786246502,10000.0,19000.0,1.0,16.5,17.383556816960336,19.0,1.0,20734.11194916862,10000.0,25000.0,1.0,18.659276351205406,17.0,20.0,1.0,0.0,211.0,1.0,28.0
11.0,22.0,11.0,21.0,-121.0,11.0,11.0,-111.0,10.184672117717765,9.0,11.0,30000.0,10000.0,19000.0,0.0,25.039375855164874,16.5,19.0,0.0,10000.0,36859.16842970462,25000.0,0.0,26.328177507066215,17.0,20.0,0.0,122.0,10.194276159407435,9.0,11.0,1.0,12689.986208246833,10000.0,19000.0,1.0,16.5,17.060683051047587,19.0,1.0,19617.684291648762,10000.0,25000.0,1.0,18.362361064244684,17.0,20.0,1.0,0.0,111.0,1.0,1.0
81.0,23.0,81.0,21.0,-721.0,912.0,12.0,-711.0,15.380115516138805,12.0,17.0,30000.0,12500.0,23000.0,0.0,26.342171576168866,20.0,24.0,0.0,12500.0,34565.661035510944,26000.0,0.0,26.912134387493957,20.0,25.0,0.0,721.0,15.621418533363165,12.0,17.0,1.0,16160.244736806046,12500.0,23000.0,1.0,20.0,22.060657296506978,24.0,1.0,20656.618885055374,12500.0,26000.0,1.0,22.621970550025555,20.0,25.0,1.0,0.0,912.0,7.0,11.0
11.0,21.0,11.0,22.0,-121.0,21.0,13.0,-111.0,9.994372916424508,9.0,11.0,30000.0,10000.0,19000.0,0.0,24.709480763336813,16.5,19.0,0.0,10000.0,36409.671226617065,25000.0,0.0,25.98813738857931,17.0,20.0,0.0,121.0,9.993522820341182,9.0,11.0,1.0,16007.274990285472,10000.0,19000.0,1.0,16.5,17.737390232706947,19.0,1.0,22496.01653299231,10000.0,25000.0,1.0,19.031820488133214,17.0,20.0,1.0,0.0,211.0,1.0,32.0
11.0,21.0,11.0,21.0,-121.0,11.0,11.0,-111.0,9.992321314227475,9.0,11.0,30000.0,10000.0,19000.0,0.0,24.772242735851467,16.5,19.0,0.0,10000.0,36480.314995578185,25000.0,0.0,26.069877653946833,17.0,20.0,0.0,121.0,9.996780744809216,9.0,11.0,1.0,14563.271450194537,10000.0,19000.0,1.0,16.5,17.356475488850286,19.0,1.0,20944.904541159012,10000.0,25000.0,1.0,18.634350088921256,17.0,20.0,1.0,0.0,111.0,1.0,56.0
91.0,24.0,91.0,24.0,-721.0,911.0,12.0,-711.0,15.735172499451927,12.0,17.0,30000.0,18000.0,36000.0,1.0,24.78691580578333,20.0,25.0,1.0,18000.0,34582.800048315374,36000.0,1.0,25.35783886932604,20.0,26.0,1.0,721.0,14.772083547914153,12.0,17.0,1.0,28752.70533489169,18000.0,36000.0,1.0,20.0,23.352583703462997,25.0,1.0,33253.219351234475,18000.0,36000.0,1.0,23.913255612042526,20.0,26.0,1.0,1.0,91121.0,7.0,13.0
91.0,24.0,91.0,24.0,-721.0,911.0,11.0,-711.0,15.2983073721068,12.0,17.0,30000.0,18000.0,36000.0,1.0,25.403322784557048,20.0,25.0,0.0,18000.0,34023.31919466255,36000.0,1.0,25.894076095184705,20.0,26.0,1.0,722.0,15.084972612798296,12.0,17.0,1.0,24569.051500873225,18000.0,36000.0,1.0,20.0,23.10512974146222,25.0,1.0,28566.39404017088,18000.0,36000.0,1.0,23.592714491753856,20.0,26.0,1.0,0.0,91121.0,7.0,16.0
11.0,22.0,11.0,22.0,-121.0,21.0,13.0,-111.0,9.993413505657537,9.0,11.0,30000.0,10000.0,19000.0,0.0,24.641148268154062,16.5,19.0,0.0,10000.0,36511.33921131334,25000.0,0.0,25.940908849506638,17.0,20.0,0.0,121.0,10.008813317165481,9.0,11.0,1.0,12168.741743226825,10000.0,19000.0,1.0,16.5,16.95848714907527,19.0,1.0,18601.481053519485,10000.0,25000.0,1.0,18.24255801595753,17.0,20.0,1.0,0.0,211.0,1.0,5.0
92.0,24.0,92.0,24.0,-721.0,921.0,13.0,-711.0,14.490457500531047,12.0,17.0,30000.0,15000.0,28000.0,0.0,23.82644862030236,19.5,25.0,1.0,15000.0,34531.43421300552,28000.0,0.0,24.391769528397532,20.0,26.0,1.0,721.0,14.18566313152595,12.0,17.0,1.0,19580.88482151326,15000.0,28000.0,1.0,19.5,20.654832080366788,25.0,1.0,24051.660331730753,15000.0,28000.0,1.0,21.21258548746071,20.0,26.0,1.0,0.0,92122.0,7.0,22.0
11.0,22.0,11.0,22.0,-121.0,11.0,11.0,-111.0,10.008159383411057,9.0,11.0,30000.0,10000.0,19000.0,0.0,24.30682750512848,16.5,19.0,0.0,10000.0,36578.42829449383,25000.0,0.0,25.624513006492155,17.0,20.0,0.0,121.0,9.989685634931169,9.0,11.0,1.0,15681.464440587744,10000.0,19000.0,1.0,16.5,17.684105522249624,19.0,1.0,22212.24016524272,10000.0,25000.0,1.0,18.992246023262386,17.0,20.0,1.0,0.0,111.0,1.0,44.0
11.0,22.0,11.0,21.0,-121.0,11.0,11.0,-111.0,10.002342265062602,9.0,11.0,30000.0,10000.0,19000.0,0.0,24.578246525952004,16.5,19.0,0.0,10000.0,36510.35394130487,25000.0,0.0,25.88007182449502,17.0,20.0,0.0,121.0,10.00172317308203,9.0,11.0,1.0,12311.412598045901,10000.0,19000.0,1.0,16.5,16.944184117064516,19.0,1.0,18822.099996189238,10000.0,25000.0,1.0,18.24607609440137,17.0,20.0,1.0,0.0,111.0,1.0,54.0
91.0,21.0,91.0,24.0,-721.0,911.0,11.0,-711.0,15.330925169448602,12.0,17.0,30000.0,18000.0,36000.0,1.0,24.900919419719457,20.0,25.0,1.0,18000.0,34027.509776468505,36000.0,1.0,25.39306478085668,20.0,26.0,1.0,722.0,15.204159802817367,12.0,17.0,1.0,24841.80635402928,18000.0,36000.0,1.0,20.0,23.227829065840737,25.0,1.0,28891.170666559654,18000.0,36000.0,1.0,23.722644962653753,20.0,26.0,1.0,1.0,91121.0,7.0,18.0
92.0,24.0,92.0,24.0,-721.0,921.0,13.0,-711.0,15.176197441176297,12.0,17.0,30000.0,15000.0,28000.0,0.0,24.76052803168601,19.5,25.0,1.0,15000.0,34501.49868715586,28000.0,0.0,25.3202796181796,20.0,26.0,1.0,721.0,14.436378454622105,12.0,17.0,1.0,22350.13768498884,15000.0,28000.0,1.0,19.5,21.225540143080735,25.0,1.0,26864.590876661023,15000.0,28000.0,1.0,21.786902594079503,20.0,26.0,1.0,0.0,92122.0,7.0,25.0
91.0,24.0,91.0,21.0,-721.0,911.0,12.0,-711.0,15.497021592233772,12.0,17.0,30000.0,18000.0,36000.0,1.0,24.865556182673547,20.0,25.0,1.0,18000.0,34462.976390258176,36000.0,1.0,25.41987246138115,20.0,26.0,1.0,721.0,15.034428877580686,12.0,17.0,1.0,25239.930006852897,18000.0,36000.0,1.0,20.0,23.054795869722327,25.0,1.0,29721.870833764595,18000.0,36000.0,1.0,23.61146759354869,20.0,26.0,1.0,1.0,91121.0,7.0,14.0
11.0,22.0,11.0,21.0,-121.0,21.0,13.0,-111.0,10.206620091279538,9.0,11.0,30000.0,10000.0,19000.0,0.0,25.2180063303688,16.5,19.0,0.0,10000.0,37148.14868456165,25000.0,0.0,26.562421365621557,17.0,20.0,0.0,122.0,10.181380057684091,9.0,11.0,1.0,12435.309522117073,10000.0,19000.0,1.0,16.5,16.98267660117414,19.0,1.0,19287.68406819579,10000.0,25000.0,1.0,18.27146279931636,17.0,20.0,1.0,0.0,211.0,1.0,20.0
11.0,22.0,11.0,22.0,-121.0,21.0,12.0,-111.0,9.978386503353079,9.0,11.0,30000.0,10000.0,19000.0,0.0,24.734109359302515,16.5,19.0,0.0,10000.0,36497.28115242188,25000.0,0.0,26.035957043322597,17.0,20.0,0.0,121.0,9.982107528103029,9.0,11.0,1.0,16245.648889924421,10000.0,19000.0,1.0,16.5,17.780668268416846,19.0,1.0,22658.770544419684,10000.0,25000.0,1.0,19.065653076274764,17.0,20.0,1.0,0.0,211.0,1.0,48.0
11.0,22.0,11.0,22.0,-121.0,21.0,13.0,-111.0,10.196959957634132,9.0,11.0,30000.0,10000.0,19000.0,0.0,24.178920073894545,16.5,19.0,0.0,10000.0,37057.88429779351,25000.0,0.0,25.505730898058236,17.0,20.0,0.0,122.0,10.208112412184207,9.0,11.0,1.0,11827.319479788575,10000.0,19000.0,1.0,16.5,16.935525010841538,19.0,1.0,18766.66630884603,10000.0,25000.0,1.0,18.240051990448986,17.0,20.0,1.0,0.0,211.0,1.0,47.0
81.0,23.0,81.0,23.0,-721.0,912.0,12.0,-711.0,14.55734680960464,12.0,17.0,30000.0,12500.0,23000.0,0.0,25.6847787542348,20.0,24.0,0.0,12500.0,34571.210247961426,26000.0,0.0,26.255029478550384,20.0,25.0,0.0,721.0,15.023417591984822,12.0,17.0,1.0,20107.281286568537,12500.0,23000.0,1.0,20.0,22.152312495348596,24.0,1.0,24624.438731363676,12500.0,26000.0,1.0,22.715820224158644,20.0,25.0,1.0,0.0,912.0,7.0,10.0
11.0,21.0,11.0,22.0,-121.0,21.0,13.0,-111.0,9.998141006614194,9.0,11.0,30000.0,10000.0,19000.0,0.0,27.154639269970907,16.5,19.0,0.0,10000.0,36496.680613399476,25000.0,0.0,28.459061922444977,17.0,20.0,0.0,121.0,10.002998642121563,9.0,11.0,1.0,12502.6332375634,10000.0,19000.0,1.0,16.5,17.01363277514387,19.0,1.0,18995.21123703529,10000.0,25000.0,1.0,18.31723169272008,17.0,20.0,1.0,0.0,211.0,1.0,59.0
11.0,22.0,11.0,22.0,-121.0,21.0,13.0,-111.0,9.992730246150419,9.0,11.0,30000.0,10000.0,19000.0,0.0,24.99075308449069,16.5,19.0,0.0,10000.0,36471.75084231547,25000.0,0.0,26.287360165245765,17.0,20.0,0.0,121.0,9.996885074323869,9.0,11.0,1.0,13879.369725725712,10000.0,19000.0,1.0,16.5,17.33048622868244,19.0,1.0,20388.02915475502,10000.0,25000.0,1.0,18.634487898017916,17.0,20.0,1.0,0.0,211.0,1.0,4.0
11.0,22.0,11.0,22.0,-121.0,11.0,11.0,-111.0,10.005424208366204,9.0,11.0,30000.0,10000.0,19000.0,0.0,24.41096930739971,16.5,19.0,0.0,10000.0,36488.72348564797,25000.0,0.0,25.707159828228807,17.0,20.0,0.0,121.0,9.9988269655251,9.0,11.0,1.0,15343.974930529905,10000.0,19000.0,1.0,16.5,17.59391486567821,19.0,1.0,21861.478612071423,10000.0,25000.0,1.0,18.89585453226569,17.0,20.0,1.0,0.0,111.0,1.0,30.0
11.0,21.0,11.0,21.0,-121.0,21.0,13.0,-111.0,10.222272065505706,9.0,11.0,30000.0,10000.0,19000.0,0.0,28.629554748188784,16.5,19.0,0.0,10000.0,37003.30808127339,25000.0,0.0,29.946144629679953,17.0,20.0,0.0,122.0,10.22432734093514,9.0,11.0,1.0,12209.551021963867,10000.0,19000.0,1.0,16.5,16.974889604466888,19.0,1.0,19126.970006291947,10000.0,25000.0,1.0,18.27533272864618,17.0,20.0,1.0,0.0,211.0,1.0,34.0
11.0,22.0,11.0,21.0,-121.0,11.0,11.0,-111.0,10.014086570149074,9.0,11.0,30000.0,10000.0,19000.0,0.0,24.162211113104526,16.5,19.0,0.0,10000.0,36449.90464829501,25000.0,0.0,25.451567722702983,17.0,20.0,0.0,121.0,10.022946380772888,9.0,11.0,1.0,13442.474171779762,10000.0,19000.0,1.0,16.5,17.19853804276936,19.0,1.0,19946.269443296842,10000.0,25000.0,1.0,18.49866756065649,17.0,20.0,1.0,0.0,111.0,1.0,12.0
11.0,21.0,11.0,21.0,-121.0,21.0,13.0,-111.0,9.99949838166133,9.0,11.0,30000.0,10000.0,19000.0,0.0,26.477800017487468,16.5,19.0,0.0,10000.0,36450.73448216077,25000.0,0.0,27.77245850738635,17.0,20.0,0.0,121.0,10.006636727096499,9.0,11.0,1.0,12894.856344588912,10000.0,19000.0,1.0,16.5,17.07097305655871,19.0,1.0,19362.986982650957,10000.0,25000.0,1.0,18.369122944373828,17.0,20.0,1.0,0.0,211.0,1.0,34.0
91.0,24.0,91.0,24.0,-721.0,911.0,12.0,-711.0,15.135722969872305,12.0,17.0,30000.0,18000.0,36000.0,1.0,26.06265151040607,20.0,25.0,0.0,18000.0,34110.63517842274,36000.0,1.0,26.56331520118573,20.0,26.0,0.0,722.0,15.105778472223403,12.0,17.0,1.0,25491.975294601558,18000.0,36000.0,1.0,20.0,23.215613853337743,25.0,1.0,29532.06246289063,18000.0,36000.0,1.0,23.707684996835155,20.0,26.0,1.0,0.0,91121.0,7.0,13.0
11.0,21.0,11.0,22.0,-121.0,11.0,11.0,-111.0,10.211907876459302,9.0,11.0,30000.0,10000.0,19000.0,0.0,24.045543496427946,16.5,19.0,0.0,10000.0,37078.78127689404,25000.0,0.0,25.38172184809483,17.0,20.0,0.0,122.0,10.187940989080104,9.0,11.0,1.0,14079.323275663968,10000.0,19000.0,1.0,16.5,17.382371670958147,19.0,1.0,21090.074010432356,10000.0,25000.0,1.0,18.705708696684198,17.0,20.0,1.0,0.0,111.0,1.0,29.0
81.0,23.0,81.0,23.0,-721.0,912.0,11.0,-711.0,15.59678757295806,12.0,17.0,30000.0,12500.0,23000.0,0.0,27.78714892521206,20.0,24.0,0.0,12500.0,34529.52878973744,26000.0,0.0,28.356335014582278,20.0,25.0,0.0,721.0,15.259524988443124,12.0,17.0,1.0,17191.747840934706,12500.0,23000.0,1.0,20.0,21.972220700649068,24.0,1.0,21665.15800443168,12500.0,26000.0,1.0,22.53435485528316,20.0,25.0,1.0,0.0,912.0,7.0,17.0
11.0,21.0,11.0,22.0,-121.0,11.0,11.0,-111.0,10.016591867142496,9.0,11.0,30000.0,10000.0,19000.0,0.0,26.015360193307224,16.5,19.0,0.0,10000.0,36490.28894159077,25000.0,0.0,27.310577928792775,17.0,20.0,0.0,121.0,9.989946556605872,9.0,11.0,1.0,13628.221303859402,10000.0,19000.0,1.0,16.5,17.200497082102647,19.0,1.0,20191.275170729656,10000.0,25000.0,1.0,18.510235961807112,17.0,20.0,1.0,0.0,111.0,1.0,35.0
11.0,22.0,11.0,22.0,-121.0,21.0,12.0,-111.0,10.20218804833102,9.0,11.0,30000.0,10000.0,19000.0,0.0,24.786202776775543,16.5,19.0,0.0,10000.0,36854.11673149609,25000.0,0.0,26.079499440388382,17.0,20.0,0.0,122.0,10.188613912584726,9.0,11.0,1.0,16366.590007301864,10000.0,19000.0,1.0,16.5,17.83369974656618,19.0,1.0,23241.814039977588,10000.0,25000.0,1.0,19.13097912644471,17.0,20.0,1.0,0.0,211.0,1.0,25.0
11.0,22.0,11.0,22.0,-121.0,21.0,13.0,-111.0,10.210543949345803,9.0,11.0,30000.0,10000.0,19000.0,0.0,26.25080427291305,16.5,19.0,0.0,10000.0,36950.756030391916,25000.0,0.0,27.566747742154966,17.0,20.0,0.0,122.0,10.218920617331758,9.0,11.0,1.0,12443.813907459064,10000.0,19000.0,1.0,16.5,17.09313585379885,19.0,1.0,19416.5249006859,10000.0,25000.0,1.0,18.41323591979567,17.0,20.0,1.0,0.0,211.0,1.0,13.0
11.0,22.0,11.0,22.0,-121.0,21.0,13.0,-111.0,10.197046626663644,9.0,11.0,30000.0,10000.0,19000.0,0.0,25.143104421062638,16.5,19.0,0.0,10000.0,37029.410608546124,25000.0,0.0,26.46802749630255,17.0,20.0,0.0,122.0,10.19580030787908,9.0,11.0,1.0,14753.680976640748,10000.0,19000.0,1.0,16.5,17.491888681166976,19.0,1.0,21663.0853237858,10000.0,25000.0,1.0,18.794192638850966,17.0,20.0,1.0,0.0,211.0,1.0,4.0
11.0,22.0,11.0,22.0,-121.0,11.0,11.0,-111.0,9.99514111355035,9.0,11.0,30000.0,10000.0,19000.0,0.0,27.17524281026012,16.5,19.0,0.0,10000.0,36500.012737062905,25000.0,0.0,28.4790271719793,17.0,20.0,0.0,121.0,9.993813397884695,9.0,11.0,1.0,15017.141785557538,10000.0,19000.0,1.0,16.5,17.542935726545714,19.0,1.0,21615.699171151784,10000.0,25000.0,1.0,18.8664863528683,17.0,20.0,1.0,0.0,111.0,1.0,15.0
11.0,22.0,11.0,22.0,-121.0,21.0,13.0,-111.0,10.21003948412535,9.0,11.0,30000.0,10000.0,19000.0,0.0,25.80999535693578,16.5,19.0,0.0,10000.0,36837.9414208275,25000.0,0.0,27.100204882564043,17.0,20.0,0.0,122.0,10.207232749207778,9.0,11.0,1.0,14150.55643174096,10000.0,19000.0,1.0,16.5,17.4070150647502,19.0,1.0,21287.16284562499,10000.0,25000.0,1.0,18.753577869135654,17.0,20.0,1.0,0.0,211.0,1.0,22.0
81.0,23.0,81.0,23.0,-721.0,912.0,11.0,-711.0,15.151729599757074,12.0,17.0,30000.0,12500.0,23000.0,0.0,26.89527307307375,20.0,24.0,0.0,12500.0,33956.29720416985,26000.0,0.0,27.37844368187658,20.0,25.0,0.0,722.0,15.299480816532048,12.0,17.0,1.0,16333.577105801096,12500.0,23000.0,1.0,20.0,21.822084526740785,24.0,1.0,20344.187250164476,12500.0,26000.0,1.0,22.311888210619855,20.0,25.0,1.0,0.0,912.0,7.0,17.0
91.0,24.0,91.0,24.0,-721.0,911.0,11.0,-711.0,14.94072548957603,12.0,17.0,30000.0,18000.0,36000.0,1.0,23.520860792956896,20.0,25.0,1.0,18000.0,33912.02388033031,36000.0,1.0,23.997311812739678,20.0,26.0,1.0,722.0,15.109056089685485,12.0,17.0,1.0,25318.24425109535,18000.0,36000.0,1.0,20.0,23.136720220530492,25.0,1.0,29374.88007718791,18000.0,36000.0,1.0,23.630783737357998,20.0,26.0,1.0,1.0,91121.0,7.0,9.0
11.0,22.0,11.0,22.0,-121.0,21.0,12.0,-111.0,10.201054828502027,9.0,11.0,30000.0,10000.0,19000.0,0.0,24.615075360352577,16.5,19.0,0.0,10000.0,36967.75112788837,25000.0,0.0,25.937196826104216,17.0,20.0,0.0,122.0,10.207657315240787,9.0,11.0,1.0,16097.851930173403,10000.0,19000.0,1.0,16.5,17.765990256499798,19.0,1.0,23020.723687857797,10000.0,25000.0,1.0,19.079595921725986,17.0,20.0,1.0,0.0,211.0,1.0,48.0
11.0,22.0,11.0,22.0,-121.0,21.0,12.0,-111.0,10.225911602970696,9.0,11.0,30000.0,10000.0,19000.0,0.0,24.3708480233918,16.5,19.0,0.0,10000.0,36912.191262206215,25000.0,0.0,25.679600189511667,17.0,20.0,0.0,122.0,10.180391687893703,9.0,11.0,1.0,15739.524264816428,10000.0,19000.0,1.0,16.5,17.670670625630088,19.0,1.0,22719.56996904007,10000.0,25000.0,1.0,18.99227033091698,17.0,20.0,1.0,0.0,211.0,1.0,25.0
92.0,24.0,92.0,24.0,-721.0,921.0,13.0,-711.0,15.519202364033822,12.0,17.0,30000.0,15000.0,28000.0,0.0,24.62328525102746,19.5,25.0,1.0,15000.0,34043.84970267379,28000.0,0.0,25.116943962533114,20.0,26.0,1.0,722.0,15.243665666856336,12.0,17.0,1.0,19127.657914280826,15000.0,28000.0,1.0,19.5,21.597116908102862,25.0,1.0,23218.590265617582,15000.0,28000.0,1.0,22.096523300996836,20.0,26.0,1.0,0.0,92122.0,7.0,22.0
11.0,21.0,11.0,22.0,-121.0,11.0,12.0,-111.0,10.203552110532788,9.0,11.0,30000.0,10000.0,19000.0,0.0,24.5025918862761,16.5,19.0,0.0,10000.0,36968.70106808997,25000.0,0.0,25.816144626171376,17.0,20.0,0.0,122.0,10.184499951737239,9.0,11.0,1.0,16621.205433411324,10000.0,19000.0,1.0,16.5,17.84828208332387,19.0,1.0,23668.503429886852,10000.0,25000.0,1.0,19.176649809486953,17.0,20.0,1.0,0.0,111.0,1.0,51.0
81.0,23.0,81.0,21.0,-721.0,912.0,12.0,-711.0,15.44752067418866,12.0,17.0,30000.0,12500.0,23000.0,0.0,27.02860355532175,20.0,24.0,0.0,12500.0,34021.835815046295,26000.0,0.0,27.51777271214435,20.0,25.0,0.0,722.0,15.391951473817171,12.0,17.0,1.0,16744.173229848806,12500.0,23000.0,1.0,20.0,21.95457840848254,24.0,1.0,20703.95184646817,12500.0,26000.0,1.0,22.43619965215669,20.0,25.0,1.0,0.0,912.0,7.0,30.0
91.0,24.0,91.0,21.0,-721.0,911.0,11.0,-711.0,15.036014235800408,12.0,17.0,30000.0,18000.0,36000.0,1.0,23.557981143423035,20.0,25.0,1.0,18000.0,34010.33106629731,36000.0,1.0,24.048860397032783,20.0,26.0,1.0,722.0,15.208050804390728,12.0,17.0,1.0,24334.195814291234,18000.0,36000.0,1.0,20.0,23.075159790147122,25.0,1.0,28344.92846964064,18000.0,36000.0,1.0,23.566088199731997,20.0,26.0,1.0,1.0,91121.0,7.0,15.0
81.0,23.0,81.0,21.0,-721.0,912.0,11.0,-711.0,15.514431497604384,12.0,17.0,30000.0,12500.0,23000.0,0.0,26.862427869810343,20.0,24.0,0.0,12500.0,34495.190139739716,26000.0,0.0,27.427307970661317,20.0,25.0,0.0,721.0,14.418541750792713,12.0,17.0,1.0,14940.389814272226,12500.0,23000.0,1.0,20.0,20.818966337794425,24.0,1.0,19474.802651120313,12500.0,26000.0,1.0,21.38877528935237,20.0,25.0,1.0,0.0,912.0,7.0,12.0
91.0,24.0,91.0,24.0,-721.0,911.0,12.0,-711.0,14.903106049733838,12.0,17.0,30000.0,18000.0,36000.0,1.0,24.507537064829968,20.0,25.0,1.0,18000.0,34061.52385650498,36000.0,1.0,25.000309690204766,20.0,26.0,1.0,722.0,15.155901975520342,12.0,17.0,1.0,23741.259332747664,18000.0,36000.0,1.0,20.0,23.10992424904499,25.0,1.0,27737.15224482635,18000.0,36000.0,1.0,23.59473406687922,20.0,26.0,1.0,1.0,91121.0,7.0,32.0
11.0,22.0,11.0,21.0,-121.0,21.0,13.0,-111.0,10.012948996546882,9.0,11.0,30000.0,10000.0,19000.0,0.0,25.205252547195933,16.5,19.0,0.0,10000.0,36530.77646994612,25000.0,0.0,26.5125039225064,17.0,20.0,0.0,121.0,10.002567061951797,9.0,11.0,1.0,13509.336463507449,10000.0,19000.0,1.0,16.5,17.217772605429023,19.0,1.0,20027.188335310846,10000.0,25000.0,1.0,18.52243689193387,17.0,20.0,1.0,0.0,211.0,1.0,20.0
91.0,24.0,91.0,24.0,-721.0,911.0,11.0,-711.0,15.37802568608261,12.0,17.0,30000.0,18000.0,36000.0,1.0,24.416417564421742,20.0,25.0,1.0,18000.0,34428.687708036894,36000.0,1.0,24.97343947907325,20.0,26.0,1.0,721.0,15.795428455997866,12.0,17.0,1.0,25370.82114467379,18000.0,36000.0,1.0,20.0,24.02131815527133,25.0,1.0,29788.56190893026,18000.0,36000.0,1.0,24.57696320887818,20.0,26.0,1.0,1.0,91121.0,7.0,4.0
92.0,24.0,92.0,24.0,-721.0,921.0,13.0,-711.0,15.24534562196068,12.0,17.0,30000.0,15000.0,28000.0,0.0,24.75704407881598,19.5,25.0,1.0,15000.0,34076.07167723108,28000.0,0.0,25.256236272509955,20.0,26.0,1.0,722.0,15.059419169396875,12.0,17.0,1.0,24309.760028897963,15000.0,28000.0,1.0,19.5,22.102726743536913,25.0,1.0,28342.062093230048,15000.0,28000.0,0.0,22.596558518962915,20.0,26.0,1.0,0.0,92122.0,7.0,20.0
11.0,21.0,11.0,21.0,-121.0,21.0,12.0,-111.0,9.987295835351794,9.0,11.0,30000.0,10000.0,19000.0,0.0,25.266338788678762,16.5,19.0,0.0,10000.0,36546.928807497534,25000.0,0.0,26.574817108748658,17.0,20.0,0.0,121.0,9.998636150285307,9.0,11.0,1.0,16008.57087768418,10000.0,19000.0,1.0,16.5,17.63803032626354,19.0,1.0,22584.091029842148,10000.0,25000.0,1.0,18.952222952343146,17.0,20.0,1.0,0.0,211.0,1.0,6.0
11.0,22.0,11.0,22.0,-121.0,21.0,13.0,-111.0,10.172753840176803,9.0,11.0,30000.0,10000.0,19000.0,0.0,26.366574499602905,16.5,19.0,0.0,10000.0,37025.36253386835,25000.0,0.0,27.69042543105201,17.0,20.0,0.0,122.0,10.175927983319372,9.0,11.0,1.0,14368.390494505176,10000.0,19000.0,1.0,16.5,17.447238509338245,19.0,1.0,21372.9429118051,10000.0,25000.0,1.0,18.767168007257073,17.0,20.0,1.0,0.0,211.0,1.0,47.0
11.0,22.0,11.0,22.0,-121.0,21.0,13.0,-111.0,10.203195501256628,9.0,11.0,30000.0,10000.0,19000.0,0.0,24.565176341624102,16.5,19.0,0.0,10000.0,37049.99275502703,25000.0,0.0,25.889598617142862,17.0,20.0,0.0,122.0,10.179607859074693,9.0,11.0,1.0,12627.560188932006,10000.0,19000.0,1.0,16.5,17.057786013299747,19.0,1.0,19654.648181958568,10000.0,25000.0,1.0,18.377905365671918,17.0,20.0,1.0,0.0,211.0,1.0,41.0
11.0,22.0,11.0,21.0,-121.0,11.0,11.0,-111.0,10.159095031419184,9.0,11.0,30000.0,10000.0,19000.0,0.0,25.77667033389342,16.5,19.0,0.0,10000.0,36965.217531915216,25000.0,0.0,27.088017854471246,17.0,20.0,0.0,122.0,10.223637979531345,9.0,11.0,1.0,15923.229297157262,10000.0,19000.0,1.0,16.5,17.679484854626264,19.0,1.0,22816.338512839884,10000.0,25000.0,1.0,18.977256480227172,17.0,20.0,1.0,0.0,111.0,1.0,54.0
11.0,22.0,11.0,21.0,-121.0,11.0,11.0,-111.0,10.004092362614642,9.0,11.0,30000.0,10000.0,19000.0,0.0,25.308258728241007,16.5,19.0,0.0,10000.0,36519.46582727579,25000.0,0.0,26.61009610044548,17.0,20.0,0.0,121.0,10.001301790902358,9.0,11.0,1.0,14193.586610406295,10000.0,19000.0,1.0,16.5,17.33768332481617,19.0,1.0,20669.18489879753,10000.0,25000.0,1.0,18.63076102206267,17.0,20.0,1.0,0.0,111.0,1.0,1.0
81.0,21.0,81.0,23.0,-721.0,912.0,12.0,-711.0,14.96694682057405,12.0,17.0,30000.0,12500.0,23000.0,0.0,28.637441929973072,20.0,24.0,0.0,12500.0,34020.883921201385,26000.0,0.0,29.127151232139738,20.0,25.0,0.0,722.0,15.09508882662571,12.0,17.0,1.0,19861.579207402796,12500.0,23000.0,1.0,20.0,22.085744103397282,24.0,1.0,23886.583088629224,12500.0,26000.0,1.0,22.575955181488933,20.0,25.0,1.0,0.0,912.0,7.0,7.0
11.0,22.0,11.0,21.0,-121.0,21.0,13.0,-111.0,10.192736156511456,9.0,11.0,30000.0,10000.0,19000.0,0.0,27.156385313501957,16.5,19.0,0.0,10000.0,37049.25768581791,25000.0,0.0,28.485891940666804,17.0,20.0,0.0,122.0,10.21213920502788,9.0,11.0,1.0,13087.53856095655,10000.0,19000.0,1.0,16.5,17.1725215648755,19.0,1.0,20107.24986306273,10000.0,25000.0,1.0,18.496455674379014,17.0,20.0,1.0,0.0,211.0,1.0,58.0
11.0,22.0,11.0,21.0,-121.0,11.0,11.0,-111.0,10.009648881665557,9.0,11.0,30000.0,10000.0,19000.0,0.0,24.684309828884214,16.5,19.0,0.0,10000.0,36559.3318681246,25000.0,0.0,25.996942464032937,17.0,20.0,0.0,121.0,9.996444016946972,9.0,11.0,1.0,16177.908344922233,10000.0,19000.0,1.0,16.5,17.712965155024875,19.0,1.0,22661.590009860018,10000.0,25000.0,1.0,19.010458912075173,17.0,20.0,1.0,0.0,111.0,1.0,12.0
81.0,23.0,81.0,21.0,-721.0,912.0,12.0,-711.0,15.092417461858608,12.0,17.0,30000.0,12500.0,23000.0,0.0,25.843789952485025,20.0,24.0,0.0,12500.0,33981.88664139267,26000.0,0.0,26.328824086933906,20.0,25.0,0.0,722.0,15.328393019971736,12.0,17.0,1.0,13238.523281248445,12500.0,23000.0,1.0,20.0,21.357826437381362,24.0,1.0,17248.580283696003,12500.0,26000.0,1.0,21.846292007207968,20.0,25.0,1.0,0.0,912.0,7.0,30.0
11.0,22.0,11.0,22.0,-121.0,21.0,13.0,-111.0,10.198120791398502,9.0,11.0,30000.0,10000.0,19000.0,0.0,27.115517455202145,16.5,19.0,0.0,10000.0,36941.171295352004,25000.0,0.0,28.427623730357986,17.0,20.0,0.0,122.0,10.224936730526093,9.0,11.0,1.0,15044.797057711921,10000.0,19000.0,1.0,16.5,17.61490003897023,19.0,1.0,21934.45806734857,10000.0,25000.0,1.0,18.917269201145235,17.0,20.0,1.0,0.0,211.0,1.0,22.0
11.0,22.0,11.0,21.0,-121.0,11.0,11.0,-111.0,10.212246050050037,9.0,11.0,30000.0,10000.0,19000.0,0.0,24.422113751015587,16.5,19.0,0.0,10000.0,36827.81343319944,25000.0,0.0,25.7089931413102,17.0,20.0,0.0,122.0,10.187644097373216,9.0,11.0,1.0,13856.487133473685,10000.0,19000.0,1.0,16.5,17.2629550630862,19.0,1.0,20912.5756132253,10000.0,25000.0,1.0,18.59285883528588,17.0,20.0,1.0,0.0,111.0,1.0,54.0
11.0,22.0,11.0,22.0,-121.0,21.0,13.0,-111.0,9.988314155055608,9.0,11.0,30000.0,10000.0,19000.0,0.0,24.518429203157147,16.5,19.0,0.0,10000.0,36568.27839642883,25000.0,0.0,25.834509600454354,17.0,20.0,0.0,121.0,9.986058180106808,9.0,11.0,1.0,13814.758911008781,10000.0,19000.0,1.0,16.5,17.27129942517855,19.0,1.0,20355.97427126649,10000.0,25000.0,1.0,18.58195722476499,17.0,20.0,1.0,0.0,211.0,1.0,36.0
81.0,23.0,81.0,23.0,-721.0,912.0,12.0,-711.0,15.180019958877544,12.0,17.0,30000.0,12500.0,23000.0,0.0,25.835963191115383,20.0,24.0,0.0,12500.0,34038.65460126295,26000.0,0.0,26.327350704978265,20.0,25.0,0.0,722.0,15.299459162866178,12.0,17.0,1.0,19191.87203665351,12500.0,23000.0,1.0,20.0,22.228323789995336,24.0,1.0,23178.707002606563,12500.0,26000.0,1.0,22.713406352264624,20.0,25.0,1.0,0.0,912.0,7.0,10.0
11.0,22.0,11.0,22.0,-121.0,21.0,13.0,-111.0,10.196657436318203,9.0,11.0,30000.0,10000.0,19000.0,0.0,25.916761763259395,16.5,19.0,0.0,10000.0,36785.90866315147,25000.0,0.0,27.204240678589727,17.0,20.0,0.0,122.0,10.17973646239355,9.0,11.0,1.0,12314.012606816912,10000.0,19000.0,1.0,16.5,17.05224851577035,19.0,1.0,19455.555123681726,10000.0,25000.0,1.0,18.407201237625653,17.0,20.0,1.0,0.0,211.0,1.0,13.0
91.0,24.0,91.0,24.0,-721.0,911.0,12.0,-711.0,14.969952930895632,12.0,17.0,30000.0,18000.0,36000.0,1.0,24.561742142118163,20.0,25.0,1.0,18000.0,34464.08450360935,36000.0,1.0,25.120493811776697,20.0,26.0,1.0,721.0,15.538177167131362,12.0,17.0,1.0,26571.55287658448,18000.0,36000.0,1.0,20.0,23.964768372708892,25.0,1.0,31107.075644320295,18000.0,36000.0,1.0,24.532461685234153,20.0,26.0,1.0,1.0,91121.0,7.0,23.0
11.0,22.0,11.0,22.0,-121.0,21.0,13.0,-111.0,9.993429780162584,9.0,11.0,30000.0,10000.0,19000.0,0.0,25.49951947176658,16.5,19.0,0.0,10000.0,36487.62171251487,25000.0,0.0,26.792856533948115,17.0,20.0,0.0,121.0,9.986975583492276,9.0,11.0,1.0,14637.114039568498,10000.0,19000.0,1.0,16.5,17.451742592612675,19.0,1.0,21197.07310776806,10000.0,25000.0,1.0,18.75950043751444,17.0,20.0,1.0,0.0,211.0,1.0,31.0
11.0,21.0,11.0,22.0,-121.0,21.0,13.0,-111.0,10.225197868457002,9.0,11.0,30000.0,10000.0,19000.0,0.0,26.717207169218685,16.5,19.0,0.0,10000.0,37091.96742362195,25000.0,0.0,28.05321255879135,17.0,20.0,0.0,122.0,10.186721128481652,9.0,11.0,1.0,13631.097657156044,10000.0,19000.0,1.0,16.5,17.249324126154196,19.0,1.0,20724.582015945925,10000.0,25000.0,1.0,18.585615280372824,17.0,20.0,1.0,0.0,211.0,1.0,9.0
11.0,21.0,11.0,22.0,-121.0,21.0,13.0,-111.0,10.170926073093026,9.0,11.0,30000.0,10000.0,19000.0,0.0,26.199009457656544,16.5,19.0,0.0,10000.0,36984.04884533503,25000.0,0.0,27.51855488433627,17.0,20.0,0.0,122.0,10.174135504703244,9.0,11.0,1.0,14814.408337437524,10000.0,19000.0,1.0,16.5,17.53073923731496,19.0,1.0,21718.165515211163,10000.0,25000.0,1.0,18.83511459501645,17.0,20.0,1.0,0.0,211.0,1.0,32.0
11.0,22.0,11.0,21.0,-121.0,21.0,13.0,-111.0,10.20709703478107,9.0,11.0,30000.0,10000.0,19000.0,0.0,25.453168386447786,16.5,19.0,0.0,10000.0,37163.40966898166,25000.0,0.0,26.81024656672951,17.0,20.0,0.0,122.0,10.194304271630607,9.0,11.0,1.0,13064.126854589153,10000.0,19000.0,1.0,16.5,17.163938481541322,19.0,1.0,20075.686582218088,10000.0,25000.0,1.0,18.492249321742086,17.0,20.0,1.0,0.0,211.0,1.0,20.0
11.0,22.0,11.0,21.0,-121.0,11.0,12.0,-111.0,10.006106171148646,9.0,11.0,30000.0,10000.0,19000.0,0.0,23.925866925415676,16.5,19.0,0.0,10000.0,36499.22291289363,25000.0,0.0,25.22955458494115,17.0,20.0,0.0,121.0,10.01454810266768,9.0,11.0,1.0,13817.999194580905,10000.0,19000.0,1.0,16.5,17.265110224474654,19.0,1.0,20261.038071804458,10000.0,25000.0,1.0,18.557527854498588,17.0,20.0,1.0,0.0,111.0,1.0,45.0
92.0,24.0,92.0,24.0,-721.0,921.0,13.0,-711.0,15.134451626446538,12.0,17.0,30000.0,15000.0,28000.0,0.0,24.417154156550346,19.5,25.0,1.0,15000.0,33992.61950268957,28000.0,0.0,24.90476725653444,20.0,26.0,1.0,722.0,15.235864720653451,12.0,17.0,1.0,19825.726659336393,15000.0,28000.0,1.0,19.5,21.74947228142201,25.0,1.0,23796.7283866297,15000.0,28000.0,1.0,22.23444523238398,20.0,26.0,1.0,0.0,92122.0,7.0,22.0
81.0,23.0,81.0,23.0,-721.0,912.0,12.0,-711.0,15.223892368603611,12.0,17.0,30000.0,12500.0,23000.0,0.0,26.609983618398832,20.0,24.0,0.0,12500.0,33987.44977004446,26000.0,0.0,27.095117544102294,20.0,25.0,0.0,722.0,14.996197421600817,12.0,17.0,1.0,18607.220010417677,12500.0,23000.0,1.0,20.0,21.823800153503036,24.0,1.0,22526.459046377404,12500.0,26000.0,1.0,22.30063520571341,20.0,25.0,1.0,0.0,912.0,7.0,10.0
81.0,21.0,81.0,23.0,-721.0,912.0,12.0,-711.0,15.19965161755622,12.0,17.0,30000.0,12500.0,23000.0,0.0,27.288579164839778,20.0,24.0,0.0,12500.0,34016.41328647585,26000.0,0.0,27.77421099469165,20.0,25.0,0.0,722.0,15.288400893547141,12.0,17.0,1.0,17462.298905844018,12500.0,23000.0,1.0,20.0,22.016331105596173,24.0,1.0,21350.814942996974,12500.0,26000.0,1.0,22.4864986465934,20.0,25.0,1.0,0.0,912.0,7.0,7.0
11.0,21.0,11.0,22.0,-121.0,21.0,13.0,-111.0,10.028214703347206,9.0,11.0,30000.0,10000.0,19000.0,0.0,26.23924661117297,16.5,19.0,0.0,10000.0,36576.270992769,25000.0,0.0,27.55961021535846,17.0,20.0,0.0,121.0,10.00661773453468,9.0,11.0,1.0,15912.746025293089,10000.0,19000.0,1.0,16.5,17.729661616742938,19.0,1.0,22354.28038349031,10000.0,25000.0,1.0,19.022973210961894,17.0,20.0,1.0,0.0,211.0,1.0,24.0
92.0,24.0,92.0,24.0,-721.0,921.0,13.0,-711.0,15.203614510421462,12.0,17.0,30000.0,15000.0,28000.0,0.0,24.52552951906155,19.5,25.0,1.0,15000.0,34036.719171682416,28000.0,0.0,25.01702454040479,20.0,26.0,1.0,722.0,15.222205414962007,12.0,17.0,1.0,20014.31164556358,15000.0,28000.0,1.0,19.5,21.705380517166773,25.0,1.0,24093.41593251041,15000.0,28000.0,1.0,22.202036183143818,20.0,26.0,1.0,0.0,92122.0,7.0,22.0
11.0,21.0,11.0,22.0,-121.0,21.0,13.0,-111.0,10.001024860123145,9.0,11.0,30000.0,10000.0,19000.0,0.0,26.923155682922076,16.5,19.0,0.0,10000.0,36532.46491857948,25000.0,0.0,28.22968235085419,17.0,20.0,0.0,121.0,10.015540015078667,9.0,11.0,1.0,15441.923224640028,10000.0,19000.0,1.0,16.5,17.619587855966476,19.0,1.0,21956.740032693655,10000.0,25000.0,1.0,18.922584810792124,17.0,20.0,1.0,0.0,211.0,1.0,59.0
11.0,22.0,11.0,21.0,-121.0,21.0,12.0,-111.0,10.004049047782107,9.0,11.0,30000.0,10000.0,19000.0,0.0,24.187383265856727,16.5,19.0,0.0,10000.0,36595.41100950576,25000.0,0.0,25.506271876924455,17.0,20.0,0.0,121.0,10.006944793461587,9.0,11.0,1.0,14506.691398071058,10000.0,19000.0,1.0,16.5,17.37588617638899,19.0,1.0,21021.372497265664,10000.0,25000.0,1.0,18.678631175007325,17.0,20.0,1.0,0.0,211.0,1.0,53.0
91.0,24.0,91.0,24.0,-721.0,911.0,12.0,-711.0,15.317928679150024,12.0,17.0,30000.0,18000.0,36000.0,1.0,24.865481684724827,20.0,25.0,1.0,18000.0,34005.339715753566,36000.0,1.0,25.35476770477937,20.0,26.0,1.0,722.0,15.226190271705265,12.0,17.0,1.0,29144.318636536664,18000.0,36000.0,1.0,20.0,23.80888175892894,25.0,1.0,33122.2650781495,18000.0,36000.0,1.0,24.294821459561973,20.0,26.0,1.0,1.0,91121.0,7.0,1.0
91.0,24.0,91.0,21.0,-721.0,911.0,11.0,-711.0,14.706497195202601,12.0,17.0,30000.0,18000.0,36000.0,1.0,23.78043799904931,20.0,25.0,1.0,18000.0,34458.721823187865,36000.0,1.0,24.33697480275228,20.0,26.0,1.0,721.0,15.251563673974934,12.0,17.0,1.0,23472.628793160948,18000.0,36000.0,1.0,20.0,23.123718200611833,25.0,1.0,27994.359250069127,18000.0,36000.0,1.0,23.688119729903654,20.0,26.0,1.0,1.0,91121.0,7.0,3.0
81.0,23.0,81.0,23.0,-721.0,912.0,12.0,-711.0,14.837486255805478,12.0,17.0,30000.0,12500.0,23000.0,0.0,26.19980138228653,20.0,24.0,0.0,12500.0,34500.00800761588,26000.0,0.0,26.76124386463506,20.0,25.0,0.0,721.0,14.516065323525952,12.0,17.0,1.0,16984.48622266747,12500.0,23000.0,1.0,20.0,21.20081370564996,24.0,1.0,21502.9944817096,12500.0,26000.0,1.0,21.76456436768778,20.0,25.0,1.0,0.0,912.0,7.0,5.0
11.0,21.0,11.0,22.0,-121.0,11.0,11.0,-111.0,10.016143066483385,9.0,11.0,30000.0,10000.0,19000.0,0.0,23.758882856233775,16.5,19.0,0.0,10000.0,36522.07080135185,25000.0,0.0,25.060530750817772,17.0,20.0,0.0,121.0,9.998896807399102,9.0,11.0,1.0,17487.02810855329,10000.0,19000.0,1.0,16.5,17.98960620198806,19.0,1.0,24016.05554629297,10000.0,25000.0,1.0,19.292642473267648,17.0,20.0,1.0,0.0,111.0,1.0,29.0
11.0,22.0,11.0,21.0,-121.0,21.0,13.0,-111.0,10.013932054993882,9.0,11.0,30000.0,10000.0,19000.0,0.0,25.15725320288706,16.5,19.0,0.0,10000.0,36449.231781995935,25000.0,0.0,26.448179987756458,17.0,20.0,0.0,121.0,10.004324100248462,9.0,11.0,1.0,13475.720762994659,10000.0,19000.0,1.0,16.5,17.200832367894446,19.0,1.0,19973.72185169462,10000.0,25000.0,1.0,18.501521184340923,17.0,20.0,1.0,0.0,211.0,1.0,20.0
11.0,22.0,11.0,21.0,-121.0,11.0,11.0,-111.0,10.207741701835138,9.0,11.0,30000.0,10000.0,19000.0,0.0,23.780656703021705,16.5,19.0,0.0,10000.0,37003.43191523895,25000.0,0.0,25.104138019255572,17.0,20.0,0.0,122.0,10.220396090899179,9.0,11.0,1.0,13730.034395076887,10000.0,19000.0,1.0,16.5,17.305660014481813,19.0,1.0,20834.46122576354,10000.0,25000.0,1.0,18.648226956912573,17.0,20.0,1.0,0.0,111.0,1.0,39.0
91.0,24.0,91.0,24.0,-721.0,911.0,12.0,-711.0,15.017067587773841,12.0,17.0,30000.0,18000.0,36000.0,1.0,24.364327195350377,20.0,25.0,1.0,18000.0,34086.85448508968,36000.0,1.0,24.8614038157926,20.0,26.0,1.0,722.0,14.818043582397777,12.0,17.0,1.0,27978.236167673713,18000.0,36000.0,1.0,20.0,23.202488346973567,25.0,1.0,31921.701830409413,18000.0,36000.0,1.0,23.68212484776266,20.0,26.0,1.0,1.0,91121.0,7.0,13.0
11.0,22.0,11.0,22.0,-121.0,11.0,11.0,-111.0,10.204139156764612,9.0,11.0,30000.0,10000.0,19000.0,0.0,23.726809849832193,16.5,19.0,0.0,10000.0,36759.30865914211,25000.0,0.0,25.00590288037865,17.0,20.0,0.0,122.0,10.219876438368004,9.0,11.0,1.0,18687.66296400868,10000.0,19000.0,1.0,16.5,18.298339405074366,19.0,1.0,25664.198367685633,10000.0,25000.0,0.0,19.61853918617689,17.0,20.0,1.0,0.0,111.0,1.0,27.0
11.0,21.0,11.0,21.0,-121.0,11.0,11.0,-111.0,10.205354215883164,9.0,11.0,30000.0,10000.0,19000.0,0.0,26.008960168115767,16.5,19.0,0.0,10000.0,37100.70122897315,25000.0,0.0,27.350691429974678,17.0,20.0,0.0,122.0,10.207690916008135,9.0,11.0,1.0,15494.922078120444,10000.0,19000.0,1.0,16.5,17.625972731811636,19.0,1.0,22415.06970767355,10000.0,25000.0,1.0,18.933587023955706,17.0,20.0,1.0,0.0,111.0,1.0,56.0
91.0,24.0,91.0,24.0,-721.0,911.0,11.0,-711.0,15.152185973148693,12.0,17.0,30000.0,18000.0,36000.0,1.0,25.0988986035291,20.0,25.0,0.0,18000.0,34028.88605171392,36000.0,1.0,25.58935067139813,20.0,26.0,1.0,722.0,15.14721250639624,12.0,17.0,1.0,27232.43997366994,18000.0,36000.0,1.0,20.0,23.56195762266507,25.0,1.0,31253.751028798593,18000.0,36000.0,1.0,24.051487556551738,20.0,26.0,1.0,0.0,91121.0,7.0,4.0
91.0,24.0,91.0,21.0,-721.0,911.0,11.0,-711.0,15.821690169812326,12.0,17.0,30000.0,18000.0,36000.0,1.0,26.212713784836026,20.0,25.0,0.0,18000.0,34487.69490203848,36000.0,1.0,26.77436155045258,20.0,26.0,0.0,721.0,15.003770787834119,12.0,17.0,1.0,21238.960896125074,18000.0,36000.0,1.0,20.0,22.574451653689927,25.0,1.0,25641.28112658343,18000.0,36000.0,1.0,23.125414536626188,20.0,26.0,1.0,0.0,91121.0,7.0,21.0
92.0,24.0,92.0,24.0,-721.0,921.0,13.0,-711.0,15.077364971563277,12.0,17.0,30000.0,15000.0,28000.0,0.0,23.995450835474117,19.5,25.0,1.0,15000.0,33950.25020436388,28000.0,0.0,24.476451577643182,20.0,26.0,1.0,722.0,15.067335971252945,12.0,17.0,1.0,20263.329453494858,15000.0,28000.0,1.0,19.5,21.620448323694607,25.0,1.0,24258.888342963484,15000.0,28000.0,1.0,22.106966060999326,20.0,26.0,1.0,0.0,92122.0,7.0,22.0
11.0,22.0,11.0,21.0,-121.0,11.0,11.0,-111.0,10.20079217156287,9.0,11.0,30000.0,10000.0,19000.0,0.0,25.010448339410964,16.5,19.0,0.0,10000.0,37141.748882775486,25000.0,0.0,26.361969861347582,17.0,20.0,0.0,122.0,10.195520245415926,9.0,11.0,1.0,12840.172728494064,10000.0,19000.0,1.0,16.5,17.140201599612016,19.0,1.0,19724.514159033854,10000.0,25000.0,1.0,18.44301072388334,17.0,20.0,1.0,0.0,111.0,1.0,12.0
11.0,22.0,11.0,22.0,-121.0,11.0,11.0,-111.0,10.186338062455166,9.0,11.0,30000.0,10000.0,19000.0,0.0,23.28476863822492,16.5,19.0,0.0,10000.0,37087.609142610374,25000.0,0.0,24.627809250967516,17.0,20.0,0.0,122.0,10.190778708873543,9.0,11.0,1.0,18052.139812663663,10000.0,19000.0,1.0,16.5,18.146788809278593,19.0,1.0,25255.56778224316,10000.0,25000.0,0.0,19.5117760877035,17.0,20.0,1.0,0.0,111.0,1.0,55.0
11.0,21.0,11.0,22.0,-121.0,11.0,12.0,-111.0,10.183265346185106,9.0,11.0,30000.0,10000.0,19000.0,0.0,25.043180173453166,16.5,19.0,0.0,10000.0,36884.33336425003,25000.0,0.0,26.33878917117734,17.0,20.0,0.0,122.0,10.196454252145232,9.0,11.0,1.0,14006.265041055574,10000.0,19000.0,1.0,16.5,17.35606753390482,19.0,1.0,21089.372523605838,10000.0,25000.0,1.0,18.689085169845413,17.0,20.0,1.0,0.0,111.0,1.0,51.0
91.0,24.0,91.0,24.0,-721.0,911.0,11.0,-711.0,15.217405402372753,12.0,17.0,30000.0,18000.0,36000.0,1.0,24.543823245451804,20.0,25.0,1.0,18000.0,34071.2673424298,36000.0,1.0,25.042663059428705,20.0,26.0,1.0,722.0,15.302994928163054,12.0,17.0,1.0,22610.73870749236,18000.0,36000.0,1.0,20.0,23.058872805222926,25.0,1.0,26651.490267742905,18000.0,36000.0,1.0,23.55397361465276,20.0,26.0,1.0,1.0,91121.0,7.0,9.0
11.0,22.0,11.0,21.0,-121.0,21.0,13.0,-111.0,10.207997928373269,9.0,11.0,30000.0,10000.0,19000.0,0.0,26.99590595858578,16.5,19.0,0.0,10000.0,37195.161119285236,25000.0,0.0,28.35397745429038,17.0,20.0,0.0,122.0,10.20610219546054,9.0,11.0,1.0,11063.23710723084,10000.0,19000.0,1.0,16.5,16.75565810599474,19.0,1.0,18060.62703202571,10000.0,25000.0,1.0,18.076400705590412,17.0,20.0,1.0,0.0,211.0,1.0,2.0
11.0,21.0,11.0,22.0,-121.0,21.0,13.0,-111.0,9.99058128767698,9.0,11.0,30000.0,10000.0,19000.0,0.0,28.457677597024862,16.5,19.0,0.0,10000.0,36560.686387536145,25000.0,0.0,29.776581228873507,17.0,20.0,0.0,121.0,9.990365478040207,9.0,11.0,1.0,13968.966327890823,10000.0,19000.0,1.0,16.5,17.319973016439796,19.0,1.0,20409.43464395453,10000.0,25000.0,1.0,18.6147090472612,17.0,20.0,1.0,0.0,211.0,1.0,32.0
11.0,21.0,11.0,22.0,-121.0,21.0,12.0,-111.0,10.199654554090692,9.0,11.0,30000.0,10000.0,19000.0,0.0,25.339977912101787,16.5,19.0,0.0,10000.0,36983.0330638186,25000.0,0.0,26.660827322889897,17.0,20.0,0.0,122.0,10.186307339093219,9.0,11.0,1.0,15442.282465346507,10000.0,19000.0,1.0,16.5,17.61903178347642,19.0,1.0,22489.1580051333,10000.0,25000.0,1.0,18.951957078195647,17.0,20.0,1.0,0.0,211.0,1.0,37.0
11.0,22.0,11.0,22.0,-121.0,11.0,11.0,-111.0,10.205408595442693,9.0,11.0,30000.0,10000.0,19000.0,0.0,24.870743453054025,16.5,19.0,0.0,10000.0,36951.609242811144,25000.0,0.0,26.17899891637113,17.0,20.0,0.0,122.0,10.16408430003322,9.0,11.0,1.0,15007.620418747958,10000.0,19000.0,1.0,16.5,17.537344818454738,19.0,1.0,22096.217093245392,10000.0,25000.0,1.0,18.87138057949135,17.0,20.0,1.0,0.0,111.0,1.0,57.0
11.0,22.0,11.0,22.0,-121.0,21.0,13.0,-111.0,10.203418171991416,9.0,11.0,30000.0,10000.0,19000.0,0.0,26.884891833958704,16.5,19.0,0.0,10000.0,37081.9125064746,25000.0,0.0,28.222057575159525,17.0,20.0,0.0,122.0,10.182804035569667,9.0,11.0,1.0,13871.531541378166,10000.0,19000.0,1.0,16.5,17.343432348802306,19.0,1.0,20942.05106645715,10000.0,25000.0,1.0,18.678446933179536,17.0,20.0,1.0,0.0,211.0,1.0,4.0
11.0,22.0,11.0,22.0,-121.0,21.0,13.0,-111.0,9.995458043760566,9.0,11.0,30000.0,10000.0,19000.0,0.0,26.224969289833183,16.5,19.0,0.0,10000.0,36457.22812521235,25000.0,0.0,27.51616591493759,17.0,20.0,0.0,121.0,10.013557093067908,9.0,11.0,1.0,13908.928610632694,10000.0,19000.0,1.0,16.5,17.321356464486023,19.0,1.0,20472.087430899413,10000.0,25000.0,1.0,18.633735143762426,17.0,20.0,1.0,0.0,211.0,1.0,22.0
81.0,21.0,81.0,23.0,-721.0,912.0,12.0,-711.0,15.22409189759346,12.0,17.0,30000.0,12500.0,23000.0,0.0,27.205038472762283,20.0,24.0,0.0,12500.0,33901.44057301353,26000.0,0.0,27.676917986456296,20.0,25.0,0.0,722.0,15.148096827885306,12.0,17.0,1.0,18034.61400407034,12500.0,23000.0,1.0,20.0,21.85617529888568,24.0,1.0,22049.91755660788,12500.0,26000.0,1.0,22.34182654801947,20.0,25.0,1.0,0.0,912.0,7.0,7.0
91.0,24.0,91.0,24.0,-721.0,911.0,12.0,-711.0,13.842965342428803,12.0,17.0,30000.0,18000.0,36000.0,1.0,23.773112171922072,20.0,25.0,1.0,18000.0,34474.35423012649,36000.0,1.0,24.33459453907639,20.0,26.0,1.0,721.0,15.015140480968673,12.0,17.0,1.0,26657.16420332671,18000.0,36000.0,1.0,20.0,23.35836591413095,25.0,1.0,31194.548336427215,18000.0,36000.0,1.0,23.927757842599185,20.0,26.0,1.0,1.0,91121.0,7.0,24.0
11.0,21.0,11.0,21.0,-121.0,11.0,11.0,-111.0,10.005140494839932,9.0,11.0,30000.0,10000.0,19000.0,0.0,24.776841281739664,16.5,19.0,0.0,10000.0,36444.42233968195,25000.0,0.0,26.06387486719001,17.0,20.0,0.0,121.0,10.002341335072858,9.0,11.0,1.0,14399.095457817162,10000.0,19000.0,1.0,16.5,17.36396603779631,19.0,1.0,20887.878809948896,10000.0,25000.0,1.0,18.65985908494827,17.0,20.0,1.0,0.0,111.0,1.0,18.0
11.0,22.0,11.0,21.0,-121.0,11.0,12.0,-111.0,10.002161929682721,9.0,11.0,30000.0,10000.0,19000.0,0.0,25.16762758807207,16.5,19.0,0.0,10000.0,36493.35413384009,25000.0,0.0,26.46879920219188,17.0,20.0,0.0,121.0,9.98771882274208,9.0,11.0,1.0,15329.332361220673,10000.0,19000.0,1.0,16.5,17.574402765660857,19.0,1.0,21870.786965865704,10000.0,25000.0,1.0,18.885212998889862,17.0,20.0,1.0,0.0,111.0,1.0,46.0
91.0,24.0,91.0,24.0,-721.0,911.0,12.0,-711.0,15.26035899251412,12.0,17.0,30000.0,18000.0,36000.0,1.0,24.628657199745227,20.0,25.0,1.0,18000.0,34069.16706987245,36000.0,1.0,25.125683380379552,20.0,26.0,1.0,722.0,15.39971646150089,12.0,17.0,1.0,23209.020508246544,18000.0,36000.0,1.0,20.0,23.281477471275235,25.0,1.0,27171.338337405596,18000.0,36000.0,1.0,23.765452609987822,20.0,26.0,1.0,1.0,91121.0,7.0,23.0
11.0,22.0,11.0,22.0,-121.0,21.0,13.0,-111.0,10.239790861924218,9.0,11.0,30000.0,10000.0,19000.0,0.0,26.073937884185202,16.5,19.0,0.0,10000.0,36921.606566873175,25000.0,0.0,27.379431289780822,17.0,20.0,0.0,122.0,10.210439053168017,9.0,11.0,1.0,15782.253722620404,10000.0,19000.0,1.0,16.5,17.676436792151062,19.0,1.0,22845.42407853659,10000.0,25000.0,1.0,19.008630731976883,17.0,20.0,1.0,0.0,211.0,1.0,41.0
91.0,24.0,91.0,24.0,-721.0,911.0,12.0,-711.0,14.860301295023282,12.0,17.0,30000.0,18000.0,36000.0,1.0,24.829442878294934,20.0,25.0,1.0,18000.0,34561.3996156197,36000.0,1.0,25.398357251094787,20.0,26.0,1.0,721.0,15.764758682561855,12.0,17.0,1.0,27630.783036469882,18000.0,36000.0,1.0,20.0,24.30061353947515,25.0,1.0,32138.146234265732,18000.0,36000.0,1.0,24.86278829344193,20.0,26.0,1.0,1.0,91121.0,7.0,13.0
11.0,22.0,11.0,21.0,-121.0,21.0,13.0,-111.0,10.012296375987628,9.0,11.0,30000.0,10000.0,19000.0,0.0,24.33929855577303,16.5,19.0,0.0,10000.0,36543.379264780786,25000.0,0.0,25.65718868085697,17.0,20.0,0.0,121.0,9.995444086030329,9.0,11.0,1.0,13538.95437361531,10000.0,19000.0,1.0,16.5,17.19960216627932,19.0,1.0,20066.949621156586,10000.0,25000.0,1.0,18.514393824411606,17.0,20.0,1.0,0.0,211.0,1.0,58.0
11.0,22.0,11.0,22.0,-121.0,21.0,13.0,-111.0,9.982868655991913,9.0,11.0,30000.0,10000.0,19000.0,0.0,25.33285323392581,16.5,19.0,0.0,10000.0,36464.85419697033,25000.0,0.0,26.620941328413718,17.0,20.0,0.0,121.0,9.97833595719985,9.0,11.0,1.0,13697.152236794891,10000.0,19000.0,1.0,16.5,17.251463159567805,19.0,1.0,20157.71839559854,10000.0,25000.0,1.0,18.53869688507183,17.0,20.0,1.0,0.0,211.0,1.0,28.0
91.0,24.0,91.0,21.0,-721.0,911.0,11.0,-711.0,14.312524100402525,12.0,17.0,30000.0,18000.0,36000.0,1.0,24.259703672230458,20.0,25.0,1.0,18000.0,34474.48786539044,36000.0,1.0,24.821057733194767,20.0,26.0,1.0,721.0,15.327885684015225,12.0,17.0,1.0,23272.50121450297,18000.0,36000.0,1.0,20.0,23.239124815114607,25.0,1.0,27738.20912707228,18000.0,36000.0,1.0,23.79937737299756,20.0,26.0,1.0,1.0,91121.0,7.0,2.0
81.0,21.0,81.0,21.0,-721.0,912.0,12.0,-711.0,14.22966195886649,12.0,17.0,30000.0,12500.0,23000.0,0.0,26.42403396760951,20.0,24.0,0.0,12500.0,34503.379875157974,26000.0,0.0,26.986918520737966,20.0,25.0,0.0,721.0,15.52040614704354,12.0,17.0,1.0,15081.500512028875,12500.0,23000.0,1.0,20.0,21.765298792388553,24.0,1.0,19604.64206950976,12500.0,26000.0,1.0,22.330653389357806,20.0,25.0,1.0,0.0,912.0,7.0,6.0
91.0,24.0,91.0,21.0,-721.0,911.0,11.0,-711.0,15.46758772813435,12.0,17.0,30000.0,18000.0,36000.0,1.0,25.299930986741664,20.0,25.0,0.0,18000.0,33895.371487953336,36000.0,1.0,25.773004023364585,20.0,26.0,1.0,722.0,15.204360090260217,12.0,17.0,1.0,24597.988925462996,18000.0,36000.0,1.0,20.0,23.101680030461843,25.0,1.0,28549.17183438,18000.0,36000.0,1.0,23.581531080035564,20.0,26.0,1.0,0.0,91121.0,7.0,15.0
11.0,22.0,11.0,21.0,-121.0,11.0,11.0,-111.0,10.014823787483046,9.0,11.0,30000.0,10000.0,19000.0,0.0,24.23462307077041,16.5,19.0,0.0,10000.0,36465.642921016435,25000.0,0.0,25.52058360769478,17.0,20.0,0.0,121.0,10.020697316415733,9.0,11.0,1.0,12181.364083453715,10000.0,19000.0,1.0,16.5,16.895296418244026,19.0,1.0,18747.8393116426,10000.0,25000.0,1.0,18.20131163023394,17.0,20.0,1.0,0.0,111.0,1.0,39.0
81.0,21.0,81.0,21.0,-721.0,912.0,12.0,-711.0,15.798141775971333,12.0,17.0,30000.0,12500.0,23000.0,0.0,29.079759474799605,20.0,24.0,0.0,12500.0,34497.04580402336,26000.0,0.0,29.644154950433123,20.0,25.0,0.0,721.0,14.762906762283974,12.0,17.0,1.0,15705.966869551314,12500.0,23000.0,1.0,20.0,21.192129588564843,24.0,1.0,20208.017920811246,12500.0,26000.0,1.0,21.757153240787584,20.0,25.0,1.0,0.0,912.0,7.0,6.0
11.0,22.0,11.0,22.0,-121.0,21.0,13.0,-111.0,10.19997698859044,9.0,11.0,30000.0,10000.0,19000.0,0.0,25.130606535545446,16.5,19.0,0.0,10000.0,37069.10039725016,25000.0,0.0,26.46951342490122,17.0,20.0,0.0,122.0,10.198598674448073,9.0,11.0,1.0,14515.408880795518,10000.0,19000.0,1.0,16.5,17.457609105136115,19.0,1.0,21502.894359155405,10000.0,25000.0,1.0,18.781057906328517,17.0,20.0,1.0,0.0,211.0,1.0,21.0
11.0,22.0,11.0,22.0,-121.0,11.0,11.0,-111.0,10.171494864654386,9.0,11.0,30000.0,10000.0,19000.0,0.0,23.245425009286926,16.5,19.0,0.0,10000.0,36960.80805002179,25000.0,0.0,24.559108926356206,17.0,20.0,0.0,122.0,10.216360934619605,9.0,11.0,1.0,17056.56908785216,10000.0,19000.0,1.0,16.5,17.95281635248679,19.0,1.0,24024.664502614978,10000.0,25000.0,1.0,19.267875583138817,17.0,20.0,1.0,0.0,111.0,1.0,11.0
11.0,22.0,11.0,21.0,-121.0,11.0,11.0,-111.0,10.170145994732067,9.0,11.0,30000.0,10000.0,19000.0,0.0,23.64746689803588,16.5,19.0,0.0,10000.0,37224.90552377987,25000.0,0.0,25.0153597176323,17.0,20.0,0.0,122.0,10.215835895412186,9.0,11.0,1.0,15299.694175485023,10000.0,19000.0,1.0,16.5,17.54492945942939,19.0,1.0,22235.317128181137,10000.0,25000.0,1.0,18.858052351513617,17.0,20.0,1.0,0.0,111.0,1.0,26.0
11.0,22.0,11.0,22.0,-121.0,11.0,11.0,-111.0,10.194074738805902,9.0,11.0,30000.0,10000.0,19000.0,0.0,23.906003054040127,16.5,19.0,0.0,10000.0,36887.968202081356,25000.0,0.0,25.207467145585596,17.0,20.0,0.0,122.0,10.196537151835635,9.0,11.0,1.0,15039.078249317825,10000.0,19000.0,1.0,16.5,17.57295504875549,19.0,1.0,22097.53488967341,10000.0,25000.0,1.0,18.906632497553467,17.0,20.0,1.0,0.0,111.0,1.0,55.0
11.0,22.0,11.0,22.0,-121.0,11.0,11.0,-111.0,9.997278587026145,9.0,11.0,30000.0,10000.0,19000.0,0.0,25.953196901671475,16.5,19.0,0.0,10000.0,36541.17380207276,25000.0,0.0,27.25623415932382,17.0,20.0,0.0,121.0,9.980271478033972,9.0,11.0,1.0,17143.15878562963,10000.0,19000.0,1.0,16.5,17.914255256416933,19.0,1.0,23607.975346642925,10000.0,25000.0,1.0,19.20208173799106,17.0,20.0,1.0,0.0,111.0,1.0,44.0
81.0,23.0,81.0,23.0,-721.0,912.0,12.0,-711.0,14.994112268137505,12.0,17.0,30000.0,12500.0,23000.0,0.0,26.278418931238875,20.0,24.0,0.0,12500.0,33945.995068512995,26000.0,0.0,26.759463512442345,20.0,25.0,0.0,722.0,15.239697188875372,12.0,17.0,1.0,17489.694191281676,12500.0,23000.0,1.0,20.0,21.98806437059421,24.0,1.0,21614.348182492926,12500.0,26000.0,1.0,22.490888732348708,20.0,25.0,1.0,0.0,912.0,7.0,31.0
11.0,21.0,11.0,22.0,-121.0,11.0,11.0,-111.0,10.227982984944434,9.0,11.0,30000.0,10000.0,19000.0,0.0,24.732448186902143,16.5,19.0,0.0,10000.0,37038.876087066135,25000.0,0.0,26.06015931569644,17.0,20.0,0.0,122.0,10.20413969681555,9.0,11.0,1.0,14092.520803516627,10000.0,19000.0,1.0,16.5,17.404471331260194,19.0,1.0,21079.677410160828,10000.0,25000.0,1.0,18.72242685008462,17.0,20.0,1.0,0.0,111.0,1.0,35.0
11.0,22.0,11.0,21.0,-121.0,11.0,12.0,-111.0,9.973913172401113,9.0,11.0,30000.0,10000.0,19000.0,0.0,24.28253834808952,16.5,19.0,0.0,10000.0,36440.59558719967,25000.0,0.0,25.573533593445713,17.0,20.0,0.0,121.0,9.97608399490382,9.0,11.0,1.0,13007.192404960184,10000.0,19000.0,1.0,16.5,17.052425819497092,19.0,1.0,19462.089785410597,10000.0,25000.0,1.0,18.34628781014676,17.0,20.0,1.0,0.0,111.0,1.0,46.0
11.0,22.0,11.0,22.0,-121.0,21.0,13.0,-111.0,10.215314346579664,9.0,11.0,30000.0,10000.0,19000.0,0.0,24.702749952663176,16.5,19.0,0.0,10000.0,37158.006393878175,25000.0,0.0,26.047104475582884,17.0,20.0,0.0,122.0,10.17877260551407,9.0,11.0,1.0,12336.24488359167,10000.0,19000.0,1.0,16.5,16.98584054643449,19.0,1.0,19312.60724103407,10000.0,25000.0,1.0,18.296080265803212,17.0,20.0,1.0,0.0,211.0,1.0,16.0
11.0,22.0,11.0,22.0,-121.0,11.0,11.0,-111.0,10.193924295085546,9.0,11.0,30000.0,10000.0,19000.0,0.0,26.06422461808119,16.5,19.0,0.0,10000.0,36955.81287227063,25000.0,0.0,27.36992910819087,17.0,20.0,0.0,122.0,10.204900989132092,9.0,11.0,1.0,19037.187275863973,10000.0,19000.0,0.0,16.5,18.297728887105215,19.0,1.0,25925.62620628251,10000.0,25000.0,0.0,19.590786335092275,17.0,20.0,1.0,0.0,111.0,1.0,15.0
11.0,22.0,11.0,22.0,-121.0,11.0,12.0,-111.0,10.005080276485668,9.0,11.0,30000.0,10000.0,19000.0,0.0,24.4010512991722,16.5,19.0,0.0,10000.0,36495.43554384169,25000.0,0.0,25.69766661082885,17.0,20.0,0.0,121.0,10.003658673018808,9.0,11.0,1.0,15935.554530466527,10000.0,19000.0,1.0,16.5,17.729568399424654,19.0,1.0,22449.82934166344,10000.0,25000.0,1.0,19.029944395387737,17.0,20.0,1.0,0.0,111.0,1.0,14.0
11.0,21.0,11.0,22.0,-121.0,21.0,12.0,-111.0,10.189208336997646,9.0,11.0,30000.0,10000.0,19000.0,0.0,24.799884053716653,16.5,19.0,0.0,10000.0,37108.132060425974,25000.0,0.0,26.144475579769438,17.0,20.0,0.0,122.0,10.18056134506046,9.0,11.0,1.0,18298.522470666554,10000.0,19000.0,1.0,16.5,18.1203550448523,19.0,1.0,25430.93408198936,10000.0,25000.0,0.0,19.469539349727246,17.0,20.0,1.0,0.0,211.0,1.0,37.0
11.0,22.0,11.0,21.0,-121.0,11.0,11.0,-111.0,10.194650543166134,9.0,11.0,30000.0,10000.0,19000.0,0.0,25.205258978843688,16.5,19.0,0.0,10000.0,36869.36394523664,25000.0,0.0,26.505091658262455,17.0,20.0,0.0,122.0,10.219536208842971,9.0,11.0,1.0,13068.478932156115,10000.0,19000.0,1.0,16.5,17.156847163995824,19.0,1.0,20094.581655214686,10000.0,25000.0,1.0,18.486338220401063,17.0,20.0,1.0,0.0,111.0,1.0,54.0
11.0,21.0,11.0,22.0,-121.0,21.0,12.0,-111.0,9.995775788686442,9.0,11.0,30000.0,10000.0,19000.0,0.0,24.621374230699494,16.5,19.0,0.0,10000.0,36501.37311038788,25000.0,0.0,25.921789045719112,17.0,20.0,0.0,121.0,10.009507171522698,9.0,11.0,1.0,18295.764910072907,10000.0,19000.0,1.0,16.5,18.210732571083156,19.0,1.0,24855.226009536476,10000.0,25000.0,1.0,19.52276623650347,17.0,20.0,1.0,0.0,211.0,1.0,37.0
81.0,23.0,81.0,21.0,-721.0,912.0,11.0,-711.0,15.553118034367644,12.0,17.0,30000.0,12500.0,23000.0,0.0,26.192385788810334,20.0,24.0,0.0,12500.0,34510.40164178731,26000.0,0.0,26.757625809508976,20.0,25.0,0.0,721.0,14.878485275511688,12.0,17.0,1.0,12901.385345161803,12500.0,23000.0,1.0,20.0,20.88290901098122,24.0,1.0,17371.144589598192,12500.0,26000.0,1.0,21.44305575809929,20.0,25.0,1.0,0.0,912.0,7.0,12.0
11.0,22.0,11.0,21.0,-121.0,21.0,13.0,-111.0,10.184451695777522,9.0,11.0,30000.0,10000.0,19000.0,0.0,25.907875161151267,16.5,19.0,0.0,10000.0,37267.16897250015,25000.0,0.0,27.277765238073112,17.0,20.0,0.0,122.0,10.19559320788761,9.0,11.0,1.0,11597.882170038776,10000.0,19000.0,1.0,16.5,16.8243543295255,19.0,1.0,18610.670442848736,10000.0,25000.0,1.0,18.146292639041814,17.0,20.0,1.0,0.0,211.0,1.0,58.0
11.0,21.0,11.0,22.0,-121.0,11.0,12.0,-111.0,10.00998640054417,9.0,11.0,30000.0,10000.0,19000.0,0.0,25.176338524147027,16.5,19.0,0.0,10000.0,36520.939791504,25000.0,0.0,26.479048551257993,17.0,20.0,0.0,121.0,9.99656578686826,9.0,11.0,1.0,15224.534151268863,10000.0,19000.0,1.0,16.5,17.571218290692244,19.0,1.0,21708.801906677076,10000.0,25000.0,1.0,18.866602222077127,17.0,20.0,1.0,0.0,111.0,1.0,7.0
91.0,24.0,91.0,24.0,-721.0,911.0,12.0,-711.0,15.594236980482464,12.0,17.0,30000.0,18000.0,36000.0,1.0,24.98407967653923,20.0,25.0,1.0,18000.0,34539.73295436656,36000.0,1.0,25.553950682999144,20.0,26.0,1.0,721.0,15.058584788043728,12.0,17.0,1.0,28186.938250304822,18000.0,36000.0,1.0,20.0,23.59228548844905,25.0,1.0,32655.638784188606,18000.0,36000.0,1.0,24.15323982131633,20.0,26.0,1.0,1.0,91121.0,7.0,8.0
11.0,22.0,11.0,21.0,-121.0,21.0,13.0,-111.0,10.178300358351793,9.0,11.0,30000.0,10000.0,19000.0,0.0,25.09619545358112,16.5,19.0,0.0,10000.0,37107.751102573515,25000.0,0.0,26.443039331631475,17.0,20.0,0.0,122.0,10.224993778735953,9.0,11.0,1.0,12825.478707222454,10000.0,19000.0,1.0,16.5,17.129091144481322,19.0,1.0,19807.573245843192,10000.0,25000.0,1.0,18.452124428793333,17.0,20.0,1.0,0.0,211.0,1.0,2.0
91.0,24.0,91.0,21.0,-721.0,911.0,12.0,-711.0,15.289914338405397,12.0,17.0,30000.0,18000.0,36000.0,1.0,24.876762842107212,20.0,25.0,1.0,18000.0,33901.65417025631,36000.0,1.0,25.354688717353227,20.0,26.0,1.0,722.0,15.067127461963468,12.0,17.0,1.0,26361.577039880194,18000.0,36000.0,1.0,20.0,23.24554226050296,25.0,1.0,30294.53310255648,18000.0,36000.0,1.0,23.727302402877445,20.0,26.0,1.0,1.0,91121.0,7.0,29.0
11.0,22.0,11.0,22.0,-121.0,21.0,13.0,-111.0,10.191474791430927,9.0,11.0,30000.0,10000.0,19000.0,0.0,25.09328041243512,16.5,19.0,0.0,10000.0,37111.16707405393,25000.0,0.0,26.43051643194215,17.0,20.0,0.0,122.0,10.190068979932047,9.0,11.0,1.0,16184.01893158669,10000.0,19000.0,1.0,16.5,17.79621849941268,19.0,1.0,23133.887507533178,10000.0,25000.0,1.0,19.10312276615459,17.0,20.0,1.0,0.0,211.0,1.0,19.0
91.0,24.0,91.0,24.0,-721.0,911.0,12.0,-711.0,15.328397377472635,12.0,17.0,30000.0,18000.0,36000.0,1.0,23.973490203636445,20.0,25.0,1.0,18000.0,33989.04848208837,36000.0,1.0,24.45833650926586,20.0,26.0,1.0,722.0,15.074018650551414,12.0,17.0,1.0,26562.660743243832,18000.0,36000.0,1.0,20.0,23.30577015812949,25.0,1.0,30573.44276027205,18000.0,36000.0,1.0,23.793258052140487,20.0,26.0,1.0,1.0,91121.0,7.0,13.0
11.0,22.0,11.0,21.0,-121.0,21.0,13.0,-111.0,10.195212697911598,9.0,11.0,30000.0,10000.0,19000.0,0.0,26.148106374792626,16.5,19.0,0.0,10000.0,36853.16249544993,25000.0,0.0,27.44594456486092,17.0,20.0,0.0,122.0,10.202445993880435,9.0,11.0,1.0,12140.758262240599,10000.0,19000.0,1.0,16.5,16.98228967528567,19.0,1.0,19263.296845153876,10000.0,25000.0,1.0,18.33114176937758,17.0,20.0,1.0,0.0,211.0,1.0,20.0
11.0,22.0,11.0,22.0,-121.0,21.0,13.0,-111.0,10.189049079447948,9.0,11.0,30000.0,10000.0,19000.0,0.0,24.715189630249995,16.5,19.0,0.0,10000.0,36983.092400096364,25000.0,0.0,26.035846478565873,17.0,20.0,0.0,122.0,10.198359730723116,9.0,11.0,1.0,13486.623464460132,10000.0,19000.0,1.0,16.5,17.318474529005563,19.0,1.0,20318.73587011083,10000.0,25000.0,1.0,18.610577729138207,17.0,20.0,1.0,0.0,211.0,1.0,41.0
11.0,22.0,11.0,22.0,-121.0,21.0,13.0,-111.0,10.015605440991255,9.0,11.0,30000.0,10000.0,19000.0,0.0,26.396278415498095,16.5,19.0,0.0,10000.0,36530.9715168426,25000.0,0.0,27.70539580745609,17.0,20.0,0.0,121.0,10.01066388416827,9.0,11.0,1.0,11876.447259674063,10000.0,19000.0,1.0,16.5,16.916937431439703,19.0,1.0,18420.50344828269,10000.0,25000.0,1.0,18.228677614100857,17.0,20.0,1.0,0.0,211.0,1.0,36.0
81.0,23.0,81.0,23.0,-721.0,912.0,11.0,-711.0,15.260426912964931,12.0,17.0,30000.0,12500.0,23000.0,0.0,25.856902191363943,20.0,24.0,0.0,12500.0,34476.47916755326,26000.0,0.0,26.414645560203688,20.0,25.0,0.0,721.0,15.532017001569125,12.0,17.0,1.0,18353.821602252323,12500.0,23000.0,1.0,20.0,22.374457813744016,24.0,1.0,22864.666290561843,12500.0,26000.0,1.0,22.93648292736601,20.0,25.0,1.0,0.0,912.0,7.0,17.0
11.0,21.0,11.0,22.0,-121.0,21.0,13.0,-111.0,10.22878047221153,9.0,11.0,30000.0,10000.0,19000.0,0.0,27.68252794880398,16.5,19.0,0.0,10000.0,37034.94285350186,25000.0,0.0,29.00800875630825,17.0,20.0,0.0,122.0,10.192462593391411,9.0,11.0,1.0,13169.253865685952,10000.0,19000.0,1.0,16.5,17.220262812581076,19.0,1.0,20078.05485067917,10000.0,25000.0,1.0,18.5219767424841,17.0,20.0,1.0,0.0,211.0,1.0,52.0
81.0,21.0,81.0,23.0,-721.0,912.0,12.0,-711.0,15.195546785382056,12.0,17.0,30000.0,12500.0,23000.0,0.0,27.248154873728723,20.0,24.0,0.0,12500.0,33915.946206502886,26000.0,0.0,27.724905530704042,20.0,25.0,0.0,722.0,15.17178562858998,12.0,17.0,1.0,16544.728438612437,12500.0,23000.0,1.0,20.0,21.719919505341448,24.0,1.0,20564.11607491099,12500.0,26000.0,1.0,22.209263739197795,20.0,25.0,1.0,0.0,912.0,7.0,7.0
81.0,23.0,81.0,23.0,-721.0,912.0,11.0,-711.0,14.820697693621948,12.0,17.0,30000.0,12500.0,23000.0,0.0,27.105178023009667,20.0,24.0,0.0,12500.0,34478.22502181723,26000.0,0.0,27.66424005699709,20.0,25.0,0.0,721.0,15.111041728173072,12.0,17.0,1.0,17981.43764761871,12500.0,23000.0,1.0,20.0,21.902112456599745,24.0,1.0,22469.863422910756,12500.0,26000.0,1.0,22.462447953612823,20.0,25.0,1.0,0.0,912.0,7.0,17.0
91.0,24.0,91.0,24.0,-721.0,911.0,12.0,-711.0,15.31394240847815,12.0,17.0,30000.0,18000.0,36000.0,1.0,25.11603086492417,20.0,25.0,0.0,18000.0,33906.86148975092,36000.0,1.0,25.59128250256937,20.0,26.0,1.0,722.0,15.240398642997972,12.0,17.0,1.0,28193.480738317237,18000.0,36000.0,1.0,20.0,23.660312031284903,25.0,1.0,32247.715325639703,18000.0,36000.0,1.0,24.15349092490001,20.0,26.0,1.0,0.0,91121.0,7.0,32.0
11.0,22.0,11.0,22.0,-121.0,11.0,12.0,-111.0,10.21389663514823,9.0,11.0,30000.0,10000.0,19000.0,0.0,23.705204778994016,16.5,19.0,0.0,10000.0,37138.47303998605,25000.0,0.0,25.056323966237624,17.0,20.0,0.0,122.0,10.190395850533559,9.0,11.0,1.0,13379.157701389597,10000.0,19000.0,1.0,16.5,17.255374952034593,19.0,1.0,20299.557506437654,10000.0,25000.0,1.0,18.565218795055625,17.0,20.0,1.0,0.0,111.0,1.0,14.0
91.0,24.0,91.0,21.0,-721.0,911.0,11.0,-711.0,15.233236330947939,12.0,17.0,30000.0,18000.0,36000.0,1.0,24.7674118775544,20.0,25.0,1.0,18000.0,34059.70491909983,36000.0,1.0,25.263198179036973,20.0,26.0,1.0,722.0,15.270049286176805,12.0,17.0,1.0,22838.482596988266,18000.0,36000.0,1.0,20.0,22.96225933253103,25.0,1.0,26815.359692556056,18000.0,36000.0,1.0,23.44793039137722,20.0,26.0,1.0,1.0,91121.0,7.0,3.0
11.0,22.0,11.0,22.0,-121.0,11.0,11.0,-111.0,10.17626742053063,9.0,11.0,30000.0,10000.0,19000.0,0.0,24.8465162351253,16.5,19.0,0.0,10000.0,37000.45824794685,25000.0,0.0,26.169443677323624,17.0,20.0,0.0,122.0,10.204609922511567,9.0,11.0,1.0,14494.877399879335,10000.0,19000.0,1.0,16.5,17.452721505736946,19.0,1.0,21397.64292821708,10000.0,25000.0,1.0,18.757187245130062,17.0,20.0,1.0,0.0,111.0,1.0,11.0
11.0,22.0,11.0,22.0,-121.0,11.0,11.0,-111.0,10.002182210992457,9.0,11.0,30000.0,10000.0,19000.0,0.0,26.192994488752895,16.5,19.0,0.0,10000.0,36478.229252248726,25000.0,0.0,27.48950761728847,17.0,20.0,0.0,121.0,10.003984316756158,9.0,11.0,1.0,18115.192467101915,10000.0,19000.0,1.0,16.5,18.17056539229526,19.0,1.0,24638.385720172017,10000.0,25000.0,1.0,19.47607734058643,17.0,20.0,1.0,0.0,111.0,1.0,11.0
91.0,24.0,91.0,24.0,-721.0,911.0,11.0,-711.0,15.088598406326653,12.0,17.0,30000.0,18000.0,36000.0,1.0,25.076534472459823,20.0,25.0,0.0,18000.0,34542.32917595084,36000.0,1.0,25.643067624515112,20.0,26.0,1.0,721.0,15.117912716926053,12.0,17.0,1.0,26416.906728526978,18000.0,36000.0,1.0,20.0,23.46800891881499,25.0,1.0,30970.32327483005,18000.0,36000.0,1.0,24.03592492152472,20.0,26.0,1.0,0.0,91121.0,7.0,4.0
92.0,24.0,92.0,24.0,-721.0,921.0,13.0,-711.0,15.211274707198633,12.0,17.0,30000.0,15000.0,28000.0,0.0,24.301696498040847,19.5,25.0,1.0,15000.0,34000.584360075474,28000.0,0.0,24.7879598162862,20.0,26.0,1.0,722.0,15.408726691875385,12.0,17.0,1.0,20193.914824050164,15000.0,28000.0,1.0,19.5,21.898321458373026,25.0,1.0,24209.028704519744,15000.0,28000.0,1.0,22.3863508118181,20.0,26.0,1.0,0.0,92122.0,7.0,25.0
81.0,23.0,81.0,21.0,-721.0,912.0,11.0,-711.0,14.981070178789277,12.0,17.0,30000.0,12500.0,23000.0,0.0,27.080147678189917,20.0,24.0,0.0,12500.0,33948.961283474695,26000.0,0.0,27.560210623498122,20.0,25.0,0.0,722.0,15.290754716838938,12.0,17.0,1.0,12957.543932631545,12500.0,23000.0,1.0,20.0,21.284353102417846,24.0,1.0,17065.137762683873,12500.0,26000.0,1.0,21.783700513200678,20.0,25.0,1.0,0.0,912.0,7.0,12.0
11.0,22.0,11.0,22.0,-121.0,11.0,11.0,-111.0,10.198622027384067,9.0,11.0,30000.0,10000.0,19000.0,0.0,23.95557706788597,16.5,19.0,0.0,10000.0,37014.55414694044,25000.0,0.0,25.279072475560433,17.0,20.0,0.0,122.0,10.196918537717915,9.0,11.0,1.0,16833.15799026821,10000.0,19000.0,1.0,16.5,17.910049547370086,19.0,1.0,23623.734483200395,10000.0,25000.0,1.0,19.191285191944576,17.0,20.0,1.0,0.0,111.0,1.0,30.0
92.0,24.0,92.0,24.0,-721.0,921.0,13.0,-711.0,15.30316942930547,12.0,17.0,30000.0,15000.0,28000.0,0.0,24.839140382824425,19.5,25.0,1.0,15000.0,34064.53596289303,28000.0,0.0,25.335028674097302,20.0,26.0,1.0,722.0,15.296201408078918,12.0,17.0,1.0,21205.88629129925,15000.0,28000.0,1.0,19.5,21.90800938745489,25.0,1.0,25161.744010818078,15000.0,28000.0,1.0,22.390638534535814,20.0,26.0,1.0,0.0,92122.0,7.0,22.0
11.0,21.0,11.0,22.0,-121.0,21.0,12.0,-111.0,9.981729226607701,9.0,11.0,30000.0,10000.0,19000.0,0.0,25.341664413226695,16.5,19.0,0.0,10000.0,36499.293704138676,25000.0,0.0,26.6348710754705,17.0,20.0,0.0,121.0,9.990361172399165,9.0,11.0,1.0,16406.715177291073,10000.0,19000.0,1.0,16.5,17.78913367759053,19.0,1.0,22841.632903709033,10000.0,25000.0,1.0,19.06953103361328,17.0,20.0,1.0,0.0,211.0,1.0,37.0
11.0,22.0,11.0,22.0,-121.0,21.0,13.0,-111.0,10.201333743839326,9.0,11.0,30000.0,10000.0,19000.0,0.0,26.464145439090366,16.5,19.0,0.0,10000.0,37020.68450245015,25000.0,0.0,27.787184115721445,17.0,20.0,0.0,122.0,10.203472617588472,9.0,11.0,1.0,15655.682022620404,10000.0,19000.0,1.0,16.5,17.699148223547255,19.0,1.0,22731.88354362735,10000.0,25000.0,1.0,19.032649008643148,17.0,20.0,1.0,0.0,211.0,1.0,19.0
11.0,22.0,11.0,21.0,-121.0,21.0,12.0,-111.0,10.005688915223521,9.0,11.0,30000.0,10000.0,19000.0,0.0,25.510355577386097,16.5,19.0,0.0,10000.0,36509.759336438845,25000.0,0.0,26.81851446441726,17.0,20.0,0.0,121.0,9.999661960026891,9.0,11.0,1.0,11734.913141545961,10000.0,19000.0,1.0,16.5,16.81765231558995,19.0,1.0,18184.703219605057,10000.0,25000.0,1.0,18.113760170586946,17.0,20.0,1.0,0.0,211.0,1.0,53.0
11.0,22.0,11.0,22.0,-121.0,21.0,13.0,-111.0,10.197230374278085,9.0,11.0,30000.0,10000.0,19000.0,0.0,25.304905361815415,16.5,19.0,0.0,10000.0,37020.06160766011,25000.0,0.0,26.63241295415408,17.0,20.0,0.0,122.0,10.183974164268697,9.0,11.0,1.0,14154.903930333923,10000.0,19000.0,1.0,16.5,17.35991071313871,19.0,1.0,21041.54733496489,10000.0,25000.0,1.0,18.662188658306746,17.0,20.0,1.0,0.0,211.0,1.0,8.0
92.0,24.0,92.0,24.0,-721.0,921.0,13.0,-711.0,15.183541722041294,12.0,17.0,30000.0,15000.0,28000.0,0.0,24.323778800165904,19.5,25.0,1.0,15000.0,34061.71903891451,28000.0,0.0,24.81842865796346,20.0,26.0,1.0,722.0,15.078485344518002,12.0,17.0,1.0,26663.725070664514,15000.0,28000.0,1.0,19.5,22.40621706964923,25.0,1.0,30689.92274378948,15000.0,28000.0,0.0,22.89654101559315,20.0,26.0,1.0,0.0,92122.0,7.0,25.0
11.0,22.0,11.0,22.0,-121.0,21.0,12.0,-111.0,10.007766660428903,9.0,11.0,30000.0,10000.0,19000.0,0.0,24.608437065048186,16.5,19.0,0.0,10000.0,36516.16145354965,25000.0,0.0,25.9099734708686,17.0,20.0,0.0,121.0,9.996378591734013,9.0,11.0,1.0,15711.649489609656,10000.0,19000.0,1.0,16.5,17.670854447934946,19.0,1.0,22286.086390469085,10000.0,25000.0,1.0,18.984030776550373,17.0,20.0,1.0,0.0,211.0,1.0,48.0
81.0,23.0,81.0,23.0,-721.0,912.0,12.0,-711.0,16.119298076586794,12.0,17.0,30000.0,12500.0,23000.0,0.0,27.54160863209004,20.0,24.0,0.0,12500.0,34488.1989329026,26000.0,0.0,28.103959438080906,20.0,25.0,0.0,721.0,15.16155121588271,12.0,17.0,1.0,17770.932041582117,12500.0,23000.0,1.0,20.0,21.966166407255184,24.0,1.0,22291.585006710637,12500.0,26000.0,1.0,22.532583555102267,20.0,25.0,1.0,0.0,912.0,7.0,31.0
11.0,22.0,11.0,21.0,-121.0,11.0,12.0,-111.0,10.001693030302476,9.0,11.0,30000.0,10000.0,19000.0,0.0,23.97497289666023,16.5,19.0,0.0,10000.0,36487.18307231947,25000.0,0.0,25.271102370763188,17.0,20.0,0.0,121.0,10.005372015186062,9.0,11.0,1.0,14101.07601657623,10000.0,19000.0,1.0,16.5,17.289658918218265,19.0,1.0,20606.207906230884,10000.0,25000.0,1.0,18.58937453917635,17.0,20.0,1.0,0.0,111.0,1.0,45.0
11.0,21.0,11.0,22.0,-121.0,11.0,11.0,-111.0,10.208759822548615,9.0,11.0,30000.0,10000.0,19000.0,0.0,26.48469540707011,16.5,19.0,0.0,10000.0,37182.37254483387,25000.0,0.0,27.83641033011276,17.0,20.0,0.0,122.0,10.204575403839716,9.0,11.0,1.0,15366.75600278792,10000.0,19000.0,1.0,16.5,17.619557392597656,19.0,1.0,22344.477140012656,10000.0,25000.0,1.0,18.932757136991444,17.0,20.0,1.0,0.0,111.0,1.0,29.0
91.0,24.0,91.0,24.0,-721.0,911.0,11.0,-711.0,14.51986618033441,12.0,17.0,30000.0,18000.0,36000.0,1.0,23.390474563057392,20.0,25.0,1.0,18000.0,34452.69215815601,36000.0,1.0,23.946383265759316,20.0,26.0,1.0,721.0,14.688311930933954,12.0,17.0,1.0,25153.83413783705,18000.0,36000.0,1.0,20.0,22.84306069507575,25.0,1.0,29701.104469799015,18000.0,36000.0,1.0,23.410777272213387,20.0,26.0,1.0,1.0,91121.0,7.0,16.0
11.0,22.0,11.0,21.0,-121.0,21.0,13.0,-111.0,10.017523151002992,9.0,11.0,30000.0,10000.0,19000.0,0.0,26.52347228127187,16.5,19.0,0.0,10000.0,36470.34230497404,25000.0,0.0,27.81466107638683,17.0,20.0,0.0,121.0,9.993853671707113,9.0,11.0,1.0,10860.18513784933,10000.0,19000.0,1.0,16.5,16.61830954047866,19.0,1.0,17324.2436317708,10000.0,25000.0,1.0,17.908244370032094,17.0,20.0,1.0,0.0,211.0,1.0,58.0
11.0,22.0,11.0,22.0,-121.0,11.0,11.0,-111.0,10.194011958855304,9.0,11.0,30000.0,10000.0,19000.0,0.0,23.150811096897563,16.5,19.0,0.0,10000.0,36933.08920740097,25000.0,0.0,24.459329647985264,17.0,20.0,0.0,122.0,10.190222825531944,9.0,11.0,1.0,16566.327748390435,10000.0,19000.0,1.0,16.5,17.855099619583058,19.0,1.0,23539.962439646464,10000.0,25000.0,1.0,19.171270534025687,17.0,20.0,1.0,0.0,111.0,1.0,44.0
11.0,22.0,11.0,22.0,-121.0,11.0,11.0,-111.0,10.004305251800947,9.0,11.0,30000.0,10000.0,19000.0,0.0,24.243345884334744,16.5,19.0,0.0,10000.0,36534.83252286624,25000.0,0.0,25.54706231628523,17.0,20.0,0.0,121.0,10.00516841891022,9.0,11.0,1.0,17799.519901065043,10000.0,19000.0,1.0,16.5,18.093110814322458,19.0,1.0,24456.342872069992,10000.0,25000.0,1.0,19.421164664442873,17.0,20.0,1.0,0.0,111.0,1.0,17.0
91.0,21.0,91.0,24.0,-721.0,911.0,11.0,-711.0,15.240235612132746,12.0,17.0,30000.0,18000.0,36000.0,1.0,25.37629708260647,20.0,25.0,0.0,18000.0,34057.60064993405,36000.0,1.0,25.870587665043974,20.0,26.0,1.0,722.0,15.58397430617769,12.0,17.0,1.0,27244.174237295083,18000.0,36000.0,1.0,20.0,23.911854080253516,25.0,1.0,31262.215426660063,18000.0,36000.0,1.0,24.40132559090634,20.0,26.0,1.0,0.0,91121.0,7.0,18.0
11.0,22.0,11.0,22.0,-121.0,21.0,13.0,-111.0,9.989891495696916,9.0,11.0,30000.0,10000.0,19000.0,0.0,27.59718849503306,16.5,19.0,0.0,10000.0,36500.34734803015,25000.0,0.0,28.896199470815937,17.0,20.0,0.0,121.0,9.989233591302108,9.0,11.0,1.0,13484.825244899925,10000.0,19000.0,1.0,16.5,17.25308873856807,19.0,1.0,19958.32973235506,10000.0,25000.0,1.0,18.54673551323346,17.0,20.0,1.0,0.0,211.0,1.0,4.0
11.0,21.0,11.0,22.0,-121.0,11.0,11.0,-111.0,9.99360836605733,9.0,11.0,30000.0,10000.0,19000.0,0.0,23.808446974973617,16.5,19.0,0.0,10000.0,36409.39175779829,25000.0,0.0,25.09086262005389,17.0,20.0,0.0,121.0,10.025982656972149,9.0,11.0,1.0,16006.057072068903,10000.0,19000.0,1.0,16.5,17.73577984821525,19.0,1.0,22503.83452794708,10000.0,25000.0,1.0,19.035880042204724,17.0,20.0,1.0,0.0,111.0,1.0,43.0
11.0,22.0,11.0,22.0,-121.0,11.0,12.0,-111.0,9.99548509518997,9.0,11.0,30000.0,10000.0,19000.0,0.0,24.317939783333856,16.5,19.0,0.0,10000.0,36490.69166482264,25000.0,0.0,25.61464237301534,17.0,20.0,0.0,121.0,10.013633319372937,9.0,11.0,1.0,13882.86597244787,10000.0,19000.0,1.0,16.5,17.308706614065603,19.0,1.0,20423.954885336127,10000.0,25000.0,1.0,18.615477505471183,17.0,20.0,1.0,0.0,111.0,1.0,14.0
11.0,22.0,11.0,22.0,-121.0,21.0,13.0,-111.0,10.01929163835954,9.0,11.0,30000.0,10000.0,19000.0,0.0,27.95033612969542,16.5,19.0,0.0,10000.0,36568.13761147254,25000.0,0.0,29.258514945533268,17.0,20.0,0.0,121.0,10.00072372250905,9.0,11.0,1.0,12428.762481284843,10000.0,19000.0,1.0,16.5,16.986173129303324,19.0,1.0,18906.281117690378,10000.0,25000.0,1.0,18.276303324587225,17.0,20.0,1.0,0.0,211.0,1.0,19.0
11.0,21.0,11.0,22.0,-121.0,11.0,11.0,-111.0,10.198711152796674,9.0,11.0,30000.0,10000.0,19000.0,0.0,24.498694861557016,16.5,19.0,0.0,10000.0,36832.423964653,25000.0,0.0,25.791677861905153,17.0,20.0,0.0,122.0,10.21132464463374,9.0,11.0,1.0,13441.982840690407,10000.0,19000.0,1.0,16.5,17.28265086932755,19.0,1.0,20589.904869055285,10000.0,25000.0,1.0,18.635339420023943,17.0,20.0,1.0,0.0,111.0,1.0,35.0
81.0,23.0,81.0,23.0,-721.0,912.0,12.0,-711.0,15.139460143381811,12.0,17.0,30000.0,12500.0,23000.0,0.0,26.399638145827453,20.0,24.0,0.0,12500.0,33959.93155239721,26000.0,0.0,26.884125437016234,20.0,25.0,0.0,722.0,15.105110792716646,12.0,17.0,1.0,16631.82925910478,12500.0,23000.0,1.0,20.0,21.70963559341974,24.0,1.0,20643.701526606666,12500.0,26000.0,1.0,22.20047769555172,20.0,25.0,1.0,0.0,912.0,7.0,5.0
11.0,22.0,11.0,22.0,-121.0,21.0,13.0,-111.0,9.986690872611216,9.0,11.0,30000.0,10000.0,19000.0,0.0,27.000495192964184,16.5,19.0,0.0,10000.0,36546.98654342729,25000.0,0.0,28.312186017590943,17.0,20.0,0.0,121.0,10.002568546165639,9.0,11.0,1.0,16149.130108951185,10000.0,19000.0,1.0,16.5,17.770047474597327,19.0,1.0,22599.038130848683,10000.0,25000.0,1.0,19.06228858673204,17.0,20.0,1.0,0.0,211.0,1.0,36.0
11.0,21.0,11.0,22.0,-121.0,11.0,11.0,-111.0,10.208489088705177,9.0,11.0,30000.0,10000.0,19000.0,0.0,27.423320178846083,16.5,19.0,0.0,10000.0,36995.8075178621,25000.0,0.0,28.74158639649519,17.0,20.0,0.0,122.0,10.181151801682024,9.0,11.0,1.0,19601.07109455229,10000.0,19000.0,0.0,16.5,18.41258745429909,19.0,1.0,26603.918797093807,10000.0,25000.0,0.0,19.732180300447506,17.0,20.0,1.0,0.0,111.0,1.0,35.0
11.0,22.0,11.0,22.0,-121.0,11.0,11.0,-111.0,10.01032966088563,9.0,11.0,30000.0,10000.0,19000.0,0.0,25.350077787081098,16.5,19.0,0.0,10000.0,36451.89177746695,25000.0,0.0,26.64117373604287,17.0,20.0,0.0,121.0,9.994757389767473,9.0,11.0,1.0,16405.481618202622,10000.0,19000.0,1.0,16.5,17.760349755150994,19.0,1.0,22948.43278105119,10000.0,25000.0,1.0,19.069667709012435,17.0,20.0,1.0,0.0,111.0,1.0,17.0
11.0,22.0,11.0,22.0,-121.0,11.0,11.0,-111.0,10.194479863784867,9.0,11.0,30000.0,10000.0,19000.0,0.0,23.94347303685119,16.5,19.0,0.0,10000.0,37002.488238734695,25000.0,0.0,25.26383845751115,17.0,20.0,0.0,122.0,10.221994675681405,9.0,11.0,1.0,15446.04706959681,10000.0,19000.0,1.0,16.5,17.652959106785868,19.0,1.0,22300.447964575444,10000.0,25000.0,1.0,18.945401680413923,17.0,20.0,1.0,0.0,111.0,1.0,44.0
11.0,22.0,11.0,22.0,-121.0,11.0,11.0,-111.0,9.996097089698006,9.0,11.0,30000.0,10000.0,19000.0,0.0,23.712357082690616,16.5,19.0,0.0,10000.0,36441.87125005772,25000.0,0.0,24.99802294918522,17.0,20.0,0.0,121.0,9.987738319816115,9.0,11.0,1.0,14159.042146986767,10000.0,19000.0,1.0,16.5,17.326093126649276,19.0,1.0,20689.054066048193,10000.0,25000.0,1.0,18.62935006958569,17.0,20.0,1.0,0.0,111.0,1.0,44.0
11.0,22.0,11.0,21.0,-121.0,11.0,12.0,-111.0,9.999599176974066,9.0,11.0,30000.0,10000.0,19000.0,0.0,23.882208390408834,16.5,19.0,0.0,10000.0,36453.141374934705,25000.0,0.0,25.17160773781682,17.0,20.0,0.0,121.0,9.999832441050582,9.0,11.0,1.0,15059.403306410206,10000.0,19000.0,1.0,16.5,17.482187997621473,19.0,1.0,21504.868597325978,10000.0,25000.0,1.0,18.770053590048807,17.0,20.0,1.0,0.0,111.0,1.0,45.0
11.0,22.0,11.0,21.0,-121.0,11.0,11.0,-111.0,10.209847904982325,9.0,11.0,30000.0,10000.0,19000.0,0.0,23.18479564127562,16.5,19.0,0.0,10000.0,36850.39801228551,25000.0,0.0,24.4791202140515,17.0,20.0,0.0,122.0,10.195523106421458,9.0,11.0,1.0,15359.214695091301,10000.0,19000.0,1.0,16.5,17.573728881484413,19.0,1.0,22372.55917680846,10000.0,25000.0,1.0,18.89884080691545,17.0,20.0,1.0,0.0,111.0,1.0,54.0
11.0,22.0,11.0,22.0,-121.0,11.0,12.0,-111.0,10.216796715173874,9.0,11.0,30000.0,10000.0,19000.0,0.0,23.216129204129135,16.5,19.0,0.0,10000.0,37036.96485826909,25000.0,0.0,24.54537194941515,17.0,20.0,0.0,122.0,10.200148632244709,9.0,11.0,1.0,16486.461797057356,10000.0,19000.0,1.0,16.5,17.84842312103899,19.0,1.0,23445.680084137624,10000.0,25000.0,1.0,19.16297998003666,17.0,20.0,1.0,0.0,111.0,1.0,49.0
11.0,22.0,11.0,22.0,-121.0,11.0,11.0,-111.0,10.179744234631737,9.0,11.0,30000.0,10000.0,19000.0,0.0,23.2249002853043,16.5,19.0,0.0,10000.0,37123.35112345801,25000.0,0.0,24.572606330404557,17.0,20.0,0.0,122.0,10.209626738019152,9.0,11.0,1.0,17403.069745137298,10000.0,19000.0,1.0,16.5,18.038950900489972,19.0,1.0,24238.97285394086,10000.0,25000.0,1.0,19.332273072004927,17.0,20.0,1.0,0.0,111.0,1.0,11.0
11.0,22.0,11.0,21.0,-121.0,11.0,11.0,-111.0,9.998518589413154,9.0,11.0,30000.0,10000.0,19000.0,0.0,24.034357098566897,16.5,19.0,0.0,10000.0,36477.521351806296,25000.0,0.0,25.31814025606718,17.0,20.0,0.0,121.0,10.016718085300596,9.0,11.0,1.0,16569.350277515103,10000.0,19000.0,1.0,16.5,17.797724153814777,19.0,1.0,23094.10050161165,10000.0,25000.0,1.0,19.090867624851818,17.0,20.0,1.0,0.0,111.0,1.0,39.0
11.0,22.0,11.0,22.0,-121.0,21.0,13.0,-111.0,10.219088746681598,9.0,11.0,30000.0,10000.0,19000.0,0.0,24.503920444338625,16.5,19.0,0.0,10000.0,37014.263889670336,25000.0,0.0,25.82736641581517,17.0,20.0,0.0,122.0,10.216249780299739,9.0,11.0,1.0,13943.373540762099,10000.0,19000.0,1.0,16.5,17.33127532661659,19.0,1.0,20895.418109219947,10000.0,25000.0,1.0,18.642981803927835,17.0,20.0,1.0,0.0,211.0,1.0,36.0
11.0,22.0,11.0,22.0,-121.0,21.0,13.0,-111.0,10.00398407888571,9.0,11.0,30000.0,10000.0,19000.0,0.0,26.012722248947895,16.5,19.0,0.0,10000.0,36593.82672507699,25000.0,0.0,27.327149258408653,17.0,20.0,0.0,121.0,10.020054528018406,9.0,11.0,1.0,14845.261750458862,10000.0,19000.0,1.0,16.5,17.456619220864546,19.0,1.0,21320.19051312098,10000.0,25000.0,1.0,18.747344865445086,17.0,20.0,1.0,0.0,211.0,1.0,31.0
11.0,22.0,11.0,21.0,-121.0,21.0,13.0,-111.0,10.003890613742346,9.0,11.0,30000.0,10000.0,19000.0,0.0,24.70318826959539,16.5,19.0,0.0,10000.0,36489.08400491149,25000.0,0.0,26.001597559967422,17.0,20.0,0.0,121.0,10.002441659721864,9.0,11.0,1.0,11971.85214245586,10000.0,19000.0,1.0,16.5,16.88916827471671,19.0,1.0,18508.01350674539,10000.0,25000.0,1.0,18.19699733538858,17.0,20.0,1.0,0.0,211.0,1.0,58.0
11.0,21.0,11.0,22.0,-121.0,21.0,12.0,-111.0,9.99800636650638,9.0,11.0,30000.0,10000.0,19000.0,0.0,25.39548811993856,16.5,19.0,0.0,10000.0,36488.94282428431,25000.0,0.0,26.693027575772767,17.0,20.0,0.0,121.0,9.985761056939277,9.0,11.0,1.0,14680.598389803186,10000.0,19000.0,1.0,16.5,17.455642275019038,19.0,1.0,21192.2424930571,10000.0,25000.0,1.0,18.757721115150286,17.0,20.0,1.0,0.0,211.0,1.0,37.0
91.0,24.0,91.0,24.0,-721.0,911.0,12.0,-711.0,14.90980170513584,12.0,17.0,30000.0,18000.0,36000.0,1.0,24.50989891797152,20.0,25.0,1.0,18000.0,34575.07351215469,36000.0,1.0,25.080286131950167,20.0,26.0,1.0,721.0,15.268040512529748,12.0,17.0,1.0,28043.692445926365,18000.0,36000.0,1.0,20.0,23.821530640407367,25.0,1.0,32502.60028755061,18000.0,36000.0,1.0,24.37743515525609,20.0,26.0,1.0,1.0,91121.0,7.0,8.0
11.0,22.0,11.0,21.0,-121.0,11.0,12.0,-111.0,10.204194494064364,9.0,11.0,30000.0,10000.0,19000.0,0.0,25.204934849400182,16.5,19.0,0.0,10000.0,36974.91122858508,25000.0,0.0,26.51803278750881,17.0,20.0,0.0,122.0,10.193463009512017,9.0,11.0,1.0,13119.498935594898,10000.0,19000.0,1.0,16.5,17.14118520449498,19.0,1.0,20026.273285212803,10000.0,25000.0,1.0,18.44145568253297,17.0,20.0,1.0,0.0,111.0,1.0,10.0
11.0,21.0,11.0,22.0,-121.0,21.0,13.0,-111.0,10.002826911203428,9.0,11.0,30000.0,10000.0,19000.0,0.0,25.810342967846175,16.5,19.0,0.0,10000.0,36426.90715970109,25000.0,0.0,27.10495188767613,17.0,20.0,0.0,121.0,10.002033172173423,9.0,11.0,1.0,15675.865075834796,10000.0,19000.0,1.0,16.5,17.699897078870173,19.0,1.0,22154.13674400904,10000.0,25000.0,1.0,19.004852647434834,17.0,20.0,1.0,0.0,211.0,1.0,9.0
11.0,21.0,11.0,22.0,-121.0,11.0,12.0,-111.0,10.006018913355192,9.0,11.0,30000.0,10000.0,19000.0,0.0,24.861885732278107,16.5,19.0,0.0,10000.0,36514.86505183923,25000.0,0.0,26.162724216162072,17.0,20.0,0.0,121.0,10.003342948452557,9.0,11.0,1.0,16041.263396432912,10000.0,19000.0,1.0,16.5,17.711833160630263,19.0,1.0,22641.62963169627,10000.0,25000.0,1.0,19.029743867642523,17.0,20.0,1.0,0.0,111.0,1.0,51.0
81.0,23.0,81.0,23.0,-721.0,912.0,12.0,-711.0,15.732782342762283,12.0,17.0,30000.0,12500.0,23000.0,0.0,27.489091249803327,20.0,24.0,0.0,12500.0,34477.76084804196,26000.0,0.0,28.05167154350149,20.0,25.0,0.0,721.0,15.235663075379549,12.0,17.0,1.0,16968.859969323494,12500.0,23000.0,1.0,20.0,21.97437376736751,24.0,1.0,21505.631627838513,12500.0,26000.0,1.0,22.544368105766573,20.0,25.0,1.0,0.0,912.0,7.0,10.0
92.0,24.0,92.0,24.0,-721.0,921.0,13.0,-711.0,15.585256062665158,12.0,17.0,30000.0,15000.0,28000.0,0.0,24.173129336275636,19.5,25.0,1.0,15000.0,34551.17851010086,28000.0,0.0,24.742287530955533,20.0,26.0,1.0,721.0,15.257995559036875,12.0,17.0,1.0,20966.81745657902,15000.0,28000.0,1.0,19.5,21.86668428432387,25.0,1.0,25487.09197567325,15000.0,28000.0,1.0,22.431977708661165,20.0,26.0,1.0,0.0,92122.0,7.0,20.0
91.0,24.0,91.0,24.0,-721.0,911.0,12.0,-711.0,15.243660252024316,12.0,17.0,30000.0,18000.0,36000.0,1.0,24.47093358112994,20.0,25.0,1.0,18000.0,34142.48938818772,36000.0,1.0,24.97633914851424,20.0,26.0,1.0,722.0,15.352501813582514,12.0,17.0,1.0,28157.86172518896,18000.0,36000.0,1.0,20.0,23.79467674551799,25.0,1.0,32206.48760281563,18000.0,36000.0,1.0,24.288630469248307,20.0,26.0,1.0,1.0,91121.0,7.0,24.0
11.0,22.0,11.0,21.0,-121.0,11.0,11.0,-111.0,9.98878435567389,9.0,11.0,30000.0,10000.0,19000.0,0.0,24.53998647621262,16.5,19.0,0.0,10000.0,36515.2456396706,25000.0,0.0,25.841701705822096,17.0,20.0,0.0,121.0,10.012650578015021,9.0,11.0,1.0,15862.015578861277,10000.0,19000.0,1.0,16.5,17.664391077813363,19.0,1.0,22324.415300719887,10000.0,25000.0,1.0,18.955547943265444,17.0,20.0,1.0,0.0,111.0,1.0,12.0
11.0,22.0,11.0,22.0,-121.0,21.0,13.0,-111.0,10.006154490652097,9.0,11.0,30000.0,10000.0,19000.0,0.0,25.54018411689202,16.5,19.0,0.0,10000.0,36553.63349521742,25000.0,0.0,26.846732699297117,17.0,20.0,0.0,121.0,10.001835520006527,9.0,11.0,1.0,13216.378714884107,10000.0,19000.0,1.0,16.5,17.165755652715987,19.0,1.0,19708.00771986153,10000.0,25000.0,1.0,18.459942866593998,17.0,20.0,1.0,0.0,211.0,1.0,5.0
11.0,22.0,11.0,22.0,-121.0,21.0,13.0,-111.0,10.208084516805549,9.0,11.0,30000.0,10000.0,19000.0,0.0,24.95190896593421,16.5,19.0,0.0,10000.0,37012.9117209129,25000.0,0.0,26.28276747962614,17.0,20.0,0.0,122.0,10.205945943708828,9.0,11.0,1.0,13683.825149433296,10000.0,19000.0,1.0,16.5,17.36154031258548,19.0,1.0,20531.791004206723,10000.0,25000.0,1.0,18.661096619863578,17.0,20.0,1.0,0.0,211.0,1.0,41.0
91.0,24.0,91.0,21.0,-721.0,911.0,12.0,-711.0,15.26348805805551,12.0,17.0,30000.0,18000.0,36000.0,1.0,25.8686729753312,20.0,25.0,0.0,18000.0,34539.490356649454,36000.0,1.0,26.433987607248262,20.0,26.0,0.0,721.0,15.195436795250005,12.0,17.0,1.0,27282.128394588875,18000.0,36000.0,1.0,20.0,23.5505659786755,25.0,1.0,31733.99204712037,18000.0,36000.0,1.0,24.104968227463036,20.0,26.0,1.0,0.0,91121.0,7.0,29.0
91.0,24.0,91.0,21.0,-721.0,911.0,11.0,-711.0,15.1410609296347,12.0,17.0,30000.0,18000.0,36000.0,1.0,25.03625226172845,20.0,25.0,0.0,18000.0,34483.20245439905,36000.0,1.0,25.5983175491941,20.0,26.0,1.0,721.0,15.527904694239275,12.0,17.0,1.0,25942.713647021596,18000.0,36000.0,1.0,20.0,23.71709286765228,25.0,1.0,30458.354947630283,18000.0,36000.0,1.0,24.283225058097514,20.0,26.0,1.0,0.0,91121.0,7.0,2.0
11.0,22.0,11.0,22.0,-121.0,21.0,13.0,-111.0,9.998402561165296,9.0,11.0,30000.0,10000.0,19000.0,0.0,25.127304599550364,16.5,19.0,0.0,10000.0,36476.589354584845,25000.0,0.0,26.426644681605865,17.0,20.0,0.0,121.0,9.993158118174208,9.0,11.0,1.0,17235.983622896743,10000.0,19000.0,1.0,16.5,17.989263418016993,19.0,1.0,23725.5294220688,10000.0,25000.0,1.0,19.29120283544045,17.0,20.0,1.0,0.0,211.0,1.0,19.0
11.0,21.0,11.0,22.0,-121.0,21.0,13.0,-111.0,9.989044270585484,9.0,11.0,30000.0,10000.0,19000.0,0.0,29.19942561355594,16.5,19.0,0.0,10000.0,36602.139529588865,25000.0,0.0,30.520984359022904,17.0,20.0,0.0,121.0,9.994658196804743,9.0,11.0,1.0,13826.834461541095,10000.0,19000.0,1.0,16.5,17.275666162897082,19.0,1.0,20384.441006382578,10000.0,25000.0,1.0,18.5883106836357,17.0,20.0,1.0,0.0,211.0,1.0,9.0
11.0,22.0,11.0,22.0,-121.0,21.0,13.0,-111.0,9.99083540640171,9.0,11.0,30000.0,10000.0,19000.0,0.0,24.704383534724105,16.5,19.0,0.0,10000.0,36527.115645786755,25000.0,0.0,26.00821865358451,17.0,20.0,0.0,121.0,9.997409184247683,9.0,11.0,1.0,14069.605568615243,10000.0,19000.0,1.0,16.5,17.31843319781132,19.0,1.0,20545.62714872181,10000.0,25000.0,1.0,18.612061934432706,17.0,20.0,1.0,0.0,211.0,1.0,19.0
91.0,21.0,91.0,24.0,-721.0,911.0,11.0,-711.0,14.982744370576343,12.0,17.0,30000.0,18000.0,36000.0,1.0,24.728842425908304,20.0,25.0,1.0,18000.0,33994.97922389866,36000.0,1.0,25.21755836249643,20.0,26.0,1.0,722.0,15.26023859212744,12.0,17.0,1.0,27699.372956582123,18000.0,36000.0,1.0,20.0,23.633185378911723,25.0,1.0,31694.84444382796,18000.0,36000.0,1.0,24.121961535323102,20.0,26.0,1.0,1.0,91121.0,7.0,18.0
11.0,22.0,11.0,22.0,-121.0,21.0,13.0,-111.0,10.204410404991679,9.0,11.0,30000.0,10000.0,19000.0,0.0,25.65634068978923,16.5,19.0,0.0,10000.0,37187.23938864449,25000.0,0.0,27.0061940550817,17.0,20.0,0.0,122.0,10.200200793381644,9.0,11.0,1.0,13474.404736897714,10000.0,19000.0,1.0,16.5,17.2365019109023,19.0,1.0,20582.193206367563,10000.0,25000.0,1.0,18.57143340079531,17.0,20.0,1.0,0.0,211.0,1.0,47.0
11.0,21.0,11.0,22.0,-121.0,21.0,13.0,-111.0,10.176613163171487,9.0,11.0,30000.0,10000.0,19000.0,0.0,27.59378968785866,16.5,19.0,0.0,10000.0,36877.39668622348,25000.0,0.0,28.885829067421817,17.0,20.0,0.0,122.0,10.19410340404487,9.0,11.0,1.0,15412.16515829311,10000.0,19000.0,1.0,16.5,17.613921883216705,19.0,1.0,22429.584814446,10000.0,25000.0,1.0,18.93226702925609,17.0,20.0,1.0,0.0,211.0,1.0,59.0
11.0,22.0,11.0,22.0,-121.0,11.0,11.0,-111.0,10.191225723009032,9.0,11.0,30000.0,10000.0,19000.0,0.0,23.249258764203034,16.5,19.0,0.0,10000.0,36961.019424406506,25000.0,0.0,24.561642019141974,17.0,20.0,0.0,122.0,10.19261943168605,9.0,11.0,1.0,14882.15483978781,10000.0,19000.0,1.0,16.5,17.505732722896973,19.0,1.0,22025.854845932445,10000.0,25000.0,1.0,18.852557332163272,17.0,20.0,1.0,0.0,111.0,1.0,55.0
11.0,21.0,11.0,22.0,-121.0,21.0,13.0,-111.0,9.985924242552237,9.0,11.0,30000.0,10000.0,19000.0,0.0,25.588280487133993,16.5,19.0,0.0,10000.0,36517.132606394836,25000.0,0.0,26.893370361553423,17.0,20.0,0.0,121.0,10.001240166260764,9.0,11.0,1.0,14901.811035217479,10000.0,19000.0,1.0,16.5,17.511110386609218,19.0,1.0,21530.12202011987,10000.0,25000.0,1.0,18.838464312538385,17.0,20.0,1.0,0.0,211.0,1.0,52.0
11.0,22.0,11.0,22.0,-121.0,11.0,11.0,-111.0,9.9981313174932,9.0,11.0,30000.0,10000.0,19000.0,0.0,25.445248066025528,16.5,19.0,0.0,10000.0,36426.19898875604,25000.0,0.0,26.73091408479639,17.0,20.0,0.0,121.0,10.009638155531208,9.0,11.0,1.0,15433.994766360625,10000.0,19000.0,1.0,16.5,17.623793267847923,19.0,1.0,21987.615740113626,10000.0,25000.0,1.0,18.934952134948183,17.0,20.0,1.0,0.0,111.0,1.0,44.0
11.0,22.0,11.0,21.0,-121.0,11.0,11.0,-111.0,10.01011608329551,9.0,11.0,30000.0,10000.0,19000.0,0.0,24.76840511198362,16.5,19.0,0.0,10000.0,36566.63023717334,25000.0,0.0,26.081323038798295,17.0,20.0,0.0,121.0,10.00337616536283,9.0,11.0,1.0,13637.421355771852,10000.0,19000.0,1.0,16.5,17.2090261130154,19.0,1.0,20070.378909508367,10000.0,25000.0,1.0,18.495217810992624,17.0,20.0,1.0,0.0,111.0,1.0,1.0
11.0,22.0,11.0,21.0,-121.0,21.0,13.0,-111.0,9.999892767264045,9.0,11.0,30000.0,10000.0,19000.0,0.0,26.272457901083698,16.5,19.0,0.0,10000.0,36505.657691299995,25000.0,0.0,27.572242895367513,17.0,20.0,0.0,121.0,10.008591065880097,9.0,11.0,1.0,12443.244716026677,10000.0,19000.0,1.0,16.5,16.9721831847726,19.0,1.0,18930.954674430257,10000.0,25000.0,1.0,18.268382347307018,17.0,20.0,1.0,0.0,211.0,1.0,58.0
91.0,24.0,91.0,24.0,-721.0,911.0,12.0,-711.0,15.178400543298562,12.0,17.0,30000.0,18000.0,36000.0,1.0,24.848266477829167,20.0,25.0,1.0,18000.0,34492.47275735069,36000.0,1.0,25.408776040733308,20.0,26.0,1.0,721.0,15.137644650935442,12.0,17.0,1.0,27389.788210379,18000.0,36000.0,1.0,20.0,23.61542054359439,25.0,1.0,31898.731654674535,18000.0,36000.0,1.0,24.177985094483727,20.0,26.0,1.0,1.0,91121.0,7.0,23.0
91.0,24.0,91.0,21.0,-721.0,911.0,12.0,-711.0,15.442003413343134,12.0,17.0,30000.0,18000.0,36000.0,1.0,25.246414591977654,20.0,25.0,0.0,18000.0,34091.34874152507,36000.0,1.0,25.749471545179386,20.0,26.0,1.0,722.0,15.259047897261576,12.0,17.0,1.0,26849.554114487895,18000.0,36000.0,1.0,20.0,23.49932311800078,25.0,1.0,30839.31954094603,18000.0,36000.0,1.0,23.989889766366105,20.0,26.0,1.0,0.0,91121.0,7.0,14.0
11.0,22.0,11.0,22.0,-121.0,11.0,11.0,-111.0,10.21049690907618,9.0,11.0,30000.0,10000.0,19000.0,0.0,24.233730629362213,16.5,19.0,0.0,10000.0,37067.90561642948,25000.0,0.0,25.56943088169478,17.0,20.0,0.0,122.0,10.203895743452675,9.0,11.0,1.0,15421.287362551879,10000.0,19000.0,1.0,16.5,17.650959118715207,19.0,1.0,22589.489870935453,10000.0,25000.0,1.0,19.005613583393206,17.0,20.0,1.0,0.0,111.0,1.0,50.0
91.0,24.0,91.0,21.0,-721.0,911.0,11.0,-711.0,15.171951663767988,12.0,17.0,30000.0,18000.0,36000.0,1.0,25.357310001007697,20.0,25.0,0.0,18000.0,33988.91031566749,36000.0,1.0,25.844123709575165,20.0,26.0,1.0,722.0,15.283777942847331,12.0,17.0,1.0,23200.61535694561,18000.0,36000.0,1.0,20.0,23.057478128881318,25.0,1.0,27173.493011856677,18000.0,36000.0,1.0,23.54233518301853,20.0,26.0,1.0,0.0,91121.0,7.0,21.0
11.0,21.0,11.0,22.0,-121.0,11.0,11.0,-111.0,9.986279157452428,9.0,11.0,30000.0,10000.0,19000.0,0.0,26.949041701218853,16.5,19.0,0.0,10000.0,36551.90107288103,25000.0,0.0,28.256836123323282,17.0,20.0,0.0,121.0,9.987329002081065,9.0,11.0,1.0,16579.680565958883,10000.0,19000.0,1.0,16.5,17.82265747998249,19.0,1.0,23104.508564542637,10000.0,25000.0,1.0,19.12504797196628,17.0,20.0,1.0,0.0,111.0,1.0,29.0
91.0,24.0,91.0,21.0,-721.0,911.0,12.0,-711.0,15.843930596247988,12.0,17.0,30000.0,18000.0,36000.0,1.0,25.686869885694087,20.0,25.0,0.0,18000.0,34410.8953335741,36000.0,1.0,26.238739356774385,20.0,26.0,0.0,721.0,15.200786006070947,12.0,17.0,1.0,24102.617257350063,18000.0,36000.0,1.0,20.0,23.19623352043413,25.0,1.0,28586.72734049045,18000.0,36000.0,1.0,23.75726325990957,20.0,26.0,1.0,0.0,91121.0,7.0,29.0
91.0,24.0,91.0,21.0,-721.0,911.0,11.0,-711.0,15.33018505422643,12.0,17.0,30000.0,18000.0,36000.0,1.0,25.369824181397618,20.0,25.0,0.0,18000.0,34119.724641015964,36000.0,1.0,25.871978273662826,20.0,26.0,1.0,722.0,15.300839731296364,12.0,17.0,1.0,23763.75508282911,18000.0,36000.0,1.0,20.0,23.114498905994402,25.0,1.0,27779.094612283563,18000.0,36000.0,1.0,23.60392947532793,20.0,26.0,1.0,0.0,91121.0,7.0,21.0
11.0,22.0,11.0,22.0,-121.0,11.0,12.0,-111.0,10.007382310442289,9.0,11.0,30000.0,10000.0,19000.0,0.0,24.41182600594611,16.5,19.0,0.0,10000.0,36582.51479347274,25000.0,0.0,25.728642893634753,17.0,20.0,0.0,121.0,10.005820378763351,9.0,11.0,1.0,15008.407778079007,10000.0,19000.0,1.0,16.5,17.551128961164316,19.0,1.0,21470.296651519617,10000.0,25000.0,1.0,18.843814912033977,17.0,20.0,1.0,0.0,111.0,1.0,49.0
11.0,22.0,11.0,22.0,-121.0,11.0,11.0,-111.0,9.999164100489354,9.0,11.0,30000.0,10000.0,19000.0,0.0,24.434279315438722,16.5,19.0,0.0,10000.0,36533.61169606036,25000.0,0.0,25.73850186596097,17.0,20.0,0.0,121.0,10.00010080079247,9.0,11.0,1.0,16891.157805449577,10000.0,19000.0,1.0,16.5,17.881336918986836,19.0,1.0,23446.786561767814,10000.0,25000.0,1.0,19.189954457736167,17.0,20.0,1.0,0.0,111.0,1.0,30.0
92.0,24.0,92.0,24.0,-721.0,921.0,13.0,-711.0,14.96927043073753,12.0,17.0,30000.0,15000.0,28000.0,0.0,24.57980035838976,19.5,25.0,1.0,15000.0,33974.576968926965,28000.0,0.0,25.064127255084035,20.0,26.0,1.0,722.0,15.503634894289783,12.0,17.0,1.0,22663.552113235713,15000.0,28000.0,1.0,19.5,22.2666883378568,25.0,1.0,26695.386465002015,15000.0,28000.0,1.0,22.75799240237553,20.0,26.0,1.0,0.0,92122.0,7.0,20.0
91.0,24.0,91.0,24.0,-721.0,911.0,12.0,-711.0,14.326297776110426,12.0,17.0,30000.0,18000.0,36000.0,1.0,23.18782338866628,20.0,25.0,1.0,18000.0,34459.705580116264,36000.0,1.0,23.74450647711446,20.0,26.0,1.0,721.0,15.243744829302782,12.0,17.0,1.0,27818.195054332977,18000.0,36000.0,1.0,20.0,23.745708406996425,25.0,1.0,32312.62738088185,18000.0,36000.0,1.0,24.306726264210965,20.0,26.0,1.0,1.0,91121.0,7.0,27.0
91.0,24.0,91.0,21.0,-721.0,911.0,11.0,-711.0,14.990686725330999,12.0,17.0,30000.0,18000.0,36000.0,1.0,24.783692693805982,20.0,25.0,1.0,18000.0,34016.34010476428,36000.0,1.0,25.273110131872976,20.0,26.0,1.0,722.0,15.09010926924841,12.0,17.0,1.0,23784.187524415673,18000.0,36000.0,1.0,20.0,22.91869237371297,25.0,1.0,27761.66266611414,18000.0,36000.0,1.0,23.40337386060101,20.0,26.0,1.0,1.0,91121.0,7.0,21.0
91.0,24.0,91.0,24.0,-721.0,911.0,12.0,-711.0,15.048867669352987,12.0,17.0,30000.0,18000.0,36000.0,1.0,25.417946543918088,20.0,25.0,0.0,18000.0,33920.094044933125,36000.0,1.0,25.89826036238513,20.0,26.0,1.0,722.0,15.079294017944578,12.0,17.0,1.0,27809.738343457557,18000.0,36000.0,1.0,20.0,23.541600399104972,25.0,1.0,31805.359316039845,18000.0,36000.0,1.0,24.031168237144104,20.0,26.0,1.0,0.0,91121.0,7.0,13.0
11.0,22.0,11.0,22.0,-121.0,11.0,11.0,-111.0,10.218459319905364,9.0,11.0,30000.0,10000.0,19000.0,0.0,22.511945238406067,16.5,19.0,0.0,10000.0,36946.68507867641,25000.0,0.0,23.82551947036466,17.0,20.0,0.0,122.0,10.22271834929346,9.0,11.0,1.0,17036.063893446502,10000.0,19000.0,1.0,16.5,17.995065348737064,19.0,1.0,24014.566316033503,10000.0,25000.0,1.0,19.3146560392823,17.0,20.0,1.0,0.0,111.0,1.0,11.0
11.0,22.0,11.0,21.0,-121.0,11.0,11.0,-111.0,10.230216826879916,9.0,11.0,30000.0,10000.0,19000.0,0.0,24.107574205216665,16.5,19.0,0.0,10000.0,37039.08876931858,25000.0,0.0,25.4409931737006,17.0,20.0,0.0,122.0,10.201073577578263,9.0,11.0,1.0,13866.142871988932,10000.0,19000.0,1.0,16.5,17.30524507400616,19.0,1.0,21015.773274888415,10000.0,25000.0,1.0,18.659604012968437,17.0,20.0,1.0,0.0,111.0,1.0,0.0
11.0,22.0,11.0,21.0,-121.0,11.0,11.0,-111.0,9.981247085305991,9.0,11.0,30000.0,10000.0,19000.0,0.0,23.585351007747384,16.5,19.0,0.0,10000.0,36504.36219329595,25000.0,0.0,24.886897015648188,17.0,20.0,0.0,121.0,10.008386166174764,9.0,11.0,1.0,13820.480835846774,10000.0,19000.0,1.0,16.5,17.23849599386946,19.0,1.0,20444.1472250217,10000.0,25000.0,1.0,18.563915195675754,17.0,20.0,1.0,0.0,111.0,1.0,12.0
11.0,22.0,11.0,21.0,-121.0,11.0,11.0,-111.0,10.18639647620534,9.0,11.0,30000.0,10000.0,19000.0,0.0,25.13384698848837,16.5,19.0,0.0,10000.0,36965.460106465434,25000.0,0.0,26.450303178564273,17.0,20.0,0.0,122.0,10.205990843552962,9.0,11.0,1.0,14075.0306943077,10000.0,19000.0,1.0,16.5,17.36212205989486,19.0,1.0,20986.248080591624,10000.0,25000.0,1.0,18.668326498663877,17.0,20.0,1.0,0.0,111.0,1.0,0.0
11.0,22.0,11.0,21.0,-121.0,11.0,12.0,-111.0,9.996572685247921,9.0,11.0,30000.0,10000.0,19000.0,0.0,24.30802532977596,16.5,19.0,0.0,10000.0,36491.14711006187,25000.0,0.0,25.605451825226922,17.0,20.0,0.0,121.0,10.016325436386047,9.0,11.0,1.0,14869.343443740376,10000.0,19000.0,1.0,16.5,17.454283525937907,19.0,1.0,21307.78452405713,10000.0,25000.0,1.0,18.74117533494565,17.0,20.0,1.0,0.0,111.0,1.0,46.0
11.0,22.0,11.0,21.0,-121.0,21.0,13.0,-111.0,10.170686715532561,9.0,11.0,30000.0,10000.0,19000.0,0.0,25.590028419124224,16.5,19.0,0.0,10000.0,36972.64740194553,25000.0,0.0,26.8978573563831,17.0,20.0,0.0,122.0,10.196197320538966,9.0,11.0,1.0,11078.507930537033,10000.0,19000.0,1.0,16.5,16.785282191081315,19.0,1.0,18132.904955552283,10000.0,25000.0,1.0,18.108444547126112,17.0,20.0,1.0,0.0,211.0,1.0,58.0
11.0,22.0,11.0,22.0,-121.0,11.0,11.0,-111.0,9.984103120499892,9.0,11.0,30000.0,10000.0,19000.0,0.0,25.52145850750346,16.5,19.0,0.0,10000.0,36482.88040634808,25000.0,0.0,26.826661478059904,17.0,20.0,0.0,121.0,10.003474023958313,9.0,11.0,1.0,16510.330403438253,10000.0,19000.0,1.0,16.5,17.887205556836104,19.0,1.0,23005.9435158127,10000.0,25000.0,1.0,19.194972012246065,17.0,20.0,1.0,0.0,111.0,1.0,27.0
11.0,22.0,11.0,21.0,-121.0,11.0,11.0,-111.0,9.979609426584627,9.0,11.0,30000.0,10000.0,19000.0,0.0,23.523180408957494,16.5,19.0,0.0,10000.0,36497.70947775312,25000.0,0.0,24.825672003014258,17.0,20.0,0.0,121.0,9.994732857444586,9.0,11.0,1.0,12366.760903351664,10000.0,19000.0,1.0,16.5,17.001853903644854,19.0,1.0,18909.40429483223,10000.0,25000.0,1.0,18.313352678634907,17.0,20.0,1.0,0.0,111.0,1.0,54.0
11.0,22.0,11.0,22.0,-121.0,11.0,12.0,-111.0,10.208403954437841,9.0,11.0,30000.0,10000.0,19000.0,0.0,24.495223159894554,16.5,19.0,0.0,10000.0,36834.20006520047,25000.0,0.0,25.784329932986168,17.0,20.0,0.0,122.0,10.21414420651084,9.0,11.0,1.0,14349.649634738034,10000.0,19000.0,1.0,16.5,17.435582276642595,19.0,1.0,21413.21896316835,10000.0,25000.0,1.0,18.767954021193592,17.0,20.0,1.0,0.0,111.0,1.0,14.0
11.0,21.0,11.0,21.0,-121.0,21.0,12.0,-111.0,9.989964391276935,9.0,11.0,30000.0,10000.0,19000.0,0.0,24.305585193427746,16.5,19.0,0.0,10000.0,36465.7629997138,25000.0,0.0,25.596073453680887,17.0,20.0,0.0,121.0,10.007058949086563,9.0,11.0,1.0,14928.21255593391,10000.0,19000.0,1.0,16.5,17.452755915649856,19.0,1.0,21349.447946853972,10000.0,25000.0,1.0,18.734357002585945,17.0,20.0,1.0,0.0,211.0,1.0,6.0
11.0,22.0,11.0,21.0,-121.0,21.0,13.0,-111.0,9.995159107597079,9.0,11.0,30000.0,10000.0,19000.0,0.0,25.90062833402709,16.5,19.0,0.0,10000.0,36537.67484170996,25000.0,0.0,27.207376444817942,17.0,20.0,0.0,121.0,10.002649010613716,9.0,11.0,1.0,11793.879129086294,10000.0,19000.0,1.0,16.5,16.83878877637813,19.0,1.0,18211.297955213333,10000.0,25000.0,1.0,18.121500157753864,17.0,20.0,1.0,0.0,211.0,1.0,20.0
11.0,22.0,11.0,21.0,-121.0,21.0,13.0,-111.0,10.002104813241548,9.0,11.0,30000.0,10000.0,19000.0,0.0,26.226063098428174,16.5,19.0,0.0,10000.0,36464.56498847891,25000.0,0.0,27.520440748246134,17.0,20.0,0.0,121.0,9.997586201534258,9.0,11.0,1.0,12071.33625530132,10000.0,19000.0,1.0,16.5,16.92241630308221,19.0,1.0,18510.97243546015,10000.0,25000.0,1.0,18.211802543210016,17.0,20.0,1.0,0.0,211.0,1.0,58.0
91.0,24.0,91.0,24.0,-721.0,911.0,12.0,-711.0,14.885022875839498,12.0,17.0,30000.0,18000.0,36000.0,1.0,25.106757821645488,20.0,25.0,0.0,18000.0,34515.9533360017,36000.0,1.0,25.66854622567799,20.0,26.0,1.0,721.0,15.0634131859837,12.0,17.0,1.0,25055.016643571365,18000.0,36000.0,1.0,20.0,23.252835024665444,25.0,1.0,29542.0259139341,18000.0,36000.0,1.0,23.811022762519247,20.0,26.0,1.0,0.0,91121.0,7.0,27.0
11.0,22.0,11.0,22.0,-121.0,11.0,11.0,-111.0,10.19052472681282,9.0,11.0,30000.0,10000.0,19000.0,0.0,24.74975897187498,16.5,19.0,0.0,10000.0,37203.738190213146,25000.0,0.0,26.10809709206524,17.0,20.0,0.0,122.0,10.198483479937899,9.0,11.0,1.0,13234.133940751233,10000.0,19000.0,1.0,16.5,17.204858742475402,19.0,1.0,20285.46402584182,10000.0,25000.0,1.0,18.53445876398029,17.0,20.0,1.0,0.0,111.0,1.0,17.0
11.0,22.0,11.0,22.0,-121.0,21.0,13.0,-111.0,10.202241353920211,9.0,11.0,30000.0,10000.0,19000.0,0.0,26.429328759626273,16.5,19.0,0.0,10000.0,36901.19604407266,25000.0,0.0,27.728256715617437,17.0,20.0,0.0,122.0,10.209116312435455,9.0,11.0,1.0,11646.206540816096,10000.0,19000.0,1.0,16.5,16.956826796982888,19.0,1.0,18690.13551197732,10000.0,25000.0,1.0,18.282619630895468,17.0,20.0,1.0,0.0,211.0,1.0,41.0
11.0,22.0,11.0,22.0,-121.0,11.0,11.0,-111.0,9.994934875919109,9.0,11.0,30000.0,10000.0,19000.0,0.0,25.98421137572906,16.5,19.0,0.0,10000.0,36500.869643494756,25000.0,0.0,27.283982508108927,17.0,20.0,0.0,121.0,10.000903162092726,9.0,11.0,1.0,14781.60442778853,10000.0,19000.0,1.0,16.5,17.47382086470951,19.0,1.0,21351.12995528397,10000.0,25000.0,1.0,18.787318919945214,17.0,20.0,1.0,0.0,111.0,1.0,11.0
11.0,22.0,11.0,21.0,-121.0,21.0,13.0,-111.0,10.190763677949331,9.0,11.0,30000.0,10000.0,19000.0,0.0,26.575619439803138,16.5,19.0,0.0,10000.0,37149.55475329873,25000.0,0.0,27.925247912358568,17.0,20.0,0.0,122.0,10.21120848356996,9.0,11.0,1.0,11837.17120908998,10000.0,19000.0,1.0,16.5,16.91314896451072,19.0,1.0,18798.96964019549,10000.0,25000.0,1.0,18.227334491725067,17.0,20.0,1.0,0.0,211.0,1.0,2.0
11.0,22.0,11.0,22.0,-121.0,21.0,13.0,-111.0,10.002244819969,9.0,11.0,30000.0,10000.0,19000.0,0.0,26.448468213866253,16.5,19.0,0.0,10000.0,36454.686186533414,25000.0,0.0,27.73808383826046,17.0,20.0,0.0,121.0,9.986472284011748,9.0,11.0,1.0,13908.35258717164,10000.0,19000.0,1.0,16.5,17.30780157116515,19.0,1.0,20416.059199977535,10000.0,25000.0,1.0,18.60801042475084,17.0,20.0,1.0,0.0,211.0,1.0,8.0
11.0,21.0,11.0,22.0,-121.0,11.0,12.0,-111.0,10.217572579887719,9.0,11.0,30000.0,10000.0,19000.0,0.0,25.310231123964535,16.5,19.0,0.0,10000.0,37064.945485676144,25000.0,0.0,26.640705331651525,17.0,20.0,0.0,122.0,10.214671373395216,9.0,11.0,1.0,14602.837202402483,10000.0,19000.0,1.0,16.5,17.429739722482214,19.0,1.0,21479.76750926886,10000.0,25000.0,1.0,18.72480681392645,17.0,20.0,1.0,0.0,111.0,1.0,7.0
11.0,21.0,11.0,22.0,-121.0,11.0,11.0,-111.0,10.199187820014536,9.0,11.0,30000.0,10000.0,19000.0,0.0,25.11992032797326,16.5,19.0,0.0,10000.0,36924.01315789073,25000.0,0.0,26.434866485809554,17.0,20.0,0.0,122.0,10.203337955579547,9.0,11.0,1.0,16029.479404225078,10000.0,19000.0,1.0,16.5,17.74899698097747,19.0,1.0,22862.20830617475,10000.0,25000.0,1.0,19.046607255867922,17.0,20.0,1.0,0.0,111.0,1.0,43.0
91.0,21.0,91.0,24.0,-721.0,911.0,11.0,-711.0,14.831680580491314,12.0,17.0,30000.0,18000.0,36000.0,1.0,24.456122599180386,20.0,25.0,1.0,18000.0,34499.802341889066,36000.0,1.0,25.021929477686214,20.0,26.0,1.0,721.0,14.794679517712474,12.0,17.0,1.0,20646.45307926559,18000.0,36000.0,1.0,20.0,22.348423755226644,25.0,1.0,25168.439073299767,18000.0,36000.0,1.0,22.917020014691996,20.0,26.0,1.0,1.0,91121.0,7.0,18.0
91.0,24.0,91.0,21.0,-721.0,911.0,11.0,-711.0,15.155446075107408,12.0,17.0,30000.0,18000.0,36000.0,1.0,24.91332784837597,20.0,25.0,1.0,18000.0,33925.5652963391,36000.0,1.0,25.392076122100594,20.0,26.0,1.0,722.0,15.233435080124023,12.0,17.0,1.0,25779.27814865843,18000.0,36000.0,1.0,20.0,23.317076767825103,25.0,1.0,29792.0764962124,18000.0,36000.0,1.0,23.80646368070822,20.0,26.0,1.0,1.0,91121.0,7.0,2.0
11.0,22.0,11.0,21.0,-121.0,11.0,11.0,-111.0,10.187112532040091,9.0,11.0,30000.0,10000.0,19000.0,0.0,24.9725789554049,16.5,19.0,0.0,10000.0,37050.57073423501,25000.0,0.0,26.30474026614495,17.0,20.0,0.0,122.0,10.219191711798485,9.0,11.0,1.0,17032.932590012686,10000.0,19000.0,1.0,16.5,17.915399843413052,19.0,1.0,23746.1674927072,10000.0,25000.0,1.0,19.18382365538261,17.0,20.0,1.0,0.0,111.0,1.0,26.0
11.0,22.0,11.0,22.0,-121.0,11.0,12.0,-111.0,10.204361458964446,9.0,11.0,30000.0,10000.0,19000.0,0.0,22.924323908771164,16.5,19.0,0.0,10000.0,37169.73080197488,25000.0,0.0,24.272489246919353,17.0,20.0,0.0,122.0,10.223025669998627,9.0,11.0,1.0,15104.912356191273,10000.0,19000.0,1.0,16.5,17.5200051513338,19.0,1.0,22135.968824165695,10000.0,25000.0,1.0,18.842094764248525,17.0,20.0,1.0,0.0,111.0,1.0,14.0
92.0,24.0,92.0,24.0,-721.0,921.0,13.0,-711.0,15.493117675346806,12.0,17.0,30000.0,15000.0,28000.0,0.0,24.520885502933965,19.5,25.0,1.0,15000.0,34511.12403984172,28000.0,0.0,25.083898818772063,20.0,26.0,1.0,721.0,15.157110916603774,12.0,17.0,1.0,20668.353103698133,15000.0,28000.0,1.0,19.5,21.692004601326197,25.0,1.0,25181.156082304362,15000.0,28000.0,1.0,22.25522745803982,20.0,26.0,1.0,0.0,92122.0,7.0,22.0
81.0,21.0,81.0,23.0,-721.0,912.0,12.0,-711.0,15.164654752578349,12.0,17.0,30000.0,12500.0,23000.0,0.0,27.334045704868856,20.0,24.0,0.0,12500.0,34077.47807785005,26000.0,0.0,27.831758193849286,20.0,25.0,0.0,722.0,15.191799833071348,12.0,17.0,1.0,17208.288571751662,12500.0,23000.0,1.0,20.0,21.85827083851012,24.0,1.0,21384.985246927303,12500.0,26000.0,1.0,22.368094327006727,20.0,25.0,1.0,0.0,912.0,7.0,7.0
11.0,22.0,11.0,22.0,-121.0,11.0,12.0,-111.0,10.188040305820712,9.0,11.0,30000.0,10000.0,19000.0,0.0,24.35352908990111,16.5,19.0,0.0,10000.0,36938.403067089755,25000.0,0.0,25.667114553927497,17.0,20.0,0.0,122.0,10.210439539614569,9.0,11.0,1.0,16735.64859018826,10000.0,19000.0,1.0,16.5,17.906134076437713,19.0,1.0,23801.24045700571,10000.0,25000.0,1.0,19.243799052261526,17.0,20.0,1.0,0.0,111.0,1.0,14.0
11.0,22.0,11.0,22.0,-121.0,21.0,13.0,-111.0,9.994227116607743,9.0,11.0,30000.0,10000.0,19000.0,0.0,24.63122792265895,16.5,19.0,0.0,10000.0,36457.346833944604,25000.0,0.0,25.9288311312778,17.0,20.0,0.0,121.0,10.0124437073204,9.0,11.0,1.0,12220.54066936609,10000.0,19000.0,1.0,16.5,16.979779532790502,19.0,1.0,18676.501104489857,10000.0,25000.0,1.0,18.27710414470321,17.0,20.0,1.0,0.0,211.0,1.0,36.0
11.0,22.0,11.0,22.0,-121.0,21.0,13.0,-111.0,9.983710782699264,9.0,11.0,30000.0,10000.0,19000.0,0.0,27.45820153862997,16.5,19.0,0.0,10000.0,36461.87539927403,25000.0,0.0,28.74791080156985,17.0,20.0,0.0,121.0,10.01073692730595,9.0,11.0,1.0,12866.234214450202,10000.0,19000.0,1.0,16.5,17.113912111434953,19.0,1.0,19323.219102008446,10000.0,25000.0,1.0,18.402645289589746,17.0,20.0,1.0,0.0,211.0,1.0,22.0
91.0,24.0,91.0,24.0,-721.0,911.0,12.0,-711.0,15.30981510583279,12.0,17.0,30000.0,18000.0,36000.0,1.0,25.025229783924136,20.0,25.0,0.0,18000.0,33931.81986844361,36000.0,1.0,25.501842281279416,20.0,26.0,1.0,722.0,15.263876866657082,12.0,17.0,1.0,26399.512533017783,18000.0,36000.0,1.0,20.0,23.489915772503743,25.0,1.0,30315.710017863443,18000.0,36000.0,1.0,23.964634535275447,20.0,26.0,1.0,0.0,91121.0,7.0,24.0
11.0,22.0,11.0,21.0,-121.0,21.0,13.0,-111.0,10.22816458806182,9.0,11.0,30000.0,10000.0,19000.0,0.0,27.682281315936766,16.5,19.0,0.0,10000.0,36908.408199555415,25000.0,0.0,28.99019360574208,17.0,20.0,0.0,122.0,10.233720109956906,9.0,11.0,1.0,13854.324699607843,10000.0,19000.0,1.0,16.5,17.334477301110045,19.0,1.0,20969.825994014464,10000.0,25000.0,1.0,18.68159682882975,17.0,20.0,1.0,0.0,211.0,1.0,58.0
91.0,21.0,91.0,24.0,-721.0,911.0,12.0,-711.0,15.414272419130144,12.0,17.0,30000.0,18000.0,36000.0,1.0,24.745632660657385,20.0,25.0,1.0,18000.0,33960.428206222714,36000.0,1.0,25.22972744032568,20.0,26.0,1.0,722.0,15.141600692313537,12.0,17.0,1.0,28327.910286316408,18000.0,36000.0,1.0,20.0,23.608357515667414,25.0,1.0,32406.2628432609,18000.0,36000.0,1.0,24.10686653531372,20.0,26.0,1.0,1.0,91121.0,7.0,19.0
91.0,24.0,91.0,24.0,-721.0,911.0,11.0,-711.0,15.26438186553708,12.0,17.0,30000.0,18000.0,36000.0,1.0,24.878057662538545,20.0,25.0,1.0,18000.0,33977.74144250312,36000.0,1.0,25.36415772483501,20.0,26.0,1.0,722.0,15.369364703615279,12.0,17.0,1.0,22105.978581216707,18000.0,36000.0,1.0,20.0,23.03130657754057,25.0,1.0,26114.72664355978,18000.0,36000.0,1.0,23.521195805134397,20.0,26.0,1.0,1.0,91121.0,7.0,0.0
11.0,22.0,11.0,22.0,-121.0,21.0,13.0,-111.0,10.216695805111845,9.0,11.0,30000.0,10000.0,19000.0,0.0,24.7003092532319,16.5,19.0,0.0,10000.0,36806.86765871733,25000.0,0.0,25.982489516579765,17.0,20.0,0.0,122.0,10.189280086627152,9.0,11.0,1.0,14090.537528010023,10000.0,19000.0,1.0,16.5,17.405183553641084,19.0,1.0,21045.1493152175,10000.0,25000.0,1.0,18.71519374039476,17.0,20.0,1.0,0.0,211.0,1.0,36.0
11.0,21.0,11.0,22.0,-121.0,11.0,11.0,-111.0,10.01163463557271,9.0,11.0,30000.0,10000.0,19000.0,0.0,25.726810721973173,16.5,19.0,0.0,10000.0,36452.6969241625,25000.0,0.0,27.015739607372996,17.0,20.0,0.0,121.0,9.987317701608431,9.0,11.0,1.0,15835.540711161215,10000.0,19000.0,1.0,16.5,17.71354071704821,19.0,1.0,22341.988398116846,10000.0,25000.0,1.0,19.013206339596948,17.0,20.0,1.0,0.0,111.0,1.0,35.0
11.0,22.0,11.0,21.0,-121.0,11.0,12.0,-111.0,10.203160878617616,9.0,11.0,30000.0,10000.0,19000.0,0.0,23.4014901199647,16.5,19.0,0.0,10000.0,37006.09640338122,25000.0,0.0,24.718841142506168,17.0,20.0,0.0,122.0,10.203066569767488,9.0,11.0,1.0,14842.166231902886,10000.0,19000.0,1.0,16.5,17.483410176619675,19.0,1.0,21833.412946550055,10000.0,25000.0,1.0,18.797969023388514,17.0,20.0,1.0,0.0,111.0,1.0,46.0
11.0,22.0,11.0,21.0,-121.0,11.0,11.0,-111.0,9.997812365917953,9.0,11.0,30000.0,10000.0,19000.0,0.0,25.077272596895845,16.5,19.0,0.0,10000.0,36500.880307379484,25000.0,0.0,26.380756327587665,17.0,20.0,0.0,121.0,9.9984908358674,9.0,11.0,1.0,16478.013143079355,10000.0,19000.0,1.0,16.5,17.787054939930023,19.0,1.0,22980.877500883238,10000.0,25000.0,1.0,19.090936490198082,17.0,20.0,1.0,0.0,111.0,1.0,54.0
11.0,22.0,11.0,22.0,-121.0,21.0,13.0,-111.0,9.989083892248185,9.0,11.0,30000.0,10000.0,19000.0,0.0,24.911704461620385,16.5,19.0,0.0,10000.0,36464.30648310362,25000.0,0.0,26.204597724332476,17.0,20.0,0.0,121.0,9.994186021742843,9.0,11.0,1.0,12725.654941514604,10000.0,19000.0,1.0,16.5,17.06901043119531,19.0,1.0,19254.97614238205,10000.0,25000.0,1.0,18.37490695895891,17.0,20.0,1.0,0.0,211.0,1.0,47.0
11.0,22.0,11.0,21.0,-121.0,11.0,11.0,-111.0,10.002497529440731,9.0,11.0,30000.0,10000.0,19000.0,0.0,25.8448103724264,16.5,19.0,0.0,10000.0,36505.45971104287,25000.0,0.0,27.147549520025095,17.0,20.0,0.0,121.0,10.007436647806324,9.0,11.0,1.0,14536.409028719278,10000.0,19000.0,1.0,16.5,17.399941378928283,19.0,1.0,21034.504475400958,10000.0,25000.0,1.0,18.701205808996974,17.0,20.0,1.0,0.0,111.0,1.0,26.0
11.0,22.0,11.0,22.0,-121.0,21.0,12.0,-111.0,10.192587208092966,9.0,11.0,30000.0,10000.0,19000.0,0.0,24.373360819871976,16.5,19.0,0.0,10000.0,37039.884786968396,25000.0,0.0,25.695065457670196,17.0,20.0,0.0,122.0,10.186164202361418,9.0,11.0,1.0,17545.85441098435,10000.0,19000.0,1.0,16.5,17.98734664152006,19.0,1.0,24622.366596340456,10000.0,25000.0,1.0,19.31592789786879,17.0,20.0,1.0,0.0,211.0,1.0,48.0
11.0,22.0,11.0,21.0,-121.0,21.0,12.0,-111.0,10.180227374891668,9.0,11.0,30000.0,10000.0,19000.0,0.0,23.721402625622552,16.5,19.0,0.0,10000.0,37119.56485201696,25000.0,0.0,25.060483181595533,17.0,20.0,0.0,122.0,10.198360780308624,9.0,11.0,1.0,14477.278152491137,10000.0,19000.0,1.0,16.5,17.42108887202705,19.0,1.0,21450.32919689339,10000.0,25000.0,1.0,18.732612436100048,17.0,20.0,1.0,0.0,211.0,1.0,53.0
91.0,24.0,91.0,21.0,-721.0,911.0,12.0,-711.0,14.54194669563505,12.0,17.0,30000.0,18000.0,36000.0,1.0,24.22248736914241,20.0,25.0,1.0,18000.0,34510.49438259105,36000.0,1.0,24.78728204337786,20.0,26.0,1.0,721.0,15.180861737523548,12.0,17.0,1.0,24870.601726322842,18000.0,36000.0,1.0,20.0,23.19150212287301,25.0,1.0,29297.1968391765,18000.0,36000.0,1.0,23.745791106002226,20.0,26.0,1.0,1.0,91121.0,7.0,14.0
11.0,21.0,11.0,22.0,-121.0,21.0,13.0,-111.0,10.19306272398993,9.0,11.0,30000.0,10000.0,19000.0,0.0,27.432653742542037,16.5,19.0,0.0,10000.0,37163.29589361161,25000.0,0.0,28.79041629729295,17.0,20.0,0.0,122.0,10.194757894120958,9.0,11.0,1.0,15593.903917461952,10000.0,19000.0,1.0,16.5,17.69512276826758,19.0,1.0,22625.08872669453,10000.0,25000.0,1.0,19.027844408040046,17.0,20.0,1.0,0.0,211.0,1.0,59.0
11.0,22.0,11.0,21.0,-121.0,21.0,12.0,-111.0,10.191914663251133,9.0,11.0,30000.0,10000.0,19000.0,0.0,23.469614395318825,16.5,19.0,0.0,10000.0,37026.984693427774,25000.0,0.0,24.798279781516687,17.0,20.0,0.0,122.0,10.20247558520025,9.0,11.0,1.0,12641.257175924735,10000.0,19000.0,1.0,16.5,17.073160735188257,19.0,1.0,19577.14274758449,10000.0,25000.0,1.0,18.38460105898924,17.0,20.0,1.0,0.0,211.0,1.0,53.0
91.0,24.0,91.0,24.0,-721.0,911.0,12.0,-711.0,14.257111419364076,12.0,17.0,30000.0,18000.0,36000.0,1.0,23.853381452526833,20.0,25.0,1.0,18000.0,34524.62152606177,36000.0,1.0,24.418943792566687,20.0,26.0,1.0,721.0,16.056471787403552,12.0,17.0,1.0,27797.16091489719,18000.0,36000.0,1.0,20.0,24.555579619967446,25.0,1.0,32225.395157716743,18000.0,36000.0,1.0,25.109093876615894,20.0,26.0,1.0,1.0,91121.0,7.0,23.0
11.0,22.0,11.0,21.0,-121.0,11.0,11.0,-111.0,10.23318769699197,9.0,11.0,30000.0,10000.0,19000.0,0.0,24.37263113082163,16.5,19.0,0.0,10000.0,37002.92874584575,25000.0,0.0,25.69374696426533,17.0,20.0,0.0,122.0,10.201318363560555,9.0,11.0,1.0,13956.404530684797,10000.0,19000.0,1.0,16.5,17.323656584043093,19.0,1.0,20959.749019188796,10000.0,25000.0,1.0,18.644850848130368,17.0,20.0,1.0,0.0,111.0,1.0,0.0
81.0,23.0,81.0,23.0,-721.0,912.0,11.0,-711.0,14.956581657601207,12.0,17.0,30000.0,12500.0,23000.0,0.0,25.19528588271733,20.0,24.0,0.0,12500.0,33930.22516428029,26000.0,0.0,25.673070703852837,20.0,25.0,0.0,722.0,15.208716550986447,12.0,17.0,1.0,15287.830223889536,12500.0,23000.0,1.0,20.0,21.624602043045805,24.0,1.0,19328.23360949605,12500.0,26000.0,1.0,22.115780875864868,20.0,25.0,1.0,0.0,912.0,7.0,17.0
11.0,22.0,11.0,22.0,-121.0,11.0,11.0,-111.0,10.005561432416684,9.0,11.0,30000.0,10000.0,19000.0,0.0,24.261022868442183,16.5,19.0,0.0,10000.0,36503.416442333226,25000.0,0.0,25.56328127288117,17.0,20.0,0.0,121.0,9.992285718789404,9.0,11.0,1.0,15499.307769416768,10000.0,19000.0,1.0,16.5,17.645577617443035,19.0,1.0,21968.40722568299,10000.0,25000.0,1.0,18.940964313155227,17.0,20.0,1.0,0.0,111.0,1.0,27.0
91.0,24.0,91.0,24.0,-721.0,911.0,12.0,-711.0,15.238985110603002,12.0,17.0,30000.0,18000.0,36000.0,1.0,24.23694651803943,20.0,25.0,1.0,18000.0,33940.3134186828,36000.0,1.0,24.717909461525778,20.0,26.0,1.0,722.0,15.146442883987719,12.0,17.0,1.0,27215.18417512079,18000.0,36000.0,1.0,20.0,23.451657487994506,25.0,1.0,31138.39571359468,18000.0,36000.0,1.0,23.930532940012426,20.0,26.0,1.0,1.0,91121.0,7.0,1.0
11.0,22.0,11.0,22.0,-121.0,11.0,11.0,-111.0,9.978321919897088,9.0,11.0,30000.0,10000.0,19000.0,0.0,24.44038326386768,16.5,19.0,0.0,10000.0,36417.04276413748,25000.0,0.0,25.726164465825192,17.0,20.0,0.0,121.0,9.999404970585335,9.0,11.0,1.0,16404.988160039764,10000.0,19000.0,1.0,16.5,17.795668689607734,19.0,1.0,22927.093825152777,10000.0,25000.0,1.0,19.102501317909542,17.0,20.0,1.0,0.0,111.0,1.0,30.0
11.0,21.0,11.0,22.0,-121.0,21.0,13.0,-111.0,10.202308552561423,9.0,11.0,30000.0,10000.0,19000.0,0.0,26.90259124751952,16.5,19.0,0.0,10000.0,36939.060273714786,25000.0,0.0,28.207745506115824,17.0,20.0,0.0,122.0,10.2001297246573,9.0,11.0,1.0,13953.490555862905,10000.0,19000.0,1.0,16.5,17.307723559284515,19.0,1.0,21001.114726913373,10000.0,25000.0,1.0,18.63329738873744,17.0,20.0,1.0,0.0,211.0,1.0,32.0
11.0,22.0,11.0,21.0,-121.0,11.0,12.0,-111.0,10.003182288831454,9.0,11.0,30000.0,10000.0,19000.0,0.0,23.90850708468689,16.5,19.0,0.0,10000.0,36475.02217736169,25000.0,0.0,25.20773344170294,17.0,20.0,0.0,121.0,9.99649694066199,9.0,11.0,1.0,14220.481885512954,10000.0,19000.0,1.0,16.5,17.31921784279624,19.0,1.0,20698.328495111524,10000.0,25000.0,1.0,18.619010927879817,17.0,20.0,1.0,0.0,111.0,1.0,45.0
91.0,24.0,91.0,24.0,-721.0,911.0,12.0,-711.0,15.102213642587213,12.0,17.0,30000.0,18000.0,36000.0,1.0,25.171208258846647,20.0,25.0,0.0,18000.0,33900.78421294801,36000.0,1.0,25.646548564022524,20.0,26.0,1.0,722.0,15.298586967707463,12.0,17.0,1.0,31445.19130335541,18000.0,36000.0,1.0,20.0,24.203070058332237,25.0,1.0,35442.15559813585,18000.0,36000.0,1.0,24.690130639984396,20.0,26.0,1.0,0.0,91121.0,7.0,1.0
11.0,22.0,11.0,21.0,-121.0,11.0,11.0,-111.0,9.99087336737494,9.0,11.0,30000.0,10000.0,19000.0,0.0,24.97831743813913,16.5,19.0,0.0,10000.0,36504.739875952844,25000.0,0.0,26.28002458486143,17.0,20.0,0.0,121.0,9.993692367275687,9.0,11.0,1.0,11313.589060459648,10000.0,19000.0,1.0,16.5,16.73390910088169,19.0,1.0,17820.693003192544,10000.0,25000.0,1.0,18.036089336871445,17.0,20.0,1.0,0.0,111.0,1.0,39.0
11.0,22.0,11.0,22.0,-121.0,21.0,13.0,-111.0,10.008907706698324,9.0,11.0,30000.0,10000.0,19000.0,0.0,25.09033118093814,16.5,19.0,0.0,10000.0,36459.14949364586,25000.0,0.0,26.37535796087348,17.0,20.0,0.0,121.0,10.006050775201471,9.0,11.0,1.0,12650.082417505984,10000.0,19000.0,1.0,16.5,17.077225908443978,19.0,1.0,19142.968909560972,10000.0,25000.0,1.0,18.36896455446525,17.0,20.0,1.0,0.0,211.0,1.0,22.0
11.0,22.0,11.0,22.0,-121.0,21.0,13.0,-111.0,10.00602228077746,9.0,11.0,30000.0,10000.0,19000.0,0.0,25.356673657191912,16.5,19.0,0.0,10000.0,36496.31773523672,25000.0,0.0,26.65394005746076,17.0,20.0,0.0,121.0,10.019993338670725,9.0,11.0,1.0,13829.218709286051,10000.0,19000.0,1.0,16.5,17.286767039808122,19.0,1.0,20284.590228204317,10000.0,25000.0,1.0,18.575856784806557,17.0,20.0,1.0,0.0,211.0,1.0,13.0
11.0,21.0,11.0,22.0,-121.0,11.0,11.0,-111.0,10.202369575546069,9.0,11.0,30000.0,10000.0,19000.0,0.0,24.889514001176067,16.5,19.0,0.0,10000.0,37069.421235734204,25000.0,0.0,26.220918204537647,17.0,20.0,0.0,122.0,10.194347145109287,9.0,11.0,1.0,11038.455834229533,10000.0,19000.0,1.0,16.5,16.79159446229442,19.0,1.0,17886.16378549879,10000.0,25000.0,1.0,18.08124277234671,17.0,20.0,1.0,0.0,111.0,1.0,29.0
11.0,22.0,11.0,22.0,-121.0,21.0,13.0,-111.0,10.21425039707026,9.0,11.0,30000.0,10000.0,19000.0,0.0,26.589729312989164,16.5,19.0,0.0,10000.0,36910.03589646169,25000.0,0.0,27.89285247069593,17.0,20.0,0.0,122.0,10.193381816881033,9.0,11.0,1.0,14892.832300989046,10000.0,19000.0,1.0,16.5,17.52762042292264,19.0,1.0,21793.460442299194,10000.0,25000.0,1.0,18.82896942724096,17.0,20.0,1.0,0.0,211.0,1.0,5.0
81.0,23.0,81.0,21.0,-721.0,912.0,12.0,-711.0,15.583696310293073,12.0,17.0,30000.0,12500.0,23000.0,0.0,26.808101034027516,20.0,24.0,0.0,12500.0,34448.971651718355,26000.0,0.0,27.36461634796918,20.0,25.0,0.0,721.0,14.165965314773295,12.0,17.0,1.0,14919.767961776755,12500.0,23000.0,1.0,20.0,20.45977645540907,24.0,1.0,19497.92103582147,12500.0,26000.0,1.0,21.032450883282966,20.0,25.0,1.0,0.0,912.0,7.0,30.0
91.0,24.0,91.0,24.0,-721.0,911.0,12.0,-711.0,15.239651070685076,12.0,17.0,30000.0,18000.0,36000.0,1.0,23.745405518499282,20.0,25.0,1.0,18000.0,33989.03827448919,36000.0,1.0,24.231593987903945,20.0,26.0,1.0,722.0,15.485442934479101,12.0,17.0,1.0,26243.236234060107,18000.0,36000.0,1.0,20.0,23.68481686619087,25.0,1.0,30186.128780730767,18000.0,36000.0,1.0,24.165381042411603,20.0,26.0,1.0,1.0,91121.0,7.0,23.0
81.0,21.0,81.0,23.0,-721.0,912.0,12.0,-711.0,15.051227418584023,12.0,17.0,30000.0,12500.0,23000.0,0.0,29.202971291189773,20.0,24.0,0.0,12500.0,34463.10480182519,26000.0,0.0,29.760860368364654,20.0,25.0,0.0,721.0,14.426143506753352,12.0,17.0,1.0,18741.30004183333,12500.0,23000.0,1.0,20.0,21.299890612839746,24.0,1.0,23237.653220846903,12500.0,26000.0,1.0,21.86193574444104,20.0,25.0,1.0,0.0,912.0,7.0,7.0
11.0,21.0,11.0,22.0,-121.0,11.0,12.0,-111.0,9.99380510699609,9.0,11.0,30000.0,10000.0,19000.0,0.0,24.236877069282876,16.5,19.0,0.0,10000.0,36437.23159622219,25000.0,0.0,25.522919629270557,17.0,20.0,0.0,121.0,10.001490504953555,9.0,11.0,1.0,14598.83536636909,10000.0,19000.0,1.0,16.5,17.48599636894355,19.0,1.0,21143.081354412658,10000.0,25000.0,1.0,18.793418470797373,17.0,20.0,1.0,0.0,111.0,1.0,51.0
11.0,22.0,11.0,21.0,-121.0,11.0,11.0,-111.0,9.991358913798978,9.0,11.0,30000.0,10000.0,19000.0,0.0,24.341389042528807,16.5,19.0,0.0,10000.0,36470.862071088275,25000.0,0.0,25.64139878783634,17.0,20.0,0.0,121.0,9.983881568303822,9.0,11.0,1.0,13383.03771441815,10000.0,19000.0,1.0,16.5,17.16499648909159,19.0,1.0,19819.228442828295,10000.0,25000.0,1.0,18.458040689025214,17.0,20.0,1.0,0.0,111.0,1.0,12.0
11.0,22.0,11.0,22.0,-121.0,21.0,13.0,-111.0,10.1893828976532,9.0,11.0,30000.0,10000.0,19000.0,0.0,25.929552687838836,16.5,19.0,0.0,10000.0,37009.6748649337,25000.0,0.0,27.25154233764995,17.0,20.0,0.0,122.0,10.20912788314611,9.0,11.0,1.0,12207.033331202785,10000.0,19000.0,1.0,16.5,17.025201441728008,19.0,1.0,19245.28092187896,10000.0,25000.0,1.0,18.35257976482658,17.0,20.0,1.0,0.0,211.0,1.0,3.0
11.0,22.0,11.0,22.0,-121.0,11.0,11.0,-111.0,10.203786042382262,9.0,11.0,30000.0,10000.0,19000.0,0.0,24.936715712344306,16.5,19.0,0.0,10000.0,36869.08878260086,25000.0,0.0,26.233170741658775,17.0,20.0,0.0,122.0,10.187710715587198,9.0,11.0,1.0,15537.069875559826,10000.0,19000.0,1.0,16.5,17.631959298581407,19.0,1.0,22606.467626034857,10000.0,25000.0,1.0,18.96622015295306,17.0,20.0,1.0,0.0,111.0,1.0,44.0
11.0,21.0,11.0,21.0,-121.0,21.0,12.0,-111.0,9.993224053084019,9.0,11.0,30000.0,10000.0,19000.0,0.0,25.27433233780195,16.5,19.0,0.0,10000.0,36529.45792548964,25000.0,0.0,26.580717313717713,17.0,20.0,0.0,121.0,9.992909471303921,9.0,11.0,1.0,14729.353760526383,10000.0,19000.0,1.0,16.5,17.43673494595455,19.0,1.0,21244.469935630943,10000.0,25000.0,1.0,18.74025048807578,17.0,20.0,1.0,0.0,211.0,1.0,6.0
92.0,24.0,92.0,24.0,-721.0,921.0,13.0,-711.0,14.876675488538613,12.0,17.0,30000.0,15000.0,28000.0,0.0,23.869443894315893,19.5,25.0,1.0,15000.0,34011.69073670225,28000.0,0.0,24.36170592101603,20.0,26.0,1.0,722.0,15.185142406038121,12.0,17.0,1.0,18959.85073583865,15000.0,28000.0,1.0,19.5,21.52904533291019,25.0,1.0,22984.506749212018,15000.0,28000.0,1.0,22.02289828817131,20.0,26.0,1.0,0.0,92122.0,7.0,20.0
11.0,22.0,11.0,22.0,-121.0,21.0,12.0,-111.0,10.011558297378864,9.0,11.0,30000.0,10000.0,19000.0,0.0,24.923112100549734,16.5,19.0,0.0,10000.0,36545.305765064004,25000.0,0.0,26.226198867766918,17.0,20.0,0.0,121.0,9.985119311518881,9.0,11.0,1.0,16252.879118193054,10000.0,19000.0,1.0,16.5,17.762152638735518,19.0,1.0,22804.61239685989,10000.0,25000.0,1.0,19.066519041805112,17.0,20.0,1.0,0.0,211.0,1.0,23.0
11.0,22.0,11.0,21.0,-121.0,21.0,13.0,-111.0,10.208611347022167,9.0,11.0,30000.0,10000.0,19000.0,0.0,26.08997979977963,16.5,19.0,0.0,10000.0,37168.51670034472,25000.0,0.0,27.44645606586368,17.0,20.0,0.0,122.0,10.216852041093098,9.0,11.0,1.0,13307.43304502533,10000.0,19000.0,1.0,16.5,17.215942775760325,19.0,1.0,20263.678960272977,10000.0,25000.0,1.0,18.532251697049965,17.0,20.0,1.0,0.0,211.0,1.0,2.0
11.0,22.0,11.0,22.0,-121.0,21.0,13.0,-111.0,10.183861583546975,9.0,11.0,30000.0,10000.0,19000.0,0.0,24.960542619622395,16.5,19.0,0.0,10000.0,36789.01857939268,25000.0,0.0,26.24288812751555,17.0,20.0,0.0,122.0,10.225841135228412,9.0,11.0,1.0,14397.457670841288,10000.0,19000.0,1.0,16.5,17.52304932739642,19.0,1.0,21358.655795214967,10000.0,25000.0,1.0,18.837917012608056,17.0,20.0,1.0,0.0,211.0,1.0,3.0
11.0,22.0,11.0,21.0,-121.0,11.0,12.0,-111.0,10.185420774823509,9.0,11.0,30000.0,10000.0,19000.0,0.0,23.649609776724123,16.5,19.0,0.0,10000.0,37131.83597546722,25000.0,0.0,25.00467823656817,17.0,20.0,0.0,122.0,10.19489170640034,9.0,11.0,1.0,13277.863829890093,10000.0,19000.0,1.0,16.5,17.225125074939413,19.0,1.0,20246.530745643777,10000.0,25000.0,1.0,18.549190964449426,17.0,20.0,1.0,0.0,111.0,1.0,45.0
91.0,24.0,91.0,24.0,-721.0,911.0,11.0,-711.0,15.270580800974464,12.0,17.0,30000.0,18000.0,36000.0,1.0,25.179342733564795,20.0,25.0,0.0,18000.0,33959.75711995138,36000.0,1.0,25.66299857393018,20.0,26.0,1.0,722.0,15.520819908010942,12.0,17.0,1.0,28764.71387899032,18000.0,36000.0,1.0,20.0,24.060080322173995,25.0,1.0,32781.84038372962,18000.0,36000.0,1.0,24.55074342009845,20.0,26.0,1.0,0.0,91121.0,7.0,9.0
11.0,22.0,11.0,22.0,-121.0,21.0,13.0,-111.0,10.011240748170081,9.0,11.0,30000.0,10000.0,19000.0,0.0,24.85865992051098,16.5,19.0,0.0,10000.0,36502.095254795786,25000.0,0.0,26.15841832750763,17.0,20.0,0.0,121.0,10.003301234232712,9.0,11.0,1.0,14373.649166792657,10000.0,19000.0,1.0,16.5,17.395238019477187,19.0,1.0,20871.675049885172,10000.0,25000.0,1.0,18.6941829656008,17.0,20.0,1.0,0.0,211.0,1.0,47.0
91.0,24.0,91.0,21.0,-721.0,911.0,11.0,-711.0,14.532817981778663,12.0,17.0,30000.0,18000.0,36000.0,1.0,23.369588114367865,20.0,25.0,1.0,18000.0,34503.79426069178,36000.0,1.0,23.93283879498039,20.0,26.0,1.0,721.0,15.319799847302427,12.0,17.0,1.0,23421.276576470253,18000.0,36000.0,1.0,20.0,23.169891469533695,25.0,1.0,27919.59850953101,18000.0,36000.0,1.0,23.732457773355385,20.0,26.0,1.0,1.0,91121.0,7.0,2.0
91.0,24.0,91.0,21.0,-721.0,911.0,11.0,-711.0,15.382077521638083,12.0,17.0,30000.0,18000.0,36000.0,1.0,24.88032270077543,20.0,25.0,1.0,18000.0,34471.28120932432,36000.0,1.0,25.439649732729958,20.0,26.0,1.0,721.0,15.194129978473416,12.0,17.0,1.0,21505.773890477292,18000.0,36000.0,1.0,20.0,22.82553766083851,25.0,1.0,25959.986436054,18000.0,36000.0,1.0,23.38272951842434,20.0,26.0,1.0,1.0,91121.0,7.0,15.0
11.0,22.0,11.0,22.0,-121.0,21.0,13.0,-111.0,10.179744120739738,9.0,11.0,30000.0,10000.0,19000.0,0.0,25.134471789146666,16.5,19.0,0.0,10000.0,37038.717190326846,25000.0,0.0,26.460942577411604,17.0,20.0,0.0,122.0,10.188363650269556,9.0,11.0,1.0,14087.036214907102,10000.0,19000.0,1.0,16.5,17.354849488533766,19.0,1.0,21129.629712478818,10000.0,25000.0,1.0,18.682050780410034,17.0,20.0,1.0,0.0,211.0,1.0,8.0
11.0,22.0,11.0,22.0,-121.0,21.0,13.0,-111.0,10.178368476762367,9.0,11.0,30000.0,10000.0,19000.0,0.0,25.838738662755766,16.5,19.0,0.0,10000.0,36834.45494768599,25000.0,0.0,27.132379036845254,17.0,20.0,0.0,122.0,10.175387536508298,9.0,11.0,1.0,12569.52134735323,10000.0,19000.0,1.0,16.5,17.04973411146922,19.0,1.0,19544.124622208234,10000.0,25000.0,1.0,18.36990206321848,17.0,20.0,1.0,0.0,211.0,1.0,21.0
81.0,23.0,81.0,21.0,-721.0,912.0,11.0,-711.0,15.039109095172124,12.0,17.0,30000.0,12500.0,23000.0,0.0,26.707027355174688,20.0,24.0,0.0,12500.0,34038.23226874409,26000.0,0.0,27.200709336031927,20.0,25.0,0.0,722.0,15.249514670161899,12.0,17.0,1.0,16468.826464329948,12500.0,23000.0,1.0,20.0,21.755710188884326,24.0,1.0,20474.204907493924,12500.0,26000.0,1.0,22.24537572377914,20.0,25.0,1.0,0.0,912.0,7.0,12.0
11.0,21.0,11.0,22.0,-121.0,11.0,11.0,-111.0,10.233029293774974,9.0,11.0,30000.0,10000.0,19000.0,0.0,26.606774137689094,16.5,19.0,0.0,10000.0,37030.41318525578,25000.0,0.0,27.93054692871961,17.0,20.0,0.0,122.0,10.200524907070042,9.0,11.0,1.0,13777.314534576786,10000.0,19000.0,1.0,16.5,17.32391032409086,19.0,1.0,20816.803257116397,10000.0,25000.0,1.0,18.64939196906833,17.0,20.0,1.0,0.0,111.0,1.0,35.0
11.0,21.0,11.0,22.0,-121.0,21.0,13.0,-111.0,10.202631146063231,9.0,11.0,30000.0,10000.0,19000.0,0.0,27.0102962593067,16.5,19.0,0.0,10000.0,36855.89986986038,25000.0,0.0,28.298060724600465,17.0,20.0,0.0,122.0,10.202579554774816,9.0,11.0,1.0,15254.066478899796,10000.0,19000.0,1.0,16.5,17.57036470576537,19.0,1.0,22327.49483588092,10000.0,25000.0,1.0,18.89898820652065,17.0,20.0,1.0,0.0,211.0,1.0,9.0
11.0,22.0,11.0,22.0,-121.0,11.0,11.0,-111.0,10.015055958610255,9.0,11.0,30000.0,10000.0,19000.0,0.0,25.33318733174117,16.5,19.0,0.0,10000.0,36601.426458126734,25000.0,0.0,26.652362385495238,17.0,20.0,0.0,121.0,9.993572540992648,9.0,11.0,1.0,15861.938134258884,10000.0,19000.0,1.0,16.5,17.704300446031326,19.0,1.0,22319.99599915029,10000.0,25000.0,1.0,18.994825893084858,17.0,20.0,1.0,0.0,111.0,1.0,11.0
11.0,22.0,11.0,22.0,-121.0,11.0,11.0,-111.0,9.99831410396285,9.0,11.0,30000.0,10000.0,19000.0,0.0,25.664856108880095,16.5,19.0,0.0,10000.0,36523.217169695235,25000.0,0.0,26.97192200018976,17.0,20.0,0.0,121.0,10.005574392078616,9.0,11.0,1.0,14818.136320222691,10000.0,19000.0,1.0,16.5,17.518998505216356,19.0,1.0,21282.309501251166,10000.0,25000.0,1.0,18.81423367225829,17.0,20.0,1.0,0.0,111.0,1.0,11.0
11.0,22.0,11.0,21.0,-121.0,11.0,11.0,-111.0,10.171310207481516,9.0,11.0,30000.0,10000.0,19000.0,0.0,25.34257311012084,16.5,19.0,0.0,10000.0,37148.38244974731,25000.0,0.0,26.69464030475018,17.0,20.0,0.0,122.0,10.219446958584157,9.0,11.0,1.0,15173.980331091992,10000.0,19000.0,1.0,16.5,17.53672089987274,19.0,1.0,22127.392958148735,10000.0,25000.0,1.0,18.851910898429292,17.0,20.0,1.0,0.0,111.0,1.0,0.0
11.0,22.0,11.0,22.0,-121.0,21.0,13.0,-111.0,10.196187747784446,9.0,11.0,30000.0,10000.0,19000.0,0.0,26.1293306013332,16.5,19.0,0.0,10000.0,36847.53835411412,25000.0,0.0,27.419833732125895,17.0,20.0,0.0,122.0,10.197241151962453,9.0,11.0,1.0,13194.185512547721,10000.0,19000.0,1.0,16.5,17.200979382625523,19.0,1.0,20148.220713469585,10000.0,25000.0,1.0,18.511553158826487,17.0,20.0,1.0,0.0,211.0,1.0,8.0
11.0,21.0,11.0,22.0,-121.0,21.0,13.0,-111.0,9.991567580066388,9.0,11.0,30000.0,10000.0,19000.0,0.0,26.510547189343523,16.5,19.0,0.0,10000.0,36480.99607586134,25000.0,0.0,27.81008126544725,17.0,20.0,0.0,121.0,10.011430217667408,9.0,11.0,1.0,14421.944513488825,10000.0,19000.0,1.0,16.5,17.400967421103342,19.0,1.0,20965.447965556898,10000.0,25000.0,1.0,18.713035136239967,17.0,20.0,1.0,0.0,211.0,1.0,9.0
11.0,22.0,11.0,22.0,-121.0,21.0,13.0,-111.0,10.215417552083311,9.0,11.0,30000.0,10000.0,19000.0,0.0,25.20816395905193,16.5,19.0,0.0,10000.0,36991.370524815095,25000.0,0.0,26.525851013226536,17.0,20.0,0.0,122.0,10.190821521477037,9.0,11.0,1.0,12415.322045858353,10000.0,19000.0,1.0,16.5,17.03450732014041,19.0,1.0,19591.913610077747,10000.0,25000.0,1.0,18.387103604904002,17.0,20.0,1.0,0.0,211.0,1.0,21.0
91.0,24.0,91.0,24.0,-721.0,911.0,11.0,-711.0,15.3688812604009,12.0,17.0,30000.0,18000.0,36000.0,1.0,24.999014252483164,20.0,25.0,1.0,18000.0,34591.60012109861,36000.0,1.0,25.57561591137728,20.0,26.0,1.0,721.0,15.159822614386913,12.0,17.0,1.0,25213.782549242223,18000.0,36000.0,1.0,20.0,23.28457315918898,25.0,1.0,29692.752451763372,18000.0,36000.0,1.0,23.847030996940013,20.0,26.0,1.0,1.0,91121.0,7.0,9.0
91.0,21.0,91.0,24.0,-721.0,911.0,12.0,-711.0,15.089066271254282,12.0,17.0,30000.0,18000.0,36000.0,1.0,24.818568367695075,20.0,25.0,1.0,18000.0,34069.09405741853,36000.0,1.0,25.314576046276528,20.0,26.0,1.0,722.0,15.330830009944455,12.0,17.0,1.0,25688.151407161924,18000.0,36000.0,1.0,20.0,23.452695370233144,25.0,1.0,29773.956403396565,18000.0,36000.0,1.0,23.950740051118334,20.0,26.0,1.0,1.0,91121.0,7.0,19.0
11.0,22.0,11.0,22.0,-121.0,21.0,13.0,-111.0,10.190026382664977,9.0,11.0,30000.0,10000.0,19000.0,0.0,27.604753989374615,16.5,19.0,0.0,10000.0,36982.050464936445,25000.0,0.0,28.919143292503044,17.0,20.0,0.0,122.0,10.190469805249702,9.0,11.0,1.0,14501.086073444994,10000.0,19000.0,1.0,16.5,17.462824557798918,19.0,1.0,21391.202511804207,10000.0,25000.0,1.0,18.759907039423627,17.0,20.0,1.0,0.0,211.0,1.0,5.0
11.0,22.0,11.0,21.0,-121.0,11.0,12.0,-111.0,10.00353437747263,9.0,11.0,30000.0,10000.0,19000.0,0.0,26.139278906421403,16.5,19.0,0.0,10000.0,36508.58229071926,25000.0,0.0,27.437803105790294,17.0,20.0,0.0,121.0,9.998859156154444,9.0,11.0,1.0,14337.027655459817,10000.0,19000.0,1.0,16.5,17.35641382431295,19.0,1.0,20782.067923181217,10000.0,25000.0,1.0,18.6422607844838,17.0,20.0,1.0,0.0,111.0,1.0,46.0
81.0,23.0,81.0,23.0,-721.0,912.0,12.0,-711.0,14.999007740408972,12.0,17.0,30000.0,12500.0,23000.0,0.0,26.851497392540885,20.0,24.0,0.0,12500.0,33924.14545857398,26000.0,0.0,27.33050657832684,20.0,25.0,0.0,722.0,15.095452408279716,12.0,17.0,1.0,18645.619059691762,12500.0,23000.0,1.0,20.0,21.96694428109773,24.0,1.0,22710.10991631991,12500.0,26000.0,1.0,22.463085027260444,20.0,25.0,1.0,0.0,912.0,7.0,31.0
91.0,24.0,91.0,24.0,-721.0,911.0,11.0,-711.0,14.880201132595285,12.0,17.0,30000.0,18000.0,36000.0,1.0,24.25189557610281,20.0,25.0,1.0,18000.0,34067.496642209524,36000.0,1.0,24.748654258018828,20.0,26.0,1.0,722.0,15.248688446141651,12.0,17.0,1.0,25794.481972848112,18000.0,36000.0,1.0,20.0,23.449197481681935,25.0,1.0,29779.12413601061,18000.0,36000.0,1.0,23.935837241464096,20.0,26.0,1.0,1.0,91121.0,7.0,9.0
11.0,22.0,11.0,22.0,-121.0,11.0,12.0,-111.0,9.988473415487556,9.0,11.0,30000.0,10000.0,19000.0,0.0,24.805137758714856,16.5,19.0,0.0,10000.0,36540.4421033981,25000.0,0.0,26.10925026870275,17.0,20.0,0.0,121.0,9.992984064646743,9.0,11.0,1.0,14233.259802501843,10000.0,19000.0,1.0,16.5,17.338047962114103,19.0,1.0,20655.39597049788,10000.0,25000.0,1.0,18.618571202764457,17.0,20.0,1.0,0.0,111.0,1.0,42.0
11.0,21.0,11.0,22.0,-121.0,11.0,11.0,-111.0,9.992462522610287,9.0,11.0,30000.0,10000.0,19000.0,0.0,24.352570223364502,16.5,19.0,0.0,10000.0,36568.569970041135,25000.0,0.0,25.664548508888803,17.0,20.0,0.0,121.0,10.014369605385061,9.0,11.0,1.0,17300.616204606544,10000.0,19000.0,1.0,16.5,17.967736005031735,19.0,1.0,23823.630418696353,10000.0,25000.0,1.0,19.2706151772237,17.0,20.0,1.0,0.0,111.0,1.0,43.0
11.0,21.0,11.0,21.0,-121.0,21.0,12.0,-111.0,10.008607465661363,9.0,11.0,30000.0,10000.0,19000.0,0.0,25.332766010770612,16.5,19.0,0.0,10000.0,36515.71756313221,25000.0,0.0,26.630518488189733,17.0,20.0,0.0,121.0,10.004978007262386,9.0,11.0,1.0,15560.44459469551,10000.0,19000.0,1.0,16.5,17.6051090877354,19.0,1.0,22031.05386618821,10000.0,25000.0,1.0,18.89387722894594,17.0,20.0,1.0,0.0,211.0,1.0,6.0
11.0,22.0,11.0,22.0,-121.0,11.0,12.0,-111.0,10.20325309534868,9.0,11.0,30000.0,10000.0,19000.0,0.0,24.177565260808088,16.5,19.0,0.0,10000.0,36895.90836859266,25000.0,0.0,25.481191592125953,17.0,20.0,0.0,122.0,10.20978456097347,9.0,11.0,1.0,16740.384985644894,10000.0,19000.0,1.0,16.5,17.903293833014594,19.0,1.0,23669.493293160598,10000.0,25000.0,1.0,19.213196395434274,17.0,20.0,1.0,0.0,111.0,1.0,40.0
11.0,21.0,11.0,22.0,-121.0,21.0,13.0,-111.0,10.177248818538855,9.0,11.0,30000.0,10000.0,19000.0,0.0,28.403410675522572,16.5,19.0,0.0,10000.0,37097.34456238252,25000.0,0.0,29.745168959430174,17.0,20.0,0.0,122.0,10.178662094493681,9.0,11.0,1.0,15313.929796386185,10000.0,19000.0,1.0,16.5,17.60021765220295,19.0,1.0,22478.828921516375,10000.0,25000.0,1.0,18.954747176591514,17.0,20.0,1.0,0.0,211.0,1.0,32.0
81.0,23.0,81.0,21.0,-721.0,912.0,11.0,-711.0,15.405346976631854,12.0,17.0,30000.0,12500.0,23000.0,0.0,27.217159945459812,20.0,24.0,0.0,12500.0,34483.70353124767,26000.0,0.0,27.782170971178893,20.0,25.0,0.0,721.0,14.510427423636335,12.0,17.0,1.0,14909.804363577774,12500.0,23000.0,1.0,20.0,20.89681788840914,24.0,1.0,19354.64266746943,12500.0,26000.0,1.0,21.45693133742178,20.0,25.0,1.0,0.0,912.0,7.0,12.0
11.0,22.0,11.0,22.0,-121.0,21.0,12.0,-111.0,10.209471719351573,9.0,11.0,30000.0,10000.0,19000.0,0.0,23.817140740378697,16.5,19.0,0.0,10000.0,37206.9400993851,25000.0,0.0,25.175555190936905,17.0,20.0,0.0,122.0,10.177830028128307,9.0,11.0,1.0,16224.286354529546,10000.0,19000.0,1.0,16.5,17.808210504346228,19.0,1.0,23378.775253770986,10000.0,25000.0,1.0,19.15673858603752,17.0,20.0,1.0,0.0,211.0,1.0,48.0
11.0,22.0,11.0,22.0,-121.0,11.0,11.0,-111.0,9.994382930226715,9.0,11.0,30000.0,10000.0,19000.0,0.0,23.048546563637707,16.5,19.0,0.0,10000.0,36486.06382309557,25000.0,0.0,24.346590321938184,17.0,20.0,0.0,121.0,9.995789353229075,9.0,11.0,1.0,16759.7078162395,10000.0,19000.0,1.0,16.5,17.897482818162256,19.0,1.0,23252.346160604906,10000.0,25000.0,1.0,19.19684232304354,17.0,20.0,1.0,0.0,111.0,1.0,11.0
92.0,24.0,92.0,24.0,-721.0,921.0,13.0,-711.0,14.874611112724544,12.0,17.0,30000.0,15000.0,28000.0,0.0,24.206314541286158,19.5,25.0,1.0,15000.0,34012.107627493766,28000.0,0.0,24.696096323256093,20.0,26.0,1.0,722.0,15.24449317158196,12.0,17.0,1.0,22099.173685521953,15000.0,28000.0,1.0,19.5,21.986543392304473,25.0,1.0,26105.283827461528,15000.0,28000.0,1.0,22.475593025629653,20.0,26.0,1.0,0.0,92122.0,7.0,20.0
11.0,21.0,11.0,22.0,-121.0,21.0,13.0,-111.0,10.21027353130848,9.0,11.0,30000.0,10000.0,19000.0,0.0,25.55395677041839,16.5,19.0,0.0,10000.0,37187.17937380491,25000.0,0.0,26.908194521488163,17.0,20.0,0.0,122.0,10.185333826833253,9.0,11.0,1.0,14584.789404809413,10000.0,19000.0,1.0,16.5,17.4695878995993,19.0,1.0,21490.46326536469,10000.0,25000.0,1.0,18.770783229804167,17.0,20.0,1.0,0.0,211.0,1.0,32.0
91.0,24.0,91.0,21.0,-721.0,911.0,11.0,-711.0,14.285846920612705,12.0,17.0,30000.0,18000.0,36000.0,1.0,24.417363683469425,20.0,25.0,1.0,18000.0,34489.30925063517,36000.0,1.0,24.982294685078983,20.0,26.0,1.0,721.0,15.476263617836217,12.0,17.0,1.0,24345.654729852566,18000.0,36000.0,1.0,20.0,23.5416747633884,25.0,1.0,28834.15667994276,18000.0,36000.0,1.0,24.106504174958154,20.0,26.0,1.0,1.0,91121.0,7.0,3.0
11.0,22.0,11.0,21.0,-121.0,11.0,12.0,-111.0,10.210364585377356,9.0,11.0,30000.0,10000.0,19000.0,0.0,24.19908388603394,16.5,19.0,0.0,10000.0,37075.56494277647,25000.0,0.0,25.528481968826508,17.0,20.0,0.0,122.0,10.22740482631318,9.0,11.0,1.0,14413.23045395339,10000.0,19000.0,1.0,16.5,17.40381296653397,19.0,1.0,21394.83395882463,10000.0,25000.0,1.0,18.715557030683804,17.0,20.0,1.0,0.0,111.0,1.0,45.0
11.0,21.0,11.0,22.0,-121.0,21.0,13.0,-111.0,10.184702800646834,9.0,11.0,30000.0,10000.0,19000.0,0.0,27.33611622007922,16.5,19.0,0.0,10000.0,36929.10462889043,25000.0,0.0,28.64782478960689,17.0,20.0,0.0,122.0,10.194100525293548,9.0,11.0,1.0,12037.215263786433,10000.0,19000.0,1.0,16.5,17.01039983273766,19.0,1.0,19066.369762499588,10000.0,25000.0,1.0,18.34104826226967,17.0,20.0,1.0,0.0,211.0,1.0,9.0
91.0,24.0,91.0,21.0,-721.0,911.0,11.0,-711.0,15.08137903367057,12.0,17.0,30000.0,18000.0,36000.0,1.0,24.692291570244116,20.0,25.0,1.0,18000.0,33981.01262836846,36000.0,1.0,25.177642886242136,20.0,26.0,1.0,722.0,15.341712145513585,12.0,17.0,1.0,25190.594452735695,18000.0,36000.0,1.0,20.0,23.3807149972167,25.0,1.0,29149.649294606228,18000.0,36000.0,1.0,23.863389295689775,20.0,26.0,1.0,1.0,91121.0,7.0,3.0
11.0,21.0,11.0,22.0,-121.0,11.0,11.0,-111.0,10.173991603812595,9.0,11.0,30000.0,10000.0,19000.0,0.0,25.41697452925777,16.5,19.0,0.0,10000.0,36929.49360054719,25000.0,0.0,26.726650387535123,17.0,20.0,0.0,122.0,10.228702458670137,9.0,11.0,1.0,17855.150797937287,10000.0,19000.0,1.0,16.5,18.15670768173736,19.0,1.0,24880.169527782335,10000.0,25000.0,1.0,19.48443781106424,17.0,20.0,1.0,0.0,111.0,1.0,29.0
91.0,24.0,91.0,24.0,-721.0,911.0,12.0,-711.0,15.234157035927392,12.0,17.0,30000.0,18000.0,36000.0,1.0,25.24985599613468,20.0,25.0,0.0,18000.0,33988.0035743004,36000.0,1.0,25.735275652719164,20.0,26.0,1.0,722.0,15.296562014234155,12.0,17.0,1.0,25645.146153098704,18000.0,36000.0,1.0,20.0,23.44812007224803,25.0,1.0,29616.890658060056,18000.0,36000.0,1.0,23.931560675477144,20.0,26.0,1.0,0.0,91121.0,7.0,24.0
11.0,22.0,11.0,22.0,-121.0,21.0,13.0,-111.0,10.190513565584954,9.0,11.0,30000.0,10000.0,19000.0,0.0,24.72997824912268,16.5,19.0,0.0,10000.0,36924.632790882984,25000.0,0.0,26.03595191160002,17.0,20.0,0.0,122.0,10.213541995213362,9.0,11.0,1.0,12107.980479212372,10000.0,19000.0,1.0,16.5,17.00726703530033,19.0,1.0,19102.514434468132,10000.0,25000.0,1.0,18.326423935417004,17.0,20.0,1.0,0.0,211.0,1.0,28.0
11.0,22.0,11.0,22.0,-121.0,21.0,13.0,-111.0,10.190392595050344,9.0,11.0,30000.0,10000.0,19000.0,0.0,25.093603061967777,16.5,19.0,0.0,10000.0,36927.58867945567,25000.0,0.0,26.40277542717248,17.0,20.0,0.0,122.0,10.186071730105505,9.0,11.0,1.0,14075.628862635866,10000.0,19000.0,1.0,16.5,17.360413414684132,19.0,1.0,21017.194236129788,10000.0,25000.0,1.0,18.672227088782655,17.0,20.0,1.0,0.0,211.0,1.0,13.0
11.0,22.0,11.0,22.0,-121.0,21.0,13.0,-111.0,10.009200086503535,9.0,11.0,30000.0,10000.0,19000.0,0.0,25.082732392637467,16.5,19.0,0.0,10000.0,36543.57262053144,25000.0,0.0,26.391544195358286,17.0,20.0,0.0,121.0,9.991095145864133,9.0,11.0,1.0,15030.021028485538,10000.0,19000.0,1.0,16.5,17.567928737051105,19.0,1.0,21583.478855128407,10000.0,25000.0,1.0,18.878717727950498,17.0,20.0,1.0,0.0,211.0,1.0,13.0
81.0,21.0,81.0,23.0,-721.0,912.0,12.0,-711.0,15.053152139453164,12.0,17.0,30000.0,12500.0,23000.0,0.0,27.065501753140833,20.0,24.0,0.0,12500.0,34469.053993813024,26000.0,0.0,27.62038282327832,20.0,25.0,0.0,721.0,15.571988341382125,12.0,17.0,1.0,18749.865283403873,12500.0,23000.0,1.0,20.0,22.49019310214792,24.0,1.0,23286.65079913295,12500.0,26000.0,1.0,23.053483768458296,20.0,25.0,1.0,0.0,912.0,7.0,7.0
92.0,24.0,92.0,24.0,-721.0,921.0,13.0,-711.0,15.449125678344611,12.0,17.0,30000.0,15000.0,28000.0,0.0,24.66130022732115,19.5,25.0,1.0,15000.0,34513.26392103393,28000.0,0.0,25.22631492041075,20.0,26.0,1.0,721.0,14.741303797432305,12.0,17.0,1.0,24425.044455304193,15000.0,28000.0,1.0,19.5,21.765853958980344,25.0,1.0,28966.025391372918,15000.0,28000.0,0.0,22.33433854016363,20.0,26.0,1.0,0.0,92122.0,7.0,20.0
11.0,22.0,11.0,22.0,-121.0,11.0,11.0,-111.0,9.999116730061633,9.0,11.0,30000.0,10000.0,19000.0,0.0,24.505833255776068,16.5,19.0,0.0,10000.0,36508.46804000083,25000.0,0.0,25.80309856028382,17.0,20.0,0.0,121.0,9.98790341906749,9.0,11.0,1.0,14038.322244466792,10000.0,19000.0,1.0,16.5,17.32338777122451,19.0,1.0,20477.805778358572,10000.0,25000.0,1.0,18.60690311095194,17.0,20.0,1.0,0.0,111.0,1.0,30.0
11.0,22.0,11.0,22.0,-121.0,11.0,12.0,-111.0,10.00752286632665,9.0,11.0,30000.0,10000.0,19000.0,0.0,23.876623644786847,16.5,19.0,0.0,10000.0,36508.74240300249,25000.0,0.0,25.169727022167255,17.0,20.0,0.0,121.0,10.013022443847358,9.0,11.0,1.0,15932.43972370746,10000.0,19000.0,1.0,16.5,17.713208687398737,19.0,1.0,22405.23144529298,10000.0,25000.0,1.0,18.999169679248883,17.0,20.0,1.0,0.0,111.0,1.0,49.0
11.0,22.0,11.0,22.0,-121.0,21.0,13.0,-111.0,10.215713899133869,9.0,11.0,30000.0,10000.0,19000.0,0.0,25.28406462535486,16.5,19.0,0.0,10000.0,37069.91871902281,25000.0,0.0,26.61507114503427,17.0,20.0,0.0,122.0,10.227402057491663,9.0,11.0,1.0,13608.477489602907,10000.0,19000.0,1.0,16.5,17.349884693795733,19.0,1.0,20595.43059670303,10000.0,25000.0,1.0,18.665271830174294,17.0,20.0,1.0,0.0,211.0,1.0,3.0
81.0,23.0,81.0,23.0,-721.0,912.0,11.0,-711.0,15.044466669385036,12.0,17.0,30000.0,12500.0,23000.0,0.0,25.41652610673949,20.0,24.0,0.0,12500.0,34015.389871932945,26000.0,0.0,25.903539002723967,20.0,25.0,0.0,722.0,14.993087956666004,12.0,17.0,1.0,16462.344500214847,12500.0,23000.0,1.0,20.0,21.54354825799796,24.0,1.0,20593.7021944344,12500.0,26000.0,1.0,22.044626494279175,20.0,25.0,1.0,0.0,912.0,7.0,17.0
91.0,24.0,91.0,24.0,-721.0,911.0,12.0,-711.0,14.932411134755638,12.0,17.0,30000.0,18000.0,36000.0,1.0,25.14312411432686,20.0,25.0,0.0,18000.0,34483.12843992554,36000.0,1.0,25.704813992608877,20.0,26.0,1.0,721.0,14.630488023750207,12.0,17.0,1.0,29434.833903234085,18000.0,36000.0,1.0,20.0,23.360390590424892,25.0,1.0,33899.88799451765,18000.0,36000.0,1.0,23.919815938742,20.0,26.0,1.0,0.0,91121.0,7.0,32.0
11.0,21.0,11.0,22.0,-121.0,21.0,13.0,-111.0,10.196079214137223,9.0,11.0,30000.0,10000.0,19000.0,0.0,26.79410861455407,16.5,19.0,0.0,10000.0,36938.86223493202,25000.0,0.0,28.09938910314104,17.0,20.0,0.0,122.0,10.190753005487753,9.0,11.0,1.0,14636.874414908114,10000.0,19000.0,1.0,16.5,17.51090200386261,19.0,1.0,21695.132022863276,10000.0,25000.0,1.0,18.83864214729762,17.0,20.0,1.0,0.0,211.0,1.0,9.0
11.0,22.0,11.0,22.0,-121.0,11.0,11.0,-111.0,9.994674003545583,9.0,11.0,30000.0,10000.0,19000.0,0.0,25.437445551794355,16.5,19.0,0.0,10000.0,36506.26727647836,25000.0,0.0,26.73795477779542,17.0,20.0,0.0,121.0,10.020679620524568,9.0,11.0,1.0,17728.9507070043,10000.0,19000.0,1.0,16.5,18.09269180935815,19.0,1.0,24248.24799948151,10000.0,25000.0,1.0,19.395805548100753,17.0,20.0,1.0,0.0,111.0,1.0,17.0
11.0,22.0,11.0,22.0,-121.0,21.0,13.0,-111.0,9.993381634781183,9.0,11.0,30000.0,10000.0,19000.0,0.0,26.206924322898274,16.5,19.0,0.0,10000.0,36534.17686067245,25000.0,0.0,27.51292069362104,17.0,20.0,0.0,121.0,9.971441306406394,9.0,11.0,1.0,15098.83174048942,10000.0,19000.0,1.0,16.5,17.547648782916845,19.0,1.0,21611.027119476483,10000.0,25000.0,1.0,18.84925167976886,17.0,20.0,1.0,0.0,211.0,1.0,5.0
11.0,22.0,11.0,21.0,-121.0,11.0,12.0,-111.0,10.177260812062217,9.0,11.0,30000.0,10000.0,19000.0,0.0,24.74056484404494,16.5,19.0,0.0,10000.0,36935.256736774696,25000.0,0.0,26.055612696078047,17.0,20.0,0.0,122.0,10.199790036450759,9.0,11.0,1.0,16015.845507195529,10000.0,19000.0,1.0,16.5,17.70778194760881,19.0,1.0,23044.385507759165,10000.0,25000.0,1.0,19.04051796322868,17.0,20.0,1.0,0.0,111.0,1.0,46.0
11.0,21.0,11.0,22.0,-121.0,21.0,13.0,-111.0,10.22017262368646,9.0,11.0,30000.0,10000.0,19000.0,0.0,27.04318706457571,16.5,19.0,0.0,10000.0,36925.755682961215,25000.0,0.0,28.34810859189663,17.0,20.0,0.0,122.0,10.192700885527126,9.0,11.0,1.0,14462.345259444592,10000.0,19000.0,1.0,16.5,17.453510675138396,19.0,1.0,21521.563446486398,10000.0,25000.0,1.0,18.783578641727075,17.0,20.0,1.0,0.0,211.0,1.0,9.0
91.0,24.0,91.0,24.0,-721.0,911.0,11.0,-711.0,15.216356985810856,12.0,17.0,30000.0,18000.0,36000.0,1.0,23.721746692371347,20.0,25.0,1.0,18000.0,33969.45243913586,36000.0,1.0,24.20594413402232,20.0,26.0,1.0,722.0,15.278545701767543,12.0,17.0,1.0,23054.638036359156,18000.0,36000.0,1.0,20.0,23.149342008023353,25.0,1.0,26999.4272167484,18000.0,36000.0,1.0,23.630531002798847,20.0,26.0,1.0,1.0,91121.0,7.0,28.0
11.0,22.0,11.0,21.0,-121.0,21.0,13.0,-111.0,10.004306624196305,9.0,11.0,30000.0,10000.0,19000.0,0.0,24.363589934925177,16.5,19.0,0.0,10000.0,36578.97075303237,25000.0,0.0,25.6752105053583,17.0,20.0,0.0,121.0,9.980686845395413,9.0,11.0,1.0,11411.808804057699,10000.0,19000.0,1.0,16.5,16.70991744680901,19.0,1.0,17849.110577104875,10000.0,25000.0,1.0,17.993294093486245,17.0,20.0,1.0,0.0,211.0,1.0,33.0
11.0,22.0,11.0,22.0,-121.0,21.0,12.0,-111.0,9.999866468127419,9.0,11.0,30000.0,10000.0,19000.0,0.0,25.352479097422147,16.5,19.0,0.0,10000.0,36506.80265491856,25000.0,0.0,26.653119167392127,17.0,20.0,0.0,121.0,10.001829792667818,9.0,11.0,1.0,14920.25936530748,10000.0,19000.0,1.0,16.5,17.50205171451865,19.0,1.0,21361.438387912796,10000.0,25000.0,1.0,18.789574324155165,17.0,20.0,1.0,0.0,211.0,1.0,25.0
11.0,21.0,11.0,21.0,-121.0,21.0,12.0,-111.0,10.191550701944456,9.0,11.0,30000.0,10000.0,19000.0,0.0,25.15862262432917,16.5,19.0,0.0,10000.0,37194.37492007233,25000.0,0.0,26.51108022642105,17.0,20.0,0.0,122.0,10.174827737639985,9.0,11.0,1.0,14724.846079423578,10000.0,19000.0,1.0,16.5,17.409513579489616,19.0,1.0,21756.14245120475,10000.0,25000.0,1.0,18.731314338586127,17.0,20.0,1.0,0.0,211.0,1.0,6.0
11.0,22.0,11.0,22.0,-121.0,21.0,12.0,-111.0,10.186710285892884,9.0,11.0,30000.0,10000.0,19000.0,0.0,25.267821568475533,16.5,19.0,0.0,10000.0,37059.38519465613,25000.0,0.0,26.599486563077377,17.0,20.0,0.0,122.0,10.206043968288943,9.0,11.0,1.0,14316.247335907961,10000.0,19000.0,1.0,16.5,17.435842074586304,19.0,1.0,21390.647277922806,10000.0,25000.0,1.0,18.77033941406083,17.0,20.0,1.0,0.0,211.0,1.0,25.0
91.0,24.0,91.0,24.0,-721.0,911.0,11.0,-711.0,15.459806600407468,12.0,17.0,30000.0,18000.0,36000.0,1.0,25.157765103984843,20.0,25.0,0.0,18000.0,34015.18026899971,36000.0,1.0,25.647310894676277,20.0,26.0,1.0,722.0,15.122969763635751,12.0,17.0,1.0,19181.29714514915,18000.0,36000.0,1.0,20.0,22.404003787271925,25.0,1.0,23131.294294150557,18000.0,36000.0,1.0,22.885602208261012,20.0,26.0,1.0,0.0,91121.0,7.0,0.0
11.0,21.0,11.0,22.0,-121.0,11.0,11.0,-111.0,10.18089155249744,9.0,11.0,30000.0,10000.0,19000.0,0.0,25.964669333438234,16.5,19.0,0.0,10000.0,37216.03788680691,25000.0,0.0,27.328132504759516,17.0,20.0,0.0,122.0,10.211842080047859,9.0,11.0,1.0,18045.26425778817,10000.0,19000.0,1.0,16.5,18.179508096616765,19.0,1.0,25174.519268042368,10000.0,25000.0,0.0,19.52657372985177,17.0,20.0,1.0,0.0,111.0,1.0,29.0
11.0,22.0,11.0,21.0,-121.0,11.0,11.0,-111.0,10.002942019893064,9.0,11.0,30000.0,10000.0,19000.0,0.0,22.7279790967498,16.5,19.0,0.0,10000.0,36569.82030690964,25000.0,0.0,24.043842866404113,17.0,20.0,0.0,121.0,10.000210020619752,9.0,11.0,1.0,13920.416117327568,10000.0,19000.0,1.0,16.5,17.243532361054715,19.0,1.0,20381.71433755631,10000.0,25000.0,1.0,18.537660333472616,17.0,20.0,1.0,0.0,111.0,1.0,26.0
11.0,21.0,11.0,22.0,-121.0,11.0,11.0,-111.0,10.00386553362431,9.0,11.0,30000.0,10000.0,19000.0,0.0,26.049012247525408,16.5,19.0,0.0,10000.0,36420.0349907235,25000.0,0.0,27.327519864837033,17.0,20.0,0.0,121.0,9.98223848267299,9.0,11.0,1.0,13541.430805490989,10000.0,19000.0,1.0,16.5,17.21240069816877,19.0,1.0,20128.192797436186,10000.0,25000.0,1.0,18.52411089792449,17.0,20.0,1.0,0.0,111.0,1.0,29.0
91.0,24.0,91.0,21.0,-721.0,911.0,12.0,-711.0,15.141863682431545,12.0,17.0,30000.0,18000.0,36000.0,1.0,24.585349354389614,20.0,25.0,1.0,18000.0,33976.45278095831,36000.0,1.0,25.069825228844728,20.0,26.0,1.0,722.0,15.097695837128649,12.0,17.0,1.0,23744.176681627425,18000.0,36000.0,1.0,20.0,22.875368845166708,25.0,1.0,27723.393526944965,18000.0,36000.0,1.0,23.36018148270471,20.0,26.0,1.0,1.0,91121.0,7.0,14.0
91.0,24.0,91.0,24.0,-721.0,911.0,12.0,-711.0,15.015373777708387,12.0,17.0,30000.0,18000.0,36000.0,1.0,24.948768944638367,20.0,25.0,1.0,18000.0,34019.73690569909,36000.0,1.0,25.439211337366853,20.0,26.0,1.0,722.0,15.29466352924973,12.0,17.0,1.0,26429.552297611397,18000.0,36000.0,1.0,20.0,23.507727843736852,25.0,1.0,30401.707438335332,18000.0,36000.0,1.0,23.992364852876285,20.0,26.0,1.0,1.0,91121.0,7.0,27.0
92.0,24.0,92.0,24.0,-721.0,921.0,13.0,-711.0,15.152209215290283,12.0,17.0,30000.0,15000.0,28000.0,0.0,23.79860081868231,19.5,25.0,1.0,15000.0,34002.05526462683,28000.0,0.0,24.28656148455911,20.0,26.0,1.0,722.0,15.03109028289696,12.0,17.0,1.0,21450.16822692892,15000.0,28000.0,1.0,19.5,21.63657099615456,25.0,1.0,25373.04518627841,15000.0,28000.0,1.0,22.114877647778325,20.0,26.0,1.0,0.0,92122.0,7.0,20.0
91.0,24.0,91.0,24.0,-721.0,911.0,12.0,-711.0,15.254784904605504,12.0,17.0,30000.0,18000.0,36000.0,1.0,24.718092520563058,20.0,25.0,1.0,18000.0,33994.68088438836,36000.0,1.0,25.206747018944323,20.0,26.0,1.0,722.0,15.111651981264934,12.0,17.0,1.0,28342.2651567907,18000.0,36000.0,1.0,20.0,23.593643535600144,25.0,1.0,32301.150383029228,18000.0,36000.0,1.0,24.077919283867526,20.0,26.0,1.0,1.0,91121.0,7.0,32.0
11.0,21.0,11.0,21.0,-121.0,21.0,12.0,-111.0,10.1910967862676,9.0,11.0,30000.0,10000.0,19000.0,0.0,25.183294168596838,16.5,19.0,0.0,10000.0,37163.90761559983,25000.0,0.0,26.537969173526058,17.0,20.0,0.0,122.0,10.174104955098601,9.0,11.0,1.0,14720.589494069314,10000.0,19000.0,1.0,16.5,17.424115150759356,19.0,1.0,21721.446186462286,10000.0,25000.0,1.0,18.747957679608344,17.0,20.0,1.0,0.0,211.0,1.0,6.0
81.0,23.0,81.0,21.0,-721.0,912.0,12.0,-711.0,13.667759076371112,12.0,17.0,30000.0,12500.0,23000.0,0.0,24.401415221317137,20.0,24.0,0.0,12500.0,34515.900649009025,26000.0,0.0,24.96449569987998,20.0,25.0,1.0,721.0,15.185999852678671,12.0,17.0,1.0,15096.000577896142,12500.0,23000.0,1.0,20.0,21.466666029457365,24.0,1.0,19561.202825477376,12500.0,26000.0,1.0,22.02342500487895,20.0,25.0,1.0,0.0,912.0,7.0,11.0
11.0,22.0,11.0,22.0,-121.0,21.0,12.0,-111.0,10.006642325295273,9.0,11.0,30000.0,10000.0,19000.0,0.0,24.07144521193997,16.5,19.0,0.0,10000.0,36477.74302719721,25000.0,0.0,25.363174462160167,17.0,20.0,0.0,121.0,9.99592308816974,9.0,11.0,1.0,18389.465943908537,10000.0,19000.0,1.0,16.5,18.16927108094415,19.0,1.0,24845.74081077111,10000.0,25000.0,1.0,19.456719356983022,17.0,20.0,1.0,0.0,211.0,1.0,25.0
11.0,21.0,11.0,22.0,-121.0,11.0,12.0,-111.0,10.187935549868378,9.0,11.0,30000.0,10000.0,19000.0,0.0,25.4269041416752,16.5,19.0,0.0,10000.0,36911.0192343264,25000.0,0.0,26.727199634147127,17.0,20.0,0.0,122.0,10.190003165245466,9.0,11.0,1.0,14834.17145755832,10000.0,19000.0,1.0,16.5,17.54602942237181,19.0,1.0,21755.15272484579,10000.0,25000.0,1.0,18.848199252928453,17.0,20.0,1.0,0.0,111.0,1.0,7.0
91.0,24.0,91.0,24.0,-721.0,911.0,11.0,-711.0,14.80696117719391,12.0,17.0,30000.0,18000.0,36000.0,1.0,23.678266459922995,20.0,25.0,1.0,18000.0,34509.12502697861,36000.0,1.0,24.243640297024857,20.0,26.0,1.0,721.0,14.470276513536106,12.0,17.0,1.0,24012.20258819509,18000.0,36000.0,1.0,20.0,22.471289879732062,25.0,1.0,28545.870328217577,18000.0,36000.0,1.0,23.03974098964483,20.0,26.0,1.0,1.0,91121.0,7.0,16.0
11.0,22.0,11.0,22.0,-121.0,21.0,13.0,-111.0,10.000655269895216,9.0,11.0,30000.0,10000.0,19000.0,0.0,27.107518561878,16.5,19.0,0.0,10000.0,36463.27183778894,25000.0,0.0,28.405581675688758,17.0,20.0,0.0,121.0,10.00245418523138,9.0,11.0,1.0,13537.16167721046,10000.0,19000.0,1.0,16.5,17.227033627978802,19.0,1.0,19936.664208095288,10000.0,25000.0,1.0,18.512289515486387,17.0,20.0,1.0,0.0,211.0,1.0,41.0
11.0,22.0,11.0,22.0,-121.0,11.0,11.0,-111.0,10.19820386920572,9.0,11.0,30000.0,10000.0,19000.0,0.0,25.382089934800867,16.5,19.0,0.0,10000.0,37043.024173048834,25000.0,0.0,26.711854436526224,17.0,20.0,0.0,122.0,10.210083768497505,9.0,11.0,1.0,16398.296628366323,10000.0,19000.0,1.0,16.5,17.843662771265976,19.0,1.0,23464.967840148878,10000.0,25000.0,1.0,19.177891973368105,17.0,20.0,1.0,0.0,111.0,1.0,17.0
11.0,22.0,11.0,22.0,-121.0,21.0,12.0,-111.0,10.204124604806891,9.0,11.0,30000.0,10000.0,19000.0,0.0,24.596373990164935,16.5,19.0,0.0,10000.0,36961.51902803011,25000.0,0.0,25.91182970330726,17.0,20.0,0.0,122.0,10.204029455437174,9.0,11.0,1.0,15342.183151932475,10000.0,19000.0,1.0,16.5,17.603392568486026,19.0,1.0,22317.089091966816,10000.0,25000.0,1.0,18.921377886130813,17.0,20.0,1.0,0.0,211.0,1.0,23.0
11.0,21.0,11.0,22.0,-121.0,11.0,11.0,-111.0,10.004667600807354,9.0,11.0,30000.0,10000.0,19000.0,0.0,27.468450462328484,16.5,19.0,0.0,10000.0,36500.393865564285,25000.0,0.0,28.766308637614696,17.0,20.0,0.0,121.0,9.994003930709395,9.0,11.0,1.0,17880.00311718607,10000.0,19000.0,1.0,16.5,18.06045699227282,19.0,1.0,24416.07282459792,10000.0,25000.0,1.0,19.36543814871366,17.0,20.0,1.0,0.0,111.0,1.0,29.0
11.0,22.0,11.0,22.0,-121.0,21.0,13.0,-111.0,10.198820143631426,9.0,11.0,30000.0,10000.0,19000.0,0.0,25.472859803300167,16.5,19.0,0.0,10000.0,37003.031729746195,25000.0,0.0,26.78669331618264,17.0,20.0,0.0,122.0,10.20197743907846,9.0,11.0,1.0,14886.032683521453,10000.0,19000.0,1.0,16.5,17.528486201578772,19.0,1.0,22017.291648547194,10000.0,25000.0,1.0,18.866376329578227,17.0,20.0,1.0,0.0,211.0,1.0,13.0
11.0,22.0,11.0,22.0,-121.0,11.0,12.0,-111.0,9.992448461250587,9.0,11.0,30000.0,10000.0,19000.0,0.0,24.291659881331594,16.5,19.0,0.0,10000.0,36462.34922806984,25000.0,0.0,25.586629121820224,17.0,20.0,0.0,121.0,10.001699468900272,9.0,11.0,1.0,16709.002182403976,10000.0,19000.0,1.0,16.5,17.857911555945932,19.0,1.0,23208.839642834173,10000.0,25000.0,1.0,19.160392941952182,17.0,20.0,1.0,0.0,111.0,1.0,42.0
11.0,21.0,11.0,22.0,-121.0,21.0,13.0,-111.0,9.977445614537375,9.0,11.0,30000.0,10000.0,19000.0,0.0,26.955562783083806,16.5,19.0,0.0,10000.0,36494.825986863536,25000.0,0.0,28.25159234072652,17.0,20.0,0.0,121.0,9.985196048299233,9.0,11.0,1.0,13852.165599349111,10000.0,19000.0,1.0,16.5,17.284671926982213,19.0,1.0,20306.80725616741,10000.0,25000.0,1.0,18.57268278179932,17.0,20.0,1.0,0.0,211.0,1.0,59.0
11.0,22.0,11.0,22.0,-121.0,11.0,11.0,-111.0,9.99232369625143,9.0,11.0,30000.0,10000.0,19000.0,0.0,24.9367151247347,16.5,19.0,0.0,10000.0,36496.950628533836,25000.0,0.0,26.23303358628018,17.0,20.0,0.0,121.0,10.009773253206903,9.0,11.0,1.0,16698.147980728387,10000.0,19000.0,1.0,16.5,17.89346587514546,19.0,1.0,23185.810229709834,10000.0,25000.0,1.0,19.187931052191786,17.0,20.0,1.0,0.0,111.0,1.0,38.0
11.0,22.0,11.0,21.0,-121.0,11.0,11.0,-111.0,9.996715933789144,9.0,11.0,30000.0,10000.0,19000.0,0.0,24.93399098850982,16.5,19.0,0.0,10000.0,36483.805187577746,25000.0,0.0,26.228079505358387,17.0,20.0,0.0,121.0,9.995346268424536,9.0,11.0,1.0,13414.584486555368,10000.0,19000.0,1.0,16.5,17.16278890538447,19.0,1.0,19945.174223319653,10000.0,25000.0,1.0,18.466215048228378,17.0,20.0,1.0,0.0,111.0,1.0,12.0
11.0,22.0,11.0,21.0,-121.0,21.0,13.0,-111.0,9.981674570777486,9.0,11.0,30000.0,10000.0,19000.0,0.0,26.49361341897792,16.5,19.0,0.0,10000.0,36533.18591659097,25000.0,0.0,27.7977469604201,17.0,20.0,0.0,121.0,9.993547079116805,9.0,11.0,1.0,12430.33941978776,10000.0,19000.0,1.0,16.5,16.987591930082132,19.0,1.0,18869.220298349857,10000.0,25000.0,1.0,18.27290060341393,17.0,20.0,1.0,0.0,211.0,1.0,58.0
81.0,23.0,81.0,23.0,-721.0,912.0,12.0,-711.0,14.9752192583985,12.0,17.0,30000.0,12500.0,23000.0,0.0,25.550088435967872,20.0,24.0,0.0,12500.0,33972.47978096475,26000.0,0.0,26.03707034419511,20.0,25.0,0.0,722.0,15.111625880845976,12.0,17.0,1.0,15794.085619027144,12500.0,23000.0,1.0,20.0,21.668894063947004,24.0,1.0,19797.99320005419,12500.0,26000.0,1.0,22.159728671467782,20.0,25.0,1.0,0.0,912.0,7.0,5.0
11.0,22.0,11.0,22.0,-121.0,11.0,11.0,-111.0,10.177940573107703,9.0,11.0,30000.0,10000.0,19000.0,0.0,23.535711093450093,16.5,19.0,0.0,10000.0,36973.57779799806,25000.0,0.0,24.849280659734312,17.0,20.0,0.0,122.0,10.208525762046028,9.0,11.0,1.0,16960.90487639518,10000.0,19000.0,1.0,16.5,17.90741775171462,19.0,1.0,23922.416132547252,10000.0,25000.0,1.0,19.218714418405785,17.0,20.0,1.0,0.0,111.0,1.0,50.0
11.0,22.0,11.0,22.0,-121.0,21.0,13.0,-111.0,10.019132705238608,9.0,11.0,30000.0,10000.0,19000.0,0.0,25.945708053769234,16.5,19.0,0.0,10000.0,36492.50379179775,25000.0,0.0,27.240916576765404,17.0,20.0,0.0,121.0,9.991587866305233,9.0,11.0,1.0,14610.131266487671,10000.0,19000.0,1.0,16.5,17.42964505868794,19.0,1.0,21128.02651411375,10000.0,25000.0,1.0,18.729918997285665,17.0,20.0,1.0,0.0,211.0,1.0,21.0
91.0,24.0,91.0,24.0,-721.0,911.0,12.0,-711.0,15.38033670527446,12.0,17.0,30000.0,18000.0,36000.0,1.0,24.88987018646152,20.0,25.0,1.0,18000.0,33906.66260022633,36000.0,1.0,25.365823551312612,20.0,26.0,1.0,722.0,15.306030436705603,12.0,17.0,1.0,30870.45635815079,18000.0,36000.0,1.0,20.0,24.04100992938277,25.0,1.0,34928.213705339214,18000.0,36000.0,1.0,24.535371347497478,20.0,26.0,1.0,1.0,91121.0,7.0,1.0
11.0,22.0,11.0,22.0,-121.0,21.0,13.0,-111.0,9.993032647460343,9.0,11.0,30000.0,10000.0,19000.0,0.0,25.3568240076567,16.5,19.0,0.0,10000.0,36512.53362040254,25000.0,0.0,26.65822380233848,17.0,20.0,0.0,121.0,9.999571081213054,9.0,11.0,1.0,13461.960022812345,10000.0,19000.0,1.0,16.5,17.22447782718971,19.0,1.0,20017.020062049458,10000.0,25000.0,1.0,18.534375677461785,17.0,20.0,1.0,0.0,211.0,1.0,4.0
11.0,22.0,11.0,21.0,-121.0,21.0,13.0,-111.0,10.002515831751433,9.0,11.0,30000.0,10000.0,19000.0,0.0,25.585328073381802,16.5,19.0,0.0,10000.0,36511.189924971855,25000.0,0.0,26.890875819039028,17.0,20.0,0.0,121.0,9.99578891226242,9.0,11.0,1.0,12144.307369109665,10000.0,19000.0,1.0,16.5,16.92727896198643,19.0,1.0,18636.832351321435,10000.0,25000.0,1.0,18.229084231349148,17.0,20.0,1.0,0.0,211.0,1.0,58.0
91.0,24.0,91.0,24.0,-721.0,911.0,12.0,-711.0,14.848858468964353,12.0,17.0,30000.0,18000.0,36000.0,1.0,23.976652997666363,20.0,25.0,1.0,18000.0,34565.91064685031,36000.0,1.0,24.54435951799728,20.0,26.0,1.0,721.0,14.627750372163481,12.0,17.0,1.0,26593.238187623636,18000.0,36000.0,1.0,20.0,23.05030256827624,25.0,1.0,31085.971088606944,18000.0,36000.0,1.0,23.608910469145457,20.0,26.0,1.0,1.0,91121.0,7.0,32.0
11.0,21.0,11.0,22.0,-121.0,21.0,13.0,-111.0,10.2117635720674,9.0,11.0,30000.0,10000.0,19000.0,0.0,26.64575792700949,16.5,19.0,0.0,10000.0,36947.16234649849,25000.0,0.0,27.94872790622744,17.0,20.0,0.0,122.0,10.20761337664451,9.0,11.0,1.0,12805.360483541543,10000.0,19000.0,1.0,16.5,17.174135961735367,19.0,1.0,19929.824309182215,10000.0,25000.0,1.0,18.510359590871204,17.0,20.0,1.0,0.0,211.0,1.0,59.0
92.0,24.0,92.0,24.0,-721.0,921.0,13.0,-711.0,15.200671814755742,12.0,17.0,30000.0,15000.0,28000.0,0.0,24.248506373823677,19.5,25.0,1.0,15000.0,34032.19341631979,28000.0,0.0,24.739186781916548,20.0,26.0,1.0,722.0,15.327595961803395,12.0,17.0,1.0,21283.292802556418,15000.0,28000.0,1.0,19.5,21.924103684064647,25.0,1.0,25245.445990141543,15000.0,28000.0,1.0,22.406260848237885,20.0,26.0,1.0,0.0,92122.0,7.0,25.0
11.0,21.0,11.0,22.0,-121.0,21.0,13.0,-111.0,10.227576126117517,9.0,11.0,30000.0,10000.0,19000.0,0.0,26.00313928556969,16.5,19.0,0.0,10000.0,36984.384588325025,25000.0,0.0,27.322736675737048,17.0,20.0,0.0,122.0,10.209092220619628,9.0,11.0,1.0,14429.939244683404,10000.0,19000.0,1.0,16.5,17.482801043271024,19.0,1.0,21328.530267225895,10000.0,25000.0,1.0,18.786188993069214,17.0,20.0,1.0,0.0,211.0,1.0,24.0
11.0,22.0,11.0,22.0,-121.0,11.0,11.0,-111.0,10.206382394387687,9.0,11.0,30000.0,10000.0,19000.0,0.0,25.498393092573394,16.5,19.0,0.0,10000.0,37146.7532714283,25000.0,0.0,26.849505712378022,17.0,20.0,0.0,122.0,10.18584028072124,9.0,11.0,1.0,14109.14143323268,10000.0,19000.0,1.0,16.5,17.36976158193244,19.0,1.0,21165.41069962526,10000.0,25000.0,1.0,18.70376796111967,17.0,20.0,1.0,0.0,111.0,1.0,50.0
11.0,22.0,11.0,22.0,-121.0,21.0,13.0,-111.0,10.01071517505344,9.0,11.0,30000.0,10000.0,19000.0,0.0,25.625825914167827,16.5,19.0,0.0,10000.0,36406.12138146043,25000.0,0.0,26.910977959492186,17.0,20.0,0.0,121.0,9.979691737570452,9.0,11.0,1.0,13734.846069176385,10000.0,19000.0,1.0,16.5,17.228802002551504,19.0,1.0,20217.897465700287,10000.0,25000.0,1.0,18.529387218794508,17.0,20.0,1.0,0.0,211.0,1.0,16.0
11.0,22.0,11.0,22.0,-121.0,11.0,11.0,-111.0,10.009211017798213,9.0,11.0,30000.0,10000.0,19000.0,0.0,25.8300096795699,16.5,19.0,0.0,10000.0,36431.866519652096,25000.0,0.0,27.114454588347186,17.0,20.0,0.0,121.0,9.993647189982843,9.0,11.0,1.0,14527.744775501456,10000.0,19000.0,1.0,16.5,17.41804652645651,19.0,1.0,21060.92886719514,10000.0,25000.0,1.0,18.72272457271898,17.0,20.0,1.0,0.0,111.0,1.0,57.0
11.0,21.0,11.0,22.0,-121.0,21.0,13.0,-111.0,9.995336862319524,9.0,11.0,30000.0,10000.0,19000.0,0.0,27.04766723428812,16.5,19.0,0.0,10000.0,36547.83250363756,25000.0,0.0,28.360635300506225,17.0,20.0,0.0,121.0,9.998153651654176,9.0,11.0,1.0,14153.314455938253,10000.0,19000.0,1.0,16.5,17.37573769775219,19.0,1.0,20614.20206721681,10000.0,25000.0,1.0,18.671271618071675,17.0,20.0,1.0,0.0,211.0,1.0,24.0
11.0,22.0,11.0,22.0,-121.0,11.0,11.0,-111.0,10.00869860931082,9.0,11.0,30000.0,10000.0,19000.0,0.0,26.174784997303046,16.5,19.0,0.0,10000.0,36542.37651237285,25000.0,0.0,27.48193300093893,17.0,20.0,0.0,121.0,9.999774288290697,9.0,11.0,1.0,15025.270311546476,10000.0,19000.0,1.0,16.5,17.5038786297776,19.0,1.0,21488.045179078756,10000.0,25000.0,1.0,18.79512245380188,17.0,20.0,1.0,0.0,111.0,1.0,30.0
11.0,22.0,11.0,22.0,-121.0,21.0,12.0,-111.0,10.193082248426249,9.0,11.0,30000.0,10000.0,19000.0,0.0,23.911266652113447,16.5,19.0,0.0,10000.0,36827.831670579224,25000.0,0.0,25.200307108861036,17.0,20.0,0.0,122.0,10.236109304447524,9.0,11.0,1.0,14666.386676718686,10000.0,19000.0,1.0,16.5,17.547200552313644,19.0,1.0,21581.72474402057,10000.0,25000.0,1.0,18.85276152260666,17.0,20.0,1.0,0.0,211.0,1.0,48.0
11.0,22.0,11.0,21.0,-121.0,21.0,13.0,-111.0,10.00035864685515,9.0,11.0,30000.0,10000.0,19000.0,0.0,26.438662327442863,16.5,19.0,0.0,10000.0,36580.23223232942,25000.0,0.0,27.75855403418888,17.0,20.0,0.0,121.0,9.9883152808138,9.0,11.0,1.0,12351.05996447179,10000.0,19000.0,1.0,16.5,16.951082472824524,19.0,1.0,18974.665788197275,10000.0,25000.0,1.0,18.279674243877416,17.0,20.0,1.0,0.0,211.0,1.0,20.0
11.0,22.0,11.0,22.0,-121.0,21.0,13.0,-111.0,10.215741474835477,9.0,11.0,30000.0,10000.0,19000.0,0.0,24.9513848507082,16.5,19.0,0.0,10000.0,36910.34823757522,25000.0,0.0,26.253726676605734,17.0,20.0,0.0,122.0,10.20611284445216,9.0,11.0,1.0,13613.53761006968,10000.0,19000.0,1.0,16.5,17.275035242077507,19.0,1.0,20526.893128619653,10000.0,25000.0,1.0,18.577943827805516,17.0,20.0,1.0,0.0,211.0,1.0,4.0
92.0,24.0,92.0,24.0,-721.0,921.0,13.0,-711.0,15.22121915110542,12.0,17.0,30000.0,15000.0,28000.0,0.0,24.355715789654077,19.5,25.0,1.0,15000.0,33980.49258610349,28000.0,0.0,24.837911421876257,20.0,26.0,1.0,722.0,15.003163318100299,12.0,17.0,1.0,20734.26971620431,15000.0,28000.0,1.0,19.5,21.546134140907576,25.0,1.0,24752.09213575608,15000.0,28000.0,1.0,22.03285189752792,20.0,26.0,1.0,0.0,92122.0,7.0,25.0
11.0,22.0,11.0,22.0,-121.0,21.0,13.0,-111.0,10.177616750083702,9.0,11.0,30000.0,10000.0,19000.0,0.0,24.49559902866791,16.5,19.0,0.0,10000.0,37131.62596719497,25000.0,0.0,25.84223080088009,17.0,20.0,0.0,122.0,10.201113853884292,9.0,11.0,1.0,16448.78983635479,10000.0,19000.0,1.0,16.5,17.85280980774453,19.0,1.0,23496.981622226478,10000.0,25000.0,1.0,19.183687091432596,17.0,20.0,1.0,0.0,211.0,1.0,8.0
91.0,24.0,91.0,24.0,-721.0,911.0,12.0,-711.0,15.0584726055247,12.0,17.0,30000.0,18000.0,36000.0,1.0,25.14187625571466,20.0,25.0,0.0,18000.0,34004.17226308922,36000.0,1.0,25.631906656557312,20.0,26.0,1.0,722.0,15.04714857654204,12.0,17.0,1.0,30114.065443147032,18000.0,36000.0,1.0,20.0,23.850157160695538,25.0,1.0,34187.41657541719,18000.0,36000.0,1.0,24.348653668080875,20.0,26.0,1.0,0.0,91121.0,7.0,23.0
91.0,21.0,91.0,24.0,-721.0,911.0,12.0,-711.0,15.311820201113122,12.0,17.0,30000.0,18000.0,36000.0,1.0,24.50186390319888,20.0,25.0,1.0,18000.0,34042.82078745018,36000.0,1.0,24.992823422069264,20.0,26.0,1.0,722.0,15.433533097685899,12.0,17.0,1.0,27038.362311101057,18000.0,36000.0,1.0,20.0,23.76046478363433,25.0,1.0,31120.384230618034,18000.0,36000.0,1.0,24.25618488180084,20.0,26.0,1.0,1.0,91121.0,7.0,26.0
91.0,24.0,91.0,24.0,-721.0,911.0,12.0,-711.0,14.826763283246686,12.0,17.0,30000.0,18000.0,36000.0,1.0,24.060346864524874,20.0,25.0,1.0,18000.0,34470.77730250699,36000.0,1.0,24.618382344915148,20.0,26.0,1.0,721.0,15.673001920518946,12.0,17.0,1.0,27281.795020886304,18000.0,36000.0,1.0,20.0,24.03613455382701,25.0,1.0,31839.866173868548,18000.0,36000.0,1.0,24.60506591707814,20.0,26.0,1.0,1.0,91121.0,7.0,23.0
11.0,22.0,11.0,22.0,-121.0,21.0,12.0,-111.0,9.982521655786725,9.0,11.0,30000.0,10000.0,19000.0,0.0,24.387772841031968,16.5,19.0,0.0,10000.0,36492.620545933925,25000.0,0.0,25.672510874788962,17.0,20.0,0.0,121.0,9.993746225969918,9.0,11.0,1.0,16495.870409586623,10000.0,19000.0,1.0,16.5,17.78392897891749,19.0,1.0,23039.66883435894,10000.0,25000.0,1.0,19.07879392013281,17.0,20.0,1.0,0.0,211.0,1.0,23.0
91.0,24.0,91.0,24.0,-721.0,911.0,12.0,-711.0,15.234573130983652,12.0,17.0,30000.0,18000.0,36000.0,1.0,24.97832588701819,20.0,25.0,1.0,18000.0,33967.422830102085,36000.0,1.0,25.459399701330508,20.0,26.0,1.0,722.0,15.232724690067855,12.0,17.0,1.0,26205.773629913456,18000.0,36000.0,1.0,20.0,23.429740859727577,25.0,1.0,30333.986603525467,18000.0,36000.0,1.0,23.93031144334193,20.0,26.0,1.0,1.0,91121.0,7.0,23.0
11.0,21.0,11.0,22.0,-121.0,11.0,11.0,-111.0,9.998745702744204,9.0,11.0,30000.0,10000.0,19000.0,0.0,26.544094468839674,16.5,19.0,0.0,10000.0,36575.21660540709,25000.0,0.0,27.86447312120678,17.0,20.0,0.0,121.0,10.001557127992582,9.0,11.0,1.0,11070.505213637462,10000.0,19000.0,1.0,16.5,16.78906889472347,19.0,1.0,17604.951121024762,10000.0,25000.0,1.0,18.101260324898814,17.0,20.0,1.0,0.0,111.0,1.0,29.0
11.0,21.0,11.0,21.0,-121.0,11.0,11.0,-111.0,10.210992456937817,9.0,11.0,30000.0,10000.0,19000.0,0.0,24.50322150091079,16.5,19.0,0.0,10000.0,36802.522741298766,25000.0,0.0,25.79440361799141,17.0,20.0,0.0,122.0,10.188000722140814,9.0,11.0,1.0,13281.990455525227,10000.0,19000.0,1.0,16.5,17.160453790922368,19.0,1.0,20338.963848640087,10000.0,25000.0,1.0,18.499933009504737,17.0,20.0,1.0,0.0,111.0,1.0,56.0
11.0,22.0,11.0,22.0,-121.0,21.0,13.0,-111.0,10.007284025593977,9.0,11.0,30000.0,10000.0,19000.0,0.0,25.773167522161145,16.5,19.0,0.0,10000.0,36518.30841812354,25000.0,0.0,27.07994611917562,17.0,20.0,0.0,121.0,9.996104254555618,9.0,11.0,1.0,17062.878076352936,10000.0,19000.0,1.0,16.5,17.950583996290383,19.0,1.0,23692.382572531063,10000.0,25000.0,1.0,19.279654980463107,17.0,20.0,1.0,0.0,211.0,1.0,13.0
11.0,22.0,11.0,22.0,-121.0,21.0,13.0,-111.0,10.000307795995997,9.0,11.0,30000.0,10000.0,19000.0,0.0,25.92010560481544,16.5,19.0,0.0,10000.0,36517.68563049986,25000.0,0.0,27.22436628885173,17.0,20.0,0.0,121.0,9.99744788307142,9.0,11.0,1.0,15205.089311600395,10000.0,19000.0,1.0,16.5,17.564197355786845,19.0,1.0,21809.57505523134,10000.0,25000.0,1.0,18.885827698524835,17.0,20.0,1.0,0.0,211.0,1.0,31.0
11.0,21.0,11.0,22.0,-121.0,11.0,12.0,-111.0,9.998861094468033,9.0,11.0,30000.0,10000.0,19000.0,0.0,24.61995258999734,16.5,19.0,0.0,10000.0,36427.28023923494,25000.0,0.0,25.90426910577884,17.0,20.0,0.0,121.0,9.994715170399699,9.0,11.0,1.0,16488.194988108433,10000.0,19000.0,1.0,16.5,17.81056695320948,19.0,1.0,22992.330239620114,10000.0,25000.0,1.0,19.110240845348258,17.0,20.0,1.0,0.0,111.0,1.0,51.0
11.0,21.0,11.0,22.0,-121.0,11.0,12.0,-111.0,10.22413675183175,9.0,11.0,30000.0,10000.0,19000.0,0.0,24.337655369035755,16.5,19.0,0.0,10000.0,36978.85176656897,25000.0,0.0,25.65094757220729,17.0,20.0,0.0,122.0,10.205872670353806,9.0,11.0,1.0,16016.457585163085,10000.0,19000.0,1.0,16.5,17.751525811960164,19.0,1.0,22994.30281531094,10000.0,25000.0,1.0,19.064628603394887,17.0,20.0,1.0,0.0,111.0,1.0,7.0
11.0,22.0,11.0,22.0,-121.0,21.0,12.0,-111.0,10.01677276024433,9.0,11.0,30000.0,10000.0,19000.0,0.0,23.514327731194108,16.5,19.0,0.0,10000.0,36513.250933281895,25000.0,0.0,24.812168107900348,17.0,20.0,0.0,121.0,9.995603803752386,9.0,11.0,1.0,15598.838935373284,10000.0,19000.0,1.0,16.5,17.651510950368987,19.0,1.0,22016.075899014795,10000.0,25000.0,1.0,18.93021943613419,17.0,20.0,1.0,0.0,211.0,1.0,48.0
11.0,22.0,11.0,22.0,-121.0,21.0,12.0,-111.0,10.012008764314565,9.0,11.0,30000.0,10000.0,19000.0,0.0,25.15847839772676,16.5,19.0,0.0,10000.0,36425.54678844851,25000.0,0.0,26.434325302158594,17.0,20.0,0.0,121.0,9.998221703095979,9.0,11.0,1.0,16978.948733648453,10000.0,19000.0,1.0,16.5,17.892157240955505,19.0,1.0,23542.74274708713,10000.0,25000.0,1.0,19.19545430641754,17.0,20.0,1.0,0.0,211.0,1.0,48.0
11.0,22.0,11.0,22.0,-121.0,11.0,11.0,-111.0,10.008646966888572,9.0,11.0,30000.0,10000.0,19000.0,0.0,25.19781361535264,16.5,19.0,0.0,10000.0,36597.477937848336,25000.0,0.0,26.51012135589862,17.0,20.0,0.0,121.0,9.99883227030526,9.0,11.0,1.0,16450.57857190173,10000.0,19000.0,1.0,16.5,17.78955007752858,19.0,1.0,22940.770484096633,10000.0,25000.0,1.0,19.080517499358262,17.0,20.0,1.0,0.0,111.0,1.0,55.0
11.0,21.0,11.0,22.0,-121.0,11.0,12.0,-111.0,10.202786249246962,9.0,11.0,30000.0,10000.0,19000.0,0.0,24.614193159603083,16.5,19.0,0.0,10000.0,37047.267546975025,25000.0,0.0,25.94109340281494,17.0,20.0,0.0,122.0,10.227990675148563,9.0,11.0,1.0,16523.569130295436,10000.0,19000.0,1.0,16.5,17.830986129027615,19.0,1.0,23513.716743020806,10000.0,25000.0,1.0,19.147131501058137,17.0,20.0,1.0,0.0,111.0,1.0,7.0
11.0,21.0,11.0,22.0,-121.0,11.0,11.0,-111.0,10.005427965242538,9.0,11.0,30000.0,10000.0,19000.0,0.0,26.485953443070144,16.5,19.0,0.0,10000.0,36467.93727806054,25000.0,0.0,27.780294064537586,17.0,20.0,0.0,121.0,9.994882994303909,9.0,11.0,1.0,15329.378248407871,10000.0,19000.0,1.0,16.5,17.664257835836167,19.0,1.0,21798.174075235715,10000.0,25000.0,1.0,18.9587702670317,17.0,20.0,1.0,0.0,111.0,1.0,35.0
91.0,24.0,91.0,24.0,-721.0,911.0,12.0,-711.0,15.11265232591993,12.0,17.0,30000.0,18000.0,36000.0,1.0,25.390639170123727,20.0,25.0,0.0,18000.0,34063.96969259165,36000.0,1.0,25.882987871403714,20.0,26.0,1.0,722.0,15.268727724352717,12.0,17.0,1.0,30552.231451235366,18000.0,36000.0,1.0,20.0,24.10665536265258,25.0,1.0,34622.79173474304,18000.0,36000.0,1.0,24.59980251203224,20.0,26.0,1.0,0.0,91121.0,7.0,1.0
11.0,22.0,11.0,21.0,-121.0,11.0,11.0,-111.0,9.994987357390414,9.0,11.0,30000.0,10000.0,19000.0,0.0,26.146318190056952,16.5,19.0,0.0,10000.0,36627.14890336059,25000.0,0.0,27.46859923182284,17.0,20.0,0.0,121.0,9.984872179621995,9.0,11.0,1.0,14049.442126556867,10000.0,19000.0,1.0,16.5,17.254104980331185,19.0,1.0,20523.039198260896,10000.0,25000.0,1.0,18.54574861242231,17.0,20.0,1.0,0.0,111.0,1.0,39.0
11.0,22.0,11.0,21.0,-121.0,21.0,12.0,-111.0,10.226580188732719,9.0,11.0,30000.0,10000.0,19000.0,0.0,24.649453298687227,16.5,19.0,0.0,10000.0,37074.32764160509,25000.0,0.0,25.98860108319333,17.0,20.0,0.0,122.0,10.208813028218332,9.0,11.0,1.0,12727.690397249771,10000.0,19000.0,1.0,16.5,17.090495892820094,19.0,1.0,19658.359075484776,10000.0,25000.0,1.0,18.402449491211595,17.0,20.0,1.0,0.0,211.0,1.0,53.0
91.0,24.0,91.0,24.0,-721.0,911.0,11.0,-711.0,14.684188643469616,12.0,17.0,30000.0,18000.0,36000.0,1.0,23.883233792045488,20.0,25.0,1.0,18000.0,34485.19556254526,36000.0,1.0,24.447124060260208,20.0,26.0,1.0,721.0,14.953554755804086,12.0,17.0,1.0,26099.64217194245,18000.0,36000.0,1.0,20.0,23.373778272087314,25.0,1.0,30610.302039271024,18000.0,36000.0,1.0,23.94086997788796,20.0,26.0,1.0,1.0,91121.0,7.0,28.0
11.0,22.0,11.0,22.0,-121.0,11.0,11.0,-111.0,9.994250035411186,9.0,11.0,30000.0,10000.0,19000.0,0.0,24.512560917713408,16.5,19.0,0.0,10000.0,36468.524571127244,25000.0,0.0,25.802272675619356,17.0,20.0,0.0,121.0,10.005544503278074,9.0,11.0,1.0,15392.567357141303,10000.0,19000.0,1.0,16.5,17.624803115393423,19.0,1.0,21855.48345229119,10000.0,25000.0,1.0,18.913396640334124,17.0,20.0,1.0,0.0,111.0,1.0,57.0
11.0,22.0,11.0,22.0,-121.0,21.0,13.0,-111.0,10.002295231998476,9.0,11.0,30000.0,10000.0,19000.0,0.0,25.246214445427583,16.5,19.0,0.0,10000.0,36598.6436180092,25000.0,0.0,26.56559311616211,17.0,20.0,0.0,121.0,10.022517622622264,9.0,11.0,1.0,12126.945160072868,10000.0,19000.0,1.0,16.5,16.96762551832615,19.0,1.0,18675.384389477855,10000.0,25000.0,1.0,18.276965974643264,17.0,20.0,1.0,0.0,211.0,1.0,28.0
11.0,22.0,11.0,21.0,-121.0,11.0,12.0,-111.0,10.002438490282838,9.0,11.0,30000.0,10000.0,19000.0,0.0,23.757281433629558,16.5,19.0,0.0,10000.0,36556.21438552188,25000.0,0.0,25.068911664764297,17.0,20.0,0.0,121.0,10.011172792345148,9.0,11.0,1.0,14605.764498727704,10000.0,19000.0,1.0,16.5,17.405154544459286,19.0,1.0,21181.672375331436,10000.0,25000.0,1.0,18.72072463734055,17.0,20.0,1.0,0.0,111.0,1.0,45.0
11.0,21.0,11.0,22.0,-121.0,21.0,13.0,-111.0,10.208757867371045,9.0,11.0,30000.0,10000.0,19000.0,0.0,27.99564355131229,16.5,19.0,0.0,10000.0,36898.69318646409,25000.0,0.0,29.29311789592101,17.0,20.0,0.0,122.0,10.177468471033672,9.0,11.0,1.0,12758.303679713967,10000.0,19000.0,1.0,16.5,17.115573255879728,19.0,1.0,19674.328600116012,10000.0,25000.0,1.0,18.416307272940067,17.0,20.0,1.0,0.0,211.0,1.0,52.0
91.0,24.0,91.0,21.0,-721.0,911.0,11.0,-711.0,14.225955525709661,12.0,17.0,30000.0,18000.0,36000.0,1.0,23.346552955982332,20.0,25.0,1.0,18000.0,34456.9039309584,36000.0,1.0,23.901339226029556,20.0,26.0,1.0,721.0,15.616043799528036,12.0,17.0,1.0,21499.024258106645,18000.0,36000.0,1.0,20.0,23.242899170839298,25.0,1.0,26034.230983473903,18000.0,36000.0,1.0,23.80743241230823,20.0,26.0,1.0,1.0,91121.0,7.0,21.0
91.0,24.0,91.0,24.0,-721.0,911.0,12.0,-711.0,14.69590975941547,12.0,17.0,30000.0,18000.0,36000.0,1.0,23.36351856819411,20.0,25.0,1.0,18000.0,34482.46938925797,36000.0,1.0,23.923147442640953,20.0,26.0,1.0,721.0,14.605450445952082,12.0,17.0,1.0,31022.017592416552,18000.0,36000.0,1.0,20.0,23.527296515466265,25.0,1.0,35518.8917213696,18000.0,36000.0,1.0,24.088723797791047,20.0,26.0,1.0,1.0,91121.0,7.0,1.0
91.0,24.0,91.0,24.0,-721.0,911.0,12.0,-711.0,15.075365138807737,12.0,17.0,30000.0,18000.0,36000.0,1.0,24.55019837085911,20.0,25.0,1.0,18000.0,34011.95138159251,36000.0,1.0,25.0398360197673,20.0,26.0,1.0,722.0,15.080066729189532,12.0,17.0,1.0,25400.63529951323,18000.0,36000.0,1.0,20.0,23.090665341137893,25.0,1.0,29367.806428377786,18000.0,36000.0,1.0,23.574837794788774,20.0,26.0,1.0,1.0,91121.0,7.0,32.0
81.0,23.0,81.0,23.0,-721.0,912.0,12.0,-711.0,15.031342481852763,12.0,17.0,30000.0,12500.0,23000.0,0.0,25.758081056417893,20.0,24.0,0.0,12500.0,34018.919339022934,26000.0,0.0,26.247378151585853,20.0,25.0,0.0,722.0,15.103698783712133,12.0,17.0,1.0,17925.916455505103,12500.0,23000.0,1.0,20.0,21.83160986863141,24.0,1.0,22008.55042636821,12500.0,26000.0,1.0,22.328664119803072,20.0,25.0,1.0,0.0,912.0,7.0,5.0
92.0,24.0,92.0,24.0,-721.0,921.0,13.0,-711.0,15.813533708082067,12.0,17.0,30000.0,15000.0,28000.0,0.0,24.746748909991272,19.5,25.0,1.0,15000.0,34494.74951977351,28000.0,0.0,25.306135187867245,20.0,26.0,1.0,721.0,14.459326043787994,12.0,17.0,1.0,22482.110483402626,15000.0,28000.0,1.0,19.5,21.26628392024767,25.0,1.0,26964.422168946174,15000.0,28000.0,1.0,21.824122268975614,20.0,26.0,1.0,0.0,92122.0,7.0,25.0
91.0,24.0,91.0,24.0,-721.0,911.0,12.0,-711.0,15.119235325805485,12.0,17.0,30000.0,18000.0,36000.0,1.0,25.01473908480008,20.0,25.0,0.0,18000.0,34058.19959966336,36000.0,1.0,25.509405212492698,20.0,26.0,1.0,722.0,15.382897979640221,12.0,17.0,1.0,24328.380938281505,18000.0,36000.0,1.0,20.0,23.351168557432686,25.0,1.0,28338.37038959226,18000.0,36000.0,1.0,23.839958205465937,20.0,26.0,1.0,0.0,91121.0,7.0,1.0
11.0,22.0,11.0,22.0,-121.0,21.0,13.0,-111.0,9.983794206366266,9.0,11.0,30000.0,10000.0,19000.0,0.0,25.926282653686904,16.5,19.0,0.0,10000.0,36481.736017728705,25000.0,0.0,27.22342202401909,17.0,20.0,0.0,121.0,10.01009173992109,9.0,11.0,1.0,12530.396858848082,10000.0,19000.0,1.0,16.5,17.078401948236742,19.0,1.0,19043.269309498148,10000.0,25000.0,1.0,18.381772410499167,17.0,20.0,1.0,0.0,211.0,1.0,47.0
11.0,22.0,11.0,21.0,-121.0,11.0,12.0,-111.0,9.976236067484196,9.0,11.0,30000.0,10000.0,19000.0,0.0,26.63647583423341,16.5,19.0,0.0,10000.0,36560.174472460545,25000.0,0.0,27.944565131719006,17.0,20.0,0.0,121.0,9.985863383406148,9.0,11.0,1.0,14403.09114896718,10000.0,19000.0,1.0,16.5,17.305463831724186,19.0,1.0,20848.49382066189,10000.0,25000.0,1.0,18.59066779820751,17.0,20.0,1.0,0.0,111.0,1.0,45.0
11.0,22.0,11.0,22.0,-121.0,21.0,13.0,-111.0,9.986319325440391,9.0,11.0,30000.0,10000.0,19000.0,0.0,25.800050070165327,16.5,19.0,0.0,10000.0,36574.22671352615,25000.0,0.0,27.120089599976097,17.0,20.0,0.0,121.0,9.992086608221895,9.0,11.0,1.0,12043.678904416045,10000.0,19000.0,1.0,16.5,16.91957897163718,19.0,1.0,18604.690926649982,10000.0,25000.0,1.0,18.236965122481863,17.0,20.0,1.0,0.0,211.0,1.0,28.0
91.0,21.0,91.0,24.0,-721.0,911.0,12.0,-711.0,15.348979400761468,12.0,17.0,30000.0,18000.0,36000.0,1.0,24.86512393254021,20.0,25.0,1.0,18000.0,33932.473236478625,36000.0,1.0,25.345260415724773,20.0,26.0,1.0,722.0,15.063124789149361,12.0,17.0,1.0,30891.106725366713,18000.0,36000.0,1.0,20.0,23.863454099127637,25.0,1.0,34876.11831159751,18000.0,36000.0,1.0,24.350005267668053,20.0,26.0,1.0,1.0,91121.0,7.0,19.0
11.0,21.0,11.0,21.0,-121.0,11.0,11.0,-111.0,9.987376215414912,9.0,11.0,30000.0,10000.0,19000.0,0.0,25.795747632158278,16.5,19.0,0.0,10000.0,36540.55367120928,25000.0,0.0,27.108210434662247,17.0,20.0,0.0,121.0,9.994618604402904,9.0,11.0,1.0,14912.05419250435,10000.0,19000.0,1.0,16.5,17.452763638945484,19.0,1.0,21425.55811451836,10000.0,25000.0,1.0,18.759798492774078,17.0,20.0,1.0,0.0,111.0,1.0,56.0
91.0,24.0,91.0,24.0,-721.0,911.0,12.0,-711.0,15.420273598373281,12.0,17.0,30000.0,18000.0,36000.0,1.0,24.129308749188198,20.0,25.0,1.0,18000.0,34001.87194877941,36000.0,1.0,24.616108718259323,20.0,26.0,1.0,722.0,15.190422063933056,12.0,17.0,1.0,30030.85982953721,18000.0,36000.0,1.0,20.0,23.88270907695813,25.0,1.0,34087.423539344374,18000.0,36000.0,1.0,24.376161919463865,20.0,26.0,1.0,1.0,91121.0,7.0,24.0
11.0,22.0,11.0,21.0,-121.0,11.0,11.0,-111.0,10.20057483899858,9.0,11.0,30000.0,10000.0,19000.0,0.0,24.440720921199222,16.5,19.0,0.0,10000.0,37084.88017854764,25000.0,0.0,25.779186008742514,17.0,20.0,0.0,122.0,10.209765114294994,9.0,11.0,1.0,10150.967609015417,10000.0,19000.0,1.0,16.5,16.605755893221172,19.0,1.0,17223.753949214963,10000.0,25000.0,1.0,17.941936230705835,17.0,20.0,1.0,0.0,111.0,1.0,0.0
11.0,21.0,11.0,22.0,-121.0,21.0,13.0,-111.0,10.213673275938934,9.0,11.0,30000.0,10000.0,19000.0,0.0,26.509398900368858,16.5,19.0,0.0,10000.0,36919.5176514575,25000.0,0.0,27.812349318781884,17.0,20.0,0.0,122.0,10.203070530774653,9.0,11.0,1.0,14372.981367420693,10000.0,19000.0,1.0,16.5,17.427125120370636,19.0,1.0,21309.618648347114,10000.0,25000.0,1.0,18.73329917798847,17.0,20.0,1.0,0.0,211.0,1.0,32.0
11.0,21.0,11.0,21.0,-121.0,11.0,11.0,-111.0,10.223394095180312,9.0,11.0,30000.0,10000.0,19000.0,0.0,26.04028116098429,16.5,19.0,0.0,10000.0,36783.43753011686,25000.0,0.0,27.3265209109825,17.0,20.0,0.0,122.0,10.19509122164704,9.0,11.0,1.0,17321.25954161388,10000.0,19000.0,1.0,16.5,17.998626948242045,19.0,1.0,24389.083180951096,10000.0,25000.0,1.0,19.338790496668786,17.0,20.0,1.0,0.0,111.0,1.0,18.0
11.0,22.0,11.0,21.0,-121.0,11.0,12.0,-111.0,10.015092789537215,9.0,11.0,30000.0,10000.0,19000.0,0.0,23.879116595292892,16.5,19.0,0.0,10000.0,36516.58540676304,25000.0,0.0,25.17692374090423,17.0,20.0,0.0,121.0,9.991898624944415,9.0,11.0,1.0,14391.886579949236,10000.0,19000.0,1.0,16.5,17.343403108813547,19.0,1.0,20931.096833797965,10000.0,25000.0,1.0,18.64571609396866,17.0,20.0,1.0,0.0,111.0,1.0,46.0
11.0,21.0,11.0,22.0,-121.0,21.0,13.0,-111.0,9.98978163324139,9.0,11.0,30000.0,10000.0,19000.0,0.0,28.828742984088066,16.5,19.0,0.0,10000.0,36486.43101615979,25000.0,0.0,30.121987917443487,17.0,20.0,0.0,121.0,10.003564651350132,9.0,11.0,1.0,14399.5181006402,10000.0,19000.0,1.0,16.5,17.36952217768584,19.0,1.0,20910.15479465018,10000.0,25000.0,1.0,18.667593165640504,17.0,20.0,1.0,0.0,211.0,1.0,9.0
11.0,21.0,11.0,22.0,-121.0,11.0,12.0,-111.0,10.00291623397791,9.0,11.0,30000.0,10000.0,19000.0,0.0,24.932776827170706,16.5,19.0,0.0,10000.0,36467.98690017251,25000.0,0.0,26.22898452500569,17.0,20.0,0.0,121.0,10.00986319400563,9.0,11.0,1.0,16635.83897532991,10000.0,19000.0,1.0,16.5,17.86854814986228,19.0,1.0,23191.987051425855,10000.0,25000.0,1.0,19.18242366252835,17.0,20.0,1.0,0.0,111.0,1.0,51.0
91.0,24.0,91.0,24.0,-721.0,911.0,12.0,-711.0,15.278285855113271,12.0,17.0,30000.0,18000.0,36000.0,1.0,24.43443406871421,20.0,25.0,1.0,18000.0,34085.923053641854,36000.0,1.0,24.932103805123624,20.0,26.0,1.0,722.0,15.064893333433517,12.0,17.0,1.0,25528.488193134504,18000.0,36000.0,1.0,20.0,23.16517424465983,25.0,1.0,29520.505132872157,18000.0,36000.0,1.0,23.6514061173747,20.0,26.0,1.0,1.0,91121.0,7.0,27.0
11.0,22.0,11.0,22.0,-121.0,21.0,13.0,-111.0,10.219894271817042,9.0,11.0,30000.0,10000.0,19000.0,0.0,24.221424266700545,16.5,19.0,0.0,10000.0,37162.89151250012,25000.0,0.0,25.570849899846962,17.0,20.0,0.0,122.0,10.19219011528578,9.0,11.0,1.0,14222.180160985128,10000.0,19000.0,1.0,16.5,17.42296966120924,19.0,1.0,21075.328613006353,10000.0,25000.0,1.0,18.714042431580893,17.0,20.0,1.0,0.0,211.0,1.0,28.0
11.0,22.0,11.0,22.0,-121.0,21.0,13.0,-111.0,10.209326733478843,9.0,11.0,30000.0,10000.0,19000.0,0.0,26.860231129639168,16.5,19.0,0.0,10000.0,37022.13988656923,25000.0,0.0,28.187605055547195,17.0,20.0,0.0,122.0,10.19974125751105,9.0,11.0,1.0,13081.569530730636,10000.0,19000.0,1.0,16.5,17.164322127201128,19.0,1.0,20094.418104934222,10000.0,25000.0,1.0,18.489939744352732,17.0,20.0,1.0,0.0,211.0,1.0,22.0
11.0,22.0,11.0,22.0,-121.0,21.0,13.0,-111.0,9.990582497138014,9.0,11.0,30000.0,10000.0,19000.0,0.0,26.492749080172345,16.5,19.0,0.0,10000.0,36506.117543484404,25000.0,0.0,27.791002868335738,17.0,20.0,0.0,121.0,10.016374615159721,9.0,11.0,1.0,15472.62105879938,10000.0,19000.0,1.0,16.5,17.632260008111352,19.0,1.0,21997.751802529696,10000.0,25000.0,1.0,18.93430775773938,17.0,20.0,1.0,0.0,211.0,1.0,21.0
11.0,22.0,11.0,22.0,-121.0,21.0,13.0,-111.0,10.197683197431125,9.0,11.0,30000.0,10000.0,19000.0,0.0,24.245241444040637,16.5,19.0,0.0,10000.0,36732.42751496689,25000.0,0.0,25.504987058924183,17.0,20.0,0.0,122.0,10.197302276441896,9.0,11.0,1.0,13049.60125579113,10000.0,19000.0,1.0,16.5,17.10309993245202,19.0,1.0,20111.627834104293,10000.0,25000.0,1.0,18.42451884033384,17.0,20.0,1.0,0.0,211.0,1.0,47.0
11.0,22.0,11.0,22.0,-121.0,21.0,13.0,-111.0,10.211923157444161,9.0,11.0,30000.0,10000.0,19000.0,0.0,26.042747480348993,16.5,19.0,0.0,10000.0,37004.28834583747,25000.0,0.0,27.36028973982757,17.0,20.0,0.0,122.0,10.193818138452563,9.0,11.0,1.0,14402.906506094489,10000.0,19000.0,1.0,16.5,17.4600501223941,19.0,1.0,21463.525443010694,10000.0,25000.0,1.0,18.78818845253441,17.0,20.0,1.0,0.0,211.0,1.0,41.0
11.0,22.0,11.0,22.0,-121.0,11.0,11.0,-111.0,10.006600106236169,9.0,11.0,30000.0,10000.0,19000.0,0.0,23.10407267597695,16.5,19.0,0.0,10000.0,36509.920588854744,25000.0,0.0,24.39802970574992,17.0,20.0,0.0,121.0,10.002293982934683,9.0,11.0,1.0,13961.667505530168,10000.0,19000.0,1.0,16.5,17.31361099110648,19.0,1.0,20519.13465729478,10000.0,25000.0,1.0,18.617018705949878,17.0,20.0,1.0,0.0,111.0,1.0,38.0
91.0,24.0,91.0,24.0,-721.0,911.0,12.0,-711.0,15.073835170386273,12.0,17.0,30000.0,18000.0,36000.0,1.0,24.261937982898246,20.0,25.0,1.0,18000.0,34055.6343429501,36000.0,1.0,24.758456349795583,20.0,26.0,1.0,722.0,15.27223655119235,12.0,17.0,1.0,27514.294960989897,18000.0,36000.0,1.0,20.0,23.64258181907741,25.0,1.0,31525.212006404832,18000.0,36000.0,1.0,24.13362558997651,20.0,26.0,1.0,1.0,91121.0,7.0,1.0
92.0,24.0,92.0,24.0,-721.0,921.0,13.0,-711.0,15.289562238218483,12.0,17.0,30000.0,15000.0,28000.0,0.0,24.79489387559893,19.5,25.0,1.0,15000.0,34026.40899055754,28000.0,0.0,25.284659663485275,20.0,26.0,1.0,722.0,15.127585832078337,12.0,17.0,1.0,20787.758967640842,15000.0,28000.0,1.0,19.5,21.706869217611747,25.0,1.0,24742.541799203354,15000.0,28000.0,1.0,22.187922516956633,20.0,26.0,1.0,0.0,92122.0,7.0,25.0
81.0,23.0,81.0,21.0,-721.0,912.0,12.0,-711.0,14.884358137282431,12.0,17.0,30000.0,12500.0,23000.0,0.0,25.23645095950382,20.0,24.0,0.0,12500.0,34082.20938148202,26000.0,0.0,25.736694469716372,20.0,25.0,0.0,722.0,14.926975583705401,12.0,17.0,1.0,15693.308522420333,12500.0,23000.0,1.0,20.0,21.265439116345373,24.0,1.0,19746.992719349328,12500.0,26000.0,1.0,21.762187083552465,20.0,25.0,1.0,0.0,912.0,7.0,11.0
11.0,22.0,11.0,22.0,-121.0,21.0,13.0,-111.0,10.208610297141258,9.0,11.0,30000.0,10000.0,19000.0,0.0,25.290506463202703,16.5,19.0,0.0,10000.0,36777.98482366919,25000.0,0.0,26.5699583252661,17.0,20.0,0.0,122.0,10.216947483918373,9.0,11.0,1.0,14270.588711795444,10000.0,19000.0,1.0,16.5,17.453945849383118,19.0,1.0,21182.526060009433,10000.0,25000.0,1.0,18.75868336956107,17.0,20.0,1.0,0.0,211.0,1.0,19.0
11.0,22.0,11.0,21.0,-121.0,21.0,13.0,-111.0,10.20651951704136,9.0,11.0,30000.0,10000.0,19000.0,0.0,25.544873223795598,16.5,19.0,0.0,10000.0,36917.82470964681,25000.0,0.0,26.861349190983237,17.0,20.0,0.0,122.0,10.192130660340595,9.0,11.0,1.0,12876.821806936356,10000.0,19000.0,1.0,16.5,17.10332367187156,19.0,1.0,19914.830471551286,10000.0,25000.0,1.0,18.44267088760883,17.0,20.0,1.0,0.0,211.0,1.0,33.0
11.0,22.0,11.0,22.0,-121.0,11.0,11.0,-111.0,10.182119168917264,9.0,11.0,30000.0,10000.0,19000.0,0.0,24.36300161049459,16.5,19.0,0.0,10000.0,37047.97608390871,25000.0,0.0,25.699301725175708,17.0,20.0,0.0,122.0,10.21917451285103,9.0,11.0,1.0,14581.867148712416,10000.0,19000.0,1.0,16.5,17.516945308621466,19.0,1.0,21595.691366934683,10000.0,25000.0,1.0,18.84677021091678,17.0,20.0,1.0,0.0,111.0,1.0,27.0
11.0,21.0,11.0,22.0,-121.0,11.0,12.0,-111.0,10.003172418120794,9.0,11.0,30000.0,10000.0,19000.0,0.0,24.77853952676795,16.5,19.0,0.0,10000.0,36498.90453235693,25000.0,0.0,26.075889842473288,17.0,20.0,0.0,121.0,9.996533880162248,9.0,11.0,1.0,17384.979701830376,10000.0,19000.0,1.0,16.5,17.99588959222309,19.0,1.0,23829.241377003105,10000.0,25000.0,1.0,19.282331772924135,17.0,20.0,1.0,0.0,111.0,1.0,51.0
11.0,22.0,11.0,21.0,-121.0,21.0,13.0,-111.0,10.212625172173096,9.0,11.0,30000.0,10000.0,19000.0,0.0,27.282142977851557,16.5,19.0,0.0,10000.0,36986.37343457638,25000.0,0.0,28.599217756049885,17.0,20.0,0.0,122.0,10.217492939063781,9.0,11.0,1.0,13137.6609407014,10000.0,19000.0,1.0,16.5,17.179638524515436,19.0,1.0,20191.08630647059,10000.0,25000.0,1.0,18.50935396789299,17.0,20.0,1.0,0.0,211.0,1.0,33.0
11.0,22.0,11.0,22.0,-121.0,21.0,13.0,-111.0,9.985166819047445,9.0,11.0,30000.0,10000.0,19000.0,0.0,24.623385247387617,16.5,19.0,0.0,10000.0,36573.13574957896,25000.0,0.0,25.93606527697613,17.0,20.0,0.0,121.0,10.01302937437154,9.0,11.0,1.0,12043.715057321138,10000.0,19000.0,1.0,16.5,16.942005412668625,19.0,1.0,18532.61994877944,10000.0,25000.0,1.0,18.237864221831686,17.0,20.0,1.0,0.0,211.0,1.0,8.0
81.0,23.0,81.0,23.0,-721.0,912.0,12.0,-711.0,15.208306770118439,12.0,17.0,30000.0,12500.0,23000.0,0.0,25.87662976060578,20.0,24.0,0.0,12500.0,34081.22322722954,26000.0,0.0,26.375421391523787,20.0,25.0,0.0,722.0,15.069264424033284,12.0,17.0,1.0,16733.440464275915,12500.0,23000.0,1.0,20.0,21.702952165337315,24.0,1.0,20862.360139025724,12500.0,26000.0,1.0,22.207573075254057,20.0,25.0,1.0,0.0,912.0,7.0,31.0
11.0,22.0,11.0,22.0,-121.0,11.0,11.0,-111.0,10.175447041630765,9.0,11.0,30000.0,10000.0,19000.0,0.0,23.418439173237953,16.5,19.0,0.0,10000.0,37154.25594804532,25000.0,0.0,24.7646898584587,17.0,20.0,0.0,122.0,10.206852608257638,9.0,11.0,1.0,12755.91535909795,10000.0,19000.0,1.0,16.5,17.112377390462022,19.0,1.0,19650.003289607994,10000.0,25000.0,1.0,18.40967101090581,17.0,20.0,1.0,0.0,111.0,1.0,11.0
81.0,23.0,81.0,23.0,-721.0,912.0,12.0,-711.0,15.148765535804463,12.0,17.0,30000.0,12500.0,23000.0,0.0,26.705004448540414,20.0,24.0,0.0,12500.0,34006.647279479635,26000.0,0.0,27.193258799417972,20.0,25.0,0.0,722.0,15.118298538838356,12.0,17.0,1.0,18889.997560671793,12500.0,23000.0,1.0,20.0,21.969561064024862,24.0,1.0,22954.955993830947,12500.0,26000.0,1.0,22.46492127486532,20.0,25.0,1.0,0.0,912.0,7.0,5.0
11.0,22.0,11.0,22.0,-121.0,11.0,11.0,-111.0,10.000183042653855,9.0,11.0,30000.0,10000.0,19000.0,0.0,24.364188104554774,16.5,19.0,0.0,10000.0,36515.773900336295,25000.0,0.0,25.66221086312674,17.0,20.0,0.0,121.0,9.990034801254465,9.0,11.0,1.0,17696.43434208656,10000.0,19000.0,1.0,16.5,18.091103759763158,19.0,1.0,24179.055204210483,10000.0,25000.0,1.0,19.382522023032852,17.0,20.0,1.0,0.0,111.0,1.0,55.0
11.0,21.0,11.0,22.0,-121.0,21.0,12.0,-111.0,9.98051052236332,9.0,11.0,30000.0,10000.0,19000.0,0.0,25.226379162700013,16.5,19.0,0.0,10000.0,36485.49899597101,25000.0,0.0,26.524108777521235,17.0,20.0,0.0,121.0,9.997610957199367,9.0,11.0,1.0,16744.332764948016,10000.0,19000.0,1.0,16.5,17.85271942735467,19.0,1.0,23241.625498329806,10000.0,25000.0,1.0,19.15280893496393,17.0,20.0,1.0,0.0,211.0,1.0,37.0
11.0,22.0,11.0,21.0,-121.0,11.0,11.0,-111.0,10.195208817490805,9.0,11.0,30000.0,10000.0,19000.0,0.0,24.67604063404375,16.5,19.0,0.0,10000.0,37046.63464547739,25000.0,0.0,26.00510999449656,17.0,20.0,0.0,122.0,10.174331751016974,9.0,11.0,1.0,11965.260339695678,10000.0,19000.0,1.0,16.5,16.896279293102296,19.0,1.0,18982.21147276775,10000.0,25000.0,1.0,18.21975003111569,17.0,20.0,1.0,0.0,111.0,1.0,1.0
91.0,24.0,91.0,24.0,-721.0,911.0,12.0,-711.0,15.105960230345088,12.0,17.0,30000.0,18000.0,36000.0,1.0,24.415657330689008,20.0,25.0,1.0,18000.0,34032.956229582654,36000.0,1.0,24.90907555044495,20.0,26.0,1.0,722.0,15.404515339505405,12.0,17.0,1.0,30851.218840670685,18000.0,36000.0,1.0,20.0,24.358982516617665,25.0,1.0,34821.00100485636,18000.0,36000.0,1.0,24.84467160838202,20.0,26.0,1.0,1.0,91121.0,7.0,1.0
11.0,22.0,11.0,21.0,-121.0,21.0,13.0,-111.0,10.204324227908229,9.0,11.0,30000.0,10000.0,19000.0,0.0,25.84591420560087,16.5,19.0,0.0,10000.0,37030.05451361623,25000.0,0.0,27.17019647921795,17.0,20.0,0.0,122.0,10.200982732154262,9.0,11.0,1.0,10885.085906597411,10000.0,19000.0,1.0,16.5,16.713933671345465,19.0,1.0,17802.851671882836,10000.0,25000.0,1.0,18.01706361980587,17.0,20.0,1.0,0.0,211.0,1.0,20.0
11.0,21.0,11.0,22.0,-121.0,21.0,13.0,-111.0,10.015138056210922,9.0,11.0,30000.0,10000.0,19000.0,0.0,25.530974406465056,16.5,19.0,0.0,10000.0,36476.5104439261,25000.0,0.0,26.831512435562306,17.0,20.0,0.0,121.0,10.003317803291397,9.0,11.0,1.0,13270.752301801882,10000.0,19000.0,1.0,16.5,17.16439754638281,19.0,1.0,19903.58146554721,10000.0,25000.0,1.0,18.496325695444334,17.0,20.0,1.0,0.0,211.0,1.0,59.0
91.0,24.0,91.0,24.0,-721.0,911.0,12.0,-711.0,15.552070972889403,12.0,17.0,30000.0,18000.0,36000.0,1.0,24.90160983727463,20.0,25.0,1.0,18000.0,34035.302460623316,36000.0,1.0,25.3919096936358,20.0,26.0,1.0,722.0,15.243210949328846,12.0,17.0,1.0,26524.049415452464,18000.0,36000.0,1.0,20.0,23.506592321927506,25.0,1.0,30614.93264796463,18000.0,36000.0,1.0,24.00364538817553,20.0,26.0,1.0,1.0,91121.0,7.0,13.0
81.0,21.0,81.0,23.0,-721.0,912.0,12.0,-711.0,15.282516515143731,12.0,17.0,30000.0,12500.0,23000.0,0.0,26.69426184219582,20.0,24.0,0.0,12500.0,34508.35057125816,26000.0,0.0,27.257119855312396,20.0,25.0,0.0,721.0,14.24627129288973,12.0,17.0,1.0,16701.61323674504,12500.0,23000.0,1.0,20.0,20.872368685491196,24.0,1.0,21142.968500144703,12500.0,26000.0,1.0,21.426862476421995,20.0,25.0,1.0,0.0,912.0,7.0,7.0
11.0,22.0,11.0,22.0,-121.0,21.0,13.0,-111.0,10.0121204515852,9.0,11.0,30000.0,10000.0,19000.0,0.0,24.126767646764243,16.5,19.0,0.0,10000.0,36468.772465952934,25000.0,0.0,25.419627542094844,17.0,20.0,0.0,121.0,10.00914466707251,9.0,11.0,1.0,13817.268833382908,10000.0,19000.0,1.0,16.5,17.321074639980704,19.0,1.0,20360.314328123808,10000.0,25000.0,1.0,18.628778869492187,17.0,20.0,1.0,0.0,211.0,1.0,5.0
91.0,24.0,91.0,21.0,-721.0,911.0,11.0,-711.0,15.01177155642665,12.0,17.0,30000.0,18000.0,36000.0,1.0,24.304497420301484,20.0,25.0,1.0,18000.0,34462.04893365957,36000.0,1.0,24.862654405393812,20.0,26.0,1.0,721.0,15.285146721498325,12.0,17.0,1.0,25832.537754196113,18000.0,36000.0,1.0,20.0,23.49420218913889,25.0,1.0,30345.574296398623,18000.0,36000.0,1.0,24.05873720600194,20.0,26.0,1.0,1.0,91121.0,7.0,3.0
11.0,21.0,11.0,21.0,-121.0,11.0,11.0,-111.0,9.998978575308728,9.0,11.0,30000.0,10000.0,19000.0,0.0,25.017176543312615,16.5,19.0,0.0,10000.0,36431.267074410265,25000.0,0.0,26.30166711958914,17.0,20.0,0.0,121.0,10.018808143417147,9.0,11.0,1.0,12694.12468745751,10000.0,19000.0,1.0,16.5,17.042557741512837,19.0,1.0,19195.966591868848,10000.0,25000.0,1.0,18.341143938918115,17.0,20.0,1.0,0.0,111.0,1.0,18.0
91.0,24.0,91.0,24.0,-721.0,911.0,12.0,-711.0,15.072030151992754,12.0,17.0,30000.0,18000.0,36000.0,1.0,24.438105655302998,20.0,25.0,1.0,18000.0,33930.7287124349,36000.0,1.0,24.916661024832134,20.0,26.0,1.0,722.0,15.29210663493024,12.0,17.0,1.0,29212.70847452452,18000.0,36000.0,1.0,20.0,23.84228531038989,25.0,1.0,33231.05078205677,18000.0,36000.0,1.0,24.331507393255144,20.0,26.0,1.0,1.0,91121.0,7.0,1.0
91.0,24.0,91.0,24.0,-721.0,911.0,12.0,-711.0,14.987143058621033,12.0,17.0,30000.0,18000.0,36000.0,1.0,24.785339019986765,20.0,25.0,1.0,18000.0,34458.05507288079,36000.0,1.0,25.345772812550138,20.0,26.0,1.0,721.0,14.990081537612815,12.0,17.0,1.0,26938.05100467552,18000.0,36000.0,1.0,20.0,23.412720497039594,25.0,1.0,31444.57167443623,18000.0,36000.0,1.0,23.979247026867135,20.0,26.0,1.0,1.0,91121.0,7.0,23.0
11.0,22.0,11.0,22.0,-121.0,11.0,11.0,-111.0,9.997543970061209,9.0,11.0,30000.0,10000.0,19000.0,0.0,23.107609546281537,16.5,19.0,0.0,10000.0,36447.75154201,25000.0,0.0,24.396653233725345,17.0,20.0,0.0,121.0,10.014198167759607,9.0,11.0,1.0,18252.027754997016,10000.0,19000.0,1.0,16.5,18.182264676679388,19.0,1.0,24833.16410159836,10000.0,25000.0,1.0,19.497974844560467,17.0,20.0,1.0,0.0,111.0,1.0,27.0
11.0,22.0,11.0,22.0,-121.0,11.0,11.0,-111.0,10.014898153925298,9.0,11.0,30000.0,10000.0,19000.0,0.0,24.416028497206106,16.5,19.0,0.0,10000.0,36467.28389957299,25000.0,0.0,25.704419113434962,17.0,20.0,0.0,121.0,10.001372895865707,9.0,11.0,1.0,15431.803744674093,10000.0,19000.0,1.0,16.5,17.5974170430205,19.0,1.0,21917.18259751689,10000.0,25000.0,1.0,18.88941247517455,17.0,20.0,1.0,0.0,111.0,1.0,30.0
11.0,22.0,11.0,22.0,-121.0,21.0,12.0,-111.0,10.009824777487232,9.0,11.0,30000.0,10000.0,19000.0,0.0,24.3265639994667,16.5,19.0,0.0,10000.0,36538.364078222265,25000.0,0.0,25.635516624504664,17.0,20.0,0.0,121.0,10.003377706078357,9.0,11.0,1.0,17236.223410052702,10000.0,19000.0,1.0,16.5,17.97904826473107,19.0,1.0,23825.25600837374,10000.0,25000.0,1.0,19.29814451156749,17.0,20.0,1.0,0.0,211.0,1.0,25.0
81.0,23.0,81.0,23.0,-721.0,912.0,12.0,-711.0,15.289980786958749,12.0,17.0,30000.0,12500.0,23000.0,0.0,26.77645529685671,20.0,24.0,0.0,12500.0,34557.278446240576,26000.0,0.0,27.34725974447753,20.0,25.0,0.0,721.0,15.138542890186297,12.0,17.0,1.0,18058.175925217674,12500.0,23000.0,1.0,20.0,21.92805505182521,24.0,1.0,22581.80166971338,12500.0,26000.0,1.0,22.49464445925109,20.0,25.0,1.0,0.0,912.0,7.0,31.0
11.0,22.0,11.0,21.0,-121.0,11.0,12.0,-111.0,10.000135765334928,9.0,11.0,30000.0,10000.0,19000.0,0.0,24.999395056076665,16.5,19.0,0.0,10000.0,36593.18827069502,25000.0,0.0,26.314158582702692,17.0,20.0,0.0,121.0,10.00794118384213,9.0,11.0,1.0,12311.874708370236,10000.0,19000.0,1.0,16.5,16.939807653952577,19.0,1.0,18878.058838332247,10000.0,25000.0,1.0,18.249186219942573,17.0,20.0,1.0,0.0,111.0,1.0,45.0
11.0,21.0,11.0,22.0,-121.0,11.0,12.0,-111.0,10.003550778835917,9.0,11.0,30000.0,10000.0,19000.0,0.0,25.758743400335142,16.5,19.0,0.0,10000.0,36558.695871884454,25000.0,0.0,27.06918292606148,17.0,20.0,0.0,121.0,9.985155410695539,9.0,11.0,1.0,16731.907599110298,10000.0,19000.0,1.0,16.5,17.82686270141102,19.0,1.0,23268.37082496943,10000.0,25000.0,1.0,19.13286010347708,17.0,20.0,1.0,0.0,111.0,1.0,7.0
11.0,22.0,11.0,21.0,-121.0,21.0,13.0,-111.0,9.997820452164722,9.0,11.0,30000.0,10000.0,19000.0,0.0,26.18735573037896,16.5,19.0,0.0,10000.0,36487.29894769244,25000.0,0.0,27.489487066895713,17.0,20.0,0.0,121.0,10.005979341454175,9.0,11.0,1.0,12156.601482655475,10000.0,19000.0,1.0,16.5,16.920051004169057,19.0,1.0,18697.485950272578,10000.0,25000.0,1.0,18.23293803195887,17.0,20.0,1.0,0.0,211.0,1.0,33.0
11.0,22.0,11.0,22.0,-121.0,21.0,13.0,-111.0,10.20307373087804,9.0,11.0,30000.0,10000.0,19000.0,0.0,25.49778956149055,16.5,19.0,0.0,10000.0,36975.80961846111,25000.0,0.0,26.814061510879483,17.0,20.0,0.0,122.0,10.22102680539233,9.0,11.0,1.0,14364.209033685689,10000.0,19000.0,1.0,16.5,17.456177698632516,19.0,1.0,21312.880878002466,10000.0,25000.0,1.0,18.767328996394074,17.0,20.0,1.0,0.0,211.0,1.0,13.0
11.0,22.0,11.0,21.0,-121.0,11.0,11.0,-111.0,10.017405030714846,9.0,11.0,30000.0,10000.0,19000.0,0.0,25.587156105661407,16.5,19.0,0.0,10000.0,36582.120312637766,25000.0,0.0,26.910107165168867,17.0,20.0,0.0,121.0,10.004643430609987,9.0,11.0,1.0,13650.789677730978,10000.0,19000.0,1.0,16.5,17.23828491451833,19.0,1.0,20095.113243432796,10000.0,25000.0,1.0,18.533539981899125,17.0,20.0,1.0,0.0,111.0,1.0,54.0
11.0,22.0,11.0,22.0,-121.0,21.0,12.0,-111.0,10.225865588501701,9.0,11.0,30000.0,10000.0,19000.0,0.0,23.65157988451068,16.5,19.0,0.0,10000.0,36919.52685634418,25000.0,0.0,24.95874354311028,17.0,20.0,0.0,122.0,10.190411512895414,9.0,11.0,1.0,15842.776737577185,10000.0,19000.0,1.0,16.5,17.70368678117146,19.0,1.0,22926.139779431476,10000.0,25000.0,1.0,19.041800635081888,17.0,20.0,1.0,0.0,211.0,1.0,48.0
81.0,21.0,81.0,23.0,-721.0,912.0,12.0,-711.0,14.97838301277652,12.0,17.0,30000.0,12500.0,23000.0,0.0,26.37147909459336,20.0,24.0,0.0,12500.0,34426.73741887188,26000.0,0.0,26.922116960059718,20.0,25.0,0.0,721.0,14.979288942708372,12.0,17.0,1.0,19277.632466089344,12500.0,23000.0,1.0,20.0,21.91158527137744,24.0,1.0,23766.2970118505,12500.0,26000.0,1.0,22.469926196171283,20.0,25.0,1.0,0.0,912.0,7.0,7.0
92.0,24.0,92.0,24.0,-721.0,921.0,13.0,-711.0,15.073138984498673,12.0,17.0,30000.0,15000.0,28000.0,0.0,24.473397293821417,19.5,25.0,1.0,15000.0,34006.476936024774,28000.0,0.0,24.96021945890403,20.0,26.0,1.0,722.0,14.901347385527483,12.0,17.0,1.0,21206.29486389701,15000.0,28000.0,1.0,19.5,21.519753083144664,25.0,1.0,25129.32109940453,15000.0,28000.0,1.0,21.996435254573957,20.0,26.0,1.0,0.0,92122.0,7.0,20.0
11.0,22.0,11.0,22.0,-121.0,11.0,12.0,-111.0,10.195913409856976,9.0,11.0,30000.0,10000.0,19000.0,0.0,24.36476465393989,16.5,19.0,0.0,10000.0,37023.94526506385,25000.0,0.0,25.69122939963883,17.0,20.0,0.0,122.0,10.195518486252446,9.0,11.0,1.0,17394.57542807453,10000.0,19000.0,1.0,16.5,18.021993823322354,19.0,1.0,24364.94567812117,10000.0,25000.0,1.0,19.338340983250216,17.0,20.0,1.0,0.0,111.0,1.0,42.0
11.0,21.0,11.0,21.0,-121.0,11.0,11.0,-111.0,10.010057313427412,9.0,11.0,30000.0,10000.0,19000.0,0.0,25.951687580869294,16.5,19.0,0.0,10000.0,36539.06636041139,25000.0,0.0,27.269005930975148,17.0,20.0,0.0,121.0,10.006243954656908,9.0,11.0,1.0,15212.355585639843,10000.0,19000.0,1.0,16.5,17.54851606792332,19.0,1.0,21774.178188924907,10000.0,25000.0,1.0,18.87041874469979,17.0,20.0,1.0,0.0,111.0,1.0,18.0
11.0,21.0,11.0,22.0,-121.0,21.0,13.0,-111.0,10.193183063432528,9.0,11.0,30000.0,10000.0,19000.0,0.0,29.177962153074006,16.5,19.0,0.0,10000.0,37013.13390424823,25000.0,0.0,30.498381352671597,17.0,20.0,0.0,122.0,10.206925618889018,9.0,11.0,1.0,15795.037452683498,10000.0,19000.0,1.0,16.5,17.738087604711012,19.0,1.0,22690.230434702156,10000.0,25000.0,1.0,19.036301117057167,17.0,20.0,1.0,0.0,211.0,1.0,9.0
91.0,24.0,91.0,21.0,-721.0,911.0,11.0,-711.0,16.040894645572763,12.0,17.0,30000.0,18000.0,36000.0,1.0,25.44837658089748,20.0,25.0,0.0,18000.0,34476.520881941804,36000.0,1.0,26.00544987063339,20.0,26.0,0.0,721.0,14.780477004012203,12.0,17.0,1.0,23138.603361960333,18000.0,36000.0,1.0,20.0,22.597445227374422,25.0,1.0,27674.601408907634,18000.0,36000.0,1.0,23.161920055235047,20.0,26.0,1.0,0.0,91121.0,7.0,3.0
11.0,22.0,11.0,21.0,-121.0,21.0,13.0,-111.0,10.003689533116738,9.0,11.0,30000.0,10000.0,19000.0,0.0,25.03597441884905,16.5,19.0,0.0,10000.0,36613.28260078623,25000.0,0.0,26.36065514617491,17.0,20.0,0.0,121.0,9.986241430698694,9.0,11.0,1.0,12157.418972098187,10000.0,19000.0,1.0,16.5,16.8680875559563,19.0,1.0,18680.150235529887,10000.0,25000.0,1.0,18.174630299671286,17.0,20.0,1.0,0.0,211.0,1.0,58.0
11.0,22.0,11.0,21.0,-121.0,11.0,11.0,-111.0,10.184440678963009,9.0,11.0,30000.0,10000.0,19000.0,0.0,25.0696135053225,16.5,19.0,0.0,10000.0,37011.238908437794,25000.0,0.0,26.393286321988647,17.0,20.0,0.0,122.0,10.167496458549932,9.0,11.0,1.0,17439.91547785159,10000.0,19000.0,1.0,16.5,17.95521693285236,19.0,1.0,24544.742273128773,10000.0,25000.0,1.0,19.296558487297425,17.0,20.0,1.0,0.0,111.0,1.0,1.0
11.0,21.0,11.0,22.0,-121.0,11.0,12.0,-111.0,10.009855492180858,9.0,11.0,30000.0,10000.0,19000.0,0.0,25.500649313307022,16.5,19.0,0.0,10000.0,36540.817476418124,25000.0,0.0,26.81151808654134,17.0,20.0,0.0,121.0,9.997548460449462,9.0,11.0,1.0,17083.286037258105,10000.0,19000.0,1.0,16.5,17.963155270926524,19.0,1.0,23567.03747597265,10000.0,25000.0,1.0,19.262587234143208,17.0,20.0,1.0,0.0,111.0,1.0,51.0
91.0,24.0,91.0,24.0,-721.0,911.0,12.0,-711.0,15.27642576967223,12.0,17.0,30000.0,18000.0,36000.0,1.0,24.6760142352213,20.0,25.0,1.0,18000.0,34004.099365625465,36000.0,1.0,25.163032429749876,20.0,26.0,1.0,722.0,15.036771052579416,12.0,17.0,1.0,25089.73170277173,18000.0,36000.0,1.0,20.0,23.126239972100123,25.0,1.0,29029.62276376954,18000.0,36000.0,1.0,23.605448517132498,20.0,26.0,1.0,1.0,91121.0,7.0,27.0
11.0,21.0,11.0,21.0,-121.0,11.0,11.0,-111.0,10.214035164059144,9.0,11.0,30000.0,10000.0,19000.0,0.0,26.66473727175468,16.5,19.0,0.0,10000.0,36997.98539000882,25000.0,0.0,27.98843069739491,17.0,20.0,0.0,122.0,10.22010703301212,9.0,11.0,1.0,12202.994514439015,10000.0,19000.0,1.0,16.5,17.01738512481975,19.0,1.0,19259.366579839603,10000.0,25000.0,1.0,18.35212259443175,17.0,20.0,1.0,0.0,111.0,1.0,18.0
11.0,22.0,11.0,21.0,-121.0,21.0,13.0,-111.0,10.216341313861724,9.0,11.0,30000.0,10000.0,19000.0,0.0,26.682794863093704,16.5,19.0,0.0,10000.0,37059.03763848076,25000.0,0.0,28.017701218062868,17.0,20.0,0.0,122.0,10.207066498095717,9.0,11.0,1.0,13390.351621492275,10000.0,19000.0,1.0,16.5,17.247323326501245,19.0,1.0,20514.749793279923,10000.0,25000.0,1.0,18.594589750327373,17.0,20.0,1.0,0.0,211.0,1.0,2.0
11.0,22.0,11.0,21.0,-121.0,11.0,11.0,-111.0,10.009235788424746,9.0,11.0,30000.0,10000.0,19000.0,0.0,25.362378417874666,16.5,19.0,0.0,10000.0,36423.93420174419,25000.0,0.0,26.645750721072858,17.0,20.0,0.0,121.0,10.016119649577742,9.0,11.0,1.0,11760.857440249036,10000.0,19000.0,1.0,16.5,16.841850020457336,19.0,1.0,18351.03569725058,10000.0,25000.0,1.0,18.158434528106614,17.0,20.0,1.0,0.0,111.0,1.0,39.0
11.0,22.0,11.0,22.0,-121.0,21.0,13.0,-111.0,10.23072510954962,9.0,11.0,30000.0,10000.0,19000.0,0.0,26.091405135283292,16.5,19.0,0.0,10000.0,36933.546818920186,25000.0,0.0,27.393620650599438,17.0,20.0,0.0,122.0,10.234128428964334,9.0,11.0,1.0,13502.37376089358,10000.0,19000.0,1.0,16.5,17.253138327970106,19.0,1.0,20498.177906069748,10000.0,25000.0,1.0,18.567046625971646,17.0,20.0,1.0,0.0,211.0,1.0,21.0
81.0,23.0,81.0,23.0,-721.0,912.0,11.0,-711.0,15.261982228523602,12.0,17.0,30000.0,12500.0,23000.0,0.0,26.312797069538618,20.0,24.0,0.0,12500.0,34040.09359441641,26000.0,0.0,26.803428887413908,20.0,25.0,0.0,722.0,15.42066241623839,12.0,17.0,1.0,18080.444061355043,12500.0,23000.0,1.0,20.0,22.13570433232592,24.0,1.0,22117.55656270507,12500.0,26000.0,1.0,22.625974124154972,20.0,25.0,1.0,0.0,912.0,7.0,17.0
91.0,21.0,91.0,24.0,-721.0,911.0,12.0,-711.0,15.259968470544104,12.0,17.0,30000.0,18000.0,36000.0,1.0,24.48563309198684,20.0,25.0,1.0,18000.0,33957.929871458924,36000.0,1.0,24.970035731183984,20.0,26.0,1.0,722.0,15.18863100778449,12.0,17.0,1.0,28649.027887875363,18000.0,36000.0,1.0,20.0,23.659990474189577,25.0,1.0,32644.135197568467,18000.0,36000.0,1.0,24.14894318117066,20.0,26.0,1.0,1.0,91121.0,7.0,26.0
11.0,22.0,11.0,21.0,-121.0,21.0,13.0,-111.0,10.016605896280298,9.0,11.0,30000.0,10000.0,19000.0,0.0,25.41504218442632,16.5,19.0,0.0,10000.0,36436.86761223795,25000.0,0.0,26.706960502242016,17.0,20.0,0.0,121.0,9.990539804165381,9.0,11.0,1.0,13378.177559176962,10000.0,19000.0,1.0,16.5,17.161388942649644,19.0,1.0,19903.440121398402,10000.0,25000.0,1.0,18.47104866233431,17.0,20.0,1.0,0.0,211.0,1.0,2.0
91.0,24.0,91.0,24.0,-721.0,911.0,12.0,-711.0,15.212289496762507,12.0,17.0,30000.0,18000.0,36000.0,1.0,24.45517617446536,20.0,25.0,1.0,18000.0,34112.450473921344,36000.0,1.0,24.956568620015176,20.0,26.0,1.0,722.0,15.036658288605084,12.0,17.0,1.0,27001.14320867583,18000.0,36000.0,1.0,20.0,23.32041016449571,25.0,1.0,31000.776579529796,18000.0,36000.0,1.0,23.80804788070215,20.0,26.0,1.0,1.0,91121.0,7.0,1.0
11.0,22.0,11.0,21.0,-121.0,11.0,11.0,-111.0,10.017099760368913,9.0,11.0,30000.0,10000.0,19000.0,0.0,24.570939036409122,16.5,19.0,0.0,10000.0,36526.27288306273,25000.0,0.0,25.877093472049427,17.0,20.0,0.0,121.0,9.995587387933211,9.0,11.0,1.0,17018.34956684738,10000.0,19000.0,1.0,16.5,17.85004265094189,19.0,1.0,23533.987816972563,10000.0,25000.0,1.0,19.154068693664573,17.0,20.0,1.0,0.0,111.0,1.0,26.0
11.0,22.0,11.0,22.0,-121.0,21.0,13.0,-111.0,10.209253689471913,9.0,11.0,30000.0,10000.0,19000.0,0.0,26.17108228291273,16.5,19.0,0.0,10000.0,36896.63539512505,25000.0,0.0,27.473747414904718,17.0,20.0,0.0,122.0,10.20587903377947,9.0,11.0,1.0,14403.280629710951,10000.0,19000.0,1.0,16.5,17.460247486649255,19.0,1.0,21394.188310385136,10000.0,25000.0,1.0,18.780719159405287,17.0,20.0,1.0,0.0,211.0,1.0,21.0
11.0,22.0,11.0,22.0,-121.0,21.0,13.0,-111.0,10.013894473733496,9.0,11.0,30000.0,10000.0,19000.0,0.0,24.816290021751406,16.5,19.0,0.0,10000.0,36508.43851197899,25000.0,0.0,26.12009061498154,17.0,20.0,0.0,121.0,10.007127159506393,9.0,11.0,1.0,11929.540811755029,10000.0,19000.0,1.0,16.5,16.949497399424473,19.0,1.0,18405.84776613396,10000.0,25000.0,1.0,18.24686124998841,17.0,20.0,1.0,0.0,211.0,1.0,47.0
11.0,22.0,11.0,21.0,-121.0,21.0,13.0,-111.0,10.205706464822349,9.0,11.0,30000.0,10000.0,19000.0,0.0,25.80252169774541,16.5,19.0,0.0,10000.0,37043.992419668444,25000.0,0.0,27.13029909781084,17.0,20.0,0.0,122.0,10.201033446162807,9.0,11.0,1.0,11840.207416341987,10000.0,19000.0,1.0,16.5,16.909451702718638,19.0,1.0,18813.720246744364,10000.0,25000.0,1.0,18.223943852003266,17.0,20.0,1.0,0.0,211.0,1.0,58.0
91.0,24.0,91.0,24.0,-721.0,911.0,12.0,-711.0,15.174515402071838,12.0,17.0,30000.0,18000.0,36000.0,1.0,24.78726079818055,20.0,25.0,1.0,18000.0,33901.62451633207,36000.0,1.0,25.262725739553982,20.0,26.0,1.0,722.0,15.318819774085885,12.0,17.0,1.0,26369.62446279644,18000.0,36000.0,1.0,20.0,23.55119569379889,25.0,1.0,30426.938930239976,18000.0,36000.0,1.0,24.045633530479847,20.0,26.0,1.0,1.0,91121.0,7.0,1.0
11.0,22.0,11.0,21.0,-121.0,21.0,13.0,-111.0,10.019264804184107,9.0,11.0,30000.0,10000.0,19000.0,0.0,25.21451512376155,16.5,19.0,0.0,10000.0,36488.40096933671,25000.0,0.0,26.517503004809175,17.0,20.0,0.0,121.0,10.002298823468854,9.0,11.0,1.0,14032.254706838916,10000.0,19000.0,1.0,16.5,17.311836529012908,19.0,1.0,20436.151972829914,10000.0,25000.0,1.0,18.597854543080445,17.0,20.0,1.0,0.0,211.0,1.0,2.0
11.0,22.0,11.0,21.0,-121.0,21.0,12.0,-111.0,10.188525754862894,9.0,11.0,30000.0,10000.0,19000.0,0.0,24.165963261785137,16.5,19.0,0.0,10000.0,36953.159856976046,25000.0,0.0,25.47776808930244,17.0,20.0,0.0,122.0,10.206045727273892,9.0,11.0,1.0,12806.97569872588,10000.0,19000.0,1.0,16.5,17.087831249316366,19.0,1.0,19833.831786111175,10000.0,25000.0,1.0,18.413539837542363,17.0,20.0,1.0,0.0,211.0,1.0,53.0
11.0,22.0,11.0,22.0,-121.0,21.0,13.0,-111.0,10.192896074388667,9.0,11.0,30000.0,10000.0,19000.0,0.0,25.512869307334007,16.5,19.0,0.0,10000.0,37038.98989645416,25000.0,0.0,26.842097392236123,17.0,20.0,0.0,122.0,10.18852290557203,9.0,11.0,1.0,12722.29232295589,10000.0,19000.0,1.0,16.5,17.142068731339663,19.0,1.0,19690.937906503495,10000.0,25000.0,1.0,18.458013143768312,17.0,20.0,1.0,0.0,211.0,1.0,19.0
91.0,24.0,91.0,24.0,-721.0,911.0,11.0,-711.0,15.44378644330822,12.0,17.0,30000.0,18000.0,36000.0,1.0,23.875320482762156,20.0,25.0,1.0,18000.0,34517.287650485276,36000.0,1.0,24.438966369038415,20.0,26.0,1.0,721.0,15.117046288733233,12.0,17.0,1.0,26806.06874015397,18000.0,36000.0,1.0,20.0,23.53462034263722,25.0,1.0,31416.36247285455,18000.0,36000.0,1.0,24.109871089992822,20.0,26.0,1.0,1.0,91121.0,7.0,4.0
11.0,21.0,11.0,22.0,-121.0,11.0,12.0,-111.0,9.998771537535324,9.0,11.0,30000.0,10000.0,19000.0,0.0,25.384146728209288,16.5,19.0,0.0,10000.0,36465.39470680547,25000.0,0.0,26.677612468836617,17.0,20.0,0.0,121.0,9.991731579747757,9.0,11.0,1.0,14010.634263213038,10000.0,19000.0,1.0,16.5,17.314253371763346,19.0,1.0,20588.35549001251,10000.0,25000.0,1.0,18.630191136445635,17.0,20.0,1.0,0.0,111.0,1.0,51.0
11.0,22.0,11.0,22.0,-121.0,11.0,11.0,-111.0,9.995261459084976,9.0,11.0,30000.0,10000.0,19000.0,0.0,23.91875623380036,16.5,19.0,0.0,10000.0,36500.13316335301,25000.0,0.0,25.214424915756418,17.0,20.0,0.0,121.0,10.010596629406727,9.0,11.0,1.0,16329.451325169714,10000.0,19000.0,1.0,16.5,17.789253458180994,19.0,1.0,22905.607006822836,10000.0,25000.0,1.0,19.100075675243104,17.0,20.0,1.0,0.0,111.0,1.0,17.0
11.0,22.0,11.0,21.0,-121.0,11.0,11.0,-111.0,10.188606068700425,9.0,11.0,30000.0,10000.0,19000.0,0.0,25.102940672996937,16.5,19.0,0.0,10000.0,37033.91530079821,25000.0,0.0,26.430881721596272,17.0,20.0,0.0,122.0,10.211686783961037,9.0,11.0,1.0,15052.26498465713,10000.0,19000.0,1.0,16.5,17.54212344140725,19.0,1.0,21935.024697566307,10000.0,25000.0,1.0,18.84152765080691,17.0,20.0,1.0,0.0,111.0,1.0,54.0
11.0,22.0,11.0,22.0,-121.0,11.0,11.0,-111.0,9.987906327428666,9.0,11.0,30000.0,10000.0,19000.0,0.0,25.153236838687413,16.5,19.0,0.0,10000.0,36442.83199971376,25000.0,0.0,26.443062512203245,17.0,20.0,0.0,121.0,10.009714654358277,9.0,11.0,1.0,14603.729442798083,10000.0,19000.0,1.0,16.5,17.450659620195765,19.0,1.0,21132.989862992443,10000.0,25000.0,1.0,18.75778787053841,17.0,20.0,1.0,0.0,111.0,1.0,11.0
11.0,21.0,11.0,22.0,-121.0,11.0,11.0,-111.0,10.008356452109727,9.0,11.0,30000.0,10000.0,19000.0,0.0,24.068826744563374,16.5,19.0,0.0,10000.0,36476.65659616137,25000.0,0.0,25.357622365471904,17.0,20.0,0.0,121.0,9.988259545238904,9.0,11.0,1.0,15833.718104723417,10000.0,19000.0,1.0,16.5,17.684365403386813,19.0,1.0,22297.392703666304,10000.0,25000.0,1.0,18.970577725193806,17.0,20.0,1.0,0.0,111.0,1.0,35.0
11.0,22.0,11.0,22.0,-121.0,11.0,11.0,-111.0,10.194658528444624,9.0,11.0,30000.0,10000.0,19000.0,0.0,24.15489334474773,16.5,19.0,0.0,10000.0,36896.07139006474,25000.0,0.0,25.45533244186314,17.0,20.0,0.0,122.0,10.202275946854124,9.0,11.0,1.0,13546.576163381433,10000.0,19000.0,1.0,16.5,17.26894974859529,19.0,1.0,20512.416341247605,10000.0,25000.0,1.0,18.582545620674782,17.0,20.0,1.0,0.0,111.0,1.0,44.0
81.0,23.0,81.0,23.0,-721.0,912.0,12.0,-711.0,15.050379960442147,12.0,17.0,30000.0,12500.0,23000.0,0.0,25.85253535121504,20.0,24.0,0.0,12500.0,34549.66472782994,26000.0,0.0,26.41877246808859,20.0,25.0,0.0,721.0,15.127319699849217,12.0,17.0,1.0,19772.727467813063,12500.0,23000.0,1.0,20.0,22.16017892305616,24.0,1.0,24218.09643847921,12500.0,26000.0,1.0,22.71343571448346,20.0,25.0,1.0,0.0,912.0,7.0,10.0
11.0,22.0,11.0,22.0,-121.0,21.0,12.0,-111.0,10.20365467553978,9.0,11.0,30000.0,10000.0,19000.0,0.0,23.627058773452504,16.5,19.0,0.0,10000.0,37076.28208698912,25000.0,0.0,24.962296537043688,17.0,20.0,0.0,122.0,10.192279951657724,9.0,11.0,1.0,16396.30741184492,10000.0,19000.0,1.0,16.5,17.82428188258041,19.0,1.0,23390.390287352395,10000.0,25000.0,1.0,19.144009313208823,17.0,20.0,1.0,0.0,211.0,1.0,48.0
81.0,21.0,81.0,23.0,-721.0,912.0,12.0,-711.0,14.857962319468935,12.0,17.0,30000.0,12500.0,23000.0,0.0,27.192371011754435,20.0,24.0,0.0,12500.0,33959.31018591618,26000.0,0.0,27.676600511897597,20.0,25.0,0.0,722.0,15.134854252871426,12.0,17.0,1.0,18562.389703972956,12500.0,23000.0,1.0,20.0,22.039741576097263,24.0,1.0,22626.21849999408,12500.0,26000.0,1.0,22.536753857065932,20.0,25.0,1.0,0.0,912.0,7.0,7.0
91.0,24.0,91.0,21.0,-721.0,911.0,11.0,-711.0,15.408659322862041,12.0,17.0,30000.0,18000.0,36000.0,1.0,24.470039963162975,20.0,25.0,1.0,18000.0,33946.46039322685,36000.0,1.0,24.949947656730117,20.0,26.0,1.0,722.0,15.194434296611854,12.0,17.0,1.0,26711.954576783617,18000.0,36000.0,1.0,20.0,23.434752594434446,25.0,1.0,30692.713662262275,18000.0,36000.0,1.0,23.918831166371277,20.0,26.0,1.0,1.0,91121.0,7.0,2.0
91.0,24.0,91.0,24.0,-721.0,911.0,12.0,-711.0,15.439093654613,12.0,17.0,30000.0,18000.0,36000.0,1.0,24.962699402245036,20.0,25.0,1.0,18000.0,34478.80358996411,36000.0,1.0,25.52184461020938,20.0,26.0,1.0,721.0,14.808150719526882,12.0,17.0,1.0,27117.554060624654,18000.0,36000.0,1.0,20.0,23.18750484423135,25.0,1.0,31584.41973115081,18000.0,36000.0,1.0,23.74515969203305,20.0,26.0,1.0,1.0,91121.0,7.0,8.0
11.0,22.0,11.0,22.0,-121.0,21.0,13.0,-111.0,9.987115100857496,9.0,11.0,30000.0,10000.0,19000.0,0.0,26.265657557544003,16.5,19.0,0.0,10000.0,36564.65670727625,25000.0,0.0,27.579615935006114,17.0,20.0,0.0,121.0,9.993574029897983,9.0,11.0,1.0,14132.734501334142,10000.0,19000.0,1.0,16.5,17.353576110294856,19.0,1.0,20661.79915849933,10000.0,25000.0,1.0,18.6604105093831,17.0,20.0,1.0,0.0,211.0,1.0,16.0
91.0,24.0,91.0,24.0,-721.0,911.0,12.0,-711.0,15.111263765299164,12.0,17.0,30000.0,18000.0,36000.0,1.0,24.98943452623552,20.0,25.0,1.0,18000.0,34016.54491516409,36000.0,1.0,25.475838002630667,20.0,26.0,1.0,722.0,15.139198198670696,12.0,17.0,1.0,28190.510811802193,18000.0,36000.0,1.0,20.0,23.52495570718267,25.0,1.0,32166.89552764909,18000.0,36000.0,1.0,24.006495784568667,20.0,26.0,1.0,1.0,91121.0,7.0,1.0
11.0,21.0,11.0,22.0,-121.0,21.0,13.0,-111.0,10.01460665511083,9.0,11.0,30000.0,10000.0,19000.0,0.0,26.95172771268529,16.5,19.0,0.0,10000.0,36606.04714855411,25000.0,0.0,28.27697811057716,17.0,20.0,0.0,121.0,9.98727786075475,9.0,11.0,1.0,14605.792203171808,10000.0,19000.0,1.0,16.5,17.442774661654603,19.0,1.0,21170.26556891208,10000.0,25000.0,1.0,18.759684871991507,17.0,20.0,1.0,0.0,211.0,1.0,9.0
91.0,24.0,91.0,24.0,-721.0,911.0,12.0,-711.0,15.847754199889433,12.0,17.0,30000.0,18000.0,36000.0,1.0,25.079341139840878,20.0,25.0,0.0,18000.0,34565.57753328587,36000.0,1.0,25.65292422855204,20.0,26.0,1.0,721.0,14.611012655992624,12.0,17.0,1.0,26597.17378321926,18000.0,36000.0,1.0,20.0,22.948202386842727,25.0,1.0,31124.978577584825,18000.0,36000.0,1.0,23.517040007077878,20.0,26.0,1.0,0.0,91121.0,7.0,13.0
11.0,22.0,11.0,22.0,-121.0,11.0,11.0,-111.0,10.224524782960856,9.0,11.0,30000.0,10000.0,19000.0,0.0,23.979838572713437,16.5,19.0,0.0,10000.0,36913.613865329025,25000.0,0.0,25.288191921209116,17.0,20.0,0.0,122.0,10.222835962987133,9.0,11.0,1.0,15813.864568468754,10000.0,19000.0,1.0,16.5,17.759921620924107,19.0,1.0,22650.840175601734,10000.0,25000.0,1.0,19.0537717119792,17.0,20.0,1.0,0.0,111.0,1.0,55.0
11.0,22.0,11.0,22.0,-121.0,21.0,13.0,-111.0,10.20357147453809,9.0,11.0,30000.0,10000.0,19000.0,0.0,25.502671488066472,16.5,19.0,0.0,10000.0,37090.78480013352,25000.0,0.0,26.841624454399422,17.0,20.0,0.0,122.0,10.212600068701404,9.0,11.0,1.0,15532.699229533904,10000.0,19000.0,1.0,16.5,17.68894212622689,19.0,1.0,22379.12003355402,10000.0,25000.0,1.0,18.98175183667442,17.0,20.0,1.0,0.0,211.0,1.0,47.0
11.0,22.0,11.0,22.0,-121.0,11.0,11.0,-111.0,10.001248942381078,9.0,11.0,30000.0,10000.0,19000.0,0.0,24.351375183596076,16.5,19.0,0.0,10000.0,36536.830453252885,25000.0,0.0,25.648573998902624,17.0,20.0,0.0,121.0,10.01616614724977,9.0,11.0,1.0,13952.112845575863,10000.0,19000.0,1.0,16.5,17.27238598633627,19.0,1.0,20393.04925512243,10000.0,25000.0,1.0,18.550555144872558,17.0,20.0,1.0,0.0,111.0,1.0,15.0
11.0,22.0,11.0,22.0,-121.0,21.0,13.0,-111.0,10.204195737057294,9.0,11.0,30000.0,10000.0,19000.0,0.0,25.411283178868654,16.5,19.0,0.0,10000.0,37030.92122497294,25000.0,0.0,26.733344308834845,17.0,20.0,0.0,122.0,10.224606324960721,9.0,11.0,1.0,14943.770317538683,10000.0,19000.0,1.0,16.5,17.555100045866475,19.0,1.0,22071.313329981833,10000.0,25000.0,1.0,18.895329479165166,17.0,20.0,1.0,0.0,211.0,1.0,8.0
11.0,22.0,11.0,22.0,-121.0,21.0,13.0,-111.0,10.197338469104777,9.0,11.0,30000.0,10000.0,19000.0,0.0,26.69851647211894,16.5,19.0,0.0,10000.0,37120.87021715318,25000.0,0.0,28.043105239826605,17.0,20.0,0.0,122.0,10.164216436495133,9.0,11.0,1.0,12141.335719602288,10000.0,19000.0,1.0,16.5,17.00252902251261,19.0,1.0,19221.15831831502,10000.0,25000.0,1.0,18.339367028724414,17.0,20.0,1.0,0.0,211.0,1.0,5.0
81.0,23.0,81.0,23.0,-721.0,912.0,12.0,-711.0,15.468357194335118,12.0,17.0,30000.0,12500.0,23000.0,0.0,26.192404774367223,20.0,24.0,0.0,12500.0,34529.38673852505,26000.0,0.0,26.75767150374973,20.0,25.0,0.0,721.0,14.552880109289239,12.0,17.0,1.0,19629.39509460854,12500.0,23000.0,1.0,20.0,21.569169513814426,24.0,1.0,24164.74224773286,12500.0,26000.0,1.0,22.135180101970935,20.0,25.0,1.0,0.0,912.0,7.0,10.0
81.0,23.0,81.0,21.0,-721.0,912.0,12.0,-711.0,15.03408662819619,12.0,17.0,30000.0,12500.0,23000.0,0.0,26.408598827405037,20.0,24.0,0.0,12500.0,34115.1635505368,26000.0,0.0,26.913413370715446,20.0,25.0,0.0,722.0,15.105583892705953,12.0,17.0,1.0,16682.1619511966,12500.0,23000.0,1.0,20.0,21.572720390035247,24.0,1.0,20702.545391713506,12500.0,26000.0,1.0,22.065908086109328,20.0,25.0,1.0,0.0,912.0,7.0,30.0
11.0,22.0,11.0,21.0,-121.0,21.0,12.0,-111.0,9.98937171441761,9.0,11.0,30000.0,10000.0,19000.0,0.0,24.44229062865189,16.5,19.0,0.0,10000.0,36484.14603694666,25000.0,0.0,25.747880469993333,17.0,20.0,0.0,121.0,10.021608512210276,9.0,11.0,1.0,14661.403827210792,10000.0,19000.0,1.0,16.5,17.479382115064702,19.0,1.0,21189.736572919188,10000.0,25000.0,1.0,18.793868998168147,17.0,20.0,1.0,0.0,211.0,1.0,53.0
91.0,24.0,91.0,21.0,-721.0,911.0,11.0,-711.0,14.808124462207813,12.0,17.0,30000.0,18000.0,36000.0,1.0,23.734509087542545,20.0,25.0,1.0,18000.0,34520.896788382015,36000.0,1.0,24.303268483538403,20.0,26.0,1.0,721.0,14.218692958556744,12.0,17.0,1.0,22506.106519715075,18000.0,36000.0,1.0,20.0,21.986701192846994,25.0,1.0,27066.289807234476,18000.0,36000.0,1.0,22.56040309617405,20.0,26.0,1.0,1.0,91121.0,7.0,3.0
11.0,22.0,11.0,22.0,-121.0,11.0,11.0,-111.0,10.182722626819249,9.0,11.0,30000.0,10000.0,19000.0,0.0,23.730185905243708,16.5,19.0,0.0,10000.0,37078.25676730915,25000.0,0.0,25.06559556157921,17.0,20.0,0.0,122.0,10.200081556472885,9.0,11.0,1.0,13914.074961607332,10000.0,19000.0,1.0,16.5,17.369766814272683,19.0,1.0,21038.763950352433,10000.0,25000.0,1.0,18.713936542319214,17.0,20.0,1.0,0.0,111.0,1.0,50.0
11.0,22.0,11.0,21.0,-121.0,21.0,13.0,-111.0,10.187936522999474,9.0,11.0,30000.0,10000.0,19000.0,0.0,24.943584089362602,16.5,19.0,0.0,10000.0,36928.14288513122,25000.0,0.0,26.25373833604945,17.0,20.0,0.0,122.0,10.211528041519001,9.0,11.0,1.0,11735.840776666766,10000.0,19000.0,1.0,16.5,16.90499439171554,19.0,1.0,18678.204301804737,10000.0,25000.0,1.0,18.217837848513145,17.0,20.0,1.0,0.0,211.0,1.0,20.0
11.0,22.0,11.0,22.0,-121.0,21.0,13.0,-111.0,10.232620539148451,9.0,11.0,30000.0,10000.0,19000.0,0.0,24.985634003300493,16.5,19.0,0.0,10000.0,37005.856297234226,25000.0,0.0,26.305676626428486,17.0,20.0,0.0,122.0,10.176617887913109,9.0,11.0,1.0,15259.175603626185,10000.0,19000.0,1.0,16.5,17.580099885660495,19.0,1.0,22255.13281265758,10000.0,25000.0,1.0,18.898277323748506,17.0,20.0,1.0,0.0,211.0,1.0,13.0
11.0,22.0,11.0,22.0,-121.0,11.0,11.0,-111.0,10.19620982881424,9.0,11.0,30000.0,10000.0,19000.0,0.0,24.594300426211227,16.5,19.0,0.0,10000.0,36992.787946842094,25000.0,0.0,25.914593046654275,17.0,20.0,0.0,122.0,10.197822148860386,9.0,11.0,1.0,18218.947549639368,10000.0,19000.0,1.0,16.5,18.15463904010941,19.0,1.0,25250.141638187422,10000.0,25000.0,0.0,19.48218303809451,17.0,20.0,1.0,0.0,111.0,1.0,11.0
11.0,22.0,11.0,22.0,-121.0,21.0,13.0,-111.0,10.20343218486735,9.0,11.0,30000.0,10000.0,19000.0,0.0,24.579376197386477,16.5,19.0,0.0,10000.0,36935.24311950972,25000.0,0.0,25.883686285661238,17.0,20.0,0.0,122.0,10.213174014257575,9.0,11.0,1.0,13071.209516464107,10000.0,19000.0,1.0,16.5,17.19359862667628,19.0,1.0,20045.295710212755,10000.0,25000.0,1.0,18.505213925845077,17.0,20.0,1.0,0.0,211.0,1.0,47.0
11.0,22.0,11.0,22.0,-121.0,11.0,12.0,-111.0,10.018823123721445,9.0,11.0,30000.0,10000.0,19000.0,0.0,23.453221123670637,16.5,19.0,0.0,10000.0,36509.67226367133,25000.0,0.0,24.75793637359,17.0,20.0,0.0,121.0,10.02682065260144,9.0,11.0,1.0,15051.571149310777,10000.0,19000.0,1.0,16.5,17.61582897013191,19.0,1.0,21558.562828238468,10000.0,25000.0,1.0,18.920006958012255,17.0,20.0,1.0,0.0,111.0,1.0,14.0
11.0,22.0,11.0,22.0,-121.0,11.0,12.0,-111.0,10.212953754081312,9.0,11.0,30000.0,10000.0,19000.0,0.0,24.061487104203216,16.5,19.0,0.0,10000.0,37066.128973041545,25000.0,0.0,25.392366678127832,17.0,20.0,0.0,122.0,10.181547305682827,9.0,11.0,1.0,14721.192259346808,10000.0,19000.0,1.0,16.5,17.506024386788397,19.0,1.0,21698.69799261087,10000.0,25000.0,1.0,18.820212097311586,17.0,20.0,1.0,0.0,111.0,1.0,42.0
11.0,22.0,11.0,21.0,-121.0,21.0,13.0,-111.0,10.206089244787924,9.0,11.0,30000.0,10000.0,19000.0,0.0,24.968705104462842,16.5,19.0,0.0,10000.0,36967.25416826139,25000.0,0.0,26.28175874840521,17.0,20.0,0.0,122.0,10.218976845765818,9.0,11.0,1.0,12527.425366973208,10000.0,19000.0,1.0,16.5,17.079595889700386,19.0,1.0,19549.12794331114,10000.0,25000.0,1.0,18.402910919104688,17.0,20.0,1.0,0.0,211.0,1.0,2.0
11.0,22.0,11.0,22.0,-121.0,21.0,13.0,-111.0,10.196875176471703,9.0,11.0,30000.0,10000.0,19000.0,0.0,24.189058000349874,16.5,19.0,0.0,10000.0,37156.33406940804,25000.0,0.0,25.543332199502352,17.0,20.0,0.0,122.0,10.173224235802124,9.0,11.0,1.0,14937.195260958655,10000.0,19000.0,1.0,16.5,17.553851471585254,19.0,1.0,21979.541529645874,10000.0,25000.0,1.0,18.88655446737619,17.0,20.0,1.0,0.0,211.0,1.0,5.0
91.0,21.0,91.0,24.0,-721.0,911.0,11.0,-711.0,15.27268768615567,12.0,17.0,30000.0,18000.0,36000.0,1.0,25.099569984781475,20.0,25.0,0.0,18000.0,33976.38165464777,36000.0,1.0,25.583260580403568,20.0,26.0,1.0,722.0,14.968119163056357,12.0,17.0,1.0,22047.972159922017,18000.0,36000.0,1.0,20.0,22.677586264981198,25.0,1.0,26100.323122291844,18000.0,36000.0,1.0,23.170517834657712,20.0,26.0,1.0,0.0,91121.0,7.0,18.0
11.0,22.0,11.0,22.0,-121.0,21.0,13.0,-111.0,10.00354141389571,9.0,11.0,30000.0,10000.0,19000.0,0.0,25.875273075146065,16.5,19.0,0.0,10000.0,36593.96884424018,25000.0,0.0,27.195910021132566,17.0,20.0,0.0,121.0,10.01466099803105,9.0,11.0,1.0,13573.683151864938,10000.0,19000.0,1.0,16.5,17.280959654158867,19.0,1.0,20101.225508495496,10000.0,25000.0,1.0,18.588292734779667,17.0,20.0,1.0,0.0,211.0,1.0,13.0
11.0,22.0,11.0,21.0,-121.0,11.0,12.0,-111.0,9.973118936640299,9.0,11.0,30000.0,10000.0,19000.0,0.0,24.557173012475424,16.5,19.0,0.0,10000.0,36490.469782983084,25000.0,0.0,25.858043121539104,17.0,20.0,0.0,121.0,9.992871832463877,9.0,11.0,1.0,15769.0235545166,10000.0,19000.0,1.0,16.5,17.642127709806292,19.0,1.0,22257.618081941164,10000.0,25000.0,1.0,18.94262196565988,17.0,20.0,1.0,0.0,111.0,1.0,45.0
91.0,24.0,91.0,21.0,-721.0,911.0,11.0,-711.0,15.30119946049798,12.0,17.0,30000.0,18000.0,36000.0,1.0,24.559021700419486,20.0,25.0,1.0,18000.0,34010.480274706766,36000.0,1.0,25.045690315494753,20.0,26.0,1.0,722.0,15.314962423910313,12.0,17.0,1.0,25146.563378389823,18000.0,36000.0,1.0,20.0,23.313939205842654,25.0,1.0,29171.268800730755,18000.0,36000.0,1.0,23.802334031352625,20.0,26.0,1.0,1.0,91121.0,7.0,2.0
11.0,22.0,11.0,22.0,-121.0,11.0,11.0,-111.0,9.994270019080478,9.0,11.0,30000.0,10000.0,19000.0,0.0,24.03397016267919,16.5,19.0,0.0,10000.0,36500.0176215993,25000.0,0.0,25.330574143898243,17.0,20.0,0.0,121.0,10.010870306968954,9.0,11.0,1.0,16450.528441860097,10000.0,19000.0,1.0,16.5,17.860003514695215,19.0,1.0,22944.938437205055,10000.0,25000.0,1.0,19.155488903481167,17.0,20.0,1.0,0.0,111.0,1.0,17.0
91.0,24.0,91.0,24.0,-721.0,911.0,12.0,-711.0,15.34886035207304,12.0,17.0,30000.0,18000.0,36000.0,1.0,25.21499210473933,20.0,25.0,0.0,18000.0,34547.650270016544,36000.0,1.0,25.782599345815044,20.0,26.0,1.0,721.0,15.036611408294108,12.0,17.0,1.0,28194.92184846224,18000.0,36000.0,1.0,20.0,23.52728533824563,25.0,1.0,32676.503344573895,18000.0,36000.0,1.0,24.086646317570594,20.0,26.0,1.0,0.0,91121.0,7.0,24.0
11.0,21.0,11.0,22.0,-121.0,21.0,13.0,-111.0,10.192664289263336,9.0,11.0,30000.0,10000.0,19000.0,0.0,26.78059036039768,16.5,19.0,0.0,10000.0,36894.9537852257,25000.0,0.0,28.07958490393944,17.0,20.0,0.0,122.0,10.183384978083208,9.0,11.0,1.0,13072.838584537554,10000.0,19000.0,1.0,16.5,17.172495789875835,19.0,1.0,20118.847680908522,10000.0,25000.0,1.0,18.499948830901822,17.0,20.0,1.0,0.0,211.0,1.0,9.0
11.0,22.0,11.0,22.0,-121.0,11.0,12.0,-111.0,10.003774095043994,9.0,11.0,30000.0,10000.0,19000.0,0.0,25.78499061497393,16.5,19.0,0.0,10000.0,36511.26035866862,25000.0,0.0,27.092445466199013,17.0,20.0,0.0,121.0,10.003338586653248,9.0,11.0,1.0,15746.337571617223,10000.0,19000.0,1.0,16.5,17.681819781912797,19.0,1.0,22206.342644007047,10000.0,25000.0,1.0,18.97898262068488,17.0,20.0,1.0,0.0,111.0,1.0,42.0
11.0,22.0,11.0,22.0,-121.0,11.0,11.0,-111.0,10.205177985464818,9.0,11.0,30000.0,10000.0,19000.0,0.0,24.084239191948072,16.5,19.0,0.0,10000.0,37100.919994913434,25000.0,0.0,25.421822344873583,17.0,20.0,0.0,122.0,10.192365152250215,9.0,11.0,1.0,15092.897599160353,10000.0,19000.0,1.0,16.5,17.535216234307306,19.0,1.0,22000.554233020965,10000.0,25000.0,1.0,18.83639483458229,17.0,20.0,1.0,0.0,111.0,1.0,11.0
92.0,24.0,92.0,24.0,-721.0,921.0,13.0,-711.0,15.16747306860356,12.0,17.0,30000.0,15000.0,28000.0,0.0,24.28712793996007,19.5,25.0,1.0,15000.0,34001.19866098747,28000.0,0.0,24.773806109991497,20.0,26.0,1.0,722.0,15.3337322208408,12.0,17.0,1.0,21650.041479109314,15000.0,28000.0,1.0,19.5,21.949976275436946,25.0,1.0,25683.360119898338,15000.0,28000.0,1.0,22.44056129796827,20.0,26.0,1.0,0.0,92122.0,7.0,20.0
91.0,24.0,91.0,21.0,-721.0,911.0,11.0,-711.0,15.10456655324691,12.0,17.0,30000.0,18000.0,36000.0,1.0,24.462320143296218,20.0,25.0,1.0,18000.0,33933.84815962544,36000.0,1.0,24.94332291713702,20.0,26.0,1.0,722.0,15.20658537093538,12.0,17.0,1.0,18980.4201354992,18000.0,36000.0,1.0,20.0,22.48775634794697,25.0,1.0,22922.845185366084,18000.0,36000.0,1.0,22.96980784248813,20.0,26.0,1.0,1.0,91121.0,7.0,3.0
91.0,24.0,91.0,21.0,-721.0,911.0,11.0,-711.0,14.489226506086073,12.0,17.0,30000.0,18000.0,36000.0,1.0,24.70652518606856,20.0,25.0,1.0,18000.0,34530.98526138684,36000.0,1.0,25.273378715775557,20.0,26.0,1.0,721.0,14.957336604857986,12.0,17.0,1.0,24933.943550771408,18000.0,36000.0,1.0,20.0,23.054373100829064,25.0,1.0,29453.5264743216,18000.0,36000.0,1.0,23.619800129438232,20.0,26.0,1.0,1.0,91121.0,7.0,2.0
11.0,21.0,11.0,22.0,-121.0,11.0,11.0,-111.0,10.182239474473565,9.0,11.0,30000.0,10000.0,19000.0,0.0,27.12461730134791,16.5,19.0,0.0,10000.0,37060.11270384791,25000.0,0.0,28.459023472709276,17.0,20.0,0.0,122.0,10.194712290336948,9.0,11.0,1.0,15717.903909589135,10000.0,19000.0,1.0,16.5,17.689801088464684,19.0,1.0,22690.559314028564,10000.0,25000.0,1.0,19.00767727440561,17.0,20.0,1.0,0.0,111.0,1.0,43.0
11.0,21.0,11.0,22.0,-121.0,21.0,13.0,-111.0,10.22355104491385,9.0,11.0,30000.0,10000.0,19000.0,0.0,26.710405041636378,16.5,19.0,0.0,10000.0,36786.51360183903,25000.0,0.0,27.99039485772305,17.0,20.0,0.0,122.0,10.208866731108165,9.0,11.0,1.0,15954.547529136276,10000.0,19000.0,1.0,16.5,17.70825423760392,19.0,1.0,23085.999379208435,10000.0,25000.0,1.0,19.0533021189684,17.0,20.0,1.0,0.0,211.0,1.0,59.0
92.0,24.0,92.0,24.0,-721.0,921.0,13.0,-711.0,15.236488028631095,12.0,17.0,30000.0,15000.0,28000.0,0.0,23.889405280036524,19.5,25.0,1.0,15000.0,33996.97097948588,28000.0,0.0,24.375049987018013,20.0,26.0,1.0,722.0,15.157345475111104,12.0,17.0,1.0,23842.07649254314,15000.0,28000.0,1.0,19.5,22.094354155567643,25.0,1.0,27853.046194505172,15000.0,28000.0,1.0,22.581699751925097,20.0,26.0,1.0,0.0,92122.0,7.0,25.0
11.0,22.0,11.0,21.0,-121.0,21.0,12.0,-111.0,10.198280968981436,9.0,11.0,30000.0,10000.0,19000.0,0.0,24.358496559362194,16.5,19.0,0.0,10000.0,37029.05140877341,25000.0,0.0,25.682844728378882,17.0,20.0,0.0,122.0,10.212961275839168,9.0,11.0,1.0,14022.654342357766,10000.0,19000.0,1.0,16.5,17.361625452029408,19.0,1.0,21081.949885405837,10000.0,25000.0,1.0,18.69167193814762,17.0,20.0,1.0,0.0,211.0,1.0,53.0
91.0,24.0,91.0,24.0,-721.0,911.0,12.0,-711.0,15.428101923397582,12.0,17.0,30000.0,18000.0,36000.0,1.0,24.937316164911593,20.0,25.0,1.0,18000.0,33954.84135275966,36000.0,1.0,25.418993597839005,20.0,26.0,1.0,722.0,15.238125168676625,12.0,17.0,1.0,26059.88667681385,18000.0,36000.0,1.0,20.0,23.43521589554917,25.0,1.0,30170.593163687794,18000.0,36000.0,1.0,23.935876825154814,20.0,26.0,1.0,1.0,91121.0,7.0,8.0
11.0,22.0,11.0,22.0,-121.0,21.0,13.0,-111.0,10.008099457710063,9.0,11.0,30000.0,10000.0,19000.0,0.0,25.47449740664986,16.5,19.0,0.0,10000.0,36449.06982394245,25000.0,0.0,26.766315834869907,17.0,20.0,0.0,121.0,10.001277127635692,9.0,11.0,1.0,16329.215338152333,10000.0,19000.0,1.0,16.5,17.799264788100366,19.0,1.0,22810.880860027733,10000.0,25000.0,1.0,19.097612487117598,17.0,20.0,1.0,0.0,211.0,1.0,4.0
11.0,22.0,11.0,21.0,-121.0,21.0,13.0,-111.0,10.21020620019711,9.0,11.0,30000.0,10000.0,19000.0,0.0,25.715372964019153,16.5,19.0,0.0,10000.0,37071.42263046894,25000.0,0.0,27.044619670630528,17.0,20.0,0.0,122.0,10.210049848991872,9.0,11.0,1.0,11086.927570777978,10000.0,19000.0,1.0,16.5,16.76057367097082,19.0,1.0,18352.991292106115,10000.0,25000.0,1.0,18.12640792757264,17.0,20.0,1.0,0.0,211.0,1.0,20.0
11.0,21.0,11.0,21.0,-121.0,11.0,11.0,-111.0,10.014699059058614,9.0,11.0,30000.0,10000.0,19000.0,0.0,27.61209626729398,16.5,19.0,0.0,10000.0,36424.43439518145,25000.0,0.0,28.891231068526416,17.0,20.0,0.0,121.0,10.004898615097103,9.0,11.0,1.0,14782.771747097046,10000.0,19000.0,1.0,16.5,17.40316163241147,19.0,1.0,21231.843804858017,10000.0,25000.0,1.0,18.687201906980224,17.0,20.0,1.0,0.0,111.0,1.0,56.0
11.0,21.0,11.0,21.0,-121.0,21.0,12.0,-111.0,10.178492902783233,9.0,11.0,30000.0,10000.0,19000.0,0.0,25.38549211551605,16.5,19.0,0.0,10000.0,36970.74770432164,25000.0,0.0,26.70184177783111,17.0,20.0,0.0,122.0,10.194707403308664,9.0,11.0,1.0,15662.372269941681,10000.0,19000.0,1.0,16.5,17.67117432548163,19.0,1.0,22653.53477641201,10000.0,25000.0,1.0,18.991379100483954,17.0,20.0,1.0,0.0,211.0,1.0,6.0
92.0,24.0,92.0,24.0,-721.0,921.0,13.0,-711.0,15.217507639618468,12.0,17.0,30000.0,15000.0,28000.0,0.0,24.315905452329822,19.5,25.0,1.0,15000.0,33936.642675745505,28000.0,0.0,24.794996054554428,20.0,26.0,1.0,722.0,15.162354196082235,12.0,17.0,1.0,22302.43122711124,15000.0,28000.0,1.0,19.5,21.941942227477533,25.0,1.0,26222.357882352426,15000.0,28000.0,1.0,22.418998484959715,20.0,26.0,1.0,0.0,92122.0,7.0,22.0
81.0,21.0,81.0,23.0,-721.0,912.0,12.0,-711.0,14.921988125967165,12.0,17.0,30000.0,12500.0,23000.0,0.0,27.623125843856037,20.0,24.0,0.0,12500.0,34452.036464166005,26000.0,0.0,28.178435595500368,20.0,25.0,0.0,721.0,14.924701120000439,12.0,17.0,1.0,16572.198379918544,12500.0,23000.0,1.0,20.0,21.585525809803816,24.0,1.0,21117.996407255603,12500.0,26000.0,1.0,22.15253059377265,20.0,25.0,1.0,0.0,912.0,7.0,7.0
11.0,22.0,11.0,22.0,-121.0,21.0,13.0,-111.0,10.005155325135414,9.0,11.0,30000.0,10000.0,19000.0,0.0,25.690835505364774,16.5,19.0,0.0,10000.0,36515.08741964354,25000.0,0.0,26.993191856801175,17.0,20.0,0.0,121.0,9.99682971921023,9.0,11.0,1.0,13139.336066158807,10000.0,19000.0,1.0,16.5,17.15396628947697,19.0,1.0,19622.095875852152,10000.0,25000.0,1.0,18.449860399437,17.0,20.0,1.0,0.0,211.0,1.0,8.0
11.0,22.0,11.0,22.0,-121.0,21.0,13.0,-111.0,9.975146486388333,9.0,11.0,30000.0,10000.0,19000.0,0.0,26.722370732245377,16.5,19.0,0.0,10000.0,36588.16348386175,25000.0,0.0,28.044382395292516,17.0,20.0,0.0,121.0,10.011477668486284,9.0,11.0,1.0,13598.074068457845,10000.0,19000.0,1.0,16.5,17.2496338890483,19.0,1.0,20111.645249364923,10000.0,25000.0,1.0,18.556677512106575,17.0,20.0,1.0,0.0,211.0,1.0,3.0
11.0,22.0,11.0,22.0,-121.0,21.0,13.0,-111.0,10.183371036818714,9.0,11.0,30000.0,10000.0,19000.0,0.0,24.67328595378259,16.5,19.0,0.0,10000.0,36977.197328070804,25000.0,0.0,25.991779585542368,17.0,20.0,0.0,122.0,10.194879442125611,9.0,11.0,1.0,13633.855010424288,10000.0,19000.0,1.0,16.5,17.307737706947428,19.0,1.0,20834.990325542785,10000.0,25000.0,1.0,18.668549306215965,17.0,20.0,1.0,0.0,211.0,1.0,22.0
11.0,21.0,11.0,22.0,-121.0,21.0,13.0,-111.0,10.213497735209293,9.0,11.0,30000.0,10000.0,19000.0,0.0,27.814565608779823,16.5,19.0,0.0,10000.0,36907.18924918041,25000.0,0.0,29.109087759067595,17.0,20.0,0.0,122.0,10.18928899060052,9.0,11.0,1.0,13794.31072813069,10000.0,19000.0,1.0,16.5,17.358192355695017,19.0,1.0,20805.866749526474,10000.0,25000.0,1.0,18.67227457499391,17.0,20.0,1.0,0.0,211.0,1.0,32.0
11.0,21.0,11.0,22.0,-121.0,21.0,13.0,-111.0,10.213283706436679,9.0,11.0,30000.0,10000.0,19000.0,0.0,27.306028019795598,16.5,19.0,0.0,10000.0,37015.704294063784,25000.0,0.0,28.62870097244546,17.0,20.0,0.0,122.0,10.21664560089405,9.0,11.0,1.0,13803.017672469321,10000.0,19000.0,1.0,16.5,17.361323815291232,19.0,1.0,20772.072105517447,10000.0,25000.0,1.0,18.675201854868362,17.0,20.0,1.0,0.0,211.0,1.0,59.0
11.0,21.0,11.0,21.0,-121.0,21.0,13.0,-111.0,9.99934172595707,9.0,11.0,30000.0,10000.0,19000.0,0.0,26.32786830289769,16.5,19.0,0.0,10000.0,36531.682557244974,25000.0,0.0,27.635040772908482,17.0,20.0,0.0,121.0,9.987666716927036,9.0,11.0,1.0,11485.294654543453,10000.0,19000.0,1.0,16.5,16.76085155888863,19.0,1.0,17974.05164784533,10000.0,25000.0,1.0,18.05943342227481,17.0,20.0,1.0,0.0,211.0,1.0,34.0
11.0,21.0,11.0,22.0,-121.0,21.0,13.0,-111.0,10.18158768234607,9.0,11.0,30000.0,10000.0,19000.0,0.0,27.493942646048772,16.5,19.0,0.0,10000.0,37082.69994081141,25000.0,0.0,28.835462185763816,17.0,20.0,0.0,122.0,10.204515869659044,9.0,11.0,1.0,15666.632826397303,10000.0,19000.0,1.0,16.5,17.67388717552825,19.0,1.0,22657.42226020532,10000.0,25000.0,1.0,18.997998136300154,17.0,20.0,1.0,0.0,211.0,1.0,24.0
11.0,21.0,11.0,22.0,-121.0,21.0,13.0,-111.0,9.999182432490333,9.0,11.0,30000.0,10000.0,19000.0,0.0,26.41666603120767,16.5,19.0,0.0,10000.0,36500.45496421793,25000.0,0.0,27.71909084634506,17.0,20.0,0.0,121.0,9.97517666645178,9.0,11.0,1.0,14052.599734369152,10000.0,19000.0,1.0,16.5,17.318155462685898,19.0,1.0,20593.801864894784,10000.0,25000.0,1.0,18.628744340313965,17.0,20.0,1.0,0.0,211.0,1.0,24.0
81.0,23.0,81.0,23.0,-721.0,912.0,12.0,-711.0,15.32755463808004,12.0,17.0,30000.0,12500.0,23000.0,0.0,26.324395451110995,20.0,24.0,0.0,12500.0,34513.54412786714,26000.0,0.0,26.890348849405147,20.0,25.0,0.0,721.0,14.97168875974253,12.0,17.0,1.0,17802.19510831393,12500.0,23000.0,1.0,20.0,21.751286581949543,24.0,1.0,22350.29978064839,12500.0,26000.0,1.0,22.321573527680933,20.0,25.0,1.0,0.0,912.0,7.0,31.0
11.0,22.0,11.0,21.0,-121.0,21.0,13.0,-111.0,10.187685839546537,9.0,11.0,30000.0,10000.0,19000.0,0.0,25.399316809184086,16.5,19.0,0.0,10000.0,37155.236184191584,25000.0,0.0,26.747075275849273,17.0,20.0,0.0,122.0,10.21925387098584,9.0,11.0,1.0,11028.069346897739,10000.0,19000.0,1.0,16.5,16.797579125840947,19.0,1.0,18096.92414637879,10000.0,25000.0,1.0,18.129066816865897,17.0,20.0,1.0,0.0,211.0,1.0,33.0
91.0,21.0,91.0,24.0,-721.0,911.0,12.0,-711.0,15.12878687910396,12.0,17.0,30000.0,18000.0,36000.0,1.0,24.6199705811318,20.0,25.0,1.0,18000.0,33982.905350944246,36000.0,1.0,25.10528753471365,20.0,26.0,1.0,722.0,15.293645469726728,12.0,17.0,1.0,25810.90117887723,18000.0,36000.0,1.0,20.0,23.4037358749531,25.0,1.0,29820.42950472955,18000.0,36000.0,1.0,23.892296837603507,20.0,26.0,1.0,1.0,91121.0,7.0,19.0
11.0,22.0,11.0,21.0,-121.0,11.0,12.0,-111.0,10.214822730627551,9.0,11.0,30000.0,10000.0,19000.0,0.0,25.0112588099915,16.5,19.0,0.0,10000.0,37154.9040790874,25000.0,0.0,26.362077506752932,17.0,20.0,0.0,122.0,10.18288278268983,9.0,11.0,1.0,15469.136651835814,10000.0,19000.0,1.0,16.5,17.58677537350924,19.0,1.0,22446.443745834596,10000.0,25000.0,1.0,18.904064434472012,17.0,20.0,1.0,0.0,111.0,1.0,45.0
81.0,23.0,81.0,21.0,-721.0,912.0,12.0,-711.0,14.712891160484658,12.0,17.0,30000.0,12500.0,23000.0,0.0,26.250896845384432,20.0,24.0,0.0,12500.0,34540.43107354165,26000.0,0.0,26.816799124610608,20.0,25.0,0.0,721.0,15.139175180158821,12.0,17.0,1.0,17286.5932051907,12500.0,23000.0,1.0,20.0,21.859715560228185,24.0,1.0,21816.222727407534,12500.0,26000.0,1.0,22.424271574658157,20.0,25.0,1.0,0.0,912.0,7.0,11.0
81.0,23.0,81.0,23.0,-721.0,912.0,12.0,-711.0,15.000326754924995,12.0,17.0,30000.0,12500.0,23000.0,0.0,26.252436936898896,20.0,24.0,0.0,12500.0,34497.62081734913,26000.0,0.0,26.81290298091494,20.0,25.0,0.0,721.0,15.884111345462983,12.0,17.0,1.0,16170.91489228162,12500.0,23000.0,1.0,20.0,22.470851790352164,24.0,1.0,20682.902585004627,12500.0,26000.0,1.0,23.0331081466539,20.0,25.0,1.0,0.0,912.0,7.0,10.0
11.0,21.0,11.0,21.0,-121.0,21.0,13.0,-111.0,10.184269021517489,9.0,11.0,30000.0,10000.0,19000.0,0.0,25.57658272043284,16.5,19.0,0.0,10000.0,36989.09091515393,25000.0,0.0,26.895879215155585,17.0,20.0,0.0,122.0,10.231518191216615,9.0,11.0,1.0,10691.983573591973,10000.0,19000.0,1.0,16.5,16.72459125782411,19.0,1.0,17637.564891331735,10000.0,25000.0,1.0,18.03567465873363,17.0,20.0,1.0,0.0,211.0,1.0,34.0
11.0,22.0,11.0,22.0,-121.0,21.0,13.0,-111.0,10.191406750114732,9.0,11.0,30000.0,10000.0,19000.0,0.0,24.972201946950598,16.5,19.0,0.0,10000.0,37054.13849003965,25000.0,0.0,26.307783785444084,17.0,20.0,0.0,122.0,10.188537050529046,9.0,11.0,1.0,14924.557815005584,10000.0,19000.0,1.0,16.5,17.52417217825367,19.0,1.0,21836.339890066036,10000.0,25000.0,1.0,18.832801236799938,17.0,20.0,1.0,0.0,211.0,1.0,28.0
11.0,22.0,11.0,22.0,-121.0,11.0,12.0,-111.0,10.209022440205894,9.0,11.0,30000.0,10000.0,19000.0,0.0,24.321902484046895,16.5,19.0,0.0,10000.0,36949.600999749884,25000.0,0.0,25.632457245296024,17.0,20.0,0.0,122.0,10.197549830903643,9.0,11.0,1.0,14278.411556606077,10000.0,19000.0,1.0,16.5,17.42980785503791,19.0,1.0,21200.53256255512,10000.0,25000.0,1.0,18.735180442991613,17.0,20.0,1.0,0.0,111.0,1.0,42.0
11.0,21.0,11.0,22.0,-121.0,21.0,13.0,-111.0,10.007361721726069,9.0,11.0,30000.0,10000.0,19000.0,0.0,27.82991756049045,16.5,19.0,0.0,10000.0,36446.698869705884,25000.0,0.0,29.11784412716576,17.0,20.0,0.0,121.0,10.002701973563996,9.0,11.0,1.0,13632.928801419941,10000.0,19000.0,1.0,16.5,17.277183538422598,19.0,1.0,20135.146123198647,10000.0,25000.0,1.0,18.57620162508518,17.0,20.0,1.0,0.0,211.0,1.0,32.0
11.0,22.0,11.0,21.0,-121.0,11.0,12.0,-111.0,10.220179387708054,9.0,11.0,30000.0,10000.0,19000.0,0.0,24.43048782505589,16.5,19.0,0.0,10000.0,37134.73337051497,25000.0,0.0,25.77998319419249,17.0,20.0,0.0,122.0,10.173847031566797,9.0,11.0,1.0,14550.715001958559,10000.0,19000.0,1.0,16.5,17.414773918744803,19.0,1.0,21768.3773284283,10000.0,25000.0,1.0,18.779954841386566,17.0,20.0,1.0,0.0,111.0,1.0,45.0
92.0,24.0,92.0,24.0,-721.0,921.0,13.0,-711.0,15.223780080766312,12.0,17.0,30000.0,15000.0,28000.0,0.0,24.81417504633642,19.5,25.0,1.0,15000.0,33901.929296005226,28000.0,0.0,25.29187260805161,20.0,26.0,1.0,722.0,14.956908003150705,12.0,17.0,1.0,21972.56937550478,15000.0,28000.0,1.0,19.5,21.720999103845152,25.0,1.0,26044.111533276446,15000.0,28000.0,1.0,22.21946168828495,20.0,26.0,1.0,0.0,92122.0,7.0,25.0
81.0,23.0,81.0,21.0,-721.0,912.0,11.0,-711.0,15.95296493679535,12.0,17.0,30000.0,12500.0,23000.0,0.0,27.276524606066957,20.0,24.0,0.0,12500.0,34527.17924325612,26000.0,0.0,27.84448186013373,20.0,25.0,0.0,721.0,14.56654282358983,12.0,17.0,1.0,13844.568530723962,12500.0,23000.0,1.0,20.0,20.784003375766055,24.0,1.0,18364.97472095965,12500.0,26000.0,1.0,21.351110916492924,20.0,25.0,1.0,0.0,912.0,7.0,12.0
11.0,22.0,11.0,22.0,-121.0,21.0,12.0,-111.0,10.212070697177435,9.0,11.0,30000.0,10000.0,19000.0,0.0,23.65928014723452,16.5,19.0,0.0,10000.0,37105.990424452815,25000.0,0.0,25.00076277979676,17.0,20.0,0.0,122.0,10.216873080648794,9.0,11.0,1.0,17110.562686444486,10000.0,19000.0,1.0,16.5,17.953697647367118,19.0,1.0,24207.807035979673,10000.0,25000.0,1.0,19.293529178970267,17.0,20.0,1.0,0.0,211.0,1.0,48.0
92.0,24.0,92.0,24.0,-721.0,921.0,13.0,-711.0,15.121391680517304,12.0,17.0,30000.0,15000.0,28000.0,0.0,24.848810290563083,19.5,25.0,1.0,15000.0,33980.72869279113,28000.0,0.0,25.33578417048511,20.0,26.0,1.0,722.0,15.323416146999469,12.0,17.0,1.0,27627.960345441537,15000.0,28000.0,1.0,19.5,22.782920812562757,25.0,1.0,31671.374266241535,15000.0,28000.0,0.0,23.27756315498326,20.0,26.0,1.0,0.0,92122.0,7.0,25.0
11.0,22.0,11.0,22.0,-121.0,21.0,13.0,-111.0,10.185605660549127,9.0,11.0,30000.0,10000.0,19000.0,0.0,27.199393881357423,16.5,19.0,0.0,10000.0,36933.9788938656,25000.0,0.0,28.506990832154006,17.0,20.0,0.0,122.0,10.200839070452075,9.0,11.0,1.0,12331.603139869112,10000.0,19000.0,1.0,16.5,17.054241811685607,19.0,1.0,19479.54641570735,10000.0,25000.0,1.0,18.402187770999365,17.0,20.0,1.0,0.0,211.0,1.0,13.0
11.0,21.0,11.0,21.0,-121.0,21.0,13.0,-111.0,9.990539816554769,9.0,11.0,30000.0,10000.0,19000.0,0.0,25.762426989007434,16.5,19.0,0.0,10000.0,36432.952320142394,25000.0,0.0,27.047199075424864,17.0,20.0,0.0,121.0,10.006918071615567,9.0,11.0,1.0,12607.972213069088,10000.0,19000.0,1.0,16.5,16.997829006766533,19.0,1.0,19097.91464757633,10000.0,25000.0,1.0,18.29398300688297,17.0,20.0,1.0,0.0,211.0,1.0,34.0
11.0,22.0,11.0,22.0,-121.0,11.0,11.0,-111.0,9.988554238119969,9.0,11.0,30000.0,10000.0,19000.0,0.0,24.846728311650644,16.5,19.0,0.0,10000.0,36464.057789555736,25000.0,0.0,26.138341595257913,17.0,20.0,0.0,121.0,9.998879978642016,9.0,11.0,1.0,15439.493215356004,10000.0,19000.0,1.0,16.5,17.630692122792077,19.0,1.0,22013.00128959043,10000.0,25000.0,1.0,18.944175173995482,17.0,20.0,1.0,0.0,111.0,1.0,17.0
91.0,24.0,91.0,24.0,-721.0,911.0,12.0,-711.0,15.272302867842566,12.0,17.0,30000.0,18000.0,36000.0,1.0,25.89860813209547,20.0,25.0,0.0,18000.0,34005.566651782035,36000.0,1.0,26.387060042466008,20.0,26.0,0.0,722.0,15.188092946132782,12.0,17.0,1.0,28240.469362839885,18000.0,36000.0,1.0,20.0,23.626889959652445,25.0,1.0,32191.529941719404,18000.0,36000.0,1.0,24.108695221059047,20.0,26.0,1.0,0.0,91121.0,7.0,13.0
11.0,22.0,11.0,22.0,-121.0,11.0,11.0,-111.0,10.008766996390126,9.0,11.0,30000.0,10000.0,19000.0,0.0,24.70282838000996,16.5,19.0,0.0,10000.0,36470.177627235535,25000.0,0.0,25.99543430309184,17.0,20.0,0.0,121.0,10.005551254380634,9.0,11.0,1.0,14044.85230094536,10000.0,19000.0,1.0,16.5,17.28764957576315,19.0,1.0,20571.486660149447,10000.0,25000.0,1.0,18.591534370978806,17.0,20.0,1.0,0.0,111.0,1.0,11.0
91.0,24.0,91.0,21.0,-721.0,911.0,11.0,-711.0,15.364760106310566,12.0,17.0,30000.0,18000.0,36000.0,1.0,24.837301456700025,20.0,25.0,1.0,18000.0,34523.29694805677,36000.0,1.0,25.404995825819185,20.0,26.0,1.0,721.0,14.399544984391985,12.0,17.0,1.0,23902.574636469555,18000.0,36000.0,1.0,20.0,22.343675837598497,25.0,1.0,28306.563416665405,18000.0,36000.0,1.0,22.896396488241432,20.0,26.0,1.0,1.0,91121.0,7.0,3.0
11.0,21.0,11.0,22.0,-121.0,21.0,13.0,-111.0,10.178762543738,9.0,11.0,30000.0,10000.0,19000.0,0.0,26.15561874979197,16.5,19.0,0.0,10000.0,36864.4577529705,25000.0,0.0,27.451424597957526,17.0,20.0,0.0,122.0,10.215891223332779,9.0,11.0,1.0,13007.054556538602,10000.0,19000.0,1.0,16.5,17.1790530899668,19.0,1.0,20182.66471021101,10000.0,25000.0,1.0,18.533595274636987,17.0,20.0,1.0,0.0,211.0,1.0,24.0
11.0,22.0,11.0,22.0,-121.0,11.0,11.0,-111.0,10.21011716697172,9.0,11.0,30000.0,10000.0,19000.0,0.0,24.612185393871762,16.5,19.0,0.0,10000.0,36888.1906429041,25000.0,0.0,25.906256590469436,17.0,20.0,0.0,122.0,10.209577529591979,9.0,11.0,1.0,19040.66469889546,10000.0,19000.0,0.0,16.5,18.3102598505794,19.0,1.0,26147.620724142802,10000.0,25000.0,0.0,19.64543008098426,17.0,20.0,1.0,0.0,111.0,1.0,50.0
92.0,24.0,92.0,24.0,-721.0,921.0,13.0,-711.0,15.208250508105733,12.0,17.0,30000.0,15000.0,28000.0,0.0,25.606722811554523,19.5,25.0,0.0,15000.0,34032.59668215209,28000.0,0.0,26.09813584690608,20.0,26.0,0.0,722.0,15.261018023031326,12.0,17.0,1.0,22500.684099791364,15000.0,28000.0,1.0,19.5,22.00329774105628,25.0,1.0,26445.087832036625,15000.0,28000.0,1.0,22.48396356595603,20.0,26.0,1.0,0.0,92122.0,7.0,20.0
91.0,24.0,91.0,21.0,-721.0,911.0,12.0,-711.0,15.681492999523716,12.0,17.0,30000.0,18000.0,36000.0,1.0,24.973989629083764,20.0,25.0,1.0,18000.0,34432.26630218554,36000.0,1.0,25.525644035853368,20.0,26.0,1.0,721.0,15.575355046409785,12.0,17.0,1.0,25909.56221635817,18000.0,36000.0,1.0,20.0,23.764430184003597,25.0,1.0,30403.19316892519,18000.0,36000.0,1.0,24.32372223650449,20.0,26.0,1.0,1.0,91121.0,7.0,29.0
92.0,24.0,92.0,24.0,-721.0,921.0,13.0,-711.0,15.056291108225928,12.0,17.0,30000.0,15000.0,28000.0,0.0,23.63743170439132,19.5,25.0,1.0,15000.0,34534.948465631125,28000.0,0.0,24.204825333703788,20.0,26.0,1.0,721.0,14.671738620955379,12.0,17.0,1.0,19284.14560640783,15000.0,28000.0,1.0,19.5,21.121350683577102,25.0,1.0,23735.330813889734,15000.0,28000.0,1.0,21.67826420723798,20.0,26.0,1.0,0.0,92122.0,7.0,22.0
81.0,21.0,81.0,23.0,-721.0,912.0,12.0,-711.0,15.056609998602642,12.0,17.0,30000.0,12500.0,23000.0,0.0,27.898388353152686,20.0,24.0,0.0,12500.0,33952.355413386766,26000.0,0.0,28.377734560316437,20.0,25.0,0.0,722.0,15.19491711514315,12.0,17.0,1.0,14092.040411461148,12500.0,23000.0,1.0,20.0,21.466638995194394,24.0,1.0,18023.774492073415,12500.0,26000.0,1.0,21.943484223418185,20.0,25.0,1.0,0.0,912.0,7.0,7.0
11.0,21.0,11.0,21.0,-121.0,21.0,13.0,-111.0,10.00493330091022,9.0,11.0,30000.0,10000.0,19000.0,0.0,28.460135831852376,16.5,19.0,0.0,10000.0,36484.828745797786,25000.0,0.0,29.75046584747032,17.0,20.0,0.0,121.0,9.983597203825177,9.0,11.0,1.0,12293.974843054542,10000.0,19000.0,1.0,16.5,16.90219868058605,19.0,1.0,18771.326486296985,10000.0,25000.0,1.0,18.191040926790922,17.0,20.0,1.0,0.0,211.0,1.0,34.0
11.0,22.0,11.0,22.0,-121.0,21.0,13.0,-111.0,10.209281391377278,9.0,11.0,30000.0,10000.0,19000.0,0.0,24.816345305684393,16.5,19.0,0.0,10000.0,36999.8519745787,25000.0,0.0,26.136270069553074,17.0,20.0,0.0,122.0,10.192795693822678,9.0,11.0,1.0,14465.204925318669,10000.0,19000.0,1.0,16.5,17.46795422008966,19.0,1.0,21618.176378866527,10000.0,25000.0,1.0,18.816751907679592,17.0,20.0,1.0,0.0,211.0,1.0,36.0
11.0,22.0,11.0,21.0,-121.0,11.0,11.0,-111.0,9.996757354894712,9.0,11.0,30000.0,10000.0,19000.0,0.0,26.483188480707483,16.5,19.0,0.0,10000.0,36500.83253380581,25000.0,0.0,27.776776199787534,17.0,20.0,0.0,121.0,10.007522138287587,9.0,11.0,1.0,13422.348398660513,10000.0,19000.0,1.0,16.5,17.163754219610993,19.0,1.0,19981.7210365874,10000.0,25000.0,1.0,18.46899071742375,17.0,20.0,1.0,0.0,111.0,1.0,0.0
11.0,22.0,11.0,21.0,-121.0,11.0,11.0,-111.0,10.229199775739026,9.0,11.0,30000.0,10000.0,19000.0,0.0,26.101664885651765,16.5,19.0,0.0,10000.0,36919.0229411689,25000.0,0.0,27.40754447438845,17.0,20.0,0.0,122.0,10.219089001887244,9.0,11.0,1.0,13334.497331373608,10000.0,19000.0,1.0,16.5,17.218906871620458,19.0,1.0,20345.017288014576,10000.0,25000.0,1.0,18.542055384878896,17.0,20.0,1.0,0.0,111.0,1.0,12.0
11.0,22.0,11.0,22.0,-121.0,21.0,13.0,-111.0,9.982464238388292,9.0,11.0,30000.0,10000.0,19000.0,0.0,25.463592689033163,16.5,19.0,0.0,10000.0,36520.36558371315,25000.0,0.0,26.7680682647,17.0,20.0,0.0,121.0,10.008413138234964,9.0,11.0,1.0,13309.355129380687,10000.0,19000.0,1.0,16.5,17.218446352555187,19.0,1.0,19900.680266184303,10000.0,25000.0,1.0,18.537118218702723,17.0,20.0,1.0,0.0,211.0,1.0,22.0
11.0,21.0,11.0,22.0,-121.0,11.0,12.0,-111.0,10.007806535627473,9.0,11.0,30000.0,10000.0,19000.0,0.0,26.10075194232256,16.5,19.0,0.0,10000.0,36511.3241651227,25000.0,0.0,27.403904487292444,17.0,20.0,0.0,121.0,10.01488372778175,9.0,11.0,1.0,15300.983875759426,10000.0,19000.0,1.0,16.5,17.60018705428476,19.0,1.0,21759.20298478263,10000.0,25000.0,1.0,18.89271134803387,17.0,20.0,1.0,0.0,111.0,1.0,51.0
91.0,24.0,91.0,24.0,-721.0,911.0,12.0,-711.0,14.490015865711381,12.0,17.0,30000.0,18000.0,36000.0,1.0,23.541137928156036,20.0,25.0,1.0,18000.0,34517.832614055726,36000.0,1.0,24.1079373026045,20.0,26.0,1.0,721.0,14.184584769983006,12.0,17.0,1.0,24837.86351480446,18000.0,36000.0,1.0,20.0,22.371311587115127,25.0,1.0,29274.89158054717,18000.0,36000.0,1.0,22.92797336432417,20.0,26.0,1.0,1.0,91121.0,7.0,32.0
11.0,21.0,11.0,22.0,-121.0,21.0,12.0,-111.0,10.182244308093436,9.0,11.0,30000.0,10000.0,19000.0,0.0,25.11830019324701,16.5,19.0,0.0,10000.0,36985.13492283019,25000.0,0.0,26.439052566038768,17.0,20.0,0.0,122.0,10.182887280898889,9.0,11.0,1.0,17030.60668319426,10000.0,19000.0,1.0,16.5,17.94237223139687,19.0,1.0,23970.28292486222,10000.0,25000.0,1.0,19.254529256829944,17.0,20.0,1.0,0.0,211.0,1.0,37.0
81.0,23.0,81.0,21.0,-721.0,912.0,11.0,-711.0,14.931506763775461,12.0,17.0,30000.0,12500.0,23000.0,0.0,26.16956866743203,20.0,24.0,0.0,12500.0,34048.37765341773,26000.0,0.0,26.663568206575604,20.0,25.0,0.0,722.0,15.132674578103977,12.0,17.0,1.0,13720.25796776372,12500.0,23000.0,1.0,20.0,21.234754311077374,24.0,1.0,17685.299648154687,12500.0,26000.0,1.0,21.71858485518301,20.0,25.0,1.0,0.0,912.0,7.0,12.0
11.0,21.0,11.0,22.0,-121.0,21.0,13.0,-111.0,10.21933553771225,9.0,11.0,30000.0,10000.0,19000.0,0.0,25.221659598274883,16.5,19.0,0.0,10000.0,37001.24878898772,25000.0,0.0,26.546458623576523,17.0,20.0,0.0,122.0,10.225031317336851,9.0,11.0,1.0,12040.629253408688,10000.0,19000.0,1.0,16.5,17.073095520075796,19.0,1.0,19058.90365088088,10000.0,25000.0,1.0,18.40111618628825,17.0,20.0,1.0,0.0,211.0,1.0,59.0
11.0,22.0,11.0,21.0,-121.0,11.0,11.0,-111.0,10.226885569089564,9.0,11.0,30000.0,10000.0,19000.0,0.0,25.04664999277729,16.5,19.0,0.0,10000.0,36906.88288182637,25000.0,0.0,26.350402416870352,17.0,20.0,0.0,122.0,10.193113940508644,9.0,11.0,1.0,11452.0584709826,10000.0,19000.0,1.0,16.5,16.822058631346692,19.0,1.0,18549.921377092247,10000.0,25000.0,1.0,18.161860699522734,17.0,20.0,1.0,0.0,111.0,1.0,1.0
11.0,22.0,11.0,22.0,-121.0,11.0,11.0,-111.0,10.200496340972032,9.0,11.0,30000.0,10000.0,19000.0,0.0,23.890002570307033,16.5,19.0,0.0,10000.0,36994.1066485248,25000.0,0.0,25.20189276969061,17.0,20.0,0.0,122.0,10.213405970132882,9.0,11.0,1.0,15931.975348097283,10000.0,19000.0,1.0,16.5,17.735255107470742,19.0,1.0,22891.51960538898,10000.0,25000.0,1.0,19.04066241138181,17.0,20.0,1.0,0.0,111.0,1.0,55.0
11.0,22.0,11.0,22.0,-121.0,21.0,13.0,-111.0,10.194374704348636,9.0,11.0,30000.0,10000.0,19000.0,0.0,24.782856978225176,16.5,19.0,0.0,10000.0,36990.716306901246,25000.0,0.0,26.10346266964405,17.0,20.0,0.0,122.0,10.205673587457827,9.0,11.0,1.0,16305.88844376425,10000.0,19000.0,1.0,16.5,17.810539852422163,19.0,1.0,23374.59545720708,10000.0,25000.0,1.0,19.145878650781007,17.0,20.0,1.0,0.0,211.0,1.0,5.0
91.0,24.0,91.0,21.0,-721.0,911.0,11.0,-711.0,15.269278919265995,12.0,17.0,30000.0,18000.0,36000.0,1.0,24.78679016052108,20.0,25.0,1.0,18000.0,34004.22166910987,36000.0,1.0,25.2739625369296,20.0,26.0,1.0,722.0,15.001402607538505,12.0,17.0,1.0,24955.439965252994,18000.0,36000.0,1.0,20.0,22.956347519301175,25.0,1.0,28976.02082823811,18000.0,36000.0,1.0,23.44551023191356,20.0,26.0,1.0,1.0,91121.0,7.0,3.0
11.0,22.0,11.0,22.0,-121.0,11.0,11.0,-111.0,9.979045184694481,9.0,11.0,30000.0,10000.0,19000.0,0.0,23.534323904352547,16.5,19.0,0.0,10000.0,36497.72729796958,25000.0,0.0,24.831423304557106,17.0,20.0,0.0,121.0,10.00086359622159,9.0,11.0,1.0,16883.82598072874,10000.0,19000.0,1.0,16.5,17.847925717582918,19.0,1.0,23413.673032068335,10000.0,25000.0,1.0,19.151436977030013,17.0,20.0,1.0,0.0,111.0,1.0,11.0
11.0,22.0,11.0,22.0,-121.0,11.0,11.0,-111.0,10.185862463341833,9.0,11.0,30000.0,10000.0,19000.0,0.0,24.323984485476366,16.5,19.0,0.0,10000.0,37123.342598699564,25000.0,0.0,25.67005527116524,17.0,20.0,0.0,122.0,10.210474646274465,9.0,11.0,1.0,14038.149868215729,10000.0,19000.0,1.0,16.5,17.410489292480346,19.0,1.0,21082.58345878488,10000.0,25000.0,1.0,18.741648944933623,17.0,20.0,1.0,0.0,111.0,1.0,57.0
11.0,21.0,11.0,22.0,-121.0,21.0,13.0,-111.0,9.991324120700268,9.0,11.0,30000.0,10000.0,19000.0,0.0,25.99120834346089,16.5,19.0,0.0,10000.0,36438.15281961543,25000.0,0.0,27.27622070595323,17.0,20.0,0.0,121.0,9.989084438236318,9.0,11.0,1.0,12469.529984356812,10000.0,19000.0,1.0,16.5,17.076693968002505,19.0,1.0,18937.68714306625,10000.0,25000.0,1.0,18.36769499645921,17.0,20.0,1.0,0.0,211.0,1.0,52.0
92.0,24.0,92.0,24.0,-721.0,921.0,13.0,-711.0,15.415983959797792,12.0,17.0,30000.0,15000.0,28000.0,0.0,24.808043147638863,19.5,25.0,1.0,15000.0,33996.299496506836,28000.0,0.0,25.292934391431327,20.0,26.0,1.0,722.0,15.216545055018049,12.0,17.0,1.0,21510.419180192563,15000.0,28000.0,1.0,19.5,21.812799879858222,25.0,1.0,25595.076563771945,15000.0,28000.0,1.0,22.30841203328194,20.0,26.0,1.0,0.0,92122.0,7.0,25.0
11.0,22.0,11.0,22.0,-121.0,11.0,11.0,-111.0,10.200465881684792,9.0,11.0,30000.0,10000.0,19000.0,0.0,24.22583918740734,16.5,19.0,0.0,10000.0,36986.18536691224,25000.0,0.0,25.547378117800797,17.0,20.0,0.0,122.0,10.200411834912952,9.0,11.0,1.0,14823.053088019795,10000.0,19000.0,1.0,16.5,17.47511988837909,19.0,1.0,21982.497811497986,10000.0,25000.0,1.0,18.829433354907998,17.0,20.0,1.0,0.0,111.0,1.0,11.0
11.0,22.0,11.0,22.0,-121.0,11.0,11.0,-111.0,10.207372866855932,9.0,11.0,30000.0,10000.0,19000.0,0.0,25.363864045381817,16.5,19.0,0.0,10000.0,37095.53128615314,25000.0,0.0,26.70425534669098,17.0,20.0,0.0,122.0,10.207755640045669,9.0,11.0,1.0,14633.062298256042,10000.0,19000.0,1.0,16.5,17.525648798414977,19.0,1.0,21552.427225359013,10000.0,25000.0,1.0,18.83276114629116,17.0,20.0,1.0,0.0,111.0,1.0,55.0
11.0,22.0,11.0,22.0,-121.0,11.0,11.0,-111.0,10.192322858907326,9.0,11.0,30000.0,10000.0,19000.0,0.0,23.679274936121416,16.5,19.0,0.0,10000.0,36929.954515481404,25000.0,0.0,24.977427193552412,17.0,20.0,0.0,122.0,10.197962313776978,9.0,11.0,1.0,16181.251972039225,10000.0,19000.0,1.0,16.5,17.73322450951875,19.0,1.0,23147.01083465274,10000.0,25000.0,1.0,19.038083808670084,17.0,20.0,1.0,0.0,111.0,1.0,11.0
92.0,24.0,92.0,24.0,-721.0,921.0,13.0,-711.0,14.377498329366237,12.0,17.0,30000.0,15000.0,28000.0,0.0,24.158676056814443,19.5,25.0,1.0,15000.0,34494.265534023354,28000.0,0.0,24.722069014738448,20.0,26.0,1.0,721.0,15.429850033957276,12.0,17.0,1.0,20333.641263208723,15000.0,28000.0,1.0,19.5,22.108412364148354,25.0,1.0,24890.41150743966,15000.0,28000.0,1.0,22.679640798926464,20.0,26.0,1.0,0.0,92122.0,7.0,25.0
81.0,23.0,81.0,23.0,-721.0,912.0,12.0,-711.0,15.013233358241818,12.0,17.0,30000.0,12500.0,23000.0,0.0,26.08317247809177,20.0,24.0,0.0,12500.0,34035.71868163663,26000.0,0.0,26.575961420427827,20.0,25.0,0.0,722.0,14.905096597688754,12.0,17.0,1.0,20178.06957313998,12500.0,23000.0,1.0,20.0,21.98193705398639,24.0,1.0,24120.841590774522,12500.0,26000.0,1.0,22.463376570889086,20.0,25.0,1.0,0.0,912.0,7.0,5.0
11.0,22.0,11.0,21.0,-121.0,11.0,11.0,-111.0,10.206147453529807,9.0,11.0,30000.0,10000.0,19000.0,0.0,23.02094331284144,16.5,19.0,0.0,10000.0,36851.44958132096,25000.0,0.0,24.31506734878446,17.0,20.0,0.0,122.0,10.186824486101113,9.0,11.0,1.0,16081.388618871286,10000.0,19000.0,1.0,16.5,17.696793971790235,19.0,1.0,23169.489841408882,10000.0,25000.0,1.0,19.035617537870465,17.0,20.0,1.0,0.0,111.0,1.0,0.0
11.0,22.0,11.0,22.0,-121.0,11.0,12.0,-111.0,10.00673983914638,9.0,11.0,30000.0,10000.0,19000.0,0.0,24.201106143457807,16.5,19.0,0.0,10000.0,36516.30301110705,25000.0,0.0,25.51103006785182,17.0,20.0,0.0,121.0,9.992152326962797,9.0,11.0,1.0,14668.137417938355,10000.0,19000.0,1.0,16.5,17.47625293682309,19.0,1.0,21144.73156289869,10000.0,25000.0,1.0,18.778194483220336,17.0,20.0,1.0,0.0,111.0,1.0,40.0
11.0,22.0,11.0,21.0,-121.0,21.0,13.0,-111.0,10.206750918414775,9.0,11.0,30000.0,10000.0,19000.0,0.0,25.488152220646782,16.5,19.0,0.0,10000.0,36851.40963212509,25000.0,0.0,26.78309305749669,17.0,20.0,0.0,122.0,10.180537004309134,9.0,11.0,1.0,12795.290702780223,10000.0,19000.0,1.0,16.5,17.0620796366808,19.0,1.0,19866.259061271747,10000.0,25000.0,1.0,18.398517855255708,17.0,20.0,1.0,0.0,211.0,1.0,20.0
11.0,22.0,11.0,22.0,-121.0,11.0,11.0,-111.0,10.190912268124409,9.0,11.0,30000.0,10000.0,19000.0,0.0,23.407517113088637,16.5,19.0,0.0,10000.0,36908.601912138896,25000.0,0.0,24.714139500656906,17.0,20.0,0.0,122.0,10.207511426250104,9.0,11.0,1.0,15723.58256827192,10000.0,19000.0,1.0,16.5,17.70687509940848,19.0,1.0,22796.34334063343,10000.0,25000.0,1.0,19.044544816756698,17.0,20.0,1.0,0.0,111.0,1.0,30.0
11.0,22.0,11.0,21.0,-121.0,21.0,13.0,-111.0,10.197594510456137,9.0,11.0,30000.0,10000.0,19000.0,0.0,26.781885247174145,16.5,19.0,0.0,10000.0,37050.67304053202,25000.0,0.0,28.110806714366785,17.0,20.0,0.0,122.0,10.220922797857106,9.0,11.0,1.0,13455.09496699353,10000.0,19000.0,1.0,16.5,17.259403630514726,19.0,1.0,20561.4335191662,10000.0,25000.0,1.0,18.59881701712786,17.0,20.0,1.0,0.0,211.0,1.0,33.0
81.0,23.0,81.0,21.0,-721.0,912.0,12.0,-711.0,15.199136364530942,12.0,17.0,30000.0,12500.0,23000.0,0.0,25.370164050970025,20.0,24.0,0.0,12500.0,34031.918195525686,26000.0,0.0,25.862131632122775,20.0,25.0,0.0,722.0,15.167236647618969,12.0,17.0,1.0,14924.249164755223,12500.0,23000.0,1.0,20.0,21.425060213810596,24.0,1.0,18917.007019199158,12500.0,26000.0,1.0,21.912249518881136,20.0,25.0,1.0,0.0,912.0,7.0,11.0
11.0,22.0,11.0,22.0,-121.0,21.0,13.0,-111.0,10.192497553624802,9.0,11.0,30000.0,10000.0,19000.0,0.0,26.458467811509806,16.5,19.0,0.0,10000.0,37062.40865956151,25000.0,0.0,27.79292882266447,17.0,20.0,0.0,122.0,10.209448283167015,9.0,11.0,1.0,14083.430677010054,10000.0,19000.0,1.0,16.5,17.390939941376878,19.0,1.0,20979.596462137546,10000.0,25000.0,1.0,18.693988916637228,17.0,20.0,1.0,0.0,211.0,1.0,13.0
92.0,24.0,92.0,24.0,-721.0,921.0,13.0,-711.0,14.941037525246347,12.0,17.0,30000.0,15000.0,28000.0,0.0,23.560106907681693,19.5,25.0,1.0,15000.0,33916.15611341254,28000.0,0.0,24.036372532196467,20.0,26.0,1.0,722.0,15.319373743555506,12.0,17.0,1.0,22232.492553018117,15000.0,28000.0,1.0,19.5,22.068545158151668,25.0,1.0,26190.397733443067,15000.0,28000.0,1.0,22.549888119957842,20.0,26.0,1.0,0.0,92122.0,7.0,20.0
11.0,22.0,11.0,21.0,-121.0,21.0,13.0,-111.0,9.997941104292176,9.0,11.0,30000.0,10000.0,19000.0,0.0,25.908485860815794,16.5,19.0,0.0,10000.0,36528.265534559534,25000.0,0.0,27.213220227067833,17.0,20.0,0.0,121.0,9.987275389881402,9.0,11.0,1.0,13416.196682362015,10000.0,19000.0,1.0,16.5,17.1330052095764,19.0,1.0,19887.06566907987,10000.0,25000.0,1.0,18.426268343833225,17.0,20.0,1.0,0.0,211.0,1.0,58.0
11.0,22.0,11.0,22.0,-121.0,11.0,11.0,-111.0,10.212711245640358,9.0,11.0,30000.0,10000.0,19000.0,0.0,24.13501864352188,16.5,19.0,0.0,10000.0,36978.07045895234,25000.0,0.0,25.45081732514594,17.0,20.0,0.0,122.0,10.195481695331965,9.0,11.0,1.0,13350.403079910306,10000.0,19000.0,1.0,16.5,17.237405503373182,19.0,1.0,20410.910831925023,10000.0,25000.0,1.0,18.568748723013332,17.0,20.0,1.0,0.0,111.0,1.0,27.0
11.0,22.0,11.0,22.0,-121.0,21.0,13.0,-111.0,10.20865333573595,9.0,11.0,30000.0,10000.0,19000.0,0.0,25.93400034364929,16.5,19.0,0.0,10000.0,36942.4089096773,25000.0,0.0,27.24060289392588,17.0,20.0,0.0,122.0,10.221118837495816,9.0,11.0,1.0,15552.768055051845,10000.0,19000.0,1.0,16.5,17.702698074986824,19.0,1.0,22538.1543638189,10000.0,25000.0,1.0,19.01738922678279,17.0,20.0,1.0,0.0,211.0,1.0,13.0
11.0,21.0,11.0,22.0,-121.0,21.0,13.0,-111.0,10.188903663114568,9.0,11.0,30000.0,10000.0,19000.0,0.0,28.094527769682145,16.5,19.0,0.0,10000.0,36967.344221416264,25000.0,0.0,29.41583096469913,17.0,20.0,0.0,122.0,10.17150536850254,9.0,11.0,1.0,13591.98938089704,10000.0,19000.0,1.0,16.5,17.252733813764145,19.0,1.0,20695.465813201125,10000.0,25000.0,1.0,18.59985343459197,17.0,20.0,1.0,0.0,211.0,1.0,24.0
11.0,22.0,11.0,21.0,-121.0,21.0,13.0,-111.0,9.99752063927672,9.0,11.0,30000.0,10000.0,19000.0,0.0,25.515416224658676,16.5,19.0,0.0,10000.0,36406.55504372439,25000.0,0.0,26.79866500787508,17.0,20.0,0.0,121.0,9.995143784690734,9.0,11.0,1.0,10389.909132125244,10000.0,19000.0,1.0,16.5,16.55227738863316,19.0,1.0,16933.58052284825,10000.0,25000.0,1.0,17.862990914483348,17.0,20.0,1.0,0.0,211.0,1.0,33.0
91.0,24.0,91.0,24.0,-721.0,911.0,12.0,-711.0,15.092620561052557,12.0,17.0,30000.0,18000.0,36000.0,1.0,24.319158799160167,20.0,25.0,1.0,18000.0,33926.329437275366,36000.0,1.0,24.799088158894843,20.0,26.0,1.0,722.0,15.24824662291369,12.0,17.0,1.0,23824.587214586,18000.0,36000.0,1.0,20.0,23.11576221741172,25.0,1.0,27893.456825703837,18000.0,36000.0,1.0,23.613114774934957,20.0,26.0,1.0,1.0,91121.0,7.0,23.0
91.0,24.0,91.0,21.0,-721.0,911.0,11.0,-711.0,15.267983913883576,12.0,17.0,30000.0,18000.0,36000.0,1.0,24.937611855863448,20.0,25.0,1.0,18000.0,33979.68017940961,36000.0,1.0,25.42540552329918,20.0,26.0,1.0,722.0,15.33348609449793,12.0,17.0,1.0,24369.50240722214,18000.0,36000.0,1.0,20.0,23.21597527870661,25.0,1.0,28452.399989418453,18000.0,36000.0,1.0,23.716420413893193,20.0,26.0,1.0,1.0,91121.0,7.0,21.0
11.0,22.0,11.0,22.0,-121.0,21.0,13.0,-111.0,10.206373797161085,9.0,11.0,30000.0,10000.0,19000.0,0.0,25.714596459866225,16.5,19.0,0.0,10000.0,36881.56263628002,25000.0,0.0,27.0121212877139,17.0,20.0,0.0,122.0,10.211221476268955,9.0,11.0,1.0,12969.197641546989,10000.0,19000.0,1.0,16.5,17.222938823682924,19.0,1.0,19898.606027802973,10000.0,25000.0,1.0,18.52948501074537,17.0,20.0,1.0,0.0,211.0,1.0,21.0
91.0,24.0,91.0,24.0,-721.0,911.0,12.0,-711.0,14.122626953040525,12.0,17.0,30000.0,18000.0,36000.0,1.0,23.62511883175548,20.0,25.0,1.0,18000.0,34536.22493615618,36000.0,1.0,24.193156093425703,20.0,26.0,1.0,721.0,15.001789390410307,12.0,17.0,1.0,27396.378459474472,18000.0,36000.0,1.0,20.0,23.455873121117744,25.0,1.0,31917.119927687894,18000.0,36000.0,1.0,24.021971504788056,20.0,26.0,1.0,1.0,91121.0,7.0,27.0
11.0,22.0,11.0,22.0,-121.0,11.0,12.0,-111.0,10.190078742315814,9.0,11.0,30000.0,10000.0,19000.0,0.0,24.215070216125675,16.5,19.0,0.0,10000.0,37150.09245323894,25000.0,0.0,25.57055826903501,17.0,20.0,0.0,122.0,10.187646234916187,9.0,11.0,1.0,15265.331769218257,10000.0,19000.0,1.0,16.5,17.628826575317245,19.0,1.0,22209.510027238666,10000.0,25000.0,1.0,18.94527817752772,17.0,20.0,1.0,0.0,111.0,1.0,40.0
11.0,22.0,11.0,21.0,-121.0,21.0,13.0,-111.0,10.188729764006077,9.0,11.0,30000.0,10000.0,19000.0,0.0,26.63989101718453,16.5,19.0,0.0,10000.0,36967.96528157866,25000.0,0.0,27.961488852358475,17.0,20.0,0.0,122.0,10.18001847106185,9.0,11.0,1.0,11144.945554407674,10000.0,19000.0,1.0,16.5,16.766189903540457,19.0,1.0,18044.880972861894,10000.0,25000.0,1.0,18.074884672152038,17.0,20.0,1.0,0.0,211.0,1.0,33.0
91.0,24.0,91.0,24.0,-721.0,911.0,11.0,-711.0,14.983479967112519,12.0,17.0,30000.0,18000.0,36000.0,1.0,23.844851176221205,20.0,25.0,1.0,18000.0,34029.860643915206,36000.0,1.0,24.33789532933465,20.0,26.0,1.0,722.0,14.962045362161305,12.0,17.0,1.0,28063.927654127736,18000.0,36000.0,1.0,20.0,23.376018350921633,25.0,1.0,32099.531218598775,18000.0,36000.0,1.0,23.869765137116477,20.0,26.0,1.0,1.0,91121.0,7.0,4.0
11.0,22.0,11.0,21.0,-121.0,21.0,13.0,-111.0,10.000591229786357,9.0,11.0,30000.0,10000.0,19000.0,0.0,24.10651817538436,16.5,19.0,0.0,10000.0,36530.361581237186,25000.0,0.0,25.417430498953397,17.0,20.0,0.0,121.0,9.99257069488462,9.0,11.0,1.0,13589.47165156175,10000.0,19000.0,1.0,16.5,17.195547073537533,19.0,1.0,20121.071109607692,10000.0,25000.0,1.0,18.506707889926375,17.0,20.0,1.0,0.0,211.0,1.0,2.0
11.0,22.0,11.0,22.0,-121.0,11.0,11.0,-111.0,9.996913540786396,9.0,11.0,30000.0,10000.0,19000.0,0.0,25.09106825544726,16.5,19.0,0.0,10000.0,36515.504483926255,25000.0,0.0,26.389649495650623,17.0,20.0,0.0,121.0,10.021357996406243,9.0,11.0,1.0,12138.313370335674,10000.0,19000.0,1.0,16.5,16.93911077533625,19.0,1.0,18583.18278267467,10000.0,25000.0,1.0,18.223613999157315,17.0,20.0,1.0,0.0,111.0,1.0,30.0
11.0,22.0,11.0,21.0,-121.0,21.0,13.0,-111.0,10.011365546464894,9.0,11.0,30000.0,10000.0,19000.0,0.0,26.299230473960407,16.5,19.0,0.0,10000.0,36527.59031482539,25000.0,0.0,27.608259706705116,17.0,20.0,0.0,121.0,9.994809397275178,9.0,11.0,1.0,13850.766809603916,10000.0,19000.0,1.0,16.5,17.24996278808744,19.0,1.0,20293.437671141044,10000.0,25000.0,1.0,18.541962452274426,17.0,20.0,1.0,0.0,211.0,1.0,58.0
11.0,21.0,11.0,22.0,-121.0,11.0,11.0,-111.0,10.182123145764255,9.0,11.0,30000.0,10000.0,19000.0,0.0,26.077000819191923,16.5,19.0,0.0,10000.0,37004.43169453869,25000.0,0.0,27.39481334763228,17.0,20.0,0.0,122.0,10.20866591985576,9.0,11.0,1.0,12959.875891325151,10000.0,19000.0,1.0,16.5,17.166657031003943,19.0,1.0,20048.27392614955,10000.0,25000.0,1.0,18.500266971714318,17.0,20.0,1.0,0.0,111.0,1.0,29.0
11.0,22.0,11.0,21.0,-121.0,11.0,11.0,-111.0,10.206344634454588,9.0,11.0,30000.0,10000.0,19000.0,0.0,24.094012561550556,16.5,19.0,0.0,10000.0,37097.627688668304,25000.0,0.0,25.426693620633127,17.0,20.0,0.0,122.0,10.157739121344068,9.0,11.0,1.0,16087.961937643633,10000.0,19000.0,1.0,16.5,17.669841608316645,19.0,1.0,23005.609625180616,10000.0,25000.0,1.0,18.96872884937403,17.0,20.0,1.0,0.0,111.0,1.0,54.0
11.0,21.0,11.0,22.0,-121.0,11.0,11.0,-111.0,10.000665910884816,9.0,11.0,30000.0,10000.0,19000.0,0.0,26.179203733759845,16.5,19.0,0.0,10000.0,36568.58769181278,25000.0,0.0,27.491613614878556,17.0,20.0,0.0,121.0,10.003892791163787,9.0,11.0,1.0,17256.93445341706,10000.0,19000.0,1.0,16.5,17.959859077746177,19.0,1.0,23729.6487532639,10000.0,25000.0,1.0,19.253113366695615,17.0,20.0,1.0,0.0,111.0,1.0,29.0
11.0,22.0,11.0,21.0,-121.0,21.0,13.0,-111.0,10.002169091686483,9.0,11.0,30000.0,10000.0,19000.0,0.0,25.618046277632548,16.5,19.0,0.0,10000.0,36527.69292270325,25000.0,0.0,26.91943867327959,17.0,20.0,0.0,121.0,10.006014631054587,9.0,11.0,1.0,13959.773660326311,10000.0,19000.0,1.0,16.5,17.25800460768273,19.0,1.0,20454.82298342775,10000.0,25000.0,1.0,18.552889017615463,17.0,20.0,1.0,0.0,211.0,1.0,33.0
11.0,22.0,11.0,22.0,-121.0,11.0,12.0,-111.0,10.196265506141506,9.0,11.0,30000.0,10000.0,19000.0,0.0,24.414953828976966,16.5,19.0,0.0,10000.0,36928.08356322335,25000.0,0.0,25.72715941361876,17.0,20.0,0.0,122.0,10.196883791346835,9.0,11.0,1.0,13799.575896973342,10000.0,19000.0,1.0,16.5,17.357892839548228,19.0,1.0,20579.096296112548,10000.0,25000.0,1.0,18.64195999141792,17.0,20.0,1.0,0.0,111.0,1.0,42.0
81.0,23.0,81.0,23.0,-721.0,912.0,12.0,-711.0,15.104335154004765,12.0,17.0,30000.0,12500.0,23000.0,0.0,26.343131491282215,20.0,24.0,0.0,12500.0,33945.060284251456,26000.0,0.0,26.8261820266737,20.0,25.0,0.0,722.0,15.337651383371446,12.0,17.0,1.0,16154.168482201083,12500.0,23000.0,1.0,20.0,21.868027474644087,24.0,1.0,20066.604068323424,12500.0,26000.0,1.0,22.34708329848169,20.0,25.0,1.0,0.0,912.0,7.0,5.0
11.0,22.0,11.0,22.0,-121.0,11.0,11.0,-111.0,10.221536663466518,9.0,11.0,30000.0,10000.0,19000.0,0.0,23.594431215077968,16.5,19.0,0.0,10000.0,36780.62858680245,25000.0,0.0,24.87331632520775,17.0,20.0,0.0,122.0,10.195519204586105,9.0,11.0,1.0,14689.100017368699,10000.0,19000.0,1.0,16.5,17.46891071315836,19.0,1.0,21768.625265973682,10000.0,25000.0,1.0,18.80417031502638,17.0,20.0,1.0,0.0,111.0,1.0,15.0
11.0,22.0,11.0,21.0,-121.0,21.0,13.0,-111.0,10.208292924201427,9.0,11.0,30000.0,10000.0,19000.0,0.0,26.6025500299812,16.5,19.0,0.0,10000.0,37018.783120450185,25000.0,0.0,27.93041180494621,17.0,20.0,0.0,122.0,10.207062142703284,9.0,11.0,1.0,14851.720659199167,10000.0,19000.0,1.0,16.5,17.49062471271368,19.0,1.0,21818.419537526403,10000.0,25000.0,1.0,18.80863283170924,17.0,20.0,1.0,0.0,211.0,1.0,33.0
11.0,22.0,11.0,21.0,-121.0,21.0,13.0,-111.0,10.187434174526635,9.0,11.0,30000.0,10000.0,19000.0,0.0,25.74065167427955,16.5,19.0,0.0,10000.0,36850.03213149508,25000.0,0.0,27.03246075954399,17.0,20.0,0.0,122.0,10.202595924338858,9.0,11.0,1.0,11635.514224181745,10000.0,19000.0,1.0,16.5,16.892364970575006,19.0,1.0,18584.251407072607,10000.0,25000.0,1.0,18.202788287087838,17.0,20.0,1.0,0.0,211.0,1.0,20.0
11.0,22.0,11.0,21.0,-121.0,11.0,12.0,-111.0,9.996888547933562,9.0,11.0,30000.0,10000.0,19000.0,0.0,24.139465550937878,16.5,19.0,0.0,10000.0,36453.33764388516,25000.0,0.0,25.43074268009778,17.0,20.0,0.0,121.0,9.991317219945943,9.0,11.0,1.0,13842.003043251581,10000.0,19000.0,1.0,16.5,17.2673227784852,19.0,1.0,20308.16906828034,10000.0,25000.0,1.0,18.561166795678705,17.0,20.0,1.0,0.0,111.0,1.0,10.0
11.0,22.0,11.0,22.0,-121.0,21.0,13.0,-111.0,9.996233216120878,9.0,11.0,30000.0,10000.0,19000.0,0.0,26.68983874915653,16.5,19.0,0.0,10000.0,36505.854992525994,25000.0,0.0,27.9920492042701,17.0,20.0,0.0,121.0,10.006044807906491,9.0,11.0,1.0,15500.27809683844,10000.0,19000.0,1.0,16.5,17.673043874609405,19.0,1.0,22051.101225724768,10000.0,25000.0,1.0,18.984255141665862,17.0,20.0,1.0,0.0,211.0,1.0,5.0
11.0,22.0,11.0,21.0,-121.0,11.0,12.0,-111.0,9.996594641688805,9.0,11.0,30000.0,10000.0,19000.0,0.0,23.954882599801266,16.5,19.0,0.0,10000.0,36593.199435986135,25000.0,0.0,25.274978300518637,17.0,20.0,0.0,121.0,10.0152628205973,9.0,11.0,1.0,12416.677412700283,10000.0,19000.0,1.0,16.5,16.98787054003786,19.0,1.0,18885.57375379392,10000.0,25000.0,1.0,18.28307817499192,17.0,20.0,1.0,0.0,111.0,1.0,45.0
11.0,21.0,11.0,21.0,-121.0,11.0,11.0,-111.0,10.216172586453743,9.0,11.0,30000.0,10000.0,19000.0,0.0,24.970255137423237,16.5,19.0,0.0,10000.0,37008.77294784334,25000.0,0.0,26.29804005029988,17.0,20.0,0.0,122.0,10.181196856531928,9.0,11.0,1.0,15324.113549125213,10000.0,19000.0,1.0,16.5,17.597842211475182,19.0,1.0,22465.016166177425,10000.0,25000.0,1.0,18.95065857887667,17.0,20.0,1.0,0.0,111.0,1.0,18.0
11.0,22.0,11.0,22.0,-121.0,11.0,11.0,-111.0,9.995254971089585,9.0,11.0,30000.0,10000.0,19000.0,0.0,26.755602612834878,16.5,19.0,0.0,10000.0,36548.83788429281,25000.0,0.0,28.06898992163419,17.0,20.0,0.0,121.0,9.99856827805999,9.0,11.0,1.0,17954.668191661738,10000.0,19000.0,1.0,16.5,18.120093213127603,19.0,1.0,24432.411634537097,10000.0,25000.0,1.0,19.419222337691235,17.0,20.0,1.0,0.0,111.0,1.0,50.0
11.0,22.0,11.0,22.0,-121.0,21.0,13.0,-111.0,9.989741989767552,9.0,11.0,30000.0,10000.0,19000.0,0.0,24.822336836066118,16.5,19.0,0.0,10000.0,36494.510973126045,25000.0,0.0,26.120711458234492,17.0,20.0,0.0,121.0,9.998376346270822,9.0,11.0,1.0,13307.901223175564,10000.0,19000.0,1.0,16.5,17.16579079967873,19.0,1.0,19729.10893405498,10000.0,25000.0,1.0,18.4495107240851,17.0,20.0,1.0,0.0,211.0,1.0,8.0
11.0,22.0,11.0,22.0,-121.0,11.0,11.0,-111.0,10.001366832593193,9.0,11.0,30000.0,10000.0,19000.0,0.0,25.126410381993544,16.5,19.0,0.0,10000.0,36605.641726952206,25000.0,0.0,26.450349968118,17.0,20.0,0.0,121.0,9.987389383820563,9.0,11.0,1.0,11745.688481673844,10000.0,19000.0,1.0,16.5,16.89257122593449,19.0,1.0,18220.43655699389,10000.0,25000.0,1.0,18.19027637577986,17.0,20.0,1.0,0.0,111.0,1.0,15.0
11.0,22.0,11.0,22.0,-121.0,21.0,13.0,-111.0,9.993890852963414,9.0,11.0,30000.0,10000.0,19000.0,0.0,25.39374558278128,16.5,19.0,0.0,10000.0,36547.2925626251,25000.0,0.0,26.70992218593446,17.0,20.0,0.0,121.0,9.997559810181448,9.0,11.0,1.0,14797.14641178445,10000.0,19000.0,1.0,16.5,17.480791072708133,19.0,1.0,21323.721756245046,10000.0,25000.0,1.0,18.792802974563834,17.0,20.0,1.0,0.0,211.0,1.0,5.0
11.0,22.0,11.0,22.0,-121.0,21.0,13.0,-111.0,10.210694549142827,9.0,11.0,30000.0,10000.0,19000.0,0.0,26.740644331055677,16.5,19.0,0.0,10000.0,37189.99927036395,25000.0,0.0,28.09944438151853,17.0,20.0,0.0,122.0,10.201381155092955,9.0,11.0,1.0,16470.747481461472,10000.0,19000.0,1.0,16.5,17.838651086761672,19.0,1.0,23408.06214804491,10000.0,25000.0,1.0,19.149697606318984,17.0,20.0,1.0,0.0,211.0,1.0,3.0
11.0,22.0,11.0,21.0,-121.0,11.0,12.0,-111.0,10.206649304669561,9.0,11.0,30000.0,10000.0,19000.0,0.0,23.166873536995347,16.5,19.0,0.0,10000.0,37000.59137165752,25000.0,0.0,24.489712707652536,17.0,20.0,0.0,122.0,10.216187991942986,9.0,11.0,1.0,14422.242262652095,10000.0,19000.0,1.0,16.5,17.41726737649075,19.0,1.0,21325.978155847082,10000.0,25000.0,1.0,18.721804633209395,17.0,20.0,1.0,0.0,111.0,1.0,45.0
91.0,24.0,91.0,24.0,-721.0,911.0,11.0,-711.0,15.209514270260271,12.0,17.0,30000.0,18000.0,36000.0,1.0,24.050942461664636,20.0,25.0,1.0,18000.0,34087.566059222634,36000.0,1.0,24.54982309505527,20.0,26.0,1.0,722.0,14.897780910359609,12.0,17.0,1.0,25228.299124874422,18000.0,36000.0,1.0,20.0,22.95969981588452,25.0,1.0,29265.646191760407,18000.0,36000.0,1.0,23.452451304854694,20.0,26.0,1.0,1.0,91121.0,7.0,4.0
11.0,21.0,11.0,22.0,-121.0,21.0,13.0,-111.0,10.008544840867529,9.0,11.0,30000.0,10000.0,19000.0,0.0,27.839981044020337,16.5,19.0,0.0,10000.0,36476.48215925709,25000.0,0.0,29.13931137862724,17.0,20.0,0.0,121.0,10.000599586256852,9.0,11.0,1.0,14257.01375691345,10000.0,19000.0,1.0,16.5,17.404808655575984,19.0,1.0,20792.395742338165,10000.0,25000.0,1.0,18.715955641408165,17.0,20.0,1.0,0.0,211.0,1.0,24.0
11.0,21.0,11.0,22.0,-121.0,11.0,12.0,-111.0,10.003178333901607,9.0,11.0,30000.0,10000.0,19000.0,0.0,23.996540171788627,16.5,19.0,0.0,10000.0,36556.81808746384,25000.0,0.0,25.311232696247377,17.0,20.0,0.0,121.0,9.999157114754608,9.0,11.0,1.0,14871.432797077583,10000.0,19000.0,1.0,16.5,17.526570240853054,19.0,1.0,21412.105181453855,10000.0,25000.0,1.0,18.838025427495165,17.0,20.0,1.0,0.0,111.0,1.0,7.0
11.0,22.0,11.0,22.0,-121.0,21.0,13.0,-111.0,10.205552822190546,9.0,11.0,30000.0,10000.0,19000.0,0.0,24.95254531972406,16.5,19.0,0.0,10000.0,37110.095760337885,25000.0,0.0,26.293982421616704,17.0,20.0,0.0,122.0,10.216611585345625,9.0,11.0,1.0,12413.210117889588,10000.0,19000.0,1.0,16.5,17.08298210185666,19.0,1.0,19386.67794818897,10000.0,25000.0,1.0,18.398642086156766,17.0,20.0,1.0,0.0,211.0,1.0,8.0
11.0,22.0,11.0,21.0,-121.0,11.0,11.0,-111.0,9.983302498081942,9.0,11.0,30000.0,10000.0,19000.0,0.0,25.143738795252894,16.5,19.0,0.0,10000.0,36512.20584801923,25000.0,0.0,26.449115189856542,17.0,20.0,0.0,121.0,10.003749636340478,9.0,11.0,1.0,14389.778405891262,10000.0,19000.0,1.0,16.5,17.41156749807613,19.0,1.0,20852.00891140706,10000.0,25000.0,1.0,18.706926298958283,17.0,20.0,1.0,0.0,111.0,1.0,1.0
11.0,22.0,11.0,22.0,-121.0,21.0,12.0,-111.0,10.202705099300763,9.0,11.0,30000.0,10000.0,19000.0,0.0,24.92769950317113,16.5,19.0,0.0,10000.0,37090.6118260261,25000.0,0.0,26.2639043970161,17.0,20.0,0.0,122.0,10.163255928498767,9.0,11.0,1.0,17062.133149503847,10000.0,19000.0,1.0,16.5,17.93553814193255,19.0,1.0,24087.90772922688,10000.0,25000.0,1.0,19.259524647866957,17.0,20.0,1.0,0.0,211.0,1.0,48.0
11.0,22.0,11.0,21.0,-121.0,11.0,12.0,-111.0,10.209225897731473,9.0,11.0,30000.0,10000.0,19000.0,0.0,23.94190479196851,16.5,19.0,0.0,10000.0,36955.53802375653,25000.0,0.0,25.258696042435048,17.0,20.0,0.0,122.0,10.177851653008945,9.0,11.0,1.0,14157.53827277875,10000.0,19000.0,1.0,16.5,17.334637484672548,19.0,1.0,21094.303412199828,10000.0,25000.0,1.0,18.6478747369071,17.0,20.0,1.0,0.0,111.0,1.0,45.0
81.0,21.0,81.0,21.0,-721.0,912.0,12.0,-711.0,15.201702687307973,12.0,17.0,30000.0,12500.0,23000.0,0.0,28.287498769368845,20.0,24.0,0.0,12500.0,34000.78757370941,26000.0,0.0,28.776688525525948,20.0,25.0,0.0,722.0,15.164507323587692,12.0,17.0,1.0,14538.795919227054,12500.0,23000.0,1.0,20.0,21.377507999301137,24.0,1.0,18505.940685117508,12500.0,26000.0,1.0,21.862584136164493,20.0,25.0,1.0,0.0,912.0,7.0,6.0
81.0,23.0,81.0,21.0,-721.0,912.0,12.0,-711.0,14.722228603848482,12.0,17.0,30000.0,12500.0,23000.0,0.0,25.671932736011154,20.0,24.0,0.0,12500.0,34544.4465182062,26000.0,0.0,26.23983591109409,20.0,25.0,0.0,721.0,15.324465420329437,12.0,17.0,1.0,14833.567963734731,12500.0,23000.0,1.0,20.0,21.59144057497543,24.0,1.0,19222.79470372828,12500.0,26000.0,1.0,22.13994649133181,20.0,25.0,1.0,0.0,912.0,7.0,11.0
91.0,24.0,91.0,24.0,-721.0,911.0,12.0,-711.0,15.423501211917579,12.0,17.0,30000.0,18000.0,36000.0,1.0,25.519651169540015,20.0,25.0,0.0,18000.0,33909.726324927215,36000.0,1.0,25.995459905737558,20.0,26.0,1.0,722.0,15.273854728577357,12.0,17.0,1.0,27141.873678255033,18000.0,36000.0,1.0,20.0,23.582686472596777,25.0,1.0,31114.264408036783,18000.0,36000.0,1.0,24.06612138740644,20.0,26.0,1.0,0.0,91121.0,7.0,32.0
11.0,22.0,11.0,22.0,-121.0,21.0,13.0,-111.0,9.996240156253112,9.0,11.0,30000.0,10000.0,19000.0,0.0,25.037749048697787,16.5,19.0,0.0,10000.0,36506.50972472381,25000.0,0.0,26.34097174050157,17.0,20.0,0.0,121.0,10.016103756098536,9.0,11.0,1.0,13063.553388014843,10000.0,19000.0,1.0,16.5,17.13645221454502,19.0,1.0,19560.364336162722,10000.0,25000.0,1.0,18.437732287917225,17.0,20.0,1.0,0.0,211.0,1.0,5.0
91.0,24.0,91.0,24.0,-721.0,911.0,12.0,-711.0,13.14484309249153,12.0,17.0,30000.0,18000.0,36000.0,1.0,22.538764042247188,20.0,25.0,1.0,18000.0,34477.08861144527,36000.0,1.0,23.097425677589673,20.0,26.0,1.0,721.0,15.501415921128359,12.0,17.0,1.0,23536.799219870347,18000.0,36000.0,1.0,20.0,23.331562079628,25.0,1.0,28061.252275352865,18000.0,36000.0,1.0,23.896133961574783,20.0,26.0,1.0,1.0,91121.0,7.0,23.0
91.0,24.0,91.0,24.0,-721.0,911.0,11.0,-711.0,15.558491832396088,12.0,17.0,30000.0,18000.0,36000.0,1.0,24.391595592235774,20.0,25.0,1.0,18000.0,34489.14569490048,36000.0,1.0,24.95179016580142,20.0,26.0,1.0,721.0,15.491755221130637,12.0,17.0,1.0,27648.538982534355,18000.0,36000.0,1.0,20.0,23.991978268182358,25.0,1.0,32173.544572536128,18000.0,36000.0,1.0,24.55664775078631,20.0,26.0,1.0,1.0,91121.0,7.0,0.0
11.0,21.0,11.0,21.0,-121.0,21.0,13.0,-111.0,10.004636035767474,9.0,11.0,30000.0,10000.0,19000.0,0.0,26.37955502532835,16.5,19.0,0.0,10000.0,36571.663552708895,25000.0,0.0,27.6945405235509,17.0,20.0,0.0,121.0,10.001074046790752,9.0,11.0,1.0,13050.620517486204,10000.0,19000.0,1.0,16.5,17.109837793481283,19.0,1.0,19533.354380628076,10000.0,25000.0,1.0,18.407028520074984,17.0,20.0,1.0,0.0,211.0,1.0,34.0
81.0,23.0,81.0,21.0,-721.0,912.0,12.0,-711.0,14.692023277357759,12.0,17.0,30000.0,12500.0,23000.0,0.0,25.323945248742675,20.0,24.0,0.0,12500.0,33899.05035319004,26000.0,0.0,25.800525644375938,20.0,25.0,0.0,722.0,15.346012676663817,12.0,17.0,1.0,14472.17388822022,12500.0,23000.0,1.0,20.0,21.541398518597525,24.0,1.0,18512.92692814322,12500.0,26000.0,1.0,22.035299214403427,20.0,25.0,1.0,0.0,912.0,7.0,30.0
11.0,21.0,11.0,22.0,-121.0,11.0,11.0,-111.0,10.203979132945033,9.0,11.0,30000.0,10000.0,19000.0,0.0,25.55642029397412,16.5,19.0,0.0,10000.0,37013.11287266118,25000.0,0.0,26.880066030767775,17.0,20.0,0.0,122.0,10.210160607914663,9.0,11.0,1.0,15034.774996713375,10000.0,19000.0,1.0,16.5,17.56434995479565,19.0,1.0,22088.45765681891,10000.0,25000.0,1.0,18.895652780127357,17.0,20.0,1.0,0.0,111.0,1.0,35.0
11.0,22.0,11.0,22.0,-121.0,21.0,13.0,-111.0,10.19440407213262,9.0,11.0,30000.0,10000.0,19000.0,0.0,24.80553149698177,16.5,19.0,0.0,10000.0,37224.471541921564,25000.0,0.0,26.176990609652904,17.0,20.0,0.0,122.0,10.20618878589339,9.0,11.0,1.0,14723.899480450666,10000.0,19000.0,1.0,16.5,17.551895630677983,19.0,1.0,21878.192576307963,10000.0,25000.0,1.0,18.910032402910865,17.0,20.0,1.0,0.0,211.0,1.0,4.0
11.0,22.0,11.0,21.0,-121.0,11.0,11.0,-111.0,10.186174528624635,9.0,11.0,30000.0,10000.0,19000.0,0.0,25.89165105658479,16.5,19.0,0.0,10000.0,37049.640531365294,25000.0,0.0,27.21858933772498,17.0,20.0,0.0,122.0,10.191981433031826,9.0,11.0,1.0,12247.634269329727,10000.0,19000.0,1.0,16.5,16.988886577392332,19.0,1.0,19116.930698357897,10000.0,25000.0,1.0,18.281879086105647,17.0,20.0,1.0,0.0,111.0,1.0,12.0
92.0,24.0,92.0,24.0,-721.0,921.0,13.0,-711.0,15.35386891597963,12.0,17.0,30000.0,15000.0,28000.0,0.0,24.99970573299033,19.5,25.0,1.0,15000.0,33957.28598865196,28000.0,0.0,25.479064400501112,20.0,26.0,1.0,722.0,15.163411088031047,12.0,17.0,1.0,20720.38029126499,15000.0,28000.0,1.0,19.5,21.683229771461672,25.0,1.0,24723.779649442527,15000.0,28000.0,1.0,22.168174298431083,20.0,26.0,1.0,0.0,92122.0,7.0,20.0
11.0,22.0,11.0,22.0,-121.0,11.0,11.0,-111.0,10.198414896607002,9.0,11.0,30000.0,10000.0,19000.0,0.0,24.261846885225403,16.5,19.0,0.0,10000.0,36975.14171390315,25000.0,0.0,25.576214075802575,17.0,20.0,0.0,122.0,10.181524413777684,9.0,11.0,1.0,15447.746616092387,10000.0,19000.0,1.0,16.5,17.629918460218505,19.0,1.0,22468.948532343216,10000.0,25000.0,1.0,18.952965047034535,17.0,20.0,1.0,0.0,111.0,1.0,30.0
11.0,22.0,11.0,22.0,-121.0,11.0,11.0,-111.0,10.000029225002597,9.0,11.0,30000.0,10000.0,19000.0,0.0,24.60724735895202,16.5,19.0,0.0,10000.0,36547.75109732735,25000.0,0.0,25.911698718348443,17.0,20.0,0.0,121.0,10.012377020565074,9.0,11.0,1.0,14204.32128792071,10000.0,19000.0,1.0,16.5,17.416470866210872,19.0,1.0,20717.747561431985,10000.0,25000.0,1.0,18.714083990246426,17.0,20.0,1.0,0.0,111.0,1.0,15.0
11.0,22.0,11.0,22.0,-121.0,11.0,11.0,-111.0,10.214374257018635,9.0,11.0,30000.0,10000.0,19000.0,0.0,26.549512005734286,16.5,19.0,0.0,10000.0,36781.07609673955,25000.0,0.0,27.825815606429337,17.0,20.0,0.0,122.0,10.232077500706325,9.0,11.0,1.0,15487.106129565127,10000.0,19000.0,1.0,16.5,17.607833566945864,19.0,1.0,22489.596435837964,10000.0,25000.0,1.0,18.92581075290097,17.0,20.0,1.0,0.0,111.0,1.0,44.0
91.0,24.0,91.0,24.0,-721.0,911.0,12.0,-711.0,15.345774614662025,12.0,17.0,30000.0,18000.0,36000.0,1.0,24.49866333632766,20.0,25.0,1.0,18000.0,34014.91409393401,36000.0,1.0,24.986933183205913,20.0,26.0,1.0,722.0,15.373486032127033,12.0,17.0,1.0,25378.694986952145,18000.0,36000.0,1.0,20.0,23.40759619997247,25.0,1.0,29373.727962122473,18000.0,36000.0,1.0,23.893448224056165,20.0,26.0,1.0,1.0,91121.0,7.0,23.0
11.0,22.0,11.0,22.0,-121.0,21.0,13.0,-111.0,10.205381102885742,9.0,11.0,30000.0,10000.0,19000.0,0.0,25.6524392802546,16.5,19.0,0.0,10000.0,36969.790679071666,25000.0,0.0,26.970782348300933,17.0,20.0,0.0,122.0,10.214922590926031,9.0,11.0,1.0,15737.13790028322,10000.0,19000.0,1.0,16.5,17.74367976691591,19.0,1.0,22795.220888290227,10000.0,25000.0,1.0,19.07872341591315,17.0,20.0,1.0,0.0,211.0,1.0,47.0
11.0,22.0,11.0,22.0,-121.0,21.0,13.0,-111.0,9.994962751207723,9.0,11.0,30000.0,10000.0,19000.0,0.0,26.211248172334496,16.5,19.0,0.0,10000.0,36497.69326872792,25000.0,0.0,27.51001276455969,17.0,20.0,0.0,121.0,10.000801673255186,9.0,11.0,1.0,13489.133474461112,10000.0,19000.0,1.0,16.5,17.20244010119203,19.0,1.0,19942.84590914106,10000.0,25000.0,1.0,18.492413765985642,17.0,20.0,1.0,0.0,211.0,1.0,41.0
11.0,21.0,11.0,22.0,-121.0,21.0,13.0,-111.0,9.997593731788623,9.0,11.0,30000.0,10000.0,19000.0,0.0,25.860856489117197,16.5,19.0,0.0,10000.0,36572.044112773634,25000.0,0.0,27.174372957381603,17.0,20.0,0.0,121.0,9.99560515760834,9.0,11.0,1.0,14190.608071184699,10000.0,19000.0,1.0,16.5,17.33943606772252,19.0,1.0,20731.296123309574,10000.0,25000.0,1.0,18.646685581393303,17.0,20.0,1.0,0.0,211.0,1.0,52.0
91.0,24.0,91.0,24.0,-721.0,911.0,12.0,-711.0,15.1124062843278,12.0,17.0,30000.0,18000.0,36000.0,1.0,25.0300790431562,20.0,25.0,0.0,18000.0,34510.49435403371,36000.0,1.0,25.593558300299673,20.0,26.0,1.0,721.0,15.009424947445474,12.0,17.0,1.0,24878.927765320957,18000.0,36000.0,1.0,20.0,23.097573257195783,25.0,1.0,29410.116999903625,18000.0,36000.0,1.0,23.663637848673613,20.0,26.0,1.0,0.0,91121.0,7.0,32.0
11.0,22.0,11.0,22.0,-121.0,11.0,12.0,-111.0,10.210119689555887,9.0,11.0,30000.0,10000.0,19000.0,0.0,23.982824132912867,16.5,19.0,0.0,10000.0,36858.38375550723,25000.0,0.0,25.279258554716026,17.0,20.0,0.0,122.0,10.21732240863548,9.0,11.0,1.0,17043.382853552794,10000.0,19000.0,1.0,16.5,17.99173829570534,19.0,1.0,23967.622827222556,10000.0,25000.0,1.0,19.300621462163114,17.0,20.0,1.0,0.0,111.0,1.0,42.0
81.0,23.0,81.0,23.0,-721.0,912.0,12.0,-711.0,14.943325708847006,12.0,17.0,30000.0,12500.0,23000.0,0.0,26.295859505694388,20.0,24.0,0.0,12500.0,34496.48230927059,26000.0,0.0,26.85687882114979,20.0,25.0,0.0,721.0,14.557386715116493,12.0,17.0,1.0,15730.348293902804,12500.0,23000.0,1.0,20.0,21.139162414785524,24.0,1.0,20153.02660890101,12500.0,26000.0,1.0,21.69097331719787,20.0,25.0,1.0,0.0,912.0,7.0,5.0
91.0,24.0,91.0,24.0,-721.0,911.0,11.0,-711.0,15.030050483485812,12.0,17.0,30000.0,18000.0,36000.0,1.0,24.632384511479895,20.0,25.0,1.0,18000.0,34011.15889188524,36000.0,1.0,25.12126931129561,20.0,26.0,1.0,722.0,15.091977175116986,12.0,17.0,1.0,28302.28968154507,18000.0,36000.0,1.0,20.0,23.60153969195102,25.0,1.0,32283.30865934255,18000.0,36000.0,1.0,24.086751003315538,20.0,26.0,1.0,1.0,91121.0,7.0,28.0
11.0,22.0,11.0,22.0,-121.0,11.0,11.0,-111.0,10.190737476118013,9.0,11.0,30000.0,10000.0,19000.0,0.0,24.355435239099325,16.5,19.0,0.0,10000.0,37034.27679971528,25000.0,0.0,25.689196190955492,17.0,20.0,0.0,122.0,10.205390386606362,9.0,11.0,1.0,12515.918353281171,10000.0,19000.0,1.0,16.5,17.090829908684842,19.0,1.0,19602.699441394176,10000.0,25000.0,1.0,18.43454613692034,17.0,20.0,1.0,0.0,111.0,1.0,30.0
91.0,21.0,91.0,24.0,-721.0,911.0,12.0,-711.0,15.040225546883798,12.0,17.0,30000.0,18000.0,36000.0,1.0,24.853400238545547,20.0,25.0,1.0,18000.0,34442.51685201553,36000.0,1.0,25.40948986390049,20.0,26.0,1.0,721.0,14.367104914820157,12.0,17.0,1.0,25016.117237718056,18000.0,36000.0,1.0,20.0,22.558544447163484,25.0,1.0,29542.938016075015,18000.0,36000.0,1.0,23.125186770544524,20.0,26.0,1.0,1.0,91121.0,7.0,19.0
91.0,24.0,91.0,21.0,-721.0,911.0,11.0,-711.0,15.348866091762655,12.0,17.0,30000.0,18000.0,36000.0,1.0,24.679884362633025,20.0,25.0,1.0,18000.0,34089.70617924942,36000.0,1.0,25.17769608244882,20.0,26.0,1.0,722.0,15.108766838723712,12.0,17.0,1.0,24751.620742001203,18000.0,36000.0,1.0,20.0,23.062513841943737,25.0,1.0,28796.676713082095,18000.0,36000.0,1.0,23.554890599944596,20.0,26.0,1.0,1.0,91121.0,7.0,21.0
11.0,22.0,11.0,21.0,-121.0,11.0,11.0,-111.0,10.20063558312851,9.0,11.0,30000.0,10000.0,19000.0,0.0,25.281699444918146,16.5,19.0,0.0,10000.0,36936.951732945985,25000.0,0.0,26.58797657821725,17.0,20.0,0.0,122.0,10.201610485285313,9.0,11.0,1.0,13840.777554978877,10000.0,19000.0,1.0,16.5,17.26993769123755,19.0,1.0,20811.935525499888,10000.0,25000.0,1.0,18.582656101293455,17.0,20.0,1.0,0.0,111.0,1.0,0.0
11.0,22.0,11.0,22.0,-121.0,21.0,13.0,-111.0,10.18825097504314,9.0,11.0,30000.0,10000.0,19000.0,0.0,23.76801506135633,16.5,19.0,0.0,10000.0,36996.742886062515,25000.0,0.0,25.085748927241653,17.0,20.0,0.0,122.0,10.17434616890953,9.0,11.0,1.0,15558.100606420663,10000.0,19000.0,1.0,16.5,17.685784218335645,19.0,1.0,22547.882263418815,10000.0,25000.0,1.0,19.002207038862338,17.0,20.0,1.0,0.0,211.0,1.0,16.0
11.0,22.0,11.0,22.0,-121.0,21.0,13.0,-111.0,10.156096145267611,9.0,11.0,30000.0,10000.0,19000.0,0.0,25.57371152099741,16.5,19.0,0.0,10000.0,37048.995616007,25000.0,0.0,26.900546038180583,17.0,20.0,0.0,122.0,10.217840551772019,9.0,11.0,1.0,13344.086134022604,10000.0,19000.0,1.0,16.5,17.260570201322576,19.0,1.0,20203.750283104488,10000.0,25000.0,1.0,18.55176680082359,17.0,20.0,1.0,0.0,211.0,1.0,36.0
11.0,22.0,11.0,22.0,-121.0,11.0,11.0,-111.0,9.995830126490242,9.0,11.0,30000.0,10000.0,19000.0,0.0,24.35249864650557,16.5,19.0,0.0,10000.0,36575.85141929609,25000.0,0.0,25.660652288412155,17.0,20.0,0.0,121.0,10.00176015072455,9.0,11.0,1.0,13846.05824308992,10000.0,19000.0,1.0,16.5,17.303792310391596,19.0,1.0,20346.700599528293,10000.0,25000.0,1.0,18.596984390181223,17.0,20.0,1.0,0.0,111.0,1.0,38.0
11.0,22.0,11.0,21.0,-121.0,11.0,11.0,-111.0,9.997812589839015,9.0,11.0,30000.0,10000.0,19000.0,0.0,24.890165220888797,16.5,19.0,0.0,10000.0,36519.940322186354,25000.0,0.0,26.18898086067322,17.0,20.0,0.0,121.0,9.993628673858614,9.0,11.0,1.0,12149.529876896082,10000.0,19000.0,1.0,16.5,16.902486646719026,19.0,1.0,18602.725636860396,10000.0,25000.0,1.0,18.188006324117172,17.0,20.0,1.0,0.0,111.0,1.0,26.0
11.0,22.0,11.0,21.0,-121.0,11.0,11.0,-111.0,10.191085084399115,9.0,11.0,30000.0,10000.0,19000.0,0.0,25.06891801818449,16.5,19.0,0.0,10000.0,37025.89860395619,25000.0,0.0,26.393562237907787,17.0,20.0,0.0,122.0,10.194044438043564,9.0,11.0,1.0,10125.421071193332,10000.0,19000.0,1.0,16.5,16.59074332342926,19.0,1.0,17128.275228207265,10000.0,25000.0,1.0,17.91104280447079,17.0,20.0,1.0,0.0,111.0,1.0,1.0
81.0,23.0,81.0,21.0,-721.0,912.0,12.0,-711.0,15.188107256374511,12.0,17.0,30000.0,12500.0,23000.0,0.0,26.50400002853595,20.0,24.0,0.0,12500.0,34478.234595964255,26000.0,0.0,27.064044906117267,20.0,25.0,0.0,721.0,15.04050059276759,12.0,17.0,1.0,14815.680939837746,12500.0,23000.0,1.0,20.0,21.38633445625202,24.0,1.0,19365.50585658792,12500.0,26000.0,1.0,21.955332369138073,20.0,25.0,1.0,0.0,912.0,7.0,11.0
81.0,23.0,81.0,23.0,-721.0,912.0,12.0,-711.0,15.061820828961446,12.0,17.0,30000.0,12500.0,23000.0,0.0,25.473643643339145,20.0,24.0,0.0,12500.0,33928.64755535602,26000.0,0.0,25.955351158327318,20.0,25.0,0.0,722.0,15.307990600899943,12.0,17.0,1.0,17245.63551064885,12500.0,23000.0,1.0,20.0,21.988785044887564,24.0,1.0,21123.675769544516,12500.0,26000.0,1.0,22.464287392658598,20.0,25.0,1.0,0.0,912.0,7.0,10.0
91.0,24.0,91.0,24.0,-721.0,911.0,11.0,-711.0,15.115070516054987,12.0,17.0,30000.0,18000.0,36000.0,1.0,24.21266852989403,20.0,25.0,1.0,18000.0,34053.2579564475,36000.0,1.0,24.705400138950605,20.0,26.0,1.0,722.0,15.276993045119792,12.0,17.0,1.0,24323.64896659908,18000.0,36000.0,1.0,20.0,23.28680672870731,25.0,1.0,28287.712462990185,18000.0,36000.0,1.0,23.768695472519493,20.0,26.0,1.0,1.0,91121.0,7.0,16.0
11.0,21.0,11.0,22.0,-121.0,21.0,13.0,-111.0,10.18595628607332,9.0,11.0,30000.0,10000.0,19000.0,0.0,26.682935578239068,16.5,19.0,0.0,10000.0,37190.00723903671,25000.0,0.0,28.041222955484372,17.0,20.0,0.0,122.0,10.179452926312505,9.0,11.0,1.0,15678.940093701714,10000.0,19000.0,1.0,16.5,17.666822159089733,19.0,1.0,22582.10836458578,10000.0,25000.0,1.0,18.97092186491956,17.0,20.0,1.0,0.0,211.0,1.0,9.0
11.0,22.0,11.0,22.0,-121.0,21.0,12.0,-111.0,10.212780805002513,9.0,11.0,30000.0,10000.0,19000.0,0.0,24.75788371094677,16.5,19.0,0.0,10000.0,36965.20066229966,25000.0,0.0,26.073113965246556,17.0,20.0,0.0,122.0,10.199863030550814,9.0,11.0,1.0,17017.14800057354,10000.0,19000.0,1.0,16.5,17.953161206232743,19.0,1.0,23951.45855066479,10000.0,25000.0,1.0,19.26255851872582,17.0,20.0,1.0,0.0,211.0,1.0,25.0
11.0,22.0,11.0,22.0,-121.0,11.0,11.0,-111.0,10.19123656887131,9.0,11.0,30000.0,10000.0,19000.0,0.0,24.395901859306694,16.5,19.0,0.0,10000.0,37069.67985418607,25000.0,0.0,25.73025488017855,17.0,20.0,0.0,122.0,10.209867620800393,9.0,11.0,1.0,14544.31080899225,10000.0,19000.0,1.0,16.5,17.43876468337212,19.0,1.0,21566.791578746383,10000.0,25000.0,1.0,18.764209204539164,17.0,20.0,1.0,0.0,111.0,1.0,27.0
11.0,22.0,11.0,21.0,-121.0,21.0,13.0,-111.0,9.992278418277333,9.0,11.0,30000.0,10000.0,19000.0,0.0,27.630454847730736,16.5,19.0,0.0,10000.0,36502.685203350164,25000.0,0.0,28.93261151315232,17.0,20.0,0.0,121.0,10.003203406550025,9.0,11.0,1.0,10938.036106094929,10000.0,19000.0,1.0,16.5,16.68483589136993,19.0,1.0,17464.45409564562,10000.0,25000.0,1.0,17.99174502516014,17.0,20.0,1.0,0.0,211.0,1.0,33.0
11.0,22.0,11.0,22.0,-121.0,11.0,11.0,-111.0,9.99804090558595,9.0,11.0,30000.0,10000.0,19000.0,0.0,24.64110351832282,16.5,19.0,0.0,10000.0,36359.03727647626,25000.0,0.0,25.912807444338508,17.0,20.0,0.0,121.0,9.996791484836702,9.0,11.0,1.0,16552.53612170499,10000.0,19000.0,1.0,16.5,17.821473462219732,19.0,1.0,23055.807834982497,10000.0,25000.0,1.0,19.122021927364848,17.0,20.0,1.0,0.0,111.0,1.0,50.0
91.0,24.0,91.0,21.0,-721.0,911.0,11.0,-711.0,14.852622189632132,12.0,17.0,30000.0,18000.0,36000.0,1.0,24.605863241941194,20.0,25.0,1.0,18000.0,34512.79258857151,36000.0,1.0,25.1705699666231,20.0,26.0,1.0,721.0,14.370052557210911,12.0,17.0,1.0,22691.98748576903,18000.0,36000.0,1.0,20.0,22.198687746380216,25.0,1.0,27169.37064918025,18000.0,36000.0,1.0,22.758963525009833,20.0,26.0,1.0,1.0,91121.0,7.0,2.0
11.0,22.0,11.0,22.0,-121.0,21.0,13.0,-111.0,10.211669724492639,9.0,11.0,30000.0,10000.0,19000.0,0.0,24.566140382373483,16.5,19.0,0.0,10000.0,36705.59067506202,25000.0,0.0,25.827369459278618,17.0,20.0,0.0,122.0,10.200380105503262,9.0,11.0,1.0,15112.563891446509,10000.0,19000.0,1.0,16.5,17.607722912806988,19.0,1.0,22036.48705563047,10000.0,25000.0,1.0,18.910017318190604,17.0,20.0,1.0,0.0,211.0,1.0,21.0
91.0,24.0,91.0,24.0,-721.0,911.0,12.0,-711.0,15.050838264110762,12.0,17.0,30000.0,18000.0,36000.0,1.0,24.097587751394382,20.0,25.0,1.0,18000.0,34486.90287768132,36000.0,1.0,24.658354444665125,20.0,26.0,1.0,721.0,15.013403096478104,12.0,17.0,1.0,31151.99580168516,18000.0,36000.0,1.0,20.0,23.97248618319587,25.0,1.0,35736.42511501023,18000.0,36000.0,1.0,24.545441590667327,20.0,26.0,1.0,1.0,91121.0,7.0,24.0
11.0,22.0,11.0,21.0,-121.0,21.0,12.0,-111.0,10.209535837677011,9.0,11.0,30000.0,10000.0,19000.0,0.0,23.39949648834221,16.5,19.0,0.0,10000.0,36759.71302524941,25000.0,0.0,24.670990115364248,17.0,20.0,0.0,122.0,10.222959310148232,9.0,11.0,1.0,14644.907379627968,10000.0,19000.0,1.0,16.5,17.463389488972314,19.0,1.0,21621.531231969686,10000.0,25000.0,1.0,18.775683773248556,17.0,20.0,1.0,0.0,211.0,1.0,53.0
11.0,22.0,11.0,22.0,-121.0,21.0,13.0,-111.0,9.990231972806388,9.0,11.0,30000.0,10000.0,19000.0,0.0,24.92411667302064,16.5,19.0,0.0,10000.0,36495.413776048685,25000.0,0.0,26.223711507483998,17.0,20.0,0.0,121.0,10.00847584963843,9.0,11.0,1.0,12191.871275132742,10000.0,19000.0,1.0,16.5,17.019444425331614,19.0,1.0,18721.21769546925,10000.0,25000.0,1.0,18.325828463802072,17.0,20.0,1.0,0.0,211.0,1.0,28.0
91.0,24.0,91.0,24.0,-721.0,911.0,12.0,-711.0,14.963030796600341,12.0,17.0,30000.0,18000.0,36000.0,1.0,24.12206930597433,20.0,25.0,1.0,18000.0,34523.104755375745,36000.0,1.0,24.69023649118312,20.0,26.0,1.0,721.0,14.546320897906718,12.0,17.0,1.0,29530.259642029,18000.0,36000.0,1.0,20.0,23.259901816658502,25.0,1.0,34011.784891727744,18000.0,36000.0,1.0,23.822846016334008,20.0,26.0,1.0,1.0,91121.0,7.0,1.0
91.0,24.0,91.0,24.0,-721.0,911.0,11.0,-711.0,15.186386017336913,12.0,17.0,30000.0,18000.0,36000.0,1.0,25.114555414621407,20.0,25.0,0.0,18000.0,33951.4223814037,36000.0,1.0,25.5951735258915,20.0,26.0,1.0,722.0,15.243835710656628,12.0,17.0,1.0,28848.301625293472,18000.0,36000.0,1.0,20.0,23.809344237850993,25.0,1.0,32815.482683580994,18000.0,36000.0,1.0,24.291879103339937,20.0,26.0,1.0,0.0,91121.0,7.0,28.0
91.0,24.0,91.0,24.0,-721.0,911.0,11.0,-711.0,15.337180792545194,12.0,17.0,30000.0,18000.0,36000.0,1.0,23.995559952074533,20.0,25.0,1.0,18000.0,33936.57795040854,36000.0,1.0,24.474727198299057,20.0,26.0,1.0,722.0,15.066714738314039,12.0,17.0,1.0,23158.72479989434,18000.0,36000.0,1.0,20.0,22.841025890508206,25.0,1.0,27207.050063276558,18000.0,36000.0,1.0,23.333795217754655,20.0,26.0,1.0,1.0,91121.0,7.0,9.0
11.0,21.0,11.0,22.0,-121.0,21.0,13.0,-111.0,10.009089200963798,9.0,11.0,30000.0,10000.0,19000.0,0.0,27.89062070689966,16.5,19.0,0.0,10000.0,36457.4486150789,25000.0,0.0,29.180633136757937,17.0,20.0,0.0,121.0,9.995248457361292,9.0,11.0,1.0,13673.956940738486,10000.0,19000.0,1.0,16.5,17.259664869613424,19.0,1.0,20168.750162503376,10000.0,25000.0,1.0,18.557137677352305,17.0,20.0,1.0,0.0,211.0,1.0,32.0
11.0,22.0,11.0,22.0,-121.0,11.0,11.0,-111.0,9.999840383138604,9.0,11.0,30000.0,10000.0,19000.0,0.0,24.80341625996251,16.5,19.0,0.0,10000.0,36579.084714382094,25000.0,0.0,26.120380909232363,17.0,20.0,0.0,121.0,10.016143947760531,9.0,11.0,1.0,11500.784925226304,10000.0,19000.0,1.0,16.5,16.844833308484514,19.0,1.0,17943.974153003364,10000.0,25000.0,1.0,18.134595153774214,17.0,20.0,1.0,0.0,111.0,1.0,15.0
11.0,22.0,11.0,21.0,-121.0,21.0,13.0,-111.0,9.986012918667749,9.0,11.0,30000.0,10000.0,19000.0,0.0,25.753652699029356,16.5,19.0,0.0,10000.0,36479.35068685464,25000.0,0.0,27.051326074613584,17.0,20.0,0.0,121.0,9.979035316669698,9.0,11.0,1.0,12911.445016877573,10000.0,19000.0,1.0,16.5,17.05418599882641,19.0,1.0,19500.90790473546,10000.0,25000.0,1.0,18.37391245943022,17.0,20.0,1.0,0.0,211.0,1.0,20.0
11.0,21.0,11.0,22.0,-121.0,21.0,12.0,-111.0,10.003371404400779,9.0,11.0,30000.0,10000.0,19000.0,0.0,24.821903186259696,16.5,19.0,0.0,10000.0,36550.20748434493,25000.0,0.0,26.133345971617693,17.0,20.0,0.0,121.0,10.007032535144855,9.0,11.0,1.0,14605.860351401572,10000.0,19000.0,1.0,16.5,17.465625244478012,19.0,1.0,21118.57479620436,10000.0,25000.0,1.0,18.76956140102674,17.0,20.0,1.0,0.0,211.0,1.0,37.0
11.0,22.0,11.0,22.0,-121.0,11.0,12.0,-111.0,10.0073276280122,9.0,11.0,30000.0,10000.0,19000.0,0.0,24.651672723921102,16.5,19.0,0.0,10000.0,36414.24201538671,25000.0,0.0,25.931536568218057,17.0,20.0,0.0,121.0,10.010485344074997,9.0,11.0,1.0,17065.11041860096,10000.0,19000.0,1.0,16.5,17.959158523363474,19.0,1.0,23545.666927843897,10000.0,25000.0,1.0,19.252254410173922,17.0,20.0,1.0,0.0,111.0,1.0,42.0
11.0,22.0,11.0,22.0,-121.0,21.0,13.0,-111.0,10.198132084073054,9.0,11.0,30000.0,10000.0,19000.0,0.0,26.99033340728701,16.5,19.0,0.0,10000.0,36842.12346121503,25000.0,0.0,28.283021120051902,17.0,20.0,0.0,122.0,10.22115465310018,9.0,11.0,1.0,14389.193178183887,10000.0,19000.0,1.0,16.5,17.47191195049736,19.0,1.0,21320.33142374809,10000.0,25000.0,1.0,18.781417295775736,17.0,20.0,1.0,0.0,211.0,1.0,21.0
11.0,22.0,11.0,22.0,-121.0,21.0,12.0,-111.0,9.984783589210737,9.0,11.0,30000.0,10000.0,19000.0,0.0,25.125258945373986,16.5,19.0,0.0,10000.0,36563.33828874574,25000.0,0.0,26.438596046800463,17.0,20.0,0.0,121.0,9.994280725686108,9.0,11.0,1.0,15922.753045900523,10000.0,19000.0,1.0,16.5,17.689362791012556,19.0,1.0,22316.123660388155,10000.0,25000.0,1.0,18.968689021320426,17.0,20.0,1.0,0.0,211.0,1.0,25.0
91.0,24.0,91.0,24.0,-721.0,911.0,12.0,-711.0,15.466767368885789,12.0,17.0,30000.0,18000.0,36000.0,1.0,25.192186771591004,20.0,25.0,0.0,18000.0,34047.08623475118,36000.0,1.0,25.684486400594054,20.0,26.0,1.0,722.0,15.144389608548128,12.0,17.0,1.0,28613.58007741309,18000.0,36000.0,1.0,20.0,23.681267833456893,25.0,1.0,32695.875710227392,18000.0,36000.0,1.0,24.177850438556437,20.0,26.0,1.0,0.0,91121.0,7.0,8.0
11.0,21.0,11.0,21.0,-121.0,11.0,11.0,-111.0,10.199438468142722,9.0,11.0,30000.0,10000.0,19000.0,0.0,24.78091498875689,16.5,19.0,0.0,10000.0,37076.00190206442,25000.0,0.0,26.116733634872194,17.0,20.0,0.0,122.0,10.209548369523295,9.0,11.0,1.0,11355.316718402395,10000.0,19000.0,1.0,16.5,16.822806283557394,19.0,1.0,18338.71251986214,10000.0,25000.0,1.0,18.141142605947536,17.0,20.0,1.0,0.0,111.0,1.0,56.0
11.0,22.0,11.0,21.0,-121.0,11.0,11.0,-111.0,10.003147311519326,9.0,11.0,30000.0,10000.0,19000.0,0.0,24.16539130700493,16.5,19.0,0.0,10000.0,36468.41705546657,25000.0,0.0,25.45818577358163,17.0,20.0,0.0,121.0,10.001681445989878,9.0,11.0,1.0,11444.214979592345,10000.0,19000.0,1.0,16.5,16.77516751554635,19.0,1.0,17923.470866399173,10000.0,25000.0,1.0,18.07012825882733,17.0,20.0,1.0,0.0,111.0,1.0,39.0
91.0,24.0,91.0,24.0,-721.0,911.0,11.0,-711.0,15.093005869543928,12.0,17.0,30000.0,18000.0,36000.0,1.0,24.364593855790957,20.0,25.0,1.0,18000.0,34064.03933521667,36000.0,1.0,24.863023707562174,20.0,26.0,1.0,722.0,15.033480426405022,12.0,17.0,1.0,23827.50043692848,18000.0,36000.0,1.0,20.0,22.902786339900185,25.0,1.0,27854.51257986611,18000.0,36000.0,1.0,23.39667503041855,20.0,26.0,1.0,1.0,91121.0,7.0,0.0
81.0,23.0,81.0,21.0,-721.0,912.0,12.0,-711.0,15.039061120471475,12.0,17.0,30000.0,12500.0,23000.0,0.0,26.584286617656787,20.0,24.0,0.0,12500.0,33830.70136755732,26000.0,0.0,27.051503154631163,20.0,25.0,0.0,722.0,15.208852836867486,12.0,17.0,1.0,16735.935303690614,12500.0,23000.0,1.0,20.0,21.852388278996017,24.0,1.0,20775.240861198192,12500.0,26000.0,1.0,22.345047500710148,20.0,25.0,1.0,0.0,912.0,7.0,30.0
11.0,22.0,11.0,22.0,-121.0,11.0,11.0,-111.0,9.982651863125998,9.0,11.0,30000.0,10000.0,19000.0,0.0,26.09705041886801,16.5,19.0,0.0,10000.0,36480.67977417157,25000.0,0.0,27.387441787865466,17.0,20.0,0.0,121.0,10.006130716463433,9.0,11.0,1.0,16663.03826560902,10000.0,19000.0,1.0,16.5,17.909602465578246,19.0,1.0,23167.41622905972,10000.0,25000.0,1.0,19.20471246594961,17.0,20.0,1.0,0.0,111.0,1.0,55.0
91.0,24.0,91.0,24.0,-721.0,911.0,11.0,-711.0,15.574468175070399,12.0,17.0,30000.0,18000.0,36000.0,1.0,25.89616355292102,20.0,25.0,0.0,18000.0,34559.97526805513,36000.0,1.0,26.4654475293038,20.0,26.0,0.0,721.0,15.376800681768302,12.0,17.0,1.0,22948.40102880454,18000.0,36000.0,1.0,20.0,23.295520233860422,25.0,1.0,27423.331184238265,18000.0,36000.0,1.0,23.854186867595708,20.0,26.0,1.0,0.0,91121.0,7.0,4.0
11.0,22.0,11.0,22.0,-121.0,11.0,11.0,-111.0,10.209651930788148,9.0,11.0,30000.0,10000.0,19000.0,0.0,24.133739413217675,16.5,19.0,0.0,10000.0,36901.02222437728,25000.0,0.0,25.4334448311925,17.0,20.0,0.0,122.0,10.215570782138458,9.0,11.0,1.0,16540.86081001362,10000.0,19000.0,1.0,16.5,17.850957491029476,19.0,1.0,23528.29235876577,10000.0,25000.0,1.0,19.166936826606946,17.0,20.0,1.0,0.0,111.0,1.0,27.0
91.0,24.0,91.0,24.0,-721.0,911.0,11.0,-711.0,14.757604974950006,12.0,17.0,30000.0,18000.0,36000.0,1.0,24.939071166794157,20.0,25.0,1.0,18000.0,33975.70267374646,36000.0,1.0,25.42564485727247,20.0,26.0,1.0,722.0,15.406936820327799,12.0,17.0,1.0,24221.72676997087,18000.0,36000.0,1.0,20.0,23.400070843597028,25.0,1.0,28235.258131889568,18000.0,36000.0,1.0,23.891274267714998,20.0,26.0,1.0,1.0,91121.0,7.0,28.0
11.0,21.0,11.0,22.0,-121.0,11.0,12.0,-111.0,10.206092826990895,9.0,11.0,30000.0,10000.0,19000.0,0.0,26.23908709131365,16.5,19.0,0.0,10000.0,36934.94258062769,25000.0,0.0,27.547162254285585,17.0,20.0,0.0,122.0,10.187679552990408,9.0,11.0,1.0,14074.450189558262,10000.0,19000.0,1.0,16.5,17.39902218334229,19.0,1.0,21046.341679820947,10000.0,25000.0,1.0,18.714066683180462,17.0,20.0,1.0,0.0,111.0,1.0,7.0
92.0,24.0,92.0,24.0,-721.0,921.0,13.0,-711.0,15.00743961377223,12.0,17.0,30000.0,15000.0,28000.0,0.0,24.24642160316736,19.5,25.0,1.0,15000.0,34490.95364918824,28000.0,0.0,24.80659337741682,20.0,26.0,1.0,721.0,15.373167073790032,12.0,17.0,1.0,18794.757765484843,15000.0,28000.0,1.0,19.5,21.68330066477256,25.0,1.0,23346.26859152849,15000.0,28000.0,1.0,22.2510259396485,20.0,26.0,1.0,0.0,92122.0,7.0,25.0
11.0,22.0,11.0,22.0,-121.0,11.0,11.0,-111.0,10.16236150484707,9.0,11.0,30000.0,10000.0,19000.0,0.0,26.217842865928578,16.5,19.0,0.0,10000.0,37027.75441676783,25000.0,0.0,27.548187457242776,17.0,20.0,0.0,122.0,10.19717472007811,9.0,11.0,1.0,15075.726209687518,10000.0,19000.0,1.0,16.5,17.56026081595236,19.0,1.0,22109.81291156378,10000.0,25000.0,1.0,18.891804100440094,17.0,20.0,1.0,0.0,111.0,1.0,30.0
11.0,22.0,11.0,22.0,-121.0,11.0,11.0,-111.0,10.175309964118254,9.0,11.0,30000.0,10000.0,19000.0,0.0,23.85168963919938,16.5,19.0,0.0,10000.0,37070.611221638654,25000.0,0.0,25.182803015625776,17.0,20.0,0.0,122.0,10.22948698873979,9.0,11.0,1.0,18550.06840710656,10000.0,19000.0,1.0,16.5,18.25002501674667,19.0,1.0,25653.617270276838,10000.0,25000.0,0.0,19.587339234070175,17.0,20.0,1.0,0.0,111.0,1.0,44.0
11.0,22.0,11.0,22.0,-121.0,11.0,11.0,-111.0,10.20810849722055,9.0,11.0,30000.0,10000.0,19000.0,0.0,24.1335821394013,16.5,19.0,0.0,10000.0,37230.2580344894,25000.0,0.0,25.499635325625828,17.0,20.0,0.0,122.0,10.19538878780236,9.0,11.0,1.0,16070.051890416193,10000.0,19000.0,1.0,16.5,17.76648088621053,19.0,1.0,23219.865576977038,10000.0,25000.0,1.0,19.11733527077717,17.0,20.0,1.0,0.0,111.0,1.0,11.0
11.0,22.0,11.0,22.0,-121.0,21.0,13.0,-111.0,9.99999825548502,9.0,11.0,30000.0,10000.0,19000.0,0.0,25.329212569505344,16.5,19.0,0.0,10000.0,36530.58272124802,25000.0,0.0,26.6387011471558,17.0,20.0,0.0,121.0,9.99897866083981,9.0,11.0,1.0,14685.25618020527,10000.0,19000.0,1.0,16.5,17.48532524574519,19.0,1.0,21164.409540402652,10000.0,25000.0,1.0,18.784501395894722,17.0,20.0,1.0,0.0,211.0,1.0,31.0
11.0,22.0,11.0,21.0,-121.0,11.0,11.0,-111.0,10.186127420884294,9.0,11.0,30000.0,10000.0,19000.0,0.0,23.78262546918001,16.5,19.0,0.0,10000.0,36845.97278109625,25000.0,0.0,25.07248842153548,17.0,20.0,0.0,122.0,10.19806361353673,9.0,11.0,1.0,12218.112722522023,10000.0,19000.0,1.0,16.5,17.019368131055636,19.0,1.0,19143.168744459814,10000.0,25000.0,1.0,18.32413130954045,17.0,20.0,1.0,0.0,111.0,1.0,26.0
92.0,24.0,92.0,24.0,-721.0,921.0,13.0,-711.0,15.000011655530487,12.0,17.0,30000.0,15000.0,28000.0,0.0,24.93909513259906,19.5,25.0,1.0,15000.0,33938.62109992211,28000.0,0.0,25.421214642930668,20.0,26.0,1.0,722.0,15.238983410035509,12.0,17.0,1.0,19808.89893290513,15000.0,28000.0,1.0,19.5,21.67763469741102,25.0,1.0,23830.616005553762,15000.0,28000.0,1.0,22.16992583600162,20.0,26.0,1.0,0.0,92122.0,7.0,20.0
11.0,22.0,11.0,22.0,-121.0,11.0,11.0,-111.0,10.212304560853752,9.0,11.0,30000.0,10000.0,19000.0,0.0,23.456107427146257,16.5,19.0,0.0,10000.0,36963.75550040332,25000.0,0.0,24.77192716732189,17.0,20.0,0.0,122.0,10.185740114030832,9.0,11.0,1.0,17189.680486604688,10000.0,19000.0,1.0,16.5,17.96462600757728,19.0,1.0,24271.9969551104,10000.0,25000.0,1.0,19.302848151489577,17.0,20.0,1.0,0.0,111.0,1.0,11.0
11.0,22.0,11.0,22.0,-121.0,21.0,12.0,-111.0,9.993271372625715,9.0,11.0,30000.0,10000.0,19000.0,0.0,23.87072785904043,16.5,19.0,0.0,10000.0,36581.32951940126,25000.0,0.0,25.187675043786868,17.0,20.0,0.0,121.0,10.009024097412778,9.0,11.0,1.0,13505.215854766659,10000.0,19000.0,1.0,16.5,17.252482795871977,19.0,1.0,20018.49914318182,10000.0,25000.0,1.0,18.555813690465254,17.0,20.0,1.0,0.0,211.0,1.0,23.0
11.0,21.0,11.0,22.0,-121.0,11.0,11.0,-111.0,10.006276276665517,9.0,11.0,30000.0,10000.0,19000.0,0.0,27.121871377821275,16.5,19.0,0.0,10000.0,36563.808638866845,25000.0,0.0,28.4375453278144,17.0,20.0,0.0,121.0,10.01056127172173,9.0,11.0,1.0,16525.48048997644,10000.0,19000.0,1.0,16.5,17.847241122151118,19.0,1.0,23008.39956804115,10000.0,25000.0,1.0,19.146701271006965,17.0,20.0,1.0,0.0,111.0,1.0,35.0
11.0,21.0,11.0,22.0,-121.0,21.0,13.0,-111.0,10.181611346793863,9.0,11.0,30000.0,10000.0,19000.0,0.0,26.34447662458644,16.5,19.0,0.0,10000.0,36961.722019024906,25000.0,0.0,27.658070931356008,17.0,20.0,0.0,122.0,10.197560997302107,9.0,11.0,1.0,14912.49796312185,10000.0,19000.0,1.0,16.5,17.583583328566345,19.0,1.0,21867.014630558722,10000.0,25000.0,1.0,18.895818071021445,17.0,20.0,1.0,0.0,211.0,1.0,52.0
11.0,22.0,11.0,22.0,-121.0,21.0,13.0,-111.0,10.196365324656268,9.0,11.0,30000.0,10000.0,19000.0,0.0,26.065245804888228,16.5,19.0,0.0,10000.0,37035.63759838837,25000.0,0.0,27.39403628713767,17.0,20.0,0.0,122.0,10.197260625967054,9.0,11.0,1.0,15593.52748561372,10000.0,19000.0,1.0,16.5,17.6609776010023,19.0,1.0,22525.014057829823,10000.0,25000.0,1.0,18.970097528826667,17.0,20.0,1.0,0.0,211.0,1.0,47.0
11.0,22.0,11.0,22.0,-121.0,11.0,12.0,-111.0,10.20706159256395,9.0,11.0,30000.0,10000.0,19000.0,0.0,25.52282002969949,16.5,19.0,0.0,10000.0,37085.70279955368,25000.0,0.0,26.85484070005674,17.0,20.0,0.0,122.0,10.192021495253934,9.0,11.0,1.0,16032.750950564234,10000.0,19000.0,1.0,16.5,17.77079980040036,19.0,1.0,23038.011415472305,10000.0,25000.0,1.0,19.087698350122455,17.0,20.0,1.0,0.0,111.0,1.0,42.0
91.0,21.0,91.0,24.0,-721.0,911.0,11.0,-711.0,15.594004745556441,12.0,17.0,30000.0,18000.0,36000.0,1.0,25.313320599322044,20.0,25.0,0.0,18000.0,34478.68920736089,36000.0,1.0,25.875023874447425,20.0,26.0,1.0,721.0,14.68309047302774,12.0,17.0,1.0,33058.2366873166,18000.0,36000.0,1.0,20.0,23.91154147988889,25.0,1.0,37471.69686946034,18000.0,36000.0,0.0,24.465063933483385,20.0,26.0,1.0,0.0,91121.0,7.0,18.0
11.0,21.0,11.0,22.0,-121.0,21.0,13.0,-111.0,10.194247117839295,9.0,11.0,30000.0,10000.0,19000.0,0.0,27.379478641644994,16.5,19.0,0.0,10000.0,37106.135582775794,25000.0,0.0,28.718640152181756,17.0,20.0,0.0,122.0,10.20259799972368,9.0,11.0,1.0,17107.515630808684,10000.0,19000.0,1.0,16.5,17.953957740138332,19.0,1.0,24228.47840490352,10000.0,25000.0,1.0,19.295913456286925,17.0,20.0,1.0,0.0,211.0,1.0,24.0
11.0,22.0,11.0,21.0,-121.0,21.0,12.0,-111.0,10.192617226911477,9.0,11.0,30000.0,10000.0,19000.0,0.0,23.6991521742518,16.5,19.0,0.0,10000.0,36977.93431597557,25000.0,0.0,25.014255699091848,17.0,20.0,0.0,122.0,10.199750740775222,9.0,11.0,1.0,14830.16479141184,10000.0,19000.0,1.0,16.5,17.461096087930013,19.0,1.0,21650.274045420847,10000.0,25000.0,1.0,18.746454951112078,17.0,20.0,1.0,0.0,211.0,1.0,53.0
91.0,24.0,91.0,24.0,-721.0,911.0,12.0,-711.0,15.0352657221667,12.0,17.0,30000.0,18000.0,36000.0,1.0,23.79256896359937,20.0,25.0,1.0,18000.0,33990.83522198877,36000.0,1.0,24.28053464801744,20.0,26.0,1.0,722.0,15.649530457153967,12.0,17.0,1.0,26838.977214493345,18000.0,36000.0,1.0,20.0,23.96836307595707,25.0,1.0,30751.686590769183,18000.0,36000.0,1.0,24.446776190636356,20.0,26.0,1.0,1.0,91121.0,7.0,1.0
11.0,22.0,11.0,22.0,-121.0,21.0,12.0,-111.0,9.988334717414375,9.0,11.0,30000.0,10000.0,19000.0,0.0,24.92005097459289,16.5,19.0,0.0,10000.0,36474.58153108128,25000.0,0.0,26.219396063626956,17.0,20.0,0.0,121.0,9.986270908973367,9.0,11.0,1.0,17705.829341040055,10000.0,19000.0,1.0,16.5,18.079404435699658,19.0,1.0,24205.222741693946,10000.0,25000.0,1.0,19.38372887061487,17.0,20.0,1.0,0.0,211.0,1.0,25.0
11.0,22.0,11.0,22.0,-121.0,21.0,13.0,-111.0,10.208726840730774,9.0,11.0,30000.0,10000.0,19000.0,0.0,26.04374720404001,16.5,19.0,0.0,10000.0,36907.988349933905,25000.0,0.0,27.34393678245725,17.0,20.0,0.0,122.0,10.205285211201234,9.0,11.0,1.0,13792.191397097562,10000.0,19000.0,1.0,16.5,17.3432050172703,19.0,1.0,20911.511991104733,10000.0,25000.0,1.0,18.683170572051225,17.0,20.0,1.0,0.0,211.0,1.0,36.0
92.0,24.0,92.0,24.0,-721.0,921.0,13.0,-711.0,15.443593955156048,12.0,17.0,30000.0,15000.0,28000.0,0.0,25.089984967102836,19.5,25.0,0.0,15000.0,33996.47408470217,28000.0,0.0,25.578384530512775,20.0,26.0,1.0,722.0,15.2146587145537,12.0,17.0,1.0,22408.065379291907,15000.0,28000.0,1.0,19.5,21.93499104485285,25.0,1.0,26450.15074957609,15000.0,28000.0,1.0,22.428964654657857,20.0,26.0,1.0,0.0,92122.0,7.0,25.0
91.0,24.0,91.0,24.0,-721.0,911.0,12.0,-711.0,15.167868495592554,12.0,17.0,30000.0,18000.0,36000.0,1.0,24.743257527158065,20.0,25.0,1.0,18000.0,33916.37785886564,36000.0,1.0,25.222647590137406,20.0,26.0,1.0,722.0,15.542244087667031,12.0,17.0,1.0,25407.442362507783,18000.0,36000.0,1.0,20.0,23.687032815450788,25.0,1.0,29427.474744782765,18000.0,36000.0,1.0,24.179110864701116,20.0,26.0,1.0,1.0,91121.0,7.0,23.0
11.0,22.0,11.0,21.0,-121.0,11.0,12.0,-111.0,10.214408258952053,9.0,11.0,30000.0,10000.0,19000.0,0.0,22.81097793567976,16.5,19.0,0.0,10000.0,36923.256762364304,25000.0,0.0,24.115106933221092,17.0,20.0,0.0,122.0,10.188439956467997,9.0,11.0,1.0,13108.638105106735,10000.0,19000.0,1.0,16.5,17.124211352603584,19.0,1.0,20342.972739713405,10000.0,25000.0,1.0,18.486937869724155,17.0,20.0,1.0,0.0,111.0,1.0,45.0
11.0,22.0,11.0,22.0,-121.0,21.0,13.0,-111.0,10.20715569365826,9.0,11.0,30000.0,10000.0,19000.0,0.0,27.07252799569077,16.5,19.0,0.0,10000.0,37092.082163732,25000.0,0.0,28.410662220789813,17.0,20.0,0.0,122.0,10.214076126977949,9.0,11.0,1.0,15314.271826624516,10000.0,19000.0,1.0,16.5,17.625803000384593,19.0,1.0,22300.18588344223,10000.0,25000.0,1.0,18.94390542463924,17.0,20.0,1.0,0.0,211.0,1.0,47.0
11.0,22.0,11.0,21.0,-121.0,21.0,13.0,-111.0,10.179672700967323,9.0,11.0,30000.0,10000.0,19000.0,0.0,25.241726408144885,16.5,19.0,0.0,10000.0,36992.76213345355,25000.0,0.0,26.557628673286132,17.0,20.0,0.0,122.0,10.20010614538298,9.0,11.0,1.0,10582.536689868512,10000.0,19000.0,1.0,16.5,16.702250697486072,19.0,1.0,17696.951405661657,10000.0,25000.0,1.0,18.04104562015032,17.0,20.0,1.0,0.0,211.0,1.0,2.0
11.0,21.0,11.0,22.0,-121.0,11.0,11.0,-111.0,9.995491837951732,9.0,11.0,30000.0,10000.0,19000.0,0.0,25.302529016642865,16.5,19.0,0.0,10000.0,36444.29922161139,25000.0,0.0,26.592205015155905,17.0,20.0,0.0,121.0,9.987472119309638,9.0,11.0,1.0,18446.63449816224,10000.0,19000.0,1.0,16.5,18.219003538179948,19.0,1.0,24908.727645505536,10000.0,25000.0,1.0,19.51224057539504,17.0,20.0,1.0,0.0,111.0,1.0,29.0
11.0,21.0,11.0,22.0,-121.0,21.0,13.0,-111.0,10.188330576556703,9.0,11.0,30000.0,10000.0,19000.0,0.0,27.460515914022295,16.5,19.0,0.0,10000.0,36999.752037116,25000.0,0.0,28.783514843271202,17.0,20.0,0.0,122.0,10.197129665067294,9.0,11.0,1.0,13727.601852273163,10000.0,19000.0,1.0,16.5,17.325033358984527,19.0,1.0,20902.975212863217,10000.0,25000.0,1.0,18.6812258673313,17.0,20.0,1.0,0.0,211.0,1.0,52.0
11.0,21.0,11.0,22.0,-121.0,21.0,13.0,-111.0,10.198557672167645,9.0,11.0,30000.0,10000.0,19000.0,0.0,26.98339716655485,16.5,19.0,0.0,10000.0,37144.49952574886,25000.0,0.0,28.337556001303057,17.0,20.0,0.0,122.0,10.184649880367925,9.0,11.0,1.0,14191.427261605337,10000.0,19000.0,1.0,16.5,17.386475512537782,19.0,1.0,21052.483495844303,10000.0,25000.0,1.0,18.68691088688615,17.0,20.0,1.0,0.0,211.0,1.0,59.0
92.0,24.0,92.0,24.0,-721.0,921.0,13.0,-711.0,14.800337676068386,12.0,17.0,30000.0,15000.0,28000.0,0.0,24.608686791946432,19.5,25.0,1.0,15000.0,34508.02855671927,28000.0,0.0,25.170266888627086,20.0,26.0,1.0,721.0,14.631224795563833,12.0,17.0,1.0,18693.761744024443,15000.0,28000.0,1.0,19.5,21.01391279077665,25.0,1.0,23209.892281286327,15000.0,28000.0,1.0,21.576502178094923,20.0,26.0,1.0,0.0,92122.0,7.0,20.0
91.0,24.0,91.0,21.0,-721.0,911.0,11.0,-711.0,14.912204151534452,12.0,17.0,30000.0,18000.0,36000.0,1.0,24.28543187315163,20.0,25.0,1.0,18000.0,34461.87121379409,36000.0,1.0,24.843765060002625,20.0,26.0,1.0,721.0,14.894848818249425,12.0,17.0,1.0,28443.57587641993,18000.0,36000.0,1.0,20.0,23.44819466806911,25.0,1.0,32933.66776667712,18000.0,36000.0,1.0,24.010059229867913,20.0,26.0,1.0,1.0,91121.0,7.0,3.0
11.0,22.0,11.0,21.0,-121.0,11.0,12.0,-111.0,9.997027462470054,9.0,11.0,30000.0,10000.0,19000.0,0.0,24.21388891841469,16.5,19.0,0.0,10000.0,36542.838593700675,25000.0,0.0,25.520322590680678,17.0,20.0,0.0,121.0,10.002855832868066,9.0,11.0,1.0,14868.088694814442,10000.0,19000.0,1.0,16.5,17.474840049093487,19.0,1.0,21285.719974175776,10000.0,25000.0,1.0,18.756273096764456,17.0,20.0,1.0,0.0,111.0,1.0,45.0
91.0,24.0,91.0,24.0,-721.0,911.0,12.0,-711.0,15.090618283191514,12.0,17.0,30000.0,18000.0,36000.0,1.0,24.84364422970279,20.0,25.0,1.0,18000.0,34101.537372303595,36000.0,1.0,25.344570010838748,20.0,26.0,1.0,722.0,15.198427292657,12.0,17.0,1.0,27489.646706784275,18000.0,36000.0,1.0,20.0,23.62168937967193,25.0,1.0,31492.274338906955,18000.0,36000.0,1.0,24.110535193136098,20.0,26.0,1.0,1.0,91121.0,7.0,1.0
11.0,22.0,11.0,22.0,-121.0,21.0,13.0,-111.0,10.190166626852497,9.0,11.0,30000.0,10000.0,19000.0,0.0,26.083087790737117,16.5,19.0,0.0,10000.0,36937.753004102284,25000.0,0.0,27.390516357810696,17.0,20.0,0.0,122.0,10.185229907574826,9.0,11.0,1.0,14418.114584546276,10000.0,19000.0,1.0,16.5,17.40598330412647,19.0,1.0,21561.12758268328,10000.0,25000.0,1.0,18.75209338374736,17.0,20.0,1.0,0.0,211.0,1.0,31.0
91.0,24.0,91.0,24.0,-721.0,911.0,11.0,-711.0,14.67386710611744,12.0,17.0,30000.0,18000.0,36000.0,1.0,23.95926437059373,20.0,25.0,1.0,18000.0,34535.220634125006,36000.0,1.0,24.524233462911496,20.0,26.0,1.0,721.0,15.016021730735439,12.0,17.0,1.0,25338.492989132865,18000.0,36000.0,1.0,20.0,23.231104972211547,25.0,1.0,29785.064816205617,18000.0,36000.0,1.0,23.785030757026586,20.0,26.0,1.0,1.0,91121.0,7.0,4.0
81.0,21.0,81.0,21.0,-721.0,912.0,12.0,-711.0,15.113920083791282,12.0,17.0,30000.0,12500.0,23000.0,0.0,26.79593813637853,20.0,24.0,0.0,12500.0,34016.682976198936,26000.0,0.0,27.28615603649242,20.0,25.0,0.0,722.0,15.00414034994071,12.0,17.0,1.0,14439.263520762923,12500.0,23000.0,1.0,20.0,21.176797360190065,24.0,1.0,18325.19847598733,12500.0,26000.0,1.0,21.651058058636316,20.0,25.0,1.0,0.0,912.0,7.0,6.0
11.0,22.0,11.0,21.0,-121.0,21.0,13.0,-111.0,10.224558862735428,9.0,11.0,30000.0,10000.0,19000.0,0.0,26.4806611497642,16.5,19.0,0.0,10000.0,37048.406403076995,25000.0,0.0,27.813737568429264,17.0,20.0,0.0,122.0,10.161429636612024,9.0,11.0,1.0,14437.799829329846,10000.0,19000.0,1.0,16.5,17.36517479161771,19.0,1.0,21426.699904462985,10000.0,25000.0,1.0,18.68699668294612,17.0,20.0,1.0,0.0,211.0,1.0,20.0
11.0,22.0,11.0,21.0,-121.0,21.0,13.0,-111.0,10.00100795893123,9.0,11.0,30000.0,10000.0,19000.0,0.0,25.53665383413116,16.5,19.0,0.0,10000.0,36597.24674249097,25000.0,0.0,26.85859428761249,17.0,20.0,0.0,121.0,10.020048947020582,9.0,11.0,1.0,13084.80326951207,10000.0,19000.0,1.0,16.5,17.120727736072105,19.0,1.0,19519.3352515072,10000.0,25000.0,1.0,18.410063796740204,17.0,20.0,1.0,0.0,211.0,1.0,2.0
91.0,24.0,91.0,24.0,-721.0,911.0,11.0,-711.0,15.34499179145441,12.0,17.0,30000.0,18000.0,36000.0,1.0,24.611824179027472,20.0,25.0,1.0,18000.0,33954.413280574634,36000.0,1.0,25.096468907607417,20.0,26.0,1.0,722.0,15.242920053883482,12.0,17.0,1.0,24472.370653338494,18000.0,36000.0,1.0,20.0,23.137110587081544,25.0,1.0,28570.861208640294,18000.0,36000.0,1.0,23.639413129033628,20.0,26.0,1.0,1.0,91121.0,7.0,9.0
11.0,22.0,11.0,22.0,-121.0,11.0,11.0,-111.0,9.991860358444663,9.0,11.0,30000.0,10000.0,19000.0,0.0,25.155402437045296,16.5,19.0,0.0,10000.0,36519.00557517029,25000.0,0.0,26.4640662185749,17.0,20.0,0.0,121.0,9.978038722844818,9.0,11.0,1.0,16631.49984113757,10000.0,19000.0,1.0,16.5,17.82290177192581,19.0,1.0,23123.28026609387,10000.0,25000.0,1.0,19.126100215587403,17.0,20.0,1.0,0.0,111.0,1.0,27.0
11.0,22.0,11.0,22.0,-121.0,11.0,11.0,-111.0,10.22086230355646,9.0,11.0,30000.0,10000.0,19000.0,0.0,24.110563531411696,16.5,19.0,0.0,10000.0,37045.17888754715,25000.0,0.0,25.441387374322407,17.0,20.0,0.0,122.0,10.198660521265552,9.0,11.0,1.0,13876.179021334226,10000.0,19000.0,1.0,16.5,17.347244684940527,19.0,1.0,20847.37746178251,10000.0,25000.0,1.0,18.664093731117205,17.0,20.0,1.0,0.0,111.0,1.0,55.0
11.0,22.0,11.0,21.0,-121.0,11.0,11.0,-111.0,10.003347581571724,9.0,11.0,30000.0,10000.0,19000.0,0.0,24.129920801913514,16.5,19.0,0.0,10000.0,36473.26407351917,25000.0,0.0,25.425703206465545,17.0,20.0,0.0,121.0,9.990388440767797,9.0,11.0,1.0,11748.404060700796,10000.0,19000.0,1.0,16.5,16.844056285267115,19.0,1.0,18311.104528538875,10000.0,25000.0,1.0,18.157741575406515,17.0,20.0,1.0,0.0,111.0,1.0,1.0
11.0,22.0,11.0,22.0,-121.0,21.0,13.0,-111.0,10.221403618454584,9.0,11.0,30000.0,10000.0,19000.0,0.0,26.68814045435449,16.5,19.0,0.0,10000.0,37046.96774287639,25000.0,0.0,28.01589906929311,17.0,20.0,0.0,122.0,10.18560442977081,9.0,11.0,1.0,14783.75666721264,10000.0,19000.0,1.0,16.5,17.52446759506563,19.0,1.0,21752.694240745317,10000.0,25000.0,1.0,18.837524109277883,17.0,20.0,1.0,0.0,211.0,1.0,8.0
11.0,21.0,11.0,22.0,-121.0,11.0,12.0,-111.0,10.009181482465458,9.0,11.0,30000.0,10000.0,19000.0,0.0,24.721043779505955,16.5,19.0,0.0,10000.0,36457.53270241081,25000.0,0.0,26.01330910203503,17.0,20.0,0.0,121.0,10.003614728014727,9.0,11.0,1.0,13806.750540256407,10000.0,19000.0,1.0,16.5,17.297951107513263,19.0,1.0,20237.371466158314,10000.0,25000.0,1.0,18.584830912515326,17.0,20.0,1.0,0.0,111.0,1.0,7.0
11.0,22.0,11.0,22.0,-121.0,21.0,13.0,-111.0,10.000626417632187,9.0,11.0,30000.0,10000.0,19000.0,0.0,25.925526884730193,16.5,19.0,0.0,10000.0,36529.11689686016,25000.0,0.0,27.230442030009684,17.0,20.0,0.0,121.0,9.98769104754573,9.0,11.0,1.0,14925.79397566825,10000.0,19000.0,1.0,16.5,17.50983547166318,19.0,1.0,21398.984651278653,10000.0,25000.0,1.0,18.803573152320745,17.0,20.0,1.0,0.0,211.0,1.0,3.0
11.0,21.0,11.0,22.0,-121.0,21.0,12.0,-111.0,9.988067798909144,9.0,11.0,30000.0,10000.0,19000.0,0.0,25.873045007353852,16.5,19.0,0.0,10000.0,36590.28257333861,25000.0,0.0,27.198609701439658,17.0,20.0,0.0,121.0,9.998884829745451,9.0,11.0,1.0,16854.333486068415,10000.0,19000.0,1.0,16.5,17.942210921487067,19.0,1.0,23326.10412166146,10000.0,25000.0,1.0,19.243938209702183,17.0,20.0,1.0,0.0,211.0,1.0,37.0
11.0,22.0,11.0,22.0,-121.0,21.0,12.0,-111.0,10.212624148582057,9.0,11.0,30000.0,10000.0,19000.0,0.0,23.992308249840654,16.5,19.0,0.0,10000.0,37013.98033235075,25000.0,0.0,25.31295144920921,17.0,20.0,0.0,122.0,10.19804788465269,9.0,11.0,1.0,16563.814164078296,10000.0,19000.0,1.0,16.5,17.880686332759343,19.0,1.0,23683.503468830953,10000.0,25000.0,1.0,19.221233185816647,17.0,20.0,1.0,0.0,211.0,1.0,48.0
11.0,22.0,11.0,22.0,-121.0,21.0,13.0,-111.0,10.215493628284793,9.0,11.0,30000.0,10000.0,19000.0,0.0,25.85307194201452,16.5,19.0,0.0,10000.0,36925.139545962345,25000.0,0.0,27.155062404760017,17.0,20.0,0.0,122.0,10.197581589196753,9.0,11.0,1.0,14371.284742539032,10000.0,19000.0,1.0,16.5,17.460203507101127,19.0,1.0,21264.172494205253,10000.0,25000.0,1.0,18.756130333395504,17.0,20.0,1.0,0.0,211.0,1.0,21.0
81.0,21.0,81.0,23.0,-721.0,912.0,12.0,-711.0,15.450637012390997,12.0,17.0,30000.0,12500.0,23000.0,0.0,27.097041543444657,20.0,24.0,0.0,12500.0,34436.130864819366,26000.0,0.0,27.65339574483168,20.0,25.0,0.0,721.0,14.76009810934254,12.0,17.0,1.0,18453.281096396928,12500.0,23000.0,1.0,20.0,21.641069831963037,24.0,1.0,23033.229549806507,12500.0,26000.0,1.0,22.215460814068155,20.0,25.0,1.0,0.0,912.0,7.0,7.0
11.0,22.0,11.0,22.0,-121.0,11.0,11.0,-111.0,9.990921112162132,9.0,11.0,30000.0,10000.0,19000.0,0.0,25.573612622298313,16.5,19.0,0.0,10000.0,36550.872377033826,25000.0,0.0,26.891936300833507,17.0,20.0,0.0,121.0,10.008774362198867,9.0,11.0,1.0,11329.442660224573,10000.0,19000.0,1.0,16.5,16.833193806384923,19.0,1.0,17831.63108545588,10000.0,25000.0,1.0,18.141720132333774,17.0,20.0,1.0,0.0,111.0,1.0,11.0
81.0,23.0,81.0,23.0,-721.0,912.0,11.0,-711.0,15.353061477366106,12.0,17.0,30000.0,12500.0,23000.0,0.0,27.058692443876556,20.0,24.0,0.0,12500.0,34027.815872507534,26000.0,0.0,27.550893145192752,20.0,25.0,0.0,722.0,15.3323288689022,12.0,17.0,1.0,16869.902743291328,12500.0,23000.0,1.0,20.0,21.925467618447463,24.0,1.0,20878.79792483186,12500.0,26000.0,1.0,22.41535620380352,20.0,25.0,1.0,0.0,912.0,7.0,17.0
91.0,24.0,91.0,21.0,-721.0,911.0,11.0,-711.0,15.571178714207754,12.0,17.0,30000.0,18000.0,36000.0,1.0,24.946320025178565,20.0,25.0,1.0,18000.0,34528.01114842457,36000.0,1.0,25.50995604620985,20.0,26.0,1.0,721.0,14.986057888401147,12.0,17.0,1.0,26353.951501992375,18000.0,36000.0,1.0,20.0,23.156040297061537,25.0,1.0,30933.36775078799,18000.0,36000.0,1.0,23.72607510230163,20.0,26.0,1.0,1.0,91121.0,7.0,3.0
11.0,22.0,11.0,21.0,-121.0,11.0,12.0,-111.0,9.991187311465834,9.0,11.0,30000.0,10000.0,19000.0,0.0,24.148197789664298,16.5,19.0,0.0,10000.0,36553.79145075082,25000.0,0.0,25.458928649926367,17.0,20.0,0.0,121.0,10.004578912507636,9.0,11.0,1.0,15750.200055646266,10000.0,19000.0,1.0,16.5,17.622878476265473,19.0,1.0,22290.004360590367,10000.0,25000.0,1.0,18.93081196590725,17.0,20.0,1.0,0.0,111.0,1.0,46.0
11.0,22.0,11.0,21.0,-121.0,21.0,13.0,-111.0,10.218367378425716,9.0,11.0,30000.0,10000.0,19000.0,0.0,27.140185339647175,16.5,19.0,0.0,10000.0,37232.77011357394,25000.0,0.0,28.50944451416166,17.0,20.0,0.0,122.0,10.180678053349455,9.0,11.0,1.0,13022.333511288844,10000.0,19000.0,1.0,16.5,17.133825554066256,19.0,1.0,20100.334962249923,10000.0,25000.0,1.0,18.473784970966122,17.0,20.0,1.0,0.0,211.0,1.0,2.0
11.0,22.0,11.0,21.0,-121.0,21.0,13.0,-111.0,10.208153981059947,9.0,11.0,30000.0,10000.0,19000.0,0.0,25.737565236248145,16.5,19.0,0.0,10000.0,36822.32539923313,25000.0,0.0,27.028613140273336,17.0,20.0,0.0,122.0,10.18795336576838,9.0,11.0,1.0,12157.399611154737,10000.0,19000.0,1.0,16.5,16.9501092167086,19.0,1.0,19140.09612129508,10000.0,25000.0,1.0,18.271505539269533,17.0,20.0,1.0,0.0,211.0,1.0,58.0
81.0,21.0,81.0,23.0,-721.0,912.0,12.0,-711.0,15.206367235785253,12.0,17.0,30000.0,12500.0,23000.0,0.0,26.864839975659812,20.0,24.0,0.0,12500.0,34504.60454366,26000.0,0.0,27.428751754628134,20.0,25.0,0.0,721.0,15.551421838238127,12.0,17.0,1.0,18570.0845976113,12500.0,23000.0,1.0,20.0,22.47511375823551,24.0,1.0,23049.965201292693,12500.0,26000.0,1.0,23.035930455084785,20.0,25.0,1.0,0.0,912.0,7.0,7.0
91.0,24.0,91.0,24.0,-721.0,911.0,12.0,-711.0,15.004312780189375,12.0,17.0,30000.0,18000.0,36000.0,1.0,24.874190670322797,20.0,25.0,1.0,18000.0,34519.41720219356,36000.0,1.0,25.44016349601487,20.0,26.0,1.0,721.0,15.61079156071225,12.0,17.0,1.0,27001.601651409346,18000.0,36000.0,1.0,20.0,24.050868569409438,25.0,1.0,31492.56219997685,18000.0,36000.0,1.0,24.613277729269846,20.0,26.0,1.0,1.0,91121.0,7.0,8.0
11.0,22.0,11.0,21.0,-121.0,11.0,11.0,-111.0,9.990530900584845,9.0,11.0,30000.0,10000.0,19000.0,0.0,23.426685834842875,16.5,19.0,0.0,10000.0,36554.199207470876,25000.0,0.0,24.739589742549867,17.0,20.0,0.0,121.0,9.997018334818966,9.0,11.0,1.0,16492.994127173763,10000.0,19000.0,1.0,16.5,17.773885015100234,19.0,1.0,23065.066107875715,10000.0,25000.0,1.0,19.09036910599572,17.0,20.0,1.0,0.0,111.0,1.0,39.0
11.0,22.0,11.0,22.0,-121.0,21.0,13.0,-111.0,10.01582320826579,9.0,11.0,30000.0,10000.0,19000.0,0.0,25.335557584073552,16.5,19.0,0.0,10000.0,36435.070895083685,25000.0,0.0,26.624260239531473,17.0,20.0,0.0,121.0,10.006909261411247,9.0,11.0,1.0,15257.615294604255,10000.0,19000.0,1.0,16.5,17.576179324699165,19.0,1.0,21693.941646378997,10000.0,25000.0,1.0,18.865133400910324,17.0,20.0,1.0,0.0,211.0,1.0,22.0
11.0,22.0,11.0,22.0,-121.0,21.0,13.0,-111.0,10.001654446713191,9.0,11.0,30000.0,10000.0,19000.0,0.0,25.439284179983176,16.5,19.0,0.0,10000.0,36515.36737760246,25000.0,0.0,26.74170375324308,17.0,20.0,0.0,121.0,10.003505676698307,9.0,11.0,1.0,15816.859345476312,10000.0,19000.0,1.0,16.5,17.68027069793982,19.0,1.0,22350.96701585375,10000.0,25000.0,1.0,18.986436448921438,17.0,20.0,1.0,0.0,211.0,1.0,19.0
11.0,22.0,11.0,22.0,-121.0,11.0,11.0,-111.0,10.181730532015688,9.0,11.0,30000.0,10000.0,19000.0,0.0,23.96033912612497,16.5,19.0,0.0,10000.0,37113.549207624616,25000.0,0.0,25.304479746779958,17.0,20.0,0.0,122.0,10.20745301505075,9.0,11.0,1.0,18089.346907321542,10000.0,19000.0,1.0,16.5,18.16111426345847,19.0,1.0,25239.439308534787,10000.0,25000.0,0.0,19.512159902899054,17.0,20.0,1.0,0.0,111.0,1.0,30.0
11.0,22.0,11.0,22.0,-121.0,21.0,13.0,-111.0,10.003556191856376,9.0,11.0,30000.0,10000.0,19000.0,0.0,25.40560187060202,16.5,19.0,0.0,10000.0,36455.19144666221,25000.0,0.0,26.70192443005197,17.0,20.0,0.0,121.0,10.007035106874884,9.0,11.0,1.0,13252.987100609284,10000.0,19000.0,1.0,16.5,17.19360723070166,19.0,1.0,19770.275832735795,10000.0,25000.0,1.0,18.502400080567178,17.0,20.0,1.0,0.0,211.0,1.0,8.0
81.0,21.0,81.0,21.0,-721.0,912.0,12.0,-711.0,13.97772410826873,12.0,17.0,30000.0,12500.0,23000.0,0.0,26.553109378415673,20.0,24.0,0.0,12500.0,34415.77786628603,26000.0,0.0,27.106599148427428,20.0,25.0,0.0,721.0,15.378498812149727,12.0,17.0,1.0,14788.340481868123,12500.0,23000.0,1.0,20.0,21.69458057419275,24.0,1.0,19281.80706039258,12500.0,26000.0,1.0,22.257808131921962,20.0,25.0,1.0,0.0,912.0,7.0,6.0
11.0,21.0,11.0,22.0,-121.0,21.0,13.0,-111.0,10.008142290565461,9.0,11.0,30000.0,10000.0,19000.0,0.0,27.435510280725055,16.5,19.0,0.0,10000.0,36545.85183124953,25000.0,0.0,28.74230350895603,17.0,20.0,0.0,121.0,9.996691429056167,9.0,11.0,1.0,14136.357423142234,10000.0,19000.0,1.0,16.5,17.313503986495657,19.0,1.0,20734.163974616717,10000.0,25000.0,1.0,18.630669291320316,17.0,20.0,1.0,0.0,211.0,1.0,9.0
11.0,22.0,11.0,22.0,-121.0,21.0,13.0,-111.0,10.011190394760678,9.0,11.0,30000.0,10000.0,19000.0,0.0,25.201046336761422,16.5,19.0,0.0,10000.0,36394.126039646464,25000.0,0.0,26.480048310344273,17.0,20.0,0.0,121.0,10.010497905018665,9.0,11.0,1.0,12724.95597953686,10000.0,19000.0,1.0,16.5,17.076901796733544,19.0,1.0,19259.258800657524,10000.0,25000.0,1.0,18.38394300179922,17.0,20.0,1.0,0.0,211.0,1.0,41.0
11.0,22.0,11.0,22.0,-121.0,21.0,13.0,-111.0,10.185834455185608,9.0,11.0,30000.0,10000.0,19000.0,0.0,25.040029849358334,16.5,19.0,0.0,10000.0,36892.74880840914,25000.0,0.0,26.3478603937089,17.0,20.0,0.0,122.0,10.211503100100767,9.0,11.0,1.0,13298.216838180091,10000.0,19000.0,1.0,16.5,17.263409290856092,19.0,1.0,20227.259683142955,10000.0,25000.0,1.0,18.57812626773193,17.0,20.0,1.0,0.0,211.0,1.0,19.0
11.0,21.0,11.0,22.0,-121.0,11.0,12.0,-111.0,10.193467689458346,9.0,11.0,30000.0,10000.0,19000.0,0.0,24.732819250760272,16.5,19.0,0.0,10000.0,37216.06921074959,25000.0,0.0,26.096266704023098,17.0,20.0,0.0,122.0,10.199150602114203,9.0,11.0,1.0,14891.804657006243,10000.0,19000.0,1.0,16.5,17.521971784812457,19.0,1.0,21888.25677960595,10000.0,25000.0,1.0,18.843923466515207,17.0,20.0,1.0,0.0,111.0,1.0,7.0
11.0,22.0,11.0,22.0,-121.0,21.0,13.0,-111.0,10.211468545782795,9.0,11.0,30000.0,10000.0,19000.0,0.0,24.976465807492467,16.5,19.0,0.0,10000.0,37083.67574941805,25000.0,0.0,26.31272889403033,17.0,20.0,0.0,122.0,10.223033550588639,9.0,11.0,1.0,15047.516739689192,10000.0,19000.0,1.0,16.5,17.559669895002983,19.0,1.0,22220.54259052163,10000.0,25000.0,1.0,18.912787965665192,17.0,20.0,1.0,0.0,211.0,1.0,3.0
11.0,22.0,11.0,22.0,-121.0,21.0,12.0,-111.0,10.193635097353841,9.0,11.0,30000.0,10000.0,19000.0,0.0,24.79587218006,16.5,19.0,0.0,10000.0,36863.00710908093,25000.0,0.0,26.082232504875204,17.0,20.0,0.0,122.0,10.226671460134593,9.0,11.0,1.0,15328.739440786161,10000.0,19000.0,1.0,16.5,17.582808581506104,19.0,1.0,22410.07527582915,10000.0,25000.0,1.0,18.910091115257014,17.0,20.0,1.0,0.0,211.0,1.0,23.0
11.0,22.0,11.0,22.0,-121.0,21.0,13.0,-111.0,10.166095527052395,9.0,11.0,30000.0,10000.0,19000.0,0.0,26.710386889556396,16.5,19.0,0.0,10000.0,36958.059662053885,25000.0,0.0,28.0267076491515,17.0,20.0,0.0,122.0,10.21909822347768,9.0,11.0,1.0,14893.779051301972,10000.0,19000.0,1.0,16.5,17.538297623864324,19.0,1.0,21805.06575545393,10000.0,25000.0,1.0,18.84576990867417,17.0,20.0,1.0,0.0,211.0,1.0,19.0
91.0,24.0,91.0,21.0,-721.0,911.0,11.0,-711.0,15.808518230543731,12.0,17.0,30000.0,18000.0,36000.0,1.0,25.050703509289466,20.0,25.0,0.0,18000.0,34524.58511622843,36000.0,1.0,25.614541044254906,20.0,26.0,1.0,721.0,14.811920804423849,12.0,17.0,1.0,22113.616742596918,18000.0,36000.0,1.0,20.0,22.59597572216447,25.0,1.0,26609.900721269296,18000.0,36000.0,1.0,23.156286471087345,20.0,26.0,1.0,0.0,91121.0,7.0,2.0
11.0,22.0,11.0,22.0,-121.0,21.0,13.0,-111.0,10.195846644208537,9.0,11.0,30000.0,10000.0,19000.0,0.0,26.415890988773207,16.5,19.0,0.0,10000.0,37099.61614344175,25000.0,0.0,27.75430017959297,17.0,20.0,0.0,122.0,10.205472445252541,9.0,11.0,1.0,13343.85575618511,10000.0,19000.0,1.0,16.5,17.226386521947802,19.0,1.0,20361.093879436674,10000.0,25000.0,1.0,18.54926592959106,17.0,20.0,1.0,0.0,211.0,1.0,47.0
91.0,24.0,91.0,24.0,-721.0,911.0,11.0,-711.0,15.355620974317771,12.0,17.0,30000.0,18000.0,36000.0,1.0,24.645211964520936,20.0,25.0,1.0,18000.0,33968.12507195663,36000.0,1.0,25.12962520086895,20.0,26.0,1.0,722.0,15.512094761825502,12.0,17.0,1.0,26249.250310938245,18000.0,36000.0,1.0,20.0,23.67938900811435,25.0,1.0,30285.705283093022,18000.0,36000.0,1.0,24.17214369224793,20.0,26.0,1.0,1.0,91121.0,7.0,9.0
91.0,24.0,91.0,24.0,-721.0,911.0,12.0,-711.0,15.170810942735931,12.0,17.0,30000.0,18000.0,36000.0,1.0,24.901422017497858,20.0,25.0,1.0,18000.0,33980.570076723685,36000.0,1.0,25.38649837410786,20.0,26.0,1.0,722.0,15.04708256166841,12.0,17.0,1.0,26428.15481821267,18000.0,36000.0,1.0,20.0,23.319609437133323,25.0,1.0,30393.007980172704,18000.0,36000.0,1.0,23.802770514372842,20.0,26.0,1.0,1.0,91121.0,7.0,13.0
92.0,24.0,92.0,24.0,-721.0,921.0,13.0,-711.0,15.364358618316304,12.0,17.0,30000.0,15000.0,28000.0,0.0,24.30562183715945,19.5,25.0,1.0,15000.0,33955.77846439406,28000.0,0.0,24.786383012058224,20.0,26.0,1.0,722.0,15.136951882897009,12.0,17.0,1.0,24211.050273292425,15000.0,28000.0,1.0,19.5,22.142938031535053,25.0,1.0,28115.56757219523,15000.0,28000.0,0.0,22.617469237195134,20.0,26.0,1.0,0.0,92122.0,7.0,22.0
81.0,23.0,81.0,23.0,-721.0,912.0,12.0,-711.0,13.999908322945952,12.0,17.0,30000.0,12500.0,23000.0,0.0,24.974918216122163,20.0,24.0,0.0,12500.0,34437.96187541509,26000.0,0.0,25.53019216199042,20.0,25.0,0.0,721.0,14.74466799369613,12.0,17.0,1.0,18323.207330043573,12500.0,23000.0,1.0,20.0,21.621094457199987,24.0,1.0,22817.426332842035,12500.0,26000.0,1.0,22.183407246118797,20.0,25.0,1.0,0.0,912.0,7.0,10.0
11.0,22.0,11.0,21.0,-121.0,11.0,11.0,-111.0,9.993304971290225,9.0,11.0,30000.0,10000.0,19000.0,0.0,26.101303364174477,16.5,19.0,0.0,10000.0,36480.94769535971,25000.0,0.0,27.3990430978722,17.0,20.0,0.0,121.0,9.997560632222214,9.0,11.0,1.0,15050.070437331337,10000.0,19000.0,1.0,16.5,17.489401761769283,19.0,1.0,21538.219198080355,10000.0,25000.0,1.0,18.788583430986307,17.0,20.0,1.0,0.0,111.0,1.0,26.0
11.0,22.0,11.0,21.0,-121.0,21.0,13.0,-111.0,10.21645488742138,9.0,11.0,30000.0,10000.0,19000.0,0.0,25.932382373638266,16.5,19.0,0.0,10000.0,37025.52157372817,25000.0,0.0,27.259374489966397,17.0,20.0,0.0,122.0,10.205132586068785,9.0,11.0,1.0,12491.808131334976,10000.0,19000.0,1.0,16.5,17.06424357178409,19.0,1.0,19446.208117567858,10000.0,25000.0,1.0,18.37780212522062,17.0,20.0,1.0,0.0,211.0,1.0,58.0
11.0,22.0,11.0,22.0,-121.0,21.0,13.0,-111.0,10.20928537551493,9.0,11.0,30000.0,10000.0,19000.0,0.0,25.679584612733255,16.5,19.0,0.0,10000.0,36989.02965940906,25000.0,0.0,27.001053442435097,17.0,20.0,0.0,122.0,10.219675445119812,9.0,11.0,1.0,14040.62539063856,10000.0,19000.0,1.0,16.5,17.391162122137953,19.0,1.0,20984.453079877807,10000.0,25000.0,1.0,18.704084272610853,17.0,20.0,1.0,0.0,211.0,1.0,19.0
11.0,22.0,11.0,22.0,-121.0,11.0,11.0,-111.0,10.208640081531657,9.0,11.0,30000.0,10000.0,19000.0,0.0,24.338030345061256,16.5,19.0,0.0,10000.0,36987.12824653594,25000.0,0.0,25.6585290827808,17.0,20.0,0.0,122.0,10.199953754777013,9.0,11.0,1.0,14372.548904707106,10000.0,19000.0,1.0,16.5,17.436011219584294,19.0,1.0,21331.856241862144,10000.0,25000.0,1.0,18.75125207818334,17.0,20.0,1.0,0.0,111.0,1.0,50.0
11.0,22.0,11.0,21.0,-121.0,21.0,12.0,-111.0,10.008565714746599,9.0,11.0,30000.0,10000.0,19000.0,0.0,24.93345527316084,16.5,19.0,0.0,10000.0,36437.81820501023,25000.0,0.0,26.226543591898377,17.0,20.0,0.0,121.0,10.001840130369583,9.0,11.0,1.0,12205.158700120195,10000.0,19000.0,1.0,16.5,16.939004931911317,19.0,1.0,18811.832616240245,10000.0,25000.0,1.0,18.266009298079073,17.0,20.0,1.0,0.0,211.0,1.0,53.0
11.0,22.0,11.0,22.0,-121.0,21.0,13.0,-111.0,10.005403127588723,9.0,11.0,30000.0,10000.0,19000.0,0.0,28.350035955347998,16.5,19.0,0.0,10000.0,36559.368995299395,25000.0,0.0,29.653986985660048,17.0,20.0,0.0,121.0,9.986521060943133,9.0,11.0,1.0,15701.677317370917,10000.0,19000.0,1.0,16.5,17.643642368952563,19.0,1.0,22233.456387905208,10000.0,25000.0,1.0,18.94210873894904,17.0,20.0,1.0,0.0,211.0,1.0,21.0
11.0,21.0,11.0,22.0,-121.0,21.0,13.0,-111.0,10.211728542348085,9.0,11.0,30000.0,10000.0,19000.0,0.0,25.45323679380798,16.5,19.0,0.0,10000.0,37028.959783350016,25000.0,0.0,26.778855471204338,17.0,20.0,0.0,122.0,10.19451261806082,9.0,11.0,1.0,14958.232593729595,10000.0,19000.0,1.0,16.5,17.51865496054986,19.0,1.0,22009.403142855455,10000.0,25000.0,1.0,18.848462452060858,17.0,20.0,1.0,0.0,211.0,1.0,52.0
11.0,22.0,11.0,22.0,-121.0,21.0,13.0,-111.0,10.160405684585038,9.0,11.0,30000.0,10000.0,19000.0,0.0,25.18473884713856,16.5,19.0,0.0,10000.0,36993.118026770215,25000.0,0.0,26.513612879621732,17.0,20.0,0.0,122.0,10.188701857452092,9.0,11.0,1.0,12280.076778573768,10000.0,19000.0,1.0,16.5,17.09324490163593,19.0,1.0,19168.01673920457,10000.0,25000.0,1.0,18.402132370136567,17.0,20.0,1.0,0.0,211.0,1.0,36.0
11.0,22.0,11.0,22.0,-121.0,11.0,11.0,-111.0,10.016260099305864,9.0,11.0,30000.0,10000.0,19000.0,0.0,25.343167331442643,16.5,19.0,0.0,10000.0,36513.37062938675,25000.0,0.0,26.64820976518856,17.0,20.0,0.0,121.0,10.022840153277759,9.0,11.0,1.0,13997.45328147165,10000.0,19000.0,1.0,16.5,17.3468813260151,19.0,1.0,20500.39586654253,10000.0,25000.0,1.0,18.649834359186794,17.0,20.0,1.0,0.0,111.0,1.0,15.0
11.0,22.0,11.0,22.0,-121.0,21.0,13.0,-111.0,10.206738978581985,9.0,11.0,30000.0,10000.0,19000.0,0.0,26.301300240456502,16.5,19.0,0.0,10000.0,37067.287264321894,25000.0,0.0,27.627952125198494,17.0,20.0,0.0,122.0,10.200042317229745,9.0,11.0,1.0,13532.067217452135,10000.0,19000.0,1.0,16.5,17.25337374359639,19.0,1.0,20428.2655516336,10000.0,25000.0,1.0,18.547909281126188,17.0,20.0,1.0,0.0,211.0,1.0,13.0
11.0,22.0,11.0,22.0,-121.0,11.0,11.0,-111.0,10.202351156462662,9.0,11.0,30000.0,10000.0,19000.0,0.0,24.449449032540457,16.5,19.0,0.0,10000.0,37016.78182656167,25000.0,0.0,25.772352899322144,17.0,20.0,0.0,122.0,10.174160067735361,9.0,11.0,1.0,16226.579108619908,10000.0,19000.0,1.0,16.5,17.787116604646265,19.0,1.0,23275.137013874708,10000.0,25000.0,1.0,19.116011351351734,17.0,20.0,1.0,0.0,111.0,1.0,11.0
81.0,23.0,81.0,23.0,-721.0,912.0,12.0,-711.0,15.135059903009733,12.0,17.0,30000.0,12500.0,23000.0,0.0,26.255460067174198,20.0,24.0,0.0,12500.0,34068.667009020675,26000.0,0.0,26.750325480247746,20.0,25.0,0.0,722.0,15.151098825950296,12.0,17.0,1.0,17289.336031497936,12500.0,23000.0,1.0,20.0,21.773144462488546,24.0,1.0,21301.10055054203,12500.0,26000.0,1.0,22.261088917384697,20.0,25.0,1.0,0.0,912.0,7.0,31.0
11.0,22.0,11.0,22.0,-121.0,11.0,11.0,-111.0,10.22260615957611,9.0,11.0,30000.0,10000.0,19000.0,0.0,26.09959598530064,16.5,19.0,0.0,10000.0,37026.41879499357,25000.0,0.0,27.424389831100584,17.0,20.0,0.0,122.0,10.188165336545941,9.0,11.0,1.0,13664.272876099036,10000.0,19000.0,1.0,16.5,17.294276790026238,19.0,1.0,20566.01409956738,10000.0,25000.0,1.0,18.595563343664264,17.0,20.0,1.0,0.0,111.0,1.0,17.0
92.0,24.0,92.0,24.0,-721.0,921.0,13.0,-711.0,15.143107510392733,12.0,17.0,30000.0,15000.0,28000.0,0.0,24.68349942125815,19.5,25.0,1.0,15000.0,34025.378567305845,28000.0,0.0,25.174776939879465,20.0,26.0,1.0,722.0,15.128817360286948,12.0,17.0,1.0,22325.84844882725,15000.0,28000.0,1.0,19.5,21.924372540974446,25.0,1.0,26285.18094585222,15000.0,28000.0,1.0,22.407589463808367,20.0,26.0,1.0,0.0,92122.0,7.0,25.0
81.0,21.0,81.0,21.0,-721.0,912.0,12.0,-711.0,15.076874981093926,12.0,17.0,30000.0,12500.0,23000.0,0.0,27.989217803957438,20.0,24.0,0.0,12500.0,34025.02930476359,26000.0,0.0,28.478796077019744,20.0,25.0,0.0,722.0,15.388376447854814,12.0,17.0,1.0,16296.940895570297,12500.0,23000.0,1.0,20.0,21.780291875583977,24.0,1.0,20345.64528770652,12500.0,26000.0,1.0,22.27274983162816,20.0,25.0,1.0,0.0,912.0,7.0,6.0
92.0,24.0,92.0,24.0,-721.0,921.0,13.0,-711.0,15.11709628977759,12.0,17.0,30000.0,15000.0,28000.0,0.0,24.18575784303216,19.5,25.0,1.0,15000.0,34110.207068247175,28000.0,0.0,24.686808908484274,20.0,26.0,1.0,722.0,15.273713826589741,12.0,17.0,1.0,23495.067877993606,15000.0,28000.0,1.0,19.5,22.222422748369926,25.0,1.0,27421.85814348316,15000.0,28000.0,1.0,22.70111455480721,20.0,26.0,1.0,0.0,92122.0,7.0,25.0
91.0,24.0,91.0,21.0,-721.0,911.0,11.0,-711.0,14.794138290500024,12.0,17.0,30000.0,18000.0,36000.0,1.0,24.45924687632197,20.0,25.0,1.0,18000.0,34528.7638765878,36000.0,1.0,25.026885801418818,20.0,26.0,1.0,721.0,15.033028567507706,12.0,17.0,1.0,20961.10385474389,18000.0,36000.0,1.0,20.0,22.600090837666993,25.0,1.0,25412.369911307633,18000.0,36000.0,1.0,23.158016123357022,20.0,26.0,1.0,1.0,91121.0,7.0,15.0
11.0,22.0,11.0,22.0,-121.0,11.0,11.0,-111.0,10.196338649177093,9.0,11.0,30000.0,10000.0,19000.0,0.0,23.99497455144933,16.5,19.0,0.0,10000.0,37134.206727070035,25000.0,0.0,25.337863215812792,17.0,20.0,0.0,122.0,10.210333936578513,9.0,11.0,1.0,14103.57144833652,10000.0,19000.0,1.0,16.5,17.401883265749213,19.0,1.0,21056.096208606905,10000.0,25000.0,1.0,18.710573502303067,17.0,20.0,1.0,0.0,111.0,1.0,57.0
11.0,21.0,11.0,22.0,-121.0,21.0,13.0,-111.0,10.194171170591948,9.0,11.0,30000.0,10000.0,19000.0,0.0,26.248714148766254,16.5,19.0,0.0,10000.0,36867.213933493935,25000.0,0.0,27.543637987470458,17.0,20.0,0.0,122.0,10.198304005445527,9.0,11.0,1.0,14998.013310588978,10000.0,19000.0,1.0,16.5,17.53960359669817,19.0,1.0,22010.2529364243,10000.0,25000.0,1.0,18.86187436649498,17.0,20.0,1.0,0.0,211.0,1.0,52.0
11.0,22.0,11.0,22.0,-121.0,21.0,13.0,-111.0,9.993618753997588,9.0,11.0,30000.0,10000.0,19000.0,0.0,24.94476649924634,16.5,19.0,0.0,10000.0,36524.53814728181,25000.0,0.0,26.245271261928522,17.0,20.0,0.0,121.0,9.994406352224205,9.0,11.0,1.0,13685.064499229236,10000.0,19000.0,1.0,16.5,17.2547286780776,19.0,1.0,20167.967893184614,10000.0,25000.0,1.0,18.546934585917974,17.0,20.0,1.0,0.0,211.0,1.0,21.0
81.0,21.0,81.0,23.0,-721.0,912.0,12.0,-711.0,15.359235004813716,12.0,17.0,30000.0,12500.0,23000.0,0.0,27.370784482456596,20.0,24.0,0.0,12500.0,34042.12343639196,26000.0,0.0,27.863472044361064,20.0,25.0,0.0,722.0,15.294862248347917,12.0,17.0,1.0,17883.74716114344,12500.0,23000.0,1.0,20.0,22.045603587963246,24.0,1.0,21915.737187521743,12500.0,26000.0,1.0,22.53705600572826,20.0,25.0,1.0,0.0,912.0,7.0,7.0
91.0,24.0,91.0,24.0,-721.0,911.0,11.0,-711.0,15.724889931352092,12.0,17.0,30000.0,18000.0,36000.0,1.0,24.58285111928766,20.0,25.0,1.0,18000.0,34512.964020940075,36000.0,1.0,25.145867715728656,20.0,26.0,1.0,721.0,14.714554407477143,12.0,17.0,1.0,28862.00986391134,18000.0,36000.0,1.0,20.0,23.318664157330915,25.0,1.0,33332.97247357051,18000.0,36000.0,1.0,23.876440851234385,20.0,26.0,1.0,1.0,91121.0,7.0,0.0
11.0,22.0,11.0,22.0,-121.0,11.0,12.0,-111.0,10.221159944842578,9.0,11.0,30000.0,10000.0,19000.0,0.0,24.482308843934263,16.5,19.0,0.0,10000.0,37102.83520017932,25000.0,0.0,25.829447834668652,17.0,20.0,0.0,122.0,10.21032902535375,9.0,11.0,1.0,15488.359014437992,10000.0,19000.0,1.0,16.5,17.676855114572295,19.0,1.0,22645.880434362054,10000.0,25000.0,1.0,19.034366011284757,17.0,20.0,1.0,0.0,111.0,1.0,40.0
11.0,22.0,11.0,22.0,-121.0,21.0,12.0,-111.0,9.997211723394052,9.0,11.0,30000.0,10000.0,19000.0,0.0,24.965658647868047,16.5,19.0,0.0,10000.0,36456.6107805277,25000.0,0.0,26.25823527268111,17.0,20.0,0.0,121.0,9.990372470072957,9.0,11.0,1.0,17862.560611025485,10000.0,19000.0,1.0,16.5,18.09334373359973,19.0,1.0,24331.894296268154,10000.0,25000.0,1.0,19.388467411316135,17.0,20.0,1.0,0.0,211.0,1.0,25.0
91.0,24.0,91.0,24.0,-721.0,911.0,11.0,-711.0,15.078644465232752,12.0,17.0,30000.0,18000.0,36000.0,1.0,25.217107762047615,20.0,25.0,0.0,18000.0,34517.108028511575,36000.0,1.0,25.77920896414351,20.0,26.0,1.0,721.0,15.218074477475072,12.0,17.0,1.0,26500.77495772902,18000.0,36000.0,1.0,20.0,23.530573811176517,25.0,1.0,31016.864608889133,18000.0,36000.0,1.0,24.092548288135482,20.0,26.0,1.0,0.0,91121.0,7.0,16.0
11.0,22.0,11.0,22.0,-121.0,21.0,13.0,-111.0,10.002663149882538,9.0,11.0,30000.0,10000.0,19000.0,0.0,25.690877974520248,16.5,19.0,0.0,10000.0,36509.458395723865,25000.0,0.0,26.983350107865277,17.0,20.0,0.0,121.0,9.999668039054686,9.0,11.0,1.0,12400.538907912138,10000.0,19000.0,1.0,16.5,16.99668135707078,19.0,1.0,18838.545159967754,10000.0,25000.0,1.0,18.274966456880172,17.0,20.0,1.0,0.0,211.0,1.0,22.0
11.0,22.0,11.0,21.0,-121.0,11.0,11.0,-111.0,10.19828336391201,9.0,11.0,30000.0,10000.0,19000.0,0.0,24.929920594685925,16.5,19.0,0.0,10000.0,37105.49313352829,25000.0,0.0,26.26729151062966,17.0,20.0,0.0,122.0,10.185293017936646,9.0,11.0,1.0,15547.016986546758,10000.0,19000.0,1.0,16.5,17.584398568202595,19.0,1.0,22609.60742472273,10000.0,25000.0,1.0,18.913694489786117,17.0,20.0,1.0,0.0,111.0,1.0,1.0
11.0,22.0,11.0,21.0,-121.0,21.0,13.0,-111.0,9.999580480248937,9.0,11.0,30000.0,10000.0,19000.0,0.0,25.403000837111087,16.5,19.0,0.0,10000.0,36590.41601176,25000.0,0.0,26.713111574793206,17.0,20.0,0.0,121.0,9.983950601269257,9.0,11.0,1.0,14161.147001489288,10000.0,19000.0,1.0,16.5,17.27160486116236,19.0,1.0,20671.202907832267,10000.0,25000.0,1.0,18.565740789849077,17.0,20.0,1.0,0.0,211.0,1.0,33.0
11.0,22.0,11.0,22.0,-121.0,21.0,13.0,-111.0,10.194645990410914,9.0,11.0,30000.0,10000.0,19000.0,0.0,26.525265154786318,16.5,19.0,0.0,10000.0,36955.773706934764,25000.0,0.0,27.83370573316117,17.0,20.0,0.0,122.0,10.192224362865035,9.0,11.0,1.0,16789.125534216913,10000.0,19000.0,1.0,16.5,17.882678155214524,19.0,1.0,23902.90449257616,10000.0,25000.0,1.0,19.220840873968097,17.0,20.0,1.0,0.0,211.0,1.0,21.0
11.0,22.0,11.0,22.0,-121.0,11.0,11.0,-111.0,9.983880537083309,9.0,11.0,30000.0,10000.0,19000.0,0.0,24.305330352900974,16.5,19.0,0.0,10000.0,36483.379436929885,25000.0,0.0,25.608102223887336,17.0,20.0,0.0,121.0,9.993993667217698,9.0,11.0,1.0,13684.969227280995,10000.0,19000.0,1.0,16.5,17.279876747840216,19.0,1.0,20161.995218162363,10000.0,25000.0,1.0,18.581371955802865,17.0,20.0,1.0,0.0,111.0,1.0,44.0
11.0,22.0,11.0,21.0,-121.0,11.0,12.0,-111.0,9.994528640787912,9.0,11.0,30000.0,10000.0,19000.0,0.0,24.077103655724244,16.5,19.0,0.0,10000.0,36562.12743972344,25000.0,0.0,25.388880583154428,17.0,20.0,0.0,121.0,9.994107220010058,9.0,11.0,1.0,14160.473137180612,10000.0,19000.0,1.0,16.5,17.31495915509731,19.0,1.0,20647.714794607542,10000.0,25000.0,1.0,18.6117663273206,17.0,20.0,1.0,0.0,111.0,1.0,46.0
91.0,24.0,91.0,24.0,-721.0,911.0,11.0,-711.0,13.996669494403168,12.0,17.0,30000.0,18000.0,36000.0,1.0,22.312457599328553,20.0,25.0,1.0,18000.0,34397.2996317495,36000.0,1.0,22.86407786044617,20.0,26.0,1.0,721.0,14.998714754445375,12.0,17.0,1.0,23026.60084234496,18000.0,36000.0,1.0,20.0,22.871328577625494,25.0,1.0,27520.97761357896,18000.0,36000.0,1.0,23.435126702776834,20.0,26.0,1.0,1.0,91121.0,7.0,9.0
11.0,22.0,11.0,21.0,-121.0,11.0,11.0,-111.0,9.984298593557067,9.0,11.0,30000.0,10000.0,19000.0,0.0,25.34565132578686,16.5,19.0,0.0,10000.0,36485.89381964052,25000.0,0.0,26.65009196879982,17.0,20.0,0.0,121.0,10.006368561282917,9.0,11.0,1.0,14500.82257732301,10000.0,19000.0,1.0,16.5,17.391006931390674,19.0,1.0,21017.86483678616,10000.0,25000.0,1.0,18.70171213746941,17.0,20.0,1.0,0.0,111.0,1.0,26.0
11.0,22.0,11.0,22.0,-121.0,21.0,13.0,-111.0,10.009900132860867,9.0,11.0,30000.0,10000.0,19000.0,0.0,26.433763424983706,16.5,19.0,0.0,10000.0,36486.45490980408,25000.0,0.0,27.731505632740408,17.0,20.0,0.0,121.0,9.981590288343364,9.0,11.0,1.0,16169.99136696925,10000.0,19000.0,1.0,16.5,17.779543800688,19.0,1.0,22587.466972917282,10000.0,25000.0,1.0,19.063485349175437,17.0,20.0,1.0,0.0,211.0,1.0,8.0
11.0,21.0,11.0,22.0,-121.0,11.0,12.0,-111.0,9.980449714908792,9.0,11.0,30000.0,10000.0,19000.0,0.0,24.31290976500238,16.5,19.0,0.0,10000.0,36586.991822075455,25000.0,0.0,25.62614212527485,17.0,20.0,0.0,121.0,10.011069573331493,9.0,11.0,1.0,15610.457609227718,10000.0,19000.0,1.0,16.5,17.649320541814404,19.0,1.0,22194.869066044666,10000.0,25000.0,1.0,18.962038461011144,17.0,20.0,1.0,0.0,111.0,1.0,51.0
11.0,22.0,11.0,21.0,-121.0,21.0,13.0,-111.0,10.181782861280576,9.0,11.0,30000.0,10000.0,19000.0,0.0,25.6868311157712,16.5,19.0,0.0,10000.0,36996.532567155824,25000.0,0.0,27.003687564759147,17.0,20.0,0.0,122.0,10.213449210440427,9.0,11.0,1.0,11747.788076029858,10000.0,19000.0,1.0,16.5,16.917384106425445,19.0,1.0,18714.222348111736,10000.0,25000.0,1.0,18.228575587289363,17.0,20.0,1.0,0.0,211.0,1.0,33.0
91.0,24.0,91.0,21.0,-721.0,911.0,11.0,-711.0,14.465502418987056,12.0,17.0,30000.0,18000.0,36000.0,1.0,23.382608260943297,20.0,25.0,1.0,18000.0,34533.77732169008,36000.0,1.0,23.95195092496721,20.0,26.0,1.0,721.0,14.957997347598823,12.0,17.0,1.0,21812.278368310937,18000.0,36000.0,1.0,20.0,22.61554979309772,25.0,1.0,26279.976368099946,18000.0,36000.0,1.0,23.176594348392726,20.0,26.0,1.0,1.0,91121.0,7.0,21.0
91.0,24.0,91.0,24.0,-721.0,911.0,11.0,-711.0,15.381228435557398,12.0,17.0,30000.0,18000.0,36000.0,1.0,25.35418806235073,20.0,25.0,0.0,18000.0,34054.4422820977,36000.0,1.0,25.8493431307792,20.0,26.0,1.0,722.0,15.117698307141177,12.0,17.0,1.0,24276.131899595097,18000.0,36000.0,1.0,20.0,23.126606530299707,25.0,1.0,28298.743392036075,18000.0,36000.0,1.0,23.61787421404393,20.0,26.0,1.0,0.0,91121.0,7.0,4.0
11.0,21.0,11.0,22.0,-121.0,11.0,12.0,-111.0,10.000206294439277,9.0,11.0,30000.0,10000.0,19000.0,0.0,26.102591430047898,16.5,19.0,0.0,10000.0,36528.56274291137,25000.0,0.0,27.410139758043794,17.0,20.0,0.0,121.0,10.007238912125048,9.0,11.0,1.0,14999.64219279526,10000.0,19000.0,1.0,16.5,17.525734711217233,19.0,1.0,21506.640799644192,10000.0,25000.0,1.0,18.82896414833876,17.0,20.0,1.0,0.0,111.0,1.0,51.0
91.0,24.0,91.0,24.0,-721.0,911.0,12.0,-711.0,15.372996500534677,12.0,17.0,30000.0,18000.0,36000.0,1.0,25.389693101853855,20.0,25.0,0.0,18000.0,34413.416243980384,36000.0,1.0,25.9457675612113,20.0,26.0,1.0,721.0,15.63093066432253,12.0,17.0,1.0,31907.17275404636,18000.0,36000.0,1.0,20.0,24.676773073569045,25.0,1.0,36380.72666523676,18000.0,36000.0,0.0,25.240424661149202,20.0,26.0,1.0,0.0,91121.0,7.0,1.0
11.0,22.0,11.0,22.0,-121.0,21.0,13.0,-111.0,10.225705650990863,9.0,11.0,30000.0,10000.0,19000.0,0.0,25.074532843771188,16.5,19.0,0.0,10000.0,36985.70653408263,25000.0,0.0,26.397177635225887,17.0,20.0,0.0,122.0,10.193899311561633,9.0,11.0,1.0,14394.614059819607,10000.0,19000.0,1.0,16.5,17.39855329719643,19.0,1.0,21433.04479023022,10000.0,25000.0,1.0,18.73118066998583,17.0,20.0,1.0,0.0,211.0,1.0,13.0
11.0,21.0,11.0,22.0,-121.0,21.0,13.0,-111.0,10.22890567104252,9.0,11.0,30000.0,10000.0,19000.0,0.0,26.67886844829343,16.5,19.0,0.0,10000.0,37084.98775638158,25000.0,0.0,28.020031970884794,17.0,20.0,0.0,122.0,10.177363824094313,9.0,11.0,1.0,14966.442989464625,10000.0,19000.0,1.0,16.5,17.55324824261905,19.0,1.0,21934.37258650427,10000.0,25000.0,1.0,18.872253063074382,17.0,20.0,1.0,0.0,211.0,1.0,24.0
11.0,21.0,11.0,22.0,-121.0,11.0,11.0,-111.0,10.196506668766169,9.0,11.0,30000.0,10000.0,19000.0,0.0,24.112106119098797,16.5,19.0,0.0,10000.0,36747.7858325622,25000.0,0.0,25.38571188118116,17.0,20.0,0.0,122.0,10.176435710357547,9.0,11.0,1.0,16508.077492392484,10000.0,19000.0,1.0,16.5,17.83436783939703,19.0,1.0,23476.0244858423,10000.0,25000.0,1.0,19.149527754212,17.0,20.0,1.0,0.0,111.0,1.0,29.0
11.0,22.0,11.0,22.0,-121.0,21.0,13.0,-111.0,10.231093904030532,9.0,11.0,30000.0,10000.0,19000.0,0.0,26.30747385177858,16.5,19.0,0.0,10000.0,36852.34789857515,25000.0,0.0,27.600381171682177,17.0,20.0,0.0,122.0,10.18683992004554,9.0,11.0,1.0,15542.033188525551,10000.0,19000.0,1.0,16.5,17.65896008846974,19.0,1.0,22444.740994608124,10000.0,25000.0,1.0,18.96136936215761,17.0,20.0,1.0,0.0,211.0,1.0,22.0
11.0,22.0,11.0,21.0,-121.0,11.0,12.0,-111.0,10.194576330925331,9.0,11.0,30000.0,10000.0,19000.0,0.0,23.68517290853613,16.5,19.0,0.0,10000.0,36942.624791507376,25000.0,0.0,24.99642977811216,17.0,20.0,0.0,122.0,10.190486188837827,9.0,11.0,1.0,14594.399142999588,10000.0,19000.0,1.0,16.5,17.42415765982817,19.0,1.0,21641.786936095676,10000.0,25000.0,1.0,18.75520116769101,17.0,20.0,1.0,0.0,111.0,1.0,46.0
11.0,21.0,11.0,21.0,-121.0,21.0,13.0,-111.0,9.985942666721193,9.0,11.0,30000.0,10000.0,19000.0,0.0,28.023243884501913,16.5,19.0,0.0,10000.0,36469.96134825953,25000.0,0.0,29.31651019566143,17.0,20.0,0.0,121.0,9.999780779282718,9.0,11.0,1.0,12036.842285507577,10000.0,19000.0,1.0,16.5,16.879212384399178,19.0,1.0,18596.03009582458,10000.0,25000.0,1.0,18.19031397636357,17.0,20.0,1.0,0.0,211.0,1.0,34.0
81.0,23.0,81.0,23.0,-721.0,912.0,12.0,-711.0,15.751350519174736,12.0,17.0,30000.0,12500.0,23000.0,0.0,27.327987124329624,20.0,24.0,0.0,12500.0,34552.618277896894,26000.0,0.0,27.89642140376527,20.0,25.0,0.0,721.0,14.579367631961077,12.0,17.0,1.0,17281.384844643748,12500.0,23000.0,1.0,20.0,21.38798018501393,24.0,1.0,21797.919554955253,12500.0,26000.0,1.0,21.95190911489294,20.0,25.0,1.0,0.0,912.0,7.0,31.0
11.0,22.0,11.0,21.0,-121.0,21.0,12.0,-111.0,10.209947473757286,9.0,11.0,30000.0,10000.0,19000.0,0.0,24.473688476443144,16.5,19.0,0.0,10000.0,37019.26354058001,25000.0,0.0,25.795741458338803,17.0,20.0,0.0,122.0,10.191651065803846,9.0,11.0,1.0,14746.635538082188,10000.0,19000.0,1.0,16.5,17.424238359461757,19.0,1.0,21716.04679365146,10000.0,25000.0,1.0,18.73690184320398,17.0,20.0,1.0,0.0,211.0,1.0,53.0
11.0,21.0,11.0,22.0,-121.0,11.0,11.0,-111.0,10.012755395239328,9.0,11.0,30000.0,10000.0,19000.0,0.0,25.91917270538167,16.5,19.0,0.0,10000.0,36494.6009667615,25000.0,0.0,27.217474268878146,17.0,20.0,0.0,121.0,10.006182566737573,9.0,11.0,1.0,13887.172435743842,10000.0,19000.0,1.0,16.5,17.283442929750496,19.0,1.0,20359.55176185148,10000.0,25000.0,1.0,18.57730228179287,17.0,20.0,1.0,0.0,111.0,1.0,35.0
11.0,22.0,11.0,22.0,-121.0,21.0,13.0,-111.0,9.995616899951255,9.0,11.0,30000.0,10000.0,19000.0,0.0,25.79067928456799,16.5,19.0,0.0,10000.0,36455.55136891724,25000.0,0.0,27.084376133625646,17.0,20.0,0.0,121.0,9.99948339149292,9.0,11.0,1.0,12889.270537300794,10000.0,19000.0,1.0,16.5,17.12346524502279,19.0,1.0,19405.98016602547,10000.0,25000.0,1.0,18.429418250601437,17.0,20.0,1.0,0.0,211.0,1.0,4.0
11.0,22.0,11.0,22.0,-121.0,11.0,11.0,-111.0,9.984553144013677,9.0,11.0,30000.0,10000.0,19000.0,0.0,23.29953970303912,16.5,19.0,0.0,10000.0,36576.04908866403,25000.0,0.0,24.618530764096928,17.0,20.0,0.0,121.0,9.99513101146729,9.0,11.0,1.0,11592.417455253404,10000.0,19000.0,1.0,16.5,16.864884356877965,19.0,1.0,18053.26610526108,10000.0,25000.0,1.0,18.16076908968777,17.0,20.0,1.0,0.0,111.0,1.0,57.0
11.0,22.0,11.0,22.0,-121.0,21.0,12.0,-111.0,10.01512849876068,9.0,11.0,30000.0,10000.0,19000.0,0.0,24.568697442730397,16.5,19.0,0.0,10000.0,36475.95733787303,25000.0,0.0,25.862085724703707,17.0,20.0,0.0,121.0,9.990436036781174,9.0,11.0,1.0,16787.891321922245,10000.0,19000.0,1.0,16.5,17.87904630377515,19.0,1.0,23257.621531166948,10000.0,25000.0,1.0,19.171190893923765,17.0,20.0,1.0,0.0,211.0,1.0,48.0
11.0,22.0,11.0,22.0,-121.0,21.0,13.0,-111.0,10.233459038818607,9.0,11.0,30000.0,10000.0,19000.0,0.0,25.010578823095237,16.5,19.0,0.0,10000.0,36848.99876214025,25000.0,0.0,26.293935690060593,17.0,20.0,0.0,122.0,10.192248862976827,9.0,11.0,1.0,13259.801560238553,10000.0,19000.0,1.0,16.5,17.245291794623096,19.0,1.0,20146.340618480695,10000.0,25000.0,1.0,18.5356829155668,17.0,20.0,1.0,0.0,211.0,1.0,4.0
81.0,21.0,81.0,23.0,-721.0,912.0,12.0,-711.0,15.651298180131452,12.0,17.0,30000.0,12500.0,23000.0,0.0,27.520003793703708,20.0,24.0,0.0,12500.0,34493.214700113065,26000.0,0.0,28.081829393910763,20.0,25.0,0.0,721.0,14.691470108359939,12.0,17.0,1.0,19124.00415838216,12500.0,23000.0,1.0,20.0,21.66565993401325,24.0,1.0,23670.46415282078,12500.0,26000.0,1.0,22.234143255125982,20.0,25.0,1.0,0.0,912.0,7.0,7.0
11.0,22.0,11.0,21.0,-121.0,21.0,13.0,-111.0,9.998852789354121,9.0,11.0,30000.0,10000.0,19000.0,0.0,27.195265817057905,16.5,19.0,0.0,10000.0,36530.76003310032,25000.0,0.0,28.503312708622158,17.0,20.0,0.0,121.0,10.019334155651043,9.0,11.0,1.0,13938.82284220206,10000.0,19000.0,1.0,16.5,17.28728633339288,19.0,1.0,20459.933602309553,10000.0,25000.0,1.0,18.593400570644288,17.0,20.0,1.0,0.0,211.0,1.0,20.0
91.0,24.0,91.0,24.0,-721.0,911.0,12.0,-711.0,15.557801724626694,12.0,17.0,30000.0,18000.0,36000.0,1.0,24.322915333185573,20.0,25.0,1.0,18000.0,34482.184113810494,36000.0,1.0,24.885655568302234,20.0,26.0,1.0,721.0,15.181225825510358,12.0,17.0,1.0,25285.714236819556,18000.0,36000.0,1.0,20.0,23.414490101131708,25.0,1.0,29760.478907075623,18000.0,36000.0,1.0,23.976298821766985,20.0,26.0,1.0,1.0,91121.0,7.0,13.0
81.0,23.0,81.0,23.0,-721.0,912.0,11.0,-711.0,15.125924035040235,12.0,17.0,30000.0,12500.0,23000.0,0.0,26.98073614707774,20.0,24.0,0.0,12500.0,34004.559091791874,26000.0,0.0,27.472758310512067,20.0,25.0,0.0,722.0,15.512318383499174,12.0,17.0,1.0,16306.576945013541,12500.0,23000.0,1.0,20.0,22.143486200113205,24.0,1.0,20298.130063729972,12500.0,26000.0,1.0,22.633910378135543,20.0,25.0,1.0,0.0,912.0,7.0,17.0
11.0,22.0,11.0,21.0,-121.0,11.0,12.0,-111.0,10.007930794096417,9.0,11.0,30000.0,10000.0,19000.0,0.0,24.11497388970026,16.5,19.0,0.0,10000.0,36557.24145376661,25000.0,0.0,25.428617590975037,17.0,20.0,0.0,121.0,9.98335723448747,9.0,11.0,1.0,15031.30179516785,10000.0,19000.0,1.0,16.5,17.458892829235904,19.0,1.0,21522.58156612885,10000.0,25000.0,1.0,18.759322109514592,17.0,20.0,1.0,0.0,111.0,1.0,45.0
81.0,21.0,81.0,21.0,-721.0,912.0,12.0,-711.0,14.365966501079189,12.0,17.0,30000.0,12500.0,23000.0,0.0,27.172191894626824,20.0,24.0,0.0,12500.0,34511.10904735213,26000.0,0.0,27.73577143924207,20.0,25.0,0.0,721.0,15.142949277141431,12.0,17.0,1.0,14281.956509086018,12500.0,23000.0,1.0,20.0,21.413813818480605,24.0,1.0,18860.194624813765,12500.0,26000.0,1.0,21.98577989718058,20.0,25.0,1.0,0.0,912.0,7.0,6.0
11.0,22.0,11.0,22.0,-121.0,21.0,12.0,-111.0,10.192695497042243,9.0,11.0,30000.0,10000.0,19000.0,0.0,23.923381545998403,16.5,19.0,0.0,10000.0,37073.90809125988,25000.0,0.0,25.254186552393914,17.0,20.0,0.0,122.0,10.19577372765053,9.0,11.0,1.0,16127.728978604486,10000.0,19000.0,1.0,16.5,17.752519529713084,19.0,1.0,23098.066831905617,10000.0,25000.0,1.0,19.06384000373824,17.0,20.0,1.0,0.0,211.0,1.0,23.0
92.0,24.0,92.0,24.0,-721.0,921.0,13.0,-711.0,15.041910754277918,12.0,17.0,30000.0,15000.0,28000.0,0.0,24.76001550176276,19.5,25.0,1.0,15000.0,34062.193990527216,28000.0,0.0,25.255279333742127,20.0,26.0,1.0,722.0,14.956448780841415,12.0,17.0,1.0,20093.16922539132,15000.0,28000.0,1.0,19.5,21.511218341181845,25.0,1.0,24011.002607326252,15000.0,28000.0,1.0,21.988881687225533,20.0,26.0,1.0,0.0,92122.0,7.0,25.0
11.0,22.0,11.0,22.0,-121.0,11.0,11.0,-111.0,10.016683449097108,9.0,11.0,30000.0,10000.0,19000.0,0.0,23.575686923699312,16.5,19.0,0.0,10000.0,36465.21785812506,25000.0,0.0,24.868372616889573,17.0,20.0,0.0,121.0,9.991798298062207,9.0,11.0,1.0,14132.76794046277,10000.0,19000.0,1.0,16.5,17.354163618355827,19.0,1.0,20667.52042965025,10000.0,25000.0,1.0,18.66075238870886,17.0,20.0,1.0,0.0,111.0,1.0,38.0
11.0,22.0,11.0,22.0,-121.0,11.0,12.0,-111.0,9.993302241217155,9.0,11.0,30000.0,10000.0,19000.0,0.0,25.275986104944174,16.5,19.0,0.0,10000.0,36368.12127720237,25000.0,0.0,26.561433406806458,17.0,20.0,0.0,121.0,9.980306367952851,9.0,11.0,1.0,17166.355922970033,10000.0,19000.0,1.0,16.5,17.98038628223033,19.0,1.0,23589.1740433781,10000.0,25000.0,1.0,19.276874502828075,17.0,20.0,1.0,0.0,111.0,1.0,49.0
91.0,24.0,91.0,24.0,-721.0,911.0,11.0,-711.0,15.04909774209654,12.0,17.0,30000.0,18000.0,36000.0,1.0,23.867166368382264,20.0,25.0,1.0,18000.0,33878.086483114406,36000.0,1.0,24.33950998070868,20.0,26.0,1.0,722.0,15.235841799534196,12.0,17.0,1.0,26567.597119182654,18000.0,36000.0,1.0,20.0,23.572235951046174,25.0,1.0,30626.166212961223,18000.0,36000.0,1.0,24.066562004624068,20.0,26.0,1.0,1.0,91121.0,7.0,28.0
11.0,22.0,11.0,22.0,-121.0,21.0,13.0,-111.0,10.006294309996594,9.0,11.0,30000.0,10000.0,19000.0,0.0,24.164210824133438,16.5,19.0,0.0,10000.0,36491.13391260278,25000.0,0.0,25.460091845091792,17.0,20.0,0.0,121.0,10.004867532493892,9.0,11.0,1.0,14301.842908710903,10000.0,19000.0,1.0,16.5,17.423827420437995,19.0,1.0,20723.833284459593,10000.0,25000.0,1.0,18.705904721069892,17.0,20.0,1.0,0.0,211.0,1.0,8.0
11.0,22.0,11.0,22.0,-121.0,11.0,11.0,-111.0,10.007641054062995,9.0,11.0,30000.0,10000.0,19000.0,0.0,25.653891875572356,16.5,19.0,0.0,10000.0,36430.197253456696,25000.0,0.0,26.936988240912324,17.0,20.0,0.0,121.0,10.010333571575364,9.0,11.0,1.0,18360.91749300298,10000.0,19000.0,1.0,16.5,18.19601480747673,19.0,1.0,24811.456095699865,10000.0,25000.0,1.0,19.48317013247959,17.0,20.0,1.0,0.0,111.0,1.0,11.0
91.0,21.0,91.0,24.0,-721.0,911.0,11.0,-711.0,15.128235418965117,12.0,17.0,30000.0,18000.0,36000.0,1.0,24.591767021451048,20.0,25.0,1.0,18000.0,34527.30860250787,36000.0,1.0,25.15979446020345,20.0,26.0,1.0,721.0,14.462519372075551,12.0,17.0,1.0,27770.791762217443,18000.0,36000.0,1.0,20.0,22.910097905913915,25.0,1.0,32287.054822923914,18000.0,36000.0,1.0,23.476739494623846,20.0,26.0,1.0,1.0,91121.0,7.0,18.0
11.0,22.0,11.0,22.0,-121.0,21.0,13.0,-111.0,9.999698691985879,9.0,11.0,30000.0,10000.0,19000.0,0.0,29.09002044030239,16.5,19.0,0.0,10000.0,36486.883795598005,25000.0,0.0,30.383031890562933,17.0,20.0,0.0,121.0,9.989357674272885,9.0,11.0,1.0,14233.709024457243,10000.0,19000.0,1.0,16.5,17.358355953016968,19.0,1.0,20712.985367193978,10000.0,25000.0,1.0,18.64985103209423,17.0,20.0,1.0,0.0,211.0,1.0,16.0
11.0,22.0,11.0,21.0,-121.0,11.0,11.0,-111.0,10.003822336628504,9.0,11.0,30000.0,10000.0,19000.0,0.0,24.89124592625557,16.5,19.0,0.0,10000.0,36459.489748023196,25000.0,0.0,26.178533053314492,17.0,20.0,0.0,121.0,10.00685902644314,9.0,11.0,1.0,14470.283575930505,10000.0,19000.0,1.0,16.5,17.38754024497457,19.0,1.0,21029.21544256332,10000.0,25000.0,1.0,18.694644813374396,17.0,20.0,1.0,0.0,111.0,1.0,1.0
11.0,22.0,11.0,22.0,-121.0,21.0,13.0,-111.0,10.23034570024346,9.0,11.0,30000.0,10000.0,19000.0,0.0,26.43314660144874,16.5,19.0,0.0,10000.0,37066.21181749125,25000.0,0.0,27.75727340145091,17.0,20.0,0.0,122.0,10.194223979545834,9.0,11.0,1.0,15209.2185477721,10000.0,19000.0,1.0,16.5,17.571533383619823,19.0,1.0,22233.27564975108,10000.0,25000.0,1.0,18.887760874912043,17.0,20.0,1.0,0.0,211.0,1.0,19.0
11.0,21.0,11.0,21.0,-121.0,11.0,11.0,-111.0,10.010656324677287,9.0,11.0,30000.0,10000.0,19000.0,0.0,24.72302606802601,16.5,19.0,0.0,10000.0,36536.33608037085,25000.0,0.0,26.0250464568431,17.0,20.0,0.0,121.0,10.00632517325228,9.0,11.0,1.0,10565.865224566378,10000.0,19000.0,1.0,16.5,16.588313006214413,19.0,1.0,16994.07847603773,10000.0,25000.0,1.0,17.868795621270685,17.0,20.0,1.0,0.0,111.0,1.0,56.0
11.0,21.0,11.0,22.0,-121.0,21.0,13.0,-111.0,10.214568019292306,9.0,11.0,30000.0,10000.0,19000.0,0.0,27.662682817125045,16.5,19.0,0.0,10000.0,37053.97061645038,25000.0,0.0,29.00200471587843,17.0,20.0,0.0,122.0,10.198696844040708,9.0,11.0,1.0,13623.446961683985,10000.0,19000.0,1.0,16.5,17.313235036542125,19.0,1.0,20588.149070837047,10000.0,25000.0,1.0,18.635607719996326,17.0,20.0,1.0,0.0,211.0,1.0,59.0
11.0,22.0,11.0,21.0,-121.0,21.0,13.0,-111.0,10.215981609451882,9.0,11.0,30000.0,10000.0,19000.0,0.0,25.841208776538913,16.5,19.0,0.0,10000.0,37120.30531857309,25000.0,0.0,27.180099072502912,17.0,20.0,0.0,122.0,10.18313088730504,9.0,11.0,1.0,11411.48390819141,10000.0,19000.0,1.0,16.5,16.797949766186793,19.0,1.0,18489.02376727771,10000.0,25000.0,1.0,18.128798516718753,17.0,20.0,1.0,0.0,211.0,1.0,2.0
11.0,22.0,11.0,21.0,-121.0,21.0,13.0,-111.0,10.21559010195836,9.0,11.0,30000.0,10000.0,19000.0,0.0,24.516173641962478,16.5,19.0,0.0,10000.0,36945.41963888074,25000.0,0.0,25.82282899061992,17.0,20.0,0.0,122.0,10.185447059720161,9.0,11.0,1.0,12079.542681933068,10000.0,19000.0,1.0,16.5,16.912593143406767,19.0,1.0,18999.546593052095,10000.0,25000.0,1.0,18.214466981608894,17.0,20.0,1.0,0.0,211.0,1.0,58.0
11.0,22.0,11.0,21.0,-121.0,11.0,12.0,-111.0,10.206536651060274,9.0,11.0,30000.0,10000.0,19000.0,0.0,23.77638023028189,16.5,19.0,0.0,10000.0,37022.47928366283,25000.0,0.0,25.09965075621976,17.0,20.0,0.0,122.0,10.168521334879797,9.0,11.0,1.0,15378.407186635988,10000.0,19000.0,1.0,16.5,17.520656597422555,19.0,1.0,22534.016753382064,10000.0,25000.0,1.0,18.869013331891313,17.0,20.0,1.0,0.0,111.0,1.0,10.0
11.0,21.0,11.0,22.0,-121.0,21.0,12.0,-111.0,10.194235331972354,9.0,11.0,30000.0,10000.0,19000.0,0.0,24.507325331290602,16.5,19.0,0.0,10000.0,37011.545588741705,25000.0,0.0,25.832805331111075,17.0,20.0,0.0,122.0,10.196212369601618,9.0,11.0,1.0,16449.145289710006,10000.0,19000.0,1.0,16.5,17.82711524757139,19.0,1.0,23371.25813576505,10000.0,25000.0,1.0,19.135688659499085,17.0,20.0,1.0,0.0,211.0,1.0,37.0
11.0,22.0,11.0,22.0,-121.0,11.0,12.0,-111.0,10.177733591019836,9.0,11.0,30000.0,10000.0,19000.0,0.0,24.4554694320709,16.5,19.0,0.0,10000.0,36890.079612526286,25000.0,0.0,25.755049120045697,17.0,20.0,0.0,122.0,10.234388034783665,9.0,11.0,1.0,18484.635733400864,10000.0,19000.0,1.0,16.5,18.252827474558625,19.0,1.0,25465.404830726628,10000.0,25000.0,0.0,19.56951265608157,17.0,20.0,1.0,0.0,111.0,1.0,42.0
11.0,22.0,11.0,22.0,-121.0,21.0,13.0,-111.0,10.227956474098722,9.0,11.0,30000.0,10000.0,19000.0,0.0,26.409508385088333,16.5,19.0,0.0,10000.0,37056.26974016317,25000.0,0.0,27.743573528627884,17.0,20.0,0.0,122.0,10.211211844388519,9.0,11.0,1.0,13251.14281236159,10000.0,19000.0,1.0,16.5,17.2553361595315,19.0,1.0,20188.60988305979,10000.0,25000.0,1.0,18.566940356121904,17.0,20.0,1.0,0.0,211.0,1.0,41.0
81.0,23.0,81.0,21.0,-721.0,912.0,12.0,-711.0,14.922978363763352,12.0,17.0,30000.0,12500.0,23000.0,0.0,26.15140315801809,20.0,24.0,0.0,12500.0,34545.7594274788,26000.0,0.0,26.71977585587524,20.0,25.0,0.0,721.0,15.038303036685441,12.0,17.0,1.0,14970.721100298148,12500.0,23000.0,1.0,20.0,21.465603204585236,24.0,1.0,19447.314503442074,12500.0,26000.0,1.0,22.02532782493665,20.0,25.0,1.0,0.0,912.0,7.0,30.0
11.0,21.0,11.0,22.0,-121.0,21.0,13.0,-111.0,10.211604572411996,9.0,11.0,30000.0,10000.0,19000.0,0.0,26.7733061927388,16.5,19.0,0.0,10000.0,36971.72329109886,25000.0,0.0,28.08405924265934,17.0,20.0,0.0,122.0,10.192356586924737,9.0,11.0,1.0,13571.356350396527,10000.0,19000.0,1.0,16.5,17.284983439663183,19.0,1.0,20722.391082123417,10000.0,25000.0,1.0,18.629448816920192,17.0,20.0,1.0,0.0,211.0,1.0,24.0
11.0,22.0,11.0,22.0,-121.0,21.0,13.0,-111.0,10.198730461357899,9.0,11.0,30000.0,10000.0,19000.0,0.0,25.96380872522176,16.5,19.0,0.0,10000.0,37078.31362060729,25000.0,0.0,27.29833329412454,17.0,20.0,0.0,122.0,10.197369514252696,9.0,11.0,1.0,13268.000162504573,10000.0,19000.0,1.0,16.5,17.22035518979281,19.0,1.0,20354.037142656052,10000.0,25000.0,1.0,18.556335898338254,17.0,20.0,1.0,0.0,211.0,1.0,8.0
11.0,22.0,11.0,22.0,-121.0,21.0,12.0,-111.0,9.996708934378928,9.0,11.0,30000.0,10000.0,19000.0,0.0,25.013223224424088,16.5,19.0,0.0,10000.0,36435.059827906414,25000.0,0.0,26.299847479049298,17.0,20.0,0.0,121.0,9.992365236908782,9.0,11.0,1.0,15464.394865524393,10000.0,19000.0,1.0,16.5,17.64326587785437,19.0,1.0,21997.850743932446,10000.0,25000.0,1.0,18.94956341423925,17.0,20.0,1.0,0.0,211.0,1.0,25.0
81.0,23.0,81.0,23.0,-721.0,912.0,11.0,-711.0,14.937831825476279,12.0,17.0,30000.0,12500.0,23000.0,0.0,25.929889847422093,20.0,24.0,0.0,12500.0,33937.1839465173,26000.0,0.0,26.408537332160268,20.0,25.0,0.0,722.0,15.136469584814005,12.0,17.0,1.0,19093.174105172802,12500.0,23000.0,1.0,20.0,22.05955318656425,24.0,1.0,23182.699503175085,12500.0,26000.0,1.0,22.556720977583556,20.0,25.0,1.0,0.0,912.0,7.0,17.0
11.0,22.0,11.0,22.0,-121.0,21.0,13.0,-111.0,10.00127779135381,9.0,11.0,30000.0,10000.0,19000.0,0.0,25.682773980515954,16.5,19.0,0.0,10000.0,36478.458805268136,25000.0,0.0,26.97692555290879,17.0,20.0,0.0,121.0,9.992277036490606,9.0,11.0,1.0,15062.17048949033,10000.0,19000.0,1.0,16.5,17.502249471229717,19.0,1.0,21614.118571337975,10000.0,25000.0,1.0,18.811081427599376,17.0,20.0,1.0,0.0,211.0,1.0,5.0
11.0,22.0,11.0,21.0,-121.0,21.0,13.0,-111.0,10.203684640928978,9.0,11.0,30000.0,10000.0,19000.0,0.0,26.310649204382266,16.5,19.0,0.0,10000.0,36985.18258957571,25000.0,0.0,27.622379212315714,17.0,20.0,0.0,122.0,10.178671833882184,9.0,11.0,1.0,12346.89108339838,10000.0,19000.0,1.0,16.5,16.994291859011255,19.0,1.0,19207.497880442817,10000.0,25000.0,1.0,18.282628089727023,17.0,20.0,1.0,0.0,211.0,1.0,2.0
11.0,21.0,11.0,22.0,-121.0,11.0,11.0,-111.0,10.169958931812491,9.0,11.0,30000.0,10000.0,19000.0,0.0,25.245048823506146,16.5,19.0,0.0,10000.0,36891.35294137146,25000.0,0.0,26.548155583585284,17.0,20.0,0.0,122.0,10.206337240759293,9.0,11.0,1.0,13516.978196406075,10000.0,19000.0,1.0,16.5,17.261467217076415,19.0,1.0,20621.40929840756,10000.0,25000.0,1.0,18.60486557067927,17.0,20.0,1.0,0.0,111.0,1.0,43.0
11.0,22.0,11.0,21.0,-121.0,11.0,11.0,-111.0,10.000665611342106,9.0,11.0,30000.0,10000.0,19000.0,0.0,23.529026576394077,16.5,19.0,0.0,10000.0,36547.44984070092,25000.0,0.0,24.843756346067565,17.0,20.0,0.0,121.0,10.00481424314903,9.0,11.0,1.0,15537.389092811052,10000.0,19000.0,1.0,16.5,17.616236751428396,19.0,1.0,21952.69940425951,10000.0,25000.0,1.0,18.904432866459903,17.0,20.0,1.0,0.0,111.0,1.0,12.0
11.0,22.0,11.0,22.0,-121.0,11.0,12.0,-111.0,10.197532685811423,9.0,11.0,30000.0,10000.0,19000.0,0.0,23.988354036247067,16.5,19.0,0.0,10000.0,36958.01765586848,25000.0,0.0,25.303111594234704,17.0,20.0,0.0,122.0,10.215711939254787,9.0,11.0,1.0,17213.8399304237,10000.0,19000.0,1.0,16.5,18.02150978401629,19.0,1.0,24188.720444003247,10000.0,25000.0,1.0,19.33945367620447,17.0,20.0,1.0,0.0,111.0,1.0,14.0
92.0,24.0,92.0,24.0,-721.0,921.0,13.0,-711.0,15.017785751616367,12.0,17.0,30000.0,15000.0,28000.0,0.0,25.392269440788098,19.5,25.0,0.0,15000.0,34563.25300061064,28000.0,0.0,25.96290682649046,20.0,26.0,1.0,721.0,15.284856939673096,12.0,17.0,1.0,20383.786460201474,15000.0,28000.0,1.0,19.5,21.819484719830044,25.0,1.0,24925.709469342575,15000.0,28000.0,1.0,22.387454777955433,20.0,26.0,1.0,0.0,92122.0,7.0,25.0
11.0,22.0,11.0,21.0,-121.0,21.0,12.0,-111.0,10.213122555042247,9.0,11.0,30000.0,10000.0,19000.0,0.0,24.183129630991175,16.5,19.0,0.0,10000.0,36941.51841100353,25000.0,0.0,25.495530462612273,17.0,20.0,0.0,122.0,10.210005078810584,9.0,11.0,1.0,14986.809927289969,10000.0,19000.0,1.0,16.5,17.520661164923204,19.0,1.0,22124.386454680585,10000.0,25000.0,1.0,18.87012979925798,17.0,20.0,1.0,0.0,211.0,1.0,53.0
81.0,23.0,81.0,21.0,-721.0,912.0,11.0,-711.0,15.006426869227743,12.0,17.0,30000.0,12500.0,23000.0,0.0,26.735036221351024,20.0,24.0,0.0,12500.0,34479.46382736241,26000.0,0.0,27.297171452859672,20.0,25.0,0.0,721.0,13.906138997939966,12.0,17.0,1.0,14503.13397864566,12500.0,23000.0,1.0,20.0,20.13620919999747,24.0,1.0,18939.79567971232,12500.0,26000.0,1.0,20.69297312277329,20.0,25.0,1.0,0.0,912.0,7.0,12.0
11.0,21.0,11.0,22.0,-121.0,21.0,13.0,-111.0,10.200428931190414,9.0,11.0,30000.0,10000.0,19000.0,0.0,26.953478410169723,16.5,19.0,0.0,10000.0,37224.55775149078,25000.0,0.0,28.317593604677164,17.0,20.0,0.0,122.0,10.211697514789558,9.0,11.0,1.0,17224.521095389227,10000.0,19000.0,1.0,16.5,17.975667165191304,19.0,1.0,24146.9133807346,10000.0,25000.0,1.0,19.28272855546563,17.0,20.0,1.0,0.0,211.0,1.0,24.0
11.0,21.0,11.0,22.0,-121.0,11.0,11.0,-111.0,10.206654159168664,9.0,11.0,30000.0,10000.0,19000.0,0.0,24.031733868450278,16.5,19.0,0.0,10000.0,36966.80000197169,25000.0,0.0,25.34154036264876,17.0,20.0,0.0,122.0,10.2005905198519,9.0,11.0,1.0,13775.718315546006,10000.0,19000.0,1.0,16.5,17.315680379731212,19.0,1.0,20878.181079464142,10000.0,25000.0,1.0,18.650992409694762,17.0,20.0,1.0,0.0,111.0,1.0,43.0
11.0,22.0,11.0,21.0,-121.0,21.0,13.0,-111.0,9.999898820770074,9.0,11.0,30000.0,10000.0,19000.0,0.0,26.343238992588574,16.5,19.0,0.0,10000.0,36588.80259935694,25000.0,0.0,27.661009099377747,17.0,20.0,0.0,121.0,9.996533898478496,9.0,11.0,1.0,12432.891500721867,10000.0,19000.0,1.0,16.5,16.968305220328986,19.0,1.0,18853.55716272606,10000.0,25000.0,1.0,18.252447695003006,17.0,20.0,1.0,0.0,211.0,1.0,20.0
11.0,22.0,11.0,22.0,-121.0,21.0,13.0,-111.0,10.21098683002519,9.0,11.0,30000.0,10000.0,19000.0,0.0,24.340105614856746,16.5,19.0,0.0,10000.0,36975.41949509884,25000.0,0.0,25.657176120572036,17.0,20.0,0.0,122.0,10.190786541055779,9.0,11.0,1.0,11530.30283923832,10000.0,19000.0,1.0,16.5,16.887988652111396,19.0,1.0,18376.11643622445,10000.0,25000.0,1.0,18.1805874961738,17.0,20.0,1.0,0.0,211.0,1.0,19.0
11.0,22.0,11.0,22.0,-121.0,11.0,11.0,-111.0,10.220147390430471,9.0,11.0,30000.0,10000.0,19000.0,0.0,25.996170962684815,16.5,19.0,0.0,10000.0,36932.29010189052,25000.0,0.0,27.301011635396893,17.0,20.0,0.0,122.0,10.220843528554973,9.0,11.0,1.0,15951.95770004029,10000.0,19000.0,1.0,16.5,17.757548142287057,19.0,1.0,22879.80020999386,10000.0,25000.0,1.0,19.06155166035476,17.0,20.0,1.0,0.0,111.0,1.0,57.0
11.0,21.0,11.0,22.0,-121.0,21.0,13.0,-111.0,10.213205696022838,9.0,11.0,30000.0,10000.0,19000.0,0.0,28.33255732753984,16.5,19.0,0.0,10000.0,37015.92633477533,25000.0,0.0,29.659301686341713,17.0,20.0,0.0,122.0,10.16787096393608,9.0,11.0,1.0,13553.797575894352,10000.0,19000.0,1.0,16.5,17.263302699826298,19.0,1.0,20789.85649416161,10000.0,25000.0,1.0,18.631675155817387,17.0,20.0,1.0,0.0,211.0,1.0,9.0
91.0,24.0,91.0,24.0,-721.0,911.0,11.0,-711.0,15.098012336389692,12.0,17.0,30000.0,18000.0,36000.0,1.0,24.023717146319818,20.0,25.0,1.0,18000.0,33962.13933000465,36000.0,1.0,24.506438403011803,20.0,26.0,1.0,722.0,15.166737721371954,12.0,17.0,1.0,28492.795514165777,18000.0,36000.0,1.0,20.0,23.555919061504383,25.0,1.0,32508.792860727008,18000.0,36000.0,1.0,24.04520202823979,20.0,26.0,1.0,1.0,91121.0,7.0,0.0
11.0,22.0,11.0,22.0,-121.0,21.0,13.0,-111.0,10.018689261745871,9.0,11.0,30000.0,10000.0,19000.0,0.0,25.669957898240003,16.5,19.0,0.0,10000.0,36532.134909134365,25000.0,0.0,26.975858170379343,17.0,20.0,0.0,121.0,9.996294889141318,9.0,11.0,1.0,13760.136886530157,10000.0,19000.0,1.0,16.5,17.259889927292345,19.0,1.0,20305.815110351657,10000.0,25000.0,1.0,18.568497770322615,17.0,20.0,1.0,0.0,211.0,1.0,47.0
81.0,23.0,81.0,23.0,-721.0,912.0,12.0,-711.0,14.751780528600753,12.0,17.0,30000.0,12500.0,23000.0,0.0,25.05172012836815,20.0,24.0,0.0,12500.0,34521.3488213714,26000.0,0.0,25.615074569934983,20.0,25.0,0.0,721.0,15.082031105859915,12.0,17.0,1.0,18484.90997574983,12500.0,23000.0,1.0,20.0,21.94733105218123,24.0,1.0,22961.0489575805,12500.0,26000.0,1.0,22.50505240395251,20.0,25.0,1.0,0.0,912.0,7.0,31.0
91.0,24.0,91.0,24.0,-721.0,911.0,12.0,-711.0,15.13215825330608,12.0,17.0,30000.0,18000.0,36000.0,1.0,24.648326881272375,20.0,25.0,1.0,18000.0,34454.57159937303,36000.0,1.0,25.208562311818163,20.0,26.0,1.0,721.0,15.436408279267441,12.0,17.0,1.0,28614.151178289456,18000.0,36000.0,1.0,20.0,24.06086216317697,25.0,1.0,33135.54157995642,18000.0,36000.0,1.0,24.629501153893834,20.0,26.0,1.0,1.0,91121.0,7.0,13.0
11.0,21.0,11.0,22.0,-121.0,11.0,11.0,-111.0,10.181585461567613,9.0,11.0,30000.0,10000.0,19000.0,0.0,25.19822180780478,16.5,19.0,0.0,10000.0,37147.64504652304,25000.0,0.0,26.54840755772844,17.0,20.0,0.0,122.0,10.206764131695023,9.0,11.0,1.0,13930.464947647986,10000.0,19000.0,1.0,16.5,17.365684159650222,19.0,1.0,21072.644852849484,10000.0,25000.0,1.0,18.714837547742025,17.0,20.0,1.0,0.0,111.0,1.0,29.0
11.0,22.0,11.0,22.0,-121.0,11.0,12.0,-111.0,10.192554247273032,9.0,11.0,30000.0,10000.0,19000.0,0.0,24.19655803905668,16.5,19.0,0.0,10000.0,36973.7193380285,25000.0,0.0,25.518253417088967,17.0,20.0,0.0,122.0,10.190635735362918,9.0,11.0,1.0,14700.95130837316,10000.0,19000.0,1.0,16.5,17.464379993041035,19.0,1.0,21797.976190358557,10000.0,25000.0,1.0,18.809444875871844,17.0,20.0,1.0,0.0,111.0,1.0,49.0
11.0,22.0,11.0,22.0,-121.0,11.0,12.0,-111.0,10.197989729197186,9.0,11.0,30000.0,10000.0,19000.0,0.0,24.732731336510085,16.5,19.0,0.0,10000.0,36966.48877801308,25000.0,0.0,26.048719344774696,17.0,20.0,0.0,122.0,10.190860082953026,9.0,11.0,1.0,15345.981446311505,10000.0,19000.0,1.0,16.5,17.60907643836659,19.0,1.0,22191.76480540966,10000.0,25000.0,1.0,18.90226287630126,17.0,20.0,1.0,0.0,111.0,1.0,40.0
91.0,24.0,91.0,21.0,-721.0,911.0,11.0,-711.0,15.20106757068141,12.0,17.0,30000.0,18000.0,36000.0,1.0,24.899938158631656,20.0,25.0,1.0,18000.0,34011.14397542596,36000.0,1.0,25.391069104036124,20.0,26.0,1.0,722.0,15.45595269688044,12.0,17.0,1.0,24234.287143940324,18000.0,36000.0,1.0,20.0,23.362481950421824,25.0,1.0,28218.194920638547,18000.0,36000.0,1.0,23.850278051674017,20.0,26.0,1.0,1.0,91121.0,7.0,15.0
11.0,22.0,11.0,22.0,-121.0,11.0,11.0,-111.0,10.007160616461663,9.0,11.0,30000.0,10000.0,19000.0,0.0,23.986676223311715,16.5,19.0,0.0,10000.0,36487.437081300035,25000.0,0.0,25.287647948599428,17.0,20.0,0.0,121.0,10.002144267299943,9.0,11.0,1.0,17555.908061606442,10000.0,19000.0,1.0,16.5,18.026621804463275,19.0,1.0,24088.750129125656,10000.0,25000.0,1.0,19.336698913359022,17.0,20.0,1.0,0.0,111.0,1.0,57.0
11.0,21.0,11.0,22.0,-121.0,11.0,12.0,-111.0,9.999312184394268,9.0,11.0,30000.0,10000.0,19000.0,0.0,26.04080788611941,16.5,19.0,0.0,10000.0,36525.71700434795,25000.0,0.0,27.340559093478298,17.0,20.0,0.0,121.0,9.996330621836133,9.0,11.0,1.0,16029.82546764625,10000.0,19000.0,1.0,16.5,17.745742650674632,19.0,1.0,22600.639690500986,10000.0,25000.0,1.0,19.0544760379478,17.0,20.0,1.0,0.0,111.0,1.0,7.0
91.0,21.0,91.0,24.0,-721.0,911.0,11.0,-711.0,14.969384169555699,12.0,17.0,30000.0,18000.0,36000.0,1.0,25.16575916200144,20.0,25.0,0.0,18000.0,33926.88433325334,36000.0,1.0,25.645814680894933,20.0,26.0,1.0,722.0,15.320090865051135,12.0,17.0,1.0,24812.376631785133,18000.0,36000.0,1.0,20.0,23.403702540358168,25.0,1.0,28816.98694429948,18000.0,36000.0,1.0,23.893259939658392,20.0,26.0,1.0,0.0,91121.0,7.0,18.0
11.0,22.0,11.0,22.0,-121.0,21.0,12.0,-111.0,10.19620812626444,9.0,11.0,30000.0,10000.0,19000.0,0.0,23.44722178073036,16.5,19.0,0.0,10000.0,36872.70788459741,25000.0,0.0,24.748671390866225,17.0,20.0,0.0,122.0,10.185197842773066,9.0,11.0,1.0,15449.557029022733,10000.0,19000.0,1.0,16.5,17.6213406325969,19.0,1.0,22382.568699277545,10000.0,25000.0,1.0,18.93420966279999,17.0,20.0,1.0,0.0,211.0,1.0,48.0
11.0,22.0,11.0,22.0,-121.0,21.0,12.0,-111.0,10.016117457089678,9.0,11.0,30000.0,10000.0,19000.0,0.0,24.32217262286909,16.5,19.0,0.0,10000.0,36471.73641560496,25000.0,0.0,25.610648532940896,17.0,20.0,0.0,121.0,10.005223842484977,9.0,11.0,1.0,15620.573525250105,10000.0,19000.0,1.0,16.5,17.59524639203991,19.0,1.0,22177.503332672757,10000.0,25000.0,1.0,18.90068369021611,17.0,20.0,1.0,0.0,211.0,1.0,23.0
11.0,22.0,11.0,22.0,-121.0,21.0,13.0,-111.0,10.179508560260313,9.0,11.0,30000.0,10000.0,19000.0,0.0,26.242685884581732,16.5,19.0,0.0,10000.0,36849.259923263875,25000.0,0.0,27.536991499201637,17.0,20.0,0.0,122.0,10.199128267947088,9.0,11.0,1.0,12354.020533961195,10000.0,19000.0,1.0,16.5,17.09928748391137,19.0,1.0,19307.280780554047,10000.0,25000.0,1.0,18.41324605431264,17.0,20.0,1.0,0.0,211.0,1.0,36.0
91.0,24.0,91.0,21.0,-721.0,911.0,11.0,-711.0,15.30488283653175,12.0,17.0,30000.0,18000.0,36000.0,1.0,24.305167340914473,20.0,25.0,1.0,18000.0,34469.72504973396,36000.0,1.0,24.86596010421473,20.0,26.0,1.0,721.0,14.769427812775026,12.0,17.0,1.0,21144.035797539516,18000.0,36000.0,1.0,20.0,22.366731442848018,25.0,1.0,25684.343579720808,18000.0,36000.0,1.0,22.93637984830299,20.0,26.0,1.0,1.0,91121.0,7.0,3.0
11.0,22.0,11.0,22.0,-121.0,11.0,11.0,-111.0,10.188681405132918,9.0,11.0,30000.0,10000.0,19000.0,0.0,24.19734782202111,16.5,19.0,0.0,10000.0,37028.916994000014,25000.0,0.0,25.52505340241638,17.0,20.0,0.0,122.0,10.205723669684165,9.0,11.0,1.0,14776.607679986997,10000.0,19000.0,1.0,16.5,17.53772059932978,19.0,1.0,21735.53748793762,10000.0,25000.0,1.0,18.85220616623602,17.0,20.0,1.0,0.0,111.0,1.0,15.0
11.0,22.0,11.0,22.0,-121.0,21.0,13.0,-111.0,9.978486581838451,9.0,11.0,30000.0,10000.0,19000.0,0.0,25.735027458194843,16.5,19.0,0.0,10000.0,36443.83053982355,25000.0,0.0,27.025778217360987,17.0,20.0,0.0,121.0,10.000925501893882,9.0,11.0,1.0,14900.062345615155,10000.0,19000.0,1.0,16.5,17.515614059320388,19.0,1.0,21372.462994659152,10000.0,25000.0,1.0,18.81208763970876,17.0,20.0,1.0,0.0,211.0,1.0,22.0
11.0,22.0,11.0,22.0,-121.0,11.0,11.0,-111.0,10.010888295619644,9.0,11.0,30000.0,10000.0,19000.0,0.0,23.9354486440829,16.5,19.0,0.0,10000.0,36457.51551155031,25000.0,0.0,25.220430468601855,17.0,20.0,0.0,121.0,9.982517901171283,9.0,11.0,1.0,19118.570461604435,10000.0,19000.0,0.0,16.5,18.285512880814508,19.0,1.0,25663.252173022764,10000.0,25000.0,0.0,19.58783991841773,17.0,20.0,1.0,0.0,111.0,1.0,11.0
11.0,21.0,11.0,21.0,-121.0,11.0,11.0,-111.0,9.996898930461272,9.0,11.0,30000.0,10000.0,19000.0,0.0,26.79732722175934,16.5,19.0,0.0,10000.0,36490.476901654096,25000.0,0.0,28.094784582977656,17.0,20.0,0.0,121.0,9.984584035869739,9.0,11.0,1.0,15482.156546451708,10000.0,19000.0,1.0,16.5,17.556444519897063,19.0,1.0,21969.86083595801,10000.0,25000.0,1.0,18.85334763123583,17.0,20.0,1.0,0.0,111.0,1.0,18.0
11.0,22.0,11.0,21.0,-121.0,21.0,13.0,-111.0,9.99825773994588,9.0,11.0,30000.0,10000.0,19000.0,0.0,26.62543462448253,16.5,19.0,0.0,10000.0,36521.963002834964,25000.0,0.0,27.930142375332764,17.0,20.0,0.0,121.0,9.99521582534496,9.0,11.0,1.0,11245.868262693639,10000.0,19000.0,1.0,16.5,16.678359643919563,19.0,1.0,17802.532533702517,10000.0,25000.0,1.0,17.99000932521791,17.0,20.0,1.0,0.0,211.0,1.0,2.0
91.0,24.0,91.0,21.0,-721.0,911.0,11.0,-711.0,15.255379588185347,12.0,17.0,30000.0,18000.0,36000.0,1.0,24.692089828936034,20.0,25.0,1.0,18000.0,34439.11807407251,36000.0,1.0,25.24729146874966,20.0,26.0,1.0,721.0,14.371930246751857,12.0,17.0,1.0,20658.151949322477,18000.0,36000.0,1.0,20.0,21.952699701194973,25.0,1.0,25169.70487090118,18000.0,36000.0,1.0,22.516960786025386,20.0,26.0,1.0,1.0,91121.0,7.0,15.0
81.0,21.0,81.0,23.0,-721.0,912.0,12.0,-711.0,15.201999009950345,12.0,17.0,30000.0,12500.0,23000.0,0.0,28.053399747044217,20.0,24.0,0.0,12500.0,34472.32623815766,26000.0,0.0,28.613251013872926,20.0,25.0,0.0,721.0,15.264385730185397,12.0,17.0,1.0,16743.22014130282,12500.0,23000.0,1.0,20.0,21.864382421173232,24.0,1.0,21269.228806301442,12500.0,26000.0,1.0,22.43095371983167,20.0,25.0,1.0,0.0,912.0,7.0,7.0
92.0,24.0,92.0,24.0,-721.0,921.0,13.0,-711.0,15.008243285624719,12.0,17.0,30000.0,15000.0,28000.0,0.0,24.27670616540616,19.5,25.0,1.0,15000.0,34048.844002580954,28000.0,0.0,24.76945831084128,20.0,26.0,1.0,722.0,15.491695132952861,12.0,17.0,1.0,22517.085485764765,15000.0,28000.0,1.0,19.5,22.273448505089227,25.0,1.0,26589.08129401737,15000.0,28000.0,1.0,22.769018270049358,20.0,26.0,1.0,0.0,92122.0,7.0,20.0
91.0,24.0,91.0,21.0,-721.0,911.0,11.0,-711.0,15.186174658380992,12.0,17.0,30000.0,18000.0,36000.0,1.0,24.7626475960669,20.0,25.0,1.0,18000.0,34487.04029396014,36000.0,1.0,25.320921094946748,20.0,26.0,1.0,721.0,15.243898637913881,12.0,17.0,1.0,21826.949695252297,18000.0,36000.0,1.0,20.0,22.8980210211113,25.0,1.0,26303.71110011131,18000.0,36000.0,1.0,23.455015629897204,20.0,26.0,1.0,1.0,91121.0,7.0,21.0
11.0,22.0,11.0,22.0,-121.0,21.0,13.0,-111.0,9.995356031856785,9.0,11.0,30000.0,10000.0,19000.0,0.0,25.480963050131642,16.5,19.0,0.0,10000.0,36459.102830344804,25000.0,0.0,26.770242563808843,17.0,20.0,0.0,121.0,10.010383162446992,9.0,11.0,1.0,15012.401559262722,10000.0,19000.0,1.0,16.5,17.538523280048885,19.0,1.0,21508.10310099365,10000.0,25000.0,1.0,18.83510813783602,17.0,20.0,1.0,0.0,211.0,1.0,5.0
81.0,23.0,81.0,23.0,-721.0,912.0,11.0,-711.0,14.182674337952072,12.0,17.0,30000.0,12500.0,23000.0,0.0,25.35263111289428,20.0,24.0,0.0,12500.0,34440.20098154607,26000.0,0.0,25.908912889398398,20.0,25.0,0.0,721.0,14.922175171201129,12.0,17.0,1.0,18345.80947587101,12500.0,23000.0,1.0,20.0,21.767315927402038,24.0,1.0,22800.12735457729,12500.0,26000.0,1.0,22.325366311377675,20.0,25.0,1.0,0.0,912.0,7.0,17.0
91.0,24.0,91.0,24.0,-721.0,911.0,11.0,-711.0,14.963874489621539,12.0,17.0,30000.0,18000.0,36000.0,1.0,24.2317375638023,20.0,25.0,1.0,18000.0,34503.39700684598,36000.0,1.0,24.794722084687955,20.0,26.0,1.0,721.0,15.052243647960331,12.0,17.0,1.0,22799.77665743453,18000.0,36000.0,1.0,20.0,22.95211934586537,25.0,1.0,27370.298311883394,18000.0,36000.0,1.0,23.523495340456957,20.0,26.0,1.0,1.0,91121.0,7.0,28.0
91.0,24.0,91.0,24.0,-721.0,911.0,11.0,-711.0,15.174882701393145,12.0,17.0,30000.0,18000.0,36000.0,1.0,24.28189487729174,20.0,25.0,1.0,18000.0,34542.7516802707,36000.0,1.0,24.852028335419995,20.0,26.0,1.0,721.0,14.586971238397497,12.0,17.0,1.0,24253.301523548827,18000.0,36000.0,1.0,20.0,22.645034105608747,25.0,1.0,28783.82370162262,18000.0,36000.0,1.0,23.213632712424527,20.0,26.0,1.0,1.0,91121.0,7.0,9.0
11.0,21.0,11.0,22.0,-121.0,21.0,13.0,-111.0,10.170372240755492,9.0,11.0,30000.0,10000.0,19000.0,0.0,28.350234041736314,16.5,19.0,0.0,10000.0,36917.0476457333,25000.0,0.0,29.65899274334202,17.0,20.0,0.0,122.0,10.208213516549225,9.0,11.0,1.0,13522.237420465213,10000.0,19000.0,1.0,16.5,17.27504797623022,19.0,1.0,20351.09321109065,10000.0,25000.0,1.0,18.567120099443713,17.0,20.0,1.0,0.0,211.0,1.0,32.0
81.0,23.0,81.0,23.0,-721.0,912.0,12.0,-711.0,15.282283173076822,12.0,17.0,30000.0,12500.0,23000.0,0.0,27.25101351034685,20.0,24.0,0.0,12500.0,34062.302501902646,26000.0,0.0,27.747488257551044,20.0,25.0,0.0,722.0,15.05333454483805,12.0,17.0,1.0,17000.64986827997,12500.0,23000.0,1.0,20.0,21.682381946602852,24.0,1.0,20978.301453741227,12500.0,26000.0,1.0,22.168511072740873,20.0,25.0,1.0,0.0,912.0,7.0,31.0
91.0,24.0,91.0,21.0,-721.0,911.0,12.0,-711.0,15.662549638677705,12.0,17.0,30000.0,18000.0,36000.0,1.0,26.2017593699143,20.0,25.0,0.0,18000.0,34440.558241359715,36000.0,1.0,26.758030678429115,20.0,26.0,0.0,721.0,14.857800972325402,12.0,17.0,1.0,26549.587664408515,18000.0,36000.0,1.0,20.0,23.183715977346246,25.0,1.0,31039.30571892181,18000.0,36000.0,1.0,23.746145564190705,20.0,26.0,1.0,0.0,91121.0,7.0,14.0
11.0,22.0,11.0,21.0,-121.0,21.0,13.0,-111.0,10.201073154515406,9.0,11.0,30000.0,10000.0,19000.0,0.0,28.172878502836138,16.5,19.0,0.0,10000.0,37016.77927563537,25000.0,0.0,29.49367369114895,17.0,20.0,0.0,122.0,10.182402074363754,9.0,11.0,1.0,12835.239955757233,10000.0,19000.0,1.0,16.5,17.076354748511182,19.0,1.0,19977.0651302926,10000.0,25000.0,1.0,18.42068780442642,17.0,20.0,1.0,0.0,211.0,1.0,33.0
11.0,21.0,11.0,22.0,-121.0,11.0,11.0,-111.0,10.202659742845285,9.0,11.0,30000.0,10000.0,19000.0,0.0,25.117912685038903,16.5,19.0,0.0,10000.0,36862.355422119756,25000.0,0.0,26.40693376385758,17.0,20.0,0.0,122.0,10.228556320305938,9.0,11.0,1.0,15918.263155547984,10000.0,19000.0,1.0,16.5,17.76097140657435,19.0,1.0,22907.099971515243,10000.0,25000.0,1.0,19.073750681044373,17.0,20.0,1.0,0.0,111.0,1.0,43.0
11.0,22.0,11.0,21.0,-121.0,21.0,13.0,-111.0,10.18560574739204,9.0,11.0,30000.0,10000.0,19000.0,0.0,25.330787161242554,16.5,19.0,0.0,10000.0,36855.34713787607,25000.0,0.0,26.624379859597727,17.0,20.0,0.0,122.0,10.218969275375956,9.0,11.0,1.0,11878.962312259757,10000.0,19000.0,1.0,16.5,16.937284168989198,19.0,1.0,18967.357963411123,10000.0,25000.0,1.0,18.274852737431214,17.0,20.0,1.0,0.0,211.0,1.0,20.0
11.0,21.0,11.0,22.0,-121.0,21.0,13.0,-111.0,10.17722657144789,9.0,11.0,30000.0,10000.0,19000.0,0.0,27.065531912670913,16.5,19.0,0.0,10000.0,36867.57950409203,25000.0,0.0,28.360776111910642,17.0,20.0,0.0,122.0,10.220200525090517,9.0,11.0,1.0,14058.469505228175,10000.0,19000.0,1.0,16.5,17.392993486225024,19.0,1.0,21204.5556692214,10000.0,25000.0,1.0,18.74076480007212,17.0,20.0,1.0,0.0,211.0,1.0,9.0
11.0,22.0,11.0,22.0,-121.0,21.0,13.0,-111.0,10.198886506447094,9.0,11.0,30000.0,10000.0,19000.0,0.0,27.59100313863683,16.5,19.0,0.0,10000.0,36914.41379633789,25000.0,0.0,28.895106150027335,17.0,20.0,0.0,122.0,10.211882790768327,9.0,11.0,1.0,15268.71271615655,10000.0,19000.0,1.0,16.5,17.612933255444084,19.0,1.0,22219.99627434658,10000.0,25000.0,1.0,18.923990141577534,17.0,20.0,1.0,0.0,211.0,1.0,41.0
11.0,22.0,11.0,22.0,-121.0,11.0,12.0,-111.0,10.005988561476375,9.0,11.0,30000.0,10000.0,19000.0,0.0,25.15601075112133,16.5,19.0,0.0,10000.0,36427.51877329054,25000.0,0.0,26.437594189129342,17.0,20.0,0.0,121.0,10.007652480872489,9.0,11.0,1.0,16908.57352686776,10000.0,19000.0,1.0,16.5,17.8874990786772,19.0,1.0,23281.12157517562,10000.0,25000.0,1.0,19.158121899812986,17.0,20.0,1.0,0.0,111.0,1.0,42.0
11.0,22.0,11.0,22.0,-121.0,21.0,12.0,-111.0,10.002776002114556,9.0,11.0,30000.0,10000.0,19000.0,0.0,24.482911094732156,16.5,19.0,0.0,10000.0,36479.953152985225,25000.0,0.0,25.77613252918779,17.0,20.0,0.0,121.0,10.005761859210569,9.0,11.0,1.0,15372.105318153705,10000.0,19000.0,1.0,16.5,17.583584908709028,19.0,1.0,21868.110873900834,10000.0,25000.0,1.0,18.88000996375205,17.0,20.0,1.0,0.0,211.0,1.0,23.0
11.0,22.0,11.0,22.0,-121.0,21.0,13.0,-111.0,10.236333432342438,9.0,11.0,30000.0,10000.0,19000.0,0.0,25.241127466441142,16.5,19.0,0.0,10000.0,36958.421143357824,25000.0,0.0,26.554406619986935,17.0,20.0,0.0,122.0,10.211261026582498,9.0,11.0,1.0,14295.075929682196,10000.0,19000.0,1.0,16.5,17.425776371643487,19.0,1.0,21548.350832492964,10000.0,25000.0,1.0,18.79470396722182,17.0,20.0,1.0,0.0,211.0,1.0,41.0
11.0,22.0,11.0,21.0,-121.0,21.0,13.0,-111.0,10.195821804153915,9.0,11.0,30000.0,10000.0,19000.0,0.0,25.119803245391335,16.5,19.0,0.0,10000.0,37009.27681778101,25000.0,0.0,26.43922437027364,17.0,20.0,0.0,122.0,10.209921111855023,9.0,11.0,1.0,12928.862889201904,10000.0,19000.0,1.0,16.5,17.096673321279127,19.0,1.0,19988.562572695224,10000.0,25000.0,1.0,18.425586009403613,17.0,20.0,1.0,0.0,211.0,1.0,20.0
91.0,24.0,91.0,24.0,-721.0,911.0,12.0,-711.0,14.488620649534257,12.0,17.0,30000.0,18000.0,36000.0,1.0,24.4903298820754,20.0,25.0,1.0,18000.0,34505.619969861626,36000.0,1.0,25.05340181587321,20.0,26.0,1.0,721.0,14.484713318333457,12.0,17.0,1.0,27678.880774407695,18000.0,36000.0,1.0,20.0,22.931058943094282,25.0,1.0,32181.64856711396,18000.0,36000.0,1.0,23.493774437397164,20.0,26.0,1.0,1.0,91121.0,7.0,1.0
81.0,23.0,81.0,21.0,-721.0,912.0,12.0,-711.0,15.18725953699942,12.0,17.0,30000.0,12500.0,23000.0,0.0,26.28522776597118,20.0,24.0,0.0,12500.0,34462.08492747056,26000.0,0.0,26.841874274030243,20.0,25.0,0.0,721.0,15.22531140555993,12.0,17.0,1.0,15719.78537620437,12500.0,23000.0,1.0,20.0,21.5811190588309,24.0,1.0,20243.261883042025,12500.0,26000.0,1.0,22.14542418586168,20.0,25.0,1.0,0.0,912.0,7.0,30.0
11.0,21.0,11.0,22.0,-121.0,21.0,12.0,-111.0,10.188947870975941,9.0,11.0,30000.0,10000.0,19000.0,0.0,25.75083686216603,16.5,19.0,0.0,10000.0,36926.18686854487,25000.0,0.0,27.053291498440277,17.0,20.0,0.0,122.0,10.21385885549051,9.0,11.0,1.0,15604.554420731085,10000.0,19000.0,1.0,16.5,17.63027796190476,19.0,1.0,22660.0745718904,10000.0,25000.0,1.0,18.95705344553165,17.0,20.0,1.0,0.0,211.0,1.0,37.0
11.0,22.0,11.0,22.0,-121.0,21.0,13.0,-111.0,10.218922546806573,9.0,11.0,30000.0,10000.0,19000.0,0.0,24.882938644796138,16.5,19.0,0.0,10000.0,36994.88777203498,25000.0,0.0,26.201986962792784,17.0,20.0,0.0,122.0,10.210856262372145,9.0,11.0,1.0,15816.743542584905,10000.0,19000.0,1.0,16.5,17.74319505877551,19.0,1.0,22728.57438052139,10000.0,25000.0,1.0,19.046581065554157,17.0,20.0,1.0,0.0,211.0,1.0,4.0
11.0,22.0,11.0,22.0,-121.0,11.0,12.0,-111.0,10.209834331802865,9.0,11.0,30000.0,10000.0,19000.0,0.0,24.996427877964543,16.5,19.0,0.0,10000.0,36914.85925006627,25000.0,0.0,26.299094583863436,17.0,20.0,0.0,122.0,10.18750990573551,9.0,11.0,1.0,16214.22008667133,10000.0,19000.0,1.0,16.5,17.78208437506859,19.0,1.0,23294.936612554393,10000.0,25000.0,1.0,19.115996366420767,17.0,20.0,1.0,0.0,111.0,1.0,42.0
11.0,22.0,11.0,22.0,-121.0,21.0,13.0,-111.0,9.99747598324522,9.0,11.0,30000.0,10000.0,19000.0,0.0,26.164528430174833,16.5,19.0,0.0,10000.0,36554.15089479934,25000.0,0.0,27.478784936318647,17.0,20.0,0.0,121.0,10.004307006447759,9.0,11.0,1.0,15871.157262216126,10000.0,19000.0,1.0,16.5,17.698591159720326,19.0,1.0,22362.363817258298,10000.0,25000.0,1.0,19.00022589236844,17.0,20.0,1.0,0.0,211.0,1.0,13.0
11.0,22.0,11.0,22.0,-121.0,11.0,11.0,-111.0,10.195220555405275,9.0,11.0,30000.0,10000.0,19000.0,0.0,23.908275978862463,16.5,19.0,0.0,10000.0,37163.69167486443,25000.0,0.0,25.256878022209705,17.0,20.0,0.0,122.0,10.216653579310664,9.0,11.0,1.0,14327.59906000115,10000.0,19000.0,1.0,16.5,17.414764675455597,19.0,1.0,21402.913843024657,10000.0,25000.0,1.0,18.746729311397445,17.0,20.0,1.0,0.0,111.0,1.0,27.0
11.0,22.0,11.0,21.0,-121.0,21.0,13.0,-111.0,10.202870348649894,9.0,11.0,30000.0,10000.0,19000.0,0.0,27.20628743010454,16.5,19.0,0.0,10000.0,36976.78247089819,25000.0,0.0,28.516046648229576,17.0,20.0,0.0,122.0,10.20619509714012,9.0,11.0,1.0,13396.737926855876,10000.0,19000.0,1.0,16.5,17.201087666607975,19.0,1.0,20335.57500350042,10000.0,25000.0,1.0,18.503723353203057,17.0,20.0,1.0,0.0,211.0,1.0,20.0
91.0,24.0,91.0,24.0,-721.0,911.0,11.0,-711.0,15.27288980853611,12.0,17.0,30000.0,18000.0,36000.0,1.0,24.458064790700902,20.0,25.0,1.0,18000.0,34115.69346626931,36000.0,1.0,24.959802359196487,20.0,26.0,1.0,722.0,15.108157679561062,12.0,17.0,1.0,27651.892853612775,18000.0,36000.0,1.0,20.0,23.554066323867133,25.0,1.0,31658.16398961082,18000.0,36000.0,1.0,24.042464392135265,20.0,26.0,1.0,1.0,91121.0,7.0,16.0
11.0,22.0,11.0,22.0,-121.0,21.0,12.0,-111.0,10.208590667749878,9.0,11.0,30000.0,10000.0,19000.0,0.0,24.156596595969106,16.5,19.0,0.0,10000.0,37053.88997306148,25000.0,0.0,25.48793329841555,17.0,20.0,0.0,122.0,10.211957099604785,9.0,11.0,1.0,15246.065415000474,10000.0,19000.0,1.0,16.5,17.645687004210583,19.0,1.0,22176.3433554617,10000.0,25000.0,1.0,18.953693425564865,17.0,20.0,1.0,0.0,211.0,1.0,48.0
11.0,22.0,11.0,21.0,-121.0,11.0,12.0,-111.0,9.996611962070649,9.0,11.0,30000.0,10000.0,19000.0,0.0,23.316242839232807,16.5,19.0,0.0,10000.0,36495.69971208344,25000.0,0.0,24.6211530780933,17.0,20.0,0.0,121.0,10.015226272223492,9.0,11.0,1.0,14968.118152573672,10000.0,19000.0,1.0,16.5,17.50404777835091,19.0,1.0,21521.20307348336,10000.0,25000.0,1.0,18.820486035727594,17.0,20.0,1.0,0.0,111.0,1.0,45.0
11.0,22.0,11.0,21.0,-121.0,11.0,11.0,-111.0,10.003324674049443,9.0,11.0,30000.0,10000.0,19000.0,0.0,23.371691908281775,16.5,19.0,0.0,10000.0,36491.37636070596,25000.0,0.0,24.668343167392166,17.0,20.0,0.0,121.0,9.995993512240751,9.0,11.0,1.0,16826.691588923957,10000.0,19000.0,1.0,16.5,17.826705180936536,19.0,1.0,23341.49024004192,10000.0,25000.0,1.0,19.128035038338933,17.0,20.0,1.0,0.0,111.0,1.0,39.0
11.0,21.0,11.0,22.0,-121.0,21.0,13.0,-111.0,10.208899271382188,9.0,11.0,30000.0,10000.0,19000.0,0.0,27.9773352892595,16.5,19.0,0.0,10000.0,36897.02727596458,25000.0,0.0,29.2801438986646,17.0,20.0,0.0,122.0,10.21154107672425,9.0,11.0,1.0,11509.498233152419,10000.0,19000.0,1.0,16.5,16.869018533681068,19.0,1.0,18566.134243791003,10000.0,25000.0,1.0,18.20197631103193,17.0,20.0,1.0,0.0,211.0,1.0,24.0
11.0,22.0,11.0,22.0,-121.0,21.0,13.0,-111.0,9.99164920227201,9.0,11.0,30000.0,10000.0,19000.0,0.0,26.40877673883461,16.5,19.0,0.0,10000.0,36440.13468595705,25000.0,0.0,27.69558072665244,17.0,20.0,0.0,121.0,10.002605369429954,9.0,11.0,1.0,14652.499128488578,10000.0,19000.0,1.0,16.5,17.479709983194365,19.0,1.0,21180.309150768317,10000.0,25000.0,1.0,18.78403238916878,17.0,20.0,1.0,0.0,211.0,1.0,8.0
11.0,22.0,11.0,21.0,-121.0,11.0,12.0,-111.0,10.181596733714027,9.0,11.0,30000.0,10000.0,19000.0,0.0,23.917007935625364,16.5,19.0,0.0,10000.0,36859.555216713285,25000.0,0.0,25.212731158201123,17.0,20.0,0.0,122.0,10.220394914092422,9.0,11.0,1.0,13696.39303043369,10000.0,19000.0,1.0,16.5,17.288410754917667,19.0,1.0,20826.14312107019,10000.0,25000.0,1.0,18.635171947405855,17.0,20.0,1.0,0.0,111.0,1.0,45.0
11.0,22.0,11.0,22.0,-121.0,21.0,13.0,-111.0,10.202833982028679,9.0,11.0,30000.0,10000.0,19000.0,0.0,25.269535209808787,16.5,19.0,0.0,10000.0,37095.83179265712,25000.0,0.0,26.61061270048809,17.0,20.0,0.0,122.0,10.198232675147132,9.0,11.0,1.0,14826.628190349978,10000.0,19000.0,1.0,16.5,17.520035992305846,19.0,1.0,21942.46711519377,10000.0,25000.0,1.0,18.86489473307853,17.0,20.0,1.0,0.0,211.0,1.0,47.0
11.0,22.0,11.0,22.0,-121.0,11.0,11.0,-111.0,9.981077042634562,9.0,11.0,30000.0,10000.0,19000.0,0.0,24.789157652184954,16.5,19.0,0.0,10000.0,36519.19585915892,25000.0,0.0,26.089288795782675,17.0,20.0,0.0,121.0,9.998099481381063,9.0,11.0,1.0,15291.621001896256,10000.0,19000.0,1.0,16.5,17.541672340032346,19.0,1.0,21880.69255531463,10000.0,25000.0,1.0,18.855738878155698,17.0,20.0,1.0,0.0,111.0,1.0,30.0
11.0,22.0,11.0,21.0,-121.0,11.0,11.0,-111.0,10.198024901405766,9.0,11.0,30000.0,10000.0,19000.0,0.0,24.414382079433846,16.5,19.0,0.0,10000.0,37112.085881814564,25000.0,0.0,25.759814247132432,17.0,20.0,0.0,122.0,10.229807937268168,9.0,11.0,1.0,13732.758538543396,10000.0,19000.0,1.0,16.5,17.299534987612915,19.0,1.0,20746.621684332822,10000.0,25000.0,1.0,18.626385823358596,17.0,20.0,1.0,0.0,111.0,1.0,39.0
11.0,22.0,11.0,21.0,-121.0,11.0,11.0,-111.0,10.218615152029932,9.0,11.0,30000.0,10000.0,19000.0,0.0,26.65944435403204,16.5,19.0,0.0,10000.0,37098.875450180676,25000.0,0.0,27.99938117412228,17.0,20.0,0.0,122.0,10.209179853280826,9.0,11.0,1.0,14988.318552832836,10000.0,19000.0,1.0,16.5,17.510914288641473,19.0,1.0,21841.57132103894,10000.0,25000.0,1.0,18.80448899437476,17.0,20.0,1.0,0.0,111.0,1.0,0.0
92.0,24.0,92.0,24.0,-721.0,921.0,13.0,-711.0,16.219250466573598,12.0,17.0,30000.0,15000.0,28000.0,0.0,25.662880499225725,19.5,25.0,0.0,15000.0,34529.168544423905,28000.0,0.0,26.22708924598585,20.0,26.0,0.0,721.0,15.406108547700159,12.0,17.0,1.0,21165.396500406416,15000.0,28000.0,1.0,19.5,22.1067526427703,25.0,1.0,25643.109173513592,15000.0,28000.0,1.0,22.66455141551769,20.0,26.0,1.0,0.0,92122.0,7.0,20.0
11.0,21.0,11.0,22.0,-121.0,21.0,13.0,-111.0,10.003283774098348,9.0,11.0,30000.0,10000.0,19000.0,0.0,28.071008711968112,16.5,19.0,0.0,10000.0,36568.699848661716,25000.0,0.0,29.385414222937637,17.0,20.0,0.0,121.0,10.004791317314714,9.0,11.0,1.0,16151.033892410038,10000.0,19000.0,1.0,16.5,17.781933859159835,19.0,1.0,22689.255892934805,10000.0,25000.0,1.0,19.090240712483762,17.0,20.0,1.0,0.0,211.0,1.0,52.0
11.0,22.0,11.0,22.0,-121.0,11.0,12.0,-111.0,9.993233100063907,9.0,11.0,30000.0,10000.0,19000.0,0.0,25.26428127805571,16.5,19.0,0.0,10000.0,36521.44693207217,25000.0,0.0,26.570133223983778,17.0,20.0,0.0,121.0,10.009052276397925,9.0,11.0,1.0,17726.617451714563,10000.0,19000.0,1.0,16.5,18.102201449502218,19.0,1.0,24180.861641209984,10000.0,25000.0,1.0,19.394596744923177,17.0,20.0,1.0,0.0,111.0,1.0,14.0
11.0,22.0,11.0,22.0,-121.0,21.0,13.0,-111.0,9.998393212232152,9.0,11.0,30000.0,10000.0,19000.0,0.0,25.575074355894117,16.5,19.0,0.0,10000.0,36453.11068171673,25000.0,0.0,26.863449168018292,17.0,20.0,0.0,121.0,9.986034284249332,9.0,11.0,1.0,17517.811623274265,10000.0,19000.0,1.0,16.5,18.004431071374697,19.0,1.0,24085.484075184806,10000.0,25000.0,1.0,19.315678340896547,17.0,20.0,1.0,0.0,211.0,1.0,22.0
11.0,22.0,11.0,22.0,-121.0,11.0,11.0,-111.0,10.000598350142372,9.0,11.0,30000.0,10000.0,19000.0,0.0,24.927786693063528,16.5,19.0,0.0,10000.0,36456.89778076233,25000.0,0.0,26.22512970236007,17.0,20.0,0.0,121.0,9.990564840368313,9.0,11.0,1.0,15247.216989300405,10000.0,19000.0,1.0,16.5,17.563685344025547,19.0,1.0,21765.238901959376,10000.0,25000.0,1.0,18.873309632646613,17.0,20.0,1.0,0.0,111.0,1.0,15.0
11.0,22.0,11.0,21.0,-121.0,21.0,13.0,-111.0,9.997975629361667,9.0,11.0,30000.0,10000.0,19000.0,0.0,27.97073733826734,16.5,19.0,0.0,10000.0,36538.46166550794,25000.0,0.0,29.279299398107117,17.0,20.0,0.0,121.0,10.000033106171982,9.0,11.0,1.0,9988.356376918004,10000.0,19000.0,0.0,16.5,16.49352308929049,19.0,0.0,16407.733992092064,10000.0,25000.0,1.0,17.77825249885704,17.0,20.0,1.0,0.0,211.0,1.0,2.0
91.0,24.0,91.0,24.0,-721.0,911.0,11.0,-711.0,14.509289970230235,12.0,17.0,30000.0,18000.0,36000.0,1.0,24.139906398854897,20.0,25.0,1.0,18000.0,34546.39816632429,36000.0,1.0,24.708765412226217,20.0,26.0,1.0,721.0,14.512376769141628,12.0,17.0,1.0,27363.181703258433,18000.0,36000.0,1.0,20.0,22.88914484958598,25.0,1.0,31833.557105815493,18000.0,36000.0,1.0,23.44849166609106,20.0,26.0,1.0,1.0,91121.0,7.0,16.0
92.0,24.0,92.0,24.0,-721.0,921.0,13.0,-711.0,15.237267268854424,12.0,17.0,30000.0,15000.0,28000.0,0.0,24.303246706458083,19.5,25.0,1.0,15000.0,33989.4211795519,28000.0,0.0,24.79119527188047,20.0,26.0,1.0,722.0,15.04402896301037,12.0,17.0,1.0,21192.57336114463,15000.0,28000.0,1.0,19.5,21.70290135275983,25.0,1.0,25176.845343756744,15000.0,28000.0,1.0,22.190220116728128,20.0,26.0,1.0,0.0,92122.0,7.0,22.0
11.0,22.0,11.0,22.0,-121.0,21.0,13.0,-111.0,10.00459039979075,9.0,11.0,30000.0,10000.0,19000.0,0.0,25.14653536695754,16.5,19.0,0.0,10000.0,36442.59765379053,25000.0,0.0,26.439844082561564,17.0,20.0,0.0,121.0,10.004175106715333,9.0,11.0,1.0,13885.976891264436,10000.0,19000.0,1.0,16.5,17.325254567383855,19.0,1.0,20382.58257905223,10000.0,25000.0,1.0,18.629405037329033,17.0,20.0,1.0,0.0,211.0,1.0,41.0
91.0,24.0,91.0,24.0,-721.0,911.0,12.0,-711.0,14.86679818442678,12.0,17.0,30000.0,18000.0,36000.0,1.0,24.32459720940737,20.0,25.0,1.0,18000.0,33968.37950890106,36000.0,1.0,24.810080998362796,20.0,26.0,1.0,722.0,15.197958942212816,12.0,17.0,1.0,29938.414939080212,18000.0,36000.0,1.0,20.0,23.802907199692324,25.0,1.0,33892.786893222576,18000.0,36000.0,1.0,24.286677331790337,20.0,26.0,1.0,1.0,91121.0,7.0,23.0
11.0,22.0,11.0,22.0,-121.0,11.0,11.0,-111.0,10.224418848925563,9.0,11.0,30000.0,10000.0,19000.0,0.0,26.045902775963377,16.5,19.0,0.0,10000.0,37139.54628305484,25000.0,0.0,27.397400464887205,17.0,20.0,0.0,122.0,10.218934523334065,9.0,11.0,1.0,16934.01040806116,10000.0,19000.0,1.0,16.5,17.975754988223546,19.0,1.0,23872.213389587978,10000.0,25000.0,1.0,19.28913890970234,17.0,20.0,1.0,0.0,111.0,1.0,57.0
11.0,22.0,11.0,21.0,-121.0,11.0,11.0,-111.0,10.198163171745277,9.0,11.0,30000.0,10000.0,19000.0,0.0,23.813228118097744,16.5,19.0,0.0,10000.0,37039.469580651465,25000.0,0.0,25.140839834386345,17.0,20.0,0.0,122.0,10.192488889717124,9.0,11.0,1.0,10973.104404136464,10000.0,19000.0,1.0,16.5,16.77194819576917,19.0,1.0,17952.270683209317,10000.0,25000.0,1.0,18.08818698561929,17.0,20.0,1.0,0.0,111.0,1.0,26.0
11.0,22.0,11.0,22.0,-121.0,11.0,11.0,-111.0,10.000843632040684,9.0,11.0,30000.0,10000.0,19000.0,0.0,26.45574580881267,16.5,19.0,0.0,10000.0,36490.67707553554,25000.0,0.0,27.753794763619116,17.0,20.0,0.0,121.0,10.009860621613878,9.0,11.0,1.0,15235.645024213909,10000.0,19000.0,1.0,16.5,17.619044126662356,19.0,1.0,21688.2474139839,10000.0,25000.0,1.0,18.9094786514968,17.0,20.0,1.0,0.0,111.0,1.0,38.0
11.0,22.0,11.0,22.0,-121.0,21.0,13.0,-111.0,10.014599194733592,9.0,11.0,30000.0,10000.0,19000.0,0.0,26.241953501890425,16.5,19.0,0.0,10000.0,36515.29144057893,25000.0,0.0,27.535336578008092,17.0,20.0,0.0,121.0,9.995881232775965,9.0,11.0,1.0,13998.805100384072,10000.0,19000.0,1.0,16.5,17.36197650780761,19.0,1.0,20419.84955979731,10000.0,25000.0,1.0,18.636650144520054,17.0,20.0,1.0,0.0,211.0,1.0,47.0
92.0,24.0,92.0,24.0,-721.0,921.0,13.0,-711.0,15.445372317002525,12.0,17.0,30000.0,15000.0,28000.0,0.0,24.902360350371232,19.5,25.0,1.0,15000.0,34007.69409168177,28000.0,0.0,25.391419499051647,20.0,26.0,1.0,722.0,15.001984520606516,12.0,17.0,1.0,21370.590999029195,15000.0,28000.0,1.0,19.5,21.629242193188194,25.0,1.0,25290.067664665006,15000.0,28000.0,1.0,22.10753616411456,20.0,26.0,1.0,0.0,92122.0,7.0,25.0
11.0,21.0,11.0,22.0,-121.0,21.0,13.0,-111.0,9.984666522703233,9.0,11.0,30000.0,10000.0,19000.0,0.0,25.179434709392186,16.5,19.0,0.0,10000.0,36520.110612835924,25000.0,0.0,26.48159292729231,17.0,20.0,0.0,121.0,9.988142677106008,9.0,11.0,1.0,14738.03784104071,10000.0,19000.0,1.0,16.5,17.476250677782616,19.0,1.0,21228.041492391014,10000.0,25000.0,1.0,18.772396110065678,17.0,20.0,1.0,0.0,211.0,1.0,24.0
11.0,22.0,11.0,22.0,-121.0,11.0,12.0,-111.0,10.002682905230923,9.0,11.0,30000.0,10000.0,19000.0,0.0,23.966855988838887,16.5,19.0,0.0,10000.0,36506.34705838543,25000.0,0.0,25.276980780135958,17.0,20.0,0.0,121.0,10.001199242829287,9.0,11.0,1.0,13275.197651902437,10000.0,19000.0,1.0,16.5,17.214843908738022,19.0,1.0,19809.99474568981,10000.0,25000.0,1.0,18.53069742866867,17.0,20.0,1.0,0.0,111.0,1.0,40.0
91.0,24.0,91.0,21.0,-721.0,911.0,11.0,-711.0,15.505927841596527,12.0,17.0,30000.0,18000.0,36000.0,1.0,23.772242511543265,20.0,25.0,1.0,18000.0,33993.228927351134,36000.0,1.0,24.25779321434011,20.0,26.0,1.0,722.0,15.20334511686156,12.0,17.0,1.0,22650.76832399208,18000.0,36000.0,1.0,20.0,22.93412621036896,25.0,1.0,26752.0943461814,18000.0,36000.0,1.0,23.43282081784141,20.0,26.0,1.0,1.0,91121.0,7.0,21.0
11.0,21.0,11.0,21.0,-121.0,21.0,13.0,-111.0,10.211330939222595,9.0,11.0,30000.0,10000.0,19000.0,0.0,27.6740134107474,16.5,19.0,0.0,10000.0,37046.682225029785,25000.0,0.0,29.00413522283384,17.0,20.0,0.0,122.0,10.20464315611684,9.0,11.0,1.0,12316.864274377675,10000.0,19000.0,1.0,16.5,17.009856669723188,19.0,1.0,19190.18708088514,10000.0,25000.0,1.0,18.307255402132768,17.0,20.0,1.0,0.0,211.0,1.0,34.0
11.0,21.0,11.0,22.0,-121.0,11.0,11.0,-111.0,9.990782664430249,9.0,11.0,30000.0,10000.0,19000.0,0.0,26.383570707507772,16.5,19.0,0.0,10000.0,36562.820273914884,25000.0,0.0,27.694826993133784,17.0,20.0,0.0,121.0,9.99801353393892,9.0,11.0,1.0,14027.971277904491,10000.0,19000.0,1.0,16.5,17.389031455206478,19.0,1.0,20497.158380610672,10000.0,25000.0,1.0,18.68157976481515,17.0,20.0,1.0,0.0,111.0,1.0,43.0
91.0,24.0,91.0,24.0,-721.0,911.0,11.0,-711.0,15.219752229697509,12.0,17.0,30000.0,18000.0,36000.0,1.0,24.86107828988063,20.0,25.0,1.0,18000.0,34001.324977651864,36000.0,1.0,25.351417406889148,20.0,26.0,1.0,722.0,15.042765044870656,12.0,17.0,1.0,25825.630716131927,18000.0,36000.0,1.0,20.0,23.239314403019797,25.0,1.0,29850.521743303474,18000.0,36000.0,1.0,23.732541402411623,20.0,26.0,1.0,1.0,91121.0,7.0,4.0
11.0,22.0,11.0,22.0,-121.0,11.0,11.0,-111.0,9.988875492671001,9.0,11.0,30000.0,10000.0,19000.0,0.0,25.0958865097951,16.5,19.0,0.0,10000.0,36505.059937427926,25000.0,0.0,26.39518208127114,17.0,20.0,0.0,121.0,9.996022466039449,9.0,11.0,1.0,16374.113584610806,10000.0,19000.0,1.0,16.5,17.782962297207987,19.0,1.0,22859.59846490654,10000.0,25000.0,1.0,19.078348022304763,17.0,20.0,1.0,0.0,111.0,1.0,11.0
91.0,24.0,91.0,21.0,-721.0,911.0,11.0,-711.0,15.400939727211345,12.0,17.0,30000.0,18000.0,36000.0,1.0,25.55986933564797,20.0,25.0,0.0,18000.0,34093.86732381341,36000.0,1.0,26.060440265990817,20.0,26.0,0.0,722.0,15.2009009912502,12.0,17.0,1.0,23523.263560645326,18000.0,36000.0,1.0,20.0,23.0226729823449,25.0,1.0,27472.840089347377,18000.0,36000.0,1.0,23.50560099174386,20.0,26.0,1.0,0.0,91121.0,7.0,15.0
11.0,21.0,11.0,22.0,-121.0,21.0,12.0,-111.0,10.015451720327604,9.0,11.0,30000.0,10000.0,19000.0,0.0,25.39949114851734,16.5,19.0,0.0,10000.0,36468.675946236086,25000.0,0.0,26.693977446918858,17.0,20.0,0.0,121.0,10.007807736314325,9.0,11.0,1.0,15359.672097325762,10000.0,19000.0,1.0,16.5,17.634777678582786,19.0,1.0,21771.02621965476,10000.0,25000.0,1.0,18.917792956289524,17.0,20.0,1.0,0.0,211.0,1.0,37.0
91.0,24.0,91.0,21.0,-721.0,911.0,11.0,-711.0,14.101467012485358,12.0,17.0,30000.0,18000.0,36000.0,1.0,23.920867146945017,20.0,25.0,1.0,18000.0,34508.08594228175,36000.0,1.0,24.482866889571305,20.0,26.0,1.0,721.0,15.373020813587171,12.0,17.0,1.0,23383.815275091012,18000.0,36000.0,1.0,20.0,23.20055541732385,25.0,1.0,27968.66081819194,18000.0,36000.0,1.0,23.77212438211156,20.0,26.0,1.0,1.0,91121.0,7.0,15.0
81.0,23.0,81.0,21.0,-721.0,912.0,11.0,-711.0,15.155222964923516,12.0,17.0,30000.0,12500.0,23000.0,0.0,25.31178560879659,20.0,24.0,0.0,12500.0,34032.340311139706,26000.0,0.0,25.800643414494928,20.0,25.0,0.0,722.0,14.99341049135229,12.0,17.0,1.0,14275.392577068815,12500.0,23000.0,1.0,20.0,21.32227075042873,24.0,1.0,18282.132555293647,12500.0,26000.0,1.0,21.808024918634132,20.0,25.0,1.0,0.0,912.0,7.0,12.0
91.0,24.0,91.0,24.0,-721.0,911.0,11.0,-711.0,14.65886818357815,12.0,17.0,30000.0,18000.0,36000.0,1.0,24.3804210829084,20.0,25.0,1.0,18000.0,34480.37686678401,36000.0,1.0,24.938010772017964,20.0,26.0,1.0,721.0,14.309793758760689,12.0,17.0,1.0,22770.980409282878,18000.0,36000.0,1.0,20.0,22.288221489782746,25.0,1.0,27277.684370429284,18000.0,36000.0,1.0,22.849087625672833,20.0,26.0,1.0,1.0,91121.0,7.0,0.0
91.0,24.0,91.0,24.0,-721.0,911.0,12.0,-711.0,15.894480066169987,12.0,17.0,30000.0,18000.0,36000.0,1.0,25.444681345972914,20.0,25.0,0.0,18000.0,34481.61235703955,36000.0,1.0,26.004474160701985,20.0,26.0,0.0,721.0,14.093006720529074,12.0,17.0,1.0,27892.99716045655,18000.0,36000.0,1.0,20.0,22.615053324518037,25.0,1.0,32283.589699120126,18000.0,36000.0,1.0,23.16347696309675,20.0,26.0,1.0,0.0,91121.0,7.0,1.0
11.0,22.0,11.0,22.0,-121.0,11.0,11.0,-111.0,9.994966296899195,9.0,11.0,30000.0,10000.0,19000.0,0.0,25.59630126977202,16.5,19.0,0.0,10000.0,36452.762534979964,25000.0,0.0,26.887204926733677,17.0,20.0,0.0,121.0,9.996717675997935,9.0,11.0,1.0,16466.869103729114,10000.0,19000.0,1.0,16.5,17.817717095415755,19.0,1.0,22993.389072439797,10000.0,25000.0,1.0,19.12337625289598,17.0,20.0,1.0,0.0,111.0,1.0,27.0
11.0,22.0,11.0,22.0,-121.0,11.0,12.0,-111.0,10.206528332454752,9.0,11.0,30000.0,10000.0,19000.0,0.0,23.756428368712793,16.5,19.0,0.0,10000.0,37004.19805014492,25000.0,0.0,25.077055409303306,17.0,20.0,0.0,122.0,10.22631956913865,9.0,11.0,1.0,16969.189668653828,10000.0,19000.0,1.0,16.5,17.937112550149827,19.0,1.0,23924.395413503073,10000.0,25000.0,1.0,19.248502193012417,17.0,20.0,1.0,0.0,111.0,1.0,14.0
11.0,22.0,11.0,22.0,-121.0,21.0,12.0,-111.0,10.221108259994455,9.0,11.0,30000.0,10000.0,19000.0,0.0,24.827963900578503,16.5,19.0,0.0,10000.0,37037.37286360532,25000.0,0.0,26.153843595478843,17.0,20.0,0.0,122.0,10.175342612345029,9.0,11.0,1.0,15454.063148421545,10000.0,19000.0,1.0,16.5,17.63222144438532,19.0,1.0,22508.785820530098,10000.0,25000.0,1.0,18.961369938488247,17.0,20.0,1.0,0.0,211.0,1.0,23.0
11.0,22.0,11.0,22.0,-121.0,21.0,12.0,-111.0,10.21306602168187,9.0,11.0,30000.0,10000.0,19000.0,0.0,24.545295147786884,16.5,19.0,0.0,10000.0,37060.98571158732,25000.0,0.0,25.876145987827687,17.0,20.0,0.0,122.0,10.208720793534244,9.0,11.0,1.0,13774.089834677807,10000.0,19000.0,1.0,16.5,17.352991796242293,19.0,1.0,20876.18593478029,10000.0,25000.0,1.0,18.691591100495398,17.0,20.0,1.0,0.0,211.0,1.0,23.0
91.0,21.0,91.0,24.0,-721.0,911.0,12.0,-711.0,15.032868822834994,12.0,17.0,30000.0,18000.0,36000.0,1.0,25.26427813393432,20.0,25.0,0.0,18000.0,34550.81476393082,36000.0,1.0,25.834890287854194,20.0,26.0,1.0,721.0,15.366901109853934,12.0,17.0,1.0,28737.53360291941,18000.0,36000.0,1.0,20.0,24.07212240187185,25.0,1.0,33270.02377648079,18000.0,36000.0,1.0,24.640436893829456,20.0,26.0,1.0,0.0,91121.0,7.0,19.0
11.0,22.0,11.0,21.0,-121.0,11.0,12.0,-111.0,9.999310137131483,9.0,11.0,30000.0,10000.0,19000.0,0.0,25.2099012363079,16.5,19.0,0.0,10000.0,36524.469665457436,25000.0,0.0,26.512027567530158,17.0,20.0,0.0,121.0,10.006599738887171,9.0,11.0,1.0,14049.024578273316,10000.0,19000.0,1.0,16.5,17.280913623554106,19.0,1.0,20605.53595854844,10000.0,25000.0,1.0,18.589434706028335,17.0,20.0,1.0,0.0,111.0,1.0,46.0
11.0,22.0,11.0,22.0,-121.0,21.0,13.0,-111.0,10.19387100907828,9.0,11.0,30000.0,10000.0,19000.0,0.0,25.10057055559353,16.5,19.0,0.0,10000.0,37073.33700094673,25000.0,0.0,26.436329499765733,17.0,20.0,0.0,122.0,10.226365999187152,9.0,11.0,1.0,12866.054577022302,10000.0,19000.0,1.0,16.5,17.1963882642252,19.0,1.0,19898.25706601038,10000.0,25000.0,1.0,18.524379192783897,17.0,20.0,1.0,0.0,211.0,1.0,3.0
81.0,23.0,81.0,21.0,-721.0,912.0,12.0,-711.0,14.443255102782585,12.0,17.0,30000.0,12500.0,23000.0,0.0,26.14441111282556,20.0,24.0,0.0,12500.0,34461.32003615521,26000.0,0.0,26.701260551587414,20.0,25.0,0.0,721.0,15.57148460729078,12.0,17.0,1.0,12004.401717708304,12500.0,23000.0,0.0,20.0,21.55085741820352,24.0,1.0,16465.061242686148,12500.0,26000.0,1.0,22.107624413815046,20.0,25.0,1.0,0.0,912.0,7.0,30.0
91.0,24.0,91.0,21.0,-721.0,911.0,11.0,-711.0,14.711473132379998,12.0,17.0,30000.0,18000.0,36000.0,1.0,23.52333802104343,20.0,25.0,1.0,18000.0,34494.80689817003,36000.0,1.0,24.085385987542974,20.0,26.0,1.0,721.0,14.996962523511476,12.0,17.0,1.0,25301.022913436875,18000.0,36000.0,1.0,20.0,23.128338199478236,25.0,1.0,29781.77482140382,18000.0,36000.0,1.0,23.688628675869353,20.0,26.0,1.0,1.0,91121.0,7.0,21.0
11.0,22.0,11.0,21.0,-121.0,11.0,11.0,-111.0,9.994324164163377,9.0,11.0,30000.0,10000.0,19000.0,0.0,25.672015320885375,16.5,19.0,0.0,10000.0,36405.721326577754,25000.0,0.0,26.95938119904945,17.0,20.0,0.0,121.0,9.992663995370219,9.0,11.0,1.0,14473.962694694143,10000.0,19000.0,1.0,16.5,17.39145302714983,19.0,1.0,20933.562856088814,10000.0,25000.0,1.0,18.689647002566705,17.0,20.0,1.0,0.0,111.0,1.0,1.0
11.0,22.0,11.0,22.0,-121.0,21.0,13.0,-111.0,10.193821268480974,9.0,11.0,30000.0,10000.0,19000.0,0.0,25.356601366185956,16.5,19.0,0.0,10000.0,37183.18684833491,25000.0,0.0,26.710874636810626,17.0,20.0,0.0,122.0,10.213917390530469,9.0,11.0,1.0,15252.100466108492,10000.0,19000.0,1.0,16.5,17.601079057554525,19.0,1.0,22139.341210538587,10000.0,25000.0,1.0,18.899556494585266,17.0,20.0,1.0,0.0,211.0,1.0,5.0
81.0,21.0,81.0,21.0,-721.0,912.0,12.0,-711.0,15.000932129017071,12.0,17.0,30000.0,12500.0,23000.0,0.0,27.866460713855105,20.0,24.0,0.0,12500.0,34554.50274888522,26000.0,0.0,28.436302292700947,20.0,25.0,0.0,721.0,15.18350856648536,12.0,17.0,1.0,13512.803065086846,12500.0,23000.0,1.0,20.0,21.31305634365164,24.0,1.0,18036.075899865136,12500.0,26000.0,1.0,21.878990557732738,20.0,25.0,1.0,0.0,912.0,7.0,6.0
11.0,22.0,11.0,22.0,-121.0,21.0,13.0,-111.0,10.218525021571754,9.0,11.0,30000.0,10000.0,19000.0,0.0,25.11853280386757,16.5,19.0,0.0,10000.0,36940.37829692549,25000.0,0.0,26.41890984872594,17.0,20.0,0.0,122.0,10.182944114010231,9.0,11.0,1.0,13776.743136913976,10000.0,19000.0,1.0,16.5,17.30014834434764,19.0,1.0,20604.46382905673,10000.0,25000.0,1.0,18.57941740965206,17.0,20.0,1.0,0.0,211.0,1.0,4.0
91.0,24.0,91.0,24.0,-721.0,911.0,11.0,-711.0,13.841784796005362,12.0,17.0,30000.0,18000.0,36000.0,1.0,23.120248872563945,20.0,25.0,1.0,18000.0,34506.4303277018,36000.0,1.0,23.68180945627173,20.0,26.0,1.0,721.0,15.472865343743367,12.0,17.0,1.0,24029.74479284888,18000.0,36000.0,1.0,20.0,23.37053354184478,25.0,1.0,28452.873202572908,18000.0,36000.0,1.0,23.921713609205508,20.0,26.0,1.0,1.0,91121.0,7.0,0.0
11.0,22.0,11.0,22.0,-121.0,11.0,11.0,-111.0,10.218443454848524,9.0,11.0,30000.0,10000.0,19000.0,0.0,25.361520244521298,16.5,19.0,0.0,10000.0,37010.52988497508,25000.0,0.0,26.690044069931343,17.0,20.0,0.0,122.0,10.188986283483217,9.0,11.0,1.0,15511.88727190089,10000.0,19000.0,1.0,16.5,17.681654042570607,19.0,1.0,22640.44990987776,10000.0,25000.0,1.0,19.03254555303648,17.0,20.0,1.0,0.0,111.0,1.0,30.0
91.0,24.0,91.0,21.0,-721.0,911.0,11.0,-711.0,15.085137242776582,12.0,17.0,30000.0,18000.0,36000.0,1.0,24.355206638640354,20.0,25.0,1.0,18000.0,33959.74512898021,36000.0,1.0,24.84037725217337,20.0,26.0,1.0,722.0,15.22295094995461,12.0,17.0,1.0,21988.188137848963,18000.0,36000.0,1.0,20.0,22.8722428999917,25.0,1.0,25986.312240470244,18000.0,36000.0,1.0,23.36211592481173,20.0,26.0,1.0,1.0,91121.0,7.0,2.0
11.0,21.0,11.0,21.0,-121.0,11.0,11.0,-111.0,10.010669657761266,9.0,11.0,30000.0,10000.0,19000.0,0.0,25.27230112243936,16.5,19.0,0.0,10000.0,36416.58639389304,25000.0,0.0,26.55694280492052,17.0,20.0,0.0,121.0,10.00489945575166,9.0,11.0,1.0,13206.066124707544,10000.0,19000.0,1.0,16.5,17.109075913949265,19.0,1.0,19723.506583934748,10000.0,25000.0,1.0,18.413909226094958,17.0,20.0,1.0,0.0,111.0,1.0,56.0
91.0,24.0,91.0,24.0,-721.0,911.0,12.0,-711.0,15.662419381971919,12.0,17.0,30000.0,18000.0,36000.0,1.0,25.681284772248432,20.0,25.0,0.0,18000.0,34533.16033511132,36000.0,1.0,26.250189856116478,20.0,26.0,0.0,721.0,15.873346184600791,12.0,17.0,1.0,26301.00790383056,18000.0,36000.0,1.0,20.0,24.093913207112145,25.0,1.0,30858.93946445796,18000.0,36000.0,1.0,24.66592704405486,20.0,26.0,1.0,0.0,91121.0,7.0,32.0
11.0,22.0,11.0,21.0,-121.0,11.0,12.0,-111.0,10.198169401971606,9.0,11.0,30000.0,10000.0,19000.0,0.0,24.88182637134267,16.5,19.0,0.0,10000.0,37118.38287306723,25000.0,0.0,26.22032132898974,17.0,20.0,0.0,122.0,10.205925363140892,9.0,11.0,1.0,13098.359737360313,10000.0,19000.0,1.0,16.5,17.158959178479474,19.0,1.0,20019.49034024188,10000.0,25000.0,1.0,18.460364087201683,17.0,20.0,1.0,0.0,111.0,1.0,45.0
11.0,21.0,11.0,22.0,-121.0,11.0,12.0,-111.0,10.015420832596263,9.0,11.0,30000.0,10000.0,19000.0,0.0,25.60535068093676,16.5,19.0,0.0,10000.0,36531.25996240426,25000.0,0.0,26.91109052039556,17.0,20.0,0.0,121.0,9.994779395986624,9.0,11.0,1.0,13551.542661606793,10000.0,19000.0,1.0,16.5,17.240495861226655,19.0,1.0,20112.06476097297,10000.0,25000.0,1.0,18.55208583346823,17.0,20.0,1.0,0.0,111.0,1.0,7.0
91.0,24.0,91.0,24.0,-721.0,911.0,12.0,-711.0,15.297214750858723,12.0,17.0,30000.0,18000.0,36000.0,1.0,25.354973811751503,20.0,25.0,0.0,18000.0,33966.64264373625,36000.0,1.0,25.837762353954176,20.0,26.0,1.0,722.0,15.490481294270753,12.0,17.0,1.0,30495.94399110747,18000.0,36000.0,1.0,20.0,24.224877080857397,25.0,1.0,34561.690328666984,18000.0,36000.0,1.0,24.719727745153016,20.0,26.0,1.0,0.0,91121.0,7.0,24.0
11.0,22.0,11.0,21.0,-121.0,21.0,13.0,-111.0,10.20522832597631,9.0,11.0,30000.0,10000.0,19000.0,0.0,28.551106981739235,16.5,19.0,0.0,10000.0,36971.457083854286,25000.0,0.0,29.863816784307893,17.0,20.0,0.0,122.0,10.187713215217906,9.0,11.0,1.0,13095.006799674075,10000.0,19000.0,1.0,16.5,17.13870242394761,19.0,1.0,20191.832845315446,10000.0,25000.0,1.0,18.475018922088836,17.0,20.0,1.0,0.0,211.0,1.0,33.0
11.0,22.0,11.0,22.0,-121.0,21.0,12.0,-111.0,10.007133858499115,9.0,11.0,30000.0,10000.0,19000.0,0.0,24.703589793678162,16.5,19.0,0.0,10000.0,36475.69482330466,25000.0,0.0,25.999812260476883,17.0,20.0,0.0,121.0,10.000845761520615,9.0,11.0,1.0,16251.195172156538,10000.0,19000.0,1.0,16.5,17.811251355313345,19.0,1.0,22735.78807366617,10000.0,25000.0,1.0,19.109254926564226,17.0,20.0,1.0,0.0,211.0,1.0,25.0
11.0,21.0,11.0,22.0,-121.0,11.0,12.0,-111.0,10.214448956243713,9.0,11.0,30000.0,10000.0,19000.0,0.0,24.704236774300256,16.5,19.0,0.0,10000.0,36958.930705736,25000.0,0.0,26.02455783655637,17.0,20.0,0.0,122.0,10.210816508697963,9.0,11.0,1.0,16049.428423152489,10000.0,19000.0,1.0,16.5,17.794073178201852,19.0,1.0,23224.98758488002,10000.0,25000.0,1.0,19.15549525514315,17.0,20.0,1.0,0.0,111.0,1.0,51.0
11.0,22.0,11.0,21.0,-121.0,11.0,11.0,-111.0,10.002489451101106,9.0,11.0,30000.0,10000.0,19000.0,0.0,24.564806650492685,16.5,19.0,0.0,10000.0,36468.4676157631,25000.0,0.0,25.853500233007633,17.0,20.0,0.0,121.0,10.011762978183253,9.0,11.0,1.0,15828.375199803493,10000.0,19000.0,1.0,16.5,17.638978904090834,19.0,1.0,22344.631576904,10000.0,25000.0,1.0,18.937193299526264,17.0,20.0,1.0,0.0,111.0,1.0,26.0
11.0,22.0,11.0,21.0,-121.0,21.0,12.0,-111.0,10.175686603252984,9.0,11.0,30000.0,10000.0,19000.0,0.0,24.999543600875924,16.5,19.0,0.0,10000.0,37078.948658075475,25000.0,0.0,26.33457360837997,17.0,20.0,0.0,122.0,10.203321961479238,9.0,11.0,1.0,12892.301408460273,10000.0,19000.0,1.0,16.5,17.08998584533382,19.0,1.0,19834.278067878404,10000.0,25000.0,1.0,18.399184089220434,17.0,20.0,1.0,0.0,211.0,1.0,53.0
11.0,22.0,11.0,22.0,-121.0,21.0,13.0,-111.0,10.203032146960467,9.0,11.0,30000.0,10000.0,19000.0,0.0,25.69586799242701,16.5,19.0,0.0,10000.0,36776.26422632633,25000.0,0.0,26.974687601405545,17.0,20.0,0.0,122.0,10.210009261185771,9.0,11.0,1.0,15269.872421582133,10000.0,19000.0,1.0,16.5,17.644712610524746,19.0,1.0,22340.75523525917,10000.0,25000.0,1.0,18.97913277079375,17.0,20.0,1.0,0.0,211.0,1.0,4.0
11.0,22.0,11.0,22.0,-121.0,21.0,13.0,-111.0,10.01895236520737,9.0,11.0,30000.0,10000.0,19000.0,0.0,26.50056041963554,16.5,19.0,0.0,10000.0,36473.55453413774,25000.0,0.0,27.79742704390867,17.0,20.0,0.0,121.0,9.99441076346241,9.0,11.0,1.0,14493.476669616372,10000.0,19000.0,1.0,16.5,17.43868375304904,19.0,1.0,20963.59833323505,10000.0,25000.0,1.0,18.73486266005986,17.0,20.0,1.0,0.0,211.0,1.0,4.0
11.0,22.0,11.0,21.0,-121.0,21.0,13.0,-111.0,10.172401198229819,9.0,11.0,30000.0,10000.0,19000.0,0.0,26.906188504718905,16.5,19.0,0.0,10000.0,37065.6229977236,25000.0,0.0,28.238181642613068,17.0,20.0,0.0,122.0,10.196436977764723,9.0,11.0,1.0,13919.61534617391,10000.0,19000.0,1.0,16.5,17.30338168251405,19.0,1.0,20859.28266087071,10000.0,25000.0,1.0,18.611629977876348,17.0,20.0,1.0,0.0,211.0,1.0,33.0
11.0,22.0,11.0,21.0,-121.0,21.0,13.0,-111.0,9.993550524761343,9.0,11.0,30000.0,10000.0,19000.0,0.0,25.75503211917129,16.5,19.0,0.0,10000.0,36558.68997300273,25000.0,0.0,27.07420670837208,17.0,20.0,0.0,121.0,9.987803664228739,9.0,11.0,1.0,12213.035605487361,10000.0,19000.0,1.0,16.5,16.918900906999745,19.0,1.0,18745.760887762124,10000.0,25000.0,1.0,18.232853117895452,17.0,20.0,1.0,0.0,211.0,1.0,2.0
11.0,22.0,11.0,22.0,-121.0,11.0,11.0,-111.0,10.190963357246503,9.0,11.0,30000.0,10000.0,19000.0,0.0,24.800327324754488,16.5,19.0,0.0,10000.0,36896.3444414659,25000.0,0.0,26.104031702465466,17.0,20.0,0.0,122.0,10.222925611187462,9.0,11.0,1.0,14148.709633332634,10000.0,19000.0,1.0,16.5,17.418728668137277,19.0,1.0,21051.347630037926,10000.0,25000.0,1.0,18.723622797257367,17.0,20.0,1.0,0.0,111.0,1.0,27.0
11.0,22.0,11.0,22.0,-121.0,21.0,13.0,-111.0,10.20710994511117,9.0,11.0,30000.0,10000.0,19000.0,0.0,27.070274871968337,16.5,19.0,0.0,10000.0,37029.46731943651,25000.0,0.0,28.39275781788746,17.0,20.0,0.0,122.0,10.228437519135309,9.0,11.0,1.0,16833.04904212483,10000.0,19000.0,1.0,16.5,17.881365600157412,19.0,1.0,23855.465233885392,10000.0,25000.0,1.0,19.20252198807759,17.0,20.0,1.0,0.0,211.0,1.0,4.0
11.0,22.0,11.0,21.0,-121.0,21.0,13.0,-111.0,10.190243783469095,9.0,11.0,30000.0,10000.0,19000.0,0.0,28.180444348847907,16.5,19.0,0.0,10000.0,36991.643465737514,25000.0,0.0,29.499916791286044,17.0,20.0,0.0,122.0,10.2006248062591,9.0,11.0,1.0,12127.534709416854,10000.0,19000.0,1.0,16.5,16.957654817898856,19.0,1.0,19185.66763979439,10000.0,25000.0,1.0,18.289675242329338,17.0,20.0,1.0,0.0,211.0,1.0,33.0
11.0,22.0,11.0,22.0,-121.0,21.0,13.0,-111.0,9.977320513287127,9.0,11.0,30000.0,10000.0,19000.0,0.0,26.222324244853212,16.5,19.0,0.0,10000.0,36408.14048225742,25000.0,0.0,27.50806035251464,17.0,20.0,0.0,121.0,9.998104232085057,9.0,11.0,1.0,12521.15223842443,10000.0,19000.0,1.0,16.5,17.016599103974734,19.0,1.0,19070.49298019758,10000.0,25000.0,1.0,18.330665781568765,17.0,20.0,1.0,0.0,211.0,1.0,3.0
91.0,21.0,91.0,24.0,-721.0,911.0,12.0,-711.0,15.242768279009127,12.0,17.0,30000.0,18000.0,36000.0,1.0,25.137419538959655,20.0,25.0,0.0,18000.0,34000.61051509265,36000.0,1.0,25.62433078009662,20.0,26.0,1.0,722.0,15.303552249899436,12.0,17.0,1.0,28087.00323286698,18000.0,36000.0,1.0,20.0,23.728660399661507,25.0,1.0,31972.568922977884,18000.0,36000.0,1.0,24.201569623279667,20.0,26.0,1.0,0.0,91121.0,7.0,19.0
11.0,22.0,11.0,22.0,-121.0,21.0,13.0,-111.0,9.984392108919636,9.0,11.0,30000.0,10000.0,19000.0,0.0,24.392133944155148,16.5,19.0,0.0,10000.0,36414.69488698367,25000.0,0.0,25.676775510048873,17.0,20.0,0.0,121.0,9.987173468199375,9.0,11.0,1.0,13956.52655291386,10000.0,19000.0,1.0,16.5,17.32793348298171,19.0,1.0,20576.775229860817,10000.0,25000.0,1.0,18.653740364960797,17.0,20.0,1.0,0.0,211.0,1.0,5.0
91.0,24.0,91.0,21.0,-721.0,911.0,12.0,-711.0,15.435697490429947,12.0,17.0,30000.0,18000.0,36000.0,1.0,24.512861612487335,20.0,25.0,1.0,18000.0,34543.71752761807,36000.0,1.0,25.0800928304422,20.0,26.0,1.0,721.0,15.084520751286126,12.0,17.0,1.0,26181.622081381487,18000.0,36000.0,1.0,20.0,23.287561870991617,25.0,1.0,30666.969602804704,18000.0,36000.0,1.0,23.847506260593995,20.0,26.0,1.0,1.0,91121.0,7.0,29.0
91.0,24.0,91.0,21.0,-721.0,911.0,12.0,-711.0,15.264488100760621,12.0,17.0,30000.0,18000.0,36000.0,1.0,25.318514025686667,20.0,25.0,0.0,18000.0,33960.73493670789,36000.0,1.0,25.803957804637964,20.0,26.0,1.0,722.0,14.888875430238485,12.0,17.0,1.0,23744.56448360893,18000.0,36000.0,1.0,20.0,22.754268615634594,25.0,1.0,27669.208467177996,18000.0,36000.0,1.0,23.235288940616456,20.0,26.0,1.0,0.0,91121.0,7.0,14.0
11.0,22.0,11.0,22.0,-121.0,11.0,11.0,-111.0,10.205808014451828,9.0,11.0,30000.0,10000.0,19000.0,0.0,23.56680679665141,16.5,19.0,0.0,10000.0,37015.526099428,25000.0,0.0,24.88881921013819,17.0,20.0,0.0,122.0,10.202814109383603,9.0,11.0,1.0,18218.609037440805,10000.0,19000.0,1.0,16.5,18.160781945546987,19.0,1.0,25445.3310113082,10000.0,25000.0,0.0,19.52259231056713,17.0,20.0,1.0,0.0,111.0,1.0,57.0
91.0,24.0,91.0,24.0,-721.0,911.0,12.0,-711.0,15.316856799213927,12.0,17.0,30000.0,18000.0,36000.0,1.0,25.090791085809755,20.0,25.0,0.0,18000.0,34461.79086180374,36000.0,1.0,25.65022381381952,20.0,26.0,1.0,721.0,14.85833569437422,12.0,17.0,1.0,27243.94339069156,18000.0,36000.0,1.0,20.0,23.31057823156542,25.0,1.0,31784.66061161203,18000.0,36000.0,1.0,23.879906983337868,20.0,26.0,1.0,0.0,91121.0,7.0,24.0
91.0,24.0,91.0,24.0,-721.0,911.0,12.0,-711.0,15.348210878631406,12.0,17.0,30000.0,18000.0,36000.0,1.0,24.930072100154042,20.0,25.0,1.0,18000.0,33965.69206922053,36000.0,1.0,25.414183491156027,20.0,26.0,1.0,722.0,15.162756936840482,12.0,17.0,1.0,25047.672678889587,18000.0,36000.0,1.0,20.0,23.18564603356313,25.0,1.0,29015.01134701053,18000.0,36000.0,1.0,23.66995843293142,20.0,26.0,1.0,1.0,91121.0,7.0,8.0
91.0,21.0,91.0,24.0,-721.0,911.0,12.0,-711.0,15.425748679313136,12.0,17.0,30000.0,18000.0,36000.0,1.0,24.60957431990351,20.0,25.0,1.0,18000.0,33882.94551296401,36000.0,1.0,25.082354546288038,20.0,26.0,1.0,722.0,14.962827586543051,12.0,17.0,1.0,29982.604385491675,18000.0,36000.0,1.0,20.0,23.644224263824654,25.0,1.0,34001.00836840818,18000.0,36000.0,1.0,24.133497661662663,20.0,26.0,1.0,1.0,91121.0,7.0,26.0
11.0,22.0,11.0,22.0,-121.0,21.0,12.0,-111.0,9.99005878666367,9.0,11.0,30000.0,10000.0,19000.0,0.0,23.372325887725246,16.5,19.0,0.0,10000.0,36518.178071938164,25000.0,0.0,24.675270391366453,17.0,20.0,0.0,121.0,9.97255972992956,9.0,11.0,1.0,14387.371214625447,10000.0,19000.0,1.0,16.5,17.355613604936885,19.0,1.0,20850.474192763024,10000.0,25000.0,1.0,18.647548929331528,17.0,20.0,1.0,0.0,211.0,1.0,25.0
11.0,22.0,11.0,22.0,-121.0,11.0,11.0,-111.0,10.214413705536137,9.0,11.0,30000.0,10000.0,19000.0,0.0,23.68483446469174,16.5,19.0,0.0,10000.0,37113.83126078345,25000.0,0.0,25.019451003871996,17.0,20.0,0.0,122.0,10.206147704143387,9.0,11.0,1.0,13154.699424119506,10000.0,19000.0,1.0,16.5,17.173743085766105,19.0,1.0,20080.277323752438,10000.0,25000.0,1.0,18.473041659122124,17.0,20.0,1.0,0.0,111.0,1.0,38.0
11.0,21.0,11.0,22.0,-121.0,21.0,13.0,-111.0,10.210286673602234,9.0,11.0,30000.0,10000.0,19000.0,0.0,26.08914210618652,16.5,19.0,0.0,10000.0,37076.47924726154,25000.0,0.0,27.418443003272756,17.0,20.0,0.0,122.0,10.198888211675163,9.0,11.0,1.0,13843.379121483653,10000.0,19000.0,1.0,16.5,17.310785754687178,19.0,1.0,20914.023103878233,10000.0,25000.0,1.0,18.63899051023871,17.0,20.0,1.0,0.0,211.0,1.0,52.0
11.0,22.0,11.0,22.0,-121.0,21.0,13.0,-111.0,10.238320371634051,9.0,11.0,30000.0,10000.0,19000.0,0.0,25.981493635085933,16.5,19.0,0.0,10000.0,36983.133081988715,25000.0,0.0,27.298072270659038,17.0,20.0,0.0,122.0,10.182488590533225,9.0,11.0,1.0,13101.749030797993,10000.0,19000.0,1.0,16.5,17.155267806256767,19.0,1.0,20091.03736037788,10000.0,25000.0,1.0,18.47300693345735,17.0,20.0,1.0,0.0,211.0,1.0,3.0
11.0,22.0,11.0,22.0,-121.0,21.0,13.0,-111.0,9.992042129831189,9.0,11.0,30000.0,10000.0,19000.0,0.0,24.763808966270048,16.5,19.0,0.0,10000.0,36534.10580757908,25000.0,0.0,26.074410486445274,17.0,20.0,0.0,121.0,9.982331170542658,9.0,11.0,1.0,14716.237496567426,10000.0,19000.0,1.0,16.5,17.467039219403187,19.0,1.0,21196.2200873157,10000.0,25000.0,1.0,18.766784782796545,17.0,20.0,1.0,0.0,211.0,1.0,5.0
91.0,24.0,91.0,24.0,-721.0,911.0,11.0,-711.0,14.925485736014533,12.0,17.0,30000.0,18000.0,36000.0,1.0,25.246109941756636,20.0,25.0,0.0,18000.0,33990.98098449261,36000.0,1.0,25.7328734284661,20.0,26.0,1.0,722.0,15.097622124296606,12.0,17.0,1.0,19928.91653420366,18000.0,36000.0,1.0,20.0,22.653582766343877,25.0,1.0,23880.868980973904,18000.0,36000.0,1.0,23.135586103311528,20.0,26.0,1.0,0.0,91121.0,7.0,28.0
11.0,22.0,11.0,22.0,-121.0,21.0,13.0,-111.0,10.018016262464275,9.0,11.0,30000.0,10000.0,19000.0,0.0,25.02560530207692,16.5,19.0,0.0,10000.0,36428.009153411185,25000.0,0.0,26.31459805916451,17.0,20.0,0.0,121.0,10.006361616614942,9.0,11.0,1.0,12901.222394392584,10000.0,19000.0,1.0,16.5,17.13139628804548,19.0,1.0,19447.567950955898,10000.0,25000.0,1.0,18.444118751006616,17.0,20.0,1.0,0.0,211.0,1.0,31.0
11.0,22.0,11.0,22.0,-121.0,11.0,12.0,-111.0,10.002256569905791,9.0,11.0,30000.0,10000.0,19000.0,0.0,25.743154004407682,16.5,19.0,0.0,10000.0,36546.95461043867,25000.0,0.0,27.04990891628986,17.0,20.0,0.0,121.0,9.998933595505289,9.0,11.0,1.0,18574.881618688,10000.0,19000.0,1.0,16.5,18.24238361455979,19.0,1.0,25015.390005770325,10000.0,25000.0,0.0,19.5278921403741,17.0,20.0,1.0,0.0,111.0,1.0,14.0
11.0,22.0,11.0,22.0,-121.0,21.0,13.0,-111.0,9.999421475199393,9.0,11.0,30000.0,10000.0,19000.0,0.0,25.157405283138704,16.5,19.0,0.0,10000.0,36581.87254418042,25000.0,0.0,26.469228200101195,17.0,20.0,0.0,121.0,10.007908606249286,9.0,11.0,1.0,15035.800665071742,10000.0,19000.0,1.0,16.5,17.530327771592795,19.0,1.0,21546.305106353095,10000.0,25000.0,1.0,18.827926421480118,17.0,20.0,1.0,0.0,211.0,1.0,19.0
11.0,22.0,11.0,21.0,-121.0,11.0,12.0,-111.0,10.014980686168622,9.0,11.0,30000.0,10000.0,19000.0,0.0,24.740844146419978,16.5,19.0,0.0,10000.0,36533.274144923125,25000.0,0.0,26.046267278769015,17.0,20.0,0.0,121.0,10.009886194946906,9.0,11.0,1.0,15615.141121257184,10000.0,19000.0,1.0,16.5,17.610672664865888,19.0,1.0,22088.916565072515,10000.0,25000.0,1.0,18.90420727408733,17.0,20.0,1.0,0.0,111.0,1.0,46.0
11.0,22.0,11.0,21.0,-121.0,11.0,11.0,-111.0,10.023176268784054,9.0,11.0,30000.0,10000.0,19000.0,0.0,27.55128540785362,16.5,19.0,0.0,10000.0,36504.02938959839,25000.0,0.0,28.8605452171661,17.0,20.0,0.0,121.0,9.997682993599009,9.0,11.0,1.0,11854.894206357676,10000.0,19000.0,1.0,16.5,16.86957083447547,19.0,1.0,18301.297229387306,10000.0,25000.0,1.0,18.16723046777616,17.0,20.0,1.0,0.0,111.0,1.0,26.0
92.0,24.0,92.0,24.0,-721.0,921.0,13.0,-711.0,14.828853371746288,12.0,17.0,30000.0,15000.0,28000.0,0.0,24.06480364586501,19.5,25.0,1.0,15000.0,34074.81667165989,28000.0,0.0,24.5613793022508,20.0,26.0,1.0,722.0,15.325134737470574,12.0,17.0,1.0,21758.068092252244,15000.0,28000.0,1.0,19.5,21.959933037173013,25.0,1.0,25682.455872757837,15000.0,28000.0,1.0,22.438176746042277,20.0,26.0,1.0,0.0,92122.0,7.0,25.0
11.0,22.0,11.0,21.0,-121.0,21.0,13.0,-111.0,10.002971297164171,9.0,11.0,30000.0,10000.0,19000.0,0.0,25.25684133823991,16.5,19.0,0.0,10000.0,36466.93576850993,25000.0,0.0,26.55016269411721,17.0,20.0,0.0,121.0,9.992698795771869,9.0,11.0,1.0,11911.623798871484,10000.0,19000.0,1.0,16.5,16.86121130684742,19.0,1.0,18413.10031709815,10000.0,25000.0,1.0,18.16144046123328,17.0,20.0,1.0,0.0,211.0,1.0,2.0
11.0,22.0,11.0,22.0,-121.0,21.0,13.0,-111.0,9.987769733385475,9.0,11.0,30000.0,10000.0,19000.0,0.0,25.222102451895704,16.5,19.0,0.0,10000.0,36609.68353246032,25000.0,0.0,26.54396602966436,17.0,20.0,0.0,121.0,9.991529519982878,9.0,11.0,1.0,12904.400296380889,10000.0,19000.0,1.0,16.5,17.11438302258925,19.0,1.0,19370.27666968949,10000.0,25000.0,1.0,18.407486759592235,17.0,20.0,1.0,0.0,211.0,1.0,8.0
92.0,24.0,92.0,24.0,-721.0,921.0,13.0,-711.0,15.187450058245112,12.0,17.0,30000.0,15000.0,28000.0,0.0,25.19308671206727,19.5,25.0,0.0,15000.0,33932.06211648337,28000.0,0.0,25.67209453429251,20.0,26.0,1.0,722.0,15.009681288330864,12.0,17.0,1.0,20449.268824718158,15000.0,28000.0,1.0,19.5,21.586557790815426,25.0,1.0,24496.882505212834,15000.0,28000.0,1.0,22.07964222256312,20.0,26.0,1.0,0.0,92122.0,7.0,22.0
11.0,22.0,11.0,22.0,-121.0,21.0,13.0,-111.0,10.224987540125486,9.0,11.0,30000.0,10000.0,19000.0,0.0,23.760329341967687,16.5,19.0,0.0,10000.0,36909.171717395,25000.0,0.0,25.06197312724602,17.0,20.0,0.0,122.0,10.215715006820083,9.0,11.0,1.0,17185.331242635497,10000.0,19000.0,1.0,16.5,17.97934040550221,19.0,1.0,24244.522153479684,10000.0,25000.0,1.0,19.309246847841735,17.0,20.0,1.0,0.0,211.0,1.0,21.0
11.0,22.0,11.0,22.0,-121.0,21.0,13.0,-111.0,10.195760726617088,9.0,11.0,30000.0,10000.0,19000.0,0.0,25.091526460691554,16.5,19.0,0.0,10000.0,36836.360691982045,25000.0,0.0,26.379915251432447,17.0,20.0,0.0,122.0,10.200686130996528,9.0,11.0,1.0,14263.047621932741,10000.0,19000.0,1.0,16.5,17.44805162775519,19.0,1.0,21394.977250092354,10000.0,25000.0,1.0,18.79214369710001,17.0,20.0,1.0,0.0,211.0,1.0,8.0
11.0,22.0,11.0,22.0,-121.0,21.0,13.0,-111.0,9.998313001948464,9.0,11.0,30000.0,10000.0,19000.0,0.0,25.981178070768436,16.5,19.0,0.0,10000.0,36455.620668759155,25000.0,0.0,27.272011224285446,17.0,20.0,0.0,121.0,9.996485350547038,9.0,11.0,1.0,14727.906921296964,10000.0,19000.0,1.0,16.5,17.493135065965646,19.0,1.0,21291.913316617887,10000.0,25000.0,1.0,18.805640479423676,17.0,20.0,1.0,0.0,211.0,1.0,36.0
11.0,22.0,11.0,22.0,-121.0,11.0,11.0,-111.0,10.003301678006494,9.0,11.0,30000.0,10000.0,19000.0,0.0,26.03062311358423,16.5,19.0,0.0,10000.0,36407.8689711325,25000.0,0.0,27.313376970870447,17.0,20.0,0.0,121.0,10.010452311787537,9.0,11.0,1.0,16358.3830461426,10000.0,19000.0,1.0,16.5,17.801608780660082,19.0,1.0,22772.767540107096,10000.0,25000.0,1.0,19.085666942401122,17.0,20.0,1.0,0.0,111.0,1.0,27.0
11.0,22.0,11.0,22.0,-121.0,21.0,12.0,-111.0,10.197940744949221,9.0,11.0,30000.0,10000.0,19000.0,0.0,24.57153421594568,16.5,19.0,0.0,10000.0,36916.91276538934,25000.0,0.0,25.878856056874838,17.0,20.0,0.0,122.0,10.207248475157115,9.0,11.0,1.0,16095.076934039382,10000.0,19000.0,1.0,16.5,17.8021527294435,19.0,1.0,23215.61240014895,10000.0,25000.0,1.0,19.147960006432015,17.0,20.0,1.0,0.0,211.0,1.0,23.0
91.0,24.0,91.0,24.0,-721.0,911.0,12.0,-711.0,15.503673258218317,12.0,17.0,30000.0,18000.0,36000.0,1.0,24.53818962070499,20.0,25.0,1.0,18000.0,34465.226024284784,36000.0,1.0,25.100144445431102,20.0,26.0,1.0,721.0,13.86854784541743,12.0,17.0,1.0,28603.66824989644,18000.0,36000.0,1.0,20.0,22.483278834526043,25.0,1.0,33045.18806585838,18000.0,36000.0,1.0,23.042250200392395,20.0,26.0,1.0,1.0,91121.0,7.0,23.0
11.0,22.0,11.0,21.0,-121.0,21.0,13.0,-111.0,10.232002452671054,9.0,11.0,30000.0,10000.0,19000.0,0.0,27.45982492499457,16.5,19.0,0.0,10000.0,36999.57305642967,25000.0,0.0,28.778980999738746,17.0,20.0,0.0,122.0,10.17073574770198,9.0,11.0,1.0,13421.771080720266,10000.0,19000.0,1.0,16.5,17.170411164617814,19.0,1.0,20469.050944977254,10000.0,25000.0,1.0,18.49855817707272,17.0,20.0,1.0,0.0,211.0,1.0,20.0
92.0,24.0,92.0,24.0,-721.0,921.0,13.0,-711.0,15.135553442631766,12.0,17.0,30000.0,15000.0,28000.0,0.0,24.301385395848516,19.5,25.0,1.0,15000.0,34584.24883545605,28000.0,0.0,24.87615277567426,20.0,26.0,1.0,721.0,14.722019360538027,12.0,17.0,1.0,21347.17752953599,15000.0,28000.0,1.0,19.5,21.42463953499146,25.0,1.0,25921.42186340772,15000.0,28000.0,1.0,21.99815256293351,20.0,26.0,1.0,0.0,92122.0,7.0,20.0
91.0,21.0,91.0,24.0,-721.0,911.0,11.0,-711.0,15.377979640943948,12.0,17.0,30000.0,18000.0,36000.0,1.0,25.81978596219682,20.0,25.0,0.0,18000.0,33975.39276858531,36000.0,1.0,26.304540809440425,20.0,26.0,0.0,722.0,15.01537581926484,12.0,17.0,1.0,24109.089630867067,18000.0,36000.0,1.0,20.0,22.92926546218655,25.0,1.0,28053.765531960453,18000.0,36000.0,1.0,23.410274729741396,20.0,26.0,1.0,0.0,91121.0,7.0,18.0
11.0,22.0,11.0,22.0,-121.0,21.0,13.0,-111.0,10.007556631644048,9.0,11.0,30000.0,10000.0,19000.0,0.0,25.97608534101601,16.5,19.0,0.0,10000.0,36495.37274297733,25000.0,0.0,27.280874195425564,17.0,20.0,0.0,121.0,10.012269552498251,9.0,11.0,1.0,13144.543707195748,10000.0,19000.0,1.0,16.5,17.197820758982438,19.0,1.0,19599.63107874494,10000.0,25000.0,1.0,18.49451709804066,17.0,20.0,1.0,0.0,211.0,1.0,4.0
81.0,21.0,81.0,23.0,-721.0,912.0,12.0,-711.0,14.877047774923797,12.0,17.0,30000.0,12500.0,23000.0,0.0,26.791675442033124,20.0,24.0,0.0,12500.0,34555.9015920136,26000.0,0.0,27.362085326974267,20.0,25.0,0.0,721.0,15.63297107717582,12.0,17.0,1.0,18342.87042545767,12500.0,23000.0,1.0,20.0,22.587418566282963,24.0,1.0,22856.808002225254,12500.0,26000.0,1.0,23.15257445514348,20.0,25.0,1.0,0.0,912.0,7.0,7.0
11.0,21.0,11.0,22.0,-121.0,21.0,12.0,-111.0,10.202947262859057,9.0,11.0,30000.0,10000.0,19000.0,0.0,24.836594538277453,16.5,19.0,0.0,10000.0,36938.89911133851,25000.0,0.0,26.144372082172698,17.0,20.0,0.0,122.0,10.222959099387367,9.0,11.0,1.0,15322.871997956292,10000.0,19000.0,1.0,16.5,17.63951379047755,19.0,1.0,22445.285133673253,10000.0,25000.0,1.0,18.98187830792885,17.0,20.0,1.0,0.0,211.0,1.0,37.0
11.0,21.0,11.0,21.0,-121.0,11.0,11.0,-111.0,10.005465144997226,9.0,11.0,30000.0,10000.0,19000.0,0.0,26.237360880676576,16.5,19.0,0.0,10000.0,36553.734784157066,25000.0,0.0,27.550951550896247,17.0,20.0,0.0,121.0,9.982051947484115,9.0,11.0,1.0,13461.787420934397,10000.0,19000.0,1.0,16.5,17.186012179709927,19.0,1.0,20037.773083222615,10000.0,25000.0,1.0,18.504062680374357,17.0,20.0,1.0,0.0,111.0,1.0,18.0
91.0,24.0,91.0,24.0,-721.0,911.0,12.0,-711.0,15.104682865465689,12.0,17.0,30000.0,18000.0,36000.0,1.0,24.11764472314278,20.0,25.0,1.0,18000.0,34515.03757794182,36000.0,1.0,24.681172272691228,20.0,26.0,1.0,721.0,15.207721269121459,12.0,17.0,1.0,27030.29861855521,18000.0,36000.0,1.0,20.0,23.5550448041258,25.0,1.0,31474.082287935573,18000.0,36000.0,1.0,24.109679063243274,20.0,26.0,1.0,1.0,91121.0,7.0,32.0
92.0,24.0,92.0,24.0,-721.0,921.0,13.0,-711.0,14.981241221371443,12.0,17.0,30000.0,15000.0,28000.0,0.0,24.459301366207868,19.5,25.0,1.0,15000.0,34482.56559627509,28000.0,0.0,25.02297940646502,20.0,26.0,1.0,721.0,15.049724067757692,12.0,17.0,1.0,21545.827699302787,15000.0,28000.0,1.0,19.5,21.769729222683758,25.0,1.0,25996.306889338215,15000.0,28000.0,1.0,22.329372430164987,20.0,26.0,1.0,0.0,92122.0,7.0,25.0
91.0,24.0,91.0,24.0,-721.0,911.0,11.0,-711.0,15.135671179122562,12.0,17.0,30000.0,18000.0,36000.0,1.0,24.635808488216043,20.0,25.0,1.0,18000.0,34494.53898948816,36000.0,1.0,25.195969702262662,20.0,26.0,1.0,721.0,14.65909163535199,12.0,17.0,1.0,26610.44709037939,18000.0,36000.0,1.0,20.0,23.05185706124111,25.0,1.0,31120.08721545006,18000.0,36000.0,1.0,23.613900352729075,20.0,26.0,1.0,1.0,91121.0,7.0,4.0
11.0,21.0,11.0,22.0,-121.0,21.0,13.0,-111.0,10.01360010439263,9.0,11.0,30000.0,10000.0,19000.0,0.0,27.794930694956026,16.5,19.0,0.0,10000.0,36549.18022032348,25000.0,0.0,29.108682050293883,17.0,20.0,0.0,121.0,10.01094337366784,9.0,11.0,1.0,13706.309529173128,10000.0,19000.0,1.0,16.5,17.289383273156396,19.0,1.0,20125.12144637288,10000.0,25000.0,1.0,18.576983029491007,17.0,20.0,1.0,0.0,211.0,1.0,52.0
91.0,21.0,91.0,24.0,-721.0,911.0,11.0,-711.0,15.36455965121179,12.0,17.0,30000.0,18000.0,36000.0,1.0,25.173259450355424,20.0,25.0,0.0,18000.0,34021.638709618725,36000.0,1.0,25.66192058005052,20.0,26.0,1.0,722.0,15.159321346530822,12.0,17.0,1.0,23069.545703440515,18000.0,36000.0,1.0,20.0,22.942561942820575,25.0,1.0,27134.37481610273,18000.0,36000.0,1.0,23.43647105043391,20.0,26.0,1.0,0.0,91121.0,7.0,18.0
11.0,22.0,11.0,21.0,-121.0,11.0,11.0,-111.0,10.017681868788985,9.0,11.0,30000.0,10000.0,19000.0,0.0,26.35852588644991,16.5,19.0,0.0,10000.0,36543.12870543591,25000.0,0.0,27.664386595231797,17.0,20.0,0.0,121.0,9.99918142839333,9.0,11.0,1.0,19478.754018046337,10000.0,19000.0,0.0,16.5,18.35471036025958,19.0,1.0,26005.081793361354,10000.0,25000.0,0.0,19.657217982849282,17.0,20.0,1.0,0.0,111.0,1.0,26.0
11.0,22.0,11.0,22.0,-121.0,21.0,13.0,-111.0,10.197578971535119,9.0,11.0,30000.0,10000.0,19000.0,0.0,26.464743069565326,16.5,19.0,0.0,10000.0,36995.750914443764,25000.0,0.0,27.7873235069354,17.0,20.0,0.0,122.0,10.20077864031798,9.0,11.0,1.0,13970.552863682931,10000.0,19000.0,1.0,16.5,17.347389615347083,19.0,1.0,20883.428086342486,10000.0,25000.0,1.0,18.654302003635966,17.0,20.0,1.0,0.0,211.0,1.0,22.0
91.0,24.0,91.0,24.0,-721.0,911.0,11.0,-711.0,14.984415139832853,12.0,17.0,30000.0,18000.0,36000.0,1.0,24.76521258360388,20.0,25.0,1.0,18000.0,34437.37205759174,36000.0,1.0,25.3199771852191,20.0,26.0,1.0,721.0,15.065885781157755,12.0,17.0,1.0,26804.763308009096,18000.0,36000.0,1.0,20.0,23.456948894354813,25.0,1.0,31318.462186701978,18000.0,36000.0,1.0,24.021255949916007,20.0,26.0,1.0,1.0,91121.0,7.0,28.0
11.0,22.0,11.0,21.0,-121.0,11.0,11.0,-111.0,10.007025245958799,9.0,11.0,30000.0,10000.0,19000.0,0.0,24.37806981134677,16.5,19.0,0.0,10000.0,36418.17444027368,25000.0,0.0,25.65896626370636,17.0,20.0,0.0,121.0,10.001699727189774,9.0,11.0,1.0,16367.759859785476,10000.0,19000.0,1.0,16.5,17.745197404044465,19.0,1.0,22856.08073503859,10000.0,25000.0,1.0,19.040093214094778,17.0,20.0,1.0,0.0,111.0,1.0,12.0
11.0,22.0,11.0,21.0,-121.0,11.0,12.0,-111.0,10.219829836398466,9.0,11.0,30000.0,10000.0,19000.0,0.0,24.833469913395785,16.5,19.0,0.0,10000.0,36819.4113692366,25000.0,0.0,26.121790532456835,17.0,20.0,0.0,122.0,10.209450077136397,9.0,11.0,1.0,14151.334196030191,10000.0,19000.0,1.0,16.5,17.359926650605104,19.0,1.0,21197.079585965806,10000.0,25000.0,1.0,18.691006207332965,17.0,20.0,1.0,0.0,111.0,1.0,46.0
11.0,22.0,11.0,22.0,-121.0,21.0,13.0,-111.0,10.023998879273522,9.0,11.0,30000.0,10000.0,19000.0,0.0,25.162471923285747,16.5,19.0,0.0,10000.0,36531.50507907145,25000.0,0.0,26.463873627266306,17.0,20.0,0.0,121.0,9.991918233247251,9.0,11.0,1.0,14687.739509933976,10000.0,19000.0,1.0,16.5,17.420161845989856,19.0,1.0,21153.921179366203,10000.0,25000.0,1.0,18.70854786743092,17.0,20.0,1.0,0.0,211.0,1.0,5.0
11.0,21.0,11.0,21.0,-121.0,21.0,13.0,-111.0,10.192340687273175,9.0,11.0,30000.0,10000.0,19000.0,0.0,26.392593913248454,16.5,19.0,0.0,10000.0,37061.443226565556,25000.0,0.0,27.720715430168674,17.0,20.0,0.0,122.0,10.228334910554375,9.0,11.0,1.0,11166.657764640786,10000.0,19000.0,1.0,16.5,16.7988592030283,19.0,1.0,18061.803680347173,10000.0,25000.0,1.0,18.09570339749875,17.0,20.0,1.0,0.0,211.0,1.0,34.0
11.0,22.0,11.0,22.0,-121.0,11.0,12.0,-111.0,10.19976786319013,9.0,11.0,30000.0,10000.0,19000.0,0.0,23.44632286310919,16.5,19.0,0.0,10000.0,36841.792561136805,25000.0,0.0,24.738317166515642,17.0,20.0,0.0,122.0,10.218659952427112,9.0,11.0,1.0,16042.965933429146,10000.0,19000.0,1.0,16.5,17.767002956722376,19.0,1.0,23137.012986569112,10000.0,25000.0,1.0,19.10663263693461,17.0,20.0,1.0,0.0,111.0,1.0,40.0
11.0,22.0,11.0,22.0,-121.0,21.0,13.0,-111.0,10.20393376181702,9.0,11.0,30000.0,10000.0,19000.0,0.0,26.235992560985665,16.5,19.0,0.0,10000.0,37112.835267211456,25000.0,0.0,27.577446630809295,17.0,20.0,0.0,122.0,10.189035437803337,9.0,11.0,1.0,14845.148188851279,10000.0,19000.0,1.0,16.5,17.494550962355884,19.0,1.0,21777.41428011607,10000.0,25000.0,1.0,18.80195036243692,17.0,20.0,1.0,0.0,211.0,1.0,5.0
11.0,22.0,11.0,21.0,-121.0,11.0,12.0,-111.0,10.00165112702208,9.0,11.0,30000.0,10000.0,19000.0,0.0,25.04181334791356,16.5,19.0,0.0,10000.0,36447.87554055169,25000.0,0.0,26.330955050829814,17.0,20.0,0.0,121.0,9.98423141895432,9.0,11.0,1.0,14251.398707001059,10000.0,19000.0,1.0,16.5,17.326902397398882,19.0,1.0,20698.061118844435,10000.0,25000.0,1.0,18.615801556116033,17.0,20.0,1.0,0.0,111.0,1.0,46.0
91.0,24.0,91.0,24.0,-721.0,911.0,11.0,-711.0,15.364396749458296,12.0,17.0,30000.0,18000.0,36000.0,1.0,24.856525974605745,20.0,25.0,1.0,18000.0,34101.37393329548,36000.0,1.0,25.357787729891403,20.0,26.0,1.0,722.0,14.960348550339706,12.0,17.0,1.0,30201.924765254607,18000.0,36000.0,1.0,20.0,23.666594806490906,25.0,1.0,34167.11462835739,18000.0,36000.0,1.0,24.151212415893507,20.0,26.0,1.0,1.0,91121.0,7.0,28.0
91.0,21.0,91.0,24.0,-721.0,911.0,11.0,-711.0,15.360970576965595,12.0,17.0,30000.0,18000.0,36000.0,1.0,25.613277101216937,20.0,25.0,0.0,18000.0,34168.68370171022,36000.0,1.0,26.12245212509815,20.0,26.0,0.0,722.0,15.037091688448955,12.0,17.0,1.0,27674.847550148323,18000.0,36000.0,1.0,20.0,23.387193352540216,25.0,1.0,31705.868777621457,18000.0,36000.0,1.0,23.879553885655803,20.0,26.0,1.0,0.0,91121.0,7.0,18.0
92.0,24.0,92.0,24.0,-721.0,921.0,13.0,-711.0,15.112467005832398,12.0,17.0,30000.0,15000.0,28000.0,0.0,24.073318686674995,19.5,25.0,1.0,15000.0,34019.30544363172,28000.0,0.0,24.563803769827683,20.0,26.0,1.0,722.0,15.154999358243561,12.0,17.0,1.0,18828.590787414112,15000.0,28000.0,1.0,19.5,21.38240778475726,25.0,1.0,22836.625212280593,15000.0,28000.0,1.0,21.871517439579403,20.0,26.0,1.0,0.0,92122.0,7.0,25.0
11.0,22.0,11.0,21.0,-121.0,11.0,11.0,-111.0,10.01143949803102,9.0,11.0,30000.0,10000.0,19000.0,0.0,25.025710328948193,16.5,19.0,0.0,10000.0,36469.147420802125,25000.0,0.0,26.318488429785283,17.0,20.0,0.0,121.0,10.003744778932354,9.0,11.0,1.0,13211.836509286886,10000.0,19000.0,1.0,16.5,17.149701534081352,19.0,1.0,19833.684383213156,10000.0,25000.0,1.0,18.472994908252918,17.0,20.0,1.0,0.0,111.0,1.0,0.0
91.0,24.0,91.0,24.0,-721.0,911.0,11.0,-711.0,15.466010948136413,12.0,17.0,30000.0,18000.0,36000.0,1.0,23.84345988268543,20.0,25.0,1.0,18000.0,34565.797756222004,36000.0,1.0,24.417461924126847,20.0,26.0,1.0,721.0,16.286859715716318,12.0,17.0,1.0,24160.98633489069,18000.0,36000.0,1.0,20.0,24.365560317524846,25.0,1.0,28633.78455393583,18000.0,36000.0,1.0,24.927870661908532,20.0,26.0,1.0,1.0,91121.0,7.0,28.0
11.0,22.0,11.0,22.0,-121.0,11.0,12.0,-111.0,10.209968300989047,9.0,11.0,30000.0,10000.0,19000.0,0.0,23.86745046009993,16.5,19.0,0.0,10000.0,37118.65199603315,25000.0,0.0,25.210603907241584,17.0,20.0,0.0,122.0,10.189030043759361,9.0,11.0,1.0,17300.84782908542,10000.0,19000.0,1.0,16.5,17.96929019045357,19.0,1.0,24324.04146709861,10000.0,25000.0,1.0,19.294432471618233,17.0,20.0,1.0,0.0,111.0,1.0,14.0
11.0,22.0,11.0,21.0,-121.0,21.0,13.0,-111.0,10.012367555535288,9.0,11.0,30000.0,10000.0,19000.0,0.0,25.069864655052335,16.5,19.0,0.0,10000.0,36618.464383816005,25000.0,0.0,26.394350672994317,17.0,20.0,0.0,121.0,10.020511092705439,9.0,11.0,1.0,12333.818916491566,10000.0,19000.0,1.0,16.5,16.96222691866921,19.0,1.0,18885.990783888024,10000.0,25000.0,1.0,18.2734464889883,17.0,20.0,1.0,0.0,211.0,1.0,58.0
11.0,22.0,11.0,21.0,-121.0,11.0,11.0,-111.0,10.001209533118015,9.0,11.0,30000.0,10000.0,19000.0,0.0,25.056946015034825,16.5,19.0,0.0,10000.0,36469.064342796184,25000.0,0.0,26.351444801867988,17.0,20.0,0.0,121.0,9.998172409344646,9.0,11.0,1.0,13712.582845101644,10000.0,19000.0,1.0,16.5,17.1887286661793,19.0,1.0,20294.855978878066,10000.0,25000.0,1.0,18.505881214795796,17.0,20.0,1.0,0.0,111.0,1.0,0.0
11.0,22.0,11.0,21.0,-121.0,11.0,11.0,-111.0,10.17859928345703,9.0,11.0,30000.0,10000.0,19000.0,0.0,23.84996965106589,16.5,19.0,0.0,10000.0,36877.88719590514,25000.0,0.0,25.143998401413512,17.0,20.0,0.0,122.0,10.177706279450383,9.0,11.0,1.0,10490.02098828608,10000.0,19000.0,1.0,16.5,16.608349311193507,19.0,1.0,17291.044961527314,10000.0,25000.0,1.0,17.887916757198905,17.0,20.0,1.0,0.0,111.0,1.0,1.0
11.0,22.0,11.0,21.0,-121.0,21.0,13.0,-111.0,10.21762561727596,9.0,11.0,30000.0,10000.0,19000.0,0.0,27.00127487747157,16.5,19.0,0.0,10000.0,37113.957049618126,25000.0,0.0,28.346644843060975,17.0,20.0,0.0,122.0,10.213849129190825,9.0,11.0,1.0,13388.83323990713,10000.0,19000.0,1.0,16.5,17.25030850075299,19.0,1.0,20345.621591370447,10000.0,25000.0,1.0,18.565955199171473,17.0,20.0,1.0,0.0,211.0,1.0,20.0
11.0,22.0,11.0,22.0,-121.0,21.0,12.0,-111.0,9.992187804166123,9.0,11.0,30000.0,10000.0,19000.0,0.0,24.235246902615238,16.5,19.0,0.0,10000.0,36519.944897890084,25000.0,0.0,25.538005900057595,17.0,20.0,0.0,121.0,9.998785627091165,9.0,11.0,1.0,16661.145310230077,10000.0,19000.0,1.0,16.5,17.897766055308175,19.0,1.0,23178.015009201517,10000.0,25000.0,1.0,19.199910593100498,17.0,20.0,1.0,0.0,211.0,1.0,23.0
91.0,24.0,91.0,24.0,-721.0,911.0,11.0,-711.0,15.119541848033139,12.0,17.0,30000.0,18000.0,36000.0,1.0,23.9619262304934,20.0,25.0,1.0,18000.0,33939.03246200686,36000.0,1.0,24.444476679394477,20.0,26.0,1.0,722.0,15.209164328063943,12.0,17.0,1.0,22474.822872105633,18000.0,36000.0,1.0,20.0,23.135836244594227,25.0,1.0,26558.34029947487,18000.0,36000.0,1.0,23.636086797662394,20.0,26.0,1.0,1.0,91121.0,7.0,16.0
11.0,22.0,11.0,22.0,-121.0,11.0,11.0,-111.0,10.184456611195532,9.0,11.0,30000.0,10000.0,19000.0,0.0,25.48478306068699,16.5,19.0,0.0,10000.0,36891.2186893035,25000.0,0.0,26.78471080890675,17.0,20.0,0.0,122.0,10.202637647699362,9.0,11.0,1.0,13618.081585630956,10000.0,19000.0,1.0,16.5,17.280150228306056,19.0,1.0,20681.276000768976,10000.0,25000.0,1.0,18.612518685217808,17.0,20.0,1.0,0.0,111.0,1.0,50.0
11.0,22.0,11.0,21.0,-121.0,21.0,13.0,-111.0,10.207004190395258,9.0,11.0,30000.0,10000.0,19000.0,0.0,26.008988671888503,16.5,19.0,0.0,10000.0,36983.92670276275,25000.0,0.0,27.331050896099455,17.0,20.0,0.0,122.0,10.184014323017337,9.0,11.0,1.0,13353.435125241194,10000.0,19000.0,1.0,16.5,17.21528395187424,19.0,1.0,20316.649286552958,10000.0,25000.0,1.0,18.53342527745822,17.0,20.0,1.0,0.0,211.0,1.0,20.0
11.0,22.0,11.0,21.0,-121.0,21.0,12.0,-111.0,10.196896384651184,9.0,11.0,30000.0,10000.0,19000.0,0.0,23.671866761009923,16.5,19.0,0.0,10000.0,37000.094130378246,25000.0,0.0,24.995549242262495,17.0,20.0,0.0,122.0,10.21863088775061,9.0,11.0,1.0,13236.423735639746,10000.0,19000.0,1.0,16.5,17.20098584235057,19.0,1.0,20380.336911963328,10000.0,25000.0,1.0,18.551863779555962,17.0,20.0,1.0,0.0,211.0,1.0,53.0
11.0,22.0,11.0,22.0,-121.0,11.0,11.0,-111.0,10.007311563114415,9.0,11.0,30000.0,10000.0,19000.0,0.0,25.171328741608598,16.5,19.0,0.0,10000.0,36484.73663158835,25000.0,0.0,26.47202198615545,17.0,20.0,0.0,121.0,9.997787906972649,9.0,11.0,1.0,14356.519832336646,10000.0,19000.0,1.0,16.5,17.430962275855872,19.0,1.0,20908.50393629606,10000.0,25000.0,1.0,18.745143860484237,17.0,20.0,1.0,0.0,111.0,1.0,15.0
11.0,21.0,11.0,22.0,-121.0,11.0,12.0,-111.0,9.999367509395578,9.0,11.0,30000.0,10000.0,19000.0,0.0,25.36038537595458,16.5,19.0,0.0,10000.0,36505.2467939627,25000.0,0.0,26.662567801584103,17.0,20.0,0.0,121.0,10.00686549656817,9.0,11.0,1.0,13475.844951947542,10000.0,19000.0,1.0,16.5,17.208186213463065,19.0,1.0,20071.62006493113,10000.0,25000.0,1.0,18.52849007088211,17.0,20.0,1.0,0.0,111.0,1.0,51.0
11.0,21.0,11.0,22.0,-121.0,11.0,11.0,-111.0,10.001828744930913,9.0,11.0,30000.0,10000.0,19000.0,0.0,27.338721324455996,16.5,19.0,0.0,10000.0,36550.90436426316,25000.0,0.0,28.648992246317484,17.0,20.0,0.0,121.0,9.997711844788924,9.0,11.0,1.0,15601.902582979568,10000.0,19000.0,1.0,16.5,17.62458333831732,19.0,1.0,22108.65462928266,10000.0,25000.0,1.0,18.92602318966716,17.0,20.0,1.0,0.0,111.0,1.0,29.0
11.0,21.0,11.0,22.0,-121.0,21.0,13.0,-111.0,9.990352302650539,9.0,11.0,30000.0,10000.0,19000.0,0.0,26.80612786790518,16.5,19.0,0.0,10000.0,36509.50868446074,25000.0,0.0,28.10887073324453,17.0,20.0,0.0,121.0,10.000896169381932,9.0,11.0,1.0,16862.022135089483,10000.0,19000.0,1.0,16.5,17.90424978613531,19.0,1.0,23362.73888082287,10000.0,25000.0,1.0,19.205233127675747,17.0,20.0,1.0,0.0,211.0,1.0,59.0
91.0,21.0,91.0,24.0,-721.0,911.0,12.0,-711.0,15.616745897621927,12.0,17.0,30000.0,18000.0,36000.0,1.0,25.994108834067433,20.0,25.0,0.0,18000.0,34522.20985343913,36000.0,1.0,26.562514842295585,20.0,26.0,0.0,721.0,14.812314141165539,12.0,17.0,1.0,32028.37940358981,18000.0,36000.0,1.0,20.0,23.848833399333092,25.0,1.0,36533.62344765481,18000.0,36000.0,0.0,24.415106939521227,20.0,26.0,1.0,0.0,91121.0,7.0,26.0
11.0,21.0,11.0,22.0,-121.0,21.0,13.0,-111.0,10.194965234597927,9.0,11.0,30000.0,10000.0,19000.0,0.0,30.25762871986575,16.5,19.0,0.0,10000.0,36920.85928592697,25000.0,0.0,31.562189480115705,17.0,20.0,0.0,122.0,10.21794839547958,9.0,11.0,1.0,13535.131137612572,10000.0,19000.0,1.0,16.5,17.30840402034194,19.0,1.0,20521.159507923847,10000.0,25000.0,1.0,18.62524895322954,17.0,20.0,1.0,0.0,211.0,1.0,59.0
11.0,22.0,11.0,22.0,-121.0,21.0,13.0,-111.0,10.009460894924175,9.0,11.0,30000.0,10000.0,19000.0,0.0,25.76474412075648,16.5,19.0,0.0,10000.0,36557.201133606286,25000.0,0.0,27.067528883261605,17.0,20.0,0.0,121.0,9.98215267231004,9.0,11.0,1.0,15639.999114700695,10000.0,19000.0,1.0,16.5,17.602464371495188,19.0,1.0,22075.66478972631,10000.0,25000.0,1.0,18.88110246832439,17.0,20.0,1.0,0.0,211.0,1.0,28.0
11.0,21.0,11.0,22.0,-121.0,11.0,12.0,-111.0,10.199756013504112,9.0,11.0,30000.0,10000.0,19000.0,0.0,25.336108916264877,16.5,19.0,0.0,10000.0,36932.43000789823,25000.0,0.0,26.65013685526459,17.0,20.0,0.0,122.0,10.192963081690303,9.0,11.0,1.0,16388.33862312845,10000.0,19000.0,1.0,16.5,17.84378173615265,19.0,1.0,23396.801337646626,10000.0,25000.0,1.0,19.17222151929108,17.0,20.0,1.0,0.0,111.0,1.0,51.0
81.0,21.0,81.0,21.0,-721.0,912.0,12.0,-711.0,15.273738705899957,12.0,17.0,30000.0,12500.0,23000.0,0.0,27.64489059325072,20.0,24.0,0.0,12500.0,34552.084013213396,26000.0,0.0,28.218166984788507,20.0,25.0,0.0,721.0,14.657912279002414,12.0,17.0,1.0,16246.776188489468,12500.0,23000.0,1.0,20.0,21.23655178537311,24.0,1.0,20748.92572472181,12500.0,26000.0,1.0,21.803539572242368,20.0,25.0,1.0,0.0,912.0,7.0,6.0
11.0,22.0,11.0,22.0,-121.0,21.0,13.0,-111.0,10.018284422187698,9.0,11.0,30000.0,10000.0,19000.0,0.0,25.21343517821758,16.5,19.0,0.0,10000.0,36448.53951033469,25000.0,0.0,26.500981409161923,17.0,20.0,0.0,121.0,10.000335673411467,9.0,11.0,1.0,14521.168987752575,10000.0,19000.0,1.0,16.5,17.418061215957913,19.0,1.0,21009.6838530811,10000.0,25000.0,1.0,18.713589117413928,17.0,20.0,1.0,0.0,211.0,1.0,21.0
92.0,24.0,92.0,24.0,-721.0,921.0,13.0,-711.0,15.079955642518842,12.0,17.0,30000.0,15000.0,28000.0,0.0,24.214867700604124,19.5,25.0,1.0,15000.0,33935.462922184925,28000.0,0.0,24.69518960939081,20.0,26.0,1.0,722.0,15.337707234583455,12.0,17.0,1.0,19532.88334495349,15000.0,28000.0,1.0,19.5,21.686171632595197,25.0,1.0,23572.335643243914,15000.0,28000.0,1.0,22.17918540930496,20.0,26.0,1.0,0.0,92122.0,7.0,25.0
81.0,23.0,81.0,21.0,-721.0,912.0,12.0,-711.0,15.261100711534029,12.0,17.0,30000.0,12500.0,23000.0,0.0,26.958009215504525,20.0,24.0,0.0,12500.0,34037.11109388685,26000.0,0.0,27.44987025788596,20.0,25.0,0.0,722.0,15.197064282053875,12.0,17.0,1.0,17418.02467911729,12500.0,23000.0,1.0,20.0,21.81354025033542,24.0,1.0,21504.706333210397,12500.0,26000.0,1.0,22.311440717158607,20.0,25.0,1.0,0.0,912.0,7.0,11.0
81.0,23.0,81.0,21.0,-721.0,912.0,12.0,-711.0,15.188154747628994,12.0,17.0,30000.0,12500.0,23000.0,0.0,25.91005993375814,20.0,24.0,0.0,12500.0,34024.03140193588,26000.0,0.0,26.40126122070088,20.0,25.0,0.0,722.0,15.417995105846815,12.0,17.0,1.0,14576.073218621785,12500.0,23000.0,1.0,20.0,21.573550788332003,24.0,1.0,18509.04106038601,12500.0,26000.0,1.0,22.053636223164744,20.0,25.0,1.0,0.0,912.0,7.0,11.0
11.0,22.0,11.0,21.0,-121.0,11.0,11.0,-111.0,10.213450561671445,9.0,11.0,30000.0,10000.0,19000.0,0.0,25.43738862114501,16.5,19.0,0.0,10000.0,37073.940628021584,25000.0,0.0,26.77410907217338,17.0,20.0,0.0,122.0,10.181105580725582,9.0,11.0,1.0,13865.948177158662,10000.0,19000.0,1.0,16.5,17.314943776551864,19.0,1.0,20921.088819780853,10000.0,25000.0,1.0,18.64811170625105,17.0,20.0,1.0,0.0,111.0,1.0,39.0
91.0,21.0,91.0,24.0,-721.0,911.0,11.0,-711.0,15.396285961213643,12.0,17.0,30000.0,18000.0,36000.0,1.0,24.94738660791008,20.0,25.0,1.0,18000.0,34539.61171307735,36000.0,1.0,25.514600964615674,20.0,26.0,1.0,721.0,14.931625759101212,12.0,17.0,1.0,24692.43883875499,18000.0,36000.0,1.0,20.0,23.08234094076332,25.0,1.0,29162.688280791404,18000.0,36000.0,1.0,23.640888636433836,20.0,26.0,1.0,1.0,91121.0,7.0,18.0
92.0,24.0,92.0,24.0,-721.0,921.0,13.0,-711.0,15.280233573914101,12.0,17.0,30000.0,15000.0,28000.0,0.0,24.363053525760566,19.5,25.0,1.0,15000.0,33968.932988208835,28000.0,0.0,24.847368156703485,20.0,26.0,1.0,722.0,15.08430845476317,12.0,17.0,1.0,21234.20685701804,15000.0,28000.0,1.0,19.5,21.728159512339825,25.0,1.0,25222.09693984187,15000.0,28000.0,1.0,22.214787409419888,20.0,26.0,1.0,0.0,92122.0,7.0,25.0
11.0,22.0,11.0,22.0,-121.0,21.0,13.0,-111.0,10.203116681860667,9.0,11.0,30000.0,10000.0,19000.0,0.0,26.78378675737517,16.5,19.0,0.0,10000.0,37109.18732784369,25000.0,0.0,28.122677341196347,17.0,20.0,0.0,122.0,10.187062726815029,9.0,11.0,1.0,16949.112598965552,10000.0,19000.0,1.0,16.5,17.88540432219355,19.0,1.0,23902.738464399812,10000.0,25000.0,1.0,19.194997636492836,17.0,20.0,1.0,0.0,211.0,1.0,28.0
11.0,22.0,11.0,22.0,-121.0,21.0,13.0,-111.0,10.18915813204713,9.0,11.0,30000.0,10000.0,19000.0,0.0,25.70239125013199,16.5,19.0,0.0,10000.0,37048.11566171808,25000.0,0.0,27.033281832365653,17.0,20.0,0.0,122.0,10.185776403012568,9.0,11.0,1.0,15066.786492791756,10000.0,19000.0,1.0,16.5,17.586054366008636,19.0,1.0,22020.721329673637,10000.0,25000.0,1.0,18.899160851213033,17.0,20.0,1.0,0.0,211.0,1.0,19.0
11.0,22.0,11.0,22.0,-121.0,11.0,11.0,-111.0,9.993469537594057,9.0,11.0,30000.0,10000.0,19000.0,0.0,23.709607565369502,16.5,19.0,0.0,10000.0,36384.429864788384,25000.0,0.0,24.993436398296254,17.0,20.0,0.0,121.0,9.995431320654365,9.0,11.0,1.0,14417.802717070557,10000.0,19000.0,1.0,16.5,17.424242520137263,19.0,1.0,21012.549400288248,10000.0,25000.0,1.0,18.750363429454126,17.0,20.0,1.0,0.0,111.0,1.0,50.0
92.0,24.0,92.0,24.0,-721.0,921.0,13.0,-711.0,14.925225895726902,12.0,17.0,30000.0,15000.0,28000.0,0.0,23.68822977175504,19.5,25.0,1.0,15000.0,34069.51090839398,28000.0,0.0,24.182978786551505,20.0,26.0,1.0,722.0,15.268203875112455,12.0,17.0,1.0,21361.3032938134,15000.0,28000.0,1.0,19.5,21.905981011270978,25.0,1.0,25352.019574407463,15000.0,28000.0,1.0,22.391150603539085,20.0,26.0,1.0,0.0,92122.0,7.0,20.0
11.0,22.0,11.0,21.0,-121.0,11.0,11.0,-111.0,10.184190247144372,9.0,11.0,30000.0,10000.0,19000.0,0.0,22.836585829981363,16.5,19.0,0.0,10000.0,36858.29765401649,25000.0,0.0,24.128178372435357,17.0,20.0,0.0,122.0,10.206328435733777,9.0,11.0,1.0,13086.518399559704,10000.0,19000.0,1.0,16.5,17.155743534785874,19.0,1.0,20126.48241567275,10000.0,25000.0,1.0,18.481548491214237,17.0,20.0,1.0,0.0,111.0,1.0,12.0
11.0,22.0,11.0,22.0,-121.0,11.0,11.0,-111.0,9.99526554132512,9.0,11.0,30000.0,10000.0,19000.0,0.0,24.56501794838131,16.5,19.0,0.0,10000.0,36484.99848968071,25000.0,0.0,25.859991830579666,17.0,20.0,0.0,121.0,10.011048961304065,9.0,11.0,1.0,17869.107510041915,10000.0,19000.0,1.0,16.5,18.118253457697886,19.0,1.0,24411.861723211077,10000.0,25000.0,1.0,19.42476044257684,17.0,20.0,1.0,0.0,111.0,1.0,11.0
92.0,24.0,92.0,24.0,-721.0,921.0,13.0,-711.0,15.550993384295932,12.0,17.0,30000.0,15000.0,28000.0,0.0,25.007064920098273,19.5,25.0,0.0,15000.0,34500.545254514465,28000.0,0.0,25.56605948181493,20.0,26.0,1.0,721.0,14.45334676938866,12.0,17.0,1.0,20348.37055348604,15000.0,28000.0,1.0,19.5,20.942524682455254,25.0,1.0,24869.12357349,15000.0,28000.0,1.0,21.504029169164163,20.0,26.0,1.0,0.0,92122.0,7.0,22.0
11.0,22.0,11.0,21.0,-121.0,11.0,12.0,-111.0,10.011020808226913,9.0,11.0,30000.0,10000.0,19000.0,0.0,24.92198477618905,16.5,19.0,0.0,10000.0,36545.01694419203,25000.0,0.0,26.240668235523316,17.0,20.0,0.0,121.0,9.987172818194587,9.0,11.0,1.0,13476.732057349445,10000.0,19000.0,1.0,16.5,17.166444013928498,19.0,1.0,19973.024941049363,10000.0,25000.0,1.0,18.475310598350077,17.0,20.0,1.0,0.0,111.0,1.0,10.0
11.0,22.0,11.0,22.0,-121.0,11.0,12.0,-111.0,10.20899328749857,9.0,11.0,30000.0,10000.0,19000.0,0.0,24.321492462934856,16.5,19.0,0.0,10000.0,36962.65866683318,25000.0,0.0,25.633236879346967,17.0,20.0,0.0,122.0,10.22622292707172,9.0,11.0,1.0,16391.5683614423,10000.0,19000.0,1.0,16.5,17.84587299013585,19.0,1.0,23466.09626816945,10000.0,25000.0,1.0,19.178693242348757,17.0,20.0,1.0,0.0,111.0,1.0,49.0
92.0,24.0,92.0,24.0,-721.0,921.0,13.0,-711.0,15.283297651379009,12.0,17.0,30000.0,15000.0,28000.0,0.0,24.00227901133983,19.5,25.0,1.0,15000.0,33970.80843031457,28000.0,0.0,24.483571227137066,20.0,26.0,1.0,722.0,15.426279783135131,12.0,17.0,1.0,18530.280625450825,15000.0,28000.0,1.0,19.5,21.731053953557364,25.0,1.0,22518.305657097088,15000.0,28000.0,1.0,22.21443295252454,20.0,26.0,1.0,0.0,92122.0,7.0,25.0
92.0,24.0,92.0,24.0,-721.0,921.0,13.0,-711.0,15.741093020934105,12.0,17.0,30000.0,15000.0,28000.0,0.0,25.101476938147265,19.5,25.0,0.0,15000.0,34479.48381019638,28000.0,0.0,25.663232777179097,20.0,26.0,1.0,721.0,14.524263368739351,12.0,17.0,1.0,20937.94417045895,15000.0,28000.0,1.0,19.5,21.25216963820644,25.0,1.0,25496.096299629204,15000.0,28000.0,1.0,21.82379098616807,20.0,26.0,1.0,0.0,92122.0,7.0,22.0
91.0,24.0,91.0,24.0,-721.0,911.0,12.0,-711.0,15.22719195174706,12.0,17.0,30000.0,18000.0,36000.0,1.0,24.47918734350224,20.0,25.0,1.0,18000.0,34004.091287388816,36000.0,1.0,24.967953666815287,20.0,26.0,1.0,722.0,15.430624560190653,12.0,17.0,1.0,25237.716193387838,18000.0,36000.0,1.0,20.0,23.544361530880636,25.0,1.0,29257.978346379674,18000.0,36000.0,1.0,24.03510177885181,20.0,26.0,1.0,1.0,91121.0,7.0,23.0
11.0,22.0,11.0,22.0,-121.0,11.0,11.0,-111.0,9.998261067555084,9.0,11.0,30000.0,10000.0,19000.0,0.0,26.316147252671303,16.5,19.0,0.0,10000.0,36516.972464605584,25000.0,0.0,27.616445211555476,17.0,20.0,0.0,121.0,9.98377298224603,9.0,11.0,1.0,16251.12099421438,10000.0,19000.0,1.0,16.5,17.744209482426076,19.0,1.0,22758.78956380183,10000.0,25000.0,1.0,19.042651083044586,17.0,20.0,1.0,0.0,111.0,1.0,50.0
11.0,21.0,11.0,22.0,-121.0,21.0,13.0,-111.0,10.198010628812925,9.0,11.0,30000.0,10000.0,19000.0,0.0,27.3005556871965,16.5,19.0,0.0,10000.0,36902.39417212569,25000.0,0.0,28.593275161341506,17.0,20.0,0.0,122.0,10.214966984599842,9.0,11.0,1.0,12346.718286735986,10000.0,19000.0,1.0,16.5,17.023967213188136,19.0,1.0,19415.34377642627,10000.0,25000.0,1.0,18.34781942998298,17.0,20.0,1.0,0.0,211.0,1.0,52.0
91.0,24.0,91.0,24.0,-721.0,911.0,12.0,-711.0,15.300314306988803,12.0,17.0,30000.0,18000.0,36000.0,1.0,25.658221028042654,20.0,25.0,0.0,18000.0,33941.16398062297,36000.0,1.0,26.13763956701903,20.0,26.0,0.0,722.0,15.113793854595878,12.0,17.0,1.0,27083.116213755457,18000.0,36000.0,1.0,20.0,23.41485293253556,25.0,1.0,31130.79402470415,18000.0,36000.0,1.0,23.907228228745737,20.0,26.0,1.0,0.0,91121.0,7.0,24.0
11.0,21.0,11.0,22.0,-121.0,21.0,13.0,-111.0,10.233414483075796,9.0,11.0,30000.0,10000.0,19000.0,0.0,26.653986173575177,16.5,19.0,0.0,10000.0,36959.50287881932,25000.0,0.0,27.965293548860174,17.0,20.0,0.0,122.0,10.215831734178021,9.0,11.0,1.0,15416.385958859575,10000.0,19000.0,1.0,16.5,17.614031320070584,19.0,1.0,22326.27420191514,10000.0,25000.0,1.0,18.915990321063344,17.0,20.0,1.0,0.0,211.0,1.0,52.0
11.0,21.0,11.0,22.0,-121.0,21.0,13.0,-111.0,9.98904257991306,9.0,11.0,30000.0,10000.0,19000.0,0.0,27.182302056208215,16.5,19.0,0.0,10000.0,36401.707302673516,25000.0,0.0,28.45450658580652,17.0,20.0,0.0,121.0,9.997967895618986,9.0,11.0,1.0,14151.72186457982,10000.0,19000.0,1.0,16.5,17.309539777002037,19.0,1.0,20569.896311197048,10000.0,25000.0,1.0,18.585016804720645,17.0,20.0,1.0,0.0,211.0,1.0,59.0
91.0,24.0,91.0,24.0,-721.0,911.0,12.0,-711.0,15.155362886070641,12.0,17.0,30000.0,18000.0,36000.0,1.0,24.673674327571327,20.0,25.0,1.0,18000.0,33873.72534465441,36000.0,1.0,25.144888860713603,20.0,26.0,1.0,722.0,15.133890310385338,12.0,17.0,1.0,30510.752753357625,18000.0,36000.0,1.0,20.0,23.778170275178404,25.0,1.0,34514.30530619407,18000.0,36000.0,1.0,24.26517747864437,20.0,26.0,1.0,1.0,91121.0,7.0,8.0
11.0,22.0,11.0,22.0,-121.0,21.0,13.0,-111.0,10.018897076133442,9.0,11.0,30000.0,10000.0,19000.0,0.0,26.064676418129725,16.5,19.0,0.0,10000.0,36438.46561035123,25000.0,0.0,27.351266652114298,17.0,20.0,0.0,121.0,10.007330506658153,9.0,11.0,1.0,16422.9130664061,10000.0,19000.0,1.0,16.5,17.8241949312097,19.0,1.0,22949.737347791808,10000.0,25000.0,1.0,19.12844176385002,17.0,20.0,1.0,0.0,211.0,1.0,36.0
11.0,22.0,11.0,21.0,-121.0,11.0,11.0,-111.0,10.166317708384716,9.0,11.0,30000.0,10000.0,19000.0,0.0,24.004504852380933,16.5,19.0,0.0,10000.0,37122.8482414758,25000.0,0.0,25.348537477778972,17.0,20.0,0.0,122.0,10.234624937269725,9.0,11.0,1.0,14266.810559464151,10000.0,19000.0,1.0,16.5,17.424043916201434,19.0,1.0,21107.04298405159,10000.0,25000.0,1.0,18.71474887470638,17.0,20.0,1.0,0.0,111.0,1.0,1.0
11.0,22.0,11.0,22.0,-121.0,21.0,13.0,-111.0,9.999509484225852,9.0,11.0,30000.0,10000.0,19000.0,0.0,25.56355721477651,16.5,19.0,0.0,10000.0,36468.845736085335,25000.0,0.0,26.856488512277565,17.0,20.0,0.0,121.0,10.005764504759306,9.0,11.0,1.0,14379.815801995117,10000.0,19000.0,1.0,16.5,17.387524559978477,19.0,1.0,20906.220376139885,10000.0,25000.0,1.0,18.69196017002786,17.0,20.0,1.0,0.0,211.0,1.0,13.0
91.0,24.0,91.0,24.0,-721.0,911.0,11.0,-711.0,15.561713390503332,12.0,17.0,30000.0,18000.0,36000.0,1.0,25.152873147016905,20.0,25.0,0.0,18000.0,34531.70813237422,36000.0,1.0,25.717707960853154,20.0,26.0,1.0,721.0,15.654615658881713,12.0,17.0,1.0,27502.393137468654,18000.0,36000.0,1.0,20.0,24.098838263341776,25.0,1.0,31926.01834358634,18000.0,36000.0,1.0,24.65020155656202,20.0,26.0,1.0,0.0,91121.0,7.0,28.0
11.0,21.0,11.0,22.0,-121.0,21.0,13.0,-111.0,9.995127748667237,9.0,11.0,30000.0,10000.0,19000.0,0.0,27.250368758866948,16.5,19.0,0.0,10000.0,36557.847111232295,25000.0,0.0,28.561779682466312,17.0,20.0,0.0,121.0,10.001513582749372,9.0,11.0,1.0,12028.024044680515,10000.0,19000.0,1.0,16.5,16.947279343969758,19.0,1.0,18438.890797169566,10000.0,25000.0,1.0,18.22929774823449,17.0,20.0,1.0,0.0,211.0,1.0,32.0
11.0,22.0,11.0,22.0,-121.0,11.0,11.0,-111.0,10.006341539542387,9.0,11.0,30000.0,10000.0,19000.0,0.0,23.966982747199246,16.5,19.0,0.0,10000.0,36562.91608270681,25000.0,0.0,25.28199244891879,17.0,20.0,0.0,121.0,9.995613839075418,9.0,11.0,1.0,17098.94002111465,10000.0,19000.0,1.0,16.5,17.986685218935236,19.0,1.0,23526.298169217996,10000.0,25000.0,1.0,19.2745332143489,17.0,20.0,1.0,0.0,111.0,1.0,17.0
91.0,24.0,91.0,21.0,-721.0,911.0,11.0,-711.0,15.185617961096328,12.0,17.0,30000.0,18000.0,36000.0,1.0,24.316936149775714,20.0,25.0,1.0,18000.0,34005.367518090396,36000.0,1.0,24.802193679537258,20.0,26.0,1.0,722.0,15.056380155945124,12.0,17.0,1.0,24022.072959981517,18000.0,36000.0,1.0,20.0,22.85313079937309,25.0,1.0,27989.280706686735,18000.0,36000.0,1.0,23.333765203712307,20.0,26.0,1.0,1.0,91121.0,7.0,3.0
91.0,21.0,91.0,24.0,-721.0,911.0,12.0,-711.0,15.12173607781915,12.0,17.0,30000.0,18000.0,36000.0,1.0,25.291208947449938,20.0,25.0,0.0,18000.0,34035.10953416901,36000.0,1.0,25.784271493205758,20.0,26.0,1.0,722.0,15.299775669304383,12.0,17.0,1.0,28697.474394917896,18000.0,36000.0,1.0,20.0,23.89755748358111,25.0,1.0,32740.739339793578,18000.0,36000.0,1.0,24.391616564258886,20.0,26.0,1.0,0.0,91121.0,7.0,26.0
91.0,24.0,91.0,21.0,-721.0,911.0,11.0,-711.0,14.821132558585296,12.0,17.0,30000.0,18000.0,36000.0,1.0,24.342384484651575,20.0,25.0,1.0,18000.0,34536.901138113186,36000.0,1.0,24.910107214874298,20.0,26.0,1.0,721.0,14.192285872791743,12.0,17.0,1.0,21585.957586083085,18000.0,36000.0,1.0,20.0,21.86819594165277,25.0,1.0,26077.15750974019,18000.0,36000.0,1.0,22.430199874516752,20.0,26.0,1.0,1.0,91121.0,7.0,15.0
91.0,21.0,91.0,24.0,-721.0,911.0,12.0,-711.0,15.50838010716469,12.0,17.0,30000.0,18000.0,36000.0,1.0,25.10291373792313,20.0,25.0,0.0,18000.0,33934.438508298525,36000.0,1.0,25.582117272684922,20.0,26.0,1.0,722.0,15.312760169072968,12.0,17.0,1.0,28125.480089863675,18000.0,36000.0,1.0,20.0,23.81360536818567,25.0,1.0,32020.45438477114,18000.0,36000.0,1.0,24.288002272849237,20.0,26.0,1.0,0.0,91121.0,7.0,26.0
11.0,22.0,11.0,22.0,-121.0,21.0,12.0,-111.0,10.174628032491922,9.0,11.0,30000.0,10000.0,19000.0,0.0,24.038634112315727,16.5,19.0,0.0,10000.0,36986.14245628523,25000.0,0.0,25.354743912173383,17.0,20.0,0.0,122.0,10.191020062980712,9.0,11.0,1.0,17713.21057174631,10000.0,19000.0,1.0,16.5,18.017588027127097,19.0,1.0,24864.646609609623,10000.0,25000.0,1.0,19.364837258213036,17.0,20.0,1.0,0.0,211.0,1.0,25.0
11.0,22.0,11.0,22.0,-121.0,21.0,13.0,-111.0,10.019065625932937,9.0,11.0,30000.0,10000.0,19000.0,0.0,24.76658569342077,16.5,19.0,0.0,10000.0,36463.445177216556,25000.0,0.0,26.06292238105173,17.0,20.0,0.0,121.0,9.989591503154205,9.0,11.0,1.0,14468.59583849065,10000.0,19000.0,1.0,16.5,17.422088470769676,19.0,1.0,21015.363248950882,10000.0,25000.0,1.0,18.735136628040678,17.0,20.0,1.0,0.0,211.0,1.0,36.0
11.0,22.0,11.0,21.0,-121.0,11.0,11.0,-111.0,10.017809354544369,9.0,11.0,30000.0,10000.0,19000.0,0.0,24.35122024501603,16.5,19.0,0.0,10000.0,36502.38145407483,25000.0,0.0,25.657864881007267,17.0,20.0,0.0,121.0,10.022708254458681,9.0,11.0,1.0,14790.639616420991,10000.0,19000.0,1.0,16.5,17.469299491624525,19.0,1.0,21305.03754919502,10000.0,25000.0,1.0,18.778358822531263,17.0,20.0,1.0,0.0,111.0,1.0,39.0
11.0,22.0,11.0,21.0,-121.0,21.0,12.0,-111.0,10.036655835483417,9.0,11.0,30000.0,10000.0,19000.0,0.0,23.701307848035256,16.5,19.0,0.0,10000.0,36459.604582530286,25000.0,0.0,24.98683111685451,17.0,20.0,0.0,121.0,10.00217812387688,9.0,11.0,1.0,12934.864742744729,10000.0,19000.0,1.0,16.5,17.073048241950772,19.0,1.0,19516.546328702134,10000.0,25000.0,1.0,18.382866005346013,17.0,20.0,1.0,0.0,211.0,1.0,53.0
92.0,24.0,92.0,24.0,-721.0,921.0,13.0,-711.0,15.182317810289488,12.0,17.0,30000.0,15000.0,28000.0,0.0,24.357655075883358,19.5,25.0,1.0,15000.0,34064.916522154024,28000.0,0.0,24.854163515996415,20.0,26.0,1.0,722.0,15.2649478980479,12.0,17.0,1.0,19784.86280074813,15000.0,28000.0,1.0,19.5,21.730809279700388,25.0,1.0,23797.7346135708,15000.0,28000.0,1.0,22.22096072888745,20.0,26.0,1.0,0.0,92122.0,7.0,22.0
11.0,21.0,11.0,22.0,-121.0,11.0,11.0,-111.0,10.183130607674864,9.0,11.0,30000.0,10000.0,19000.0,0.0,25.423853201124412,16.5,19.0,0.0,10000.0,37014.91485190919,25000.0,0.0,26.749453003847933,17.0,20.0,0.0,122.0,10.220944896586353,9.0,11.0,1.0,15774.541285017916,10000.0,19000.0,1.0,16.5,17.72260002777315,19.0,1.0,22791.5732536486,10000.0,25000.0,1.0,19.048599899430876,17.0,20.0,1.0,0.0,111.0,1.0,29.0
11.0,22.0,11.0,21.0,-121.0,21.0,12.0,-111.0,10.177005042926776,9.0,11.0,30000.0,10000.0,19000.0,0.0,25.002412983382992,16.5,19.0,0.0,10000.0,37012.846791747594,25000.0,0.0,26.322652687920762,17.0,20.0,0.0,122.0,10.192803695916853,9.0,11.0,1.0,14470.263375789471,10000.0,19000.0,1.0,16.5,17.39335196230195,19.0,1.0,21567.270351666593,10000.0,25000.0,1.0,18.729435677115227,17.0,20.0,1.0,0.0,211.0,1.0,53.0
91.0,24.0,91.0,24.0,-721.0,911.0,11.0,-711.0,15.141098992322453,12.0,17.0,30000.0,18000.0,36000.0,1.0,24.247847554308635,20.0,25.0,1.0,18000.0,33915.803280469576,36000.0,1.0,24.725305885274718,20.0,26.0,1.0,722.0,15.27596589004066,12.0,17.0,1.0,25865.658936799755,18000.0,36000.0,1.0,20.0,23.547163929173998,25.0,1.0,29832.81043031645,18000.0,36000.0,1.0,24.030883205939336,20.0,26.0,1.0,1.0,91121.0,7.0,28.0
11.0,22.0,11.0,21.0,-121.0,11.0,12.0,-111.0,10.005403855529472,9.0,11.0,30000.0,10000.0,19000.0,0.0,24.778022819393932,16.5,19.0,0.0,10000.0,36530.42875084515,25000.0,0.0,26.077483837837512,17.0,20.0,0.0,121.0,9.991859235104286,9.0,11.0,1.0,15924.771651653822,10000.0,19000.0,1.0,16.5,17.626504730368246,19.0,1.0,22417.40572210821,10000.0,25000.0,1.0,18.91844515318999,17.0,20.0,1.0,0.0,111.0,1.0,45.0
11.0,22.0,11.0,22.0,-121.0,21.0,13.0,-111.0,10.221768209429726,9.0,11.0,30000.0,10000.0,19000.0,0.0,26.232727100531648,16.5,19.0,0.0,10000.0,37038.636020534424,25000.0,0.0,27.56244337319709,17.0,20.0,0.0,122.0,10.199994849420056,9.0,11.0,1.0,14799.404901639817,10000.0,19000.0,1.0,16.5,17.53195724581431,19.0,1.0,21890.519242717142,10000.0,25000.0,1.0,18.871587552475045,17.0,20.0,1.0,0.0,211.0,1.0,36.0
91.0,24.0,91.0,24.0,-721.0,911.0,12.0,-711.0,15.162401584304392,12.0,17.0,30000.0,18000.0,36000.0,1.0,25.415376437290718,20.0,25.0,0.0,18000.0,34028.906265871905,36000.0,1.0,25.90796845098774,20.0,26.0,1.0,722.0,15.01761517320066,12.0,17.0,1.0,29516.60388530738,18000.0,36000.0,1.0,20.0,23.659843091683463,25.0,1.0,33501.878077662186,18000.0,36000.0,1.0,24.147100453855423,20.0,26.0,1.0,0.0,91121.0,7.0,24.0
11.0,22.0,11.0,22.0,-121.0,21.0,13.0,-111.0,10.204974281345327,9.0,11.0,30000.0,10000.0,19000.0,0.0,28.32808955117627,16.5,19.0,0.0,10000.0,37043.800067291915,25000.0,0.0,29.6538965873904,17.0,20.0,0.0,122.0,10.195683874099382,9.0,11.0,1.0,13469.437093977604,10000.0,19000.0,1.0,16.5,17.25242352360947,19.0,1.0,20349.799537401042,10000.0,25000.0,1.0,18.547467796877907,17.0,20.0,1.0,0.0,211.0,1.0,41.0
11.0,21.0,11.0,21.0,-121.0,11.0,11.0,-111.0,9.994817902574319,9.0,11.0,30000.0,10000.0,19000.0,0.0,24.59860933750528,16.5,19.0,0.0,10000.0,36478.757844814405,25000.0,0.0,25.892485015236424,17.0,20.0,0.0,121.0,9.995001410960155,9.0,11.0,1.0,13542.905032088222,10000.0,19000.0,1.0,16.5,17.155853280854878,19.0,1.0,20006.85781276078,10000.0,25000.0,1.0,18.446772232488332,17.0,20.0,1.0,0.0,111.0,1.0,18.0
11.0,21.0,11.0,22.0,-121.0,21.0,13.0,-111.0,10.005565605381605,9.0,11.0,30000.0,10000.0,19000.0,0.0,25.657800061375,16.5,19.0,0.0,10000.0,36494.452788105955,25000.0,0.0,26.963140670779026,17.0,20.0,0.0,121.0,9.994538903217197,9.0,11.0,1.0,14648.743491917749,10000.0,19000.0,1.0,16.5,17.474165615056382,19.0,1.0,21093.706343008787,10000.0,25000.0,1.0,18.76955908547116,17.0,20.0,1.0,0.0,211.0,1.0,59.0
81.0,23.0,81.0,23.0,-721.0,912.0,11.0,-711.0,15.393302130025555,12.0,17.0,30000.0,12500.0,23000.0,0.0,26.651421504807082,20.0,24.0,0.0,12500.0,33933.5561795324,26000.0,0.0,27.13161379954467,20.0,25.0,0.0,722.0,15.106889486183771,12.0,17.0,1.0,17777.089943144336,12500.0,23000.0,1.0,20.0,21.89926724984939,24.0,1.0,21747.026283692583,12500.0,26000.0,1.0,22.383900684411554,20.0,25.0,1.0,0.0,912.0,7.0,17.0
11.0,22.0,11.0,22.0,-121.0,21.0,13.0,-111.0,10.201139194412285,9.0,11.0,30000.0,10000.0,19000.0,0.0,25.377480524276752,16.5,19.0,0.0,10000.0,36975.751317620896,25000.0,0.0,26.69567426659943,17.0,20.0,0.0,122.0,10.195415410018217,9.0,11.0,1.0,14051.530824889827,10000.0,19000.0,1.0,16.5,17.370982719501107,19.0,1.0,21058.815021089944,10000.0,25000.0,1.0,18.695135166675485,17.0,20.0,1.0,0.0,211.0,1.0,22.0
11.0,22.0,11.0,22.0,-121.0,21.0,13.0,-111.0,10.18742902551096,9.0,11.0,30000.0,10000.0,19000.0,0.0,24.33627299111675,16.5,19.0,0.0,10000.0,37056.44110846909,25000.0,0.0,25.665187871771685,17.0,20.0,0.0,122.0,10.216645565649412,9.0,11.0,1.0,14211.471953361613,10000.0,19000.0,1.0,16.5,17.442112230256996,19.0,1.0,21385.571241873862,10000.0,25000.0,1.0,18.79318526456002,17.0,20.0,1.0,0.0,211.0,1.0,47.0
91.0,24.0,91.0,24.0,-721.0,911.0,11.0,-711.0,14.529906253405052,12.0,17.0,30000.0,18000.0,36000.0,1.0,23.649859445516682,20.0,25.0,1.0,18000.0,34539.88725097509,36000.0,1.0,24.217224076350842,20.0,26.0,1.0,721.0,14.883871171431188,12.0,17.0,1.0,26897.9310224813,18000.0,36000.0,1.0,20.0,23.321552532591134,25.0,1.0,31430.7988454156,18000.0,36000.0,1.0,23.88803992243254,20.0,26.0,1.0,1.0,91121.0,7.0,9.0
11.0,22.0,11.0,21.0,-121.0,21.0,13.0,-111.0,10.2015794524304,9.0,11.0,30000.0,10000.0,19000.0,0.0,25.66490498907274,16.5,19.0,0.0,10000.0,36865.77318528513,25000.0,0.0,26.96189215940543,17.0,20.0,0.0,122.0,10.20919787577607,9.0,11.0,1.0,12972.235929330844,10000.0,19000.0,1.0,16.5,17.14852830413995,19.0,1.0,20048.08966397187,10000.0,25000.0,1.0,18.485200994209155,17.0,20.0,1.0,0.0,211.0,1.0,33.0
11.0,22.0,11.0,22.0,-121.0,21.0,12.0,-111.0,9.998754956544774,9.0,11.0,30000.0,10000.0,19000.0,0.0,23.768301308192093,16.5,19.0,0.0,10000.0,36506.39982288913,25000.0,0.0,25.0655536393304,17.0,20.0,0.0,121.0,9.994583712703223,9.0,11.0,1.0,17672.569195493692,10000.0,19000.0,1.0,16.5,18.0024595525298,19.0,1.0,24226.977815011815,10000.0,25000.0,1.0,19.309283924280027,17.0,20.0,1.0,0.0,211.0,1.0,48.0
91.0,24.0,91.0,24.0,-721.0,911.0,12.0,-711.0,15.180010209563275,12.0,17.0,30000.0,18000.0,36000.0,1.0,23.885514243950333,20.0,25.0,1.0,18000.0,34496.11825624751,36000.0,1.0,24.44606735016074,20.0,26.0,1.0,721.0,15.69389646119613,12.0,17.0,1.0,28160.725773396956,18000.0,36000.0,1.0,20.0,24.13815105400317,25.0,1.0,32668.884609500503,18000.0,36000.0,1.0,24.700205318335808,20.0,26.0,1.0,1.0,91121.0,7.0,27.0
11.0,22.0,11.0,21.0,-121.0,11.0,12.0,-111.0,9.999310179462533,9.0,11.0,30000.0,10000.0,19000.0,0.0,24.214236251730853,16.5,19.0,0.0,10000.0,36509.388459366266,25000.0,0.0,25.520196232361116,17.0,20.0,0.0,121.0,9.991513219949448,9.0,11.0,1.0,15260.83128652997,10000.0,19000.0,1.0,16.5,17.539002984021412,19.0,1.0,21709.28464313365,10000.0,25000.0,1.0,18.8327377293442,17.0,20.0,1.0,0.0,111.0,1.0,46.0
91.0,21.0,91.0,24.0,-721.0,911.0,12.0,-711.0,15.221545332330603,12.0,17.0,30000.0,18000.0,36000.0,1.0,24.718014237996407,20.0,25.0,1.0,18000.0,34052.479189036254,36000.0,1.0,25.21170849792702,20.0,26.0,1.0,722.0,15.238230379984852,12.0,17.0,1.0,27639.963906016874,18000.0,36000.0,1.0,20.0,23.599969564933517,25.0,1.0,31652.022688772056,18000.0,36000.0,1.0,24.08873959906699,20.0,26.0,1.0,1.0,91121.0,7.0,26.0
91.0,21.0,91.0,24.0,-721.0,911.0,12.0,-711.0,15.501530226052314,12.0,17.0,30000.0,18000.0,36000.0,1.0,25.345016745029668,20.0,25.0,0.0,18000.0,34510.706600822916,36000.0,1.0,25.908515116660126,20.0,26.0,1.0,721.0,14.405059060180063,12.0,17.0,1.0,27757.499017806673,18000.0,36000.0,1.0,20.0,22.88802856578041,25.0,1.0,32232.534741417352,18000.0,36000.0,1.0,23.44707076612718,20.0,26.0,1.0,0.0,91121.0,7.0,19.0
11.0,21.0,11.0,22.0,-121.0,21.0,13.0,-111.0,10.192849460508738,9.0,11.0,30000.0,10000.0,19000.0,0.0,28.973815816587006,16.5,19.0,0.0,10000.0,37306.39413908501,25000.0,0.0,30.352649751061037,17.0,20.0,0.0,122.0,10.207034444104977,9.0,11.0,1.0,13115.304897980408,10000.0,19000.0,1.0,16.5,17.237708088701037,19.0,1.0,20216.09964823843,10000.0,25000.0,1.0,18.57774211602179,17.0,20.0,1.0,0.0,211.0,1.0,52.0
11.0,22.0,11.0,21.0,-121.0,11.0,12.0,-111.0,10.015423027809986,9.0,11.0,30000.0,10000.0,19000.0,0.0,24.928508034126857,16.5,19.0,0.0,10000.0,36520.71122587599,25000.0,0.0,26.231119431849088,17.0,20.0,0.0,121.0,10.013197408729484,9.0,11.0,1.0,15308.367981297542,10000.0,19000.0,1.0,16.5,17.54806920583005,19.0,1.0,21881.92459724807,10000.0,25000.0,1.0,18.86123727521641,17.0,20.0,1.0,0.0,111.0,1.0,45.0
11.0,22.0,11.0,21.0,-121.0,11.0,11.0,-111.0,10.192588427086832,9.0,11.0,30000.0,10000.0,19000.0,0.0,26.065935943318372,16.5,19.0,0.0,10000.0,37026.92289308003,25000.0,0.0,27.384454902119337,17.0,20.0,0.0,122.0,10.217826261219567,9.0,11.0,1.0,14085.965026719383,10000.0,19000.0,1.0,16.5,17.326323522892565,19.0,1.0,21027.270640151743,10000.0,25000.0,1.0,18.628777411941932,17.0,20.0,1.0,0.0,111.0,1.0,54.0
11.0,22.0,11.0,22.0,-121.0,11.0,11.0,-111.0,10.20447765920333,9.0,11.0,30000.0,10000.0,19000.0,0.0,25.86681163095107,16.5,19.0,0.0,10000.0,36992.843556381114,25000.0,0.0,27.187500961454447,17.0,20.0,0.0,122.0,10.199250366397246,9.0,11.0,1.0,20005.77135813384,10000.0,19000.0,0.0,16.5,18.523225356718804,19.0,1.0,27091.720867096446,10000.0,25000.0,0.0,19.86149895565166,17.0,20.0,1.0,0.0,111.0,1.0,57.0
11.0,22.0,11.0,22.0,-121.0,21.0,13.0,-111.0,10.202029356279327,9.0,11.0,30000.0,10000.0,19000.0,0.0,24.085729527067866,16.5,19.0,0.0,10000.0,37156.051291088545,25000.0,0.0,25.429015487055622,17.0,20.0,0.0,122.0,10.194266029452239,9.0,11.0,1.0,12850.267812234008,10000.0,19000.0,1.0,16.5,17.121665717110197,19.0,1.0,19962.13480969906,10000.0,25000.0,1.0,18.456657697798178,17.0,20.0,1.0,0.0,211.0,1.0,31.0
11.0,22.0,11.0,21.0,-121.0,11.0,11.0,-111.0,10.020112879443,9.0,11.0,30000.0,10000.0,19000.0,0.0,23.612695667890833,16.5,19.0,0.0,10000.0,36577.69511756195,25000.0,0.0,24.922460445240283,17.0,20.0,0.0,121.0,9.994576645830048,9.0,11.0,1.0,11204.139713821534,10000.0,19000.0,1.0,16.5,16.66221057983654,19.0,1.0,17624.39853309642,10000.0,25000.0,1.0,17.94062630337805,17.0,20.0,1.0,0.0,111.0,1.0,26.0
11.0,21.0,11.0,22.0,-121.0,21.0,12.0,-111.0,9.997038361587173,9.0,11.0,30000.0,10000.0,19000.0,0.0,25.041889451719427,16.5,19.0,0.0,10000.0,36514.15236184063,25000.0,0.0,26.342855519518118,17.0,20.0,0.0,121.0,10.014094951716277,9.0,11.0,1.0,15616.210204359255,10000.0,19000.0,1.0,16.5,17.684346580413962,19.0,1.0,22131.414384173233,10000.0,25000.0,1.0,18.985522710768272,17.0,20.0,1.0,0.0,211.0,1.0,37.0
11.0,22.0,11.0,22.0,-121.0,21.0,12.0,-111.0,10.192391643548396,9.0,11.0,30000.0,10000.0,19000.0,0.0,24.128697553433618,16.5,19.0,0.0,10000.0,37035.88740345762,25000.0,0.0,25.46003054478026,17.0,20.0,0.0,122.0,10.201268108928158,9.0,11.0,1.0,14359.332477719763,10000.0,19000.0,1.0,16.5,17.433297520448566,19.0,1.0,21379.71472280041,10000.0,25000.0,1.0,18.76169662048916,17.0,20.0,1.0,0.0,211.0,1.0,23.0
11.0,21.0,11.0,22.0,-121.0,11.0,11.0,-111.0,10.182806805070495,9.0,11.0,30000.0,10000.0,19000.0,0.0,25.214183511657808,16.5,19.0,0.0,10000.0,36946.95776806203,25000.0,0.0,26.522133455571744,17.0,20.0,0.0,122.0,10.20689391035073,9.0,11.0,1.0,15320.02474716636,10000.0,19000.0,1.0,16.5,17.626590494518815,19.0,1.0,22407.65041059767,10000.0,25000.0,1.0,18.96102491869037,17.0,20.0,1.0,0.0,111.0,1.0,29.0
91.0,24.0,91.0,24.0,-721.0,911.0,12.0,-711.0,15.588009812772208,12.0,17.0,30000.0,18000.0,36000.0,1.0,24.866059239945663,20.0,25.0,1.0,18000.0,34526.70093071419,36000.0,1.0,25.434479546461734,20.0,26.0,1.0,721.0,15.335489271567278,12.0,17.0,1.0,26489.224610536876,18000.0,36000.0,1.0,20.0,23.71386675192845,25.0,1.0,31002.96346408839,18000.0,36000.0,1.0,24.28065940334058,20.0,26.0,1.0,1.0,91121.0,7.0,23.0
11.0,22.0,11.0,22.0,-121.0,11.0,11.0,-111.0,10.209823220373972,9.0,11.0,30000.0,10000.0,19000.0,0.0,25.478797142546497,16.5,19.0,0.0,10000.0,37155.7535613596,25000.0,0.0,26.825656271649514,17.0,20.0,0.0,122.0,10.18733999173651,9.0,11.0,1.0,13261.595406665238,10000.0,19000.0,1.0,16.5,17.20300908337328,19.0,1.0,20279.168279208345,10000.0,25000.0,1.0,18.523859781553913,17.0,20.0,1.0,0.0,111.0,1.0,17.0
11.0,22.0,11.0,22.0,-121.0,11.0,11.0,-111.0,10.169747749011357,9.0,11.0,30000.0,10000.0,19000.0,0.0,25.882323032418547,16.5,19.0,0.0,10000.0,36964.96491939974,25000.0,0.0,27.19111405686751,17.0,20.0,0.0,122.0,10.213886739178632,9.0,11.0,1.0,15055.189881740802,10000.0,19000.0,1.0,16.5,17.580499434205965,19.0,1.0,22099.6773694386,10000.0,25000.0,1.0,18.904233595459498,17.0,20.0,1.0,0.0,111.0,1.0,38.0
11.0,22.0,11.0,22.0,-121.0,21.0,12.0,-111.0,10.189137260877507,9.0,11.0,30000.0,10000.0,19000.0,0.0,24.613656105727365,16.5,19.0,0.0,10000.0,36870.320781528026,25000.0,0.0,25.906841420906577,17.0,20.0,0.0,122.0,10.173123649154187,9.0,11.0,1.0,16817.266790359907,10000.0,19000.0,1.0,16.5,17.871442587248875,19.0,1.0,23774.491802959783,10000.0,25000.0,1.0,19.180985694010573,17.0,20.0,1.0,0.0,211.0,1.0,23.0
11.0,21.0,11.0,22.0,-121.0,21.0,12.0,-111.0,10.005815904271175,9.0,11.0,30000.0,10000.0,19000.0,0.0,25.737303503727468,16.5,19.0,0.0,10000.0,36516.76187906044,25000.0,0.0,27.04226618016882,17.0,20.0,0.0,121.0,10.010224275447888,9.0,11.0,1.0,13647.243339298073,10000.0,19000.0,1.0,16.5,17.286951790128107,19.0,1.0,20230.906826381746,10000.0,25000.0,1.0,18.605311319651474,17.0,20.0,1.0,0.0,211.0,1.0,37.0
91.0,24.0,91.0,24.0,-721.0,911.0,12.0,-711.0,15.012556079544053,12.0,17.0,30000.0,18000.0,36000.0,1.0,24.377427975062325,20.0,25.0,1.0,18000.0,33985.87317015939,36000.0,1.0,24.86195632827463,20.0,26.0,1.0,722.0,15.230020664260662,12.0,17.0,1.0,26895.895902685475,18000.0,36000.0,1.0,20.0,23.562616698670496,25.0,1.0,30919.271007304233,18000.0,36000.0,1.0,24.05170383982465,20.0,26.0,1.0,1.0,91121.0,7.0,1.0
81.0,21.0,81.0,23.0,-721.0,912.0,12.0,-711.0,15.223949026410175,12.0,17.0,30000.0,12500.0,23000.0,0.0,27.329430922634494,20.0,24.0,0.0,12500.0,34010.92207442599,26000.0,0.0,27.817472633584647,20.0,25.0,0.0,722.0,15.127867648254972,12.0,17.0,1.0,18119.11732062665,12500.0,23000.0,1.0,20.0,21.919437008339003,24.0,1.0,22116.897367949296,12500.0,26000.0,1.0,22.40587962130773,20.0,25.0,1.0,0.0,912.0,7.0,7.0
11.0,21.0,11.0,22.0,-121.0,21.0,13.0,-111.0,9.980137286291873,9.0,11.0,30000.0,10000.0,19000.0,0.0,26.232481710175797,16.5,19.0,0.0,10000.0,36431.02428975267,25000.0,0.0,27.516299792726606,17.0,20.0,0.0,121.0,9.998157331885738,9.0,11.0,1.0,12662.711903735259,10000.0,19000.0,1.0,16.5,17.04010576869856,19.0,1.0,19161.681615361656,10000.0,25000.0,1.0,18.33748771872955,17.0,20.0,1.0,0.0,211.0,1.0,32.0
92.0,24.0,92.0,24.0,-721.0,921.0,13.0,-711.0,15.225689574857379,12.0,17.0,30000.0,15000.0,28000.0,0.0,24.14211121502606,19.5,25.0,1.0,15000.0,34027.64903143099,28000.0,0.0,24.635340627984096,20.0,26.0,1.0,722.0,15.391897506668318,12.0,17.0,1.0,21817.396186832706,15000.0,28000.0,1.0,19.5,22.07051142290853,25.0,1.0,25876.567841180244,15000.0,28000.0,1.0,22.56760112376025,20.0,26.0,1.0,0.0,92122.0,7.0,25.0
81.0,23.0,81.0,23.0,-721.0,912.0,11.0,-711.0,14.716183375226196,12.0,17.0,30000.0,12500.0,23000.0,0.0,25.54112615271257,20.0,24.0,0.0,12500.0,34434.43128377608,26000.0,0.0,26.097469216907168,20.0,25.0,0.0,721.0,14.643344660939674,12.0,17.0,1.0,17544.767979070133,12500.0,23000.0,1.0,20.0,21.408864678963305,24.0,1.0,22074.97075790841,12500.0,26000.0,1.0,21.977223220141465,20.0,25.0,1.0,0.0,912.0,7.0,17.0
92.0,24.0,92.0,24.0,-721.0,921.0,13.0,-711.0,15.367974408364155,12.0,17.0,30000.0,15000.0,28000.0,0.0,24.679213916884684,19.5,25.0,1.0,15000.0,34525.105337192246,28000.0,0.0,25.24714974741505,20.0,26.0,1.0,721.0,15.25747307562772,12.0,17.0,1.0,22584.74347401471,15000.0,28000.0,1.0,19.5,22.115988124343957,25.0,1.0,27076.190085949293,15000.0,28000.0,1.0,22.679699523693312,20.0,26.0,1.0,0.0,92122.0,7.0,20.0
11.0,21.0,11.0,21.0,-121.0,21.0,13.0,-111.0,10.007308549403874,9.0,11.0,30000.0,10000.0,19000.0,0.0,26.10487231634886,16.5,19.0,0.0,10000.0,36489.73041567082,25000.0,0.0,27.402560171141324,17.0,20.0,0.0,121.0,10.002349429059986,9.0,11.0,1.0,13962.63113064045,10000.0,19000.0,1.0,16.5,17.277860251757794,19.0,1.0,20439.599161578106,10000.0,25000.0,1.0,18.572996137422784,17.0,20.0,1.0,0.0,211.0,1.0,34.0
11.0,22.0,11.0,22.0,-121.0,21.0,13.0,-111.0,10.0070728975697,9.0,11.0,30000.0,10000.0,19000.0,0.0,25.33068413222801,16.5,19.0,0.0,10000.0,36522.934989646616,25000.0,0.0,26.63547574954114,17.0,20.0,0.0,121.0,10.021533391567262,9.0,11.0,1.0,13057.731276857337,10000.0,19000.0,1.0,16.5,17.149413538081657,19.0,1.0,19497.16916700564,10000.0,25000.0,1.0,18.437503116256227,17.0,20.0,1.0,0.0,211.0,1.0,13.0
92.0,24.0,92.0,24.0,-721.0,921.0,13.0,-711.0,15.105639073434775,12.0,17.0,30000.0,15000.0,28000.0,0.0,23.826016419360073,19.5,25.0,1.0,15000.0,33914.49750337129,28000.0,0.0,24.303072390505207,20.0,26.0,1.0,722.0,15.215596211088481,12.0,17.0,1.0,20503.090248545293,15000.0,28000.0,1.0,19.5,21.77795881525559,25.0,1.0,24484.445748376344,15000.0,28000.0,1.0,22.263162704850654,20.0,26.0,1.0,0.0,92122.0,7.0,20.0
11.0,22.0,11.0,22.0,-121.0,11.0,12.0,-111.0,10.192143657432613,9.0,11.0,30000.0,10000.0,19000.0,0.0,23.91421910708847,16.5,19.0,0.0,10000.0,37050.99633103501,25000.0,0.0,25.245015303688472,17.0,20.0,0.0,122.0,10.216476710445592,9.0,11.0,1.0,17236.914101821312,10000.0,19000.0,1.0,16.5,18.01420954821424,19.0,1.0,24159.773489430565,10000.0,25000.0,1.0,19.320821338958805,17.0,20.0,1.0,0.0,111.0,1.0,40.0
11.0,21.0,11.0,22.0,-121.0,21.0,13.0,-111.0,10.18571949465357,9.0,11.0,30000.0,10000.0,19000.0,0.0,26.82477440833855,16.5,19.0,0.0,10000.0,36966.980652546416,25000.0,0.0,28.142107160262906,17.0,20.0,0.0,122.0,10.169474576225356,9.0,11.0,1.0,12732.824915746847,10000.0,19000.0,1.0,16.5,17.118615690055613,19.0,1.0,19698.069899104637,10000.0,25000.0,1.0,18.435620257651248,17.0,20.0,1.0,0.0,211.0,1.0,9.0
11.0,22.0,11.0,22.0,-121.0,11.0,11.0,-111.0,9.996972900935555,9.0,11.0,30000.0,10000.0,19000.0,0.0,24.700792261322228,16.5,19.0,0.0,10000.0,36504.973630026536,25000.0,0.0,26.006574739282367,17.0,20.0,0.0,121.0,10.0108510066978,9.0,11.0,1.0,19891.39652045735,10000.0,19000.0,0.0,16.5,18.55928293558636,19.0,1.0,26411.813134684875,10000.0,25000.0,0.0,19.86816537663997,17.0,20.0,1.0,0.0,111.0,1.0,15.0
11.0,22.0,11.0,22.0,-121.0,11.0,11.0,-111.0,10.016701603256127,9.0,11.0,30000.0,10000.0,19000.0,0.0,24.748155673418758,16.5,19.0,0.0,10000.0,36466.02079872618,25000.0,0.0,26.040222057154885,17.0,20.0,0.0,121.0,9.998741542852272,9.0,11.0,1.0,14086.654301325278,10000.0,19000.0,1.0,16.5,17.390168482500112,19.0,1.0,20530.554810036607,10000.0,25000.0,1.0,18.677814700570778,17.0,20.0,1.0,0.0,111.0,1.0,38.0
11.0,22.0,11.0,22.0,-121.0,21.0,13.0,-111.0,10.216699184476749,9.0,11.0,30000.0,10000.0,19000.0,0.0,25.052103318200373,16.5,19.0,0.0,10000.0,37005.22943381487,25000.0,0.0,26.370944163760086,17.0,20.0,0.0,122.0,10.19583175313805,9.0,11.0,1.0,15625.13060491308,10000.0,19000.0,1.0,16.5,17.684431483288648,19.0,1.0,22610.17528186991,10000.0,25000.0,1.0,18.999472241777184,17.0,20.0,1.0,0.0,211.0,1.0,47.0
11.0,22.0,11.0,22.0,-121.0,21.0,13.0,-111.0,10.197431554267027,9.0,11.0,30000.0,10000.0,19000.0,0.0,25.632089516214815,16.5,19.0,0.0,10000.0,37037.98482002422,25000.0,0.0,26.96486957698121,17.0,20.0,0.0,122.0,10.18803355676601,9.0,11.0,1.0,15317.18859343609,10000.0,19000.0,1.0,16.5,17.584462536576016,19.0,1.0,22099.622964350834,10000.0,25000.0,1.0,18.868849122249376,17.0,20.0,1.0,0.0,211.0,1.0,22.0
11.0,22.0,11.0,21.0,-121.0,21.0,13.0,-111.0,9.991792851628649,9.0,11.0,30000.0,10000.0,19000.0,0.0,25.664948869031104,16.5,19.0,0.0,10000.0,36510.410985189264,25000.0,0.0,26.96508845889952,17.0,20.0,0.0,121.0,9.990323447535882,9.0,11.0,1.0,12713.410103542232,10000.0,19000.0,1.0,16.5,17.03824609103025,19.0,1.0,19327.489120037302,10000.0,25000.0,1.0,18.359088354203163,17.0,20.0,1.0,0.0,211.0,1.0,2.0
11.0,22.0,11.0,22.0,-121.0,11.0,11.0,-111.0,9.988156736849705,9.0,11.0,30000.0,10000.0,19000.0,0.0,23.37960593080685,16.5,19.0,0.0,10000.0,36496.629689570895,25000.0,0.0,24.684321264270842,17.0,20.0,0.0,121.0,9.988910291778556,9.0,11.0,1.0,13843.778791069753,10000.0,19000.0,1.0,16.5,17.246721744900935,19.0,1.0,20345.57268242,10000.0,25000.0,1.0,18.552474202776903,17.0,20.0,1.0,0.0,111.0,1.0,55.0
11.0,22.0,11.0,22.0,-121.0,21.0,12.0,-111.0,10.209706294271705,9.0,11.0,30000.0,10000.0,19000.0,0.0,23.319585819874884,16.5,19.0,0.0,10000.0,36942.380913275454,25000.0,0.0,24.637341827342517,17.0,20.0,0.0,122.0,10.188614559440524,9.0,11.0,1.0,15752.31395142361,10000.0,19000.0,1.0,16.5,17.71635675298125,19.0,1.0,22873.51285563169,10000.0,25000.0,1.0,19.068054787649398,17.0,20.0,1.0,0.0,211.0,1.0,25.0
11.0,22.0,11.0,22.0,-121.0,11.0,11.0,-111.0,10.216105004383511,9.0,11.0,30000.0,10000.0,19000.0,0.0,22.63429236701468,16.5,19.0,0.0,10000.0,36972.58498117491,25000.0,0.0,23.9514046416411,17.0,20.0,0.0,122.0,10.196006449661157,9.0,11.0,1.0,17279.003378520574,10000.0,19000.0,1.0,16.5,17.993637145880363,19.0,1.0,24154.147977805456,10000.0,25000.0,1.0,19.292343058536563,17.0,20.0,1.0,0.0,111.0,1.0,15.0
11.0,22.0,11.0,21.0,-121.0,11.0,12.0,-111.0,10.212698443912183,9.0,11.0,30000.0,10000.0,19000.0,0.0,24.004562835481874,16.5,19.0,0.0,10000.0,36945.91118980982,25000.0,0.0,25.315503204214675,17.0,20.0,0.0,122.0,10.174059891083392,9.0,11.0,1.0,15568.14044504289,10000.0,19000.0,1.0,16.5,17.591947998125892,19.0,1.0,22566.103147686794,10000.0,25000.0,1.0,18.91271233776231,17.0,20.0,1.0,0.0,111.0,1.0,45.0
11.0,21.0,11.0,22.0,-121.0,21.0,13.0,-111.0,10.183073180417265,9.0,11.0,30000.0,10000.0,19000.0,0.0,26.827628026599946,16.5,19.0,0.0,10000.0,37007.381873281476,25000.0,0.0,28.149125292715535,17.0,20.0,0.0,122.0,10.202799632343394,9.0,11.0,1.0,14532.242676792996,10000.0,19000.0,1.0,16.5,17.467927095979746,19.0,1.0,21544.1611225127,10000.0,25000.0,1.0,18.790279898183286,17.0,20.0,1.0,0.0,211.0,1.0,59.0
11.0,21.0,11.0,22.0,-121.0,11.0,12.0,-111.0,9.984797818042182,9.0,11.0,30000.0,10000.0,19000.0,0.0,25.900904134369632,16.5,19.0,0.0,10000.0,36433.70697030124,25000.0,0.0,27.192197463794155,17.0,20.0,0.0,121.0,10.008209689696711,9.0,11.0,1.0,15992.785067322797,10000.0,19000.0,1.0,16.5,17.76165381821857,19.0,1.0,22517.314949283063,10000.0,25000.0,1.0,19.07117598842269,17.0,20.0,1.0,0.0,111.0,1.0,7.0
92.0,24.0,92.0,24.0,-721.0,921.0,13.0,-711.0,15.335017407500358,12.0,17.0,30000.0,15000.0,28000.0,0.0,24.63065329611571,19.5,25.0,1.0,15000.0,34120.749907478814,28000.0,0.0,25.133498557283787,20.0,26.0,1.0,722.0,15.400834284806859,12.0,17.0,1.0,20199.224968920684,15000.0,28000.0,1.0,19.5,21.86210654712101,25.0,1.0,24233.003648225764,15000.0,28000.0,1.0,22.354338917206867,20.0,26.0,1.0,0.0,92122.0,7.0,20.0
81.0,23.0,81.0,21.0,-721.0,912.0,11.0,-711.0,14.158123342608578,12.0,17.0,30000.0,12500.0,23000.0,0.0,26.245144212996372,20.0,24.0,0.0,12500.0,34519.47918916696,26000.0,0.0,26.811332341042196,20.0,25.0,0.0,721.0,14.79882666678007,12.0,17.0,1.0,12932.045348035546,12500.0,23000.0,1.0,20.0,20.86726271134909,24.0,1.0,17460.385339113654,12500.0,26000.0,1.0,21.43456089669069,20.0,25.0,1.0,0.0,912.0,7.0,12.0
92.0,24.0,92.0,24.0,-721.0,921.0,13.0,-711.0,15.268797483826617,12.0,17.0,30000.0,15000.0,28000.0,0.0,24.302581675502708,19.5,25.0,1.0,15000.0,33996.285301081974,28000.0,0.0,24.790011808744456,20.0,26.0,1.0,722.0,15.241316427145989,12.0,17.0,1.0,20205.764787825956,15000.0,28000.0,1.0,19.5,21.815184442696655,25.0,1.0,24032.588647215904,15000.0,28000.0,1.0,22.281945227561067,20.0,26.0,1.0,0.0,92122.0,7.0,22.0
11.0,22.0,11.0,21.0,-121.0,11.0,12.0,-111.0,10.179178143639358,9.0,11.0,30000.0,10000.0,19000.0,0.0,23.50764797628414,16.5,19.0,0.0,10000.0,36897.4237087638,25000.0,0.0,24.810906304537525,17.0,20.0,0.0,122.0,10.201159586501847,9.0,11.0,1.0,14087.28564817722,10000.0,19000.0,1.0,16.5,17.361437404779952,19.0,1.0,21025.349674807425,10000.0,25000.0,1.0,18.67237466287129,17.0,20.0,1.0,0.0,111.0,1.0,46.0
11.0,22.0,11.0,22.0,-121.0,21.0,12.0,-111.0,10.001532262292013,9.0,11.0,30000.0,10000.0,19000.0,0.0,24.844234883514083,16.5,19.0,0.0,10000.0,36477.6702187588,25000.0,0.0,26.14162725783575,17.0,20.0,0.0,121.0,10.005420780752967,9.0,11.0,1.0,17910.969543332616,10000.0,19000.0,1.0,16.5,18.118802221417745,19.0,1.0,24424.346120205297,10000.0,25000.0,1.0,19.423346110893362,17.0,20.0,1.0,0.0,211.0,1.0,48.0
11.0,22.0,11.0,22.0,-121.0,21.0,13.0,-111.0,10.193935241926829,9.0,11.0,30000.0,10000.0,19000.0,0.0,25.302844636974562,16.5,19.0,0.0,10000.0,36877.07628392324,25000.0,0.0,26.594725662056607,17.0,20.0,0.0,122.0,10.164249149916325,9.0,11.0,1.0,12870.914895771957,10000.0,19000.0,1.0,16.5,17.10839470443208,19.0,1.0,19801.46443374179,10000.0,25000.0,1.0,18.410320853255687,17.0,20.0,1.0,0.0,211.0,1.0,21.0
81.0,23.0,81.0,23.0,-721.0,912.0,12.0,-711.0,15.216219065526921,12.0,17.0,30000.0,12500.0,23000.0,0.0,26.32337199913334,20.0,24.0,0.0,12500.0,33952.73833670588,26000.0,0.0,26.806795635882292,20.0,25.0,0.0,722.0,15.292673922746086,12.0,17.0,1.0,16851.99844462335,12500.0,23000.0,1.0,20.0,21.888945408535754,24.0,1.0,20916.08139546159,12500.0,26000.0,1.0,22.385986596893535,20.0,25.0,1.0,0.0,912.0,7.0,10.0
11.0,22.0,11.0,21.0,-121.0,11.0,11.0,-111.0,9.99382237830536,9.0,11.0,30000.0,10000.0,19000.0,0.0,25.292863866261943,16.5,19.0,0.0,10000.0,36562.321746225185,25000.0,0.0,26.608620926745736,17.0,20.0,0.0,121.0,9.994450396761598,9.0,11.0,1.0,16688.831579564692,10000.0,19000.0,1.0,16.5,17.816452811924336,19.0,1.0,23182.613311381447,10000.0,25000.0,1.0,19.11846747888172,17.0,20.0,1.0,0.0,111.0,1.0,12.0
81.0,23.0,81.0,23.0,-721.0,912.0,12.0,-711.0,15.293597608896379,12.0,17.0,30000.0,12500.0,23000.0,0.0,26.29939032310436,20.0,24.0,0.0,12500.0,33972.78776023142,26000.0,0.0,26.785057613249343,20.0,25.0,0.0,722.0,15.130113611598286,12.0,17.0,1.0,17117.352354208248,12500.0,23000.0,1.0,20.0,21.847625965463845,24.0,1.0,21023.023542749383,12500.0,26000.0,1.0,22.325088356312936,20.0,25.0,1.0,0.0,912.0,7.0,10.0
92.0,24.0,92.0,24.0,-721.0,921.0,13.0,-711.0,15.228686315544852,12.0,17.0,30000.0,15000.0,28000.0,0.0,24.524643208746426,19.5,25.0,1.0,15000.0,34505.096130071994,28000.0,0.0,25.088308498417135,20.0,26.0,1.0,721.0,15.723151927612523,12.0,17.0,1.0,21224.4349517379,15000.0,28000.0,1.0,19.5,22.42325134325885,25.0,1.0,25660.650457729313,15000.0,28000.0,1.0,22.978298477888224,20.0,26.0,1.0,0.0,92122.0,7.0,22.0
11.0,22.0,11.0,21.0,-121.0,21.0,13.0,-111.0,10.225656133601127,9.0,11.0,30000.0,10000.0,19000.0,0.0,26.074599271270372,16.5,19.0,0.0,10000.0,36973.639817101415,25000.0,0.0,27.38748848649587,17.0,20.0,0.0,122.0,10.200458237099287,9.0,11.0,1.0,13882.320542630834,10000.0,19000.0,1.0,16.5,17.280360783724745,19.0,1.0,20954.783377251806,10000.0,25000.0,1.0,18.61185487062705,17.0,20.0,1.0,0.0,211.0,1.0,2.0
11.0,22.0,11.0,22.0,-121.0,11.0,11.0,-111.0,10.162310339712528,9.0,11.0,30000.0,10000.0,19000.0,0.0,23.267879441442517,16.5,19.0,0.0,10000.0,37069.15591255679,25000.0,0.0,24.595986995997958,17.0,20.0,0.0,122.0,10.204753565160894,9.0,11.0,1.0,18282.106187397883,10000.0,19000.0,1.0,16.5,18.143058377876002,19.0,1.0,25252.057918662038,10000.0,25000.0,0.0,19.452528088783914,17.0,20.0,1.0,0.0,111.0,1.0,57.0
91.0,24.0,91.0,21.0,-721.0,911.0,12.0,-711.0,15.050698369700111,12.0,17.0,30000.0,18000.0,36000.0,1.0,24.437498505120416,20.0,25.0,1.0,18000.0,34515.147549036235,36000.0,1.0,25.001737140638518,20.0,26.0,1.0,721.0,15.808361742513812,12.0,17.0,1.0,25534.84713183271,18000.0,36000.0,1.0,20.0,24.000253759312585,25.0,1.0,30080.50012705369,18000.0,36000.0,1.0,24.568304529682145,20.0,26.0,1.0,1.0,91121.0,7.0,29.0
91.0,24.0,91.0,21.0,-721.0,911.0,11.0,-711.0,16.2805234635496,12.0,17.0,30000.0,18000.0,36000.0,1.0,25.511571372667337,20.0,25.0,0.0,18000.0,34552.042539406044,36000.0,1.0,26.07979711514873,20.0,26.0,0.0,721.0,14.72849288395237,12.0,17.0,1.0,23199.996047424993,18000.0,36000.0,1.0,20.0,22.549457455099585,25.0,1.0,27719.637796638995,18000.0,36000.0,1.0,23.113638647710346,20.0,26.0,1.0,0.0,91121.0,7.0,3.0
91.0,24.0,91.0,24.0,-721.0,911.0,12.0,-711.0,15.32748212667815,12.0,17.0,30000.0,18000.0,36000.0,1.0,25.99113611760896,20.0,25.0,0.0,18000.0,33988.35646531034,36000.0,1.0,26.47601082577085,20.0,26.0,0.0,722.0,15.101013142628554,12.0,17.0,1.0,29623.74746143758,18000.0,36000.0,1.0,20.0,23.66684340102047,25.0,1.0,33494.11367106576,18000.0,36000.0,1.0,24.13737373167061,20.0,26.0,1.0,0.0,91121.0,7.0,24.0
11.0,22.0,11.0,22.0,-121.0,21.0,13.0,-111.0,10.193407702427672,9.0,11.0,30000.0,10000.0,19000.0,0.0,25.740066584433897,16.5,19.0,0.0,10000.0,37025.2307469184,25000.0,0.0,27.06766064297219,17.0,20.0,0.0,122.0,10.149326484104067,9.0,11.0,1.0,13798.21844561747,10000.0,19000.0,1.0,16.5,17.24809516478519,19.0,1.0,20917.957241537824,10000.0,25000.0,1.0,18.593548896387475,17.0,20.0,1.0,0.0,211.0,1.0,21.0
11.0,22.0,11.0,22.0,-121.0,21.0,13.0,-111.0,10.007662332803905,9.0,11.0,30000.0,10000.0,19000.0,0.0,27.81266930796191,16.5,19.0,0.0,10000.0,36439.10970375098,25000.0,0.0,29.10503789043422,17.0,20.0,0.0,121.0,10.008093287885162,9.0,11.0,1.0,13713.380487048817,10000.0,19000.0,1.0,16.5,17.28134434071886,19.0,1.0,20127.16060577676,10000.0,25000.0,1.0,18.568629121020233,17.0,20.0,1.0,0.0,211.0,1.0,4.0
11.0,22.0,11.0,22.0,-121.0,11.0,11.0,-111.0,10.206352716128285,9.0,11.0,30000.0,10000.0,19000.0,0.0,25.572256828535778,16.5,19.0,0.0,10000.0,36957.76184714689,25000.0,0.0,26.883476794388184,17.0,20.0,0.0,122.0,10.198992286547973,9.0,11.0,1.0,17038.754198827406,10000.0,19000.0,1.0,16.5,17.950333342393122,19.0,1.0,24080.664915013836,10000.0,25000.0,1.0,19.277411522368478,17.0,20.0,1.0,0.0,111.0,1.0,38.0
11.0,22.0,11.0,21.0,-121.0,11.0,12.0,-111.0,9.996777642662598,9.0,11.0,30000.0,10000.0,19000.0,0.0,24.529112195013422,16.5,19.0,0.0,10000.0,36451.67097758716,25000.0,0.0,25.820211189682123,17.0,20.0,0.0,121.0,10.01702233608001,9.0,11.0,1.0,13646.63751846878,10000.0,19000.0,1.0,16.5,17.201041464304225,19.0,1.0,20142.453312498215,10000.0,25000.0,1.0,18.500974655311587,17.0,20.0,1.0,0.0,111.0,1.0,10.0
11.0,21.0,11.0,22.0,-121.0,21.0,13.0,-111.0,9.979647098430847,9.0,11.0,30000.0,10000.0,19000.0,0.0,26.157176879302718,16.5,19.0,0.0,10000.0,36480.406508271306,25000.0,0.0,27.454518551769354,17.0,20.0,0.0,121.0,9.99219669704242,9.0,11.0,1.0,15456.447058772865,10000.0,19000.0,1.0,16.5,17.597746178735818,19.0,1.0,21995.09584895007,10000.0,25000.0,1.0,18.90674763509404,17.0,20.0,1.0,0.0,211.0,1.0,59.0
11.0,22.0,11.0,22.0,-121.0,21.0,13.0,-111.0,10.19712044635049,9.0,11.0,30000.0,10000.0,19000.0,0.0,25.53515111233248,16.5,19.0,0.0,10000.0,36916.42954932565,25000.0,0.0,26.838114392145663,17.0,20.0,0.0,122.0,10.1749746084392,9.0,11.0,1.0,15181.307330262087,10000.0,19000.0,1.0,16.5,17.550442422101607,19.0,1.0,22271.07579859568,10000.0,25000.0,1.0,18.886060447375456,17.0,20.0,1.0,0.0,211.0,1.0,31.0
11.0,22.0,11.0,22.0,-121.0,11.0,12.0,-111.0,9.987601007511637,9.0,11.0,30000.0,10000.0,19000.0,0.0,23.949114052530327,16.5,19.0,0.0,10000.0,36540.60568157735,25000.0,0.0,25.257885216708612,17.0,20.0,0.0,121.0,9.994286126241253,9.0,11.0,1.0,15098.999117050054,10000.0,19000.0,1.0,16.5,17.532056607484144,19.0,1.0,21562.481736407957,10000.0,25000.0,1.0,18.825395494463663,17.0,20.0,1.0,0.0,111.0,1.0,49.0
81.0,23.0,81.0,21.0,-721.0,912.0,12.0,-711.0,15.193317159081545,12.0,17.0,30000.0,12500.0,23000.0,0.0,27.00452935776866,20.0,24.0,0.0,12500.0,34105.83184864899,26000.0,0.0,27.504141422918256,20.0,25.0,0.0,722.0,15.150019374543737,12.0,17.0,1.0,13828.746036982322,12500.0,23000.0,1.0,20.0,21.261725426812433,24.0,1.0,17848.955423802734,12500.0,26000.0,1.0,21.750918649555846,20.0,25.0,1.0,0.0,912.0,7.0,30.0
81.0,23.0,81.0,23.0,-721.0,912.0,11.0,-711.0,15.371701424380559,12.0,17.0,30000.0,12500.0,23000.0,0.0,26.550259507497913,20.0,24.0,0.0,12500.0,34046.13223397893,26000.0,0.0,27.04577249203022,20.0,25.0,0.0,722.0,15.355608493482245,12.0,17.0,1.0,17941.079431601866,12500.0,23000.0,1.0,20.0,22.115673103389792,24.0,1.0,21999.78882151008,12500.0,26000.0,1.0,22.612726359893223,20.0,25.0,1.0,0.0,912.0,7.0,17.0
91.0,21.0,91.0,24.0,-721.0,911.0,12.0,-711.0,15.333137168790328,12.0,17.0,30000.0,18000.0,36000.0,1.0,24.764919265519012,20.0,25.0,1.0,18000.0,34077.930615958685,36000.0,1.0,25.263102371278613,20.0,26.0,1.0,722.0,15.177696212800882,12.0,17.0,1.0,28405.99632415345,18000.0,36000.0,1.0,20.0,23.637400422221987,25.0,1.0,32428.18951896917,18000.0,36000.0,1.0,24.128774328859034,20.0,26.0,1.0,1.0,91121.0,7.0,19.0
11.0,22.0,11.0,21.0,-121.0,11.0,11.0,-111.0,9.992647867170374,9.0,11.0,30000.0,10000.0,19000.0,0.0,24.332510830917315,16.5,19.0,0.0,10000.0,36418.34516577359,25000.0,0.0,25.616040048724596,17.0,20.0,0.0,121.0,9.983295850566254,9.0,11.0,1.0,13018.739221473572,10000.0,19000.0,1.0,16.5,17.05501128094113,19.0,1.0,19566.277528947976,10000.0,25000.0,1.0,18.36437631278309,17.0,20.0,1.0,0.0,111.0,1.0,39.0
91.0,24.0,91.0,24.0,-721.0,911.0,12.0,-711.0,15.056038437010358,12.0,17.0,30000.0,18000.0,36000.0,1.0,25.009976838336563,20.0,25.0,0.0,18000.0,34472.09480153505,36000.0,1.0,25.568752889065255,20.0,26.0,1.0,721.0,14.5754246371016,12.0,17.0,1.0,24143.678061643666,18000.0,36000.0,1.0,20.0,22.558314550841068,25.0,1.0,28626.228757917794,18000.0,36000.0,1.0,23.118397037105773,20.0,26.0,1.0,0.0,91121.0,7.0,27.0
81.0,23.0,81.0,23.0,-721.0,912.0,12.0,-711.0,15.433229283811226,12.0,17.0,30000.0,12500.0,23000.0,0.0,26.35252198419637,20.0,24.0,0.0,12500.0,33988.46002731192,26000.0,0.0,26.840613413570107,20.0,25.0,0.0,722.0,15.315419586624522,12.0,17.0,1.0,19065.22770030484,12500.0,23000.0,1.0,20.0,22.283686614224795,24.0,1.0,22956.662822416525,12500.0,26000.0,1.0,22.759904532433886,20.0,25.0,1.0,0.0,912.0,7.0,31.0
81.0,23.0,81.0,21.0,-721.0,912.0,12.0,-711.0,14.706748017055608,12.0,17.0,30000.0,12500.0,23000.0,0.0,25.8097331096344,20.0,24.0,0.0,12500.0,34539.369356994684,26000.0,0.0,26.377092438043316,20.0,25.0,0.0,721.0,15.514430857190732,12.0,17.0,1.0,15551.228452358366,12500.0,23000.0,1.0,20.0,21.894375659113315,24.0,1.0,20037.783672804195,12500.0,26000.0,1.0,22.45513393995674,20.0,25.0,1.0,0.0,912.0,7.0,11.0
81.0,23.0,81.0,21.0,-721.0,912.0,12.0,-711.0,15.220703296098485,12.0,17.0,30000.0,12500.0,23000.0,0.0,26.28747935834902,20.0,24.0,0.0,12500.0,33979.29739077785,26000.0,0.0,26.774697938997186,20.0,25.0,0.0,722.0,15.144543322805793,12.0,17.0,1.0,14584.221407067227,12500.0,23000.0,1.0,20.0,21.31026334704423,24.0,1.0,18504.52567141059,12500.0,26000.0,1.0,21.79025890701643,20.0,25.0,1.0,0.0,912.0,7.0,11.0
11.0,22.0,11.0,22.0,-121.0,11.0,11.0,-111.0,10.004243458849565,9.0,11.0,30000.0,10000.0,19000.0,0.0,23.595823495942604,16.5,19.0,0.0,10000.0,36602.44244005729,25000.0,0.0,24.923862902438024,17.0,20.0,0.0,121.0,10.005461661549678,9.0,11.0,1.0,14915.388295506435,10000.0,19000.0,1.0,16.5,17.513500300249643,19.0,1.0,21397.019399365934,10000.0,25000.0,1.0,18.817239272977005,17.0,20.0,1.0,0.0,111.0,1.0,44.0
91.0,24.0,91.0,21.0,-721.0,911.0,11.0,-711.0,14.47371119690855,12.0,17.0,30000.0,18000.0,36000.0,1.0,23.75112057672819,20.0,25.0,1.0,18000.0,34563.80928766773,36000.0,1.0,24.32148190936606,20.0,26.0,1.0,721.0,15.510748642125376,12.0,17.0,1.0,22092.666569170025,18000.0,36000.0,1.0,20.0,23.175676209937784,25.0,1.0,26633.15964114244,18000.0,36000.0,1.0,23.743123602264436,20.0,26.0,1.0,1.0,91121.0,7.0,21.0
11.0,22.0,11.0,22.0,-121.0,11.0,11.0,-111.0,10.191975648090917,9.0,11.0,30000.0,10000.0,19000.0,0.0,23.92439040832075,16.5,19.0,0.0,10000.0,37097.425445422676,25000.0,0.0,25.268471131640613,17.0,20.0,0.0,122.0,10.220632663929228,9.0,11.0,1.0,17319.184676462704,10000.0,19000.0,1.0,16.5,18.13093229395037,19.0,1.0,24321.858917973757,10000.0,25000.0,1.0,19.457069430871435,17.0,20.0,1.0,0.0,111.0,1.0,55.0
81.0,23.0,81.0,23.0,-721.0,912.0,12.0,-711.0,14.976708300697545,12.0,17.0,30000.0,12500.0,23000.0,0.0,25.789588327869087,20.0,24.0,0.0,12500.0,33996.51514549899,26000.0,0.0,26.27864486249608,20.0,25.0,0.0,722.0,15.296228971446137,12.0,17.0,1.0,22271.697772788164,12500.0,23000.0,1.0,20.0,22.59433404963389,24.0,1.0,26277.189202697176,12500.0,26000.0,0.0,23.084489018868926,20.0,25.0,1.0,0.0,912.0,7.0,5.0
91.0,24.0,91.0,21.0,-721.0,911.0,11.0,-711.0,15.38592898694419,12.0,17.0,30000.0,18000.0,36000.0,1.0,24.36232582291646,20.0,25.0,1.0,18000.0,34037.9483050262,36000.0,1.0,24.85579395726135,20.0,26.0,1.0,722.0,15.063276309993052,12.0,17.0,1.0,24687.288749831605,18000.0,36000.0,1.0,20.0,23.02108379128516,25.0,1.0,28703.572567125488,18000.0,36000.0,1.0,23.511904359704182,20.0,26.0,1.0,1.0,91121.0,7.0,15.0
11.0,22.0,11.0,21.0,-121.0,21.0,13.0,-111.0,10.208561066625942,9.0,11.0,30000.0,10000.0,19000.0,0.0,26.08939624921255,16.5,19.0,0.0,10000.0,37012.73353063174,25000.0,0.0,27.41239562865109,17.0,20.0,0.0,122.0,10.202432316200927,9.0,11.0,1.0,10825.306008798723,10000.0,19000.0,1.0,16.5,16.730980849024554,19.0,1.0,17696.55442085643,10000.0,25000.0,1.0,18.02728810858493,17.0,20.0,1.0,0.0,211.0,1.0,33.0
81.0,23.0,81.0,21.0,-721.0,912.0,12.0,-711.0,15.258743456541898,12.0,17.0,30000.0,12500.0,23000.0,0.0,27.016426989844007,20.0,24.0,0.0,12500.0,34537.93431732025,26000.0,0.0,27.581201343276827,20.0,25.0,0.0,721.0,15.131459625115998,12.0,17.0,1.0,14601.940201917814,12500.0,23000.0,1.0,20.0,21.340976897424206,24.0,1.0,19111.222166323532,12500.0,26000.0,1.0,21.902185286045707,20.0,25.0,1.0,0.0,912.0,7.0,30.0
11.0,21.0,11.0,22.0,-121.0,11.0,11.0,-111.0,10.2049879027025,9.0,11.0,30000.0,10000.0,19000.0,0.0,25.088637151628546,16.5,19.0,0.0,10000.0,37255.96243758841,25000.0,0.0,26.461401302861734,17.0,20.0,0.0,122.0,10.188343671022615,9.0,11.0,1.0,11261.251958166322,10000.0,19000.0,1.0,16.5,16.839783100615826,19.0,1.0,18222.769221405844,10000.0,25000.0,1.0,18.156840819611187,17.0,20.0,1.0,0.0,111.0,1.0,43.0
81.0,23.0,81.0,23.0,-721.0,912.0,12.0,-711.0,15.250662381493267,12.0,17.0,30000.0,12500.0,23000.0,0.0,25.104517695422892,20.0,24.0,0.0,12500.0,33971.775590055404,26000.0,0.0,25.59024036154414,20.0,25.0,0.0,722.0,15.278846137845674,12.0,17.0,1.0,17755.557697826698,12500.0,23000.0,1.0,20.0,21.97618237542172,24.0,1.0,21755.17606270857,12500.0,26000.0,1.0,22.46531003422553,20.0,25.0,1.0,0.0,912.0,7.0,31.0
11.0,21.0,11.0,22.0,-121.0,21.0,13.0,-111.0,10.00564543190665,9.0,11.0,30000.0,10000.0,19000.0,0.0,26.049901063247265,16.5,19.0,0.0,10000.0,36381.60706158379,25000.0,0.0,27.32644233617353,17.0,20.0,0.0,121.0,10.0009128519865,9.0,11.0,1.0,14112.255357818834,10000.0,19000.0,1.0,16.5,17.30784674595126,19.0,1.0,20647.616500265263,10000.0,25000.0,1.0,18.615144132221374,17.0,20.0,1.0,0.0,211.0,1.0,24.0
11.0,22.0,11.0,22.0,-121.0,11.0,12.0,-111.0,10.194866723675409,9.0,11.0,30000.0,10000.0,19000.0,0.0,24.483156311060423,16.5,19.0,0.0,10000.0,36918.042287092656,25000.0,0.0,25.781953499013103,17.0,20.0,0.0,122.0,10.212403779020221,9.0,11.0,1.0,16229.633018024437,10000.0,19000.0,1.0,16.5,17.757579970834076,19.0,1.0,23059.051918487214,10000.0,25000.0,1.0,19.039738953848854,17.0,20.0,1.0,0.0,111.0,1.0,49.0
91.0,24.0,91.0,21.0,-721.0,911.0,12.0,-711.0,15.229059537991033,12.0,17.0,30000.0,18000.0,36000.0,1.0,24.833610800600617,20.0,25.0,1.0,18000.0,34484.03871188238,36000.0,1.0,25.393400512211755,20.0,26.0,1.0,721.0,14.499233347569591,12.0,17.0,1.0,26399.154732825013,18000.0,36000.0,1.0,20.0,22.734281308268333,25.0,1.0,30825.380942028747,18000.0,36000.0,1.0,23.286853677148635,20.0,26.0,1.0,1.0,91121.0,7.0,14.0
11.0,21.0,11.0,21.0,-121.0,11.0,11.0,-111.0,10.19170154322089,9.0,11.0,30000.0,10000.0,19000.0,0.0,25.583657505474385,16.5,19.0,0.0,10000.0,37088.96886906017,25000.0,0.0,26.925210449990892,17.0,20.0,0.0,122.0,10.21435709535103,9.0,11.0,1.0,11790.328066732607,10000.0,19000.0,1.0,16.5,16.938116551491422,19.0,1.0,18726.180224413976,10000.0,25000.0,1.0,18.250692901696528,17.0,20.0,1.0,0.0,111.0,1.0,18.0
11.0,22.0,11.0,22.0,-121.0,21.0,12.0,-111.0,10.200511685846978,9.0,11.0,30000.0,10000.0,19000.0,0.0,24.793222681453592,16.5,19.0,0.0,10000.0,37030.93731276454,25000.0,0.0,26.120592913650203,17.0,20.0,0.0,122.0,10.18187679823185,9.0,11.0,1.0,15902.169090313058,10000.0,19000.0,1.0,16.5,17.715716829880172,19.0,1.0,22763.647198426836,10000.0,25000.0,1.0,19.01109486902782,17.0,20.0,1.0,0.0,211.0,1.0,48.0
91.0,24.0,91.0,21.0,-721.0,911.0,11.0,-711.0,15.606911218276743,12.0,17.0,30000.0,18000.0,36000.0,1.0,25.439614324154196,20.0,25.0,0.0,18000.0,33951.339471930616,36000.0,1.0,25.920310821898767,20.0,26.0,1.0,722.0,15.196826497478149,12.0,17.0,1.0,22867.29424123274,18000.0,36000.0,1.0,20.0,22.947118807465433,25.0,1.0,26875.23424151028,18000.0,36000.0,1.0,23.434700989403968,20.0,26.0,1.0,0.0,91121.0,7.0,21.0
11.0,22.0,11.0,22.0,-121.0,11.0,11.0,-111.0,10.16139774744125,9.0,11.0,30000.0,10000.0,19000.0,0.0,24.72793853986085,16.5,19.0,0.0,10000.0,36948.96666890907,25000.0,0.0,26.03493755975831,17.0,20.0,0.0,122.0,10.203343151851298,9.0,11.0,1.0,15086.72320494949,10000.0,19000.0,1.0,16.5,17.56826731028459,19.0,1.0,22036.543422826813,10000.0,25000.0,1.0,18.875426870262046,17.0,20.0,1.0,0.0,111.0,1.0,55.0
11.0,22.0,11.0,22.0,-121.0,21.0,13.0,-111.0,10.208290866860963,9.0,11.0,30000.0,10000.0,19000.0,0.0,24.890549060275198,16.5,19.0,0.0,10000.0,36785.24757126185,25000.0,0.0,26.165114509860445,17.0,20.0,0.0,122.0,10.231556472891588,9.0,11.0,1.0,14924.001088320301,10000.0,19000.0,1.0,16.5,17.583456884478238,19.0,1.0,21866.433148514705,10000.0,25000.0,1.0,18.887548437083318,17.0,20.0,1.0,0.0,211.0,1.0,21.0
11.0,21.0,11.0,22.0,-121.0,21.0,13.0,-111.0,10.178621638510734,9.0,11.0,30000.0,10000.0,19000.0,0.0,26.313163691585274,16.5,19.0,0.0,10000.0,37068.992668761995,25000.0,0.0,27.646878813597084,17.0,20.0,0.0,122.0,10.204516578673463,9.0,11.0,1.0,13999.150929567655,10000.0,19000.0,1.0,16.5,17.371472798892626,19.0,1.0,21003.480903944284,10000.0,25000.0,1.0,18.69298793465846,17.0,20.0,1.0,0.0,211.0,1.0,59.0
11.0,22.0,11.0,21.0,-121.0,11.0,11.0,-111.0,9.980460925163014,9.0,11.0,30000.0,10000.0,19000.0,0.0,24.370784408390286,16.5,19.0,0.0,10000.0,36508.47535569007,25000.0,0.0,25.670145727610414,17.0,20.0,0.0,121.0,10.012008784464756,9.0,11.0,1.0,13437.003650062683,10000.0,19000.0,1.0,16.5,17.15708906159507,19.0,1.0,19977.491125881985,10000.0,25000.0,1.0,18.46284132621623,17.0,20.0,1.0,0.0,111.0,1.0,12.0
91.0,24.0,91.0,21.0,-721.0,911.0,11.0,-711.0,16.270497400118614,12.0,17.0,30000.0,18000.0,36000.0,1.0,25.310841309308888,20.0,25.0,0.0,18000.0,34576.6203294996,36000.0,1.0,25.88278268190597,20.0,26.0,1.0,721.0,15.52525243035853,12.0,17.0,1.0,21101.52532868355,18000.0,36000.0,1.0,20.0,23.099971723133034,25.0,1.0,25646.9149629973,18000.0,36000.0,1.0,23.668010188041524,20.0,26.0,1.0,0.0,91121.0,7.0,2.0
11.0,21.0,11.0,22.0,-121.0,21.0,13.0,-111.0,9.994591469128682,9.0,11.0,30000.0,10000.0,19000.0,0.0,25.599179434649056,16.5,19.0,0.0,10000.0,36555.14361052982,25000.0,0.0,26.91053019246552,17.0,20.0,0.0,121.0,9.998546117151854,9.0,11.0,1.0,14457.740820718187,10000.0,19000.0,1.0,16.5,17.441602999379295,19.0,1.0,21039.519015357408,10000.0,25000.0,1.0,18.758281982499607,17.0,20.0,1.0,0.0,211.0,1.0,9.0
11.0,22.0,11.0,22.0,-121.0,21.0,13.0,-111.0,10.001816741881422,9.0,11.0,30000.0,10000.0,19000.0,0.0,27.653280049913064,16.5,19.0,0.0,10000.0,36513.00820595219,25000.0,0.0,28.95975043608317,17.0,20.0,0.0,121.0,9.989771328219172,9.0,11.0,1.0,12050.890102987418,10000.0,19000.0,1.0,16.5,16.935574083020104,19.0,1.0,18586.002846526993,10000.0,25000.0,1.0,18.246478506864463,17.0,20.0,1.0,0.0,211.0,1.0,19.0
91.0,24.0,91.0,21.0,-721.0,911.0,11.0,-711.0,15.300419643198353,12.0,17.0,30000.0,18000.0,36000.0,1.0,24.82254883620881,20.0,25.0,1.0,18000.0,34022.92803070197,36000.0,1.0,25.312466349387194,20.0,26.0,1.0,722.0,15.22159267885164,12.0,17.0,1.0,23668.54286251919,18000.0,36000.0,1.0,20.0,23.01312353888004,25.0,1.0,27739.233345862274,18000.0,36000.0,1.0,23.508857626912025,20.0,26.0,1.0,1.0,91121.0,7.0,3.0
91.0,21.0,91.0,24.0,-721.0,911.0,11.0,-711.0,14.656555302481665,12.0,17.0,30000.0,18000.0,36000.0,1.0,23.664815689352423,20.0,25.0,1.0,18000.0,34495.65912091078,36000.0,1.0,24.22440969072178,20.0,26.0,1.0,721.0,15.379235961191272,12.0,17.0,1.0,23407.437240401057,18000.0,36000.0,1.0,20.0,23.284326040547555,25.0,1.0,27902.361990642996,18000.0,36000.0,1.0,23.84382863164536,20.0,26.0,1.0,1.0,91121.0,7.0,18.0
91.0,24.0,91.0,24.0,-721.0,911.0,11.0,-711.0,15.426015678277126,12.0,17.0,30000.0,18000.0,36000.0,1.0,24.757811541674172,20.0,25.0,1.0,18000.0,34498.00396769881,36000.0,1.0,25.32119886346457,20.0,26.0,1.0,721.0,14.927051244241888,12.0,17.0,1.0,19916.587417892497,18000.0,36000.0,1.0,20.0,22.423863814002026,25.0,1.0,24372.806182338532,18000.0,36000.0,1.0,22.982017424590722,20.0,26.0,1.0,1.0,91121.0,7.0,16.0
91.0,24.0,91.0,21.0,-721.0,911.0,11.0,-711.0,15.156325328112361,12.0,17.0,30000.0,18000.0,36000.0,1.0,24.412233106149095,20.0,25.0,1.0,18000.0,34037.90452818715,36000.0,1.0,24.903025589858725,20.0,26.0,1.0,722.0,15.16743354161595,12.0,17.0,1.0,22910.08005723071,18000.0,36000.0,1.0,20.0,22.946974185199643,25.0,1.0,26902.55350851297,18000.0,36000.0,1.0,23.432244688160075,20.0,26.0,1.0,1.0,91121.0,7.0,2.0
11.0,21.0,11.0,22.0,-121.0,21.0,13.0,-111.0,10.206005094980002,9.0,11.0,30000.0,10000.0,19000.0,0.0,27.714212441657082,16.5,19.0,0.0,10000.0,37106.10451686412,25000.0,0.0,29.066218286113873,17.0,20.0,0.0,122.0,10.232081130471812,9.0,11.0,1.0,14532.771806922867,10000.0,19000.0,1.0,16.5,17.558176941471263,19.0,1.0,21570.609206733807,10000.0,25000.0,1.0,18.897194299617293,17.0,20.0,1.0,0.0,211.0,1.0,24.0
91.0,24.0,91.0,21.0,-721.0,911.0,12.0,-711.0,15.101683961428458,12.0,17.0,30000.0,18000.0,36000.0,1.0,25.124595656415625,20.0,25.0,0.0,18000.0,33893.493151181574,36000.0,1.0,25.59801063742392,20.0,26.0,1.0,722.0,15.295748439164987,12.0,17.0,1.0,26452.021848064986,18000.0,36000.0,1.0,20.0,23.39595198917064,25.0,1.0,30413.298382024394,18000.0,36000.0,1.0,23.87760884132765,20.0,26.0,1.0,0.0,91121.0,7.0,14.0
81.0,21.0,81.0,21.0,-721.0,912.0,12.0,-711.0,14.775426531163953,12.0,17.0,30000.0,12500.0,23000.0,0.0,25.99624840096879,20.0,24.0,0.0,12500.0,34409.45482299666,26000.0,0.0,26.54346955743916,20.0,25.0,0.0,721.0,14.493044832947682,12.0,17.0,1.0,14263.775108434806,12500.0,23000.0,1.0,20.0,20.640482861886014,24.0,1.0,18683.239065736845,12500.0,26000.0,1.0,21.188946169658465,20.0,25.0,1.0,0.0,912.0,7.0,6.0
11.0,21.0,11.0,22.0,-121.0,21.0,13.0,-111.0,9.99208094146122,9.0,11.0,30000.0,10000.0,19000.0,0.0,27.566321638788224,16.5,19.0,0.0,10000.0,36551.46417149721,25000.0,0.0,28.878626331029686,17.0,20.0,0.0,121.0,9.988411088627034,9.0,11.0,1.0,14422.843393008734,10000.0,19000.0,1.0,16.5,17.440308168616248,19.0,1.0,20975.938061660094,10000.0,25000.0,1.0,18.75293946099015,17.0,20.0,1.0,0.0,211.0,1.0,52.0
11.0,22.0,11.0,21.0,-121.0,11.0,11.0,-111.0,10.204049049795573,9.0,11.0,30000.0,10000.0,19000.0,0.0,24.350836330474202,16.5,19.0,0.0,10000.0,37098.39896068388,25000.0,0.0,25.687727079440982,17.0,20.0,0.0,122.0,10.205856849481089,9.0,11.0,1.0,15382.529256674914,10000.0,19000.0,1.0,16.5,17.56037757620493,19.0,1.0,22427.656175989156,10000.0,25000.0,1.0,18.88723523183896,17.0,20.0,1.0,0.0,111.0,1.0,54.0
11.0,22.0,11.0,22.0,-121.0,21.0,13.0,-111.0,10.18453183226796,9.0,11.0,30000.0,10000.0,19000.0,0.0,27.012634172104143,16.5,19.0,0.0,10000.0,36964.24426955105,25000.0,0.0,28.328038349008864,17.0,20.0,0.0,122.0,10.220423725059081,9.0,11.0,1.0,14564.937696548815,10000.0,19000.0,1.0,16.5,17.48263810956259,19.0,1.0,21564.819353129125,10000.0,25000.0,1.0,18.80477346445847,17.0,20.0,1.0,0.0,211.0,1.0,4.0
11.0,22.0,11.0,22.0,-121.0,21.0,13.0,-111.0,10.199891415966885,9.0,11.0,30000.0,10000.0,19000.0,0.0,25.701074097458275,16.5,19.0,0.0,10000.0,37056.018418666805,25000.0,0.0,27.032834459211795,17.0,20.0,0.0,122.0,10.238090045948534,9.0,11.0,1.0,15112.42713017348,10000.0,19000.0,1.0,16.5,17.633873275435644,19.0,1.0,22196.151629515396,10000.0,25000.0,1.0,18.970862912090862,17.0,20.0,1.0,0.0,211.0,1.0,8.0
11.0,22.0,11.0,22.0,-121.0,21.0,13.0,-111.0,9.99623038275296,9.0,11.0,30000.0,10000.0,19000.0,0.0,26.322372591312764,16.5,19.0,0.0,10000.0,36544.680662143546,25000.0,0.0,27.632668298774856,17.0,20.0,0.0,121.0,10.007930419093752,9.0,11.0,1.0,16273.49986919933,10000.0,19000.0,1.0,16.5,17.78374912290909,19.0,1.0,22782.896017669063,10000.0,25000.0,1.0,19.08698059772281,17.0,20.0,1.0,0.0,211.0,1.0,3.0
11.0,21.0,11.0,22.0,-121.0,11.0,12.0,-111.0,10.195489426537922,9.0,11.0,30000.0,10000.0,19000.0,0.0,25.083997342131408,16.5,19.0,0.0,10000.0,36930.80259649706,25000.0,0.0,26.392063210174783,17.0,20.0,0.0,122.0,10.19925410962262,9.0,11.0,1.0,14834.494927465477,10000.0,19000.0,1.0,16.5,17.535393560972583,19.0,1.0,21815.29608342595,10000.0,25000.0,1.0,18.852895768916692,17.0,20.0,1.0,0.0,111.0,1.0,51.0
92.0,24.0,92.0,24.0,-721.0,921.0,13.0,-711.0,14.979532860221454,12.0,17.0,30000.0,15000.0,28000.0,0.0,23.96263978956774,19.5,25.0,1.0,15000.0,34490.79946540784,28000.0,0.0,24.523788362686133,20.0,26.0,1.0,721.0,14.629751963761485,12.0,17.0,1.0,22608.81274360309,15000.0,28000.0,1.0,19.5,21.56659407870859,25.0,1.0,27122.033792982904,15000.0,28000.0,1.0,22.130544344476554,20.0,26.0,1.0,0.0,92122.0,7.0,25.0
11.0,22.0,11.0,21.0,-121.0,11.0,12.0,-111.0,10.172697407353633,9.0,11.0,30000.0,10000.0,19000.0,0.0,24.09282610489145,16.5,19.0,0.0,10000.0,36877.80591346655,25000.0,0.0,25.390405325620623,17.0,20.0,0.0,122.0,10.196097028406495,9.0,11.0,1.0,15044.444067647592,10000.0,19000.0,1.0,16.5,17.505476799232113,19.0,1.0,21978.14538303302,10000.0,25000.0,1.0,18.813601346912463,17.0,20.0,1.0,0.0,111.0,1.0,10.0
91.0,24.0,91.0,24.0,-721.0,911.0,12.0,-711.0,15.086193672488347,12.0,17.0,30000.0,18000.0,36000.0,1.0,24.522626948540243,20.0,25.0,1.0,18000.0,34048.96819714733,36000.0,1.0,25.018609481014014,20.0,26.0,1.0,722.0,15.104210619344116,12.0,17.0,1.0,23681.370952994406,18000.0,36000.0,1.0,20.0,22.985595689173813,25.0,1.0,27806.188887950706,18000.0,36000.0,1.0,23.49086951345681,20.0,26.0,1.0,1.0,91121.0,7.0,24.0
11.0,21.0,11.0,22.0,-121.0,11.0,12.0,-111.0,10.223985099432559,9.0,11.0,30000.0,10000.0,19000.0,0.0,25.319954396895,16.5,19.0,0.0,10000.0,36905.47820124207,25000.0,0.0,26.62666900839667,17.0,20.0,0.0,122.0,10.18847344408036,9.0,11.0,1.0,15609.453160422923,10000.0,19000.0,1.0,16.5,17.666836555871104,19.0,1.0,22719.454035078088,10000.0,25000.0,1.0,19.01225272546099,17.0,20.0,1.0,0.0,111.0,1.0,51.0
11.0,21.0,11.0,21.0,-121.0,21.0,13.0,-111.0,10.002376076940676,9.0,11.0,30000.0,10000.0,19000.0,0.0,25.61267077535749,16.5,19.0,0.0,10000.0,36448.74930975693,25000.0,0.0,26.901370131737266,17.0,20.0,0.0,121.0,10.006427624285262,9.0,11.0,1.0,12925.77908354003,10000.0,19000.0,1.0,16.5,17.08202100246174,19.0,1.0,19480.541562535385,10000.0,25000.0,1.0,18.391905723073094,17.0,20.0,1.0,0.0,211.0,1.0,34.0
11.0,22.0,11.0,22.0,-121.0,11.0,12.0,-111.0,10.207758693376274,9.0,11.0,30000.0,10000.0,19000.0,0.0,24.45865453704681,16.5,19.0,0.0,10000.0,37025.2488888327,25000.0,0.0,25.788118767216964,17.0,20.0,0.0,122.0,10.19532749800502,9.0,11.0,1.0,18214.596172373836,10000.0,19000.0,1.0,16.5,18.152869107782603,19.0,1.0,25183.542893524405,10000.0,25000.0,0.0,19.47167866660959,17.0,20.0,1.0,0.0,111.0,1.0,49.0
11.0,22.0,11.0,21.0,-121.0,11.0,11.0,-111.0,10.000849617769159,9.0,11.0,30000.0,10000.0,19000.0,0.0,24.441932659644763,16.5,19.0,0.0,10000.0,36571.39609978913,25000.0,0.0,25.757340542572543,17.0,20.0,0.0,121.0,9.986535648950515,9.0,11.0,1.0,11715.385023391947,10000.0,19000.0,1.0,16.5,16.820425923022164,19.0,1.0,18245.535457708218,10000.0,25000.0,1.0,18.127577588751084,17.0,20.0,1.0,0.0,111.0,1.0,39.0
91.0,21.0,91.0,24.0,-721.0,911.0,12.0,-711.0,14.94229918490141,12.0,17.0,30000.0,18000.0,36000.0,1.0,24.666429617949472,20.0,25.0,1.0,18000.0,34520.95319509676,36000.0,1.0,25.230875764857952,20.0,26.0,1.0,721.0,15.990818977428221,12.0,17.0,1.0,27988.297326812935,18000.0,36000.0,1.0,20.0,24.441871310300535,25.0,1.0,32465.090077527562,18000.0,36000.0,1.0,25.00080397551575,20.0,26.0,1.0,1.0,91121.0,7.0,26.0
11.0,21.0,11.0,22.0,-121.0,11.0,11.0,-111.0,10.196468562421062,9.0,11.0,30000.0,10000.0,19000.0,0.0,28.32007355473602,16.5,19.0,0.0,10000.0,36958.127385862485,25000.0,0.0,29.639964523088075,17.0,20.0,0.0,122.0,10.206911780393227,9.0,11.0,1.0,16298.379003880184,10000.0,19000.0,1.0,16.5,17.843636800588037,19.0,1.0,23313.476873927713,10000.0,25000.0,1.0,19.17433453107142,17.0,20.0,1.0,0.0,111.0,1.0,29.0
81.0,21.0,81.0,23.0,-721.0,912.0,12.0,-711.0,14.95326451991783,12.0,17.0,30000.0,12500.0,23000.0,0.0,27.477481230528664,20.0,24.0,0.0,12500.0,33957.60654392696,26000.0,0.0,27.95826715069736,20.0,25.0,0.0,722.0,15.42503208297585,12.0,17.0,1.0,19070.819031981144,12500.0,23000.0,1.0,20.0,22.3284244595431,24.0,1.0,23148.874483378015,12500.0,26000.0,1.0,22.8238429962108,20.0,25.0,1.0,0.0,912.0,7.0,7.0
91.0,24.0,91.0,24.0,-721.0,911.0,11.0,-711.0,15.108353960271685,12.0,17.0,30000.0,18000.0,36000.0,1.0,24.707519113461224,20.0,25.0,1.0,18000.0,34048.232878115596,36000.0,1.0,25.202827022371224,20.0,26.0,1.0,722.0,15.305823643640664,12.0,17.0,1.0,25554.56584606109,18000.0,36000.0,1.0,20.0,23.52605070324603,25.0,1.0,29526.900248491496,18000.0,36000.0,1.0,24.012072309610467,20.0,26.0,1.0,1.0,91121.0,7.0,0.0
11.0,22.0,11.0,22.0,-121.0,21.0,13.0,-111.0,10.197595697542543,9.0,11.0,30000.0,10000.0,19000.0,0.0,24.590415763835118,16.5,19.0,0.0,10000.0,36950.469553579314,25000.0,0.0,25.905687584499447,17.0,20.0,0.0,122.0,10.199429663538082,9.0,11.0,1.0,13708.901616282137,10000.0,19000.0,1.0,16.5,17.344748937261198,19.0,1.0,20621.772518554422,10000.0,25000.0,1.0,18.652905778688815,17.0,20.0,1.0,0.0,211.0,1.0,31.0
11.0,22.0,11.0,21.0,-121.0,11.0,11.0,-111.0,9.990091319022222,9.0,11.0,30000.0,10000.0,19000.0,0.0,25.198310462846905,16.5,19.0,0.0,10000.0,36578.97216891979,25000.0,0.0,26.517264417238017,17.0,20.0,0.0,121.0,9.99606653519832,9.0,11.0,1.0,13283.904589459189,10000.0,19000.0,1.0,16.5,17.16148735120483,19.0,1.0,19817.43766521159,10000.0,25000.0,1.0,18.47133166505054,17.0,20.0,1.0,0.0,111.0,1.0,54.0
91.0,24.0,91.0,21.0,-721.0,911.0,11.0,-711.0,14.040213815948778,12.0,17.0,30000.0,18000.0,36000.0,1.0,23.67384180407288,20.0,25.0,1.0,18000.0,34503.20814864677,36000.0,1.0,24.23738455586422,20.0,26.0,1.0,721.0,14.911210251231653,12.0,17.0,1.0,23453.812614366645,18000.0,36000.0,1.0,20.0,22.719674328869345,25.0,1.0,27953.04803934212,18000.0,36000.0,1.0,23.28271992406567,20.0,26.0,1.0,1.0,91121.0,7.0,21.0
11.0,22.0,11.0,21.0,-121.0,11.0,12.0,-111.0,9.989505644796099,9.0,11.0,30000.0,10000.0,19000.0,0.0,23.409789816973436,16.5,19.0,0.0,10000.0,36512.92758176945,25000.0,0.0,24.710592460970418,17.0,20.0,0.0,121.0,9.995099774593989,9.0,11.0,1.0,14458.707431399147,10000.0,19000.0,1.0,16.5,17.355845036197483,19.0,1.0,20903.333365733422,10000.0,25000.0,1.0,18.643006047847482,17.0,20.0,1.0,0.0,111.0,1.0,45.0
11.0,22.0,11.0,21.0,-121.0,11.0,11.0,-111.0,10.009248397078863,9.0,11.0,30000.0,10000.0,19000.0,0.0,24.138087006532004,16.5,19.0,0.0,10000.0,36440.87898551715,25000.0,0.0,25.43023801726774,17.0,20.0,0.0,121.0,10.013624697766996,9.0,11.0,1.0,13617.711053367213,10000.0,19000.0,1.0,16.5,17.22900519465231,19.0,1.0,20076.814997490073,10000.0,25000.0,1.0,18.524812445279515,17.0,20.0,1.0,0.0,111.0,1.0,0.0
81.0,23.0,81.0,21.0,-721.0,912.0,12.0,-711.0,15.24283370310045,12.0,17.0,30000.0,12500.0,23000.0,0.0,26.175935494525568,20.0,24.0,0.0,12500.0,33974.38227362013,26000.0,0.0,26.66045122658841,20.0,25.0,0.0,722.0,15.318679297902898,12.0,17.0,1.0,15212.38245146932,12500.0,23000.0,1.0,20.0,21.56909947686193,24.0,1.0,19222.39890886164,12500.0,26000.0,1.0,22.05795936141142,20.0,25.0,1.0,0.0,912.0,7.0,30.0
91.0,24.0,91.0,24.0,-721.0,911.0,11.0,-711.0,15.576655842754066,12.0,17.0,30000.0,18000.0,36000.0,1.0,25.1630388494032,20.0,25.0,0.0,18000.0,34495.955703086925,36000.0,1.0,25.724725040655247,20.0,26.0,1.0,721.0,14.688669425993494,12.0,17.0,1.0,24555.628808021916,18000.0,36000.0,1.0,20.0,22.799004414667905,25.0,1.0,29050.12758034857,18000.0,36000.0,1.0,23.36050858947146,20.0,26.0,1.0,0.0,91121.0,7.0,0.0
81.0,23.0,81.0,23.0,-721.0,912.0,12.0,-711.0,15.190609250344028,12.0,17.0,30000.0,12500.0,23000.0,0.0,26.286253259939507,20.0,24.0,0.0,12500.0,34009.84120595946,26000.0,0.0,26.773703572471096,20.0,25.0,0.0,722.0,15.043325074372248,12.0,17.0,1.0,16105.627972421218,12500.0,23000.0,1.0,20.0,21.650831511848004,24.0,1.0,20183.663525769243,12500.0,26000.0,1.0,22.14657176760678,20.0,25.0,1.0,0.0,912.0,7.0,5.0
11.0,22.0,11.0,21.0,-121.0,11.0,11.0,-111.0,10.187647142614923,9.0,11.0,30000.0,10000.0,19000.0,0.0,22.739240872780858,16.5,19.0,0.0,10000.0,37161.697813616214,25000.0,0.0,24.086096360303703,17.0,20.0,0.0,122.0,10.222688766027392,9.0,11.0,1.0,13874.020514029677,10000.0,19000.0,1.0,16.5,17.317062164575603,19.0,1.0,20753.554384329444,10000.0,25000.0,1.0,18.61085285303442,17.0,20.0,1.0,0.0,111.0,1.0,1.0
81.0,23.0,81.0,21.0,-721.0,912.0,12.0,-711.0,15.232401169251235,12.0,17.0,30000.0,12500.0,23000.0,0.0,25.96207945625877,20.0,24.0,0.0,12500.0,34023.45468994528,26000.0,0.0,26.45434949191485,20.0,25.0,0.0,722.0,15.12963054082902,12.0,17.0,1.0,16167.763063303282,12500.0,23000.0,1.0,20.0,21.582561218268687,24.0,1.0,20185.399003608538,12500.0,26000.0,1.0,22.07411932939386,20.0,25.0,1.0,0.0,912.0,7.0,30.0
81.0,23.0,81.0,23.0,-721.0,912.0,11.0,-711.0,15.66105959515322,12.0,17.0,30000.0,12500.0,23000.0,0.0,28.434258641564362,20.0,24.0,0.0,12500.0,34454.56814752376,26000.0,0.0,28.990958453276104,20.0,25.0,0.0,721.0,15.935111118170788,12.0,17.0,1.0,17451.95209471571,12500.0,23000.0,1.0,20.0,22.698117843072886,24.0,1.0,21925.602503636896,12500.0,26000.0,1.0,23.257202418239842,20.0,25.0,1.0,0.0,912.0,7.0,17.0
11.0,22.0,11.0,22.0,-121.0,21.0,12.0,-111.0,10.205702214756595,9.0,11.0,30000.0,10000.0,19000.0,0.0,24.416832748237297,16.5,19.0,0.0,10000.0,36895.256170328204,25000.0,0.0,25.719366081370918,17.0,20.0,0.0,122.0,10.195174474901236,9.0,11.0,1.0,14528.408200235213,10000.0,19000.0,1.0,16.5,17.485574720782274,19.0,1.0,21504.312087707352,10000.0,25000.0,1.0,18.80334263508681,17.0,20.0,1.0,0.0,211.0,1.0,23.0
92.0,24.0,92.0,24.0,-721.0,921.0,13.0,-711.0,14.96873791747053,12.0,17.0,30000.0,15000.0,28000.0,0.0,24.055050726550053,19.5,25.0,1.0,15000.0,34020.71903045391,28000.0,0.0,24.545963819395794,20.0,26.0,1.0,722.0,15.01696114909468,12.0,17.0,1.0,21672.545389115832,15000.0,28000.0,1.0,19.5,21.682183070326953,25.0,1.0,25685.873318195347,15000.0,28000.0,1.0,22.172193740395134,20.0,26.0,1.0,0.0,92122.0,7.0,22.0
92.0,24.0,92.0,24.0,-721.0,921.0,13.0,-711.0,15.349611696675034,12.0,17.0,30000.0,15000.0,28000.0,0.0,24.68195891921362,19.5,25.0,1.0,15000.0,34504.797257723,28000.0,0.0,25.24269809951775,20.0,26.0,1.0,721.0,15.448821217220448,12.0,17.0,1.0,20170.18498066939,15000.0,28000.0,1.0,19.5,22.136985289218565,25.0,1.0,24680.159886591544,15000.0,28000.0,1.0,22.698368962502286,20.0,26.0,1.0,0.0,92122.0,7.0,25.0
91.0,24.0,91.0,24.0,-721.0,911.0,12.0,-711.0,14.806721154154287,12.0,17.0,30000.0,18000.0,36000.0,1.0,24.054188177579125,20.0,25.0,1.0,18000.0,34455.66281401763,36000.0,1.0,24.61490446742426,20.0,26.0,1.0,721.0,14.912550661829552,12.0,17.0,1.0,26006.402568646598,18000.0,36000.0,1.0,20.0,23.178864236937287,25.0,1.0,30542.924980395048,18000.0,36000.0,1.0,23.749756183139397,20.0,26.0,1.0,1.0,91121.0,7.0,32.0
11.0,22.0,11.0,22.0,-121.0,21.0,13.0,-111.0,10.17840997432647,9.0,11.0,30000.0,10000.0,19000.0,0.0,27.390157575886537,16.5,19.0,0.0,10000.0,36978.29578797126,25000.0,0.0,28.714882009727848,17.0,20.0,0.0,122.0,10.216093192566882,9.0,11.0,1.0,15548.427681473413,10000.0,19000.0,1.0,16.5,17.714233082660357,19.0,1.0,22565.783237858614,10000.0,25000.0,1.0,19.04637242569588,17.0,20.0,1.0,0.0,211.0,1.0,36.0
11.0,21.0,11.0,22.0,-121.0,21.0,12.0,-111.0,10.027021257010702,9.0,11.0,30000.0,10000.0,19000.0,0.0,25.66005323881778,16.5,19.0,0.0,10000.0,36498.79361499729,25000.0,0.0,26.955737120897385,17.0,20.0,0.0,121.0,10.011795211565103,9.0,11.0,1.0,13106.895337076829,10000.0,19000.0,1.0,16.5,17.124919388885644,19.0,1.0,19660.860597322746,10000.0,25000.0,1.0,18.431603006567176,17.0,20.0,1.0,0.0,211.0,1.0,37.0
91.0,24.0,91.0,24.0,-721.0,911.0,12.0,-711.0,15.906667028385094,12.0,17.0,30000.0,18000.0,36000.0,1.0,25.222383936991065,20.0,25.0,0.0,18000.0,34467.254665887325,36000.0,1.0,25.780824335751053,20.0,26.0,1.0,721.0,15.354003428597355,12.0,17.0,1.0,24833.365369497005,18000.0,36000.0,1.0,20.0,23.49355607234581,25.0,1.0,29356.2976737052,18000.0,36000.0,1.0,24.05895659423989,20.0,26.0,1.0,0.0,91121.0,7.0,27.0
11.0,22.0,11.0,22.0,-121.0,11.0,11.0,-111.0,10.008712547462476,9.0,11.0,30000.0,10000.0,19000.0,0.0,24.694045820576363,16.5,19.0,0.0,10000.0,36479.009910438916,25000.0,0.0,25.98723390391937,17.0,20.0,0.0,121.0,10.012647745767215,9.0,11.0,1.0,15098.056853602975,10000.0,19000.0,1.0,16.5,17.583849207552774,19.0,1.0,21508.46604049765,10000.0,25000.0,1.0,18.863344822536817,17.0,20.0,1.0,0.0,111.0,1.0,17.0
11.0,21.0,11.0,22.0,-121.0,21.0,13.0,-111.0,10.195693434398843,9.0,11.0,30000.0,10000.0,19000.0,0.0,27.797130420459787,16.5,19.0,0.0,10000.0,36997.45103874182,25000.0,0.0,29.118955613683873,17.0,20.0,0.0,122.0,10.179326519086622,9.0,11.0,1.0,15807.090358360929,10000.0,19000.0,1.0,16.5,17.72006635425667,19.0,1.0,22814.847485936443,10000.0,25000.0,1.0,19.04383837751766,17.0,20.0,1.0,0.0,211.0,1.0,32.0
11.0,21.0,11.0,22.0,-121.0,21.0,13.0,-111.0,10.174148117857435,9.0,11.0,30000.0,10000.0,19000.0,0.0,27.421092777310673,16.5,19.0,0.0,10000.0,36860.238184404036,25000.0,0.0,28.71813015524368,17.0,20.0,0.0,122.0,10.18951345233684,9.0,11.0,1.0,15416.14933113174,10000.0,19000.0,1.0,16.5,17.58230449066908,19.0,1.0,22235.878715191076,10000.0,25000.0,1.0,18.871683034204512,17.0,20.0,1.0,0.0,211.0,1.0,32.0
11.0,22.0,11.0,21.0,-121.0,21.0,13.0,-111.0,9.998568970067163,9.0,11.0,30000.0,10000.0,19000.0,0.0,26.419205798226493,16.5,19.0,0.0,10000.0,36515.8725941865,25000.0,0.0,27.715264798641126,17.0,20.0,0.0,121.0,9.994987904231106,9.0,11.0,1.0,12588.000672706337,10000.0,19000.0,1.0,16.5,17.005209012778252,19.0,1.0,19117.3445108557,10000.0,25000.0,1.0,18.303947551003436,17.0,20.0,1.0,0.0,211.0,1.0,2.0
11.0,22.0,11.0,22.0,-121.0,21.0,13.0,-111.0,10.007520895936043,9.0,11.0,30000.0,10000.0,19000.0,0.0,25.07782522519642,16.5,19.0,0.0,10000.0,36485.36194858955,25000.0,0.0,26.373075573015655,17.0,20.0,0.0,121.0,10.00500980177896,9.0,11.0,1.0,13554.144703100825,10000.0,19000.0,1.0,16.5,17.248444249160475,19.0,1.0,20000.947692484435,10000.0,25000.0,1.0,18.535993638155986,17.0,20.0,1.0,0.0,211.0,1.0,47.0
81.0,23.0,81.0,23.0,-721.0,912.0,12.0,-711.0,15.818990840854283,12.0,17.0,30000.0,12500.0,23000.0,0.0,26.90998273456923,20.0,24.0,0.0,12500.0,34522.42813302976,26000.0,0.0,27.477260641002207,20.0,25.0,0.0,721.0,15.381596829853185,12.0,17.0,1.0,18863.91518098789,12500.0,23000.0,1.0,20.0,22.33639128694405,24.0,1.0,23389.15646688682,12500.0,26000.0,1.0,22.90402206564457,20.0,25.0,1.0,0.0,912.0,7.0,5.0
81.0,21.0,81.0,21.0,-721.0,912.0,12.0,-711.0,15.166515345586719,12.0,17.0,30000.0,12500.0,23000.0,0.0,27.175611923543325,20.0,24.0,0.0,12500.0,34066.4738595557,26000.0,0.0,27.669074496464,20.0,25.0,0.0,722.0,15.245405216829207,12.0,17.0,1.0,14831.65483016141,12500.0,23000.0,1.0,20.0,21.496638714498058,24.0,1.0,18824.279902003713,12500.0,26000.0,1.0,21.981139810214962,20.0,25.0,1.0,0.0,912.0,7.0,6.0
11.0,22.0,11.0,22.0,-121.0,21.0,12.0,-111.0,10.004015520606494,9.0,11.0,30000.0,10000.0,19000.0,0.0,24.465037259769613,16.5,19.0,0.0,10000.0,36424.05046505133,25000.0,0.0,25.750333118722207,17.0,20.0,0.0,121.0,10.016382322260235,9.0,11.0,1.0,14199.919309085268,10000.0,19000.0,1.0,16.5,17.38585870425444,19.0,1.0,20742.999524240968,10000.0,25000.0,1.0,18.694969513873065,17.0,20.0,1.0,0.0,211.0,1.0,25.0
11.0,21.0,11.0,22.0,-121.0,21.0,13.0,-111.0,10.197967993518457,9.0,11.0,30000.0,10000.0,19000.0,0.0,27.26565098602464,16.5,19.0,0.0,10000.0,36927.536469842926,25000.0,0.0,28.574969418136767,17.0,20.0,0.0,122.0,10.203610120837913,9.0,11.0,1.0,13784.230529818491,10000.0,19000.0,1.0,16.5,17.347070693130043,19.0,1.0,20750.80120142452,10000.0,25000.0,1.0,18.663766668481923,17.0,20.0,1.0,0.0,211.0,1.0,52.0
91.0,24.0,91.0,24.0,-721.0,911.0,12.0,-711.0,15.345846203490144,12.0,17.0,30000.0,18000.0,36000.0,1.0,24.833603009934084,20.0,25.0,1.0,18000.0,34068.12408269542,36000.0,1.0,25.329319545040715,20.0,26.0,1.0,722.0,15.2809685697709,12.0,17.0,1.0,26624.196537648888,18000.0,36000.0,1.0,20.0,23.483677479385463,25.0,1.0,30785.21279914694,18000.0,36000.0,1.0,23.990713283048926,20.0,26.0,1.0,1.0,91121.0,7.0,1.0
11.0,21.0,11.0,21.0,-121.0,21.0,13.0,-111.0,9.993273575972415,9.0,11.0,30000.0,10000.0,19000.0,0.0,26.986787064043654,16.5,19.0,0.0,10000.0,36503.69231946067,25000.0,0.0,28.29297978646621,17.0,20.0,0.0,121.0,10.004674267525841,9.0,11.0,1.0,10772.017417206536,10000.0,19000.0,1.0,16.5,16.67148716579034,19.0,1.0,17194.69939285022,10000.0,25000.0,1.0,17.961409880909798,17.0,20.0,1.0,0.0,211.0,1.0,34.0
92.0,24.0,92.0,24.0,-721.0,921.0,13.0,-711.0,15.334665216509242,12.0,17.0,30000.0,15000.0,28000.0,0.0,25.111264709819796,19.5,25.0,0.0,15000.0,33920.437742578266,28000.0,0.0,25.590435385453304,20.0,26.0,1.0,722.0,15.222705830433377,12.0,17.0,1.0,19542.298299102917,15000.0,28000.0,1.0,19.5,21.644555685054705,25.0,1.0,23545.215639666083,15000.0,28000.0,1.0,22.1338073279902,20.0,26.0,1.0,0.0,92122.0,7.0,20.0
11.0,21.0,11.0,22.0,-121.0,11.0,11.0,-111.0,9.99976515919537,9.0,11.0,30000.0,10000.0,19000.0,0.0,25.011011733120718,16.5,19.0,0.0,10000.0,36555.33356851497,25000.0,0.0,26.321929269673923,17.0,20.0,0.0,121.0,10.011368368018163,9.0,11.0,1.0,13421.106123037493,10000.0,19000.0,1.0,16.5,17.264635581942883,19.0,1.0,19899.41176240449,10000.0,25000.0,1.0,18.560149285560804,17.0,20.0,1.0,0.0,111.0,1.0,29.0
91.0,24.0,91.0,21.0,-721.0,911.0,11.0,-711.0,14.328936812622,12.0,17.0,30000.0,18000.0,36000.0,1.0,24.49798959362831,20.0,25.0,1.0,18000.0,34473.48324850202,36000.0,1.0,25.057605014817984,20.0,26.0,1.0,721.0,15.717297514419624,12.0,17.0,1.0,22705.00892341992,18000.0,36000.0,1.0,20.0,23.456760820048757,25.0,1.0,27167.1717263607,18000.0,36000.0,1.0,24.014960097361524,20.0,26.0,1.0,1.0,91121.0,7.0,2.0
91.0,24.0,91.0,21.0,-721.0,911.0,11.0,-711.0,15.403962243024448,12.0,17.0,30000.0,18000.0,36000.0,1.0,24.681870749758545,20.0,25.0,1.0,18000.0,34513.70579355123,36000.0,1.0,25.249524912659936,20.0,26.0,1.0,721.0,14.591227605900897,12.0,17.0,1.0,23614.848688641447,18000.0,36000.0,1.0,20.0,22.46341619004801,25.0,1.0,28082.733242952298,18000.0,36000.0,1.0,23.02530776708453,20.0,26.0,1.0,1.0,91121.0,7.0,15.0
11.0,22.0,11.0,22.0,-121.0,11.0,11.0,-111.0,10.180327553993276,9.0,11.0,30000.0,10000.0,19000.0,0.0,24.564593281911833,16.5,19.0,0.0,10000.0,37061.60395793245,25000.0,0.0,25.899138767851557,17.0,20.0,0.0,122.0,10.231046179340561,9.0,11.0,1.0,13453.616024691604,10000.0,19000.0,1.0,16.5,17.304926655117967,19.0,1.0,20484.630730154957,10000.0,25000.0,1.0,18.63369119539094,17.0,20.0,1.0,0.0,111.0,1.0,30.0
11.0,22.0,11.0,21.0,-121.0,21.0,13.0,-111.0,10.005439332378204,9.0,11.0,30000.0,10000.0,19000.0,0.0,26.31618460587157,16.5,19.0,0.0,10000.0,36468.21936380353,25000.0,0.0,27.608056589880473,17.0,20.0,0.0,121.0,9.995924579670593,9.0,11.0,1.0,13025.447661226213,10000.0,19000.0,1.0,16.5,17.067867711482315,19.0,1.0,19495.28755761164,10000.0,25000.0,1.0,18.360063358082726,17.0,20.0,1.0,0.0,211.0,1.0,20.0
81.0,23.0,81.0,23.0,-721.0,912.0,11.0,-711.0,15.340907243294529,12.0,17.0,30000.0,12500.0,23000.0,0.0,28.81434388340943,20.0,24.0,0.0,12500.0,34533.98600148491,26000.0,0.0,29.382433481724934,20.0,25.0,0.0,721.0,15.498186661008933,12.0,17.0,1.0,17710.947960590845,12500.0,23000.0,1.0,20.0,22.37012169347163,24.0,1.0,22239.024452315636,12500.0,26000.0,1.0,22.937470854779882,20.0,25.0,1.0,0.0,912.0,7.0,17.0
11.0,21.0,11.0,22.0,-121.0,21.0,13.0,-111.0,9.987451875309226,9.0,11.0,30000.0,10000.0,19000.0,0.0,27.4521117397231,16.5,19.0,0.0,10000.0,36488.56854254206,25000.0,0.0,28.75607937307569,17.0,20.0,0.0,121.0,10.004035201151472,9.0,11.0,1.0,16242.208373595293,10000.0,19000.0,1.0,16.5,17.807438370510628,19.0,1.0,22776.87058689224,10000.0,25000.0,1.0,19.120669164816622,17.0,20.0,1.0,0.0,211.0,1.0,59.0
92.0,24.0,92.0,24.0,-721.0,921.0,13.0,-711.0,15.36148503369591,12.0,17.0,30000.0,15000.0,28000.0,0.0,25.748223566505576,19.5,25.0,0.0,15000.0,33983.05810924624,28000.0,0.0,26.23350820879695,20.0,26.0,0.0,722.0,15.016306852049665,12.0,17.0,1.0,20695.566228341017,15000.0,28000.0,1.0,19.5,21.602849143681034,25.0,1.0,24622.130061131036,15000.0,28000.0,1.0,22.081250681586376,20.0,26.0,1.0,0.0,92122.0,7.0,22.0
81.0,23.0,81.0,23.0,-721.0,912.0,12.0,-711.0,15.239298522503955,12.0,17.0,30000.0,12500.0,23000.0,0.0,25.566519641225035,20.0,24.0,0.0,12500.0,34081.248930642745,26000.0,0.0,26.061227306167552,20.0,25.0,0.0,722.0,15.165031789185143,12.0,17.0,1.0,18415.974143101856,12500.0,23000.0,1.0,20.0,21.970669579576942,24.0,1.0,22361.71949197033,12500.0,26000.0,1.0,22.44895220853903,20.0,25.0,1.0,0.0,912.0,7.0,31.0
11.0,22.0,11.0,22.0,-121.0,21.0,13.0,-111.0,10.199360349199013,9.0,11.0,30000.0,10000.0,19000.0,0.0,27.057336502727786,16.5,19.0,0.0,10000.0,36991.23648113569,25000.0,0.0,28.37805616733161,17.0,20.0,0.0,122.0,10.216166348088125,9.0,11.0,1.0,13669.531436876452,10000.0,19000.0,1.0,16.5,17.34417512599615,19.0,1.0,20946.23117158086,10000.0,25000.0,1.0,18.718821865378132,17.0,20.0,1.0,0.0,211.0,1.0,13.0
11.0,21.0,11.0,22.0,-121.0,21.0,13.0,-111.0,10.199773064491081,9.0,11.0,30000.0,10000.0,19000.0,0.0,29.141485998841894,16.5,19.0,0.0,10000.0,37071.9505898881,25000.0,0.0,30.479193834182894,17.0,20.0,0.0,122.0,10.18169156706916,9.0,11.0,1.0,15062.635197852807,10000.0,19000.0,1.0,16.5,17.595753438477796,19.0,1.0,22029.110378731697,10000.0,25000.0,1.0,18.91350987861686,17.0,20.0,1.0,0.0,211.0,1.0,52.0
91.0,24.0,91.0,24.0,-721.0,911.0,11.0,-711.0,15.194697353584587,12.0,17.0,30000.0,18000.0,36000.0,1.0,24.950955879432932,20.0,25.0,1.0,18000.0,33925.29862033559,36000.0,1.0,25.428146065467825,20.0,26.0,1.0,722.0,15.370867063087992,12.0,17.0,1.0,28706.87877901281,18000.0,36000.0,1.0,20.0,23.94712737337172,25.0,1.0,32762.087136599235,18000.0,36000.0,1.0,24.44011040924619,20.0,26.0,1.0,1.0,91121.0,7.0,16.0
81.0,23.0,81.0,21.0,-721.0,912.0,12.0,-711.0,16.124807404086688,12.0,17.0,30000.0,12500.0,23000.0,0.0,26.72918208621355,20.0,24.0,0.0,12500.0,34521.69667309525,26000.0,0.0,27.294383593916567,20.0,25.0,0.0,721.0,14.928784837813977,12.0,17.0,1.0,15047.976992881211,12500.0,23000.0,1.0,20.0,21.273573990828798,24.0,1.0,19578.00255501307,12500.0,26000.0,1.0,21.839816590179776,20.0,25.0,1.0,0.0,912.0,7.0,11.0
11.0,22.0,11.0,22.0,-121.0,21.0,13.0,-111.0,10.004827114331967,9.0,11.0,30000.0,10000.0,19000.0,0.0,25.3983954653109,16.5,19.0,0.0,10000.0,36462.46276726924,25000.0,0.0,26.691463499192665,17.0,20.0,0.0,121.0,9.993130630581526,9.0,11.0,1.0,14955.13656805413,10000.0,19000.0,1.0,16.5,17.514755860964446,19.0,1.0,21422.208194841452,10000.0,25000.0,1.0,18.808746077167424,17.0,20.0,1.0,0.0,211.0,1.0,19.0
91.0,24.0,91.0,21.0,-721.0,911.0,12.0,-711.0,15.204120187360317,12.0,17.0,30000.0,18000.0,36000.0,1.0,24.36039604863472,20.0,25.0,1.0,18000.0,33916.03939605643,36000.0,1.0,24.837648231352325,20.0,26.0,1.0,722.0,15.15328558704545,12.0,17.0,1.0,24860.86569341044,18000.0,36000.0,1.0,20.0,23.11235562147975,25.0,1.0,28838.031362772774,18000.0,36000.0,1.0,23.597057332765946,20.0,26.0,1.0,1.0,91121.0,7.0,29.0
11.0,22.0,11.0,22.0,-121.0,11.0,11.0,-111.0,10.000908163609642,9.0,11.0,30000.0,10000.0,19000.0,0.0,25.530351801009974,16.5,19.0,0.0,10000.0,36516.16060290625,25000.0,0.0,26.8413001598844,17.0,20.0,0.0,121.0,10.007498836526182,9.0,11.0,1.0,13493.15474323226,10000.0,19000.0,1.0,16.5,17.281387269380215,19.0,1.0,19927.999183387656,10000.0,25000.0,1.0,18.575976103589053,17.0,20.0,1.0,0.0,111.0,1.0,55.0
91.0,24.0,91.0,24.0,-721.0,911.0,11.0,-711.0,14.664190447411354,12.0,17.0,30000.0,18000.0,36000.0,1.0,24.10718221561686,20.0,25.0,1.0,18000.0,34446.07852212576,36000.0,1.0,24.66483359518893,20.0,26.0,1.0,721.0,15.318459702340276,12.0,17.0,1.0,27571.83474138034,18000.0,36000.0,1.0,20.0,23.88045258923075,25.0,1.0,32035.877850163248,18000.0,36000.0,1.0,24.440357185088352,20.0,26.0,1.0,1.0,91121.0,7.0,9.0
91.0,24.0,91.0,24.0,-721.0,911.0,12.0,-711.0,15.203721344238728,12.0,17.0,30000.0,18000.0,36000.0,1.0,24.86657500493287,20.0,25.0,1.0,18000.0,33964.79896957163,36000.0,1.0,25.35200415665192,20.0,26.0,1.0,722.0,15.293820196302176,12.0,17.0,1.0,24757.372961556066,18000.0,36000.0,1.0,20.0,23.30827838623663,25.0,1.0,28741.592068637226,18000.0,36000.0,1.0,23.79608523754395,20.0,26.0,1.0,1.0,91121.0,7.0,23.0
91.0,21.0,91.0,24.0,-721.0,911.0,12.0,-711.0,15.755021100589628,12.0,17.0,30000.0,18000.0,36000.0,1.0,26.12140829958816,20.0,25.0,0.0,18000.0,34495.50111283738,36000.0,1.0,26.68180042855504,20.0,26.0,0.0,721.0,15.25907652749537,12.0,17.0,1.0,30527.609516427387,18000.0,36000.0,1.0,20.0,24.04986546174591,25.0,1.0,34988.3641235967,18000.0,36000.0,1.0,24.605926223019456,20.0,26.0,1.0,0.0,91121.0,7.0,26.0
11.0,21.0,11.0,22.0,-121.0,11.0,12.0,-111.0,10.219477242956199,9.0,11.0,30000.0,10000.0,19000.0,0.0,24.994933419991874,16.5,19.0,0.0,10000.0,36902.51711597424,25000.0,0.0,26.29587529563858,17.0,20.0,0.0,122.0,10.210306290784722,9.0,11.0,1.0,15880.422382609244,10000.0,19000.0,1.0,16.5,17.71518112913371,19.0,1.0,22824.486285683128,10000.0,25000.0,1.0,19.023953475060807,17.0,20.0,1.0,0.0,111.0,1.0,7.0
91.0,24.0,91.0,21.0,-721.0,911.0,11.0,-711.0,15.383135379205347,12.0,17.0,30000.0,18000.0,36000.0,1.0,24.421098732279955,20.0,25.0,1.0,18000.0,34048.05327893937,36000.0,1.0,24.913682528454085,20.0,26.0,1.0,722.0,15.185786221622564,12.0,17.0,1.0,26547.211639502024,18000.0,36000.0,1.0,20.0,23.305942080613754,25.0,1.0,30607.16103669976,18000.0,36000.0,1.0,23.7999734454555,20.0,26.0,1.0,1.0,91121.0,7.0,2.0
91.0,24.0,91.0,24.0,-721.0,911.0,12.0,-711.0,15.190970330751055,12.0,17.0,30000.0,18000.0,36000.0,1.0,24.301991372392777,20.0,25.0,1.0,18000.0,34055.09497240926,36000.0,1.0,24.795606369536785,20.0,26.0,1.0,722.0,14.984454736114401,12.0,17.0,1.0,29336.98382194824,18000.0,36000.0,1.0,20.0,23.56216326162924,25.0,1.0,33283.204025302424,18000.0,36000.0,1.0,24.042525247639887,20.0,26.0,1.0,1.0,91121.0,7.0,32.0
91.0,24.0,91.0,24.0,-721.0,911.0,12.0,-711.0,15.44421574469034,12.0,17.0,30000.0,18000.0,36000.0,1.0,24.930226816000317,20.0,25.0,1.0,18000.0,34435.86821898245,36000.0,1.0,25.48149544253622,20.0,26.0,1.0,721.0,14.492755009761714,12.0,17.0,1.0,23908.131008512235,18000.0,36000.0,1.0,20.0,22.462921672043144,25.0,1.0,28377.620768746106,18000.0,36000.0,1.0,23.01836862398294,20.0,26.0,1.0,1.0,91121.0,7.0,8.0
11.0,22.0,11.0,22.0,-121.0,21.0,13.0,-111.0,9.974994834478345,9.0,11.0,30000.0,10000.0,19000.0,0.0,24.59681334550397,16.5,19.0,0.0,10000.0,36517.05128815324,25000.0,0.0,25.902835928840613,17.0,20.0,0.0,121.0,9.994669076095139,9.0,11.0,1.0,14290.624617772446,10000.0,19000.0,1.0,16.5,17.380138430347642,19.0,1.0,20882.61883020597,10000.0,25000.0,1.0,18.701179639017074,17.0,20.0,1.0,0.0,211.0,1.0,4.0
11.0,22.0,11.0,22.0,-121.0,11.0,12.0,-111.0,9.991312770558482,9.0,11.0,30000.0,10000.0,19000.0,0.0,23.608660533580565,16.5,19.0,0.0,10000.0,36538.39339776923,25000.0,0.0,24.917151673509284,17.0,20.0,0.0,121.0,10.017066255515221,9.0,11.0,1.0,15245.201747960335,10000.0,19000.0,1.0,16.5,17.634853674949902,19.0,1.0,21785.006136862394,10000.0,25000.0,1.0,18.943627188434863,17.0,20.0,1.0,0.0,111.0,1.0,40.0
91.0,24.0,91.0,24.0,-721.0,911.0,11.0,-711.0,14.872087482217127,12.0,17.0,30000.0,18000.0,36000.0,1.0,24.550620043216753,20.0,25.0,1.0,18000.0,34479.963935948486,36000.0,1.0,25.110931448104935,20.0,26.0,1.0,721.0,15.488079915124244,12.0,17.0,1.0,29394.956736097178,18000.0,36000.0,1.0,20.0,24.179074338497042,25.0,1.0,33936.60379297834,18000.0,36000.0,1.0,24.7471004832005,20.0,26.0,1.0,1.0,91121.0,7.0,28.0
81.0,23.0,81.0,23.0,-721.0,912.0,12.0,-711.0,14.510468096057219,12.0,17.0,30000.0,12500.0,23000.0,0.0,25.043644411101706,20.0,24.0,0.0,12500.0,34513.79869640581,26000.0,0.0,25.607253061077582,20.0,25.0,0.0,721.0,14.814483027489537,12.0,17.0,1.0,19996.68750588017,12500.0,23000.0,1.0,20.0,21.86243211978759,24.0,1.0,24493.062562194722,12500.0,26000.0,1.0,22.423865193285653,20.0,25.0,1.0,0.0,912.0,7.0,31.0
11.0,22.0,11.0,21.0,-121.0,21.0,13.0,-111.0,10.194702929144295,9.0,11.0,30000.0,10000.0,19000.0,0.0,25.26764464731813,16.5,19.0,0.0,10000.0,36983.1871384346,25000.0,0.0,26.5864232371124,17.0,20.0,0.0,122.0,10.211862593261403,9.0,11.0,1.0,12287.007321540103,10000.0,19000.0,1.0,16.5,16.97563046050336,19.0,1.0,19389.96525458497,10000.0,25000.0,1.0,18.317027828297338,17.0,20.0,1.0,0.0,211.0,1.0,20.0
11.0,22.0,11.0,21.0,-121.0,11.0,12.0,-111.0,10.199903490312417,9.0,11.0,30000.0,10000.0,19000.0,0.0,24.259071481653006,16.5,19.0,0.0,10000.0,37038.78421563225,25000.0,0.0,25.577922978007773,17.0,20.0,0.0,122.0,10.213362370559697,9.0,11.0,1.0,13339.075349411938,10000.0,19000.0,1.0,16.5,17.181162974705344,19.0,1.0,20318.065139262348,10000.0,25000.0,1.0,18.48881083624191,17.0,20.0,1.0,0.0,111.0,1.0,46.0
11.0,22.0,11.0,22.0,-121.0,21.0,13.0,-111.0,10.195802848711173,9.0,11.0,30000.0,10000.0,19000.0,0.0,25.176562593393577,16.5,19.0,0.0,10000.0,37038.531082824244,25000.0,0.0,26.502752033236188,17.0,20.0,0.0,122.0,10.235819438695659,9.0,11.0,1.0,15606.60546772727,10000.0,19000.0,1.0,16.5,17.684084580845788,19.0,1.0,22598.9451125411,10000.0,25000.0,1.0,19.001570699415865,17.0,20.0,1.0,0.0,211.0,1.0,5.0
11.0,21.0,11.0,21.0,-121.0,11.0,11.0,-111.0,10.193492489706587,9.0,11.0,30000.0,10000.0,19000.0,0.0,24.49452678698453,16.5,19.0,0.0,10000.0,36977.68337423677,25000.0,0.0,25.812030343532097,17.0,20.0,0.0,122.0,10.175244893232064,9.0,11.0,1.0,12362.664203141003,10000.0,19000.0,1.0,16.5,16.982140103408383,19.0,1.0,19492.931372705727,10000.0,25000.0,1.0,18.328454037589072,17.0,20.0,1.0,0.0,111.0,1.0,56.0
91.0,24.0,91.0,24.0,-721.0,911.0,11.0,-711.0,15.106467006901473,12.0,17.0,30000.0,18000.0,36000.0,1.0,24.259812994045916,20.0,25.0,1.0,18000.0,34008.35648149749,36000.0,1.0,24.74950789946218,20.0,26.0,1.0,722.0,15.208232692436386,12.0,17.0,1.0,27508.45205758266,18000.0,36000.0,1.0,20.0,23.62458174717966,25.0,1.0,31524.33945496876,18000.0,36000.0,1.0,24.115196693306075,20.0,26.0,1.0,1.0,91121.0,7.0,9.0
11.0,21.0,11.0,22.0,-121.0,11.0,11.0,-111.0,9.987386386255118,9.0,11.0,30000.0,10000.0,19000.0,0.0,25.194029397758555,16.5,19.0,0.0,10000.0,36515.60172065193,25000.0,0.0,26.499831415797928,17.0,20.0,0.0,121.0,10.00103387277598,9.0,11.0,1.0,16556.668700940554,10000.0,19000.0,1.0,16.5,17.86592317124996,19.0,1.0,23052.86209916001,10000.0,25000.0,1.0,19.16783553677746,17.0,20.0,1.0,0.0,111.0,1.0,29.0
91.0,24.0,91.0,21.0,-721.0,911.0,11.0,-711.0,15.254477132656355,12.0,17.0,30000.0,18000.0,36000.0,1.0,24.00941558754102,20.0,25.0,1.0,18000.0,33971.08020228975,36000.0,1.0,24.49257713708633,20.0,26.0,1.0,722.0,15.344084224513367,12.0,17.0,1.0,22459.263035401604,18000.0,36000.0,1.0,20.0,23.05541976691278,25.0,1.0,26469.694157862345,18000.0,36000.0,1.0,23.543369145108564,20.0,26.0,1.0,1.0,91121.0,7.0,3.0
91.0,24.0,91.0,24.0,-721.0,911.0,12.0,-711.0,15.379020190759881,12.0,17.0,30000.0,18000.0,36000.0,1.0,25.39035968210673,20.0,25.0,0.0,18000.0,33921.86643741139,36000.0,1.0,25.867511744099144,20.0,26.0,1.0,722.0,15.361236554371834,12.0,17.0,1.0,24886.31933110402,18000.0,36000.0,1.0,20.0,23.45193604957777,25.0,1.0,28967.276883147515,18000.0,36000.0,1.0,23.948443858279777,20.0,26.0,1.0,0.0,91121.0,7.0,13.0
92.0,24.0,92.0,24.0,-721.0,921.0,13.0,-711.0,15.249556104315673,12.0,17.0,30000.0,15000.0,28000.0,0.0,24.74861515403128,19.5,25.0,1.0,15000.0,34087.776085733785,28000.0,0.0,25.24730346276548,20.0,26.0,1.0,722.0,15.181039356315672,12.0,17.0,1.0,23154.059590000517,15000.0,28000.0,1.0,19.5,22.073695157794504,25.0,1.0,27114.89859849195,15000.0,28000.0,1.0,22.556897775767272,20.0,26.0,1.0,0.0,92122.0,7.0,22.0
11.0,21.0,11.0,22.0,-121.0,11.0,12.0,-111.0,10.000344676649636,9.0,11.0,30000.0,10000.0,19000.0,0.0,24.4742257387896,16.5,19.0,0.0,10000.0,36502.07280789215,25000.0,0.0,25.77395611320196,17.0,20.0,0.0,121.0,9.978706756431503,9.0,11.0,1.0,15343.417026604911,10000.0,19000.0,1.0,16.5,17.602807191478256,19.0,1.0,21839.038833598755,10000.0,25000.0,1.0,18.901248044524028,17.0,20.0,1.0,0.0,111.0,1.0,7.0
11.0,22.0,11.0,22.0,-121.0,21.0,13.0,-111.0,10.177490487857519,9.0,11.0,30000.0,10000.0,19000.0,0.0,26.082821538756768,16.5,19.0,0.0,10000.0,37027.6196270742,25000.0,0.0,27.40753282583261,17.0,20.0,0.0,122.0,10.215713308711946,9.0,11.0,1.0,14634.763179928108,10000.0,19000.0,1.0,16.5,17.506055658871066,19.0,1.0,21714.3106128661,10000.0,25000.0,1.0,18.840555374204442,17.0,20.0,1.0,0.0,211.0,1.0,22.0
11.0,22.0,11.0,22.0,-121.0,21.0,13.0,-111.0,10.187217297514568,9.0,11.0,30000.0,10000.0,19000.0,0.0,26.755939237113157,16.5,19.0,0.0,10000.0,37070.701280803696,25000.0,0.0,28.081655221845633,17.0,20.0,0.0,122.0,10.20367334893222,9.0,11.0,1.0,15167.285884998935,10000.0,19000.0,1.0,16.5,17.582142108307362,19.0,1.0,22029.8989707391,10000.0,25000.0,1.0,18.86884274852531,17.0,20.0,1.0,0.0,211.0,1.0,8.0
11.0,21.0,11.0,21.0,-121.0,11.0,11.0,-111.0,10.009782772403696,9.0,11.0,30000.0,10000.0,19000.0,0.0,26.015559045277012,16.5,19.0,0.0,10000.0,36463.8139038281,25000.0,0.0,27.313896568907005,17.0,20.0,0.0,121.0,10.00016622106907,9.0,11.0,1.0,11393.292228922946,10000.0,19000.0,1.0,16.5,16.742675759166655,19.0,1.0,17919.368992145755,10000.0,25000.0,1.0,18.053519553534542,17.0,20.0,1.0,0.0,111.0,1.0,56.0
11.0,22.0,11.0,22.0,-121.0,11.0,11.0,-111.0,10.003176410664127,9.0,11.0,30000.0,10000.0,19000.0,0.0,24.437146836115453,16.5,19.0,0.0,10000.0,36483.6271334593,25000.0,0.0,25.733380250348635,17.0,20.0,0.0,121.0,9.998059659359168,9.0,11.0,1.0,16566.439515738188,10000.0,19000.0,1.0,16.5,17.83441017188672,19.0,1.0,23066.403221864854,10000.0,25000.0,1.0,19.133909660946475,17.0,20.0,1.0,0.0,111.0,1.0,27.0
91.0,24.0,91.0,24.0,-721.0,911.0,11.0,-711.0,15.091612614205902,12.0,17.0,30000.0,18000.0,36000.0,1.0,25.198741009200795,20.0,25.0,0.0,18000.0,34502.019192050146,36000.0,1.0,25.76060106011481,20.0,26.0,1.0,721.0,15.188525312721671,12.0,17.0,1.0,26030.288643613003,18000.0,36000.0,1.0,20.0,23.482613152192723,25.0,1.0,30480.13760165087,18000.0,36000.0,1.0,24.037962264550522,20.0,26.0,1.0,0.0,91121.0,7.0,28.0
11.0,22.0,11.0,21.0,-121.0,11.0,11.0,-111.0,10.213419488566863,9.0,11.0,30000.0,10000.0,19000.0,0.0,25.014510294417246,16.5,19.0,0.0,10000.0,37161.65293484266,25000.0,0.0,26.36318964898375,17.0,20.0,0.0,122.0,10.205987863845055,9.0,11.0,1.0,14838.779031489275,10000.0,19000.0,1.0,16.5,17.461456329003667,19.0,1.0,21911.20928058199,10000.0,25000.0,1.0,18.79333330633621,17.0,20.0,1.0,0.0,111.0,1.0,26.0
11.0,22.0,11.0,21.0,-121.0,11.0,11.0,-111.0,9.99143421528054,9.0,11.0,30000.0,10000.0,19000.0,0.0,25.03968448149545,16.5,19.0,0.0,10000.0,36514.16594776371,25000.0,0.0,26.3363831654742,17.0,20.0,0.0,121.0,10.011511406280052,9.0,11.0,1.0,14912.274220152889,10000.0,19000.0,1.0,16.5,17.453410593052574,19.0,1.0,21340.908412978162,10000.0,25000.0,1.0,18.733083472813803,17.0,20.0,1.0,0.0,111.0,1.0,54.0
11.0,22.0,11.0,21.0,-121.0,21.0,12.0,-111.0,9.995795162729019,9.0,11.0,30000.0,10000.0,19000.0,0.0,24.371282846460318,16.5,19.0,0.0,10000.0,36530.31567857473,25000.0,0.0,25.670571553594474,17.0,20.0,0.0,121.0,9.992135837097106,9.0,11.0,1.0,12659.045456509235,10000.0,19000.0,1.0,16.5,16.97532199013739,19.0,1.0,19182.343524950466,10000.0,25000.0,1.0,18.273214455183677,17.0,20.0,1.0,0.0,211.0,1.0,53.0
11.0,22.0,11.0,22.0,-121.0,11.0,11.0,-111.0,10.204695569324963,9.0,11.0,30000.0,10000.0,19000.0,0.0,26.092992357581792,16.5,19.0,0.0,10000.0,36987.268161165935,25000.0,0.0,27.402496821656367,17.0,20.0,0.0,122.0,10.164117726908223,9.0,11.0,1.0,14902.508225400918,10000.0,19000.0,1.0,16.5,17.449477914744893,19.0,1.0,21974.6662168161,10000.0,25000.0,1.0,18.774891831426963,17.0,20.0,1.0,0.0,111.0,1.0,50.0
11.0,22.0,11.0,21.0,-121.0,11.0,12.0,-111.0,10.2090359581545,9.0,11.0,30000.0,10000.0,19000.0,0.0,23.424029756603844,16.5,19.0,0.0,10000.0,36941.54976036851,25000.0,0.0,24.736258239321447,17.0,20.0,0.0,122.0,10.199231925861096,9.0,11.0,1.0,15559.172875769687,10000.0,19000.0,1.0,16.5,17.633508315168296,19.0,1.0,22526.73071733656,10000.0,25000.0,1.0,18.950653357747527,17.0,20.0,1.0,0.0,111.0,1.0,46.0
11.0,22.0,11.0,22.0,-121.0,21.0,12.0,-111.0,10.009092573623105,9.0,11.0,30000.0,10000.0,19000.0,0.0,24.348391247587795,16.5,19.0,0.0,10000.0,36538.66681902123,25000.0,0.0,25.649384098160837,17.0,20.0,0.0,121.0,9.99873469416101,9.0,11.0,1.0,14558.43359497722,10000.0,19000.0,1.0,16.5,17.44920491156989,19.0,1.0,21026.555336428704,10000.0,25000.0,1.0,18.73616146940901,17.0,20.0,1.0,0.0,211.0,1.0,25.0
11.0,22.0,11.0,22.0,-121.0,11.0,11.0,-111.0,10.216511710055746,9.0,11.0,30000.0,10000.0,19000.0,0.0,24.03579781814998,16.5,19.0,0.0,10000.0,36739.032144979145,25000.0,0.0,25.306194997670048,17.0,20.0,0.0,122.0,10.213274769180574,9.0,11.0,1.0,16394.620838564104,10000.0,19000.0,1.0,16.5,17.845577578189783,19.0,1.0,23349.315258462248,10000.0,25000.0,1.0,19.15662996455437,17.0,20.0,1.0,0.0,111.0,1.0,17.0
11.0,22.0,11.0,22.0,-121.0,21.0,13.0,-111.0,10.181323655831083,9.0,11.0,30000.0,10000.0,19000.0,0.0,26.019832358518315,16.5,19.0,0.0,10000.0,36908.95042064773,25000.0,0.0,27.32542991885556,17.0,20.0,0.0,122.0,10.196127986915807,9.0,11.0,1.0,13829.010477914835,10000.0,19000.0,1.0,16.5,17.364013238495993,19.0,1.0,20825.103061357044,10000.0,25000.0,1.0,18.68607821981906,17.0,20.0,1.0,0.0,211.0,1.0,3.0
11.0,22.0,11.0,21.0,-121.0,11.0,12.0,-111.0,10.178058210382732,9.0,11.0,30000.0,10000.0,19000.0,0.0,24.317386064461395,16.5,19.0,0.0,10000.0,37101.40211683601,25000.0,0.0,25.654414253228765,17.0,20.0,0.0,122.0,10.176204623744342,9.0,11.0,1.0,15164.63994797341,10000.0,19000.0,1.0,16.5,17.481648966344522,19.0,1.0,22117.921399152336,10000.0,25000.0,1.0,18.79078949263845,17.0,20.0,1.0,0.0,111.0,1.0,46.0
11.0,22.0,11.0,21.0,-121.0,11.0,12.0,-111.0,10.006630360238399,9.0,11.0,30000.0,10000.0,19000.0,0.0,24.32344062028791,16.5,19.0,0.0,10000.0,36555.113625331294,25000.0,0.0,25.63749452180596,17.0,20.0,0.0,121.0,10.006054149214812,9.0,11.0,1.0,13391.920298143163,10000.0,19000.0,1.0,16.5,17.17588381565232,19.0,1.0,19982.70323237851,10000.0,25000.0,1.0,18.497088072939743,17.0,20.0,1.0,0.0,111.0,1.0,45.0
11.0,22.0,11.0,22.0,-121.0,21.0,13.0,-111.0,10.22387045182203,9.0,11.0,30000.0,10000.0,19000.0,0.0,25.939486351060353,16.5,19.0,0.0,10000.0,37050.70646335765,25000.0,0.0,27.263541459937052,17.0,20.0,0.0,122.0,10.216908493391891,9.0,11.0,1.0,15001.156996046173,10000.0,19000.0,1.0,16.5,17.543723595716738,19.0,1.0,21884.710514982104,10000.0,25000.0,1.0,18.836388983410806,17.0,20.0,1.0,0.0,211.0,1.0,41.0
91.0,24.0,91.0,24.0,-721.0,911.0,11.0,-711.0,15.217851587719233,12.0,17.0,30000.0,18000.0,36000.0,1.0,24.53624590871736,20.0,25.0,1.0,18000.0,34508.92667702431,36000.0,1.0,25.098703342113073,20.0,26.0,1.0,721.0,14.186843827537087,12.0,17.0,1.0,27358.225514596405,18000.0,36000.0,1.0,20.0,22.608479833781054,25.0,1.0,31869.567465789925,18000.0,36000.0,1.0,23.171238555932934,20.0,26.0,1.0,1.0,91121.0,7.0,16.0
91.0,21.0,91.0,24.0,-721.0,911.0,12.0,-711.0,15.251473417192136,12.0,17.0,30000.0,18000.0,36000.0,1.0,24.79346106664679,20.0,25.0,1.0,18000.0,33984.37982268351,36000.0,1.0,25.277483679077893,20.0,26.0,1.0,722.0,15.317592590972358,12.0,17.0,1.0,22600.08763689002,18000.0,36000.0,1.0,20.0,23.14115048798907,25.0,1.0,26569.74805896391,18000.0,36000.0,1.0,23.623384987074168,20.0,26.0,1.0,1.0,91121.0,7.0,26.0
11.0,22.0,11.0,22.0,-121.0,21.0,13.0,-111.0,9.999774354461163,9.0,11.0,30000.0,10000.0,19000.0,0.0,26.35897602620437,16.5,19.0,0.0,10000.0,36522.68145155692,25000.0,0.0,27.656686422582197,17.0,20.0,0.0,121.0,9.992330356298057,9.0,11.0,1.0,11541.312503563882,10000.0,19000.0,1.0,16.5,16.788191796179184,19.0,1.0,18038.739007676675,10000.0,25000.0,1.0,18.080877632013678,17.0,20.0,1.0,0.0,211.0,1.0,41.0
11.0,22.0,11.0,22.0,-121.0,21.0,12.0,-111.0,9.992241411543443,9.0,11.0,30000.0,10000.0,19000.0,0.0,26.492284761393076,16.5,19.0,0.0,10000.0,36414.75554858108,25000.0,0.0,27.777729274757863,17.0,20.0,0.0,121.0,10.001214344297113,9.0,11.0,1.0,17449.65719584847,10000.0,19000.0,1.0,16.5,18.02222004648872,19.0,1.0,23869.237791561474,10000.0,25000.0,1.0,19.30863144476681,17.0,20.0,1.0,0.0,211.0,1.0,23.0
11.0,22.0,11.0,21.0,-121.0,21.0,12.0,-111.0,10.208183728234474,9.0,11.0,30000.0,10000.0,19000.0,0.0,24.452259989983915,16.5,19.0,0.0,10000.0,37028.87292514318,25000.0,0.0,25.77824384354002,17.0,20.0,0.0,122.0,10.233039273255747,9.0,11.0,1.0,16100.242668967954,10000.0,19000.0,1.0,16.5,17.757858936341457,19.0,1.0,23031.253547006832,10000.0,25000.0,1.0,19.065381296039558,17.0,20.0,1.0,0.0,211.0,1.0,53.0
11.0,22.0,11.0,22.0,-121.0,11.0,11.0,-111.0,10.004872950858942,9.0,11.0,30000.0,10000.0,19000.0,0.0,24.22446363248645,16.5,19.0,0.0,10000.0,36586.41506330198,25000.0,0.0,25.542148892578652,17.0,20.0,0.0,121.0,10.009189574712773,9.0,11.0,1.0,16576.43893494344,10000.0,19000.0,1.0,16.5,17.826610394803716,19.0,1.0,23096.223849569607,10000.0,25000.0,1.0,19.130965555905185,17.0,20.0,1.0,0.0,111.0,1.0,38.0
91.0,24.0,91.0,24.0,-721.0,911.0,11.0,-711.0,15.252516896909864,12.0,17.0,30000.0,18000.0,36000.0,1.0,23.940913352061486,20.0,25.0,1.0,18000.0,34124.57020081751,36000.0,1.0,24.443846597184827,20.0,26.0,1.0,722.0,15.107139618618563,12.0,17.0,1.0,26238.733887725477,18000.0,36000.0,1.0,20.0,23.36529798753704,25.0,1.0,30258.247512268896,18000.0,36000.0,1.0,23.855421062811267,20.0,26.0,1.0,1.0,91121.0,7.0,28.0
11.0,22.0,11.0,21.0,-121.0,11.0,11.0,-111.0,10.001645090488447,9.0,11.0,30000.0,10000.0,19000.0,0.0,24.854446734599925,16.5,19.0,0.0,10000.0,36524.00849526097,25000.0,0.0,26.157075048804895,17.0,20.0,0.0,121.0,10.012120199520899,9.0,11.0,1.0,14354.81369378525,10000.0,19000.0,1.0,16.5,17.369188994381876,19.0,1.0,20719.381207756665,10000.0,25000.0,1.0,18.639982227926964,17.0,20.0,1.0,0.0,111.0,1.0,12.0
11.0,22.0,11.0,22.0,-121.0,21.0,13.0,-111.0,10.205407948340637,9.0,11.0,30000.0,10000.0,19000.0,0.0,25.52519003592142,16.5,19.0,0.0,10000.0,37119.20484731098,25000.0,0.0,26.87096343985905,17.0,20.0,0.0,122.0,10.185905386144917,9.0,11.0,1.0,13885.568453909262,10000.0,19000.0,1.0,16.5,17.31179694036963,19.0,1.0,20938.680666832388,10000.0,25000.0,1.0,18.645076574081088,17.0,20.0,1.0,0.0,211.0,1.0,36.0
11.0,21.0,11.0,21.0,-121.0,21.0,13.0,-111.0,10.24358589619062,9.0,11.0,30000.0,10000.0,19000.0,0.0,27.597143448873226,16.5,19.0,0.0,10000.0,36979.18339232167,25000.0,0.0,28.922238600106134,17.0,20.0,0.0,122.0,10.193593065661057,9.0,11.0,1.0,12650.817961419694,10000.0,19000.0,1.0,16.5,17.042643491945917,19.0,1.0,19672.068433213313,10000.0,25000.0,1.0,18.375725663995063,17.0,20.0,1.0,0.0,211.0,1.0,34.0
11.0,22.0,11.0,22.0,-121.0,21.0,13.0,-111.0,10.000640679821416,9.0,11.0,30000.0,10000.0,19000.0,0.0,26.579163696501084,16.5,19.0,0.0,10000.0,36466.98706587414,25000.0,0.0,27.87553850897829,17.0,20.0,0.0,121.0,9.989382396822874,9.0,11.0,1.0,12885.481789948359,10000.0,19000.0,1.0,16.5,17.103736779906814,19.0,1.0,19306.606187316134,10000.0,25000.0,1.0,18.39091794352111,17.0,20.0,1.0,0.0,211.0,1.0,36.0
81.0,23.0,81.0,23.0,-721.0,912.0,11.0,-711.0,15.38164522335777,12.0,17.0,30000.0,12500.0,23000.0,0.0,26.402065508611308,20.0,24.0,0.0,12500.0,34026.37290457338,26000.0,0.0,26.893819939155886,20.0,25.0,0.0,722.0,15.340804651187964,12.0,17.0,1.0,18307.757363060628,12500.0,23000.0,1.0,20.0,22.102889015536878,24.0,1.0,22293.33763470809,12500.0,26000.0,1.0,22.589661304970754,20.0,25.0,1.0,0.0,912.0,7.0,17.0
11.0,22.0,11.0,22.0,-121.0,11.0,12.0,-111.0,9.997857116887275,9.0,11.0,30000.0,10000.0,19000.0,0.0,23.4542297249889,16.5,19.0,0.0,10000.0,36502.21955729648,25000.0,0.0,24.754081302299426,17.0,20.0,0.0,121.0,10.003951142477066,9.0,11.0,1.0,15719.537429526416,10000.0,19000.0,1.0,16.5,17.68765200457166,19.0,1.0,22255.657789421177,10000.0,25000.0,1.0,18.99428065413285,17.0,20.0,1.0,0.0,111.0,1.0,49.0
81.0,23.0,81.0,21.0,-721.0,912.0,12.0,-711.0,14.779006153474045,12.0,17.0,30000.0,12500.0,23000.0,0.0,25.66905343600287,20.0,24.0,0.0,12500.0,34537.23805676785,26000.0,0.0,26.237977585996074,20.0,25.0,0.0,721.0,15.51378999330299,12.0,17.0,1.0,15946.026686814892,12500.0,23000.0,1.0,20.0,21.99313377262387,24.0,1.0,20449.454794114394,12500.0,26000.0,1.0,22.557818494021546,20.0,25.0,1.0,0.0,912.0,7.0,30.0
11.0,21.0,11.0,21.0,-121.0,21.0,13.0,-111.0,10.001310295539533,9.0,11.0,30000.0,10000.0,19000.0,0.0,28.188092643830974,16.5,19.0,0.0,10000.0,36518.348985901874,25000.0,0.0,29.494681292337035,17.0,20.0,0.0,121.0,9.999459668134106,9.0,11.0,1.0,11542.774309107175,10000.0,19000.0,1.0,16.5,16.777140206113778,19.0,1.0,18040.46962816977,10000.0,25000.0,1.0,18.079588872747035,17.0,20.0,1.0,0.0,211.0,1.0,34.0
81.0,23.0,81.0,21.0,-721.0,912.0,12.0,-711.0,14.543887080819616,12.0,17.0,30000.0,12500.0,23000.0,0.0,25.61791306043338,20.0,24.0,0.0,12500.0,34488.71369009336,26000.0,0.0,26.180744524314857,20.0,25.0,0.0,721.0,15.306906746094771,12.0,17.0,1.0,14467.442107754985,12500.0,23000.0,1.0,20.0,21.558454791913768,24.0,1.0,18988.587989103347,12500.0,26000.0,1.0,22.125352867956593,20.0,25.0,1.0,0.0,912.0,7.0,30.0
11.0,21.0,11.0,22.0,-121.0,11.0,11.0,-111.0,10.1872377813734,9.0,11.0,30000.0,10000.0,19000.0,0.0,24.288651929397304,16.5,19.0,0.0,10000.0,36985.735031884,25000.0,0.0,25.61014563691408,17.0,20.0,0.0,122.0,10.228602749724018,9.0,11.0,1.0,13408.268225025044,10000.0,19000.0,1.0,16.5,17.244910450804618,19.0,1.0,20406.836756953573,10000.0,25000.0,1.0,18.56883187558763,17.0,20.0,1.0,0.0,111.0,1.0,29.0
11.0,22.0,11.0,21.0,-121.0,11.0,11.0,-111.0,10.206751099411335,9.0,11.0,30000.0,10000.0,19000.0,0.0,24.241584620886698,16.5,19.0,0.0,10000.0,37002.561979161736,25000.0,0.0,25.569553819689723,17.0,20.0,0.0,122.0,10.20460907236392,9.0,11.0,1.0,12032.876849640048,10000.0,19000.0,1.0,16.5,16.977086471403,19.0,1.0,19082.555452499528,10000.0,25000.0,1.0,18.313990889231345,17.0,20.0,1.0,0.0,111.0,1.0,39.0
91.0,24.0,91.0,24.0,-721.0,911.0,12.0,-711.0,14.053048817466287,12.0,17.0,30000.0,18000.0,36000.0,1.0,23.979509331583394,20.0,25.0,1.0,18000.0,34557.40351503803,36000.0,1.0,24.550115587901917,20.0,26.0,1.0,721.0,14.348810506303927,12.0,17.0,1.0,22250.39588084104,18000.0,36000.0,1.0,20.0,22.10198134551016,25.0,1.0,26752.299614874548,18000.0,36000.0,1.0,22.66563879377142,20.0,26.0,1.0,1.0,91121.0,7.0,32.0
11.0,21.0,11.0,22.0,-121.0,11.0,11.0,-111.0,10.184977475831428,9.0,11.0,30000.0,10000.0,19000.0,0.0,24.247652498825303,16.5,19.0,0.0,10000.0,37203.39758472418,25000.0,0.0,25.61022602792243,17.0,20.0,0.0,122.0,10.172138568216178,9.0,11.0,1.0,15077.346653599468,10000.0,19000.0,1.0,16.5,17.562684963064733,19.0,1.0,22033.344156538613,10000.0,25000.0,1.0,18.87846101936213,17.0,20.0,1.0,0.0,111.0,1.0,29.0
11.0,22.0,11.0,21.0,-121.0,21.0,12.0,-111.0,10.20461049716806,9.0,11.0,30000.0,10000.0,19000.0,0.0,25.284505950469743,16.5,19.0,0.0,10000.0,36941.80745749706,25000.0,0.0,26.595052618261832,17.0,20.0,0.0,122.0,10.20437828753616,9.0,11.0,1.0,13946.649766204308,10000.0,19000.0,1.0,16.5,17.30336980214414,19.0,1.0,21046.08962489472,10000.0,25000.0,1.0,18.643675955399473,17.0,20.0,1.0,0.0,211.0,1.0,53.0
11.0,21.0,11.0,22.0,-121.0,21.0,13.0,-111.0,10.196767868454701,9.0,11.0,30000.0,10000.0,19000.0,0.0,26.764264943087326,16.5,19.0,0.0,10000.0,36890.15661279655,25000.0,0.0,28.066999949985533,17.0,20.0,0.0,122.0,10.205361221873236,9.0,11.0,1.0,15675.81070646456,10000.0,19000.0,1.0,16.5,17.688705778390787,19.0,1.0,22707.465806567157,10000.0,25000.0,1.0,19.018194173230043,17.0,20.0,1.0,0.0,211.0,1.0,52.0
91.0,24.0,91.0,24.0,-721.0,911.0,12.0,-711.0,14.499752208253442,12.0,17.0,30000.0,18000.0,36000.0,1.0,24.386191614439632,20.0,25.0,1.0,18000.0,34493.573709858225,36000.0,1.0,24.945637500941444,20.0,26.0,1.0,721.0,15.11550416372377,12.0,17.0,1.0,27556.41948648042,18000.0,36000.0,1.0,20.0,23.513312794257494,25.0,1.0,32088.902868907862,18000.0,36000.0,1.0,24.077602900008724,20.0,26.0,1.0,1.0,91121.0,7.0,27.0
11.0,22.0,11.0,22.0,-121.0,11.0,12.0,-111.0,10.17414196250736,9.0,11.0,30000.0,10000.0,19000.0,0.0,24.79574611509392,16.5,19.0,0.0,10000.0,36911.64338304272,25000.0,0.0,26.10420658120649,17.0,20.0,0.0,122.0,10.219548201011484,9.0,11.0,1.0,16566.572330300103,10000.0,19000.0,1.0,16.5,17.897651274509634,19.0,1.0,23656.732976468164,10000.0,25000.0,1.0,19.239907289433535,17.0,20.0,1.0,0.0,111.0,1.0,14.0
91.0,24.0,91.0,21.0,-721.0,911.0,11.0,-711.0,15.055418236847125,12.0,17.0,30000.0,18000.0,36000.0,1.0,25.039630157985727,20.0,25.0,0.0,18000.0,34534.821220341895,36000.0,1.0,25.60882090447726,20.0,26.0,1.0,721.0,14.684498188609982,12.0,17.0,1.0,23498.464616917718,18000.0,36000.0,1.0,20.0,22.55432990376704,25.0,1.0,27980.25993368173,18000.0,36000.0,1.0,23.116865072855546,20.0,26.0,1.0,0.0,91121.0,7.0,2.0
11.0,22.0,11.0,22.0,-121.0,21.0,13.0,-111.0,10.209969694631575,9.0,11.0,30000.0,10000.0,19000.0,0.0,27.679592119785646,16.5,19.0,0.0,10000.0,37135.44045044467,25000.0,0.0,29.02833762672943,17.0,20.0,0.0,122.0,10.208808037804637,9.0,11.0,1.0,14850.771245414591,10000.0,19000.0,1.0,16.5,17.501798068226737,19.0,1.0,21801.802535437742,10000.0,25000.0,1.0,18.81568643799936,17.0,20.0,1.0,0.0,211.0,1.0,28.0
11.0,22.0,11.0,22.0,-121.0,11.0,11.0,-111.0,10.008321160259495,9.0,11.0,30000.0,10000.0,19000.0,0.0,24.2051866368537,16.5,19.0,0.0,10000.0,36447.81583357509,25000.0,0.0,25.5007024132571,17.0,20.0,0.0,121.0,10.002587421064852,9.0,11.0,1.0,14465.818277769082,10000.0,19000.0,1.0,16.5,17.403720190107162,19.0,1.0,20926.718502281317,10000.0,25000.0,1.0,18.701864924179517,17.0,20.0,1.0,0.0,111.0,1.0,44.0
11.0,21.0,11.0,22.0,-121.0,21.0,13.0,-111.0,9.996099529264194,9.0,11.0,30000.0,10000.0,19000.0,0.0,26.957385981666825,16.5,19.0,0.0,10000.0,36545.23377395621,25000.0,0.0,28.258754280681295,17.0,20.0,0.0,121.0,9.996582064043235,9.0,11.0,1.0,14057.25416319895,10000.0,19000.0,1.0,16.5,17.343247647011086,19.0,1.0,20500.10382919748,10000.0,25000.0,1.0,18.624259235017135,17.0,20.0,1.0,0.0,211.0,1.0,52.0
91.0,24.0,91.0,21.0,-721.0,911.0,12.0,-711.0,15.087267588520866,12.0,17.0,30000.0,18000.0,36000.0,1.0,25.61130994124599,20.0,25.0,0.0,18000.0,34034.116360216176,36000.0,1.0,26.10516570763818,20.0,26.0,0.0,722.0,15.320435926825025,12.0,17.0,1.0,22845.404596646287,18000.0,36000.0,1.0,20.0,23.012806788550332,25.0,1.0,26860.58240264515,18000.0,36000.0,1.0,23.50434410069574,20.0,26.0,1.0,0.0,91121.0,7.0,14.0
81.0,21.0,81.0,23.0,-721.0,912.0,12.0,-711.0,15.572940028845597,12.0,17.0,30000.0,12500.0,23000.0,0.0,27.22203904918876,20.0,24.0,0.0,12500.0,34435.61600201765,26000.0,0.0,27.779889806230635,20.0,25.0,0.0,721.0,15.748209231185502,12.0,17.0,1.0,17874.418127638786,12500.0,23000.0,1.0,20.0,22.66393130189891,24.0,1.0,22389.09003321251,12500.0,26000.0,1.0,23.231724622865915,20.0,25.0,1.0,0.0,912.0,7.0,7.0
11.0,22.0,11.0,21.0,-121.0,21.0,13.0,-111.0,10.174277056492404,9.0,11.0,30000.0,10000.0,19000.0,0.0,24.569696886789462,16.5,19.0,0.0,10000.0,36988.56996274216,25000.0,0.0,25.88709302474289,17.0,20.0,0.0,122.0,10.222136849184361,9.0,11.0,1.0,13323.99339904569,10000.0,19000.0,1.0,16.5,17.19859103975239,19.0,1.0,20427.33135185766,10000.0,25000.0,1.0,18.53762177644128,17.0,20.0,1.0,0.0,211.0,1.0,33.0
81.0,23.0,81.0,23.0,-721.0,912.0,12.0,-711.0,15.366031913172932,12.0,17.0,30000.0,12500.0,23000.0,0.0,26.45764307509046,20.0,24.0,0.0,12500.0,34568.136639088894,26000.0,0.0,27.02809394352623,20.0,25.0,0.0,721.0,14.69873132087066,12.0,17.0,1.0,18472.71945745276,12500.0,23000.0,1.0,20.0,21.519840920847482,24.0,1.0,22966.84388563135,12500.0,26000.0,1.0,22.081049436585793,20.0,25.0,1.0,0.0,912.0,7.0,5.0
11.0,22.0,11.0,22.0,-121.0,11.0,11.0,-111.0,9.981704289394633,9.0,11.0,30000.0,10000.0,19000.0,0.0,23.433421399606544,16.5,19.0,0.0,10000.0,36504.86286320105,25000.0,0.0,24.72897988859911,17.0,20.0,0.0,121.0,10.002606728162181,9.0,11.0,1.0,12154.383255917752,10000.0,19000.0,1.0,16.5,16.933850495165828,19.0,1.0,18657.03578029055,10000.0,25000.0,1.0,18.228968756087067,17.0,20.0,1.0,0.0,111.0,1.0,27.0
11.0,22.0,11.0,22.0,-121.0,21.0,12.0,-111.0,10.176016443151177,9.0,11.0,30000.0,10000.0,19000.0,0.0,23.81569617860386,16.5,19.0,0.0,10000.0,37064.835943753715,25000.0,0.0,25.146104001625805,17.0,20.0,0.0,122.0,10.225120564651387,9.0,11.0,1.0,13421.762522198822,10000.0,19000.0,1.0,16.5,17.286067825127226,19.0,1.0,20393.35445197816,10000.0,25000.0,1.0,18.59891649084826,17.0,20.0,1.0,0.0,211.0,1.0,23.0
11.0,22.0,11.0,21.0,-121.0,21.0,12.0,-111.0,10.18495042177538,9.0,11.0,30000.0,10000.0,19000.0,0.0,24.02742382673579,16.5,19.0,0.0,10000.0,37242.30686209662,25000.0,0.0,25.398234985901173,17.0,20.0,0.0,122.0,10.195468001854222,9.0,11.0,1.0,13683.03686988376,10000.0,19000.0,1.0,16.5,17.285075557464896,19.0,1.0,20814.425552503864,10000.0,25000.0,1.0,18.63489231787365,17.0,20.0,1.0,0.0,211.0,1.0,53.0
81.0,23.0,81.0,23.0,-721.0,912.0,12.0,-711.0,15.585840217774365,12.0,17.0,30000.0,12500.0,23000.0,0.0,27.313886475652907,20.0,24.0,0.0,12500.0,34496.68286942774,26000.0,0.0,27.87522024603253,20.0,25.0,0.0,721.0,14.948965531554816,12.0,17.0,1.0,19300.81231718134,12500.0,23000.0,1.0,20.0,21.96006400227453,24.0,1.0,23807.323907076192,12500.0,26000.0,1.0,22.52262471991239,20.0,25.0,1.0,0.0,912.0,7.0,10.0
11.0,21.0,11.0,22.0,-121.0,11.0,12.0,-111.0,10.209633711420388,9.0,11.0,30000.0,10000.0,19000.0,0.0,24.777248114640567,16.5,19.0,0.0,10000.0,36879.23513766617,25000.0,0.0,26.0698955441696,17.0,20.0,0.0,122.0,10.211060673944745,9.0,11.0,1.0,16303.491882676313,10000.0,19000.0,1.0,16.5,17.79072684186736,19.0,1.0,23111.01530896836,10000.0,25000.0,1.0,19.069899232744593,17.0,20.0,1.0,0.0,111.0,1.0,51.0
11.0,22.0,11.0,22.0,-121.0,21.0,13.0,-111.0,10.00658516484319,9.0,11.0,30000.0,10000.0,19000.0,0.0,27.02826152196692,16.5,19.0,0.0,10000.0,36497.039217571095,25000.0,0.0,28.328264538777663,17.0,20.0,0.0,121.0,9.992303291950092,9.0,11.0,1.0,12313.253696304868,10000.0,19000.0,1.0,16.5,16.9967671648002,19.0,1.0,18808.196916563877,10000.0,25000.0,1.0,18.296350790140817,17.0,20.0,1.0,0.0,211.0,1.0,19.0
11.0,22.0,11.0,22.0,-121.0,21.0,12.0,-111.0,9.999287258532235,9.0,11.0,30000.0,10000.0,19000.0,0.0,23.23586558780027,16.5,19.0,0.0,10000.0,36560.80896203121,25000.0,0.0,24.547901985645783,17.0,20.0,0.0,121.0,9.996676183544155,9.0,11.0,1.0,15931.076784783425,10000.0,19000.0,1.0,16.5,17.712666498108508,19.0,1.0,22432.169300155016,10000.0,25000.0,1.0,19.01276074796269,17.0,20.0,1.0,0.0,211.0,1.0,48.0
11.0,21.0,11.0,22.0,-121.0,21.0,13.0,-111.0,10.007836398273593,9.0,11.0,30000.0,10000.0,19000.0,0.0,27.281305277003888,16.5,19.0,0.0,10000.0,36544.53413143289,25000.0,0.0,28.590746620111695,17.0,20.0,0.0,121.0,10.010023046973792,9.0,11.0,1.0,15739.097840141658,10000.0,19000.0,1.0,16.5,17.677208516979206,19.0,1.0,22220.457421749004,10000.0,25000.0,1.0,18.974009790417806,17.0,20.0,1.0,0.0,211.0,1.0,32.0
91.0,24.0,91.0,21.0,-721.0,911.0,11.0,-711.0,15.681909134947235,12.0,17.0,30000.0,18000.0,36000.0,1.0,24.98188725555078,20.0,25.0,1.0,18000.0,34450.94668771515,36000.0,1.0,25.5383037325105,20.0,26.0,1.0,721.0,14.438634521884666,12.0,17.0,1.0,22304.54894534979,18000.0,36000.0,1.0,20.0,22.140879258582732,25.0,1.0,26839.20655891251,18000.0,36000.0,1.0,22.70776050668242,20.0,26.0,1.0,1.0,91121.0,7.0,21.0
11.0,22.0,11.0,22.0,-121.0,21.0,13.0,-111.0,10.201877868032348,9.0,11.0,30000.0,10000.0,19000.0,0.0,25.437868499367283,16.5,19.0,0.0,10000.0,36885.50644042846,25000.0,0.0,26.738368687847526,17.0,20.0,0.0,122.0,10.216208309973984,9.0,11.0,1.0,16155.132513747125,10000.0,19000.0,1.0,16.5,17.757953221999127,19.0,1.0,23105.385687439826,10000.0,25000.0,1.0,19.070682451224904,17.0,20.0,1.0,0.0,211.0,1.0,31.0
91.0,24.0,91.0,24.0,-721.0,911.0,11.0,-711.0,14.510044013322883,12.0,17.0,30000.0,18000.0,36000.0,1.0,23.707712455142847,20.0,25.0,1.0,18000.0,34513.064980046736,36000.0,1.0,24.272867021673523,20.0,26.0,1.0,721.0,15.159629517232554,12.0,17.0,1.0,28292.387248237428,18000.0,36000.0,1.0,20.0,23.681366733703992,25.0,1.0,32818.901232232725,18000.0,36000.0,1.0,24.248205469647345,20.0,26.0,1.0,1.0,91121.0,7.0,4.0
11.0,22.0,11.0,22.0,-121.0,11.0,12.0,-111.0,10.20444823748611,9.0,11.0,30000.0,10000.0,19000.0,0.0,25.0793480361014,16.5,19.0,0.0,10000.0,36919.303380241436,25000.0,0.0,26.382679938682475,17.0,20.0,0.0,122.0,10.214768054646637,9.0,11.0,1.0,15894.43042760268,10000.0,19000.0,1.0,16.5,17.784255434624704,19.0,1.0,22931.478776887525,10000.0,25000.0,1.0,19.10976598237993,17.0,20.0,1.0,0.0,111.0,1.0,49.0
81.0,23.0,81.0,23.0,-721.0,912.0,12.0,-711.0,15.680504473679306,12.0,17.0,30000.0,12500.0,23000.0,0.0,27.09029693333723,20.0,24.0,0.0,12500.0,34484.59534508038,26000.0,0.0,27.6500773506421,20.0,25.0,0.0,721.0,15.118037566167645,12.0,17.0,1.0,17355.633870204896,12500.0,23000.0,1.0,20.0,21.870803358754134,24.0,1.0,21831.997209032907,12500.0,26000.0,1.0,22.429556232760085,20.0,25.0,1.0,0.0,912.0,7.0,10.0
11.0,22.0,11.0,22.0,-121.0,21.0,13.0,-111.0,10.202810223874986,9.0,11.0,30000.0,10000.0,19000.0,0.0,26.218096971966077,16.5,19.0,0.0,10000.0,37128.2004195918,25000.0,0.0,27.55975036699605,17.0,20.0,0.0,122.0,10.198975339239523,9.0,11.0,1.0,13891.318394151385,10000.0,19000.0,1.0,16.5,17.31204256992609,19.0,1.0,21042.400177323136,10000.0,25000.0,1.0,18.658002642283144,17.0,20.0,1.0,0.0,211.0,1.0,36.0
11.0,21.0,11.0,22.0,-121.0,21.0,13.0,-111.0,10.19521344922421,9.0,11.0,30000.0,10000.0,19000.0,0.0,26.209073083554514,16.5,19.0,0.0,10000.0,37015.26808120389,25000.0,0.0,27.536437411412567,17.0,20.0,0.0,122.0,10.192829926168647,9.0,11.0,1.0,16478.993309322894,10000.0,19000.0,1.0,16.5,17.826706368126708,19.0,1.0,23642.94221811743,10000.0,25000.0,1.0,19.182202710969193,17.0,20.0,1.0,0.0,211.0,1.0,32.0
11.0,22.0,11.0,22.0,-121.0,21.0,13.0,-111.0,9.98727165876427,9.0,11.0,30000.0,10000.0,19000.0,0.0,26.437931608203023,16.5,19.0,0.0,10000.0,36502.76231544815,25000.0,0.0,27.7354905721114,17.0,20.0,0.0,121.0,10.005722811715755,9.0,11.0,1.0,13120.31559314221,10000.0,19000.0,1.0,16.5,17.154192590412556,19.0,1.0,19641.38176167549,10000.0,25000.0,1.0,18.455403898892754,17.0,20.0,1.0,0.0,211.0,1.0,22.0
92.0,24.0,92.0,24.0,-721.0,921.0,13.0,-711.0,16.048332946983233,12.0,17.0,30000.0,15000.0,28000.0,0.0,25.299240765253977,19.5,25.0,0.0,15000.0,34437.935763693255,28000.0,0.0,25.851265899905606,20.0,26.0,1.0,721.0,15.345304788946683,12.0,17.0,1.0,21281.75609814571,15000.0,28000.0,1.0,19.5,22.016286085473727,25.0,1.0,25811.526247883383,15000.0,28000.0,1.0,22.579734298786512,20.0,26.0,1.0,0.0,92122.0,7.0,20.0
91.0,24.0,91.0,24.0,-721.0,911.0,11.0,-711.0,15.152222905983294,12.0,17.0,30000.0,18000.0,36000.0,1.0,24.410246796716898,20.0,25.0,1.0,18000.0,34454.037059590344,36000.0,1.0,24.969663418701302,20.0,26.0,1.0,721.0,15.052751133854303,12.0,17.0,1.0,26991.96328917242,18000.0,36000.0,1.0,20.0,23.48905670485682,25.0,1.0,31514.807297989668,18000.0,36000.0,1.0,24.057115318497466,20.0,26.0,1.0,1.0,91121.0,7.0,16.0
11.0,21.0,11.0,22.0,-121.0,21.0,13.0,-111.0,9.99662454461435,9.0,11.0,30000.0,10000.0,19000.0,0.0,27.611333079428313,16.5,19.0,0.0,10000.0,36488.23738669626,25000.0,0.0,28.901275149705057,17.0,20.0,0.0,121.0,10.00898908911216,9.0,11.0,1.0,15813.523851060207,10000.0,19000.0,1.0,16.5,17.67403751530719,19.0,1.0,22401.851532592602,10000.0,25000.0,1.0,18.983878777681973,17.0,20.0,1.0,0.0,211.0,1.0,24.0
11.0,21.0,11.0,22.0,-121.0,11.0,12.0,-111.0,10.19605594949169,9.0,11.0,30000.0,10000.0,19000.0,0.0,25.027909491305515,16.5,19.0,0.0,10000.0,37301.99655880993,25000.0,0.0,26.409867170856046,17.0,20.0,0.0,122.0,10.212907575629993,9.0,11.0,1.0,17290.73699031745,10000.0,19000.0,1.0,16.5,18.009538063503108,19.0,1.0,24350.637461898456,10000.0,25000.0,1.0,19.345677240642612,17.0,20.0,1.0,0.0,111.0,1.0,7.0
81.0,23.0,81.0,21.0,-721.0,912.0,12.0,-711.0,15.278147232772966,12.0,17.0,30000.0,12500.0,23000.0,0.0,26.452161536058906,20.0,24.0,0.0,12500.0,33983.620333773324,26000.0,0.0,26.936238457985052,20.0,25.0,0.0,722.0,14.955353311128716,12.0,17.0,1.0,17133.945017561888,12500.0,23000.0,1.0,20.0,21.457815651122665,24.0,1.0,21036.36751656787,12500.0,26000.0,1.0,21.932025669421474,20.0,25.0,1.0,0.0,912.0,7.0,30.0
91.0,24.0,91.0,24.0,-721.0,911.0,11.0,-711.0,14.933567565478109,12.0,17.0,30000.0,18000.0,36000.0,1.0,23.862601686447313,20.0,25.0,1.0,18000.0,34498.64348825959,36000.0,1.0,24.42327122826842,20.0,26.0,1.0,721.0,14.310095441927707,12.0,17.0,1.0,22143.801250647473,18000.0,36000.0,1.0,20.0,22.11248889776372,25.0,1.0,26573.635873123316,18000.0,36000.0,1.0,22.66458273551917,20.0,26.0,1.0,1.0,91121.0,7.0,0.0
11.0,21.0,11.0,22.0,-121.0,21.0,13.0,-111.0,10.18595494547173,9.0,11.0,30000.0,10000.0,19000.0,0.0,26.340643036877225,16.5,19.0,0.0,10000.0,37069.89810529041,25000.0,0.0,27.67240878532829,17.0,20.0,0.0,122.0,10.184455102814214,9.0,11.0,1.0,11991.22797175547,10000.0,19000.0,1.0,16.5,16.992100233290177,19.0,1.0,18903.861645541485,10000.0,25000.0,1.0,18.294241879638488,17.0,20.0,1.0,0.0,211.0,1.0,9.0
11.0,22.0,11.0,22.0,-121.0,21.0,13.0,-111.0,10.00750400493444,9.0,11.0,30000.0,10000.0,19000.0,0.0,25.274570435909418,16.5,19.0,0.0,10000.0,36446.02991164256,25000.0,0.0,26.565431952023744,17.0,20.0,0.0,121.0,10.005817712413783,9.0,11.0,1.0,14145.977757797244,10000.0,19000.0,1.0,16.5,17.357095928139046,19.0,1.0,20660.530556394915,10000.0,25000.0,1.0,18.66167962037664,17.0,20.0,1.0,0.0,211.0,1.0,16.0
11.0,22.0,11.0,22.0,-121.0,11.0,12.0,-111.0,10.016763750810844,9.0,11.0,30000.0,10000.0,19000.0,0.0,24.58860816125835,16.5,19.0,0.0,10000.0,36445.48574822007,25000.0,0.0,25.874272451785604,17.0,20.0,0.0,121.0,9.987631863668899,9.0,11.0,1.0,16861.24940425412,10000.0,19000.0,1.0,16.5,17.846493630580156,19.0,1.0,23270.623639799098,10000.0,25000.0,1.0,19.124954851527107,17.0,20.0,1.0,0.0,111.0,1.0,40.0
11.0,22.0,11.0,22.0,-121.0,21.0,13.0,-111.0,9.997926337895345,9.0,11.0,30000.0,10000.0,19000.0,0.0,27.137199762496387,16.5,19.0,0.0,10000.0,36459.36846122627,25000.0,0.0,28.43599916615342,17.0,20.0,0.0,121.0,9.99026379967053,9.0,11.0,1.0,15284.006706429234,10000.0,19000.0,1.0,16.5,17.61003102954484,19.0,1.0,21791.02045134478,10000.0,25000.0,1.0,18.918410575039907,17.0,20.0,1.0,0.0,211.0,1.0,22.0
11.0,22.0,11.0,22.0,-121.0,11.0,11.0,-111.0,10.006269669595602,9.0,11.0,30000.0,10000.0,19000.0,0.0,25.87973163861421,16.5,19.0,0.0,10000.0,36471.69831544308,25000.0,0.0,27.177333589767024,17.0,20.0,0.0,121.0,9.999929885470207,9.0,11.0,1.0,14831.332594339012,10000.0,19000.0,1.0,16.5,17.515761737757106,19.0,1.0,21324.533644518157,10000.0,25000.0,1.0,18.81767507506988,17.0,20.0,1.0,0.0,111.0,1.0,17.0
11.0,22.0,11.0,22.0,-121.0,21.0,12.0,-111.0,10.183650923914557,9.0,11.0,30000.0,10000.0,19000.0,0.0,23.716471461190267,16.5,19.0,0.0,10000.0,37074.952963453936,25000.0,0.0,25.048694875104434,17.0,20.0,0.0,122.0,10.225986545830454,9.0,11.0,1.0,15002.136600703316,10000.0,19000.0,1.0,16.5,17.58289663981572,19.0,1.0,21848.792765522136,10000.0,25000.0,1.0,18.872131451256568,17.0,20.0,1.0,0.0,211.0,1.0,25.0
11.0,21.0,11.0,22.0,-121.0,11.0,12.0,-111.0,10.003131791445501,9.0,11.0,30000.0,10000.0,19000.0,0.0,26.05687103419099,16.5,19.0,0.0,10000.0,36467.313139489066,25000.0,0.0,27.350364325917077,17.0,20.0,0.0,121.0,9.994776794856218,9.0,11.0,1.0,15929.500684779032,10000.0,19000.0,1.0,16.5,17.734144126786845,19.0,1.0,22400.7393677052,10000.0,25000.0,1.0,19.028422545812745,17.0,20.0,1.0,0.0,111.0,1.0,51.0
11.0,22.0,11.0,22.0,-121.0,11.0,11.0,-111.0,10.218392267773838,9.0,11.0,30000.0,10000.0,19000.0,0.0,26.22152469302452,16.5,19.0,0.0,10000.0,37217.36053999862,25000.0,0.0,27.588146312509707,17.0,20.0,0.0,122.0,10.200863536708269,9.0,11.0,1.0,19376.596838025285,10000.0,19000.0,0.0,16.5,18.416871453008,19.0,1.0,26364.119832990036,10000.0,25000.0,0.0,19.739972874732253,17.0,20.0,1.0,0.0,111.0,1.0,44.0
11.0,22.0,11.0,21.0,-121.0,11.0,12.0,-111.0,9.992655176002737,9.0,11.0,30000.0,10000.0,19000.0,0.0,25.13705117726847,16.5,19.0,0.0,10000.0,36399.32682645884,25000.0,0.0,26.416620209170596,17.0,20.0,0.0,121.0,9.999583017396489,9.0,11.0,1.0,13208.837141367469,10000.0,19000.0,1.0,16.5,17.141308604698295,19.0,1.0,19694.807736891795,10000.0,25000.0,1.0,18.438202378203723,17.0,20.0,1.0,0.0,111.0,1.0,46.0
11.0,22.0,11.0,22.0,-121.0,21.0,13.0,-111.0,9.988272218938135,9.0,11.0,30000.0,10000.0,19000.0,0.0,25.50031320901544,16.5,19.0,0.0,10000.0,36498.274251633666,25000.0,0.0,26.803118728613683,17.0,20.0,0.0,121.0,9.982166155878378,9.0,11.0,1.0,11942.04972792033,10000.0,19000.0,1.0,16.5,16.91079679212361,19.0,1.0,18465.207512811998,10000.0,25000.0,1.0,18.218591083081797,17.0,20.0,1.0,0.0,211.0,1.0,19.0
11.0,22.0,11.0,22.0,-121.0,21.0,13.0,-111.0,10.013902033465785,9.0,11.0,30000.0,10000.0,19000.0,0.0,25.998555311313467,16.5,19.0,0.0,10000.0,36617.23088468482,25000.0,0.0,27.323942851273145,17.0,20.0,0.0,121.0,9.996363913633209,9.0,11.0,1.0,12827.5139990652,10000.0,19000.0,1.0,16.5,17.05917912340536,19.0,1.0,19386.396578468397,10000.0,25000.0,1.0,18.372879884084448,17.0,20.0,1.0,0.0,211.0,1.0,3.0
11.0,22.0,11.0,21.0,-121.0,11.0,11.0,-111.0,10.182710845903939,9.0,11.0,30000.0,10000.0,19000.0,0.0,23.483835389668442,16.5,19.0,0.0,10000.0,37028.86255398303,25000.0,0.0,24.812487571199153,17.0,20.0,0.0,122.0,10.20066283945179,9.0,11.0,1.0,13075.740514684256,10000.0,19000.0,1.0,16.5,17.137569176206558,19.0,1.0,20202.26352065586,10000.0,25000.0,1.0,18.484681922528132,17.0,20.0,1.0,0.0,111.0,1.0,12.0
91.0,24.0,91.0,24.0,-721.0,911.0,12.0,-711.0,15.231426834673012,12.0,17.0,30000.0,18000.0,36000.0,1.0,25.13923193138654,20.0,25.0,0.0,18000.0,34005.45299373722,36000.0,1.0,25.62576209140644,20.0,26.0,1.0,722.0,15.060324322739554,12.0,17.0,1.0,26171.651577220204,18000.0,36000.0,1.0,20.0,23.30186465421003,25.0,1.0,30220.25697175191,18000.0,36000.0,1.0,23.793636404755798,20.0,26.0,1.0,0.0,91121.0,7.0,1.0
92.0,24.0,92.0,24.0,-721.0,921.0,13.0,-711.0,15.218544582924489,12.0,17.0,30000.0,15000.0,28000.0,0.0,24.545077116540668,19.5,25.0,1.0,15000.0,33893.87263186246,28000.0,0.0,25.021093856740734,20.0,26.0,1.0,722.0,15.326512360411176,12.0,17.0,1.0,18743.948053915243,15000.0,28000.0,1.0,19.5,21.612645959191767,25.0,1.0,22781.203097803285,15000.0,28000.0,1.0,22.10619086089767,20.0,26.0,1.0,0.0,92122.0,7.0,25.0
11.0,22.0,11.0,22.0,-121.0,21.0,13.0,-111.0,10.19127009023378,9.0,11.0,30000.0,10000.0,19000.0,0.0,26.390621736503547,16.5,19.0,0.0,10000.0,36999.17985994091,25000.0,0.0,27.707251623372596,17.0,20.0,0.0,122.0,10.204642093757982,9.0,11.0,1.0,14047.323289376025,10000.0,19000.0,1.0,16.5,17.341209586444954,19.0,1.0,20950.919360337302,10000.0,25000.0,1.0,18.639859013347394,17.0,20.0,1.0,0.0,211.0,1.0,22.0
91.0,24.0,91.0,24.0,-721.0,911.0,11.0,-711.0,14.98189367275118,12.0,17.0,30000.0,18000.0,36000.0,1.0,25.23286035492736,20.0,25.0,0.0,18000.0,34495.463764585904,36000.0,1.0,25.796208028535457,20.0,26.0,1.0,721.0,15.860317968173417,12.0,17.0,1.0,22254.13742765316,18000.0,36000.0,1.0,20.0,23.653368677113868,25.0,1.0,26731.20878294805,18000.0,36000.0,1.0,24.214411511548803,20.0,26.0,1.0,0.0,91121.0,7.0,16.0
81.0,23.0,81.0,21.0,-721.0,912.0,11.0,-711.0,15.442083150536668,12.0,17.0,30000.0,12500.0,23000.0,0.0,26.824849769133877,20.0,24.0,0.0,12500.0,34500.453505063546,26000.0,0.0,27.387703657912013,20.0,25.0,0.0,721.0,15.377225404033684,12.0,17.0,1.0,16640.389572749664,12500.0,23000.0,1.0,20.0,21.797190415119275,24.0,1.0,21143.74130071316,12500.0,26000.0,1.0,22.360406773152555,20.0,25.0,1.0,0.0,912.0,7.0,12.0
11.0,22.0,11.0,22.0,-121.0,21.0,13.0,-111.0,10.195481966411727,9.0,11.0,30000.0,10000.0,19000.0,0.0,25.367646479226195,16.5,19.0,0.0,10000.0,36956.13254062232,25000.0,0.0,26.680148146289945,17.0,20.0,0.0,122.0,10.207617012538316,9.0,11.0,1.0,16045.470320756256,10000.0,19000.0,1.0,16.5,17.766882464269987,19.0,1.0,23090.00486678479,10000.0,25000.0,1.0,19.09606405782879,17.0,20.0,1.0,0.0,211.0,1.0,28.0
11.0,22.0,11.0,22.0,-121.0,11.0,12.0,-111.0,10.217373297311818,9.0,11.0,30000.0,10000.0,19000.0,0.0,24.15683447516524,16.5,19.0,0.0,10000.0,37093.47897911131,25000.0,0.0,25.49886169348357,17.0,20.0,0.0,122.0,10.215849494303077,9.0,11.0,1.0,14352.677166171967,10000.0,19000.0,1.0,16.5,17.397987351806947,19.0,1.0,21418.066449440357,10000.0,25000.0,1.0,18.734700233325732,17.0,20.0,1.0,0.0,111.0,1.0,14.0
11.0,22.0,11.0,22.0,-121.0,21.0,12.0,-111.0,10.216545491074177,9.0,11.0,30000.0,10000.0,19000.0,0.0,23.814684928245384,16.5,19.0,0.0,10000.0,36874.12766836143,25000.0,0.0,25.10762578727585,17.0,20.0,0.0,122.0,10.230443194543463,9.0,11.0,1.0,15920.375032574171,10000.0,19000.0,1.0,16.5,17.792761591399866,19.0,1.0,22829.073224124964,10000.0,25000.0,1.0,19.09220475066478,17.0,20.0,1.0,0.0,211.0,1.0,48.0
11.0,21.0,11.0,21.0,-121.0,21.0,13.0,-111.0,10.002503362758834,9.0,11.0,30000.0,10000.0,19000.0,0.0,28.64973782143113,16.5,19.0,0.0,10000.0,36476.561089340736,25000.0,0.0,29.943016564140656,17.0,20.0,0.0,121.0,9.991411204219691,9.0,11.0,1.0,12252.500288029705,10000.0,19000.0,1.0,16.5,16.95293246195348,19.0,1.0,18716.842535367243,10000.0,25000.0,1.0,18.24377127266742,17.0,20.0,1.0,0.0,211.0,1.0,34.0
11.0,21.0,11.0,22.0,-121.0,21.0,13.0,-111.0,10.008371214444693,9.0,11.0,30000.0,10000.0,19000.0,0.0,27.934918720698096,16.5,19.0,0.0,10000.0,36499.10159557086,25000.0,0.0,29.23503404380715,17.0,20.0,0.0,121.0,10.00195454075123,9.0,11.0,1.0,14383.817067385467,10000.0,19000.0,1.0,16.5,17.393388996105234,19.0,1.0,20902.68722551808,10000.0,25000.0,1.0,18.697458929051425,17.0,20.0,1.0,0.0,211.0,1.0,32.0
11.0,22.0,11.0,22.0,-121.0,11.0,11.0,-111.0,10.225976316788984,9.0,11.0,30000.0,10000.0,19000.0,0.0,23.542833889231687,16.5,19.0,0.0,10000.0,37074.52979225971,25000.0,0.0,24.874310478883103,17.0,20.0,0.0,122.0,10.179798340881526,9.0,11.0,1.0,14318.640384506165,10000.0,19000.0,1.0,16.5,17.445462607493244,19.0,1.0,21468.49850856216,10000.0,25000.0,1.0,18.791116522460893,17.0,20.0,1.0,0.0,111.0,1.0,15.0
11.0,22.0,11.0,22.0,-121.0,21.0,13.0,-111.0,10.180137738252336,9.0,11.0,30000.0,10000.0,19000.0,0.0,24.12761635244022,16.5,19.0,0.0,10000.0,37162.86682034123,25000.0,0.0,25.476870720510707,17.0,20.0,0.0,122.0,10.197411188135645,9.0,11.0,1.0,14581.170277567919,10000.0,19000.0,1.0,16.5,17.420177478215805,19.0,1.0,21656.40492123003,10000.0,25000.0,1.0,18.752924754903265,17.0,20.0,1.0,0.0,211.0,1.0,47.0
11.0,22.0,11.0,22.0,-121.0,21.0,13.0,-111.0,10.004062784634918,9.0,11.0,30000.0,10000.0,19000.0,0.0,26.361455040520244,16.5,19.0,0.0,10000.0,36534.95767491535,25000.0,0.0,27.669180341397414,17.0,20.0,0.0,121.0,10.009301525936879,9.0,11.0,1.0,14133.625546887872,10000.0,19000.0,1.0,16.5,17.35402465177117,19.0,1.0,20646.281928031352,10000.0,25000.0,1.0,18.65728718983356,17.0,20.0,1.0,0.0,211.0,1.0,19.0
11.0,21.0,11.0,22.0,-121.0,21.0,13.0,-111.0,10.211734336410672,9.0,11.0,30000.0,10000.0,19000.0,0.0,28.484148148760237,16.5,19.0,0.0,10000.0,36965.75886254084,25000.0,0.0,29.79767474976875,17.0,20.0,0.0,122.0,10.173960244804643,9.0,11.0,1.0,13482.090539762788,10000.0,19000.0,1.0,16.5,17.227992050709986,19.0,1.0,20524.7694646223,10000.0,25000.0,1.0,18.556023395566317,17.0,20.0,1.0,0.0,211.0,1.0,9.0
11.0,22.0,11.0,22.0,-121.0,11.0,12.0,-111.0,10.189841402751568,9.0,11.0,30000.0,10000.0,19000.0,0.0,24.74586188445231,16.5,19.0,0.0,10000.0,36993.21549719706,25000.0,0.0,26.06548445766999,17.0,20.0,0.0,122.0,10.184407588178974,9.0,11.0,1.0,17976.017201541694,10000.0,19000.0,1.0,16.5,18.07843908654707,19.0,1.0,25008.335370127017,10000.0,25000.0,0.0,19.4054403495617,17.0,20.0,1.0,0.0,111.0,1.0,42.0
91.0,24.0,91.0,24.0,-721.0,911.0,12.0,-711.0,14.325665428994219,12.0,17.0,30000.0,18000.0,36000.0,1.0,22.633934200695684,20.0,25.0,1.0,18000.0,34478.38656394844,36000.0,1.0,23.194803953020745,20.0,26.0,1.0,721.0,15.234702182143725,12.0,17.0,1.0,26385.074389357684,18000.0,36000.0,1.0,20.0,23.629645517308845,25.0,1.0,30922.812383059296,18000.0,36000.0,1.0,24.197948397889018,20.0,26.0,1.0,1.0,91121.0,7.0,8.0
91.0,24.0,91.0,24.0,-721.0,911.0,12.0,-711.0,15.05577207109175,12.0,17.0,30000.0,18000.0,36000.0,1.0,24.81020134221327,20.0,25.0,1.0,18000.0,34474.73478521429,36000.0,1.0,25.37189890812273,20.0,26.0,1.0,721.0,15.05900233206282,12.0,17.0,1.0,27077.959147453515,18000.0,36000.0,1.0,20.0,23.50478875028578,25.0,1.0,31504.685074654724,18000.0,36000.0,1.0,24.06045993474865,20.0,26.0,1.0,1.0,91121.0,7.0,32.0
11.0,22.0,11.0,22.0,-121.0,21.0,13.0,-111.0,10.000685218487298,9.0,11.0,30000.0,10000.0,19000.0,0.0,26.758587336100632,16.5,19.0,0.0,10000.0,36460.131876973006,25000.0,0.0,28.047925592573108,17.0,20.0,0.0,121.0,10.005805991882708,9.0,11.0,1.0,15143.116087377592,10000.0,19000.0,1.0,16.5,17.56012076928732,19.0,1.0,21713.799751048573,10000.0,25000.0,1.0,18.871523381507572,17.0,20.0,1.0,0.0,211.0,1.0,36.0
11.0,22.0,11.0,22.0,-121.0,21.0,12.0,-111.0,9.996812567584795,9.0,11.0,30000.0,10000.0,19000.0,0.0,23.521433543149705,16.5,19.0,0.0,10000.0,36478.74218140176,25000.0,0.0,24.81711234456618,17.0,20.0,0.0,121.0,9.989471315425574,9.0,11.0,1.0,14903.986147665431,10000.0,19000.0,1.0,16.5,17.512181506196086,19.0,1.0,21413.274524896933,10000.0,25000.0,1.0,18.813969218461665,17.0,20.0,1.0,0.0,211.0,1.0,25.0
11.0,21.0,11.0,22.0,-121.0,11.0,11.0,-111.0,10.015387255012909,9.0,11.0,30000.0,10000.0,19000.0,0.0,26.118313653321096,16.5,19.0,0.0,10000.0,36516.831629180015,25000.0,0.0,27.420103920548815,17.0,20.0,0.0,121.0,10.00317476831853,9.0,11.0,1.0,13931.875513561024,10000.0,19000.0,1.0,16.5,17.34206959102565,19.0,1.0,20411.231445043333,10000.0,25000.0,1.0,18.636373781997843,17.0,20.0,1.0,0.0,111.0,1.0,29.0
11.0,22.0,11.0,22.0,-121.0,11.0,11.0,-111.0,10.179939039931432,9.0,11.0,30000.0,10000.0,19000.0,0.0,23.755340998567654,16.5,19.0,0.0,10000.0,37088.455859277805,25000.0,0.0,25.086996197849178,17.0,20.0,0.0,122.0,10.207148057541923,9.0,11.0,1.0,15135.810845566935,10000.0,19000.0,1.0,16.5,17.579467791999022,19.0,1.0,22232.343648225964,10000.0,25000.0,1.0,18.91264034623929,17.0,20.0,1.0,0.0,111.0,1.0,44.0
11.0,22.0,11.0,22.0,-121.0,11.0,11.0,-111.0,9.994789268859641,9.0,11.0,30000.0,10000.0,19000.0,0.0,22.855524694589086,16.5,19.0,0.0,10000.0,36525.895293796624,25000.0,0.0,24.159083404928,17.0,20.0,0.0,121.0,9.997506357944589,9.0,11.0,1.0,15356.447051519413,10000.0,19000.0,1.0,16.5,17.572240583276603,19.0,1.0,21828.921395669662,10000.0,25000.0,1.0,18.865128367851156,17.0,20.0,1.0,0.0,111.0,1.0,30.0
11.0,22.0,11.0,22.0,-121.0,11.0,12.0,-111.0,9.98982776784143,9.0,11.0,30000.0,10000.0,19000.0,0.0,24.400310681989893,16.5,19.0,0.0,10000.0,36455.138500335095,25000.0,0.0,25.68943174159383,17.0,20.0,0.0,121.0,9.974269724866952,9.0,11.0,1.0,14578.264753973379,10000.0,19000.0,1.0,16.5,17.396670415123708,19.0,1.0,20935.966011874752,10000.0,25000.0,1.0,18.666332806070955,17.0,20.0,1.0,0.0,111.0,1.0,42.0
81.0,23.0,81.0,21.0,-721.0,912.0,11.0,-711.0,14.970749436508319,12.0,17.0,30000.0,12500.0,23000.0,0.0,26.76403305800217,20.0,24.0,0.0,12500.0,34530.81833691493,26000.0,0.0,27.328434721467413,20.0,25.0,0.0,721.0,14.652185654253326,12.0,17.0,1.0,13834.724081104108,12500.0,23000.0,1.0,20.0,20.872543820026987,24.0,1.0,18401.325220466355,12500.0,26000.0,1.0,21.44140292842225,20.0,25.0,1.0,0.0,912.0,7.0,12.0
11.0,22.0,11.0,21.0,-121.0,21.0,13.0,-111.0,9.999321876702457,9.0,11.0,30000.0,10000.0,19000.0,0.0,26.758053117164522,16.5,19.0,0.0,10000.0,36555.44154812486,25000.0,0.0,28.061379161916637,17.0,20.0,0.0,121.0,10.004409504476714,9.0,11.0,1.0,12304.970308092914,10000.0,19000.0,1.0,16.5,16.935046979962408,19.0,1.0,18800.697890828254,10000.0,25000.0,1.0,18.22650093863821,17.0,20.0,1.0,0.0,211.0,1.0,2.0
11.0,22.0,11.0,21.0,-121.0,11.0,11.0,-111.0,9.988133633439608,9.0,11.0,30000.0,10000.0,19000.0,0.0,25.75936112727166,16.5,19.0,0.0,10000.0,36418.73687730005,25000.0,0.0,27.043558997801913,17.0,20.0,0.0,121.0,9.987530770331158,9.0,11.0,1.0,16682.480764645712,10000.0,19000.0,1.0,16.5,17.79166614544225,19.0,1.0,23145.836290323925,10000.0,25000.0,1.0,19.08479087718032,17.0,20.0,1.0,0.0,111.0,1.0,0.0
91.0,24.0,91.0,24.0,-721.0,911.0,11.0,-711.0,14.714484221567819,12.0,17.0,30000.0,18000.0,36000.0,1.0,24.49172625627871,20.0,25.0,1.0,18000.0,34475.73287409383,36000.0,1.0,25.051924583815573,20.0,26.0,1.0,721.0,15.68329926579676,12.0,17.0,1.0,25517.717356186335,18000.0,36000.0,1.0,20.0,23.823526933732907,25.0,1.0,30053.421500972792,18000.0,36000.0,1.0,24.39123147455089,20.0,26.0,1.0,1.0,91121.0,7.0,9.0
11.0,22.0,11.0,22.0,-121.0,11.0,12.0,-111.0,10.004992937979504,9.0,11.0,30000.0,10000.0,19000.0,0.0,24.18918797801367,16.5,19.0,0.0,10000.0,36618.49708970626,25000.0,0.0,25.511039866592988,17.0,20.0,0.0,121.0,10.00645264456897,9.0,11.0,1.0,14394.46646677088,10000.0,19000.0,1.0,16.5,17.401940265699622,19.0,1.0,20886.832260771273,10000.0,25000.0,1.0,18.698601104229667,17.0,20.0,1.0,0.0,111.0,1.0,42.0
11.0,22.0,11.0,21.0,-121.0,11.0,12.0,-111.0,9.9790810174336,9.0,11.0,30000.0,10000.0,19000.0,0.0,23.99962142906736,16.5,19.0,0.0,10000.0,36529.858626079156,25000.0,0.0,25.30361987588291,17.0,20.0,0.0,121.0,9.98159610067624,9.0,11.0,1.0,13980.787710922583,10000.0,19000.0,1.0,16.5,17.251509817815446,19.0,1.0,20407.880111920596,10000.0,25000.0,1.0,18.534986074861724,17.0,20.0,1.0,0.0,111.0,1.0,46.0
11.0,22.0,11.0,22.0,-121.0,11.0,11.0,-111.0,10.200143777159196,9.0,11.0,30000.0,10000.0,19000.0,0.0,25.641339231108795,16.5,19.0,0.0,10000.0,36969.74281047658,25000.0,0.0,26.9547189868125,17.0,20.0,0.0,122.0,10.179393567947498,9.0,11.0,1.0,17588.137668266405,10000.0,19000.0,1.0,16.5,18.041929415526422,19.0,1.0,24695.228231427624,10000.0,25000.0,1.0,19.381191009738753,17.0,20.0,1.0,0.0,111.0,1.0,44.0
11.0,21.0,11.0,22.0,-121.0,21.0,13.0,-111.0,10.007617433475348,9.0,11.0,30000.0,10000.0,19000.0,0.0,27.008657755110356,16.5,19.0,0.0,10000.0,36463.73224078489,25000.0,0.0,28.30551421470693,17.0,20.0,0.0,121.0,9.987690746858844,9.0,11.0,1.0,13646.96247394561,10000.0,19000.0,1.0,16.5,17.2139804841417,19.0,1.0,20125.27933682131,10000.0,25000.0,1.0,18.513763141895105,17.0,20.0,1.0,0.0,211.0,1.0,52.0
11.0,22.0,11.0,22.0,-121.0,11.0,11.0,-111.0,10.204656121121568,9.0,11.0,30000.0,10000.0,19000.0,0.0,25.20022720802789,16.5,19.0,0.0,10000.0,37054.700047095765,25000.0,0.0,26.536576786732674,17.0,20.0,0.0,122.0,10.201319052733307,9.0,11.0,1.0,14853.0302396761,10000.0,19000.0,1.0,16.5,17.543862771679105,19.0,1.0,21754.013978802297,10000.0,25000.0,1.0,18.85109435500154,17.0,20.0,1.0,0.0,111.0,1.0,27.0
11.0,22.0,11.0,21.0,-121.0,11.0,11.0,-111.0,10.01051706595112,9.0,11.0,30000.0,10000.0,19000.0,0.0,24.931064400849237,16.5,19.0,0.0,10000.0,36469.764365981086,25000.0,0.0,26.223498385080802,17.0,20.0,0.0,121.0,9.99292263565636,9.0,11.0,1.0,12193.957459110423,10000.0,19000.0,1.0,16.5,16.90097976715351,19.0,1.0,18635.747504720544,10000.0,25000.0,1.0,18.187825454765907,17.0,20.0,1.0,0.0,111.0,1.0,39.0
92.0,24.0,92.0,24.0,-721.0,921.0,13.0,-711.0,15.032672253038063,12.0,17.0,30000.0,15000.0,28000.0,0.0,24.442075904098658,19.5,25.0,1.0,15000.0,33890.8641598192,28000.0,0.0,24.916358072689096,20.0,26.0,1.0,722.0,15.360085588777494,12.0,17.0,1.0,19725.36755083353,15000.0,28000.0,1.0,19.5,21.785546980087847,25.0,1.0,23782.787991630274,15000.0,28000.0,1.0,22.28013175264739,20.0,26.0,1.0,0.0,92122.0,7.0,25.0
11.0,21.0,11.0,22.0,-121.0,21.0,12.0,-111.0,10.206873153374206,9.0,11.0,30000.0,10000.0,19000.0,0.0,25.784339378342388,16.5,19.0,0.0,10000.0,37089.19772870224,25000.0,0.0,27.131561826261947,17.0,20.0,0.0,122.0,10.21388185207111,9.0,11.0,1.0,16098.73621505943,10000.0,19000.0,1.0,16.5,17.849298593263867,19.0,1.0,23234.239499609634,10000.0,25000.0,1.0,19.205320892265195,17.0,20.0,1.0,0.0,211.0,1.0,37.0
11.0,22.0,11.0,22.0,-121.0,21.0,13.0,-111.0,10.19597672156767,9.0,11.0,30000.0,10000.0,19000.0,0.0,26.136809075152296,16.5,19.0,0.0,10000.0,36926.184495540685,25000.0,0.0,27.439603655676404,17.0,20.0,0.0,122.0,10.199146384476098,9.0,11.0,1.0,14975.047881127897,10000.0,19000.0,1.0,16.5,17.557689376913075,19.0,1.0,22088.80932571887,10000.0,25000.0,1.0,18.895766620324853,17.0,20.0,1.0,0.0,211.0,1.0,13.0
11.0,22.0,11.0,22.0,-121.0,11.0,11.0,-111.0,10.208405528118856,9.0,11.0,30000.0,10000.0,19000.0,0.0,23.533330892528888,16.5,19.0,0.0,10000.0,37049.76965336774,25000.0,0.0,24.86775048970196,17.0,20.0,0.0,122.0,10.185242761678815,9.0,11.0,1.0,14502.375217787878,10000.0,19000.0,1.0,16.5,17.431057434427085,19.0,1.0,21458.121034707783,10000.0,25000.0,1.0,18.74767967705859,17.0,20.0,1.0,0.0,111.0,1.0,30.0
11.0,22.0,11.0,22.0,-121.0,11.0,11.0,-111.0,9.999840157478085,9.0,11.0,30000.0,10000.0,19000.0,0.0,23.247730982568065,16.5,19.0,0.0,10000.0,36499.27729388767,25000.0,0.0,24.54581203182492,17.0,20.0,0.0,121.0,10.002297690603223,9.0,11.0,1.0,13152.063202968879,10000.0,19000.0,1.0,16.5,17.148111076586346,19.0,1.0,19542.99243547707,10000.0,25000.0,1.0,18.424552094368824,17.0,20.0,1.0,0.0,111.0,1.0,44.0
11.0,22.0,11.0,21.0,-121.0,21.0,13.0,-111.0,10.183294904360306,9.0,11.0,30000.0,10000.0,19000.0,0.0,26.439029728249274,16.5,19.0,0.0,10000.0,36937.11520898076,25000.0,0.0,27.74729422315579,17.0,20.0,0.0,122.0,10.217342571636282,9.0,11.0,1.0,10913.751661813394,10000.0,19000.0,1.0,16.5,16.785178023667218,19.0,1.0,17948.1670785569,10000.0,25000.0,1.0,18.111792279724916,17.0,20.0,1.0,0.0,211.0,1.0,33.0
11.0,21.0,11.0,21.0,-121.0,11.0,11.0,-111.0,10.178117871082277,9.0,11.0,30000.0,10000.0,19000.0,0.0,24.031998848226053,16.5,19.0,0.0,10000.0,37109.19528836894,25000.0,0.0,25.377050374789157,17.0,20.0,0.0,122.0,10.18945839611618,9.0,11.0,1.0,15799.37454261117,10000.0,19000.0,1.0,16.5,17.66838328158782,19.0,1.0,22843.8466958698,10000.0,25000.0,1.0,19.00118926584229,17.0,20.0,1.0,0.0,111.0,1.0,18.0
11.0,22.0,11.0,21.0,-121.0,11.0,11.0,-111.0,10.188787240299376,9.0,11.0,30000.0,10000.0,19000.0,0.0,23.12971539755857,16.5,19.0,0.0,10000.0,36902.01342615939,25000.0,0.0,24.434364030093704,17.0,20.0,0.0,122.0,10.197895379642855,9.0,11.0,1.0,15737.522687012484,10000.0,19000.0,1.0,16.5,17.637962039504064,19.0,1.0,22753.54414583442,10000.0,25000.0,1.0,18.964160966819485,17.0,20.0,1.0,0.0,111.0,1.0,54.0
91.0,21.0,91.0,24.0,-721.0,911.0,12.0,-711.0,15.305433185383007,12.0,17.0,30000.0,18000.0,36000.0,1.0,25.849963308946293,20.0,25.0,0.0,18000.0,34418.88512781421,36000.0,1.0,26.40001639710084,20.0,26.0,0.0,721.0,14.645650053758722,12.0,17.0,1.0,32637.90488042508,18000.0,36000.0,1.0,20.0,23.7172084605643,25.0,1.0,37172.062720047834,18000.0,36000.0,0.0,24.281610441997636,20.0,26.0,1.0,0.0,91121.0,7.0,19.0
11.0,21.0,11.0,21.0,-121.0,11.0,11.0,-111.0,9.991420184965612,9.0,11.0,30000.0,10000.0,19000.0,0.0,24.630237063052988,16.5,19.0,0.0,10000.0,36489.2441860332,25000.0,0.0,25.92814424774512,17.0,20.0,0.0,121.0,10.00624326122035,9.0,11.0,1.0,14980.652007297233,10000.0,19000.0,1.0,16.5,17.470222419819713,19.0,1.0,21503.69881779015,10000.0,25000.0,1.0,18.774890433337205,17.0,20.0,1.0,0.0,111.0,1.0,56.0
11.0,22.0,11.0,22.0,-121.0,11.0,11.0,-111.0,9.986860639876996,9.0,11.0,30000.0,10000.0,19000.0,0.0,25.119939312866364,16.5,19.0,0.0,10000.0,36454.65897830395,25000.0,0.0,26.412163323082467,17.0,20.0,0.0,121.0,9.981338470543466,9.0,11.0,1.0,14986.765452719948,10000.0,19000.0,1.0,16.5,17.51586056040555,19.0,1.0,21551.613470047487,10000.0,25000.0,1.0,18.83014443813247,17.0,20.0,1.0,0.0,111.0,1.0,44.0
11.0,22.0,11.0,22.0,-121.0,21.0,13.0,-111.0,10.216832763036168,9.0,11.0,30000.0,10000.0,19000.0,0.0,25.756186131215788,16.5,19.0,0.0,10000.0,37183.8373858581,25000.0,0.0,27.108008901190868,17.0,20.0,0.0,122.0,10.174837474243809,9.0,11.0,1.0,15054.59297023103,10000.0,19000.0,1.0,16.5,17.561475547143846,19.0,1.0,22098.656260763226,10000.0,25000.0,1.0,18.88699624559846,17.0,20.0,1.0,0.0,211.0,1.0,3.0
91.0,24.0,91.0,24.0,-721.0,911.0,11.0,-711.0,15.312668280478825,12.0,17.0,30000.0,18000.0,36000.0,1.0,24.623460102734978,20.0,25.0,1.0,18000.0,34040.69227066786,36000.0,1.0,25.11487185345122,20.0,26.0,1.0,722.0,15.149728724271764,12.0,17.0,1.0,26216.551226149506,18000.0,36000.0,1.0,20.0,23.412002238760202,25.0,1.0,30249.497386845305,18000.0,36000.0,1.0,23.902471940637376,20.0,26.0,1.0,1.0,91121.0,7.0,0.0
81.0,23.0,81.0,21.0,-721.0,912.0,12.0,-711.0,14.880267396436452,12.0,17.0,30000.0,12500.0,23000.0,0.0,25.66463699709632,20.0,24.0,0.0,12500.0,34491.98222791102,26000.0,0.0,26.22575804200706,20.0,25.0,0.0,721.0,14.99419017724703,12.0,17.0,1.0,14726.705561514369,12500.0,23000.0,1.0,20.0,21.23127474829866,24.0,1.0,19292.49677707784,12500.0,26000.0,1.0,21.801615726453573,20.0,25.0,1.0,0.0,912.0,7.0,11.0
11.0,22.0,11.0,22.0,-121.0,21.0,13.0,-111.0,10.211021958847532,9.0,11.0,30000.0,10000.0,19000.0,0.0,24.28535509343729,16.5,19.0,0.0,10000.0,37162.86560952193,25000.0,0.0,25.634369520251685,17.0,20.0,0.0,122.0,10.203586377375087,9.0,11.0,1.0,14433.269337645492,10000.0,19000.0,1.0,16.5,17.454445149523934,19.0,1.0,21581.667197253395,10000.0,25000.0,1.0,18.80073480047047,17.0,20.0,1.0,0.0,211.0,1.0,4.0
11.0,22.0,11.0,22.0,-121.0,21.0,13.0,-111.0,10.006743777298237,9.0,11.0,30000.0,10000.0,19000.0,0.0,25.455908020535105,16.5,19.0,0.0,10000.0,36518.33471345185,25000.0,0.0,26.763331127267993,17.0,20.0,0.0,121.0,10.004405769004439,9.0,11.0,1.0,13577.558200873465,10000.0,19000.0,1.0,16.5,17.229032021314,19.0,1.0,20065.784372182017,10000.0,25000.0,1.0,18.530416069692468,17.0,20.0,1.0,0.0,211.0,1.0,5.0
11.0,22.0,11.0,22.0,-121.0,21.0,13.0,-111.0,10.207191292705186,9.0,11.0,30000.0,10000.0,19000.0,0.0,24.209886790706626,16.5,19.0,0.0,10000.0,37068.87164713333,25000.0,0.0,25.534892628204144,17.0,20.0,0.0,122.0,10.18830586856856,9.0,11.0,1.0,12245.845189451778,10000.0,19000.0,1.0,16.5,17.0428548593124,19.0,1.0,19257.487380386796,10000.0,25000.0,1.0,18.357133473665282,17.0,20.0,1.0,0.0,211.0,1.0,13.0
91.0,24.0,91.0,24.0,-721.0,911.0,12.0,-711.0,15.176749594772012,12.0,17.0,30000.0,18000.0,36000.0,1.0,25.31644060330469,20.0,25.0,0.0,18000.0,34551.36526489208,36000.0,1.0,25.888405273395065,20.0,26.0,1.0,721.0,15.739764091592644,12.0,17.0,1.0,26321.429122189453,18000.0,36000.0,1.0,20.0,24.094213713074325,25.0,1.0,30866.95924929198,18000.0,36000.0,1.0,24.665445088325352,20.0,26.0,1.0,0.0,91121.0,7.0,23.0
91.0,24.0,91.0,24.0,-721.0,911.0,12.0,-711.0,15.545637310456279,12.0,17.0,30000.0,18000.0,36000.0,1.0,25.055635202515376,20.0,25.0,0.0,18000.0,34531.770244356245,36000.0,1.0,25.62071530661988,20.0,26.0,1.0,721.0,15.291651283889662,12.0,17.0,1.0,30414.5475074738,18000.0,36000.0,1.0,20.0,24.03443438085393,25.0,1.0,34879.766460741674,18000.0,36000.0,1.0,24.591216003687602,20.0,26.0,1.0,0.0,91121.0,7.0,27.0
91.0,24.0,91.0,21.0,-721.0,911.0,12.0,-711.0,14.932713337351636,12.0,17.0,30000.0,18000.0,36000.0,1.0,24.3159945038111,20.0,25.0,1.0,18000.0,34510.331625083796,36000.0,1.0,24.87881438093027,20.0,26.0,1.0,721.0,15.949789128791176,12.0,17.0,1.0,28591.908669297343,18000.0,36000.0,1.0,20.0,24.512545930294152,25.0,1.0,33118.36941755868,18000.0,36000.0,1.0,25.077378473416488,20.0,26.0,1.0,1.0,91121.0,7.0,29.0
11.0,22.0,11.0,22.0,-121.0,11.0,11.0,-111.0,10.213430958440778,9.0,11.0,30000.0,10000.0,19000.0,0.0,25.399265937486845,16.5,19.0,0.0,10000.0,36995.56837593135,25000.0,0.0,26.715064104312376,17.0,20.0,0.0,122.0,10.194706371616315,9.0,11.0,1.0,15819.060617641568,10000.0,19000.0,1.0,16.5,17.688520499962006,19.0,1.0,22672.23278759177,10000.0,25000.0,1.0,18.977535329576863,17.0,20.0,1.0,0.0,111.0,1.0,27.0
11.0,22.0,11.0,22.0,-121.0,21.0,13.0,-111.0,9.994950772298404,9.0,11.0,30000.0,10000.0,19000.0,0.0,25.89519071238434,16.5,19.0,0.0,10000.0,36494.80107671905,25000.0,0.0,27.194487787335206,17.0,20.0,0.0,121.0,10.010483995457797,9.0,11.0,1.0,14257.962664048267,10000.0,19000.0,1.0,16.5,17.38047911568257,19.0,1.0,20704.153259190487,10000.0,25000.0,1.0,18.670051573084926,17.0,20.0,1.0,0.0,211.0,1.0,3.0
11.0,21.0,11.0,21.0,-121.0,21.0,12.0,-111.0,10.212975434253687,9.0,11.0,30000.0,10000.0,19000.0,0.0,24.823032801203126,16.5,19.0,0.0,10000.0,37012.63197529984,25000.0,0.0,26.152303596299745,17.0,20.0,0.0,122.0,10.183802800306866,9.0,11.0,1.0,12935.906703107581,10000.0,19000.0,1.0,16.5,17.10218482534672,19.0,1.0,20019.191463498344,10000.0,25000.0,1.0,18.44484812188137,17.0,20.0,1.0,0.0,211.0,1.0,6.0
91.0,24.0,91.0,24.0,-721.0,911.0,12.0,-711.0,15.094897655044463,12.0,17.0,30000.0,18000.0,36000.0,1.0,24.2526137143187,20.0,25.0,1.0,18000.0,34022.45827565028,36000.0,1.0,24.743041821811335,20.0,26.0,1.0,722.0,14.897781265041264,12.0,17.0,1.0,27732.125455414058,18000.0,36000.0,1.0,20.0,23.18215921834056,25.0,1.0,31747.89390597826,18000.0,36000.0,1.0,23.67177168573662,20.0,26.0,1.0,1.0,91121.0,7.0,23.0
11.0,21.0,11.0,22.0,-121.0,11.0,11.0,-111.0,10.187484369625727,9.0,11.0,30000.0,10000.0,19000.0,0.0,25.676021877699412,16.5,19.0,0.0,10000.0,36965.351516505805,25000.0,0.0,26.993001027491296,17.0,20.0,0.0,122.0,10.190975632243108,9.0,11.0,1.0,18044.805322751705,10000.0,19000.0,1.0,16.5,18.12074606501645,19.0,1.0,25190.088249476572,10000.0,25000.0,0.0,19.47174588341201,17.0,20.0,1.0,0.0,111.0,1.0,29.0
11.0,21.0,11.0,22.0,-121.0,21.0,13.0,-111.0,10.010989326114146,9.0,11.0,30000.0,10000.0,19000.0,0.0,28.405089690629342,16.5,19.0,0.0,10000.0,36448.50865959384,25000.0,0.0,29.694698035833472,17.0,20.0,0.0,121.0,10.003940190501611,9.0,11.0,1.0,14523.201635808404,10000.0,19000.0,1.0,16.5,17.440621019688255,19.0,1.0,21060.468736943065,10000.0,25000.0,1.0,18.74797976780889,17.0,20.0,1.0,0.0,211.0,1.0,24.0
11.0,22.0,11.0,22.0,-121.0,21.0,13.0,-111.0,9.996262118590687,9.0,11.0,30000.0,10000.0,19000.0,0.0,26.042278048242757,16.5,19.0,0.0,10000.0,36475.33132520486,25000.0,0.0,27.334776776401586,17.0,20.0,0.0,121.0,10.006283871658567,9.0,11.0,1.0,13824.502997822447,10000.0,19000.0,1.0,16.5,17.25821846318287,19.0,1.0,20372.681885813392,10000.0,25000.0,1.0,18.56525781907514,17.0,20.0,1.0,0.0,211.0,1.0,8.0
91.0,24.0,91.0,24.0,-721.0,911.0,12.0,-711.0,15.3642546235567,12.0,17.0,30000.0,18000.0,36000.0,1.0,24.581430602627456,20.0,25.0,1.0,18000.0,34108.63088882332,36000.0,1.0,25.082156696952836,20.0,26.0,1.0,722.0,15.00427346247683,12.0,17.0,1.0,25917.09582271256,18000.0,36000.0,1.0,20.0,23.193645900394806,25.0,1.0,29913.626922910516,18000.0,36000.0,1.0,23.680710195728757,20.0,26.0,1.0,1.0,91121.0,7.0,13.0
11.0,22.0,11.0,21.0,-121.0,21.0,13.0,-111.0,10.016915667841822,9.0,11.0,30000.0,10000.0,19000.0,0.0,24.571327196064484,16.5,19.0,0.0,10000.0,36465.82456916317,25000.0,0.0,25.86567987940345,17.0,20.0,0.0,121.0,9.989434164717393,9.0,11.0,1.0,14287.797208269603,10000.0,19000.0,1.0,16.5,17.33491208092697,19.0,1.0,20778.649470953867,10000.0,25000.0,1.0,18.634274900547908,17.0,20.0,1.0,0.0,211.0,1.0,2.0
11.0,22.0,11.0,21.0,-121.0,21.0,13.0,-111.0,9.980076646663003,9.0,11.0,30000.0,10000.0,19000.0,0.0,25.435987071439236,16.5,19.0,0.0,10000.0,36450.78896591292,25000.0,0.0,26.725947971031765,17.0,20.0,0.0,121.0,10.002806404494546,9.0,11.0,1.0,14009.310835507727,10000.0,19000.0,1.0,16.5,17.266886939659187,19.0,1.0,20493.520254297186,10000.0,25000.0,1.0,18.563530909754444,17.0,20.0,1.0,0.0,211.0,1.0,58.0
11.0,21.0,11.0,21.0,-121.0,11.0,11.0,-111.0,10.182584319103137,9.0,11.0,30000.0,10000.0,19000.0,0.0,24.923502578981967,16.5,19.0,0.0,10000.0,37124.31262842484,25000.0,0.0,26.2642687322158,17.0,20.0,0.0,122.0,10.203335085487424,9.0,11.0,1.0,16815.11159252873,10000.0,19000.0,1.0,16.5,17.83532140558841,19.0,1.0,23930.72898775857,10000.0,25000.0,1.0,19.174451151919516,17.0,20.0,1.0,0.0,111.0,1.0,18.0
11.0,22.0,11.0,21.0,-121.0,11.0,11.0,-111.0,10.193440445459578,9.0,11.0,30000.0,10000.0,19000.0,0.0,24.435398734587153,16.5,19.0,0.0,10000.0,36822.363432332444,25000.0,0.0,25.718300823326782,17.0,20.0,0.0,122.0,10.208349841556227,9.0,11.0,1.0,13323.471752301,10000.0,19000.0,1.0,16.5,17.208918342506813,19.0,1.0,20331.572034782603,10000.0,25000.0,1.0,18.52674706559767,17.0,20.0,1.0,0.0,111.0,1.0,54.0
11.0,22.0,11.0,22.0,-121.0,21.0,13.0,-111.0,10.003519243840453,9.0,11.0,30000.0,10000.0,19000.0,0.0,26.286691288581324,16.5,19.0,0.0,10000.0,36412.75998182767,25000.0,0.0,27.571842306659846,17.0,20.0,0.0,121.0,10.011376532572298,9.0,11.0,1.0,13817.966039449473,10000.0,19000.0,1.0,16.5,17.31447948867784,19.0,1.0,20428.919286767527,10000.0,25000.0,1.0,18.63934948542437,17.0,20.0,1.0,0.0,211.0,1.0,31.0
91.0,24.0,91.0,24.0,-721.0,911.0,12.0,-711.0,15.31823887289612,12.0,17.0,30000.0,18000.0,36000.0,1.0,25.450903817570133,20.0,25.0,0.0,18000.0,33935.00772313646,36000.0,1.0,25.932394649728575,20.0,26.0,1.0,722.0,15.055367367496205,12.0,17.0,1.0,27121.61013911471,18000.0,36000.0,1.0,20.0,23.33805849177893,25.0,1.0,31087.667171444522,18000.0,36000.0,1.0,23.82334854334768,20.0,26.0,1.0,0.0,91121.0,7.0,24.0
11.0,22.0,11.0,22.0,-121.0,21.0,13.0,-111.0,9.99326940807091,9.0,11.0,30000.0,10000.0,19000.0,0.0,26.16569267985689,16.5,19.0,0.0,10000.0,36468.71633590513,25000.0,0.0,27.459615668063798,17.0,20.0,0.0,121.0,10.00403058877456,9.0,11.0,1.0,13582.722574242127,10000.0,19000.0,1.0,16.5,17.244579540023906,19.0,1.0,20050.511349160115,10000.0,25000.0,1.0,18.538316990262864,17.0,20.0,1.0,0.0,211.0,1.0,41.0
11.0,22.0,11.0,22.0,-121.0,11.0,11.0,-111.0,10.227246409454786,9.0,11.0,30000.0,10000.0,19000.0,0.0,24.66725393862891,16.5,19.0,0.0,10000.0,37012.248615383745,25000.0,0.0,25.98980374158435,17.0,20.0,0.0,122.0,10.220812653990906,9.0,11.0,1.0,17033.825398360375,10000.0,19000.0,1.0,16.5,17.981435919586858,19.0,1.0,24082.26745742847,10000.0,25000.0,1.0,19.31081201100389,17.0,20.0,1.0,0.0,111.0,1.0,55.0
11.0,21.0,11.0,21.0,-121.0,21.0,13.0,-111.0,10.206730720411745,9.0,11.0,30000.0,10000.0,19000.0,0.0,27.376286739489338,16.5,19.0,0.0,10000.0,36892.18221486655,25000.0,0.0,28.680035313524638,17.0,20.0,0.0,122.0,10.19999632617341,9.0,11.0,1.0,11408.3796408183,10000.0,19000.0,1.0,16.5,16.83518200303275,19.0,1.0,18334.433552196933,10000.0,25000.0,1.0,18.14533786211233,17.0,20.0,1.0,0.0,211.0,1.0,34.0
91.0,24.0,91.0,24.0,-721.0,911.0,12.0,-711.0,15.085419372004141,12.0,17.0,30000.0,18000.0,36000.0,1.0,24.640603823847485,20.0,25.0,1.0,18000.0,34015.177741939384,36000.0,1.0,25.13238929679484,20.0,26.0,1.0,722.0,15.144813250952396,12.0,17.0,1.0,24466.338730232594,18000.0,36000.0,1.0,20.0,23.192022669383874,25.0,1.0,28460.834338033383,18000.0,36000.0,1.0,23.681274961044465,20.0,26.0,1.0,1.0,91121.0,7.0,23.0
11.0,21.0,11.0,21.0,-121.0,21.0,12.0,-111.0,10.190692872803929,9.0,11.0,30000.0,10000.0,19000.0,0.0,25.04571925885874,16.5,19.0,0.0,10000.0,37047.119229791686,25000.0,0.0,26.37574236584036,17.0,20.0,0.0,122.0,10.2049455126183,9.0,11.0,1.0,16145.554351081417,10000.0,19000.0,1.0,16.5,17.72395772487919,19.0,1.0,23100.266832556543,10000.0,25000.0,1.0,19.036540640132184,17.0,20.0,1.0,0.0,211.0,1.0,6.0
11.0,22.0,11.0,21.0,-121.0,11.0,12.0,-111.0,10.025280784436488,9.0,11.0,30000.0,10000.0,19000.0,0.0,24.582233320157382,16.5,19.0,0.0,10000.0,36455.21801917581,25000.0,0.0,25.874525682882375,17.0,20.0,0.0,121.0,10.0061046801379,9.0,11.0,1.0,12785.975885791135,10000.0,19000.0,1.0,16.5,17.048505436290057,19.0,1.0,19291.88661371111,10000.0,25000.0,1.0,18.35094614724455,17.0,20.0,1.0,0.0,111.0,1.0,10.0
11.0,21.0,11.0,21.0,-121.0,21.0,13.0,-111.0,9.995390502009776,9.0,11.0,30000.0,10000.0,19000.0,0.0,27.577787854188305,16.5,19.0,0.0,10000.0,36454.31226554259,25000.0,0.0,28.86701864585826,17.0,20.0,0.0,121.0,9.99910658938516,9.0,11.0,1.0,13609.784127519672,10000.0,19000.0,1.0,16.5,17.189857100108952,19.0,1.0,20081.41208728271,10000.0,25000.0,1.0,18.48254665318519,17.0,20.0,1.0,0.0,211.0,1.0,34.0
11.0,22.0,11.0,21.0,-121.0,21.0,13.0,-111.0,10.193426522826522,9.0,11.0,30000.0,10000.0,19000.0,0.0,26.313543083186367,16.5,19.0,0.0,10000.0,37114.02014264929,25000.0,0.0,27.659717550297152,17.0,20.0,0.0,122.0,10.197178149474903,9.0,11.0,1.0,12715.92001914819,10000.0,19000.0,1.0,16.5,17.06219398983233,19.0,1.0,19741.7517920158,10000.0,25000.0,1.0,18.391680715087492,17.0,20.0,1.0,0.0,211.0,1.0,20.0
91.0,24.0,91.0,24.0,-721.0,911.0,12.0,-711.0,14.821010798446533,12.0,17.0,30000.0,18000.0,36000.0,1.0,24.16174614193193,20.0,25.0,1.0,18000.0,34497.46667710802,36000.0,1.0,24.720661505252572,20.0,26.0,1.0,721.0,15.670291825239238,12.0,17.0,1.0,27729.969854497136,18000.0,36000.0,1.0,20.0,24.208258910171395,25.0,1.0,32322.777405532022,18000.0,36000.0,1.0,24.779022605678993,20.0,26.0,1.0,1.0,91121.0,7.0,1.0
81.0,23.0,81.0,23.0,-721.0,912.0,12.0,-711.0,15.384475147930573,12.0,17.0,30000.0,12500.0,23000.0,0.0,26.868650030737918,20.0,24.0,0.0,12500.0,33954.09517302421,26000.0,0.0,27.350749144470047,20.0,25.0,0.0,722.0,15.203960148607182,12.0,17.0,1.0,18236.72027628267,12500.0,23000.0,1.0,20.0,21.96614398309982,24.0,1.0,22263.773080934207,12500.0,26000.0,1.0,22.457138383366143,20.0,25.0,1.0,0.0,912.0,7.0,10.0
11.0,22.0,11.0,22.0,-121.0,21.0,13.0,-111.0,10.199726903287935,9.0,11.0,30000.0,10000.0,19000.0,0.0,26.5681182189313,16.5,19.0,0.0,10000.0,36827.29790871854,25000.0,0.0,27.8539166167961,17.0,20.0,0.0,122.0,10.236670790653905,9.0,11.0,1.0,15135.239944112256,10000.0,19000.0,1.0,16.5,17.62536275088464,19.0,1.0,22108.12084179947,10000.0,25000.0,1.0,18.938579078430415,17.0,20.0,1.0,0.0,211.0,1.0,16.0
11.0,21.0,11.0,21.0,-121.0,21.0,13.0,-111.0,10.022848008180343,9.0,11.0,30000.0,10000.0,19000.0,0.0,25.993285774840697,16.5,19.0,0.0,10000.0,36458.740933395085,25000.0,0.0,27.278363671204644,17.0,20.0,0.0,121.0,10.008561125345194,9.0,11.0,1.0,13792.680416854308,10000.0,19000.0,1.0,16.5,17.255658707376043,19.0,1.0,20236.353478570476,10000.0,25000.0,1.0,18.537738590808445,17.0,20.0,1.0,0.0,211.0,1.0,34.0
11.0,22.0,11.0,22.0,-121.0,21.0,13.0,-111.0,10.004078075036476,9.0,11.0,30000.0,10000.0,19000.0,0.0,25.70316055837982,16.5,19.0,0.0,10000.0,36452.97388807117,25000.0,0.0,26.9935258924945,17.0,20.0,0.0,121.0,10.000737733264131,9.0,11.0,1.0,15174.834755772314,10000.0,19000.0,1.0,16.5,17.545479279545255,19.0,1.0,21727.03605186983,10000.0,25000.0,1.0,18.855686567111498,17.0,20.0,1.0,0.0,211.0,1.0,47.0
11.0,22.0,11.0,22.0,-121.0,21.0,13.0,-111.0,10.012862335604236,9.0,11.0,30000.0,10000.0,19000.0,0.0,26.404713754696843,16.5,19.0,0.0,10000.0,36476.76147146074,25000.0,0.0,27.696517984320465,17.0,20.0,0.0,121.0,9.985104378704818,9.0,11.0,1.0,13597.402025602527,10000.0,19000.0,1.0,16.5,17.21939988344197,19.0,1.0,20161.67110473996,10000.0,25000.0,1.0,18.528657696653486,17.0,20.0,1.0,0.0,211.0,1.0,16.0
91.0,24.0,91.0,21.0,-721.0,911.0,12.0,-711.0,15.40451848648532,12.0,17.0,30000.0,18000.0,36000.0,1.0,24.820287039991225,20.0,25.0,1.0,18000.0,34546.18156995238,36000.0,1.0,25.384589014603424,20.0,26.0,1.0,721.0,16.026795403468686,12.0,17.0,1.0,25842.859599339416,18000.0,36000.0,1.0,20.0,24.199101714253253,25.0,1.0,30375.402123505628,18000.0,36000.0,1.0,24.761710720744727,20.0,26.0,1.0,1.0,91121.0,7.0,14.0
91.0,24.0,91.0,24.0,-721.0,911.0,12.0,-711.0,15.133745645579404,12.0,17.0,30000.0,18000.0,36000.0,1.0,24.8849444550251,20.0,25.0,1.0,18000.0,34018.19108124568,36000.0,1.0,25.375327084910086,20.0,26.0,1.0,722.0,15.281042373715735,12.0,17.0,1.0,23017.211649781217,18000.0,36000.0,1.0,20.0,23.098582822266625,25.0,1.0,27077.96986566064,18000.0,36000.0,1.0,23.59416037270325,20.0,26.0,1.0,1.0,91121.0,7.0,24.0
11.0,22.0,11.0,22.0,-121.0,11.0,12.0,-111.0,10.219915699406778,9.0,11.0,30000.0,10000.0,19000.0,0.0,24.39410579201225,16.5,19.0,0.0,10000.0,37244.36320734655,25000.0,0.0,25.76556284532433,17.0,20.0,0.0,122.0,10.194354052430768,9.0,11.0,1.0,15580.200985864161,10000.0,19000.0,1.0,16.5,17.637830440179822,19.0,1.0,22597.887387791794,10000.0,25000.0,1.0,18.96637447343532,17.0,20.0,1.0,0.0,111.0,1.0,14.0
11.0,22.0,11.0,22.0,-121.0,21.0,13.0,-111.0,10.215286694377166,9.0,11.0,30000.0,10000.0,19000.0,0.0,25.31908936170403,16.5,19.0,0.0,10000.0,36968.98536332266,25000.0,0.0,26.63751929394969,17.0,20.0,0.0,122.0,10.17963272911264,9.0,11.0,1.0,14566.968948913962,10000.0,19000.0,1.0,16.5,17.481051883998138,19.0,1.0,21632.78645297764,10000.0,25000.0,1.0,18.817801038641406,17.0,20.0,1.0,0.0,211.0,1.0,19.0
11.0,22.0,11.0,21.0,-121.0,11.0,11.0,-111.0,10.199554822766881,9.0,11.0,30000.0,10000.0,19000.0,0.0,23.005518787325848,16.5,19.0,0.0,10000.0,37097.93325365536,25000.0,0.0,24.34032972704748,17.0,20.0,0.0,122.0,10.194341244162546,9.0,11.0,1.0,16505.478970477645,10000.0,19000.0,1.0,16.5,17.800563044316046,19.0,1.0,23465.80974237351,10000.0,25000.0,1.0,19.109496972882237,17.0,20.0,1.0,0.0,111.0,1.0,26.0
91.0,24.0,91.0,24.0,-721.0,911.0,12.0,-711.0,15.344691854415165,12.0,17.0,30000.0,18000.0,36000.0,1.0,24.328525684816427,20.0,25.0,1.0,18000.0,34505.31035454149,36000.0,1.0,24.891351036299127,20.0,26.0,1.0,721.0,15.108441553236826,12.0,17.0,1.0,27016.619282582753,18000.0,36000.0,1.0,20.0,23.48757569215414,25.0,1.0,31475.804314929905,18000.0,36000.0,1.0,24.044638843336894,20.0,26.0,1.0,1.0,91121.0,7.0,8.0
92.0,24.0,92.0,24.0,-721.0,921.0,13.0,-711.0,15.12745824428441,12.0,17.0,30000.0,15000.0,28000.0,0.0,24.0376095630968,19.5,25.0,1.0,15000.0,33984.657023692,28000.0,0.0,24.52383011605398,20.0,26.0,1.0,722.0,15.176279040473736,12.0,17.0,1.0,22805.09882810288,15000.0,28000.0,1.0,19.5,21.98287982156742,25.0,1.0,26774.003154561266,15000.0,28000.0,1.0,22.467178180189183,20.0,26.0,1.0,0.0,92122.0,7.0,20.0
81.0,23.0,81.0,21.0,-721.0,912.0,12.0,-711.0,14.9886382688814,12.0,17.0,30000.0,12500.0,23000.0,0.0,25.722937082648905,20.0,24.0,0.0,12500.0,33941.601916550455,26000.0,0.0,26.20417213528666,20.0,25.0,0.0,722.0,15.439411990916902,12.0,17.0,1.0,14659.921046753347,12500.0,23000.0,1.0,20.0,21.707036062131827,24.0,1.0,18784.25989618579,12500.0,26000.0,1.0,22.21058169289902,20.0,25.0,1.0,0.0,912.0,7.0,11.0
81.0,23.0,81.0,23.0,-721.0,912.0,12.0,-711.0,15.134803302238646,12.0,17.0,30000.0,12500.0,23000.0,0.0,26.810063318179225,20.0,24.0,0.0,12500.0,34496.60795316814,26000.0,0.0,27.3721103601469,20.0,25.0,0.0,721.0,14.914905577012906,12.0,17.0,1.0,18114.96627201076,12500.0,23000.0,1.0,20.0,21.805980206515486,24.0,1.0,22695.94927222419,12500.0,26000.0,1.0,22.37857358610067,20.0,25.0,1.0,0.0,912.0,7.0,31.0
11.0,21.0,11.0,22.0,-121.0,11.0,12.0,-111.0,10.001267775161148,9.0,11.0,30000.0,10000.0,19000.0,0.0,25.21855884723491,16.5,19.0,0.0,10000.0,36466.00978490987,25000.0,0.0,26.510944631961095,17.0,20.0,0.0,121.0,9.996827398751995,9.0,11.0,1.0,14455.430089923757,10000.0,19000.0,1.0,16.5,17.401192810817303,19.0,1.0,20969.65975180454,10000.0,25000.0,1.0,18.703216484382427,17.0,20.0,1.0,0.0,111.0,1.0,51.0
11.0,22.0,11.0,22.0,-121.0,21.0,13.0,-111.0,10.002112154649975,9.0,11.0,30000.0,10000.0,19000.0,0.0,25.65109298761555,16.5,19.0,0.0,10000.0,36454.46019021724,25000.0,0.0,26.942119453931127,17.0,20.0,0.0,121.0,10.002415632936442,9.0,11.0,1.0,14119.270013229436,10000.0,19000.0,1.0,16.5,17.37559792301865,19.0,1.0,20670.85363731418,10000.0,25000.0,1.0,18.68605109891599,17.0,20.0,1.0,0.0,211.0,1.0,5.0
11.0,22.0,11.0,21.0,-121.0,11.0,11.0,-111.0,10.22325156029948,9.0,11.0,30000.0,10000.0,19000.0,0.0,24.442041118627962,16.5,19.0,0.0,10000.0,36983.13303368453,25000.0,0.0,25.76489246413919,17.0,20.0,0.0,122.0,10.194040886246185,9.0,11.0,1.0,14036.45503598416,10000.0,19000.0,1.0,16.5,17.34603681802831,19.0,1.0,20970.34952980727,10000.0,25000.0,1.0,18.659560649887357,17.0,20.0,1.0,0.0,111.0,1.0,26.0
11.0,21.0,11.0,22.0,-121.0,21.0,13.0,-111.0,10.204837236875838,9.0,11.0,30000.0,10000.0,19000.0,0.0,26.799851350512434,16.5,19.0,0.0,10000.0,37028.10460997141,25000.0,0.0,28.130094124388773,17.0,20.0,0.0,122.0,10.198840372619793,9.0,11.0,1.0,18049.41720587862,10000.0,19000.0,1.0,16.5,18.143813056047424,19.0,1.0,25063.153037073156,10000.0,25000.0,0.0,19.471336182849893,17.0,20.0,1.0,0.0,211.0,1.0,24.0
91.0,24.0,91.0,21.0,-721.0,911.0,12.0,-711.0,15.369067101105967,12.0,17.0,30000.0,18000.0,36000.0,1.0,25.293475876813993,20.0,25.0,0.0,18000.0,34448.761157742614,36000.0,1.0,25.849402958657866,20.0,26.0,1.0,721.0,15.595214490438797,12.0,17.0,1.0,24675.26832270812,18000.0,36000.0,1.0,20.0,23.583175371337617,25.0,1.0,29152.431481437376,18000.0,36000.0,1.0,24.14265163034951,20.0,26.0,1.0,0.0,91121.0,7.0,29.0
91.0,24.0,91.0,24.0,-721.0,911.0,12.0,-711.0,14.509527658615927,12.0,17.0,30000.0,18000.0,36000.0,1.0,24.20612261099187,20.0,25.0,1.0,18000.0,34534.84756542311,36000.0,1.0,24.773451676246577,20.0,26.0,1.0,721.0,15.783811199707019,12.0,17.0,1.0,27817.722126124423,18000.0,36000.0,1.0,20.0,24.200511013222034,25.0,1.0,32391.514444353135,18000.0,36000.0,1.0,24.772712235674316,20.0,26.0,1.0,1.0,91121.0,7.0,8.0
11.0,22.0,11.0,22.0,-121.0,21.0,13.0,-111.0,9.999364674908866,9.0,11.0,30000.0,10000.0,19000.0,0.0,25.60276929519771,16.5,19.0,0.0,10000.0,36565.19589871696,25000.0,0.0,26.912666306641977,17.0,20.0,0.0,121.0,9.994540649012203,9.0,11.0,1.0,16159.470225454783,10000.0,19000.0,1.0,16.5,17.777351175018072,19.0,1.0,22649.06294645527,10000.0,25000.0,1.0,19.072163735354664,17.0,20.0,1.0,0.0,211.0,1.0,8.0
11.0,21.0,11.0,22.0,-121.0,21.0,13.0,-111.0,10.168747306690861,9.0,11.0,30000.0,10000.0,19000.0,0.0,26.375826387332303,16.5,19.0,0.0,10000.0,36995.71514651995,25000.0,0.0,27.69426129653596,17.0,20.0,0.0,122.0,10.187291208427386,9.0,11.0,1.0,14653.793890928238,10000.0,19000.0,1.0,16.5,17.491919132716003,19.0,1.0,21746.515387257583,10000.0,25000.0,1.0,18.828636169668492,17.0,20.0,1.0,0.0,211.0,1.0,52.0
92.0,24.0,92.0,24.0,-721.0,921.0,13.0,-711.0,15.306800647127233,12.0,17.0,30000.0,15000.0,28000.0,0.0,24.669426958472286,19.5,25.0,1.0,15000.0,34513.02131039082,28000.0,0.0,25.233134219734186,20.0,26.0,1.0,721.0,14.878238451945391,12.0,17.0,1.0,20607.028521718246,15000.0,28000.0,1.0,19.5,21.529639682631988,25.0,1.0,25112.780181751477,15000.0,28000.0,1.0,22.09243891479064,20.0,26.0,1.0,0.0,92122.0,7.0,25.0
91.0,24.0,91.0,24.0,-721.0,911.0,12.0,-711.0,14.81318413498927,12.0,17.0,30000.0,18000.0,36000.0,1.0,24.18282036254925,20.0,25.0,1.0,18000.0,34593.14767031262,36000.0,1.0,24.75430616658148,20.0,26.0,1.0,721.0,14.55922465815353,12.0,17.0,1.0,28958.625044945653,18000.0,36000.0,1.0,20.0,23.226195696405522,25.0,1.0,33440.22160416231,18000.0,36000.0,1.0,23.783802156469037,20.0,26.0,1.0,1.0,91121.0,7.0,24.0
11.0,21.0,11.0,22.0,-121.0,11.0,11.0,-111.0,10.209103537173608,9.0,11.0,30000.0,10000.0,19000.0,0.0,26.329126547365664,16.5,19.0,0.0,10000.0,37031.48283312394,25000.0,0.0,27.661230791603714,17.0,20.0,0.0,122.0,10.195638808464416,9.0,11.0,1.0,15988.596001876163,10000.0,19000.0,1.0,16.5,17.744932885324978,19.0,1.0,22980.328381997377,10000.0,25000.0,1.0,19.06950646378285,17.0,20.0,1.0,0.0,111.0,1.0,35.0
11.0,22.0,11.0,22.0,-121.0,21.0,13.0,-111.0,10.172041369706886,9.0,11.0,30000.0,10000.0,19000.0,0.0,25.915286947184633,16.5,19.0,0.0,10000.0,36969.57459089681,25000.0,0.0,27.22929307453729,17.0,20.0,0.0,122.0,10.201161131398345,9.0,11.0,1.0,13167.018083018214,10000.0,19000.0,1.0,16.5,17.208823743988816,19.0,1.0,20204.64077194552,10000.0,25000.0,1.0,18.535659293941173,17.0,20.0,1.0,0.0,211.0,1.0,28.0
11.0,22.0,11.0,21.0,-121.0,21.0,13.0,-111.0,9.98009471881518,9.0,11.0,30000.0,10000.0,19000.0,0.0,26.975812528785376,16.5,19.0,0.0,10000.0,36501.48662163415,25000.0,0.0,28.280158214076295,17.0,20.0,0.0,121.0,9.990890725467201,9.0,11.0,1.0,11884.9578990481,10000.0,19000.0,1.0,16.5,16.860331254153888,19.0,1.0,18344.205755736664,10000.0,25000.0,1.0,18.156202885122298,17.0,20.0,1.0,0.0,211.0,1.0,33.0
11.0,21.0,11.0,22.0,-121.0,11.0,11.0,-111.0,10.236899729040081,9.0,11.0,30000.0,10000.0,19000.0,0.0,26.734814462423323,16.5,19.0,0.0,10000.0,37076.15920512534,25000.0,0.0,28.067680091070606,17.0,20.0,0.0,122.0,10.187046000715707,9.0,11.0,1.0,16998.089567072017,10000.0,19000.0,1.0,16.5,17.867000886364913,19.0,1.0,24016.702849992278,10000.0,25000.0,1.0,19.189027162822324,17.0,20.0,1.0,0.0,111.0,1.0,29.0
11.0,22.0,11.0,22.0,-121.0,21.0,12.0,-111.0,9.988730938878367,9.0,11.0,30000.0,10000.0,19000.0,0.0,24.460000859606822,16.5,19.0,0.0,10000.0,36470.47295252164,25000.0,0.0,25.749339052120973,17.0,20.0,0.0,121.0,10.0148770755626,9.0,11.0,1.0,14479.847429575691,10000.0,19000.0,1.0,16.5,17.419953779144013,19.0,1.0,20944.90609353796,10000.0,25000.0,1.0,18.708213093950754,17.0,20.0,1.0,0.0,211.0,1.0,23.0
11.0,22.0,11.0,21.0,-121.0,21.0,13.0,-111.0,10.008769492632716,9.0,11.0,30000.0,10000.0,19000.0,0.0,26.06086553069018,16.5,19.0,0.0,10000.0,36484.77015123814,25000.0,0.0,27.35824494414416,17.0,20.0,0.0,121.0,9.999427543699552,9.0,11.0,1.0,13380.202235216131,10000.0,19000.0,1.0,16.5,17.122448648288483,19.0,1.0,19953.37726875717,10000.0,25000.0,1.0,18.43751483732181,17.0,20.0,1.0,0.0,211.0,1.0,58.0
91.0,24.0,91.0,24.0,-721.0,911.0,11.0,-711.0,15.108929357753427,12.0,17.0,30000.0,18000.0,36000.0,1.0,24.52241020570518,20.0,25.0,1.0,18000.0,34021.357851535024,36000.0,1.0,25.01264141546899,20.0,26.0,1.0,722.0,14.92111259827595,12.0,17.0,1.0,25000.800838605053,18000.0,36000.0,1.0,20.0,23.002676323076138,25.0,1.0,28984.151664198038,18000.0,36000.0,1.0,23.488274214693448,20.0,26.0,1.0,1.0,91121.0,7.0,16.0
11.0,22.0,11.0,21.0,-121.0,11.0,11.0,-111.0,10.204901021582737,9.0,11.0,30000.0,10000.0,19000.0,0.0,23.703483885136265,16.5,19.0,0.0,10000.0,37081.789411107646,25000.0,0.0,25.036631216850722,17.0,20.0,0.0,122.0,10.225887740530363,9.0,11.0,1.0,12097.546044820985,10000.0,19000.0,1.0,16.5,16.955770586888185,19.0,1.0,19081.935012429967,10000.0,25000.0,1.0,18.270582278580026,17.0,20.0,1.0,0.0,111.0,1.0,39.0
11.0,22.0,11.0,21.0,-121.0,21.0,13.0,-111.0,10.174579857461929,9.0,11.0,30000.0,10000.0,19000.0,0.0,25.54938240185587,16.5,19.0,0.0,10000.0,37127.9323796949,25000.0,0.0,26.89612936103297,17.0,20.0,0.0,122.0,10.23937393365521,9.0,11.0,1.0,12208.042742169948,10000.0,19000.0,1.0,16.5,17.00659110911799,19.0,1.0,19205.85609716043,10000.0,25000.0,1.0,18.328753463459197,17.0,20.0,1.0,0.0,211.0,1.0,58.0
91.0,24.0,91.0,24.0,-721.0,911.0,12.0,-711.0,14.934372659303136,12.0,17.0,30000.0,18000.0,36000.0,1.0,24.041945181437328,20.0,25.0,1.0,18000.0,34466.668831777715,36000.0,1.0,24.59796208494764,20.0,26.0,1.0,721.0,15.090566110827613,12.0,17.0,1.0,28092.901951617117,18000.0,36000.0,1.0,20.0,23.615324396660128,25.0,1.0,32588.876008217267,18000.0,36000.0,1.0,24.174989253707206,20.0,26.0,1.0,1.0,91121.0,7.0,1.0
11.0,22.0,11.0,22.0,-121.0,11.0,11.0,-111.0,10.013381169616009,9.0,11.0,30000.0,10000.0,19000.0,0.0,25.518644432539592,16.5,19.0,0.0,10000.0,36556.5889680842,25000.0,0.0,26.82580245589172,17.0,20.0,0.0,121.0,9.981591641174408,9.0,11.0,1.0,17811.999418434858,10000.0,19000.0,1.0,16.5,18.0472515568362,19.0,1.0,24387.570484928863,10000.0,25000.0,1.0,19.35819395684473,17.0,20.0,1.0,0.0,111.0,1.0,57.0
11.0,22.0,11.0,21.0,-121.0,21.0,13.0,-111.0,10.211393219400831,9.0,11.0,30000.0,10000.0,19000.0,0.0,25.25869035024251,16.5,19.0,0.0,10000.0,36916.826117145385,25000.0,0.0,26.56235563572844,17.0,20.0,0.0,122.0,10.208008936947538,9.0,11.0,1.0,11880.159830658762,10000.0,19000.0,1.0,16.5,16.92165744715006,19.0,1.0,18735.09708296057,10000.0,25000.0,1.0,18.213658081351102,17.0,20.0,1.0,0.0,211.0,1.0,33.0
11.0,22.0,11.0,22.0,-121.0,11.0,11.0,-111.0,10.17955974259163,9.0,11.0,30000.0,10000.0,19000.0,0.0,23.227543784757096,16.5,19.0,0.0,10000.0,37029.56957629216,25000.0,0.0,24.551510062726287,17.0,20.0,0.0,122.0,10.20687303710798,9.0,11.0,1.0,18719.66647764822,10000.0,19000.0,1.0,16.5,18.242233425831763,19.0,1.0,25743.291772439945,10000.0,25000.0,0.0,19.565080143326032,17.0,20.0,1.0,0.0,111.0,1.0,30.0
11.0,22.0,11.0,21.0,-121.0,11.0,11.0,-111.0,9.994769085077875,9.0,11.0,30000.0,10000.0,19000.0,0.0,23.640405692140995,16.5,19.0,0.0,10000.0,36432.86292669683,25000.0,0.0,24.93060405273091,17.0,20.0,0.0,121.0,9.996984427564925,9.0,11.0,1.0,16436.45098361332,10000.0,19000.0,1.0,16.5,17.787350024769328,19.0,1.0,22911.412420389675,10000.0,25000.0,1.0,19.08599181549398,17.0,20.0,1.0,0.0,111.0,1.0,12.0
91.0,21.0,91.0,24.0,-721.0,911.0,12.0,-711.0,14.42317607628829,12.0,17.0,30000.0,18000.0,36000.0,1.0,23.698579202499175,20.0,25.0,1.0,18000.0,34539.520529216825,36000.0,1.0,24.266460534698034,20.0,26.0,1.0,721.0,14.244013752925344,12.0,17.0,1.0,30078.92509704876,18000.0,36000.0,1.0,20.0,23.103291323772694,25.0,1.0,34641.81689111921,18000.0,36000.0,1.0,23.674096335892116,20.0,26.0,1.0,1.0,91121.0,7.0,26.0
91.0,24.0,91.0,24.0,-721.0,911.0,11.0,-711.0,15.571336515559109,12.0,17.0,30000.0,18000.0,36000.0,1.0,24.50609467313067,20.0,25.0,1.0,18000.0,34482.82856380979,36000.0,1.0,25.06414162741723,20.0,26.0,1.0,721.0,15.443034938939485,12.0,17.0,1.0,25355.713911422117,18000.0,36000.0,1.0,20.0,23.604523351012162,25.0,1.0,29818.98758755612,18000.0,36000.0,1.0,24.16013600620529,20.0,26.0,1.0,1.0,91121.0,7.0,0.0
81.0,21.0,81.0,23.0,-721.0,912.0,12.0,-711.0,15.275469541017626,12.0,17.0,30000.0,12500.0,23000.0,0.0,28.38796651188398,20.0,24.0,0.0,12500.0,33956.63837309253,26000.0,0.0,28.872137099567503,20.0,25.0,0.0,722.0,14.938525011387483,12.0,17.0,1.0,15041.454425974563,12500.0,23000.0,1.0,20.0,21.308360978433722,24.0,1.0,19002.508260134317,12500.0,26000.0,1.0,21.793071882461124,20.0,25.0,1.0,0.0,912.0,7.0,7.0
11.0,22.0,11.0,22.0,-121.0,21.0,13.0,-111.0,10.005809544655644,9.0,11.0,30000.0,10000.0,19000.0,0.0,26.4419108731717,16.5,19.0,0.0,10000.0,36545.615853688505,25000.0,0.0,27.75449121353786,17.0,20.0,0.0,121.0,10.00430991082852,9.0,11.0,1.0,14314.224711734509,10000.0,19000.0,1.0,16.5,17.41262427611074,19.0,1.0,20706.318062219492,10000.0,25000.0,1.0,18.694419030519363,17.0,20.0,1.0,0.0,211.0,1.0,36.0
11.0,22.0,11.0,22.0,-121.0,21.0,13.0,-111.0,10.206806124012028,9.0,11.0,30000.0,10000.0,19000.0,0.0,25.479007306421625,16.5,19.0,0.0,10000.0,36864.255951602456,25000.0,0.0,26.776235713412934,17.0,20.0,0.0,122.0,10.19911691135478,9.0,11.0,1.0,13833.903882925566,10000.0,19000.0,1.0,16.5,17.342289124621296,19.0,1.0,20734.611492022814,10000.0,25000.0,1.0,18.646406279048243,17.0,20.0,1.0,0.0,211.0,1.0,5.0
81.0,21.0,81.0,23.0,-721.0,912.0,12.0,-711.0,15.288590835699718,12.0,17.0,30000.0,12500.0,23000.0,0.0,28.429870262597795,20.0,24.0,0.0,12500.0,33932.54934999678,26000.0,0.0,28.908817665386078,20.0,25.0,0.0,722.0,15.466791711672013,12.0,17.0,1.0,16854.22152132402,12500.0,23000.0,1.0,20.0,22.15634984118264,24.0,1.0,20862.808889355278,12500.0,26000.0,1.0,22.644557957063007,20.0,25.0,1.0,0.0,912.0,7.0,7.0
11.0,22.0,11.0,22.0,-121.0,21.0,12.0,-111.0,10.000539602720474,9.0,11.0,30000.0,10000.0,19000.0,0.0,24.41024222380321,16.5,19.0,0.0,10000.0,36500.41831780875,25000.0,0.0,25.7139830747783,17.0,20.0,0.0,121.0,9.988865923445504,9.0,11.0,1.0,13631.163495152754,10000.0,19000.0,1.0,16.5,17.23644097263101,19.0,1.0,20145.881085991925,10000.0,25000.0,1.0,18.543049723097727,17.0,20.0,1.0,0.0,211.0,1.0,25.0
11.0,22.0,11.0,21.0,-121.0,11.0,11.0,-111.0,10.189728750579027,9.0,11.0,30000.0,10000.0,19000.0,0.0,23.234776741291533,16.5,19.0,0.0,10000.0,36949.32109424891,25000.0,0.0,24.548519563856473,17.0,20.0,0.0,122.0,10.20262464140842,9.0,11.0,1.0,12521.392452040991,10000.0,19000.0,1.0,16.5,17.05810339816677,19.0,1.0,19369.282318076657,10000.0,25000.0,1.0,18.352671031351072,17.0,20.0,1.0,0.0,111.0,1.0,12.0
11.0,22.0,11.0,22.0,-121.0,21.0,12.0,-111.0,9.988010931524226,9.0,11.0,30000.0,10000.0,19000.0,0.0,24.637997989807474,16.5,19.0,0.0,10000.0,36507.95423371708,25000.0,0.0,25.937138474186536,17.0,20.0,0.0,121.0,9.985338340238867,9.0,11.0,1.0,16025.437475887851,10000.0,19000.0,1.0,16.5,17.692817264294135,19.0,1.0,22443.905439580594,10000.0,25000.0,1.0,18.974094187865962,17.0,20.0,1.0,0.0,211.0,1.0,48.0
81.0,23.0,81.0,23.0,-721.0,912.0,12.0,-711.0,16.17066708256118,12.0,17.0,30000.0,12500.0,23000.0,0.0,27.578290911219057,20.0,24.0,0.0,12500.0,34437.81094197013,26000.0,0.0,28.1315588726602,20.0,25.0,0.0,721.0,15.182080158063435,12.0,17.0,1.0,17616.905944157446,12500.0,23000.0,1.0,20.0,21.914646887883507,24.0,1.0,22064.014789293014,12500.0,26000.0,1.0,22.469074031632612,20.0,25.0,1.0,0.0,912.0,7.0,31.0
11.0,21.0,11.0,22.0,-121.0,21.0,13.0,-111.0,9.998866699449362,9.0,11.0,30000.0,10000.0,19000.0,0.0,25.93139088348081,16.5,19.0,0.0,10000.0,36546.46263347248,25000.0,0.0,27.245669116509834,17.0,20.0,0.0,121.0,10.00286268862049,9.0,11.0,1.0,12084.139782554897,10000.0,19000.0,1.0,16.5,16.901250237493436,19.0,1.0,18503.42163921511,10000.0,25000.0,1.0,18.189995455826946,17.0,20.0,1.0,0.0,211.0,1.0,9.0
11.0,22.0,11.0,22.0,-121.0,21.0,12.0,-111.0,10.012731864040385,9.0,11.0,30000.0,10000.0,19000.0,0.0,23.979620371085595,16.5,19.0,0.0,10000.0,36543.585804347946,25000.0,0.0,25.283609000019823,17.0,20.0,0.0,121.0,9.991240267242114,9.0,11.0,1.0,15821.42841883827,10000.0,19000.0,1.0,16.5,17.66656785089186,19.0,1.0,22254.744037390417,10000.0,25000.0,1.0,18.948582126209047,17.0,20.0,1.0,0.0,211.0,1.0,48.0
91.0,24.0,91.0,24.0,-721.0,911.0,12.0,-711.0,14.482188156379303,12.0,17.0,30000.0,18000.0,36000.0,1.0,23.600423663253256,20.0,25.0,1.0,18000.0,34437.65749164692,36000.0,1.0,24.153193204157564,20.0,26.0,1.0,721.0,14.999334724184589,12.0,17.0,1.0,29331.48186866452,18000.0,36000.0,1.0,20.0,23.74987638461781,25.0,1.0,33854.94956379582,18000.0,36000.0,1.0,24.313334733045963,20.0,26.0,1.0,1.0,91121.0,7.0,24.0
11.0,22.0,11.0,22.0,-121.0,11.0,11.0,-111.0,10.025237921596457,9.0,11.0,30000.0,10000.0,19000.0,0.0,23.942659882328797,16.5,19.0,0.0,10000.0,36522.09828719349,25000.0,0.0,25.246545016641157,17.0,20.0,0.0,121.0,9.98162702713888,9.0,11.0,1.0,17574.307449255182,10000.0,19000.0,1.0,16.5,18.0220343108435,19.0,1.0,24120.542773818313,10000.0,25000.0,1.0,19.330744874462013,17.0,20.0,1.0,0.0,111.0,1.0,17.0
81.0,21.0,81.0,23.0,-721.0,912.0,12.0,-711.0,15.350745977041402,12.0,17.0,30000.0,12500.0,23000.0,0.0,26.67324025688262,20.0,24.0,0.0,12500.0,33997.86926179022,26000.0,0.0,27.15914785329985,20.0,25.0,0.0,722.0,15.400784749819032,12.0,17.0,1.0,17913.097749472545,12500.0,23000.0,1.0,20.0,22.137578596724758,24.0,1.0,21882.307155480175,12500.0,26000.0,1.0,22.620002827197514,20.0,25.0,1.0,0.0,912.0,7.0,7.0
11.0,22.0,11.0,21.0,-121.0,21.0,13.0,-111.0,10.17501788099436,9.0,11.0,30000.0,10000.0,19000.0,0.0,24.78478116992869,16.5,19.0,0.0,10000.0,37016.159123570746,25000.0,0.0,26.10970943745773,17.0,20.0,0.0,122.0,10.189160026215461,9.0,11.0,1.0,14169.41257986569,10000.0,19000.0,1.0,16.5,17.343005165983406,19.0,1.0,21127.532683985675,10000.0,25000.0,1.0,18.656973371727126,17.0,20.0,1.0,0.0,211.0,1.0,2.0
11.0,21.0,11.0,21.0,-121.0,11.0,11.0,-111.0,10.00572985396927,9.0,11.0,30000.0,10000.0,19000.0,0.0,25.270463608940716,16.5,19.0,0.0,10000.0,36477.08894156154,25000.0,0.0,26.567197246330913,17.0,20.0,0.0,121.0,10.0003876315725,9.0,11.0,1.0,14489.849691770163,10000.0,19000.0,1.0,16.5,17.37187143259553,19.0,1.0,20974.33914798721,10000.0,25000.0,1.0,18.670086676363898,17.0,20.0,1.0,0.0,111.0,1.0,18.0
81.0,23.0,81.0,21.0,-721.0,912.0,12.0,-711.0,14.335784450315135,12.0,17.0,30000.0,12500.0,23000.0,0.0,24.878394659092635,20.0,24.0,0.0,12500.0,34490.634956239686,26000.0,0.0,25.437317534607764,20.0,25.0,0.0,721.0,15.245489996308214,12.0,17.0,1.0,16235.053927489369,12500.0,23000.0,1.0,20.0,21.773148217040312,24.0,1.0,20733.143129497228,12500.0,26000.0,1.0,22.332998878608002,20.0,25.0,1.0,0.0,912.0,7.0,11.0
92.0,24.0,92.0,24.0,-721.0,921.0,13.0,-711.0,15.577972473487,12.0,17.0,30000.0,15000.0,28000.0,0.0,24.90312743680724,19.5,25.0,1.0,15000.0,33991.52505910701,28000.0,0.0,25.391570482358492,20.0,26.0,1.0,722.0,15.264549387343921,12.0,17.0,1.0,20303.9469007911,15000.0,28000.0,1.0,19.5,21.73066927256888,25.0,1.0,24340.16295935451,15000.0,28000.0,1.0,22.22458115711274,20.0,26.0,1.0,0.0,92122.0,7.0,25.0
11.0,22.0,11.0,22.0,-121.0,21.0,13.0,-111.0,10.1987303417197,9.0,11.0,30000.0,10000.0,19000.0,0.0,27.850630092150794,16.5,19.0,0.0,10000.0,36943.71440829319,25000.0,0.0,29.160199431263266,17.0,20.0,0.0,122.0,10.195668378651236,9.0,11.0,1.0,13851.887992473345,10000.0,19000.0,1.0,16.5,17.359335586977267,19.0,1.0,20790.00650308902,10000.0,25000.0,1.0,18.66784955203597,17.0,20.0,1.0,0.0,211.0,1.0,22.0
81.0,23.0,81.0,23.0,-721.0,912.0,12.0,-711.0,15.248352860098887,12.0,17.0,30000.0,12500.0,23000.0,0.0,27.42687429043677,20.0,24.0,0.0,12500.0,34027.128709948294,26000.0,0.0,27.91696530773062,20.0,25.0,0.0,722.0,15.394572182954008,12.0,17.0,1.0,18462.92171166797,12500.0,23000.0,1.0,20.0,22.231804630924554,24.0,1.0,22556.578726188116,12500.0,26000.0,1.0,22.729991968652836,20.0,25.0,1.0,0.0,912.0,7.0,10.0
11.0,22.0,11.0,21.0,-121.0,21.0,12.0,-111.0,10.197483202994281,9.0,11.0,30000.0,10000.0,19000.0,0.0,23.689331743851927,16.5,19.0,0.0,10000.0,36927.85733165796,25000.0,0.0,24.993367704857725,17.0,20.0,0.0,122.0,10.193855341556876,9.0,11.0,1.0,15303.52570941664,10000.0,19000.0,1.0,16.5,17.565508579472528,19.0,1.0,22311.8983181554,10000.0,25000.0,1.0,18.884699993556715,17.0,20.0,1.0,0.0,211.0,1.0,53.0
11.0,22.0,11.0,22.0,-121.0,11.0,11.0,-111.0,9.995878585137515,9.0,11.0,30000.0,10000.0,19000.0,0.0,25.008943978853036,16.5,19.0,0.0,10000.0,36473.23101503417,25000.0,0.0,26.305268496874962,17.0,20.0,0.0,121.0,9.993658187775482,9.0,11.0,1.0,12724.435236017676,10000.0,19000.0,1.0,16.5,17.04704457436121,19.0,1.0,19216.2278044428,10000.0,25000.0,1.0,18.34708621551645,17.0,20.0,1.0,0.0,111.0,1.0,11.0
11.0,22.0,11.0,21.0,-121.0,11.0,11.0,-111.0,9.999035446829847,9.0,11.0,30000.0,10000.0,19000.0,0.0,25.12296331459902,16.5,19.0,0.0,10000.0,36393.15221588816,25000.0,0.0,26.400990814089855,17.0,20.0,0.0,121.0,9.988384601229985,9.0,11.0,1.0,13346.573366599985,10000.0,19000.0,1.0,16.5,17.121978142284277,19.0,1.0,19849.668550994204,10000.0,25000.0,1.0,18.42198386666036,17.0,20.0,1.0,0.0,111.0,1.0,12.0
11.0,22.0,11.0,22.0,-121.0,21.0,12.0,-111.0,9.99905466415847,9.0,11.0,30000.0,10000.0,19000.0,0.0,24.159407595636473,16.5,19.0,0.0,10000.0,36503.279472019436,25000.0,0.0,25.465513721619104,17.0,20.0,0.0,121.0,10.006921646841883,9.0,11.0,1.0,13159.714444514413,10000.0,19000.0,1.0,16.5,17.18634145168533,19.0,1.0,19728.193657910808,10000.0,25000.0,1.0,18.505542168172845,17.0,20.0,1.0,0.0,211.0,1.0,23.0
11.0,22.0,11.0,22.0,-121.0,21.0,13.0,-111.0,9.99680003420931,9.0,11.0,30000.0,10000.0,19000.0,0.0,26.097287099570934,16.5,19.0,0.0,10000.0,36515.30049936124,25000.0,0.0,27.402105316852925,17.0,20.0,0.0,121.0,10.007831535607387,9.0,11.0,1.0,12480.98396609461,10000.0,19000.0,1.0,16.5,17.018794486874583,19.0,1.0,18932.584606370583,10000.0,25000.0,1.0,18.310855543288717,17.0,20.0,1.0,0.0,211.0,1.0,41.0
11.0,21.0,11.0,22.0,-121.0,11.0,12.0,-111.0,9.995001141649258,9.0,11.0,30000.0,10000.0,19000.0,0.0,24.390639935343877,16.5,19.0,0.0,10000.0,36500.86656104031,25000.0,0.0,25.686957223193275,17.0,20.0,0.0,121.0,9.989126296662826,9.0,11.0,1.0,16919.700952405023,10000.0,19000.0,1.0,16.5,17.93511448316545,19.0,1.0,23336.23620337733,10000.0,25000.0,1.0,19.214615530576488,17.0,20.0,1.0,0.0,111.0,1.0,7.0
91.0,24.0,91.0,24.0,-721.0,911.0,12.0,-711.0,15.06023272099344,12.0,17.0,30000.0,18000.0,36000.0,1.0,24.824186508170307,20.0,25.0,1.0,18000.0,33937.425523117505,36000.0,1.0,25.30452642981294,20.0,26.0,1.0,722.0,15.234237472483233,12.0,17.0,1.0,25503.489363083696,18000.0,36000.0,1.0,20.0,23.326901809949973,25.0,1.0,29544.05536383976,18000.0,36000.0,1.0,23.819824189001952,20.0,26.0,1.0,1.0,91121.0,7.0,23.0
11.0,21.0,11.0,22.0,-121.0,11.0,12.0,-111.0,10.005685965247379,9.0,11.0,30000.0,10000.0,19000.0,0.0,25.031766413013138,16.5,19.0,0.0,10000.0,36500.28734501211,25000.0,0.0,26.3287643887589,17.0,20.0,0.0,121.0,10.020512594741762,9.0,11.0,1.0,15075.069527450627,10000.0,19000.0,1.0,16.5,17.57684180457732,19.0,1.0,21527.93363341219,10000.0,25000.0,1.0,18.86437745323087,17.0,20.0,1.0,0.0,111.0,1.0,51.0
11.0,21.0,11.0,22.0,-121.0,11.0,11.0,-111.0,10.203495748015829,9.0,11.0,30000.0,10000.0,19000.0,0.0,25.329205369367283,16.5,19.0,0.0,10000.0,36860.02645987907,25000.0,0.0,26.626229187690722,17.0,20.0,0.0,122.0,10.20253888721961,9.0,11.0,1.0,16484.0143726807,10000.0,19000.0,1.0,16.5,17.813591753727138,19.0,1.0,23531.91656941041,10000.0,25000.0,1.0,19.14613719970107,17.0,20.0,1.0,0.0,111.0,1.0,29.0
11.0,22.0,11.0,22.0,-121.0,21.0,13.0,-111.0,10.006953344974498,9.0,11.0,30000.0,10000.0,19000.0,0.0,24.602398856199738,16.5,19.0,0.0,10000.0,36549.07006977462,25000.0,0.0,25.912898460622902,17.0,20.0,0.0,121.0,10.006034826454766,9.0,11.0,1.0,14441.097607162827,10000.0,19000.0,1.0,16.5,17.45229700605479,19.0,1.0,21006.259627991385,10000.0,25000.0,1.0,18.76601668527726,17.0,20.0,1.0,0.0,211.0,1.0,5.0
11.0,22.0,11.0,21.0,-121.0,11.0,12.0,-111.0,10.00289202333383,9.0,11.0,30000.0,10000.0,19000.0,0.0,24.216104753849358,16.5,19.0,0.0,10000.0,36591.94632839916,25000.0,0.0,25.537229648308948,17.0,20.0,0.0,121.0,10.006477693418661,9.0,11.0,1.0,11928.253776376509,10000.0,19000.0,1.0,16.5,16.88796691290849,19.0,1.0,18445.30762744681,10000.0,25000.0,1.0,18.19408223185308,17.0,20.0,1.0,0.0,111.0,1.0,10.0
91.0,24.0,91.0,21.0,-721.0,911.0,12.0,-711.0,15.30755504660986,12.0,17.0,30000.0,18000.0,36000.0,1.0,24.08417378090834,20.0,25.0,1.0,18000.0,34026.05816098242,36000.0,1.0,24.572143120177255,20.0,26.0,1.0,722.0,15.335608004647067,12.0,17.0,1.0,24681.47544912003,18000.0,36000.0,1.0,20.0,23.257238329050296,25.0,1.0,28714.44139513852,18000.0,36000.0,1.0,23.74604491089373,20.0,26.0,1.0,1.0,91121.0,7.0,14.0
92.0,24.0,92.0,24.0,-721.0,921.0,13.0,-711.0,14.767972650270051,12.0,17.0,30000.0,15000.0,28000.0,0.0,24.073562176653837,19.5,25.0,1.0,15000.0,34523.06174649619,28000.0,0.0,24.638370322412932,20.0,26.0,1.0,721.0,15.085707298712805,12.0,17.0,1.0,20193.23377775804,15000.0,28000.0,1.0,19.5,21.576309125712037,25.0,1.0,24715.78417419211,15000.0,28000.0,1.0,22.14105341767107,20.0,26.0,1.0,0.0,92122.0,7.0,20.0
11.0,21.0,11.0,22.0,-121.0,11.0,11.0,-111.0,10.000875245196793,9.0,11.0,30000.0,10000.0,19000.0,0.0,25.74663055012941,16.5,19.0,0.0,10000.0,36454.03275526286,25000.0,0.0,27.034404757460862,17.0,20.0,0.0,121.0,10.002652002979806,9.0,11.0,1.0,16943.385717268433,10000.0,19000.0,1.0,16.5,17.9387686923879,19.0,1.0,23434.984624317483,10000.0,25000.0,1.0,19.234038480106594,17.0,20.0,1.0,0.0,111.0,1.0,29.0
11.0,22.0,11.0,22.0,-121.0,11.0,11.0,-111.0,9.981750315204192,9.0,11.0,30000.0,10000.0,19000.0,0.0,23.436941383401987,16.5,19.0,0.0,10000.0,36519.939656417504,25000.0,0.0,24.7394512821147,17.0,20.0,0.0,121.0,9.983971589210077,9.0,11.0,1.0,13493.109439245212,10000.0,19000.0,1.0,16.5,17.178546861767487,19.0,1.0,20080.45970807238,10000.0,25000.0,1.0,18.494523601366595,17.0,20.0,1.0,0.0,111.0,1.0,17.0
11.0,21.0,11.0,22.0,-121.0,11.0,11.0,-111.0,10.188555320881196,9.0,11.0,30000.0,10000.0,19000.0,0.0,23.860133471044165,16.5,19.0,0.0,10000.0,37008.4708910246,25000.0,0.0,25.179169903749962,17.0,20.0,0.0,122.0,10.188816322184934,9.0,11.0,1.0,14857.60660415753,10000.0,19000.0,1.0,16.5,17.53022268312377,19.0,1.0,21735.615414527434,10000.0,25000.0,1.0,18.824705366495955,17.0,20.0,1.0,0.0,111.0,1.0,29.0
11.0,22.0,11.0,22.0,-121.0,21.0,13.0,-111.0,9.983735482402691,9.0,11.0,30000.0,10000.0,19000.0,0.0,25.285725778512607,16.5,19.0,0.0,10000.0,36499.809427625456,25000.0,0.0,26.58843354636213,17.0,20.0,0.0,121.0,9.975948397400401,9.0,11.0,1.0,15880.447300041293,10000.0,19000.0,1.0,16.5,17.7180993237257,19.0,1.0,22371.399710582908,10000.0,25000.0,1.0,19.019031946460036,17.0,20.0,1.0,0.0,211.0,1.0,13.0
11.0,21.0,11.0,22.0,-121.0,11.0,11.0,-111.0,10.01583901635026,9.0,11.0,30000.0,10000.0,19000.0,0.0,26.7834932410414,16.5,19.0,0.0,10000.0,36500.83060407374,25000.0,0.0,28.087625646041893,17.0,20.0,0.0,121.0,9.992367395042676,9.0,11.0,1.0,16349.869046810602,10000.0,19000.0,1.0,16.5,17.811217842160147,19.0,1.0,22886.365096647125,10000.0,25000.0,1.0,19.1225050965008,17.0,20.0,1.0,0.0,111.0,1.0,35.0
91.0,24.0,91.0,21.0,-721.0,911.0,12.0,-711.0,15.00853932156561,12.0,17.0,30000.0,18000.0,36000.0,1.0,24.15947966028791,20.0,25.0,1.0,18000.0,34048.617057618714,36000.0,1.0,24.65365439754156,20.0,26.0,1.0,722.0,15.209792504664007,12.0,17.0,1.0,30043.94687651405,18000.0,36000.0,1.0,20.0,23.80947695775611,25.0,1.0,34039.914849195135,18000.0,36000.0,1.0,24.29722534069039,20.0,26.0,1.0,1.0,91121.0,7.0,29.0
11.0,22.0,11.0,22.0,-121.0,21.0,13.0,-111.0,9.99309775059473,9.0,11.0,30000.0,10000.0,19000.0,0.0,26.317636058971978,16.5,19.0,0.0,10000.0,36427.42653706782,25000.0,0.0,27.60246066574987,17.0,20.0,0.0,121.0,10.015480414224236,9.0,11.0,1.0,14265.274572266586,10000.0,19000.0,1.0,16.5,17.398178540784407,19.0,1.0,20800.405770880563,10000.0,25000.0,1.0,18.704533008482706,17.0,20.0,1.0,0.0,211.0,1.0,22.0
91.0,21.0,91.0,24.0,-721.0,911.0,11.0,-711.0,15.08902431528939,12.0,17.0,30000.0,18000.0,36000.0,1.0,24.353053845148096,20.0,25.0,1.0,18000.0,33997.97954132697,36000.0,1.0,24.84042426790436,20.0,26.0,1.0,722.0,15.184752146977027,12.0,17.0,1.0,23237.46143572224,18000.0,36000.0,1.0,20.0,23.006098486940747,25.0,1.0,27292.711100256223,18000.0,36000.0,1.0,23.500450377178318,20.0,26.0,1.0,1.0,91121.0,7.0,18.0
91.0,24.0,91.0,24.0,-721.0,911.0,11.0,-711.0,15.147700968356013,12.0,17.0,30000.0,18000.0,36000.0,1.0,24.21497123557461,20.0,25.0,1.0,18000.0,33949.604133648085,36000.0,1.0,24.69228179732577,20.0,26.0,1.0,722.0,15.321459870840515,12.0,17.0,1.0,29161.797485297786,18000.0,36000.0,1.0,20.0,23.85918669429644,25.0,1.0,33197.199489341234,18000.0,36000.0,1.0,24.346865948283508,20.0,26.0,1.0,1.0,91121.0,7.0,9.0
81.0,23.0,81.0,23.0,-721.0,912.0,12.0,-711.0,15.151576075919726,12.0,17.0,30000.0,12500.0,23000.0,0.0,27.014815398425114,20.0,24.0,0.0,12500.0,34495.62856730885,26000.0,0.0,27.572415592054206,20.0,25.0,0.0,721.0,15.064881761371778,12.0,17.0,1.0,18802.824181704436,12500.0,23000.0,1.0,20.0,21.957418663293847,24.0,1.0,23335.052571084445,12500.0,26000.0,1.0,22.519558392956245,20.0,25.0,1.0,0.0,912.0,7.0,31.0
11.0,22.0,11.0,22.0,-121.0,21.0,13.0,-111.0,10.009359415437173,9.0,11.0,30000.0,10000.0,19000.0,0.0,26.441929285243823,16.5,19.0,0.0,10000.0,36448.64541386389,25000.0,0.0,27.728144726353392,17.0,20.0,0.0,121.0,9.989167343855588,9.0,11.0,1.0,14080.126459989924,10000.0,19000.0,1.0,16.5,17.358526699482645,19.0,1.0,20655.04666798704,10000.0,25000.0,1.0,18.66992829669376,17.0,20.0,1.0,0.0,211.0,1.0,16.0
11.0,22.0,11.0,22.0,-121.0,21.0,13.0,-111.0,10.034473065176213,9.0,11.0,30000.0,10000.0,19000.0,0.0,24.636292325849755,16.5,19.0,0.0,10000.0,36505.87164511212,25000.0,0.0,25.93559823248911,17.0,20.0,0.0,121.0,10.00933791170864,9.0,11.0,1.0,11920.474654282227,10000.0,19000.0,1.0,16.5,16.883123554898113,19.0,1.0,18402.1828004337,10000.0,25000.0,1.0,18.177603701264708,17.0,20.0,1.0,0.0,211.0,1.0,19.0
91.0,24.0,91.0,24.0,-721.0,911.0,12.0,-711.0,14.962615432086716,12.0,17.0,30000.0,18000.0,36000.0,1.0,24.204518052789794,20.0,25.0,1.0,18000.0,34055.05287487976,36000.0,1.0,24.69965261547548,20.0,26.0,1.0,722.0,15.346362405187215,12.0,17.0,1.0,25833.595087142825,18000.0,36000.0,1.0,20.0,23.523136776619886,25.0,1.0,29869.55409286036,18000.0,36000.0,1.0,24.01593991852036,20.0,26.0,1.0,1.0,91121.0,7.0,27.0
11.0,22.0,11.0,22.0,-121.0,21.0,13.0,-111.0,10.193171396187793,9.0,11.0,30000.0,10000.0,19000.0,0.0,26.689948462166612,16.5,19.0,0.0,10000.0,36976.23511398354,25000.0,0.0,28.00572427927819,17.0,20.0,0.0,122.0,10.184313464668511,9.0,11.0,1.0,14448.082246600288,10000.0,19000.0,1.0,16.5,17.431634376112356,19.0,1.0,21346.654121467047,10000.0,25000.0,1.0,18.732762262034864,17.0,20.0,1.0,0.0,211.0,1.0,36.0
11.0,22.0,11.0,21.0,-121.0,21.0,13.0,-111.0,10.005424426500385,9.0,11.0,30000.0,10000.0,19000.0,0.0,27.045590312074623,16.5,19.0,0.0,10000.0,36551.564421852185,25000.0,0.0,28.355099558424186,17.0,20.0,0.0,121.0,9.999596365769783,9.0,11.0,1.0,13917.161767326386,10000.0,19000.0,1.0,16.5,17.292894233905223,19.0,1.0,20512.296918697746,10000.0,25000.0,1.0,18.61111228161912,17.0,20.0,1.0,0.0,211.0,1.0,20.0
92.0,24.0,92.0,24.0,-721.0,921.0,13.0,-711.0,14.721078624948136,12.0,17.0,30000.0,15000.0,28000.0,0.0,23.400991189491492,19.5,25.0,1.0,15000.0,34480.13478764754,28000.0,0.0,23.961601526146634,20.0,26.0,1.0,721.0,14.9855994118984,12.0,17.0,1.0,20395.120034871772,15000.0,28000.0,1.0,19.5,21.57078324005078,25.0,1.0,24957.61084115266,15000.0,28000.0,1.0,22.141698988824082,20.0,26.0,1.0,0.0,92122.0,7.0,25.0
11.0,22.0,11.0,22.0,-121.0,11.0,11.0,-111.0,10.184116216554381,9.0,11.0,30000.0,10000.0,19000.0,0.0,24.52741060526251,16.5,19.0,0.0,10000.0,37030.66077859308,25000.0,0.0,25.85710124918832,17.0,20.0,0.0,122.0,10.170905997921686,9.0,11.0,1.0,14601.734976754033,10000.0,19000.0,1.0,16.5,17.479892580728706,19.0,1.0,21662.29248021877,10000.0,25000.0,1.0,18.81523751471313,17.0,20.0,1.0,0.0,111.0,1.0,57.0
11.0,22.0,11.0,22.0,-121.0,21.0,13.0,-111.0,10.00857053641257,9.0,11.0,30000.0,10000.0,19000.0,0.0,25.797615501585497,16.5,19.0,0.0,10000.0,36493.23144735076,25000.0,0.0,27.09548307883829,17.0,20.0,0.0,121.0,10.007959579907741,9.0,11.0,1.0,15109.628532389479,10000.0,19000.0,1.0,16.5,17.55537755419602,19.0,1.0,21630.97826682317,10000.0,25000.0,1.0,18.8588654167303,17.0,20.0,1.0,0.0,211.0,1.0,47.0
81.0,23.0,81.0,23.0,-721.0,912.0,12.0,-711.0,15.092765214889276,12.0,17.0,30000.0,12500.0,23000.0,0.0,26.22444039232872,20.0,24.0,0.0,12500.0,34039.89692344342,26000.0,0.0,26.71800784162181,20.0,25.0,0.0,722.0,15.107346944005247,12.0,17.0,1.0,16138.488236355073,12500.0,23000.0,1.0,20.0,21.676526668340887,24.0,1.0,20201.782935849904,12500.0,26000.0,1.0,22.17295270062846,20.0,25.0,1.0,0.0,912.0,7.0,31.0
11.0,22.0,11.0,21.0,-121.0,21.0,13.0,-111.0,10.193568919063862,9.0,11.0,30000.0,10000.0,19000.0,0.0,25.88818563004873,16.5,19.0,0.0,10000.0,37006.00710346977,25000.0,0.0,27.209463797456138,17.0,20.0,0.0,122.0,10.205831850608446,9.0,11.0,1.0,13591.43598520624,10000.0,19000.0,1.0,16.5,17.25328480302245,19.0,1.0,20514.186362085205,10000.0,25000.0,1.0,18.558861402688116,17.0,20.0,1.0,0.0,211.0,1.0,2.0
11.0,22.0,11.0,22.0,-121.0,21.0,13.0,-111.0,10.23151118858389,9.0,11.0,30000.0,10000.0,19000.0,0.0,25.536105421113184,16.5,19.0,0.0,10000.0,37098.58145446333,25000.0,0.0,26.871052020190923,17.0,20.0,0.0,122.0,10.20782757347407,9.0,11.0,1.0,13385.910798070447,10000.0,19000.0,1.0,16.5,17.22274761034756,19.0,1.0,20473.81172902311,10000.0,25000.0,1.0,18.555685649175846,17.0,20.0,1.0,0.0,211.0,1.0,36.0
91.0,21.0,91.0,24.0,-721.0,911.0,12.0,-711.0,15.936062669075877,12.0,17.0,30000.0,18000.0,36000.0,1.0,25.426008955029904,20.0,25.0,0.0,18000.0,34543.0628522777,36000.0,1.0,25.991884745992312,20.0,26.0,1.0,721.0,14.72153205866769,12.0,17.0,1.0,29268.608588198993,18000.0,36000.0,1.0,20.0,23.44514524806808,25.0,1.0,33721.48253160138,18000.0,36000.0,1.0,23.99978726969792,20.0,26.0,1.0,0.0,91121.0,7.0,19.0
11.0,22.0,11.0,22.0,-121.0,21.0,13.0,-111.0,10.188930003732844,9.0,11.0,30000.0,10000.0,19000.0,0.0,24.66859028308667,16.5,19.0,0.0,10000.0,37009.219955482855,25000.0,0.0,25.993249568374715,17.0,20.0,0.0,122.0,10.208432355219486,9.0,11.0,1.0,13898.407737475518,10000.0,19000.0,1.0,16.5,17.35886659477437,19.0,1.0,20945.357582863297,10000.0,25000.0,1.0,18.690656380933106,17.0,20.0,1.0,0.0,211.0,1.0,5.0
11.0,22.0,11.0,21.0,-121.0,21.0,13.0,-111.0,10.203392633677849,9.0,11.0,30000.0,10000.0,19000.0,0.0,27.007569572893168,16.5,19.0,0.0,10000.0,37017.34830894702,25000.0,0.0,28.325445538998274,17.0,20.0,0.0,122.0,10.223031358496026,9.0,11.0,1.0,10383.474863416757,10000.0,19000.0,1.0,16.5,16.662600485475732,19.0,1.0,17416.068539601765,10000.0,25000.0,1.0,17.983339570552968,17.0,20.0,1.0,0.0,211.0,1.0,2.0
92.0,24.0,92.0,24.0,-721.0,921.0,13.0,-711.0,15.612651359748874,12.0,17.0,30000.0,15000.0,28000.0,0.0,24.91747855129014,19.5,25.0,1.0,15000.0,34458.94995114539,28000.0,0.0,25.47482351505042,20.0,26.0,1.0,721.0,15.414449546208735,12.0,17.0,1.0,19868.280505048668,15000.0,28000.0,1.0,19.5,21.983102398565517,25.0,1.0,24442.773838938367,15000.0,28000.0,1.0,22.55488966896165,20.0,26.0,1.0,0.0,92122.0,7.0,20.0
11.0,22.0,11.0,22.0,-121.0,21.0,13.0,-111.0,10.008556987665994,9.0,11.0,30000.0,10000.0,19000.0,0.0,25.380831794165452,16.5,19.0,0.0,10000.0,36517.14655785656,25000.0,0.0,26.687018866481633,17.0,20.0,0.0,121.0,9.997912693163697,9.0,11.0,1.0,15756.952085149383,10000.0,19000.0,1.0,16.5,17.67385594504729,19.0,1.0,22287.948040018535,10000.0,25000.0,1.0,18.982818757202466,17.0,20.0,1.0,0.0,211.0,1.0,19.0
11.0,22.0,11.0,22.0,-121.0,21.0,13.0,-111.0,10.00672295701097,9.0,11.0,30000.0,10000.0,19000.0,0.0,26.86031666696214,16.5,19.0,0.0,10000.0,36498.514231255176,25000.0,0.0,28.160994909260246,17.0,20.0,0.0,121.0,10.010590082911763,9.0,11.0,1.0,14375.83098244359,10000.0,19000.0,1.0,16.5,17.40843837910603,19.0,1.0,20815.726652263686,10000.0,25000.0,1.0,18.69738411075013,17.0,20.0,1.0,0.0,211.0,1.0,19.0
91.0,24.0,91.0,24.0,-721.0,911.0,12.0,-711.0,14.42734559289688,12.0,17.0,30000.0,18000.0,36000.0,1.0,23.680898823466848,20.0,25.0,1.0,18000.0,34363.59681991187,36000.0,1.0,24.22763050559133,20.0,26.0,1.0,721.0,15.287864615859487,12.0,17.0,1.0,27746.677486713554,18000.0,36000.0,1.0,20.0,23.76743947673807,25.0,1.0,32161.958778578068,18000.0,36000.0,1.0,24.32064690340463,20.0,26.0,1.0,1.0,91121.0,7.0,32.0
91.0,24.0,91.0,24.0,-721.0,911.0,12.0,-711.0,14.357461083027442,12.0,17.0,30000.0,18000.0,36000.0,1.0,23.3252235974969,20.0,25.0,1.0,18000.0,34558.27845264917,36000.0,1.0,23.892836536288844,20.0,26.0,1.0,721.0,15.354282768855471,12.0,17.0,1.0,25525.236605158396,18000.0,36000.0,1.0,20.0,23.473733528840953,25.0,1.0,30041.865156075382,18000.0,36000.0,1.0,24.036160074706665,20.0,26.0,1.0,1.0,91121.0,7.0,27.0
11.0,22.0,11.0,21.0,-121.0,11.0,12.0,-111.0,9.98510953044516,9.0,11.0,30000.0,10000.0,19000.0,0.0,24.1186602703603,16.5,19.0,0.0,10000.0,36484.66576943443,25000.0,0.0,25.417789846853935,17.0,20.0,0.0,121.0,10.005120357803552,9.0,11.0,1.0,13878.228645258478,10000.0,19000.0,1.0,16.5,17.250714304665614,19.0,1.0,20445.099629794386,10000.0,25000.0,1.0,18.566312767926508,17.0,20.0,1.0,0.0,111.0,1.0,10.0
91.0,21.0,91.0,24.0,-721.0,911.0,12.0,-711.0,15.032715033250255,12.0,17.0,30000.0,18000.0,36000.0,1.0,24.90544917488146,20.0,25.0,1.0,18000.0,34521.764383162765,36000.0,1.0,25.468447351879174,20.0,26.0,1.0,721.0,14.865928323035781,12.0,17.0,1.0,28178.468576881824,18000.0,36000.0,1.0,20.0,23.396263737730674,25.0,1.0,32687.00825575058,18000.0,36000.0,1.0,23.957615326410654,20.0,26.0,1.0,1.0,91121.0,7.0,26.0
11.0,22.0,11.0,22.0,-121.0,21.0,13.0,-111.0,10.213971913733575,9.0,11.0,30000.0,10000.0,19000.0,0.0,25.835571921260005,16.5,19.0,0.0,10000.0,36987.45820377174,25000.0,0.0,27.15278370548468,17.0,20.0,0.0,122.0,10.192802083977174,9.0,11.0,1.0,12385.074769729796,10000.0,19000.0,1.0,16.5,17.063647922460635,19.0,1.0,19291.494023381696,10000.0,25000.0,1.0,18.36558298416818,17.0,20.0,1.0,0.0,211.0,1.0,5.0
91.0,21.0,91.0,24.0,-721.0,911.0,12.0,-711.0,15.275527045263727,12.0,17.0,30000.0,18000.0,36000.0,1.0,25.79614331996994,20.0,25.0,0.0,18000.0,34028.83910051814,36000.0,1.0,26.28474841250162,20.0,26.0,0.0,722.0,14.774798475699537,12.0,17.0,1.0,26913.119361610024,18000.0,36000.0,1.0,20.0,23.088427952788592,25.0,1.0,30912.73805376092,18000.0,36000.0,1.0,23.573489284952117,20.0,26.0,1.0,0.0,91121.0,7.0,26.0
91.0,24.0,91.0,21.0,-721.0,911.0,12.0,-711.0,15.347666108188445,12.0,17.0,30000.0,18000.0,36000.0,1.0,24.602619902554654,20.0,25.0,1.0,18000.0,34066.051163118595,36000.0,1.0,25.099166485143062,20.0,26.0,1.0,722.0,15.412443666453129,12.0,17.0,1.0,23447.908112948655,18000.0,36000.0,1.0,20.0,23.225442960919516,25.0,1.0,27475.202302121637,18000.0,36000.0,1.0,23.717256537898272,20.0,26.0,1.0,1.0,91121.0,7.0,29.0
11.0,22.0,11.0,22.0,-121.0,11.0,11.0,-111.0,9.98849989304739,9.0,11.0,30000.0,10000.0,19000.0,0.0,23.783301761307282,16.5,19.0,0.0,10000.0,36459.99371995355,25000.0,0.0,25.074122985537983,17.0,20.0,0.0,121.0,9.99220250162316,9.0,11.0,1.0,18181.465348692513,10000.0,19000.0,1.0,16.5,18.14392748256651,19.0,1.0,24673.67070334725,10000.0,25000.0,1.0,19.441185162240043,17.0,20.0,1.0,0.0,111.0,1.0,50.0
91.0,24.0,91.0,24.0,-721.0,911.0,12.0,-711.0,15.505584495417812,12.0,17.0,30000.0,18000.0,36000.0,1.0,25.178382998509903,20.0,25.0,0.0,18000.0,34503.15370075357,36000.0,1.0,25.743264547984776,20.0,26.0,1.0,721.0,14.868623120178752,12.0,17.0,1.0,25587.544139447193,18000.0,36000.0,1.0,20.0,23.07312874381839,25.0,1.0,30077.098223256402,18000.0,36000.0,1.0,23.6363043393769,20.0,26.0,1.0,0.0,91121.0,7.0,23.0
11.0,21.0,11.0,22.0,-121.0,11.0,11.0,-111.0,10.180285040682758,9.0,11.0,30000.0,10000.0,19000.0,0.0,24.450707956244692,16.5,19.0,0.0,10000.0,37093.43273330891,25000.0,0.0,25.7946250828503,17.0,20.0,0.0,122.0,10.187720280896592,9.0,11.0,1.0,15503.527463051849,10000.0,19000.0,1.0,16.5,17.655659191335182,19.0,1.0,22525.646109961228,10000.0,25000.0,1.0,18.986065197770365,17.0,20.0,1.0,0.0,111.0,1.0,43.0
11.0,22.0,11.0,22.0,-121.0,21.0,13.0,-111.0,9.982994891019269,9.0,11.0,30000.0,10000.0,19000.0,0.0,26.53438886190284,16.5,19.0,0.0,10000.0,36523.84099027612,25000.0,0.0,27.84138590505868,17.0,20.0,0.0,121.0,10.004040408495204,9.0,11.0,1.0,14493.491913186095,10000.0,19000.0,1.0,16.5,17.442902102478392,19.0,1.0,21009.48259885124,10000.0,25000.0,1.0,18.748326402685755,17.0,20.0,1.0,0.0,211.0,1.0,5.0
11.0,22.0,11.0,22.0,-121.0,21.0,13.0,-111.0,10.002308362874025,9.0,11.0,30000.0,10000.0,19000.0,0.0,25.620570213755364,16.5,19.0,0.0,10000.0,36492.72514181821,25000.0,0.0,26.919337032925878,17.0,20.0,0.0,121.0,10.006439330306414,9.0,11.0,1.0,14406.914449889275,10000.0,19000.0,1.0,16.5,17.397003385759504,19.0,1.0,20911.69887506196,10000.0,25000.0,1.0,18.698182473544758,17.0,20.0,1.0,0.0,211.0,1.0,13.0
11.0,21.0,11.0,22.0,-121.0,11.0,11.0,-111.0,10.00485574452451,9.0,11.0,30000.0,10000.0,19000.0,0.0,24.68748521076443,16.5,19.0,0.0,10000.0,36395.12332335517,25000.0,0.0,25.965722664876484,17.0,20.0,0.0,121.0,10.01334195818564,9.0,11.0,1.0,14475.316650653336,10000.0,19000.0,1.0,16.5,17.45081852212645,19.0,1.0,20922.757451993777,10000.0,25000.0,1.0,18.739513031792264,17.0,20.0,1.0,0.0,111.0,1.0,35.0
11.0,22.0,11.0,21.0,-121.0,11.0,12.0,-111.0,10.007346294483686,9.0,11.0,30000.0,10000.0,19000.0,0.0,23.707547124831684,16.5,19.0,0.0,10000.0,36512.05837544604,25000.0,0.0,25.012710419231627,17.0,20.0,0.0,121.0,10.01191816421707,9.0,11.0,1.0,13474.734853580749,10000.0,19000.0,1.0,16.5,17.198337337954253,19.0,1.0,20046.472988119192,10000.0,25000.0,1.0,18.515461801387897,17.0,20.0,1.0,0.0,111.0,1.0,46.0
11.0,22.0,11.0,21.0,-121.0,11.0,11.0,-111.0,10.006796563922444,9.0,11.0,30000.0,10000.0,19000.0,0.0,24.94694263925153,16.5,19.0,0.0,10000.0,36526.475488365555,25000.0,0.0,26.250923169799457,17.0,20.0,0.0,121.0,9.998084502273286,9.0,11.0,1.0,15386.054161575381,10000.0,19000.0,1.0,16.5,17.54614767523765,19.0,1.0,21901.881279629037,10000.0,25000.0,1.0,18.848000676525174,17.0,20.0,1.0,0.0,111.0,1.0,1.0
11.0,21.0,11.0,22.0,-121.0,11.0,11.0,-111.0,10.210467821419625,9.0,11.0,30000.0,10000.0,19000.0,0.0,26.252710410571297,16.5,19.0,0.0,10000.0,36982.60625052651,25000.0,0.0,27.571240994255422,17.0,20.0,0.0,122.0,10.205114315733507,9.0,11.0,1.0,16693.49152059118,10000.0,19000.0,1.0,16.5,17.888522218975588,19.0,1.0,23642.656377112773,10000.0,25000.0,1.0,19.200738040066135,17.0,20.0,1.0,0.0,111.0,1.0,29.0
11.0,22.0,11.0,22.0,-121.0,21.0,13.0,-111.0,10.201688001373272,9.0,11.0,30000.0,10000.0,19000.0,0.0,26.2115256830187,16.5,19.0,0.0,10000.0,36865.13303945524,25000.0,0.0,27.507166566699315,17.0,20.0,0.0,122.0,10.218969606549196,9.0,11.0,1.0,15052.503826341142,10000.0,19000.0,1.0,16.5,17.571778999120898,19.0,1.0,22081.09246871683,10000.0,25000.0,1.0,18.898268485529712,17.0,20.0,1.0,0.0,211.0,1.0,3.0
11.0,21.0,11.0,22.0,-121.0,21.0,13.0,-111.0,9.991186307608636,9.0,11.0,30000.0,10000.0,19000.0,0.0,26.14877062513996,16.5,19.0,0.0,10000.0,36519.354243062655,25000.0,0.0,27.453135485689856,17.0,20.0,0.0,121.0,9.997306885392788,9.0,11.0,1.0,14391.132781258799,10000.0,19000.0,1.0,16.5,17.43628192743837,19.0,1.0,20938.301928199173,10000.0,25000.0,1.0,18.746211876471726,17.0,20.0,1.0,0.0,211.0,1.0,59.0
91.0,24.0,91.0,24.0,-721.0,911.0,11.0,-711.0,15.132418539150768,12.0,17.0,30000.0,18000.0,36000.0,1.0,24.44596671620099,20.0,25.0,1.0,18000.0,34523.84812180735,36000.0,1.0,25.011664622687203,20.0,26.0,1.0,721.0,14.66687063617422,12.0,17.0,1.0,26753.03630973114,18000.0,36000.0,1.0,20.0,23.02158574466843,25.0,1.0,31210.294164570314,18000.0,36000.0,1.0,23.578956675181544,20.0,26.0,1.0,1.0,91121.0,7.0,16.0
11.0,21.0,11.0,22.0,-121.0,11.0,12.0,-111.0,9.985565169927364,9.0,11.0,30000.0,10000.0,19000.0,0.0,25.196220555959517,16.5,19.0,0.0,10000.0,36508.80054873418,25000.0,0.0,26.499305793435443,17.0,20.0,0.0,121.0,10.002229724301403,9.0,11.0,1.0,15811.099177793803,10000.0,19000.0,1.0,16.5,17.680692880528483,19.0,1.0,22377.187089068237,10000.0,25000.0,1.0,18.995247253655624,17.0,20.0,1.0,0.0,111.0,1.0,7.0
11.0,21.0,11.0,21.0,-121.0,21.0,13.0,-111.0,10.01139798475988,9.0,11.0,30000.0,10000.0,19000.0,0.0,27.350860220302472,16.5,19.0,0.0,10000.0,36540.32991699238,25000.0,0.0,28.65496385064249,17.0,20.0,0.0,121.0,10.016855865717524,9.0,11.0,1.0,13590.992605751857,10000.0,19000.0,1.0,16.5,17.221315326045872,19.0,1.0,20057.353821918507,10000.0,25000.0,1.0,18.510670028961332,17.0,20.0,1.0,0.0,211.0,1.0,34.0
91.0,21.0,91.0,24.0,-721.0,911.0,12.0,-711.0,14.723062588848087,12.0,17.0,30000.0,18000.0,36000.0,1.0,23.855048222049916,20.0,25.0,1.0,18000.0,34539.19662034671,36000.0,1.0,24.421117625465083,20.0,26.0,1.0,721.0,14.544090638149926,12.0,17.0,1.0,25218.243942494653,18000.0,36000.0,1.0,20.0,22.70834708930078,25.0,1.0,29815.80531186058,18000.0,36000.0,1.0,23.28169498303507,20.0,26.0,1.0,1.0,91121.0,7.0,19.0
11.0,22.0,11.0,21.0,-121.0,11.0,12.0,-111.0,9.979901577879431,9.0,11.0,30000.0,10000.0,19000.0,0.0,25.150619534519485,16.5,19.0,0.0,10000.0,36566.45016618289,25000.0,0.0,26.465122402187944,17.0,20.0,0.0,121.0,9.995844123395916,9.0,11.0,1.0,13078.629762256907,10000.0,19000.0,1.0,16.5,17.0697366787739,19.0,1.0,19619.906248003448,10000.0,25000.0,1.0,18.379200160733813,17.0,20.0,1.0,0.0,111.0,1.0,45.0
11.0,22.0,11.0,22.0,-121.0,11.0,12.0,-111.0,9.99869858976846,9.0,11.0,30000.0,10000.0,19000.0,0.0,24.800323671225897,16.5,19.0,0.0,10000.0,36554.4246364301,25000.0,0.0,26.10877464329617,17.0,20.0,0.0,121.0,9.993663586640206,9.0,11.0,1.0,15172.871111095648,10000.0,19000.0,1.0,16.5,17.569232461411467,19.0,1.0,21678.239357579467,10000.0,25000.0,1.0,18.867890372355564,17.0,20.0,1.0,0.0,111.0,1.0,40.0
91.0,21.0,91.0,24.0,-721.0,911.0,12.0,-711.0,15.007091267233472,12.0,17.0,30000.0,18000.0,36000.0,1.0,26.079602776781016,20.0,25.0,0.0,18000.0,33933.13244930109,36000.0,1.0,26.557199591343892,20.0,26.0,0.0,722.0,15.288745215187964,12.0,17.0,1.0,28947.10529113574,18000.0,36000.0,1.0,20.0,23.845037430836868,25.0,1.0,33064.94843168817,18000.0,36000.0,1.0,24.345063502205733,20.0,26.0,1.0,0.0,91121.0,7.0,26.0
11.0,22.0,11.0,21.0,-121.0,11.0,12.0,-111.0,10.216762332565413,9.0,11.0,30000.0,10000.0,19000.0,0.0,24.57214456928976,16.5,19.0,0.0,10000.0,36851.01591907174,25000.0,0.0,25.866430326333965,17.0,20.0,0.0,122.0,10.197819767648518,9.0,11.0,1.0,13365.402001202585,10000.0,19000.0,1.0,16.5,17.20883929237891,19.0,1.0,20460.93804663212,10000.0,25000.0,1.0,18.54931950008474,17.0,20.0,1.0,0.0,111.0,1.0,10.0
81.0,21.0,81.0,23.0,-721.0,912.0,12.0,-711.0,15.466998170432479,12.0,17.0,30000.0,12500.0,23000.0,0.0,27.747974151284737,20.0,24.0,0.0,12500.0,34017.542579632405,26000.0,0.0,28.240050921474342,20.0,25.0,0.0,722.0,15.373309945323557,12.0,17.0,1.0,17217.80607889099,12500.0,23000.0,1.0,20.0,22.01679567924365,24.0,1.0,21216.148198913408,12500.0,26000.0,1.0,22.50652073816604,20.0,25.0,1.0,0.0,912.0,7.0,7.0
92.0,24.0,92.0,24.0,-721.0,921.0,13.0,-711.0,15.879914377866829,12.0,17.0,30000.0,15000.0,28000.0,0.0,24.9512924514009,19.5,25.0,1.0,15000.0,34516.25080595122,28000.0,0.0,25.51603213000948,20.0,26.0,1.0,721.0,15.283669590424733,12.0,17.0,1.0,20497.746924723724,15000.0,28000.0,1.0,19.5,21.774144393960288,25.0,1.0,24990.35796801775,15000.0,28000.0,1.0,22.335928011769983,20.0,26.0,1.0,0.0,92122.0,7.0,20.0
91.0,21.0,91.0,24.0,-721.0,911.0,12.0,-711.0,14.992508291026795,12.0,17.0,30000.0,18000.0,36000.0,1.0,25.566633958790547,20.0,25.0,0.0,18000.0,34022.455085037094,36000.0,1.0,26.05824786451342,20.0,26.0,0.0,722.0,15.07332696586136,12.0,17.0,1.0,27301.322353632077,18000.0,36000.0,1.0,20.0,23.470783097404464,25.0,1.0,31327.27296158839,18000.0,36000.0,1.0,23.962824216766403,20.0,26.0,1.0,0.0,91121.0,7.0,26.0
91.0,24.0,91.0,24.0,-721.0,911.0,11.0,-711.0,14.627418724536216,12.0,17.0,30000.0,18000.0,36000.0,1.0,23.867780718572867,20.0,25.0,1.0,18000.0,34447.67662237447,36000.0,1.0,24.425515858138645,20.0,26.0,1.0,721.0,14.453811581462821,12.0,17.0,1.0,23522.077427043467,18000.0,36000.0,1.0,20.0,22.403504801569937,25.0,1.0,28023.710075193205,18000.0,36000.0,1.0,22.968005984200715,20.0,26.0,1.0,1.0,91121.0,7.0,0.0
11.0,21.0,11.0,22.0,-121.0,21.0,13.0,-111.0,10.147265763843425,9.0,11.0,30000.0,10000.0,19000.0,0.0,28.058900508788465,16.5,19.0,0.0,10000.0,37037.63316995754,25000.0,0.0,29.38673294856969,17.0,20.0,0.0,122.0,10.184176619423116,9.0,11.0,1.0,11072.254643702367,10000.0,19000.0,1.0,16.5,16.824104046238304,19.0,1.0,18192.16934391063,10000.0,25000.0,1.0,18.167461035597952,17.0,20.0,1.0,0.0,211.0,1.0,32.0
11.0,22.0,11.0,22.0,-121.0,21.0,13.0,-111.0,10.202885597063348,9.0,11.0,30000.0,10000.0,19000.0,0.0,25.327836750137163,16.5,19.0,0.0,10000.0,37079.23447564801,25000.0,0.0,26.664712218262082,17.0,20.0,0.0,122.0,10.184259644958006,9.0,11.0,1.0,13413.287247785045,10000.0,19000.0,1.0,16.5,17.259981319676456,19.0,1.0,20378.4195817125,10000.0,25000.0,1.0,18.575309210213508,17.0,20.0,1.0,0.0,211.0,1.0,28.0
91.0,21.0,91.0,24.0,-721.0,911.0,11.0,-711.0,15.087774827110785,12.0,17.0,30000.0,18000.0,36000.0,1.0,24.994667610598352,20.0,25.0,1.0,18000.0,34102.530658710304,36000.0,1.0,25.496429529255007,20.0,26.0,1.0,722.0,15.135576541143939,12.0,17.0,1.0,27243.382998715355,18000.0,36000.0,1.0,20.0,23.545067367127125,25.0,1.0,31213.537243423307,18000.0,36000.0,1.0,24.030638926953994,20.0,26.0,1.0,1.0,91121.0,7.0,18.0
11.0,22.0,11.0,22.0,-121.0,21.0,13.0,-111.0,10.227979431562757,9.0,11.0,30000.0,10000.0,19000.0,0.0,24.7682467338089,16.5,19.0,0.0,10000.0,36981.36891415974,25000.0,0.0,26.092086723309606,17.0,20.0,0.0,122.0,10.202974098174591,9.0,11.0,1.0,15108.686959292905,10000.0,19000.0,1.0,16.5,17.602005512291633,19.0,1.0,22084.280006786827,10000.0,25000.0,1.0,18.92475025480564,17.0,20.0,1.0,0.0,211.0,1.0,31.0
11.0,22.0,11.0,21.0,-121.0,11.0,11.0,-111.0,10.18593511203856,9.0,11.0,30000.0,10000.0,19000.0,0.0,25.055312907943552,16.5,19.0,0.0,10000.0,37096.243121041785,25000.0,0.0,26.388698161364445,17.0,20.0,0.0,122.0,10.227885830094616,9.0,11.0,1.0,14277.827565159168,10000.0,19000.0,1.0,16.5,17.344674519137964,19.0,1.0,21241.42897241216,10000.0,25000.0,1.0,18.653136372650245,17.0,20.0,1.0,0.0,111.0,1.0,12.0
11.0,22.0,11.0,21.0,-121.0,21.0,12.0,-111.0,10.215537565216138,9.0,11.0,30000.0,10000.0,19000.0,0.0,23.45886896926177,16.5,19.0,0.0,10000.0,37083.37574258629,25000.0,0.0,24.80137669180964,17.0,20.0,0.0,122.0,10.181995548857756,9.0,11.0,1.0,15653.462329524511,10000.0,19000.0,1.0,16.5,17.585821671404553,19.0,1.0,22540.601559813265,10000.0,25000.0,1.0,18.891136811943625,17.0,20.0,1.0,0.0,211.0,1.0,53.0
11.0,22.0,11.0,22.0,-121.0,21.0,13.0,-111.0,10.005634889850986,9.0,11.0,30000.0,10000.0,19000.0,0.0,25.05013793761897,16.5,19.0,0.0,10000.0,36541.61550408862,25000.0,0.0,26.35873495044313,17.0,20.0,0.0,121.0,9.991919724414736,9.0,11.0,1.0,14213.253141245632,10000.0,19000.0,1.0,16.5,17.36047885099503,19.0,1.0,20741.3918632004,10000.0,25000.0,1.0,18.666379943089545,17.0,20.0,1.0,0.0,211.0,1.0,21.0
81.0,23.0,81.0,23.0,-721.0,912.0,12.0,-711.0,15.325727339563745,12.0,17.0,30000.0,12500.0,23000.0,0.0,26.25466915154483,20.0,24.0,0.0,12500.0,33983.33239364445,26000.0,0.0,26.738576214249004,20.0,25.0,0.0,722.0,15.028797464136913,12.0,17.0,1.0,18644.137788648644,12500.0,23000.0,1.0,20.0,21.918755534183735,24.0,1.0,22660.284833908114,12500.0,26000.0,1.0,22.40664901833293,20.0,25.0,1.0,0.0,912.0,7.0,5.0
11.0,22.0,11.0,22.0,-121.0,11.0,12.0,-111.0,10.008622269957504,9.0,11.0,30000.0,10000.0,19000.0,0.0,23.64726508521651,16.5,19.0,0.0,10000.0,36531.726545900136,25000.0,0.0,24.95643500484371,17.0,20.0,0.0,121.0,10.00801987223059,9.0,11.0,1.0,14573.615785271988,10000.0,19000.0,1.0,16.5,17.444996386210217,19.0,1.0,21032.798127499325,10000.0,25000.0,1.0,18.739626093747344,17.0,20.0,1.0,0.0,111.0,1.0,14.0
11.0,22.0,11.0,22.0,-121.0,11.0,11.0,-111.0,10.22601880556924,9.0,11.0,30000.0,10000.0,19000.0,0.0,23.85076419101043,16.5,19.0,0.0,10000.0,36980.031789018714,25000.0,0.0,25.16607824696517,17.0,20.0,0.0,122.0,10.1669177196015,9.0,11.0,1.0,11423.401844807857,10000.0,19000.0,1.0,16.5,16.840110814415024,19.0,1.0,18554.587814430477,10000.0,25000.0,1.0,18.183908296287314,17.0,20.0,1.0,0.0,111.0,1.0,57.0
11.0,22.0,11.0,22.0,-121.0,21.0,13.0,-111.0,10.200523216864319,9.0,11.0,30000.0,10000.0,19000.0,0.0,26.604177384198724,16.5,19.0,0.0,10000.0,36995.169574510845,25000.0,0.0,27.924870802319568,17.0,20.0,0.0,122.0,10.189134741796135,9.0,11.0,1.0,14434.77585095902,10000.0,19000.0,1.0,16.5,17.42787479912967,19.0,1.0,21401.85767805525,10000.0,25000.0,1.0,18.74326522884613,17.0,20.0,1.0,0.0,211.0,1.0,19.0
91.0,21.0,91.0,24.0,-721.0,911.0,12.0,-711.0,15.982249621261344,12.0,17.0,30000.0,18000.0,36000.0,1.0,26.949434084086853,20.0,25.0,0.0,18000.0,34494.48101235825,36000.0,1.0,27.511672073544275,20.0,26.0,0.0,721.0,14.549807250563319,12.0,17.0,1.0,30790.429091451268,18000.0,36000.0,1.0,20.0,23.417332168493346,25.0,1.0,35241.93820318057,18000.0,36000.0,1.0,23.97419457955888,20.0,26.0,1.0,0.0,91121.0,7.0,19.0
11.0,22.0,11.0,22.0,-121.0,21.0,12.0,-111.0,10.215126374710781,9.0,11.0,30000.0,10000.0,19000.0,0.0,23.77736112635305,16.5,19.0,0.0,10000.0,36930.72392387198,25000.0,0.0,25.08755892970449,17.0,20.0,0.0,122.0,10.204018965815985,9.0,11.0,1.0,16242.867457149736,10000.0,19000.0,1.0,16.5,17.789942639558777,19.0,1.0,23398.772281078163,10000.0,25000.0,1.0,19.14270908708813,17.0,20.0,1.0,0.0,211.0,1.0,25.0
11.0,22.0,11.0,22.0,-121.0,21.0,13.0,-111.0,10.201327855414634,9.0,11.0,30000.0,10000.0,19000.0,0.0,25.7671303593758,16.5,19.0,0.0,10000.0,36929.95546025864,25000.0,0.0,27.07398159355857,17.0,20.0,0.0,122.0,10.213579881709752,9.0,11.0,1.0,15557.020887276809,10000.0,19000.0,1.0,16.5,17.7080185849139,19.0,1.0,22553.52872389102,10000.0,25000.0,1.0,19.02742026847212,17.0,20.0,1.0,0.0,211.0,1.0,13.0
11.0,22.0,11.0,21.0,-121.0,21.0,12.0,-111.0,9.99559060466822,9.0,11.0,30000.0,10000.0,19000.0,0.0,24.597009201038006,16.5,19.0,0.0,10000.0,36457.73710205373,25000.0,0.0,25.897479528255925,17.0,20.0,0.0,121.0,10.008403013950351,9.0,11.0,1.0,15189.575142144884,10000.0,19000.0,1.0,16.5,17.548471273880928,19.0,1.0,21691.974374395802,10000.0,25000.0,1.0,18.857935738542643,17.0,20.0,1.0,0.0,211.0,1.0,53.0
92.0,24.0,92.0,24.0,-721.0,921.0,13.0,-711.0,14.406937589762356,12.0,17.0,30000.0,15000.0,28000.0,0.0,23.744196195987918,19.5,25.0,1.0,15000.0,34463.94072134893,28000.0,0.0,24.302201202238262,20.0,26.0,1.0,721.0,14.851296790845927,12.0,17.0,1.0,24028.018241606795,15000.0,28000.0,1.0,19.5,21.89334752358211,25.0,1.0,28495.2282887005,15000.0,28000.0,0.0,22.451761204643912,20.0,26.0,1.0,0.0,92122.0,7.0,25.0
11.0,22.0,11.0,22.0,-121.0,21.0,13.0,-111.0,9.991337347888503,9.0,11.0,30000.0,10000.0,19000.0,0.0,24.293011034407037,16.5,19.0,0.0,10000.0,36557.27354551063,25000.0,0.0,25.600773619221755,17.0,20.0,0.0,121.0,9.999206955227953,9.0,11.0,1.0,13763.882400409493,10000.0,19000.0,1.0,16.5,17.296063741030856,19.0,1.0,20258.71127731,10000.0,25000.0,1.0,18.591372552083858,17.0,20.0,1.0,0.0,211.0,1.0,3.0
11.0,22.0,11.0,21.0,-121.0,11.0,12.0,-111.0,9.997410175507307,9.0,11.0,30000.0,10000.0,19000.0,0.0,24.170824021179353,16.5,19.0,0.0,10000.0,36467.34372485414,25000.0,0.0,25.460583602829196,17.0,20.0,0.0,121.0,10.004072357957678,9.0,11.0,1.0,14345.70342272592,10000.0,19000.0,1.0,16.5,17.354424275404437,19.0,1.0,20764.770190340652,10000.0,25000.0,1.0,18.63455615349909,17.0,20.0,1.0,0.0,111.0,1.0,10.0
11.0,22.0,11.0,22.0,-121.0,21.0,13.0,-111.0,10.017406512626552,9.0,11.0,30000.0,10000.0,19000.0,0.0,25.308331633427166,16.5,19.0,0.0,10000.0,36447.7789433718,25000.0,0.0,26.600214924334463,17.0,20.0,0.0,121.0,10.007031359804927,9.0,11.0,1.0,15248.55734064023,10000.0,19000.0,1.0,16.5,17.633837243857517,19.0,1.0,21791.927182124444,10000.0,25000.0,1.0,18.944873220537517,17.0,20.0,1.0,0.0,211.0,1.0,5.0
11.0,22.0,11.0,22.0,-121.0,21.0,13.0,-111.0,9.992540536092534,9.0,11.0,30000.0,10000.0,19000.0,0.0,26.601696472228763,16.5,19.0,0.0,10000.0,36512.48872514353,25000.0,0.0,27.90107229822216,17.0,20.0,0.0,121.0,10.014071887953133,9.0,11.0,1.0,14460.955913147196,10000.0,19000.0,1.0,16.5,17.485035641707363,19.0,1.0,20903.01964203173,10000.0,25000.0,1.0,18.770360228374802,17.0,20.0,1.0,0.0,211.0,1.0,3.0
11.0,22.0,11.0,22.0,-121.0,11.0,11.0,-111.0,10.003544969066585,9.0,11.0,30000.0,10000.0,19000.0,0.0,24.011913582558144,16.5,19.0,0.0,10000.0,36572.92614309027,25000.0,0.0,25.32122656607108,17.0,20.0,0.0,121.0,10.005414241158764,9.0,11.0,1.0,15677.624997542423,10000.0,19000.0,1.0,16.5,17.6744585155976,19.0,1.0,22160.043161876412,10000.0,25000.0,1.0,18.96574250120042,17.0,20.0,1.0,0.0,111.0,1.0,57.0
11.0,22.0,11.0,21.0,-121.0,21.0,13.0,-111.0,9.993792420516204,9.0,11.0,30000.0,10000.0,19000.0,0.0,25.282811138499163,16.5,19.0,0.0,10000.0,36476.14601418671,25000.0,0.0,26.57759984428046,17.0,20.0,0.0,121.0,10.011467449964996,9.0,11.0,1.0,11040.073079355008,10000.0,19000.0,1.0,16.5,16.691705692041342,19.0,1.0,17513.066113378445,10000.0,25000.0,1.0,17.985864016250634,17.0,20.0,1.0,0.0,211.0,1.0,58.0
81.0,23.0,81.0,21.0,-721.0,912.0,11.0,-711.0,15.031799787403544,12.0,17.0,30000.0,12500.0,23000.0,0.0,27.08185569685076,20.0,24.0,0.0,12500.0,33978.28626115309,26000.0,0.0,27.568752316125053,20.0,25.0,0.0,722.0,15.035124528507415,12.0,17.0,1.0,14061.276654626328,12500.0,23000.0,1.0,20.0,21.23757271260029,24.0,1.0,18166.010520702202,12500.0,26000.0,1.0,21.73994506873983,20.0,25.0,1.0,0.0,912.0,7.0,12.0
11.0,22.0,11.0,22.0,-121.0,21.0,13.0,-111.0,10.205954445269642,9.0,11.0,30000.0,10000.0,19000.0,0.0,25.96426184007929,16.5,19.0,0.0,10000.0,36969.86848783546,25000.0,0.0,27.274397925198112,17.0,20.0,0.0,122.0,10.214483193603003,9.0,11.0,1.0,17084.350156178407,10000.0,19000.0,1.0,16.5,17.93817139113116,19.0,1.0,23976.342013765232,10000.0,25000.0,1.0,19.233668895385186,17.0,20.0,1.0,0.0,211.0,1.0,28.0
11.0,22.0,11.0,22.0,-121.0,21.0,13.0,-111.0,10.001691445194295,9.0,11.0,30000.0,10000.0,19000.0,0.0,25.896189479582663,16.5,19.0,0.0,10000.0,36477.75853787997,25000.0,0.0,27.19216058671304,17.0,20.0,0.0,121.0,9.986276420407968,9.0,11.0,1.0,15401.887202572985,10000.0,19000.0,1.0,16.5,17.60277796495084,19.0,1.0,21782.83443462693,10000.0,25000.0,1.0,18.879380542911687,17.0,20.0,1.0,0.0,211.0,1.0,21.0
11.0,22.0,11.0,21.0,-121.0,21.0,12.0,-111.0,10.006853942085996,9.0,11.0,30000.0,10000.0,19000.0,0.0,23.944898957783202,16.5,19.0,0.0,10000.0,36586.86265020026,25000.0,0.0,25.260473398596755,17.0,20.0,0.0,121.0,10.010340707660184,9.0,11.0,1.0,16471.97565620479,10000.0,19000.0,1.0,16.5,17.764860616740922,19.0,1.0,22954.69154784109,10000.0,25000.0,1.0,19.059634135941792,17.0,20.0,1.0,0.0,211.0,1.0,53.0
91.0,24.0,91.0,21.0,-721.0,911.0,12.0,-711.0,15.052367898742903,12.0,17.0,30000.0,18000.0,36000.0,1.0,26.49507836911556,20.0,25.0,0.0,18000.0,34441.413164514786,36000.0,1.0,27.048102255225952,20.0,26.0,0.0,721.0,15.903325411235926,12.0,17.0,1.0,25790.594939721188,18000.0,36000.0,1.0,20.0,24.07882368546602,25.0,1.0,30253.27188957899,18000.0,36000.0,1.0,24.634495238156447,20.0,26.0,1.0,0.0,91121.0,7.0,14.0
92.0,24.0,92.0,24.0,-721.0,921.0,13.0,-711.0,14.550032991416137,12.0,17.0,30000.0,15000.0,28000.0,0.0,23.658353532655035,19.5,25.0,1.0,15000.0,34494.52937804778,28000.0,0.0,24.219568860870762,20.0,26.0,1.0,721.0,14.821548885115488,12.0,17.0,1.0,20549.675226246993,15000.0,28000.0,1.0,19.5,21.37849877191081,25.0,1.0,24966.133485565537,15000.0,28000.0,1.0,21.92996564709922,20.0,26.0,1.0,0.0,92122.0,7.0,20.0
11.0,21.0,11.0,22.0,-121.0,11.0,12.0,-111.0,10.002844053682857,9.0,11.0,30000.0,10000.0,19000.0,0.0,24.889611066441386,16.5,19.0,0.0,10000.0,36418.58556705213,25000.0,0.0,26.176717366723153,17.0,20.0,0.0,121.0,9.997350025331954,9.0,11.0,1.0,15839.71679691171,10000.0,19000.0,1.0,16.5,17.68369403990268,19.0,1.0,22271.80344807791,10000.0,25000.0,1.0,18.973507685945023,17.0,20.0,1.0,0.0,111.0,1.0,51.0
11.0,22.0,11.0,22.0,-121.0,21.0,13.0,-111.0,10.004077414444444,9.0,11.0,30000.0,10000.0,19000.0,0.0,26.045492955723446,16.5,19.0,0.0,10000.0,36571.47349902931,25000.0,0.0,27.35919429331617,17.0,20.0,0.0,121.0,10.010997315962477,9.0,11.0,1.0,14022.49146951499,10000.0,19000.0,1.0,16.5,17.347950460147388,19.0,1.0,20480.574587771403,10000.0,25000.0,1.0,18.6389839600149,17.0,20.0,1.0,0.0,211.0,1.0,22.0
11.0,22.0,11.0,22.0,-121.0,21.0,12.0,-111.0,10.002345563782924,9.0,11.0,30000.0,10000.0,19000.0,0.0,24.33675543390352,16.5,19.0,0.0,10000.0,36595.796238864365,25000.0,0.0,25.65556826679541,17.0,20.0,0.0,121.0,9.999807817805964,9.0,11.0,1.0,16761.03351854991,10000.0,19000.0,1.0,16.5,17.912472807826372,19.0,1.0,23252.59875944928,10000.0,25000.0,1.0,19.210444915395154,17.0,20.0,1.0,0.0,211.0,1.0,23.0
91.0,24.0,91.0,24.0,-721.0,911.0,11.0,-711.0,15.280861673567037,12.0,17.0,30000.0,18000.0,36000.0,1.0,24.146854124456244,20.0,25.0,1.0,18000.0,33932.300053524996,36000.0,1.0,24.627000720119653,20.0,26.0,1.0,722.0,15.210706141764357,12.0,17.0,1.0,24695.2176643368,18000.0,36000.0,1.0,20.0,23.25932120626237,25.0,1.0,28763.589609970462,18000.0,36000.0,1.0,23.756082621464508,20.0,26.0,1.0,1.0,91121.0,7.0,28.0
11.0,21.0,11.0,22.0,-121.0,11.0,12.0,-111.0,10.015102735646058,9.0,11.0,30000.0,10000.0,19000.0,0.0,24.549003058768363,16.5,19.0,0.0,10000.0,36517.418449021505,25000.0,0.0,25.851502046814804,17.0,20.0,0.0,121.0,9.983034289292211,9.0,11.0,1.0,15915.699153981739,10000.0,19000.0,1.0,16.5,17.698351363126143,19.0,1.0,22492.175022237923,10000.0,25000.0,1.0,19.01265291216993,17.0,20.0,1.0,0.0,111.0,1.0,7.0
11.0,22.0,11.0,21.0,-121.0,21.0,12.0,-111.0,10.176090242347763,9.0,11.0,30000.0,10000.0,19000.0,0.0,24.456474652635606,16.5,19.0,0.0,10000.0,36988.06330836906,25000.0,0.0,25.777301938574073,17.0,20.0,0.0,122.0,10.201484790059341,9.0,11.0,1.0,16250.24432445728,10000.0,19000.0,1.0,16.5,17.759338333601054,19.0,1.0,23322.914924944263,10000.0,25000.0,1.0,19.0961574065465,17.0,20.0,1.0,0.0,211.0,1.0,53.0
91.0,24.0,91.0,24.0,-721.0,911.0,12.0,-711.0,15.24389634877411,12.0,17.0,30000.0,18000.0,36000.0,1.0,25.344002234992438,20.0,25.0,0.0,18000.0,34520.59347319895,36000.0,1.0,25.90746287096293,20.0,26.0,1.0,721.0,14.758485191253241,12.0,17.0,1.0,25743.63201722623,18000.0,36000.0,1.0,20.0,22.8961169575167,25.0,1.0,30307.79720805651,18000.0,36000.0,1.0,23.465008506015035,20.0,26.0,1.0,0.0,91121.0,7.0,32.0
81.0,23.0,81.0,23.0,-721.0,912.0,12.0,-711.0,15.392888256270535,12.0,17.0,30000.0,12500.0,23000.0,0.0,26.744274402278478,20.0,24.0,0.0,12500.0,34083.35421016019,26000.0,0.0,27.24556073170822,20.0,25.0,0.0,722.0,15.433723503760064,12.0,17.0,1.0,19802.413468245417,12500.0,23000.0,1.0,20.0,22.499106127525387,24.0,1.0,23830.511973030247,12500.0,26000.0,1.0,22.993609080274567,20.0,25.0,1.0,0.0,912.0,7.0,31.0
81.0,23.0,81.0,23.0,-721.0,912.0,11.0,-711.0,15.094351384116793,12.0,17.0,30000.0,12500.0,23000.0,0.0,26.13438609116821,20.0,24.0,0.0,12500.0,34007.02473848647,26000.0,0.0,26.623190452597278,20.0,25.0,0.0,722.0,15.26655618869351,12.0,17.0,1.0,17877.40047693266,12500.0,23000.0,1.0,20.0,21.954519637847817,24.0,1.0,21904.285950228856,12500.0,26000.0,1.0,22.445746747932,20.0,25.0,1.0,0.0,912.0,7.0,17.0
11.0,21.0,11.0,21.0,-121.0,21.0,13.0,-111.0,10.20455596822306,9.0,11.0,30000.0,10000.0,19000.0,0.0,28.40590690271131,16.5,19.0,0.0,10000.0,37161.992483855065,25000.0,0.0,29.748349880530785,17.0,20.0,0.0,122.0,10.197775232667974,9.0,11.0,1.0,12598.494949315373,10000.0,19000.0,1.0,16.5,17.023886488694444,19.0,1.0,19529.615686274985,10000.0,25000.0,1.0,18.323054895073728,17.0,20.0,1.0,0.0,211.0,1.0,34.0
91.0,21.0,91.0,24.0,-721.0,911.0,12.0,-711.0,15.216797553877472,12.0,17.0,30000.0,18000.0,36000.0,1.0,24.953716491356495,20.0,25.0,1.0,18000.0,33981.80225861973,36000.0,1.0,25.439319894601702,20.0,26.0,1.0,722.0,15.230514316374144,12.0,17.0,1.0,27216.083968232164,18000.0,36000.0,1.0,20.0,23.595781080682343,25.0,1.0,31072.551647970693,18000.0,36000.0,1.0,24.06609922009576,20.0,26.0,1.0,1.0,91121.0,7.0,26.0
91.0,24.0,91.0,24.0,-721.0,911.0,12.0,-711.0,15.288528836187501,12.0,17.0,30000.0,18000.0,36000.0,1.0,24.727782930903988,20.0,25.0,1.0,18000.0,34011.877723816884,36000.0,1.0,25.215937138028742,20.0,26.0,1.0,722.0,14.825524933780732,12.0,17.0,1.0,27624.461117374463,18000.0,36000.0,1.0,20.0,23.34655261118031,25.0,1.0,31623.01752081103,18000.0,36000.0,1.0,23.833085916813104,20.0,26.0,1.0,1.0,91121.0,7.0,13.0
91.0,24.0,91.0,21.0,-721.0,911.0,12.0,-711.0,14.75255202283568,12.0,17.0,30000.0,18000.0,36000.0,1.0,23.973239189210716,20.0,25.0,1.0,18000.0,34069.683479884574,36000.0,1.0,24.467691330504543,20.0,26.0,1.0,722.0,15.116099417205803,12.0,17.0,1.0,26519.707782644364,18000.0,36000.0,1.0,20.0,23.241545078931164,25.0,1.0,30500.00381545704,18000.0,36000.0,1.0,23.725136961723823,20.0,26.0,1.0,1.0,91121.0,7.0,29.0
91.0,21.0,91.0,24.0,-721.0,911.0,11.0,-711.0,14.586808239685027,12.0,17.0,30000.0,18000.0,36000.0,1.0,24.292331316239853,20.0,25.0,1.0,18000.0,34527.9520722527,36000.0,1.0,24.86144230972955,20.0,26.0,1.0,721.0,15.284679570605459,12.0,17.0,1.0,22172.195716278602,18000.0,36000.0,1.0,20.0,23.012515137172834,25.0,1.0,26690.701816572007,18000.0,36000.0,1.0,23.580438881680994,20.0,26.0,1.0,1.0,91121.0,7.0,18.0
11.0,22.0,11.0,21.0,-121.0,11.0,11.0,-111.0,10.201257357520781,9.0,11.0,30000.0,10000.0,19000.0,0.0,23.03349691436747,16.5,19.0,0.0,10000.0,37244.63011697593,25000.0,0.0,24.40091683383945,17.0,20.0,0.0,122.0,10.190200048115923,9.0,11.0,1.0,13827.790581799574,10000.0,19000.0,1.0,16.5,17.266096723389364,19.0,1.0,20834.07276234659,10000.0,25000.0,1.0,18.588528601957197,17.0,20.0,1.0,0.0,111.0,1.0,12.0
91.0,24.0,91.0,24.0,-721.0,911.0,12.0,-711.0,15.23822632639272,12.0,17.0,30000.0,18000.0,36000.0,1.0,24.315812916756272,20.0,25.0,1.0,18000.0,33976.96145362826,36000.0,1.0,24.80107102761918,20.0,26.0,1.0,722.0,15.2484110315986,12.0,17.0,1.0,28243.70949297281,18000.0,36000.0,1.0,20.0,23.8320928938478,25.0,1.0,32289.988105345765,18000.0,36000.0,1.0,24.32580889747508,20.0,26.0,1.0,1.0,91121.0,7.0,1.0
92.0,24.0,92.0,24.0,-721.0,921.0,13.0,-711.0,15.181004143581779,12.0,17.0,30000.0,15000.0,28000.0,0.0,23.726610912457772,19.5,25.0,1.0,15000.0,33969.669195238246,28000.0,0.0,24.21118776741362,20.0,26.0,1.0,722.0,15.082588194180085,12.0,17.0,1.0,21701.442862719203,15000.0,28000.0,1.0,19.5,21.750509515552537,25.0,1.0,25813.272486289374,15000.0,28000.0,1.0,22.25243987022642,20.0,26.0,1.0,0.0,92122.0,7.0,25.0
11.0,22.0,11.0,21.0,-121.0,21.0,12.0,-111.0,10.216272503690247,9.0,11.0,30000.0,10000.0,19000.0,0.0,23.97711144292193,16.5,19.0,0.0,10000.0,37043.148102855324,25000.0,0.0,25.31145563664122,17.0,20.0,0.0,122.0,10.22398829659591,9.0,11.0,1.0,14274.927348666813,10000.0,19000.0,1.0,16.5,17.429089335099633,19.0,1.0,21247.214250623758,10000.0,25000.0,1.0,18.75000867524522,17.0,20.0,1.0,0.0,211.0,1.0,53.0
11.0,22.0,11.0,22.0,-121.0,21.0,13.0,-111.0,9.99742984114637,9.0,11.0,30000.0,10000.0,19000.0,0.0,25.950944253301493,16.5,19.0,0.0,10000.0,36511.02252001206,25000.0,0.0,27.253227329163927,17.0,20.0,0.0,121.0,10.014555951914112,9.0,11.0,1.0,14496.80323363798,10000.0,19000.0,1.0,16.5,17.431067239302674,19.0,1.0,20953.702907079336,10000.0,25000.0,1.0,18.72252509272272,17.0,20.0,1.0,0.0,211.0,1.0,21.0
11.0,22.0,11.0,22.0,-121.0,11.0,12.0,-111.0,10.192078433891371,9.0,11.0,30000.0,10000.0,19000.0,0.0,24.08506312721711,16.5,19.0,0.0,10000.0,37020.55526799538,25000.0,0.0,25.414788453628308,17.0,20.0,0.0,122.0,10.217616263265379,9.0,11.0,1.0,17171.8408758536,10000.0,19000.0,1.0,16.5,18.012453974405283,19.0,1.0,24162.52311874029,10000.0,25000.0,1.0,19.33652121302325,17.0,20.0,1.0,0.0,111.0,1.0,42.0
11.0,22.0,11.0,21.0,-121.0,21.0,13.0,-111.0,10.1805663024015,9.0,11.0,30000.0,10000.0,19000.0,0.0,25.591660549505917,16.5,19.0,0.0,10000.0,36757.99768673877,25000.0,0.0,26.87255804605838,17.0,20.0,0.0,122.0,10.203440202106833,9.0,11.0,1.0,13599.389877959724,10000.0,19000.0,1.0,16.5,17.28387243452123,19.0,1.0,20678.139363772672,10000.0,25000.0,1.0,18.625564591784364,17.0,20.0,1.0,0.0,211.0,1.0,58.0
91.0,24.0,91.0,24.0,-721.0,911.0,12.0,-711.0,15.100876198254646,12.0,17.0,30000.0,18000.0,36000.0,1.0,25.331175723874793,20.0,25.0,0.0,18000.0,33994.94645113193,36000.0,1.0,25.818345544414132,20.0,26.0,1.0,722.0,15.32587843035952,12.0,17.0,1.0,25646.352847931827,18000.0,36000.0,1.0,20.0,23.480222625423146,25.0,1.0,29619.68812012051,18000.0,36000.0,1.0,23.964757037879746,20.0,26.0,1.0,0.0,91121.0,7.0,13.0
91.0,24.0,91.0,24.0,-721.0,911.0,11.0,-711.0,15.176990838668235,12.0,17.0,30000.0,18000.0,36000.0,1.0,24.200853028011874,20.0,25.0,1.0,18000.0,33961.902391759875,36000.0,1.0,24.684560636373703,20.0,26.0,1.0,722.0,14.939866487452182,12.0,17.0,1.0,23017.597302601866,18000.0,36000.0,1.0,20.0,22.798448838294824,25.0,1.0,26981.71476521893,18000.0,36000.0,1.0,23.282426884067963,20.0,26.0,1.0,1.0,91121.0,7.0,28.0
11.0,22.0,11.0,22.0,-121.0,21.0,13.0,-111.0,10.001474365970903,9.0,11.0,30000.0,10000.0,19000.0,0.0,25.457957487468033,16.5,19.0,0.0,10000.0,36493.281944094095,25000.0,0.0,26.758287563676838,17.0,20.0,0.0,121.0,9.998655353530067,9.0,11.0,1.0,16114.873972240146,10000.0,19000.0,1.0,16.5,17.765721549406493,19.0,1.0,22588.289123649447,10000.0,25000.0,1.0,19.062073146278,17.0,20.0,1.0,0.0,211.0,1.0,5.0
11.0,22.0,11.0,22.0,-121.0,21.0,13.0,-111.0,9.988261522749648,9.0,11.0,30000.0,10000.0,19000.0,0.0,24.709469123627564,16.5,19.0,0.0,10000.0,36563.680260537745,25000.0,0.0,26.018279815875577,17.0,20.0,0.0,121.0,9.986993706803755,9.0,11.0,1.0,13669.250482271911,10000.0,19000.0,1.0,16.5,17.199954585240825,19.0,1.0,20194.859915483372,10000.0,25000.0,1.0,18.501173879996955,17.0,20.0,1.0,0.0,211.0,1.0,5.0
11.0,21.0,11.0,22.0,-121.0,21.0,13.0,-111.0,10.003405383199656,9.0,11.0,30000.0,10000.0,19000.0,0.0,28.207088680086436,16.5,19.0,0.0,10000.0,36584.617956547765,25000.0,0.0,29.524409140088306,17.0,20.0,0.0,121.0,9.998461277133169,9.0,11.0,1.0,16973.65247361526,10000.0,19000.0,1.0,16.5,17.971123915849923,19.0,1.0,23467.15963949225,10000.0,25000.0,1.0,19.270216726279774,17.0,20.0,1.0,0.0,211.0,1.0,9.0
92.0,24.0,92.0,24.0,-721.0,921.0,13.0,-711.0,15.076285262318546,12.0,17.0,30000.0,15000.0,28000.0,0.0,24.120906942982607,19.5,25.0,1.0,15000.0,34052.988391101695,28000.0,0.0,24.614837870016924,20.0,26.0,1.0,722.0,15.323595814756906,12.0,17.0,1.0,21810.06829309965,15000.0,28000.0,1.0,19.5,22.018588601475543,25.0,1.0,25697.41094908115,15000.0,28000.0,1.0,22.49233255938682,20.0,26.0,1.0,0.0,92122.0,7.0,20.0
81.0,23.0,81.0,23.0,-721.0,912.0,12.0,-711.0,14.852104361674346,12.0,17.0,30000.0,12500.0,23000.0,0.0,25.696515273269753,20.0,24.0,0.0,12500.0,34459.68333739945,26000.0,0.0,26.25333946412694,20.0,25.0,0.0,721.0,15.129371363686067,12.0,17.0,1.0,17515.81890691545,12500.0,23000.0,1.0,20.0,21.868597039701623,24.0,1.0,22009.272194728866,12500.0,26000.0,1.0,22.429637656679663,20.0,25.0,1.0,0.0,912.0,7.0,10.0
11.0,21.0,11.0,22.0,-121.0,21.0,13.0,-111.0,10.207744743003447,9.0,11.0,30000.0,10000.0,19000.0,0.0,26.91043318088714,16.5,19.0,0.0,10000.0,36900.00969538305,25000.0,0.0,28.209206840885546,17.0,20.0,0.0,122.0,10.185561284208633,9.0,11.0,1.0,12819.503484904983,10000.0,19000.0,1.0,16.5,17.142707988586505,19.0,1.0,19744.025247411006,10000.0,25000.0,1.0,18.446095501106413,17.0,20.0,1.0,0.0,211.0,1.0,32.0
91.0,24.0,91.0,24.0,-721.0,911.0,11.0,-711.0,15.32758175147957,12.0,17.0,30000.0,18000.0,36000.0,1.0,24.455542716260208,20.0,25.0,1.0,18000.0,33877.052474476994,36000.0,1.0,24.92782351739964,20.0,26.0,1.0,722.0,15.091255351748613,12.0,17.0,1.0,28066.76402060947,18000.0,36000.0,1.0,20.0,23.59612663114416,25.0,1.0,32013.730952030935,18000.0,36000.0,1.0,24.07692401955042,20.0,26.0,1.0,1.0,91121.0,7.0,0.0
11.0,22.0,11.0,22.0,-121.0,21.0,12.0,-111.0,10.208942831705158,9.0,11.0,30000.0,10000.0,19000.0,0.0,24.47798537251238,16.5,19.0,0.0,10000.0,37115.18667331363,25000.0,0.0,25.81618973988593,17.0,20.0,0.0,122.0,10.204598934966663,9.0,11.0,1.0,16788.38928116063,10000.0,19000.0,1.0,16.5,17.87287740480148,19.0,1.0,23772.847934349636,10000.0,25000.0,1.0,19.18649481254894,17.0,20.0,1.0,0.0,211.0,1.0,48.0
11.0,22.0,11.0,22.0,-121.0,21.0,13.0,-111.0,10.003439647113284,9.0,11.0,30000.0,10000.0,19000.0,0.0,27.039270660572292,16.5,19.0,0.0,10000.0,36525.22724050386,25000.0,0.0,28.344530981585308,17.0,20.0,0.0,121.0,10.005816368432418,9.0,11.0,1.0,14819.919727671673,10000.0,19000.0,1.0,16.5,17.511799922048084,19.0,1.0,21364.784182068186,10000.0,25000.0,1.0,18.820988332484596,17.0,20.0,1.0,0.0,211.0,1.0,3.0
11.0,21.0,11.0,21.0,-121.0,11.0,11.0,-111.0,10.197419856130589,9.0,11.0,30000.0,10000.0,19000.0,0.0,25.94625829289216,16.5,19.0,0.0,10000.0,37069.62681624041,25000.0,0.0,27.2838862077784,17.0,20.0,0.0,122.0,10.1904731876647,9.0,11.0,1.0,11608.633367810737,10000.0,19000.0,1.0,16.5,16.859192782194263,19.0,1.0,18784.46302875145,10000.0,25000.0,1.0,18.216915094338518,17.0,20.0,1.0,0.0,111.0,1.0,56.0
81.0,21.0,81.0,21.0,-721.0,912.0,12.0,-711.0,14.924098110598013,12.0,17.0,30000.0,12500.0,23000.0,0.0,27.59655925006057,20.0,24.0,0.0,12500.0,34501.41060599614,26000.0,0.0,28.156414483726387,20.0,25.0,0.0,721.0,15.298850397548104,12.0,17.0,1.0,16084.761002854737,12500.0,23000.0,1.0,20.0,21.741821058314944,24.0,1.0,20530.997890099414,12500.0,26000.0,1.0,22.29481415521797,20.0,25.0,1.0,0.0,912.0,7.0,6.0
92.0,24.0,92.0,24.0,-721.0,921.0,13.0,-711.0,15.268569239561398,12.0,17.0,30000.0,15000.0,28000.0,0.0,24.548657582677784,19.5,25.0,1.0,15000.0,33944.814936523515,28000.0,0.0,25.031099292807713,20.0,26.0,1.0,722.0,15.11793656110994,12.0,17.0,1.0,22110.509053287893,15000.0,28000.0,1.0,19.5,21.80150861567296,25.0,1.0,26188.56244546024,15000.0,28000.0,1.0,22.300245079658936,20.0,26.0,1.0,0.0,92122.0,7.0,20.0
11.0,22.0,11.0,22.0,-121.0,21.0,13.0,-111.0,10.186618497651263,9.0,11.0,30000.0,10000.0,19000.0,0.0,24.497680151197358,16.5,19.0,0.0,10000.0,36971.58289088439,25000.0,0.0,25.806942418508378,17.0,20.0,0.0,122.0,10.196630734030025,9.0,11.0,1.0,14593.150883377479,10000.0,19000.0,1.0,16.5,17.475822212538418,19.0,1.0,21608.007640887798,10000.0,25000.0,1.0,18.793211305797108,17.0,20.0,1.0,0.0,211.0,1.0,22.0
11.0,22.0,11.0,22.0,-121.0,21.0,13.0,-111.0,10.003030235767902,9.0,11.0,30000.0,10000.0,19000.0,0.0,26.185511084678893,16.5,19.0,0.0,10000.0,36493.74755302216,25000.0,0.0,27.486536774762698,17.0,20.0,0.0,121.0,10.006311821502614,9.0,11.0,1.0,14732.949107637862,10000.0,19000.0,1.0,16.5,17.472362566827005,19.0,1.0,21198.856063864387,10000.0,25000.0,1.0,18.767810378903906,17.0,20.0,1.0,0.0,211.0,1.0,41.0
91.0,24.0,91.0,21.0,-721.0,911.0,11.0,-711.0,14.648375275355374,12.0,17.0,30000.0,18000.0,36000.0,1.0,23.765983943826257,20.0,25.0,1.0,18000.0,34494.945376685915,36000.0,1.0,24.32743506120248,20.0,26.0,1.0,721.0,15.335643797904593,12.0,17.0,1.0,23383.92189105164,18000.0,36000.0,1.0,20.0,23.16219007706507,25.0,1.0,27855.366847045374,18000.0,36000.0,1.0,23.72070582229531,20.0,26.0,1.0,1.0,91121.0,7.0,15.0
11.0,21.0,11.0,22.0,-121.0,11.0,11.0,-111.0,10.207208691875088,9.0,11.0,30000.0,10000.0,19000.0,0.0,25.104570848200908,16.5,19.0,0.0,10000.0,37082.148828302306,25000.0,0.0,26.44360478958555,17.0,20.0,0.0,122.0,10.20032568809805,9.0,11.0,1.0,15005.496474764259,10000.0,19000.0,1.0,16.5,17.55855207952649,19.0,1.0,21963.613224072385,10000.0,25000.0,1.0,18.874135064482484,17.0,20.0,1.0,0.0,111.0,1.0,43.0
11.0,21.0,11.0,22.0,-121.0,21.0,13.0,-111.0,10.213335341360144,9.0,11.0,30000.0,10000.0,19000.0,0.0,27.300348052200512,16.5,19.0,0.0,10000.0,36918.14560212082,25000.0,0.0,28.60854174617913,17.0,20.0,0.0,122.0,10.206803478779563,9.0,11.0,1.0,12513.733493781603,10000.0,19000.0,1.0,16.5,17.07272088935945,19.0,1.0,19694.78681078573,10000.0,25000.0,1.0,18.43062938185333,17.0,20.0,1.0,0.0,211.0,1.0,52.0
11.0,22.0,11.0,22.0,-121.0,21.0,12.0,-111.0,10.19531330977841,9.0,11.0,30000.0,10000.0,19000.0,0.0,24.785329816563745,16.5,19.0,0.0,10000.0,36892.56626955883,25000.0,0.0,26.085766182960093,17.0,20.0,0.0,122.0,10.193038266393796,9.0,11.0,1.0,15887.62802065369,10000.0,19000.0,1.0,16.5,17.75261785918743,19.0,1.0,23102.024263805535,10000.0,25000.0,1.0,19.11377462856418,17.0,20.0,1.0,0.0,211.0,1.0,23.0
11.0,21.0,11.0,22.0,-121.0,11.0,11.0,-111.0,10.20486036283245,9.0,11.0,30000.0,10000.0,19000.0,0.0,24.880809360183132,16.5,19.0,0.0,10000.0,37058.81846816564,25000.0,0.0,26.212495099327583,17.0,20.0,0.0,122.0,10.216255778362004,9.0,11.0,1.0,15750.023714502484,10000.0,19000.0,1.0,16.5,17.72041747294864,19.0,1.0,22687.60018670313,10000.0,25000.0,1.0,19.0292302287829,17.0,20.0,1.0,0.0,111.0,1.0,35.0
11.0,21.0,11.0,22.0,-121.0,21.0,13.0,-111.0,10.190113202918536,9.0,11.0,30000.0,10000.0,19000.0,0.0,26.56643320402928,16.5,19.0,0.0,10000.0,36989.37315920074,25000.0,0.0,27.890040976316914,17.0,20.0,0.0,122.0,10.22198385699126,9.0,11.0,1.0,13371.396904126923,10000.0,19000.0,1.0,16.5,17.263303100576376,19.0,1.0,20211.219140520305,10000.0,25000.0,1.0,18.55858976891493,17.0,20.0,1.0,0.0,211.0,1.0,24.0
11.0,22.0,11.0,22.0,-121.0,21.0,13.0,-111.0,10.006945250837125,9.0,11.0,30000.0,10000.0,19000.0,0.0,26.34367923079393,16.5,19.0,0.0,10000.0,36546.91403895409,25000.0,0.0,27.654073877985645,17.0,20.0,0.0,121.0,9.997876134484835,9.0,11.0,1.0,12334.645510833438,10000.0,19000.0,1.0,16.5,16.957910743870944,19.0,1.0,18844.74723006923,10000.0,25000.0,1.0,18.26093723769719,17.0,20.0,1.0,0.0,211.0,1.0,21.0
11.0,22.0,11.0,21.0,-121.0,11.0,12.0,-111.0,10.209745768404435,9.0,11.0,30000.0,10000.0,19000.0,0.0,23.83037020857416,16.5,19.0,0.0,10000.0,37043.878330504296,25000.0,0.0,25.159209108209527,17.0,20.0,0.0,122.0,10.203040689907178,9.0,11.0,1.0,14068.35269532375,10000.0,19000.0,1.0,16.5,17.348156670048745,19.0,1.0,21006.040639328945,10000.0,25000.0,1.0,18.656962583632065,17.0,20.0,1.0,0.0,111.0,1.0,10.0
11.0,21.0,11.0,22.0,-121.0,21.0,13.0,-111.0,10.18561920238737,9.0,11.0,30000.0,10000.0,19000.0,0.0,27.34487215438711,16.5,19.0,0.0,10000.0,36895.477041237355,25000.0,0.0,28.644381011602793,17.0,20.0,0.0,122.0,10.199040685948647,9.0,11.0,1.0,15175.979121191956,10000.0,19000.0,1.0,16.5,17.61795670649697,19.0,1.0,22135.518277608502,10000.0,25000.0,1.0,18.92953859152341,17.0,20.0,1.0,0.0,211.0,1.0,32.0
81.0,23.0,81.0,23.0,-721.0,912.0,12.0,-711.0,15.197343547974137,12.0,17.0,30000.0,12500.0,23000.0,0.0,26.24529815243145,20.0,24.0,0.0,12500.0,33981.042412860144,26000.0,0.0,26.7300019305583,20.0,25.0,0.0,722.0,15.385310121154523,12.0,17.0,1.0,17750.45229954019,12500.0,23000.0,1.0,20.0,22.097757790965506,24.0,1.0,21711.537586752424,12500.0,26000.0,1.0,22.5800317295682,20.0,25.0,1.0,0.0,912.0,7.0,10.0
92.0,24.0,92.0,24.0,-721.0,921.0,13.0,-711.0,14.990528261342972,12.0,17.0,30000.0,15000.0,28000.0,0.0,24.513887937611333,19.5,25.0,1.0,15000.0,34080.36664022994,28000.0,0.0,25.009983644255367,20.0,26.0,1.0,722.0,15.005049837810324,12.0,17.0,1.0,22776.620661884972,15000.0,28000.0,1.0,19.5,21.92043450136589,25.0,1.0,26859.225024057407,15000.0,28000.0,1.0,22.416802272837966,20.0,26.0,1.0,0.0,92122.0,7.0,25.0
11.0,22.0,11.0,22.0,-121.0,21.0,13.0,-111.0,10.225315117621262,9.0,11.0,30000.0,10000.0,19000.0,0.0,25.780096068215244,16.5,19.0,0.0,10000.0,37074.99441965036,25000.0,0.0,27.111783126328316,17.0,20.0,0.0,122.0,10.196768300385875,9.0,11.0,1.0,15880.282903819792,10000.0,19000.0,1.0,16.5,17.744779844618165,19.0,1.0,22987.432787554266,10000.0,25000.0,1.0,19.082519347839817,17.0,20.0,1.0,0.0,211.0,1.0,5.0
91.0,24.0,91.0,24.0,-721.0,911.0,12.0,-711.0,14.11853078217042,12.0,17.0,30000.0,18000.0,36000.0,1.0,24.306497858437154,20.0,25.0,1.0,18000.0,34520.30469621847,36000.0,1.0,24.871049864508812,20.0,26.0,1.0,721.0,15.982431085306423,12.0,17.0,1.0,29409.083877677716,18000.0,36000.0,1.0,20.0,24.72923427528547,25.0,1.0,33890.20987347296,18000.0,36000.0,1.0,25.28889315679902,20.0,26.0,1.0,1.0,91121.0,7.0,23.0
11.0,21.0,11.0,21.0,-121.0,21.0,13.0,-111.0,10.000095764053244,9.0,11.0,30000.0,10000.0,19000.0,0.0,26.783613100452037,16.5,19.0,0.0,10000.0,36458.50032707113,25000.0,0.0,28.071916767628778,17.0,20.0,0.0,121.0,10.00051264294971,9.0,11.0,1.0,12497.153255859675,10000.0,19000.0,1.0,16.5,16.9278402680594,19.0,1.0,19090.745307915222,10000.0,25000.0,1.0,18.243091238153067,17.0,20.0,1.0,0.0,211.0,1.0,34.0
11.0,22.0,11.0,21.0,-121.0,11.0,11.0,-111.0,10.013601435961744,9.0,11.0,30000.0,10000.0,19000.0,0.0,24.693159443938992,16.5,19.0,0.0,10000.0,36443.186302041664,25000.0,0.0,25.981665100943257,17.0,20.0,0.0,121.0,9.995700475532074,9.0,11.0,1.0,11553.903926823492,10000.0,19000.0,1.0,16.5,16.790362198306617,19.0,1.0,17991.579166840325,10000.0,25000.0,1.0,18.07776575547049,17.0,20.0,1.0,0.0,111.0,1.0,26.0
11.0,22.0,11.0,22.0,-121.0,21.0,12.0,-111.0,10.008627593450143,9.0,11.0,30000.0,10000.0,19000.0,0.0,24.278466570726803,16.5,19.0,0.0,10000.0,36553.17901120231,25000.0,0.0,25.593711606708673,17.0,20.0,0.0,121.0,9.99749597328652,9.0,11.0,1.0,14254.89976244049,10000.0,19000.0,1.0,16.5,17.403460052652587,19.0,1.0,20626.785018221428,10000.0,25000.0,1.0,18.682318823057877,17.0,20.0,1.0,0.0,211.0,1.0,23.0
11.0,21.0,11.0,22.0,-121.0,11.0,11.0,-111.0,10.204212428838334,9.0,11.0,30000.0,10000.0,19000.0,0.0,25.61884063991816,16.5,19.0,0.0,10000.0,37001.74887639911,25000.0,0.0,26.93018995155675,17.0,20.0,0.0,122.0,10.197273024540658,9.0,11.0,1.0,14787.983191714318,10000.0,19000.0,1.0,16.5,17.47852415329661,19.0,1.0,21922.156136169484,10000.0,25000.0,1.0,18.814675012884884,17.0,20.0,1.0,0.0,111.0,1.0,43.0
11.0,22.0,11.0,21.0,-121.0,11.0,11.0,-111.0,9.989493754320364,9.0,11.0,30000.0,10000.0,19000.0,0.0,24.25006743009411,16.5,19.0,0.0,10000.0,36485.03857826349,25000.0,0.0,25.547385438466048,17.0,20.0,0.0,121.0,9.991751248449013,9.0,11.0,1.0,14147.917431690808,10000.0,19000.0,1.0,16.5,17.328022699740476,19.0,1.0,20662.140798890854,10000.0,25000.0,1.0,18.63117906231818,17.0,20.0,1.0,0.0,111.0,1.0,39.0
11.0,22.0,11.0,22.0,-121.0,21.0,13.0,-111.0,10.227495698397995,9.0,11.0,30000.0,10000.0,19000.0,0.0,26.320421416457357,16.5,19.0,0.0,10000.0,37102.53700565886,25000.0,0.0,27.660463479826227,17.0,20.0,0.0,122.0,10.213416658538002,9.0,11.0,1.0,14217.619194147701,10000.0,19000.0,1.0,16.5,17.40126306635562,19.0,1.0,21211.5843647639,10000.0,25000.0,1.0,18.72082078367485,17.0,20.0,1.0,0.0,211.0,1.0,22.0
11.0,22.0,11.0,21.0,-121.0,11.0,12.0,-111.0,10.197477974630702,9.0,11.0,30000.0,10000.0,19000.0,0.0,23.663666882271297,16.5,19.0,0.0,10000.0,36978.1167214521,25000.0,0.0,24.982646164095993,17.0,20.0,0.0,122.0,10.216558025911928,9.0,11.0,1.0,13019.416529625525,10000.0,19000.0,1.0,16.5,17.141531057889797,19.0,1.0,19933.61093002653,10000.0,25000.0,1.0,18.448427965561397,17.0,20.0,1.0,0.0,111.0,1.0,46.0
11.0,22.0,11.0,22.0,-121.0,21.0,13.0,-111.0,10.207056505042504,9.0,11.0,30000.0,10000.0,19000.0,0.0,26.516909149136474,16.5,19.0,0.0,10000.0,37066.06470524277,25000.0,0.0,27.853094777714624,17.0,20.0,0.0,122.0,10.197306589404047,9.0,11.0,1.0,15684.755706702363,10000.0,19000.0,1.0,16.5,17.62379824377231,19.0,1.0,22675.09559010697,10000.0,25000.0,1.0,18.94566438577801,17.0,20.0,1.0,0.0,211.0,1.0,31.0
91.0,24.0,91.0,21.0,-721.0,911.0,12.0,-711.0,15.159223673447247,12.0,17.0,30000.0,18000.0,36000.0,1.0,24.332440353224612,20.0,25.0,1.0,18000.0,34092.81705891553,36000.0,1.0,24.83109574434564,20.0,26.0,1.0,722.0,15.247545480318031,12.0,17.0,1.0,24951.307276600808,18000.0,36000.0,1.0,20.0,23.27775126576659,25.0,1.0,28909.98675183413,18000.0,36000.0,1.0,23.76006377415129,20.0,26.0,1.0,1.0,91121.0,7.0,14.0
11.0,22.0,11.0,21.0,-121.0,11.0,12.0,-111.0,10.190986564341086,9.0,11.0,30000.0,10000.0,19000.0,0.0,24.213683850089716,16.5,19.0,0.0,10000.0,36918.93287795506,25000.0,0.0,25.520882436811842,17.0,20.0,0.0,122.0,10.204495530451583,9.0,11.0,1.0,13758.396933392243,10000.0,19000.0,1.0,16.5,17.275901872237192,19.0,1.0,20687.335751850642,10000.0,25000.0,1.0,18.584990887948223,17.0,20.0,1.0,0.0,111.0,1.0,45.0
11.0,22.0,11.0,22.0,-121.0,11.0,12.0,-111.0,10.208060096311115,9.0,11.0,30000.0,10000.0,19000.0,0.0,24.19878727740887,16.5,19.0,0.0,10000.0,36983.52132859634,25000.0,0.0,25.51106526273734,17.0,20.0,0.0,122.0,10.205537948516914,9.0,11.0,1.0,17016.955643454672,10000.0,19000.0,1.0,16.5,17.92108737349279,19.0,1.0,24058.34231947631,10000.0,25000.0,1.0,19.244238873480498,17.0,20.0,1.0,0.0,111.0,1.0,49.0
11.0,22.0,11.0,21.0,-121.0,11.0,11.0,-111.0,10.173095431666285,9.0,11.0,30000.0,10000.0,19000.0,0.0,25.685012517621693,16.5,19.0,0.0,10000.0,37069.22824122765,25000.0,0.0,27.020724594062564,17.0,20.0,0.0,122.0,10.182418273943718,9.0,11.0,1.0,14364.824735083233,10000.0,19000.0,1.0,16.5,17.376536896085035,19.0,1.0,21189.40266560034,10000.0,25000.0,1.0,18.666022940012866,17.0,20.0,1.0,0.0,111.0,1.0,39.0
11.0,22.0,11.0,22.0,-121.0,21.0,12.0,-111.0,9.9992483894338,9.0,11.0,30000.0,10000.0,19000.0,0.0,24.8839912184203,16.5,19.0,0.0,10000.0,36554.243838116774,25000.0,0.0,26.199855323531374,17.0,20.0,0.0,121.0,10.000522873439083,9.0,11.0,1.0,18198.414042053028,10000.0,19000.0,1.0,16.5,18.162938499669416,19.0,1.0,24732.19981189325,10000.0,25000.0,1.0,19.47469533651737,17.0,20.0,1.0,0.0,211.0,1.0,48.0
11.0,21.0,11.0,22.0,-121.0,11.0,11.0,-111.0,10.000532619030643,9.0,11.0,30000.0,10000.0,19000.0,0.0,27.79547639681492,16.5,19.0,0.0,10000.0,36455.52270444607,25000.0,0.0,29.08322888621423,17.0,20.0,0.0,121.0,10.006882598223847,9.0,11.0,1.0,15913.565433848624,10000.0,19000.0,1.0,16.5,17.677381327130895,19.0,1.0,22410.20628109829,10000.0,25000.0,1.0,18.973336094359443,17.0,20.0,1.0,0.0,111.0,1.0,35.0
11.0,22.0,11.0,22.0,-121.0,21.0,13.0,-111.0,9.998050715666997,9.0,11.0,30000.0,10000.0,19000.0,0.0,25.46117024508492,16.5,19.0,0.0,10000.0,36527.23318992406,25000.0,0.0,26.77032503411862,17.0,20.0,0.0,121.0,9.993799500444382,9.0,11.0,1.0,14135.530582179477,10000.0,19000.0,1.0,16.5,17.358497854650988,19.0,1.0,20694.582984858764,10000.0,25000.0,1.0,18.67403456287613,17.0,20.0,1.0,0.0,211.0,1.0,21.0
91.0,24.0,91.0,24.0,-721.0,911.0,12.0,-711.0,15.294451424301977,12.0,17.0,30000.0,18000.0,36000.0,1.0,24.993511353655798,20.0,25.0,1.0,18000.0,33970.483274661296,36000.0,1.0,25.477397538884674,20.0,26.0,1.0,722.0,15.499360487300116,12.0,17.0,1.0,26943.64490619889,18000.0,36000.0,1.0,20.0,23.83021863354992,25.0,1.0,30901.74804447463,18000.0,36000.0,1.0,24.312596040991853,20.0,26.0,1.0,1.0,91121.0,7.0,8.0
11.0,22.0,11.0,22.0,-121.0,11.0,12.0,-111.0,10.21443550643899,9.0,11.0,30000.0,10000.0,19000.0,0.0,23.782896505313275,16.5,19.0,0.0,10000.0,36994.16129988504,25000.0,0.0,25.104947176092065,17.0,20.0,0.0,122.0,10.170913155183003,9.0,11.0,1.0,14896.892668678622,10000.0,19000.0,1.0,16.5,17.51847845423022,19.0,1.0,21780.240667533297,10000.0,25000.0,1.0,18.81958296825383,17.0,20.0,1.0,0.0,111.0,1.0,40.0
81.0,23.0,81.0,21.0,-721.0,912.0,12.0,-711.0,14.850224852272733,12.0,17.0,30000.0,12500.0,23000.0,0.0,26.42552343974632,20.0,24.0,0.0,12500.0,34474.75825971106,26000.0,0.0,26.986417643221053,20.0,25.0,0.0,721.0,14.92774219232801,12.0,17.0,1.0,15336.062395218443,12500.0,23000.0,1.0,20.0,21.226677328926783,24.0,1.0,19792.7586502402,12500.0,26000.0,1.0,21.785307527701065,20.0,25.0,1.0,0.0,912.0,7.0,30.0
11.0,22.0,11.0,21.0,-121.0,21.0,13.0,-111.0,10.201519540046116,9.0,11.0,30000.0,10000.0,19000.0,0.0,25.555366268186468,16.5,19.0,0.0,10000.0,36903.73922923528,25000.0,0.0,26.85422299412038,17.0,20.0,0.0,122.0,10.198932176406089,9.0,11.0,1.0,12382.299468086285,10000.0,19000.0,1.0,16.5,17.013169680602182,19.0,1.0,19589.964826015825,10000.0,25000.0,1.0,18.369206506092855,17.0,20.0,1.0,0.0,211.0,1.0,20.0
11.0,22.0,11.0,22.0,-121.0,21.0,13.0,-111.0,10.186522195198584,9.0,11.0,30000.0,10000.0,19000.0,0.0,26.484551996987918,16.5,19.0,0.0,10000.0,37038.971032636386,25000.0,0.0,27.806576169010196,17.0,20.0,0.0,122.0,10.168191537398513,9.0,11.0,1.0,15782.249774769316,10000.0,19000.0,1.0,16.5,17.596883076638637,19.0,1.0,22960.36921585663,10000.0,25000.0,1.0,18.945041403584643,17.0,20.0,1.0,0.0,211.0,1.0,31.0
91.0,24.0,91.0,24.0,-721.0,911.0,12.0,-711.0,15.195854484065064,12.0,17.0,30000.0,18000.0,36000.0,1.0,24.387073665200425,20.0,25.0,1.0,18000.0,33997.20318040603,36000.0,1.0,24.87348926931342,20.0,26.0,1.0,722.0,15.147355186290257,12.0,17.0,1.0,29005.628142412057,18000.0,36000.0,1.0,20.0,23.659262601282865,25.0,1.0,32990.17849781936,18000.0,36000.0,1.0,24.1441384959446,20.0,26.0,1.0,1.0,91121.0,7.0,23.0
11.0,22.0,11.0,22.0,-121.0,21.0,13.0,-111.0,10.20180609006271,9.0,11.0,30000.0,10000.0,19000.0,0.0,25.716142656560905,16.5,19.0,0.0,10000.0,37068.38804784473,25000.0,0.0,27.05259585502391,17.0,20.0,0.0,122.0,10.21237729644516,9.0,11.0,1.0,11926.179695124556,10000.0,19000.0,1.0,16.5,17.00651598788931,19.0,1.0,18807.12164923606,10000.0,25000.0,1.0,18.307527876422313,17.0,20.0,1.0,0.0,211.0,1.0,28.0
11.0,22.0,11.0,22.0,-121.0,11.0,11.0,-111.0,10.011128475289908,9.0,11.0,30000.0,10000.0,19000.0,0.0,27.765781747547447,16.5,19.0,0.0,10000.0,36493.9102647749,25000.0,0.0,29.06913656366333,17.0,20.0,0.0,121.0,9.983706545805486,9.0,11.0,1.0,14817.637419226288,10000.0,19000.0,1.0,16.5,17.491697263221027,19.0,1.0,21357.653312644863,10000.0,25000.0,1.0,18.8043056708854,17.0,20.0,1.0,0.0,111.0,1.0,44.0
91.0,24.0,91.0,21.0,-721.0,911.0,12.0,-711.0,15.03926081026423,12.0,17.0,30000.0,18000.0,36000.0,1.0,25.00420542590674,20.0,25.0,0.0,18000.0,33952.28480903578,36000.0,1.0,25.485768400657815,20.0,26.0,1.0,722.0,15.087145467024621,12.0,17.0,1.0,25162.636525300397,18000.0,36000.0,1.0,20.0,23.08033950230394,25.0,1.0,29094.006702222363,18000.0,36000.0,1.0,23.559354150468444,20.0,26.0,1.0,0.0,91121.0,7.0,29.0
11.0,22.0,11.0,22.0,-121.0,11.0,12.0,-111.0,10.186811017222874,9.0,11.0,30000.0,10000.0,19000.0,0.0,23.81903412460059,16.5,19.0,0.0,10000.0,36783.51637527856,25000.0,0.0,25.096565524066655,17.0,20.0,0.0,122.0,10.191490945715833,9.0,11.0,1.0,15589.26158385721,10000.0,19000.0,1.0,16.5,17.660339507308635,19.0,1.0,22608.265803825067,10000.0,25000.0,1.0,18.982220046533474,17.0,20.0,1.0,0.0,111.0,1.0,14.0
91.0,24.0,91.0,24.0,-721.0,911.0,11.0,-711.0,14.78154433461513,12.0,17.0,30000.0,18000.0,36000.0,1.0,24.487645527065254,20.0,25.0,1.0,18000.0,34525.15055085306,36000.0,1.0,25.05317857777201,20.0,26.0,1.0,721.0,14.138801109424408,12.0,17.0,1.0,24715.75584292999,18000.0,36000.0,1.0,20.0,22.31438598478028,25.0,1.0,29246.17048205864,18000.0,36000.0,1.0,22.880576917665365,20.0,26.0,1.0,1.0,91121.0,7.0,28.0
11.0,21.0,11.0,21.0,-121.0,11.0,11.0,-111.0,10.001684347799438,9.0,11.0,30000.0,10000.0,19000.0,0.0,27.58227841018371,16.5,19.0,0.0,10000.0,36552.89092025821,25000.0,0.0,28.89063409850071,17.0,20.0,0.0,121.0,10.006086627780862,9.0,11.0,1.0,13595.698967718441,10000.0,19000.0,1.0,16.5,17.192101849120306,19.0,1.0,20055.31343043036,10000.0,25000.0,1.0,18.48183388181693,17.0,20.0,1.0,0.0,111.0,1.0,56.0
11.0,22.0,11.0,22.0,-121.0,11.0,12.0,-111.0,10.005415510143763,9.0,11.0,30000.0,10000.0,19000.0,0.0,24.382156093669074,16.5,19.0,0.0,10000.0,36508.15803991739,25000.0,0.0,25.680128772855063,17.0,20.0,0.0,121.0,10.010387324283778,9.0,11.0,1.0,16020.239200260497,10000.0,19000.0,1.0,16.5,17.705332950254384,19.0,1.0,22624.940328950684,10000.0,25000.0,1.0,19.022559970042234,17.0,20.0,1.0,0.0,111.0,1.0,49.0
11.0,22.0,11.0,22.0,-121.0,21.0,13.0,-111.0,9.992442151813803,9.0,11.0,30000.0,10000.0,19000.0,0.0,24.780879347320102,16.5,19.0,0.0,10000.0,36443.91115629159,25000.0,0.0,26.071736473436246,17.0,20.0,0.0,121.0,9.998811908191763,9.0,11.0,1.0,15981.168453553582,10000.0,19000.0,1.0,16.5,17.727669718202076,19.0,1.0,22536.652962439515,10000.0,25000.0,1.0,19.040877440685527,17.0,20.0,1.0,0.0,211.0,1.0,13.0
11.0,21.0,11.0,21.0,-121.0,21.0,12.0,-111.0,9.99724886891101,9.0,11.0,30000.0,10000.0,19000.0,0.0,24.826848315239175,16.5,19.0,0.0,10000.0,36496.591740458854,25000.0,0.0,26.128882366396052,17.0,20.0,0.0,121.0,9.996773762816687,9.0,11.0,1.0,14463.685977638967,10000.0,19000.0,1.0,16.5,17.33925623807293,19.0,1.0,20924.231022234177,10000.0,25000.0,1.0,18.63406588182956,17.0,20.0,1.0,0.0,211.0,1.0,6.0
11.0,22.0,11.0,22.0,-121.0,21.0,13.0,-111.0,10.009262195959181,9.0,11.0,30000.0,10000.0,19000.0,0.0,24.752481693010026,16.5,19.0,0.0,10000.0,36410.142207984296,25000.0,0.0,26.03260350542748,17.0,20.0,0.0,121.0,9.992595566259384,9.0,11.0,1.0,11594.251606945209,10000.0,19000.0,1.0,16.5,16.81188574131893,19.0,1.0,18085.892100829537,10000.0,25000.0,1.0,18.108282970110974,17.0,20.0,1.0,0.0,211.0,1.0,31.0
92.0,24.0,92.0,24.0,-721.0,921.0,13.0,-711.0,14.350907030720645,12.0,17.0,30000.0,15000.0,28000.0,0.0,24.206123593354704,19.5,25.0,1.0,15000.0,34472.33446732083,28000.0,0.0,24.764677455554512,20.0,26.0,1.0,721.0,15.506670959394924,12.0,17.0,1.0,20184.381246959558,15000.0,28000.0,1.0,19.5,22.10025511095074,25.0,1.0,24702.32074921127,15000.0,28000.0,1.0,22.664504626859486,20.0,26.0,1.0,0.0,92122.0,7.0,25.0
11.0,22.0,11.0,21.0,-121.0,11.0,12.0,-111.0,9.977806916713341,9.0,11.0,30000.0,10000.0,19000.0,0.0,23.911208656459785,16.5,19.0,0.0,10000.0,36444.1117404854,25000.0,0.0,25.20176214545905,17.0,20.0,0.0,121.0,9.995772341437876,9.0,11.0,1.0,14604.247418863237,10000.0,19000.0,1.0,16.5,17.409556233449322,19.0,1.0,21135.737353960132,10000.0,25000.0,1.0,18.71760883457755,17.0,20.0,1.0,0.0,111.0,1.0,45.0
91.0,24.0,91.0,21.0,-721.0,911.0,12.0,-711.0,14.990126597725286,12.0,17.0,30000.0,18000.0,36000.0,1.0,24.579062917521476,20.0,25.0,1.0,18000.0,34066.43243464116,36000.0,1.0,25.07516606653708,20.0,26.0,1.0,722.0,14.82793534572539,12.0,17.0,1.0,25515.92359909954,18000.0,36000.0,1.0,20.0,22.815280488675345,25.0,1.0,29534.694702400782,18000.0,36000.0,1.0,23.305568974114447,20.0,26.0,1.0,1.0,91121.0,7.0,29.0
11.0,22.0,11.0,22.0,-121.0,21.0,13.0,-111.0,10.203520809489868,9.0,11.0,30000.0,10000.0,19000.0,0.0,25.741985496114715,16.5,19.0,0.0,10000.0,36885.47634103515,25000.0,0.0,27.042314061043975,17.0,20.0,0.0,122.0,10.216682057069589,9.0,11.0,1.0,13495.321029099983,10000.0,19000.0,1.0,16.5,17.289663042316022,19.0,1.0,20545.61724739156,10000.0,25000.0,1.0,18.621117993256863,17.0,20.0,1.0,0.0,211.0,1.0,36.0
11.0,22.0,11.0,22.0,-121.0,11.0,11.0,-111.0,10.008118795543668,9.0,11.0,30000.0,10000.0,19000.0,0.0,24.62004346861707,16.5,19.0,0.0,10000.0,36465.45876533181,25000.0,0.0,25.913428634124603,17.0,20.0,0.0,121.0,9.992487242464737,9.0,11.0,1.0,13257.301935043635,10000.0,19000.0,1.0,16.5,17.165139876231546,19.0,1.0,19738.943466529498,10000.0,25000.0,1.0,18.461762329368657,17.0,20.0,1.0,0.0,111.0,1.0,15.0
11.0,22.0,11.0,21.0,-121.0,11.0,11.0,-111.0,10.013999685426876,9.0,11.0,30000.0,10000.0,19000.0,0.0,23.11958587615656,16.5,19.0,0.0,10000.0,36480.50581163701,25000.0,0.0,24.418988645779137,17.0,20.0,0.0,121.0,9.983405175580955,9.0,11.0,1.0,15051.211073744164,10000.0,19000.0,1.0,16.5,17.48910060563177,19.0,1.0,21589.9865324641,10000.0,25000.0,1.0,18.80018699116416,17.0,20.0,1.0,0.0,111.0,1.0,0.0
11.0,21.0,11.0,22.0,-121.0,11.0,12.0,-111.0,9.99372910984234,9.0,11.0,30000.0,10000.0,19000.0,0.0,25.51941704261357,16.5,19.0,0.0,10000.0,36544.688462371414,25000.0,0.0,26.817754122480473,17.0,20.0,0.0,121.0,9.984986187987735,9.0,11.0,1.0,16022.140212203789,10000.0,19000.0,1.0,16.5,17.724050351003108,19.0,1.0,22506.1148427902,10000.0,25000.0,1.0,19.01034300438272,17.0,20.0,1.0,0.0,111.0,1.0,7.0
11.0,22.0,11.0,22.0,-121.0,21.0,13.0,-111.0,10.20852030915137,9.0,11.0,30000.0,10000.0,19000.0,0.0,25.976990023445456,16.5,19.0,0.0,10000.0,36874.35942757086,25000.0,0.0,27.27294556023405,17.0,20.0,0.0,122.0,10.188195762712363,9.0,11.0,1.0,15698.899483417004,10000.0,19000.0,1.0,16.5,17.652300354072153,19.0,1.0,22671.975219203683,10000.0,25000.0,1.0,18.96686590791783,17.0,20.0,1.0,0.0,211.0,1.0,22.0
11.0,22.0,11.0,22.0,-121.0,11.0,11.0,-111.0,10.00244977885368,9.0,11.0,30000.0,10000.0,19000.0,0.0,24.078325027678577,16.5,19.0,0.0,10000.0,36545.561131724564,25000.0,0.0,25.390907579822304,17.0,20.0,0.0,121.0,9.999475590561865,9.0,11.0,1.0,16812.85030991013,10000.0,19000.0,1.0,16.5,17.929195895392798,19.0,1.0,23254.753219842514,10000.0,25000.0,1.0,19.220991845658922,17.0,20.0,1.0,0.0,111.0,1.0,55.0
11.0,21.0,11.0,22.0,-121.0,11.0,11.0,-111.0,10.179251027740559,9.0,11.0,30000.0,10000.0,19000.0,0.0,25.824756462614815,16.5,19.0,0.0,10000.0,37102.15414683645,25000.0,0.0,27.16512402322184,17.0,20.0,0.0,122.0,10.190645446865954,9.0,11.0,1.0,20207.168265713317,10000.0,19000.0,0.0,16.5,18.539620799987848,19.0,1.0,27135.244309853068,10000.0,25000.0,0.0,19.84713513929854,17.0,20.0,1.0,0.0,111.0,1.0,43.0
11.0,21.0,11.0,22.0,-121.0,21.0,13.0,-111.0,10.0065349696366,9.0,11.0,30000.0,10000.0,19000.0,0.0,26.550806294838843,16.5,19.0,0.0,10000.0,36568.18339509939,25000.0,0.0,27.863276007140385,17.0,20.0,0.0,121.0,10.00485860895215,9.0,11.0,1.0,13578.99191806852,10000.0,19000.0,1.0,16.5,17.23906613150758,19.0,1.0,20051.61811623714,10000.0,25000.0,1.0,18.53244138203486,17.0,20.0,1.0,0.0,211.0,1.0,59.0
11.0,22.0,11.0,21.0,-121.0,11.0,12.0,-111.0,9.979104020466487,9.0,11.0,30000.0,10000.0,19000.0,0.0,25.002060007639102,16.5,19.0,0.0,10000.0,36478.82567020977,25000.0,0.0,26.301070397495398,17.0,20.0,0.0,121.0,9.991311019528268,9.0,11.0,1.0,14436.449588656,10000.0,19000.0,1.0,16.5,17.37247209475442,19.0,1.0,21019.44319116007,10000.0,25000.0,1.0,18.69236824898038,17.0,20.0,1.0,0.0,111.0,1.0,45.0
11.0,21.0,11.0,22.0,-121.0,21.0,13.0,-111.0,10.194134784232585,9.0,11.0,30000.0,10000.0,19000.0,0.0,28.985839160669965,16.5,19.0,0.0,10000.0,36925.093276922795,25000.0,0.0,30.293969105603956,17.0,20.0,0.0,122.0,10.202088866688069,9.0,11.0,1.0,13525.211349129291,10000.0,19000.0,1.0,16.5,17.31588294032175,19.0,1.0,20342.626132931895,10000.0,25000.0,1.0,18.603672731608242,17.0,20.0,1.0,0.0,211.0,1.0,9.0
11.0,22.0,11.0,21.0,-121.0,11.0,11.0,-111.0,10.174516776271632,9.0,11.0,30000.0,10000.0,19000.0,0.0,23.056604964279693,16.5,19.0,0.0,10000.0,37006.11786430359,25000.0,0.0,24.380297298023763,17.0,20.0,0.0,122.0,10.191497785114056,9.0,11.0,1.0,12662.459301414241,10000.0,19000.0,1.0,16.5,17.06906798958755,19.0,1.0,19517.022931811884,10000.0,25000.0,1.0,18.364126608990347,17.0,20.0,1.0,0.0,111.0,1.0,1.0
11.0,21.0,11.0,22.0,-121.0,11.0,11.0,-111.0,10.191493279731485,9.0,11.0,30000.0,10000.0,19000.0,0.0,26.238289818812508,16.5,19.0,0.0,10000.0,36938.76160501815,25000.0,0.0,27.552171324150077,17.0,20.0,0.0,122.0,10.185666857773338,9.0,11.0,1.0,11072.862552877765,10000.0,19000.0,1.0,16.5,16.817235398275223,19.0,1.0,18077.32864402279,10000.0,25000.0,1.0,18.14355830368588,17.0,20.0,1.0,0.0,111.0,1.0,29.0
11.0,22.0,11.0,22.0,-121.0,21.0,13.0,-111.0,10.20996973740549,9.0,11.0,30000.0,10000.0,19000.0,0.0,26.288061025984536,16.5,19.0,0.0,10000.0,36996.95986453941,25000.0,0.0,27.61048066792717,17.0,20.0,0.0,122.0,10.188199713936362,9.0,11.0,1.0,17360.09664329075,10000.0,19000.0,1.0,16.5,17.98093891408275,19.0,1.0,24337.05251636503,10000.0,25000.0,1.0,19.29957781814166,17.0,20.0,1.0,0.0,211.0,1.0,16.0
11.0,21.0,11.0,22.0,-121.0,21.0,13.0,-111.0,10.202302964581481,9.0,11.0,30000.0,10000.0,19000.0,0.0,27.767720239692757,16.5,19.0,0.0,10000.0,37007.186803988465,25000.0,0.0,29.092392297616428,17.0,20.0,0.0,122.0,10.196018081159787,9.0,11.0,1.0,13633.974147276256,10000.0,19000.0,1.0,16.5,17.256744142977148,19.0,1.0,20569.38392382607,10000.0,25000.0,1.0,18.567847128845443,17.0,20.0,1.0,0.0,211.0,1.0,24.0
11.0,22.0,11.0,21.0,-121.0,11.0,11.0,-111.0,10.008995494555599,9.0,11.0,30000.0,10000.0,19000.0,0.0,25.19158074358672,16.5,19.0,0.0,10000.0,36566.58377600904,25000.0,0.0,26.511424120554132,17.0,20.0,0.0,121.0,9.977024148400687,9.0,11.0,1.0,10571.23905838765,10000.0,19000.0,1.0,16.5,16.567018528787923,19.0,1.0,17067.694230290123,10000.0,25000.0,1.0,17.872766483108908,17.0,20.0,1.0,0.0,111.0,1.0,26.0
91.0,24.0,91.0,24.0,-721.0,911.0,12.0,-711.0,14.828432204094494,12.0,17.0,30000.0,18000.0,36000.0,1.0,24.086419714058927,20.0,25.0,1.0,18000.0,34493.02127715087,36000.0,1.0,24.646943463102374,20.0,26.0,1.0,721.0,15.209773383109244,12.0,17.0,1.0,26226.876836778923,18000.0,36000.0,1.0,20.0,23.543490181177134,25.0,1.0,30735.660880916847,18000.0,36000.0,1.0,24.105980403268866,20.0,26.0,1.0,1.0,91121.0,7.0,8.0
81.0,23.0,81.0,23.0,-721.0,912.0,12.0,-711.0,15.415614374841917,12.0,17.0,30000.0,12500.0,23000.0,0.0,26.402384056237832,20.0,24.0,0.0,12500.0,33913.75034166337,26000.0,0.0,26.877365445840677,20.0,25.0,0.0,722.0,15.258553264961487,12.0,17.0,1.0,16041.249750087716,12500.0,23000.0,1.0,20.0,21.75566327148222,24.0,1.0,19950.207586205535,12500.0,26000.0,1.0,22.23006303202215,20.0,25.0,1.0,0.0,912.0,7.0,5.0
11.0,22.0,11.0,21.0,-121.0,11.0,12.0,-111.0,10.002755567357344,9.0,11.0,30000.0,10000.0,19000.0,0.0,24.91944327192268,16.5,19.0,0.0,10000.0,36452.70902443334,25000.0,0.0,26.217691731358652,17.0,20.0,0.0,121.0,9.990971452784793,9.0,11.0,1.0,13749.562504299944,10000.0,19000.0,1.0,16.5,17.23970089405315,19.0,1.0,20194.602831926644,10000.0,25000.0,1.0,18.536406455184334,17.0,20.0,1.0,0.0,111.0,1.0,46.0
11.0,22.0,11.0,22.0,-121.0,21.0,12.0,-111.0,9.999027795961114,9.0,11.0,30000.0,10000.0,19000.0,0.0,23.749118661021242,16.5,19.0,0.0,10000.0,36484.88055603733,25000.0,0.0,25.047141916229727,17.0,20.0,0.0,121.0,10.012491306762323,9.0,11.0,1.0,15550.603223358945,10000.0,19000.0,1.0,16.5,17.639995944852945,19.0,1.0,21972.978456852128,10000.0,25000.0,1.0,18.925508042525756,17.0,20.0,1.0,0.0,211.0,1.0,23.0
11.0,22.0,11.0,22.0,-121.0,21.0,13.0,-111.0,10.218460582146408,9.0,11.0,30000.0,10000.0,19000.0,0.0,24.12317827029276,16.5,19.0,0.0,10000.0,36855.961579315896,25000.0,0.0,25.412531425095136,17.0,20.0,0.0,122.0,10.194022632816294,9.0,11.0,1.0,14938.637791027033,10000.0,19000.0,1.0,16.5,17.51182306060092,19.0,1.0,21889.350483078597,10000.0,25000.0,1.0,18.81899540016876,17.0,20.0,1.0,0.0,211.0,1.0,8.0
11.0,21.0,11.0,22.0,-121.0,21.0,13.0,-111.0,10.007949181688177,9.0,11.0,30000.0,10000.0,19000.0,0.0,27.042332702085872,16.5,19.0,0.0,10000.0,36589.06120579561,25000.0,0.0,28.36333384266082,17.0,20.0,0.0,121.0,9.984690459684382,9.0,11.0,1.0,14752.447825609093,10000.0,19000.0,1.0,16.5,17.442389068301924,19.0,1.0,21199.154616554333,10000.0,25000.0,1.0,18.734850430825055,17.0,20.0,1.0,0.0,211.0,1.0,24.0
11.0,21.0,11.0,22.0,-121.0,21.0,13.0,-111.0,10.005734507625542,9.0,11.0,30000.0,10000.0,19000.0,0.0,27.093459508577787,16.5,19.0,0.0,10000.0,36461.89073683146,25000.0,0.0,28.38565333407683,17.0,20.0,0.0,121.0,9.996605705651097,9.0,11.0,1.0,14055.792704188214,10000.0,19000.0,1.0,16.5,17.352443218377186,19.0,1.0,20568.336351304173,10000.0,25000.0,1.0,18.654766181086817,17.0,20.0,1.0,0.0,211.0,1.0,32.0
11.0,22.0,11.0,22.0,-121.0,21.0,13.0,-111.0,9.985521060826224,9.0,11.0,30000.0,10000.0,19000.0,0.0,25.539996603421248,16.5,19.0,0.0,10000.0,36465.66113506343,25000.0,0.0,26.83514472966485,17.0,20.0,0.0,121.0,10.003475785660182,9.0,11.0,1.0,14009.742212538496,10000.0,19000.0,1.0,16.5,17.32735722829113,19.0,1.0,20475.079560170612,10000.0,25000.0,1.0,18.622440496096253,17.0,20.0,1.0,0.0,211.0,1.0,8.0
11.0,22.0,11.0,22.0,-121.0,11.0,11.0,-111.0,10.187374043795659,9.0,11.0,30000.0,10000.0,19000.0,0.0,25.532167087437372,16.5,19.0,0.0,10000.0,37230.446647937635,25000.0,0.0,26.89942928938492,17.0,20.0,0.0,122.0,10.198003311892947,9.0,11.0,1.0,15430.684691785184,10000.0,19000.0,1.0,16.5,17.645076887898554,19.0,1.0,22445.069264329293,10000.0,25000.0,1.0,18.97148220736787,17.0,20.0,1.0,0.0,111.0,1.0,44.0
11.0,22.0,11.0,21.0,-121.0,11.0,11.0,-111.0,10.194063750688233,9.0,11.0,30000.0,10000.0,19000.0,0.0,24.21109181959172,16.5,19.0,0.0,10000.0,36957.00124292332,25000.0,0.0,25.523164019607663,17.0,20.0,0.0,122.0,10.203961189338976,9.0,11.0,1.0,16228.139476049611,10000.0,19000.0,1.0,16.5,17.74611945268382,19.0,1.0,23252.929294734313,10000.0,25000.0,1.0,19.07097640041354,17.0,20.0,1.0,0.0,111.0,1.0,54.0
11.0,22.0,11.0,21.0,-121.0,11.0,11.0,-111.0,9.992297647560324,9.0,11.0,30000.0,10000.0,19000.0,0.0,25.1369781680949,16.5,19.0,0.0,10000.0,36524.051386824074,25000.0,0.0,26.44928962338366,17.0,20.0,0.0,121.0,10.014442789008026,9.0,11.0,1.0,12783.218797833037,10000.0,19000.0,1.0,16.5,17.054090159300316,19.0,1.0,19218.02210264138,10000.0,25000.0,1.0,18.348449383153817,17.0,20.0,1.0,0.0,111.0,1.0,0.0
11.0,22.0,11.0,22.0,-121.0,21.0,13.0,-111.0,10.002851784477224,9.0,11.0,30000.0,10000.0,19000.0,0.0,25.33134205052787,16.5,19.0,0.0,10000.0,36445.2217724173,25000.0,0.0,26.61315389203773,17.0,20.0,0.0,121.0,10.006338155851244,9.0,11.0,1.0,15496.531545815682,10000.0,19000.0,1.0,16.5,17.673039469264975,19.0,1.0,21994.273969339927,10000.0,25000.0,1.0,18.965296504887597,17.0,20.0,1.0,0.0,211.0,1.0,4.0
11.0,22.0,11.0,22.0,-121.0,11.0,11.0,-111.0,10.207770039312882,9.0,11.0,30000.0,10000.0,19000.0,0.0,25.091833725093636,16.5,19.0,0.0,10000.0,36938.298482051985,25000.0,0.0,26.398634837960284,17.0,20.0,0.0,122.0,10.21768386382125,9.0,11.0,1.0,21162.72810583238,10000.0,19000.0,0.0,16.5,18.746591240563248,19.0,1.0,28233.80258066414,10000.0,25000.0,0.0,20.078400187205773,17.0,20.0,0.0,0.0,111.0,1.0,17.0
11.0,21.0,11.0,22.0,-121.0,11.0,11.0,-111.0,10.000227520706705,9.0,11.0,30000.0,10000.0,19000.0,0.0,24.281478870369405,16.5,19.0,0.0,10000.0,36464.13671617217,25000.0,0.0,25.57959432553401,17.0,20.0,0.0,121.0,10.00109355197479,9.0,11.0,1.0,15810.169396337858,10000.0,19000.0,1.0,16.5,17.72884569650812,19.0,1.0,22259.052289949035,10000.0,25000.0,1.0,19.023897908476272,17.0,20.0,1.0,0.0,111.0,1.0,43.0
11.0,22.0,11.0,22.0,-121.0,11.0,11.0,-111.0,10.196825984519721,9.0,11.0,30000.0,10000.0,19000.0,0.0,24.354561828544263,16.5,19.0,0.0,10000.0,37061.571939131914,25000.0,0.0,25.686876856744995,17.0,20.0,0.0,122.0,10.193831030022725,9.0,11.0,1.0,10074.65601903723,10000.0,19000.0,1.0,16.5,16.58449993411546,19.0,1.0,17165.488081212272,10000.0,25000.0,1.0,17.92233550391704,17.0,20.0,1.0,0.0,111.0,1.0,15.0
11.0,21.0,11.0,22.0,-121.0,21.0,13.0,-111.0,10.223309672802147,9.0,11.0,30000.0,10000.0,19000.0,0.0,27.703563972444805,16.5,19.0,0.0,10000.0,37060.69635789804,25000.0,0.0,29.038888639919396,17.0,20.0,0.0,122.0,10.200713723653067,9.0,11.0,1.0,13362.892579270134,10000.0,19000.0,1.0,16.5,17.244069201560492,19.0,1.0,20366.07004249562,10000.0,25000.0,1.0,18.568515848651693,17.0,20.0,1.0,0.0,211.0,1.0,52.0
11.0,22.0,11.0,21.0,-121.0,21.0,13.0,-111.0,10.18783268085665,9.0,11.0,30000.0,10000.0,19000.0,0.0,25.626680851359914,16.5,19.0,0.0,10000.0,36995.09111684165,25000.0,0.0,26.945825204447647,17.0,20.0,0.0,122.0,10.193233296801699,9.0,11.0,1.0,13956.952569239387,10000.0,19000.0,1.0,16.5,17.289584495770768,19.0,1.0,21013.126555959065,10000.0,25000.0,1.0,18.620247944396226,17.0,20.0,1.0,0.0,211.0,1.0,58.0
11.0,21.0,11.0,22.0,-121.0,11.0,12.0,-111.0,10.194922236992024,9.0,11.0,30000.0,10000.0,19000.0,0.0,25.03722466197488,16.5,19.0,0.0,10000.0,36978.06903423328,25000.0,0.0,26.355924561923345,17.0,20.0,0.0,122.0,10.20459027995062,9.0,11.0,1.0,18280.71649563229,10000.0,19000.0,1.0,16.5,18.205949162689617,19.0,1.0,25213.548043496077,10000.0,25000.0,0.0,19.516100183505944,17.0,20.0,1.0,0.0,111.0,1.0,7.0
81.0,23.0,81.0,23.0,-721.0,912.0,11.0,-711.0,15.463641852913831,12.0,17.0,30000.0,12500.0,23000.0,0.0,26.814589291587826,20.0,24.0,0.0,12500.0,34496.29774514479,26000.0,0.0,27.374888960732942,20.0,25.0,0.0,721.0,15.559834863053972,12.0,17.0,1.0,17881.35187187834,12500.0,23000.0,1.0,20.0,22.27948512422389,24.0,1.0,22388.353481171303,12500.0,26000.0,1.0,22.841118639986984,20.0,25.0,1.0,0.0,912.0,7.0,17.0
11.0,22.0,11.0,21.0,-121.0,21.0,13.0,-111.0,10.004904315775086,9.0,11.0,30000.0,10000.0,19000.0,0.0,25.866251857775573,16.5,19.0,0.0,10000.0,36499.01959166093,25000.0,0.0,27.162324381586718,17.0,20.0,0.0,121.0,9.994761666638448,9.0,11.0,1.0,10722.564557857753,10000.0,19000.0,1.0,16.5,16.61046535130188,19.0,1.0,17199.098288774276,10000.0,25000.0,1.0,17.902053613160273,17.0,20.0,1.0,0.0,211.0,1.0,2.0
91.0,24.0,91.0,24.0,-721.0,911.0,12.0,-711.0,15.098897838891954,12.0,17.0,30000.0,18000.0,36000.0,1.0,25.94319723479189,20.0,25.0,0.0,18000.0,34032.58913967396,36000.0,1.0,26.435675397241017,20.0,26.0,0.0,722.0,15.320216345261501,12.0,17.0,1.0,31410.523148427605,18000.0,36000.0,1.0,20.0,24.15772197740879,25.0,1.0,35465.32357975612,18000.0,36000.0,1.0,24.652912684012747,20.0,26.0,1.0,0.0,91121.0,7.0,24.0
11.0,22.0,11.0,22.0,-121.0,21.0,13.0,-111.0,10.186441902604024,9.0,11.0,30000.0,10000.0,19000.0,0.0,24.180256893605456,16.5,19.0,0.0,10000.0,37115.22460558002,25000.0,0.0,25.522452092809566,17.0,20.0,0.0,122.0,10.168640701181676,9.0,11.0,1.0,14543.176207248436,10000.0,19000.0,1.0,16.5,17.45745171999645,19.0,1.0,21524.23644228412,10000.0,25000.0,1.0,18.774338543986705,17.0,20.0,1.0,0.0,211.0,1.0,19.0
11.0,21.0,11.0,22.0,-121.0,21.0,13.0,-111.0,10.218191885797157,9.0,11.0,30000.0,10000.0,19000.0,0.0,25.979406009409512,16.5,19.0,0.0,10000.0,37118.924171644816,25000.0,0.0,27.325225618101012,17.0,20.0,0.0,122.0,10.205238797799742,9.0,11.0,1.0,14663.814864708711,10000.0,19000.0,1.0,16.5,17.56993731511333,19.0,1.0,21621.7497190555,10000.0,25000.0,1.0,18.88532218748996,17.0,20.0,1.0,0.0,211.0,1.0,24.0
11.0,22.0,11.0,22.0,-121.0,21.0,13.0,-111.0,10.184606201137537,9.0,11.0,30000.0,10000.0,19000.0,0.0,26.658206577570255,16.5,19.0,0.0,10000.0,37165.69804452327,25000.0,0.0,28.00874848060981,17.0,20.0,0.0,122.0,10.214394049076663,9.0,11.0,1.0,14090.407375046354,10000.0,19000.0,1.0,16.5,17.44639450686723,19.0,1.0,21143.00127701739,10000.0,25000.0,1.0,18.775619312399318,17.0,20.0,1.0,0.0,211.0,1.0,31.0
11.0,22.0,11.0,22.0,-121.0,11.0,11.0,-111.0,10.208936330939963,9.0,11.0,30000.0,10000.0,19000.0,0.0,25.39771550698635,16.5,19.0,0.0,10000.0,37029.21286238337,25000.0,0.0,26.71956724468041,17.0,20.0,0.0,122.0,10.203201269557537,9.0,11.0,1.0,17953.573752475553,10000.0,19000.0,1.0,16.5,18.109997081476045,19.0,1.0,24958.63357667764,10000.0,25000.0,1.0,19.427306811961675,17.0,20.0,1.0,0.0,111.0,1.0,55.0
11.0,22.0,11.0,22.0,-121.0,21.0,13.0,-111.0,9.99173732061067,9.0,11.0,30000.0,10000.0,19000.0,0.0,23.946613875996746,16.5,19.0,0.0,10000.0,36538.586297059876,25000.0,0.0,25.254611618146267,17.0,20.0,0.0,121.0,10.01179549690115,9.0,11.0,1.0,16490.977245860766,10000.0,19000.0,1.0,16.5,17.792608772335868,19.0,1.0,22953.965012528206,10000.0,25000.0,1.0,19.085483565491415,17.0,20.0,1.0,0.0,211.0,1.0,47.0
11.0,22.0,11.0,22.0,-121.0,21.0,13.0,-111.0,10.202856321005667,9.0,11.0,30000.0,10000.0,19000.0,0.0,24.729044074087128,16.5,19.0,0.0,10000.0,37171.74378581356,25000.0,0.0,26.080039733690647,17.0,20.0,0.0,122.0,10.20029710869994,9.0,11.0,1.0,14810.46560187318,10000.0,19000.0,1.0,16.5,17.506896730103318,19.0,1.0,21920.868442968607,10000.0,25000.0,1.0,18.846337131662885,17.0,20.0,1.0,0.0,211.0,1.0,47.0
91.0,21.0,91.0,24.0,-721.0,911.0,12.0,-711.0,15.258503804132836,12.0,17.0,30000.0,18000.0,36000.0,1.0,24.64021023626013,20.0,25.0,1.0,18000.0,33951.69676735327,36000.0,1.0,25.12403731139283,20.0,26.0,1.0,722.0,14.883770856399494,12.0,17.0,1.0,24536.19650130556,18000.0,36000.0,1.0,20.0,22.9629557231041,25.0,1.0,28625.55347892344,18000.0,36000.0,1.0,23.463637263752652,20.0,26.0,1.0,1.0,91121.0,7.0,19.0
81.0,23.0,81.0,23.0,-721.0,912.0,11.0,-711.0,14.54807354792487,12.0,17.0,30000.0,12500.0,23000.0,0.0,25.22733906557969,20.0,24.0,0.0,12500.0,34587.15992721314,26000.0,0.0,25.799784150228884,20.0,25.0,0.0,721.0,14.632316976537785,12.0,17.0,1.0,17406.335512821304,12500.0,23000.0,1.0,20.0,21.335911312631353,24.0,1.0,21887.56168811089,12500.0,26000.0,1.0,21.895136614986203,20.0,25.0,1.0,0.0,912.0,7.0,17.0
11.0,21.0,11.0,22.0,-121.0,21.0,13.0,-111.0,10.197289603710809,9.0,11.0,30000.0,10000.0,19000.0,0.0,27.115419403079898,16.5,19.0,0.0,10000.0,36805.019609724484,25000.0,0.0,28.398534078120072,17.0,20.0,0.0,122.0,10.179903779608292,9.0,11.0,1.0,14385.458448392446,10000.0,19000.0,1.0,16.5,17.419433917807932,19.0,1.0,21466.717835729647,10000.0,25000.0,1.0,18.754634748776034,17.0,20.0,1.0,0.0,211.0,1.0,9.0
11.0,22.0,11.0,21.0,-121.0,21.0,13.0,-111.0,10.21890149248356,9.0,11.0,30000.0,10000.0,19000.0,0.0,26.33113804721117,16.5,19.0,0.0,10000.0,37133.872706379516,25000.0,0.0,27.678644585117297,17.0,20.0,0.0,122.0,10.201055109075288,9.0,11.0,1.0,10742.74834725466,10000.0,19000.0,1.0,16.5,16.683692911611235,19.0,1.0,17745.92959035437,10000.0,25000.0,1.0,18.006513334630483,17.0,20.0,1.0,0.0,211.0,1.0,33.0
11.0,22.0,11.0,22.0,-121.0,21.0,13.0,-111.0,10.203060056610465,9.0,11.0,30000.0,10000.0,19000.0,0.0,26.105975153297365,16.5,19.0,0.0,10000.0,37087.98867390911,25000.0,0.0,27.441577400777415,17.0,20.0,0.0,122.0,10.20816999971384,9.0,11.0,1.0,13838.665644326937,10000.0,19000.0,1.0,16.5,17.38407244909486,19.0,1.0,20872.999427903655,10000.0,25000.0,1.0,18.70956441065134,17.0,20.0,1.0,0.0,211.0,1.0,41.0
91.0,24.0,91.0,24.0,-721.0,911.0,11.0,-711.0,15.10587444482502,12.0,17.0,30000.0,18000.0,36000.0,1.0,23.912269370072707,20.0,25.0,1.0,18000.0,33951.38610408919,36000.0,1.0,24.39121579865403,20.0,26.0,1.0,722.0,15.099642795931896,12.0,17.0,1.0,24703.478125670084,18000.0,36000.0,1.0,20.0,23.027022510949934,25.0,1.0,28707.9107259928,18000.0,36000.0,1.0,23.512398690826252,20.0,26.0,1.0,1.0,91121.0,7.0,0.0
11.0,22.0,11.0,22.0,-121.0,11.0,11.0,-111.0,10.181227522390948,9.0,11.0,30000.0,10000.0,19000.0,0.0,23.028938900084196,16.5,19.0,0.0,10000.0,37109.281328219426,25000.0,0.0,24.373683185317272,17.0,20.0,0.0,122.0,10.208733314007398,9.0,11.0,1.0,16720.609480022053,10000.0,19000.0,1.0,16.5,17.89164698753309,19.0,1.0,23896.603883048374,10000.0,25000.0,1.0,19.249010273471736,17.0,20.0,1.0,0.0,111.0,1.0,50.0
11.0,22.0,11.0,22.0,-121.0,21.0,13.0,-111.0,10.20206126221415,9.0,11.0,30000.0,10000.0,19000.0,0.0,25.870047534407895,16.5,19.0,0.0,10000.0,36932.0572448467,25000.0,0.0,27.17855637105588,17.0,20.0,0.0,122.0,10.19487190033347,9.0,11.0,1.0,15410.366535218443,10000.0,19000.0,1.0,16.5,17.68771312470392,19.0,1.0,22517.78136080925,10000.0,25000.0,1.0,19.029322805137845,17.0,20.0,1.0,0.0,211.0,1.0,31.0
11.0,22.0,11.0,22.0,-121.0,11.0,12.0,-111.0,10.209111089232742,9.0,11.0,30000.0,10000.0,19000.0,0.0,24.60506945333116,16.5,19.0,0.0,10000.0,37035.70772028197,25000.0,0.0,25.926095407606756,17.0,20.0,0.0,122.0,10.210335398116953,9.0,11.0,1.0,15284.940952838437,10000.0,19000.0,1.0,16.5,17.60608489035247,19.0,1.0,22299.961804145558,10000.0,25000.0,1.0,18.92322667377917,17.0,20.0,1.0,0.0,111.0,1.0,42.0
91.0,21.0,91.0,24.0,-721.0,911.0,11.0,-711.0,15.223120716847582,12.0,17.0,30000.0,18000.0,36000.0,1.0,25.721561746360535,20.0,25.0,0.0,18000.0,33874.145442495486,36000.0,1.0,26.196090289614826,20.0,26.0,0.0,722.0,15.246235862111629,12.0,17.0,1.0,27055.36373410226,18000.0,36000.0,1.0,20.0,23.526605441486254,25.0,1.0,31054.200357312395,18000.0,36000.0,1.0,24.016406907561706,20.0,26.0,1.0,0.0,91121.0,7.0,18.0
11.0,22.0,11.0,22.0,-121.0,21.0,13.0,-111.0,10.19944721707013,9.0,11.0,30000.0,10000.0,19000.0,0.0,25.516775376784807,16.5,19.0,0.0,10000.0,37069.48793885564,25000.0,0.0,26.851228812265987,17.0,20.0,0.0,122.0,10.215232317505757,9.0,11.0,1.0,16445.148569203662,10000.0,19000.0,1.0,16.5,17.8626782735229,19.0,1.0,23473.86120373767,10000.0,25000.0,1.0,19.18943486513004,17.0,20.0,1.0,0.0,211.0,1.0,19.0
11.0,21.0,11.0,22.0,-121.0,11.0,12.0,-111.0,10.18492617440747,9.0,11.0,30000.0,10000.0,19000.0,0.0,24.257649225204474,16.5,19.0,0.0,10000.0,37041.43038391279,25000.0,0.0,25.589780202133863,17.0,20.0,0.0,122.0,10.181573966232445,9.0,11.0,1.0,16518.92099830628,10000.0,19000.0,1.0,16.5,17.789609800990114,19.0,1.0,23405.67010275164,10000.0,25000.0,1.0,19.09247744466261,17.0,20.0,1.0,0.0,111.0,1.0,7.0
11.0,22.0,11.0,21.0,-121.0,11.0,11.0,-111.0,10.18835955890547,9.0,11.0,30000.0,10000.0,19000.0,0.0,25.637111348560417,16.5,19.0,0.0,10000.0,37060.01930733834,25000.0,0.0,26.968755953768316,17.0,20.0,0.0,122.0,10.210845149472357,9.0,11.0,1.0,13424.667242488,10000.0,19000.0,1.0,16.5,17.23711185312589,19.0,1.0,20397.61676278655,10000.0,25000.0,1.0,18.55233355534433,17.0,20.0,1.0,0.0,111.0,1.0,12.0
11.0,22.0,11.0,22.0,-121.0,21.0,12.0,-111.0,9.981773487967535,9.0,11.0,30000.0,10000.0,19000.0,0.0,24.84923954970938,16.5,19.0,0.0,10000.0,36530.71659044417,25000.0,0.0,26.152794583121928,17.0,20.0,0.0,121.0,10.011406276427271,9.0,11.0,1.0,16454.43507174577,10000.0,19000.0,1.0,16.5,17.842580790317268,19.0,1.0,22895.0158235627,10000.0,25000.0,1.0,19.128144379068853,17.0,20.0,1.0,0.0,211.0,1.0,25.0
91.0,24.0,91.0,24.0,-721.0,911.0,11.0,-711.0,15.160643277305802,12.0,17.0,30000.0,18000.0,36000.0,1.0,24.36287810415014,20.0,25.0,1.0,18000.0,33963.45712110351,36000.0,1.0,24.84808038450012,20.0,26.0,1.0,722.0,15.04595929181602,12.0,17.0,1.0,26221.61790581674,18000.0,36000.0,1.0,20.0,23.25520218397795,25.0,1.0,30168.85177432014,18000.0,36000.0,1.0,23.738418430692203,20.0,26.0,1.0,1.0,91121.0,7.0,0.0
11.0,22.0,11.0,21.0,-121.0,11.0,11.0,-111.0,9.980916742444052,9.0,11.0,30000.0,10000.0,19000.0,0.0,24.077910443672575,16.5,19.0,0.0,10000.0,36516.32979077029,25000.0,0.0,25.38220211152395,17.0,20.0,0.0,121.0,10.018439903743909,9.0,11.0,1.0,16493.46473905769,10000.0,19000.0,1.0,16.5,17.81775869170366,19.0,1.0,22952.466716547315,10000.0,25000.0,1.0,19.11057577315457,17.0,20.0,1.0,0.0,111.0,1.0,26.0
11.0,22.0,11.0,21.0,-121.0,11.0,12.0,-111.0,10.215085252002048,9.0,11.0,30000.0,10000.0,19000.0,0.0,24.504873810151594,16.5,19.0,0.0,10000.0,36912.73179417999,25000.0,0.0,25.8102392618633,17.0,20.0,0.0,122.0,10.21737563360976,9.0,11.0,1.0,13530.086153506752,10000.0,19000.0,1.0,16.5,17.247608226589254,19.0,1.0,20507.69039114997,10000.0,25000.0,1.0,18.56522386375388,17.0,20.0,1.0,0.0,111.0,1.0,10.0
11.0,22.0,11.0,22.0,-121.0,21.0,13.0,-111.0,10.209341845531533,9.0,11.0,30000.0,10000.0,19000.0,0.0,26.628138788994423,16.5,19.0,0.0,10000.0,36850.382779564614,25000.0,0.0,27.91919904285959,17.0,20.0,0.0,122.0,10.237871643970747,9.0,11.0,1.0,13756.492818723531,10000.0,19000.0,1.0,16.5,17.35582855266881,19.0,1.0,20636.887395072412,10000.0,25000.0,1.0,18.652544992359218,17.0,20.0,1.0,0.0,211.0,1.0,13.0
11.0,21.0,11.0,22.0,-121.0,11.0,11.0,-111.0,10.004850701879608,9.0,11.0,30000.0,10000.0,19000.0,0.0,23.594969445330246,16.5,19.0,0.0,10000.0,36457.08007806518,25000.0,0.0,24.89132316184294,17.0,20.0,0.0,121.0,9.994342766087689,9.0,11.0,1.0,16343.214639166972,10000.0,19000.0,1.0,16.5,17.79771096877532,19.0,1.0,22761.70318633339,10000.0,25000.0,1.0,19.08631686833334,17.0,20.0,1.0,0.0,111.0,1.0,35.0
91.0,24.0,91.0,24.0,-721.0,911.0,12.0,-711.0,15.026507373407549,12.0,17.0,30000.0,18000.0,36000.0,1.0,24.555170354243714,20.0,25.0,1.0,18000.0,33846.405649469074,36000.0,1.0,25.02394076432806,20.0,26.0,1.0,722.0,15.073848530310473,12.0,17.0,1.0,30074.86813995963,18000.0,36000.0,1.0,20.0,23.815722167378098,25.0,1.0,34095.677287779545,18000.0,36000.0,1.0,24.305747537779318,20.0,26.0,1.0,1.0,91121.0,7.0,27.0
11.0,22.0,11.0,22.0,-121.0,11.0,12.0,-111.0,10.196038696654615,9.0,11.0,30000.0,10000.0,19000.0,0.0,23.501718100511514,16.5,19.0,0.0,10000.0,36930.091571933335,25000.0,0.0,24.806887482108937,17.0,20.0,0.0,122.0,10.186090081551734,9.0,11.0,1.0,16684.02434945135,10000.0,19000.0,1.0,16.5,17.839114563749657,19.0,1.0,23736.647391618262,10000.0,25000.0,1.0,19.167360743333223,17.0,20.0,1.0,0.0,111.0,1.0,40.0
11.0,22.0,11.0,22.0,-121.0,21.0,13.0,-111.0,9.99492009483659,9.0,11.0,30000.0,10000.0,19000.0,0.0,26.454887324054262,16.5,19.0,0.0,10000.0,36538.68139311906,25000.0,0.0,27.76023750247635,17.0,20.0,0.0,121.0,10.00949948587751,9.0,11.0,1.0,14025.865600328169,10000.0,19000.0,1.0,16.5,17.366779904666824,19.0,1.0,20436.952164092876,10000.0,25000.0,1.0,18.646657679212694,17.0,20.0,1.0,0.0,211.0,1.0,16.0
11.0,22.0,11.0,22.0,-121.0,21.0,12.0,-111.0,10.00867530571256,9.0,11.0,30000.0,10000.0,19000.0,0.0,24.78022706243182,16.5,19.0,0.0,10000.0,36424.9186323837,25000.0,0.0,26.069009969306734,17.0,20.0,0.0,121.0,9.97794781808751,9.0,11.0,1.0,15384.799228862606,10000.0,19000.0,1.0,16.5,17.641702641675323,19.0,1.0,21853.037186003377,10000.0,25000.0,1.0,18.939175029067997,17.0,20.0,1.0,0.0,211.0,1.0,23.0
81.0,23.0,81.0,23.0,-721.0,912.0,11.0,-711.0,15.297695456045181,12.0,17.0,30000.0,12500.0,23000.0,0.0,26.55990586077398,20.0,24.0,0.0,12500.0,33998.98021541967,26000.0,0.0,27.049273000312308,20.0,25.0,0.0,722.0,15.390795824560678,12.0,17.0,1.0,14225.625108672983,12500.0,23000.0,1.0,20.0,21.749381961720474,24.0,1.0,18273.048694371984,12500.0,26000.0,1.0,22.244677261006075,20.0,25.0,1.0,0.0,912.0,7.0,17.0
91.0,24.0,91.0,24.0,-721.0,911.0,12.0,-711.0,14.819104553521345,12.0,17.0,30000.0,18000.0,36000.0,1.0,23.829814226632735,20.0,25.0,1.0,18000.0,34524.95506044247,36000.0,1.0,24.394055945742142,20.0,26.0,1.0,721.0,15.622114219524711,12.0,17.0,1.0,28353.431174448036,18000.0,36000.0,1.0,20.0,24.167976710057417,25.0,1.0,32831.09481475553,18000.0,36000.0,1.0,24.726321399950034,20.0,26.0,1.0,1.0,91121.0,7.0,27.0
11.0,22.0,11.0,22.0,-121.0,21.0,12.0,-111.0,10.004904506363554,9.0,11.0,30000.0,10000.0,19000.0,0.0,24.85710589914894,16.5,19.0,0.0,10000.0,36511.21106877172,25000.0,0.0,26.162388352503026,17.0,20.0,0.0,121.0,9.989309787293447,9.0,11.0,1.0,15842.342329370504,10000.0,19000.0,1.0,16.5,17.711372636883322,19.0,1.0,22286.587728456838,10000.0,25000.0,1.0,19.00323068843347,17.0,20.0,1.0,0.0,211.0,1.0,23.0
91.0,24.0,91.0,24.0,-721.0,911.0,11.0,-711.0,15.740183623027786,12.0,17.0,30000.0,18000.0,36000.0,1.0,25.322531045579268,20.0,25.0,0.0,18000.0,34461.382867895525,36000.0,1.0,25.88020629170818,20.0,26.0,1.0,721.0,15.482855721017215,12.0,17.0,1.0,23981.28993999042,18000.0,36000.0,1.0,20.0,23.514065189985576,25.0,1.0,28465.93010282646,18000.0,36000.0,1.0,24.074647610428887,20.0,26.0,1.0,0.0,91121.0,7.0,0.0
81.0,21.0,81.0,23.0,-721.0,912.0,12.0,-711.0,15.079861883127164,12.0,17.0,30000.0,12500.0,23000.0,0.0,28.020392277199246,20.0,24.0,0.0,12500.0,34471.9899262516,26000.0,0.0,28.57701196193265,20.0,25.0,0.0,721.0,14.202582993950902,12.0,17.0,1.0,17366.77357542801,12500.0,23000.0,1.0,20.0,20.968369340893084,24.0,1.0,21845.418209253738,12500.0,26000.0,1.0,21.525817323832207,20.0,25.0,1.0,0.0,912.0,7.0,7.0
11.0,21.0,11.0,21.0,-121.0,11.0,11.0,-111.0,10.18859615641491,9.0,11.0,30000.0,10000.0,19000.0,0.0,25.338987668910374,16.5,19.0,0.0,10000.0,37010.247333850035,25000.0,0.0,26.65945627438462,17.0,20.0,0.0,122.0,10.21430888632072,9.0,11.0,1.0,14528.12999801563,10000.0,19000.0,1.0,16.5,17.408875914773937,19.0,1.0,21457.37614842409,10000.0,25000.0,1.0,18.714086924524793,17.0,20.0,1.0,0.0,111.0,1.0,56.0
91.0,21.0,91.0,24.0,-721.0,911.0,12.0,-711.0,14.512619210546069,12.0,17.0,30000.0,18000.0,36000.0,1.0,24.240154270160104,20.0,25.0,1.0,18000.0,34470.124907178215,36000.0,1.0,24.798746414296076,20.0,26.0,1.0,721.0,15.309165813556197,12.0,17.0,1.0,25170.559071600113,18000.0,36000.0,1.0,20.0,23.450707760422315,25.0,1.0,29684.151907946572,18000.0,36000.0,1.0,24.014731708872358,20.0,26.0,1.0,1.0,91121.0,7.0,19.0
11.0,21.0,11.0,22.0,-121.0,21.0,13.0,-111.0,10.00173403938643,9.0,11.0,30000.0,10000.0,19000.0,0.0,27.413090198949604,16.5,19.0,0.0,10000.0,36458.35560080379,25000.0,0.0,28.698994482072646,17.0,20.0,0.0,121.0,10.006347430731035,9.0,11.0,1.0,12853.989771054845,10000.0,19000.0,1.0,16.5,17.102717590102895,19.0,1.0,19438.007679803184,10000.0,25000.0,1.0,18.41364212760662,17.0,20.0,1.0,0.0,211.0,1.0,52.0
11.0,22.0,11.0,22.0,-121.0,21.0,13.0,-111.0,10.016847344853874,9.0,11.0,30000.0,10000.0,19000.0,0.0,26.358120309527735,16.5,19.0,0.0,10000.0,36450.852808561554,25000.0,0.0,27.646083005085202,17.0,20.0,0.0,121.0,10.01045723701868,9.0,11.0,1.0,15352.808597121457,10000.0,19000.0,1.0,16.5,17.603259262858337,19.0,1.0,21779.451148377575,10000.0,25000.0,1.0,18.886388193147145,17.0,20.0,1.0,0.0,211.0,1.0,31.0
81.0,21.0,81.0,23.0,-721.0,912.0,12.0,-711.0,15.361570770966985,12.0,17.0,30000.0,12500.0,23000.0,0.0,28.60278715712498,20.0,24.0,0.0,12500.0,33926.19428963054,26000.0,0.0,29.082633105577262,20.0,25.0,0.0,722.0,15.17498807039417,12.0,17.0,1.0,17978.213974195205,12500.0,23000.0,1.0,20.0,21.969120703628327,24.0,1.0,21974.10277550524,12500.0,26000.0,1.0,22.457484475344497,20.0,25.0,1.0,0.0,912.0,7.0,7.0
91.0,24.0,91.0,24.0,-721.0,911.0,11.0,-711.0,15.30356322606188,12.0,17.0,30000.0,18000.0,36000.0,1.0,25.529712020448713,20.0,25.0,0.0,18000.0,34026.85072490016,36000.0,1.0,26.023754490854888,20.0,26.0,0.0,722.0,15.09057532641258,12.0,17.0,1.0,25420.625639402228,18000.0,36000.0,1.0,20.0,23.21925556899796,25.0,1.0,29356.513043682793,18000.0,36000.0,1.0,23.702138017167062,20.0,26.0,1.0,0.0,91121.0,7.0,0.0
91.0,24.0,91.0,24.0,-721.0,911.0,11.0,-711.0,15.089424607976433,12.0,17.0,30000.0,18000.0,36000.0,1.0,24.214245225953633,20.0,25.0,1.0,18000.0,34020.15653305575,36000.0,1.0,24.704599827748357,20.0,26.0,1.0,722.0,15.330567425181565,12.0,17.0,1.0,26640.388331252365,18000.0,36000.0,1.0,20.0,23.630645852570776,25.0,1.0,30651.35840887253,18000.0,36000.0,1.0,24.119879945584316,20.0,26.0,1.0,1.0,91121.0,7.0,0.0
91.0,24.0,91.0,24.0,-721.0,911.0,11.0,-711.0,16.397254849675473,12.0,17.0,30000.0,18000.0,36000.0,1.0,26.268219700117623,20.0,25.0,0.0,18000.0,34452.1840521463,36000.0,1.0,26.823718187323344,20.0,26.0,0.0,721.0,14.595072538427077,12.0,17.0,1.0,20145.119982264816,18000.0,36000.0,1.0,20.0,22.129300038755883,25.0,1.0,24686.533446011174,18000.0,36000.0,1.0,22.695931669285766,20.0,26.0,1.0,0.0,91121.0,7.0,4.0
11.0,22.0,11.0,21.0,-121.0,11.0,11.0,-111.0,10.010519508555497,9.0,11.0,30000.0,10000.0,19000.0,0.0,23.506913569518183,16.5,19.0,0.0,10000.0,36462.68692086635,25000.0,0.0,24.79874894117637,17.0,20.0,0.0,121.0,9.987291907946668,9.0,11.0,1.0,17186.16820315706,10000.0,19000.0,1.0,16.5,17.904173230723405,19.0,1.0,23695.20791009468,10000.0,25000.0,1.0,19.205274124501877,17.0,20.0,1.0,0.0,111.0,1.0,12.0
11.0,22.0,11.0,22.0,-121.0,21.0,13.0,-111.0,10.176725649365318,9.0,11.0,30000.0,10000.0,19000.0,0.0,27.093739295086827,16.5,19.0,0.0,10000.0,37115.88041216345,25000.0,0.0,28.434859321947844,17.0,20.0,0.0,122.0,10.184512618752803,9.0,11.0,1.0,13924.866056572575,10000.0,19000.0,1.0,16.5,17.299411742944216,19.0,1.0,20811.61442111159,10000.0,25000.0,1.0,18.597347573322736,17.0,20.0,1.0,0.0,211.0,1.0,8.0
91.0,24.0,91.0,24.0,-721.0,911.0,12.0,-711.0,14.758935295369819,12.0,17.0,30000.0,18000.0,36000.0,1.0,24.658170348198862,20.0,25.0,1.0,18000.0,34518.08733439418,36000.0,1.0,25.221535673573698,20.0,26.0,1.0,721.0,15.672263226710225,12.0,17.0,1.0,27907.558237725956,18000.0,36000.0,1.0,20.0,24.21381950861597,25.0,1.0,32431.1124851846,18000.0,36000.0,1.0,24.77786650944978,20.0,26.0,1.0,1.0,91121.0,7.0,24.0
91.0,21.0,91.0,24.0,-721.0,911.0,12.0,-711.0,14.967907114670583,12.0,17.0,30000.0,18000.0,36000.0,1.0,24.996343835879593,20.0,25.0,1.0,18000.0,34428.10777760271,36000.0,1.0,25.548602595275725,20.0,26.0,1.0,721.0,13.712239714450568,12.0,17.0,1.0,27203.21002664841,18000.0,36000.0,1.0,20.0,22.094544583150082,25.0,1.0,31698.317337288943,18000.0,36000.0,1.0,22.65515929973017,20.0,26.0,1.0,1.0,91121.0,7.0,26.0
91.0,24.0,91.0,24.0,-721.0,911.0,12.0,-711.0,15.24028738369469,12.0,17.0,30000.0,18000.0,36000.0,1.0,24.249043539241242,20.0,25.0,1.0,18000.0,34026.57504773117,36000.0,1.0,24.739155537636627,20.0,26.0,1.0,722.0,15.051330259134351,12.0,17.0,1.0,27095.100351011897,18000.0,36000.0,1.0,20.0,23.377671765276325,25.0,1.0,31138.823731991255,18000.0,36000.0,1.0,23.86987104722604,20.0,26.0,1.0,1.0,91121.0,7.0,24.0
11.0,22.0,11.0,22.0,-121.0,21.0,13.0,-111.0,10.01277290033328,9.0,11.0,30000.0,10000.0,19000.0,0.0,26.248574817683966,16.5,19.0,0.0,10000.0,36581.16608568864,25000.0,0.0,27.565391882201354,17.0,20.0,0.0,121.0,9.990614357808933,9.0,11.0,1.0,14012.659695633669,10000.0,19000.0,1.0,16.5,17.353429124960098,19.0,1.0,20504.780478693763,10000.0,25000.0,1.0,18.652429229308165,17.0,20.0,1.0,0.0,211.0,1.0,41.0
11.0,21.0,11.0,22.0,-121.0,11.0,12.0,-111.0,10.183711090611732,9.0,11.0,30000.0,10000.0,19000.0,0.0,24.906608113445934,16.5,19.0,0.0,10000.0,36972.2920477587,25000.0,0.0,26.21921042659579,17.0,20.0,0.0,122.0,10.21392551593082,9.0,11.0,1.0,15964.863819680044,10000.0,19000.0,1.0,16.5,17.7424117214572,19.0,1.0,22785.08337796969,10000.0,25000.0,1.0,19.026384898008036,17.0,20.0,1.0,0.0,111.0,1.0,7.0
11.0,22.0,11.0,21.0,-121.0,11.0,11.0,-111.0,10.204947360784436,9.0,11.0,30000.0,10000.0,19000.0,0.0,24.47581955395551,16.5,19.0,0.0,10000.0,36858.346894725015,25000.0,0.0,25.76716297698731,17.0,20.0,0.0,122.0,10.1938375034657,9.0,11.0,1.0,13020.43208017254,10000.0,19000.0,1.0,16.5,17.086255047989788,19.0,1.0,20031.210314956264,10000.0,25000.0,1.0,18.406299441017747,17.0,20.0,1.0,0.0,111.0,1.0,54.0
11.0,22.0,11.0,22.0,-121.0,21.0,13.0,-111.0,10.011485665610746,9.0,11.0,30000.0,10000.0,19000.0,0.0,27.10306508995107,16.5,19.0,0.0,10000.0,36514.82482257178,25000.0,0.0,28.409070869959564,17.0,20.0,0.0,121.0,9.995691604452393,9.0,11.0,1.0,16192.75334468191,10000.0,19000.0,1.0,16.5,17.795880286357963,19.0,1.0,22655.572142630037,10000.0,25000.0,1.0,19.091460587462027,17.0,20.0,1.0,0.0,211.0,1.0,36.0
81.0,21.0,81.0,23.0,-721.0,912.0,12.0,-711.0,15.29475510935771,12.0,17.0,30000.0,12500.0,23000.0,0.0,28.338666708913507,20.0,24.0,0.0,12500.0,33942.197591089534,26000.0,0.0,28.822220083375576,20.0,25.0,0.0,722.0,15.302379365349772,12.0,17.0,1.0,18454.264457153695,12500.0,23000.0,1.0,20.0,22.164951147713445,24.0,1.0,22463.6559806463,12500.0,26000.0,1.0,22.65674658818213,20.0,25.0,1.0,0.0,912.0,7.0,7.0
11.0,22.0,11.0,22.0,-121.0,21.0,13.0,-111.0,9.998147873156139,9.0,11.0,30000.0,10000.0,19000.0,0.0,26.485049033966916,16.5,19.0,0.0,10000.0,36462.78096594976,25000.0,0.0,27.78352028769865,17.0,20.0,0.0,121.0,9.997349494041867,9.0,11.0,1.0,13737.291373905828,10000.0,19000.0,1.0,16.5,17.252873620026886,19.0,1.0,20150.51183904206,10000.0,25000.0,1.0,18.541387413345532,17.0,20.0,1.0,0.0,211.0,1.0,13.0
11.0,22.0,11.0,22.0,-121.0,11.0,11.0,-111.0,10.196111595788754,9.0,11.0,30000.0,10000.0,19000.0,0.0,25.050714607381206,16.5,19.0,0.0,10000.0,37026.16011150946,25000.0,0.0,26.37689670602285,17.0,20.0,0.0,122.0,10.18077445405513,9.0,11.0,1.0,13914.237527343575,10000.0,19000.0,1.0,16.5,17.300716651240315,19.0,1.0,20916.085155657653,10000.0,25000.0,1.0,18.62230978813393,17.0,20.0,1.0,0.0,111.0,1.0,55.0
91.0,21.0,91.0,24.0,-721.0,911.0,12.0,-711.0,15.15027010817395,12.0,17.0,30000.0,18000.0,36000.0,1.0,24.792404882531496,20.0,25.0,1.0,18000.0,34078.338621852075,36000.0,1.0,25.290549462566265,20.0,26.0,1.0,722.0,15.304549894083756,12.0,17.0,1.0,27893.002144982966,18000.0,36000.0,1.0,20.0,23.824361417959892,25.0,1.0,31961.48027173686,18000.0,36000.0,1.0,24.321301597711834,20.0,26.0,1.0,1.0,91121.0,7.0,19.0
11.0,21.0,11.0,22.0,-121.0,21.0,13.0,-111.0,9.99855440218164,9.0,11.0,30000.0,10000.0,19000.0,0.0,26.91653668303645,16.5,19.0,0.0,10000.0,36525.15690922953,25000.0,0.0,28.221177337586887,17.0,20.0,0.0,121.0,10.003172837100783,9.0,11.0,1.0,13991.630968138343,10000.0,19000.0,1.0,16.5,17.344349082027147,19.0,1.0,20463.760319595014,10000.0,25000.0,1.0,18.638387400320482,17.0,20.0,1.0,0.0,211.0,1.0,59.0
11.0,21.0,11.0,22.0,-121.0,21.0,13.0,-111.0,10.202270733170645,9.0,11.0,30000.0,10000.0,19000.0,0.0,25.96701652930725,16.5,19.0,0.0,10000.0,36929.036891394775,25000.0,0.0,27.279785599174065,17.0,20.0,0.0,122.0,10.20325988489412,9.0,11.0,1.0,13793.550381926958,10000.0,19000.0,1.0,16.5,17.39293362965979,19.0,1.0,20759.445695201124,10000.0,25000.0,1.0,18.712685862838587,17.0,20.0,1.0,0.0,211.0,1.0,59.0
11.0,21.0,11.0,22.0,-121.0,11.0,11.0,-111.0,10.023889604640502,9.0,11.0,30000.0,10000.0,19000.0,0.0,24.919430317618108,16.5,19.0,0.0,10000.0,36488.58476363171,25000.0,0.0,26.217363152950643,17.0,20.0,0.0,121.0,10.003379188217412,9.0,11.0,1.0,16099.496910926915,10000.0,19000.0,1.0,16.5,17.807027635532467,19.0,1.0,22539.442963537418,10000.0,25000.0,1.0,19.095231110395442,17.0,20.0,1.0,0.0,111.0,1.0,29.0
11.0,21.0,11.0,22.0,-121.0,21.0,13.0,-111.0,10.185407786987804,9.0,11.0,30000.0,10000.0,19000.0,0.0,26.311080859839116,16.5,19.0,0.0,10000.0,37000.06131620886,25000.0,0.0,27.62649482150797,17.0,20.0,0.0,122.0,10.199314228253735,9.0,11.0,1.0,14698.872443933797,10000.0,19000.0,1.0,16.5,17.491040360578324,19.0,1.0,21702.285430243028,10000.0,25000.0,1.0,18.807084150108075,17.0,20.0,1.0,0.0,211.0,1.0,52.0
91.0,24.0,91.0,24.0,-721.0,911.0,12.0,-711.0,15.461257405967988,12.0,17.0,30000.0,18000.0,36000.0,1.0,24.745418080379924,20.0,25.0,1.0,18000.0,34447.03138462589,36000.0,1.0,25.30116272690006,20.0,26.0,1.0,721.0,14.999349870018387,12.0,17.0,1.0,23341.498607288395,18000.0,36000.0,1.0,20.0,22.984701417320302,25.0,1.0,27874.30153212911,18000.0,36000.0,1.0,23.551164916525618,20.0,26.0,1.0,1.0,91121.0,7.0,8.0
11.0,22.0,11.0,21.0,-121.0,21.0,13.0,-111.0,10.003197034349213,9.0,11.0,30000.0,10000.0,19000.0,0.0,25.219382549007385,16.5,19.0,0.0,10000.0,36468.92704645588,25000.0,0.0,26.516046659185214,17.0,20.0,0.0,121.0,10.007640309134885,9.0,11.0,1.0,12690.324860089813,10000.0,19000.0,1.0,16.5,17.00389172035465,19.0,1.0,19085.693198212197,10000.0,25000.0,1.0,18.285811354918188,17.0,20.0,1.0,0.0,211.0,1.0,2.0
11.0,22.0,11.0,21.0,-121.0,11.0,11.0,-111.0,10.004779454424368,9.0,11.0,30000.0,10000.0,19000.0,0.0,25.072886001302486,16.5,19.0,0.0,10000.0,36521.70237799266,25000.0,0.0,26.37768053532462,17.0,20.0,0.0,121.0,10.001088331725887,9.0,11.0,1.0,13107.617722668263,10000.0,19000.0,1.0,16.5,17.074613788741743,19.0,1.0,19602.05776539423,10000.0,25000.0,1.0,18.373953957633592,17.0,20.0,1.0,0.0,111.0,1.0,12.0
11.0,22.0,11.0,21.0,-121.0,11.0,12.0,-111.0,9.999938090438707,9.0,11.0,30000.0,10000.0,19000.0,0.0,24.768974405563405,16.5,19.0,0.0,10000.0,36559.9217383379,25000.0,0.0,26.081442571216638,17.0,20.0,0.0,121.0,10.006690363920203,9.0,11.0,1.0,14566.131365612184,10000.0,19000.0,1.0,16.5,17.399648442268976,19.0,1.0,21047.397910690474,10000.0,25000.0,1.0,18.696379768164924,17.0,20.0,1.0,0.0,111.0,1.0,46.0
91.0,21.0,91.0,24.0,-721.0,911.0,12.0,-711.0,15.072119533723658,12.0,17.0,30000.0,18000.0,36000.0,1.0,24.92058482694602,20.0,25.0,1.0,18000.0,34013.90761958443,36000.0,1.0,25.410642378923477,20.0,26.0,1.0,722.0,14.901067099017247,12.0,17.0,1.0,27237.0882282189,18000.0,36000.0,1.0,20.0,23.29791534944343,25.0,1.0,31276.889879267408,18000.0,36000.0,1.0,23.7911343009529,20.0,26.0,1.0,1.0,91121.0,7.0,19.0
91.0,24.0,91.0,21.0,-721.0,911.0,12.0,-711.0,15.17168933819735,12.0,17.0,30000.0,18000.0,36000.0,1.0,24.447487395408196,20.0,25.0,1.0,18000.0,34093.68787874723,36000.0,1.0,24.948704563403588,20.0,26.0,1.0,722.0,15.28893474781947,12.0,17.0,1.0,22881.75932418045,18000.0,36000.0,1.0,20.0,23.0105117322968,25.0,1.0,26827.262226300423,18000.0,36000.0,1.0,23.493585637658473,20.0,26.0,1.0,1.0,91121.0,7.0,14.0
91.0,24.0,91.0,21.0,-721.0,911.0,12.0,-711.0,14.860871223425958,12.0,17.0,30000.0,18000.0,36000.0,1.0,24.964686787789446,20.0,25.0,1.0,18000.0,34000.13349957856,36000.0,1.0,25.45102635018707,20.0,26.0,1.0,722.0,15.048753815234686,12.0,17.0,1.0,25556.358864710965,18000.0,36000.0,1.0,20.0,23.127311174217695,25.0,1.0,29692.19964445725,18000.0,36000.0,1.0,23.630150140762183,20.0,26.0,1.0,1.0,91121.0,7.0,29.0
92.0,24.0,92.0,24.0,-721.0,921.0,13.0,-711.0,15.195116660520576,12.0,17.0,30000.0,15000.0,28000.0,0.0,24.473852679617675,19.5,25.0,1.0,15000.0,33942.78203137543,28000.0,0.0,24.955478042257155,20.0,26.0,1.0,722.0,14.966599429043992,12.0,17.0,1.0,20239.395115788397,15000.0,28000.0,1.0,19.5,21.411904519297245,25.0,1.0,24247.58291640047,15000.0,28000.0,1.0,21.901519437807845,20.0,26.0,1.0,0.0,92122.0,7.0,25.0
11.0,22.0,11.0,22.0,-121.0,21.0,13.0,-111.0,9.995630584409374,9.0,11.0,30000.0,10000.0,19000.0,0.0,24.542652433240185,16.5,19.0,0.0,10000.0,36439.32102258671,25000.0,0.0,25.833699498285227,17.0,20.0,0.0,121.0,10.017287277129501,9.0,11.0,1.0,14357.02388069719,10000.0,19000.0,1.0,16.5,17.41487991391987,19.0,1.0,20806.77898701582,10000.0,25000.0,1.0,18.708018953123567,17.0,20.0,1.0,0.0,211.0,1.0,13.0
11.0,22.0,11.0,22.0,-121.0,11.0,11.0,-111.0,9.995039831287627,9.0,11.0,30000.0,10000.0,19000.0,0.0,22.590309983602246,16.5,19.0,0.0,10000.0,36451.16521956931,25000.0,0.0,23.884759802795312,17.0,20.0,0.0,121.0,9.99703091362235,9.0,11.0,1.0,13742.328979829328,10000.0,19000.0,1.0,16.5,17.312703375616557,19.0,1.0,20248.200572823265,10000.0,25000.0,1.0,18.618130228070747,17.0,20.0,1.0,0.0,111.0,1.0,44.0
11.0,22.0,11.0,21.0,-121.0,11.0,11.0,-111.0,10.210130862424036,9.0,11.0,30000.0,10000.0,19000.0,0.0,26.658210720222307,16.5,19.0,0.0,10000.0,36999.80557321751,25000.0,0.0,27.977474195739987,17.0,20.0,0.0,122.0,10.214761335005074,9.0,11.0,1.0,14296.883931428092,10000.0,19000.0,1.0,16.5,17.38200238894482,19.0,1.0,21326.44505045949,10000.0,25000.0,1.0,18.70687393519757,17.0,20.0,1.0,0.0,111.0,1.0,39.0
91.0,24.0,91.0,24.0,-721.0,911.0,11.0,-711.0,14.682423417465003,12.0,17.0,30000.0,18000.0,36000.0,1.0,23.705564773525985,20.0,25.0,1.0,18000.0,34561.69591374459,36000.0,1.0,24.27598358904062,20.0,26.0,1.0,721.0,14.92066260008316,12.0,17.0,1.0,26174.105056467244,18000.0,36000.0,1.0,20.0,23.274499596636844,25.0,1.0,30701.425093428476,18000.0,36000.0,1.0,23.840619868958814,20.0,26.0,1.0,1.0,91121.0,7.0,0.0
11.0,21.0,11.0,22.0,-121.0,11.0,12.0,-111.0,9.998926421182407,9.0,11.0,30000.0,10000.0,19000.0,0.0,25.305746046047158,16.5,19.0,0.0,10000.0,36428.66249386222,25000.0,0.0,26.596502663023244,17.0,20.0,0.0,121.0,9.988340304119573,9.0,11.0,1.0,15714.87964409529,10000.0,19000.0,1.0,16.5,17.65536687349281,19.0,1.0,22120.73730971221,10000.0,25000.0,1.0,18.941544702426324,17.0,20.0,1.0,0.0,111.0,1.0,7.0
11.0,21.0,11.0,22.0,-121.0,21.0,13.0,-111.0,10.00385098579735,9.0,11.0,30000.0,10000.0,19000.0,0.0,26.670483334022304,16.5,19.0,0.0,10000.0,36533.89990274239,25000.0,0.0,27.975948520860506,17.0,20.0,0.0,121.0,10.007083427510578,9.0,11.0,1.0,13741.198499109507,10000.0,19000.0,1.0,16.5,17.263505666089543,19.0,1.0,20250.860826959786,10000.0,25000.0,1.0,18.56412821519132,17.0,20.0,1.0,0.0,211.0,1.0,24.0
11.0,21.0,11.0,21.0,-121.0,11.0,11.0,-111.0,10.193612516111044,9.0,11.0,30000.0,10000.0,19000.0,0.0,29.2094707659814,16.5,19.0,0.0,10000.0,37020.4801350516,25000.0,0.0,30.535705703260938,17.0,20.0,0.0,122.0,10.19582575370998,9.0,11.0,1.0,14010.90371486393,10000.0,19000.0,1.0,16.5,17.299563339515494,19.0,1.0,21029.71467640247,10000.0,25000.0,1.0,18.625482954169396,17.0,20.0,1.0,0.0,111.0,1.0,18.0
11.0,22.0,11.0,22.0,-121.0,11.0,11.0,-111.0,10.203540015897145,9.0,11.0,30000.0,10000.0,19000.0,0.0,24.371761157922307,16.5,19.0,0.0,10000.0,37055.886597117176,25000.0,0.0,25.70962667446453,17.0,20.0,0.0,122.0,10.211544540656769,9.0,11.0,1.0,16504.4060071333,10000.0,19000.0,1.0,16.5,17.905043115092887,19.0,1.0,23445.940320576203,10000.0,25000.0,1.0,19.221226313621642,17.0,20.0,1.0,0.0,111.0,1.0,50.0
91.0,21.0,91.0,24.0,-721.0,911.0,12.0,-711.0,14.645092254189164,12.0,17.0,30000.0,18000.0,36000.0,1.0,25.491075958978147,20.0,25.0,0.0,18000.0,34511.41370801002,36000.0,1.0,26.055528748602367,20.0,26.0,0.0,721.0,14.850795215089166,12.0,17.0,1.0,27413.00735157836,18000.0,36000.0,1.0,20.0,23.370405561328816,25.0,1.0,31968.494972970635,18000.0,36000.0,1.0,23.940372729586525,20.0,26.0,1.0,0.0,91121.0,7.0,26.0
11.0,22.0,11.0,21.0,-121.0,11.0,12.0,-111.0,10.21757307955767,9.0,11.0,30000.0,10000.0,19000.0,0.0,26.183153436881653,16.5,19.0,0.0,10000.0,36969.30426900858,25000.0,0.0,27.492327123681804,17.0,20.0,0.0,122.0,10.184432159159094,9.0,11.0,1.0,14402.975861083629,10000.0,19000.0,1.0,16.5,17.385022077985916,19.0,1.0,21337.73801147042,10000.0,25000.0,1.0,18.687707077961605,17.0,20.0,1.0,0.0,111.0,1.0,45.0
81.0,23.0,81.0,23.0,-721.0,912.0,11.0,-711.0,14.896718550789464,12.0,17.0,30000.0,12500.0,23000.0,0.0,26.28599904059297,20.0,24.0,0.0,12500.0,34529.2174056328,26000.0,0.0,26.853904892000738,20.0,25.0,0.0,721.0,14.507872010869383,12.0,17.0,1.0,18855.3689865882,12500.0,23000.0,1.0,20.0,21.441248567979144,24.0,1.0,23298.33463099527,12500.0,26000.0,1.0,21.99833955326161,20.0,25.0,1.0,0.0,912.0,7.0,17.0
11.0,21.0,11.0,22.0,-121.0,11.0,11.0,-111.0,9.992131029943252,9.0,11.0,30000.0,10000.0,19000.0,0.0,25.52799024339901,16.5,19.0,0.0,10000.0,36566.82017650858,25000.0,0.0,26.839477032194676,17.0,20.0,0.0,121.0,10.004763309586734,9.0,11.0,1.0,15066.932136926258,10000.0,19000.0,1.0,16.5,17.544360654157686,19.0,1.0,21542.31972565795,10000.0,25000.0,1.0,18.837587063087344,17.0,20.0,1.0,0.0,111.0,1.0,43.0
11.0,22.0,11.0,22.0,-121.0,21.0,13.0,-111.0,10.180232704776543,9.0,11.0,30000.0,10000.0,19000.0,0.0,25.44502725483368,16.5,19.0,0.0,10000.0,36936.99265334652,25000.0,0.0,26.756440875399853,17.0,20.0,0.0,122.0,10.185255909930595,9.0,11.0,1.0,15642.853794984903,10000.0,19000.0,1.0,16.5,17.66409194784894,19.0,1.0,22816.240025055547,10000.0,25000.0,1.0,19.020194927597416,17.0,20.0,1.0,0.0,211.0,1.0,31.0
92.0,24.0,92.0,24.0,-721.0,921.0,13.0,-711.0,15.332160547348526,12.0,17.0,30000.0,15000.0,28000.0,0.0,24.806256979890144,19.5,25.0,1.0,15000.0,33962.75794029896,28000.0,0.0,25.288901705891746,20.0,26.0,1.0,722.0,15.135212280598424,12.0,17.0,1.0,19550.330877768494,15000.0,28000.0,1.0,19.5,21.488149370819656,25.0,1.0,23496.430609110415,15000.0,28000.0,1.0,21.96876520764385,20.0,26.0,1.0,0.0,92122.0,7.0,22.0
11.0,21.0,11.0,22.0,-121.0,11.0,12.0,-111.0,10.209946426418924,9.0,11.0,30000.0,10000.0,19000.0,0.0,26.588419339567157,16.5,19.0,0.0,10000.0,37126.94035082581,25000.0,0.0,27.93745455833929,17.0,20.0,0.0,122.0,10.18562552295173,9.0,11.0,1.0,16141.761405162984,10000.0,19000.0,1.0,16.5,17.808514882170083,19.0,1.0,23076.387516821716,10000.0,25000.0,1.0,19.121147567886403,17.0,20.0,1.0,0.0,111.0,1.0,51.0
81.0,21.0,81.0,21.0,-721.0,912.0,12.0,-711.0,14.33644277715758,12.0,17.0,30000.0,12500.0,23000.0,0.0,25.976254255440903,20.0,24.0,0.0,12500.0,34507.491546713514,26000.0,0.0,26.540712823193097,20.0,25.0,0.0,721.0,14.117917853919742,12.0,17.0,1.0,13888.175368097392,12500.0,23000.0,1.0,20.0,20.28664069331147,24.0,1.0,18421.966784141834,12500.0,26000.0,1.0,20.854392708521246,20.0,25.0,1.0,0.0,912.0,7.0,6.0
11.0,22.0,11.0,21.0,-121.0,21.0,12.0,-111.0,10.17855035243748,9.0,11.0,30000.0,10000.0,19000.0,0.0,23.63321457866597,16.5,19.0,0.0,10000.0,36978.338360543356,25000.0,0.0,24.95044139127975,17.0,20.0,0.0,122.0,10.194126277936876,9.0,11.0,1.0,14256.857124652073,10000.0,19000.0,1.0,16.5,17.37356601522324,19.0,1.0,21309.64570919678,10000.0,25000.0,1.0,18.70484600585633,17.0,20.0,1.0,0.0,211.0,1.0,53.0
11.0,21.0,11.0,21.0,-121.0,21.0,13.0,-111.0,9.979288912009316,9.0,11.0,30000.0,10000.0,19000.0,0.0,26.68049282108583,16.5,19.0,0.0,10000.0,36482.31196925652,25000.0,0.0,27.980560132192227,17.0,20.0,0.0,121.0,9.996502555844367,9.0,11.0,1.0,14657.239627992638,10000.0,19000.0,1.0,16.5,17.453575420070504,19.0,1.0,21138.642792239625,10000.0,25000.0,1.0,18.753460464774005,17.0,20.0,1.0,0.0,211.0,1.0,34.0
11.0,22.0,11.0,22.0,-121.0,21.0,12.0,-111.0,10.210701318759227,9.0,11.0,30000.0,10000.0,19000.0,0.0,24.270180481639102,16.5,19.0,0.0,10000.0,36836.722841136216,25000.0,0.0,25.558206219986662,17.0,20.0,0.0,122.0,10.21388631958625,9.0,11.0,1.0,16280.078735286037,10000.0,19000.0,1.0,16.5,17.81465912365988,19.0,1.0,23358.22955305916,10000.0,25000.0,1.0,19.148169439207855,17.0,20.0,1.0,0.0,211.0,1.0,48.0
11.0,22.0,11.0,21.0,-121.0,21.0,13.0,-111.0,10.196803675941831,9.0,11.0,30000.0,10000.0,19000.0,0.0,24.850796411279564,16.5,19.0,0.0,10000.0,37111.408277451155,25000.0,0.0,26.191942154374225,17.0,20.0,0.0,122.0,10.201032979997676,9.0,11.0,1.0,10521.643318897519,10000.0,19000.0,1.0,16.5,16.653615325584315,19.0,1.0,17587.599526218753,10000.0,25000.0,1.0,17.986189229179494,17.0,20.0,1.0,0.0,211.0,1.0,20.0
11.0,22.0,11.0,22.0,-121.0,21.0,13.0,-111.0,9.99501355732847,9.0,11.0,30000.0,10000.0,19000.0,0.0,25.297946127233025,16.5,19.0,0.0,10000.0,36595.18854801729,25000.0,0.0,26.61890785307589,17.0,20.0,0.0,121.0,9.988869453475504,9.0,11.0,1.0,13877.240878125227,10000.0,19000.0,1.0,16.5,17.299419606818255,19.0,1.0,20379.98936951723,10000.0,25000.0,1.0,18.60186635377193,17.0,20.0,1.0,0.0,211.0,1.0,5.0
81.0,23.0,81.0,23.0,-721.0,912.0,11.0,-711.0,15.090563613259755,12.0,17.0,30000.0,12500.0,23000.0,0.0,27.548342406146865,20.0,24.0,0.0,12500.0,34506.877664605025,26000.0,0.0,28.111734289730972,20.0,25.0,0.0,721.0,14.74930494844315,12.0,17.0,1.0,16039.977786289997,12500.0,23000.0,1.0,20.0,21.33519841917105,24.0,1.0,20594.248010416948,12500.0,26000.0,1.0,21.904514711040434,20.0,25.0,1.0,0.0,912.0,7.0,17.0
11.0,22.0,11.0,21.0,-121.0,21.0,12.0,-111.0,10.203611099155609,9.0,11.0,30000.0,10000.0,19000.0,0.0,24.109154520991375,16.5,19.0,0.0,10000.0,37144.30433862341,25000.0,0.0,25.458449532717346,17.0,20.0,0.0,122.0,10.19744544858644,9.0,11.0,1.0,13768.042871091015,10000.0,19000.0,1.0,16.5,17.293561787832346,19.0,1.0,20862.52070968353,10000.0,25000.0,1.0,18.63344641545976,17.0,20.0,1.0,0.0,211.0,1.0,53.0
11.0,22.0,11.0,22.0,-121.0,11.0,11.0,-111.0,9.985667410380724,9.0,11.0,30000.0,10000.0,19000.0,0.0,26.18648256243418,16.5,19.0,0.0,10000.0,36529.761070878274,25000.0,0.0,27.492041124704187,17.0,20.0,0.0,121.0,9.993176791457689,9.0,11.0,1.0,15207.79336998287,10000.0,19000.0,1.0,16.5,17.567470916128585,19.0,1.0,21722.040172551817,10000.0,25000.0,1.0,18.869927560026888,17.0,20.0,1.0,0.0,111.0,1.0,55.0
11.0,22.0,11.0,21.0,-121.0,11.0,11.0,-111.0,9.996821848089796,9.0,11.0,30000.0,10000.0,19000.0,0.0,25.519108039978846,16.5,19.0,0.0,10000.0,36471.843000642824,25000.0,0.0,26.8144704508499,17.0,20.0,0.0,121.0,10.003474159410334,9.0,11.0,1.0,12587.895095030955,10000.0,19000.0,1.0,16.5,16.999041706723638,19.0,1.0,19136.951048655363,10000.0,25000.0,1.0,18.309858564946822,17.0,20.0,1.0,0.0,111.0,1.0,54.0
91.0,24.0,91.0,24.0,-721.0,911.0,12.0,-711.0,15.468086898347527,12.0,17.0,30000.0,18000.0,36000.0,1.0,25.52694096851177,20.0,25.0,0.0,18000.0,34047.6793823607,36000.0,1.0,26.01956445418028,20.0,26.0,0.0,722.0,15.152557725594543,12.0,17.0,1.0,25642.633188876316,18000.0,36000.0,1.0,20.0,23.165708002481573,25.0,1.0,29653.215531489514,18000.0,36000.0,1.0,23.653816586819698,20.0,26.0,1.0,0.0,91121.0,7.0,32.0
91.0,24.0,91.0,24.0,-721.0,911.0,11.0,-711.0,15.273462532617948,12.0,17.0,30000.0,18000.0,36000.0,1.0,24.59234956226804,20.0,25.0,1.0,18000.0,34547.36224714137,36000.0,1.0,25.160512057398137,20.0,26.0,1.0,721.0,14.52700378653054,12.0,17.0,1.0,25863.191334481566,18000.0,36000.0,1.0,20.0,22.779560201515842,25.0,1.0,30378.54258368222,18000.0,36000.0,1.0,23.343723136577236,20.0,26.0,1.0,1.0,91121.0,7.0,16.0
11.0,22.0,11.0,22.0,-121.0,21.0,13.0,-111.0,10.168259295093359,9.0,11.0,30000.0,10000.0,19000.0,0.0,25.566992852901876,16.5,19.0,0.0,10000.0,36997.57362290586,25000.0,0.0,26.882616711379395,17.0,20.0,0.0,122.0,10.22131965754146,9.0,11.0,1.0,14252.585308130381,10000.0,19000.0,1.0,16.5,17.403385426852857,19.0,1.0,21151.004837238925,10000.0,25000.0,1.0,18.70036718186776,17.0,20.0,1.0,0.0,211.0,1.0,47.0
11.0,22.0,11.0,22.0,-121.0,21.0,13.0,-111.0,10.180127701225269,9.0,11.0,30000.0,10000.0,19000.0,0.0,25.141969426593406,16.5,19.0,0.0,10000.0,36769.38145866443,25000.0,0.0,26.415866005563522,17.0,20.0,0.0,122.0,10.198971536915073,9.0,11.0,1.0,13975.350704269104,10000.0,19000.0,1.0,16.5,17.364736478066092,19.0,1.0,20875.661503599025,10000.0,25000.0,1.0,18.66327200524426,17.0,20.0,1.0,0.0,211.0,1.0,19.0
11.0,22.0,11.0,21.0,-121.0,21.0,13.0,-111.0,9.9902830061676,9.0,11.0,30000.0,10000.0,19000.0,0.0,25.422367932757403,16.5,19.0,0.0,10000.0,36598.09936773296,25000.0,0.0,26.74024303747438,17.0,20.0,0.0,121.0,9.997370935484925,9.0,11.0,1.0,12399.299133399274,10000.0,19000.0,1.0,16.5,16.9294829140808,19.0,1.0,18864.35447803785,10000.0,25000.0,1.0,18.220784395683683,17.0,20.0,1.0,0.0,211.0,1.0,33.0
11.0,22.0,11.0,22.0,-121.0,11.0,12.0,-111.0,9.982150931718817,9.0,11.0,30000.0,10000.0,19000.0,0.0,24.492857571183944,16.5,19.0,0.0,10000.0,36501.12236829819,25000.0,0.0,25.79166951271351,17.0,20.0,0.0,121.0,10.008376300680561,9.0,11.0,1.0,16650.269696922755,10000.0,19000.0,1.0,16.5,17.854323839999587,19.0,1.0,23160.739717983757,10000.0,25000.0,1.0,19.15500328106936,17.0,20.0,1.0,0.0,111.0,1.0,42.0
11.0,22.0,11.0,22.0,-121.0,21.0,12.0,-111.0,10.192294819075164,9.0,11.0,30000.0,10000.0,19000.0,0.0,24.08885118720272,16.5,19.0,0.0,10000.0,36896.347296463806,25000.0,0.0,25.388120635666393,17.0,20.0,0.0,122.0,10.191653973250318,9.0,11.0,1.0,18011.58280752354,10000.0,19000.0,1.0,16.5,18.12543643103255,19.0,1.0,25050.11160570005,10000.0,25000.0,0.0,19.45149282530545,17.0,20.0,1.0,0.0,211.0,1.0,48.0
11.0,22.0,11.0,21.0,-121.0,11.0,12.0,-111.0,10.200296747414827,9.0,11.0,30000.0,10000.0,19000.0,0.0,23.66364458854513,16.5,19.0,0.0,10000.0,37083.7940048433,25000.0,0.0,25.001024409117676,17.0,20.0,0.0,122.0,10.181279468051093,9.0,11.0,1.0,15064.308641534988,10000.0,19000.0,1.0,16.5,17.498083373524903,19.0,1.0,22095.80091342724,10000.0,25000.0,1.0,18.825588925847715,17.0,20.0,1.0,0.0,111.0,1.0,10.0
91.0,24.0,91.0,21.0,-721.0,911.0,11.0,-711.0,14.036942650556929,12.0,17.0,30000.0,18000.0,36000.0,1.0,23.38939744691649,20.0,25.0,1.0,18000.0,34492.964431786255,36000.0,1.0,23.95453139286744,20.0,26.0,1.0,721.0,15.078193373336944,12.0,17.0,1.0,24036.15961258686,18000.0,36000.0,1.0,20.0,23.073017862828376,25.0,1.0,28530.855349160716,18000.0,36000.0,1.0,23.638369575717196,20.0,26.0,1.0,1.0,91121.0,7.0,3.0
11.0,21.0,11.0,22.0,-121.0,11.0,11.0,-111.0,10.204955134045017,9.0,11.0,30000.0,10000.0,19000.0,0.0,28.090835276837204,16.5,19.0,0.0,10000.0,36887.96920728984,25000.0,0.0,29.39902021437245,17.0,20.0,0.0,122.0,10.207852168353947,9.0,11.0,1.0,18975.3016414701,10000.0,19000.0,1.0,16.5,18.31797468971469,19.0,1.0,25896.58981728765,10000.0,25000.0,0.0,19.632487671329464,17.0,20.0,1.0,0.0,111.0,1.0,35.0
11.0,22.0,11.0,21.0,-121.0,11.0,11.0,-111.0,10.004494257516129,9.0,11.0,30000.0,10000.0,19000.0,0.0,24.221430775448216,16.5,19.0,0.0,10000.0,36528.384841642124,25000.0,0.0,25.531575104497502,17.0,20.0,0.0,121.0,9.991523114392008,9.0,11.0,1.0,15538.670118037922,10000.0,19000.0,1.0,16.5,17.590661125863893,19.0,1.0,22044.37498406928,10000.0,25000.0,1.0,18.896253939928968,17.0,20.0,1.0,0.0,111.0,1.0,0.0
11.0,22.0,11.0,21.0,-121.0,21.0,13.0,-111.0,10.221050382802748,9.0,11.0,30000.0,10000.0,19000.0,0.0,24.340352355446285,16.5,19.0,0.0,10000.0,36898.99854074163,25000.0,0.0,25.646153905119803,17.0,20.0,0.0,122.0,10.187976295537833,9.0,11.0,1.0,10142.897231673387,10000.0,19000.0,1.0,16.5,16.587033814050997,19.0,1.0,17164.624329614206,10000.0,25000.0,1.0,17.91606469755224,17.0,20.0,1.0,0.0,211.0,1.0,2.0
92.0,24.0,92.0,24.0,-721.0,921.0,13.0,-711.0,15.249574800194711,12.0,17.0,30000.0,15000.0,28000.0,0.0,23.455873204604107,19.5,25.0,1.0,15000.0,33988.91913274051,28000.0,0.0,23.943931611978215,20.0,26.0,1.0,722.0,15.257956381251605,12.0,17.0,1.0,18109.990791982556,15000.0,28000.0,1.0,19.5,21.486464112980734,25.0,1.0,22121.81947246135,15000.0,28000.0,1.0,21.977325584796795,20.0,26.0,1.0,0.0,92122.0,7.0,20.0
11.0,22.0,11.0,22.0,-121.0,11.0,12.0,-111.0,9.998547079790166,9.0,11.0,30000.0,10000.0,19000.0,0.0,24.448701555784837,16.5,19.0,0.0,10000.0,36493.933366665166,25000.0,0.0,25.74466215928254,17.0,20.0,0.0,121.0,10.01990829751908,9.0,11.0,1.0,16805.574649249036,10000.0,19000.0,1.0,16.5,17.88824600222979,19.0,1.0,23345.414254405652,10000.0,25000.0,1.0,19.19336787566677,17.0,20.0,1.0,0.0,111.0,1.0,42.0
11.0,22.0,11.0,22.0,-121.0,11.0,11.0,-111.0,10.192028766019456,9.0,11.0,30000.0,10000.0,19000.0,0.0,24.2392257581972,16.5,19.0,0.0,10000.0,37057.0157413968,25000.0,0.0,25.577034541402323,17.0,20.0,0.0,122.0,10.206948933797367,9.0,11.0,1.0,20041.426685906787,10000.0,19000.0,0.0,16.5,18.55236955473924,19.0,1.0,27053.170444535688,10000.0,25000.0,0.0,19.88159606203633,17.0,20.0,1.0,0.0,111.0,1.0,30.0
92.0,24.0,92.0,24.0,-721.0,921.0,13.0,-711.0,15.23218863179117,12.0,17.0,30000.0,15000.0,28000.0,0.0,24.297742633310214,19.5,25.0,1.0,15000.0,34474.519659749756,28000.0,0.0,24.8557364555914,20.0,26.0,1.0,721.0,15.029595938690647,12.0,17.0,1.0,21519.978791371996,15000.0,28000.0,1.0,19.5,21.702176659371762,25.0,1.0,26003.333426095098,15000.0,28000.0,1.0,22.261272244932588,20.0,26.0,1.0,0.0,92122.0,7.0,22.0
11.0,22.0,11.0,22.0,-121.0,11.0,12.0,-111.0,10.188486732563351,9.0,11.0,30000.0,10000.0,19000.0,0.0,24.829691125277797,16.5,19.0,0.0,10000.0,37118.24308412283,25000.0,0.0,26.173545945089764,17.0,20.0,0.0,122.0,10.20900827876108,9.0,11.0,1.0,15708.560236879826,10000.0,19000.0,1.0,16.5,17.702387978305193,19.0,1.0,22590.81115972332,10000.0,25000.0,1.0,19.001689781364973,17.0,20.0,1.0,0.0,111.0,1.0,40.0
11.0,22.0,11.0,22.0,-121.0,11.0,11.0,-111.0,10.179144740196536,9.0,11.0,30000.0,10000.0,19000.0,0.0,22.937519680173796,16.5,19.0,0.0,10000.0,37160.240091360334,25000.0,0.0,24.284859816644644,17.0,20.0,0.0,122.0,10.203384807573226,9.0,11.0,1.0,13845.178742901673,10000.0,19000.0,1.0,16.5,17.350038648580234,19.0,1.0,20744.193412531098,10000.0,25000.0,1.0,18.64822407922086,17.0,20.0,1.0,0.0,111.0,1.0,57.0
91.0,24.0,91.0,24.0,-721.0,911.0,12.0,-711.0,14.82766181303932,12.0,17.0,30000.0,18000.0,36000.0,1.0,24.531180818384712,20.0,25.0,1.0,18000.0,34512.11795469296,36000.0,1.0,25.09525270854605,20.0,26.0,1.0,721.0,14.890948154536426,12.0,17.0,1.0,25977.494333151804,18000.0,36000.0,1.0,20.0,23.16536868137615,25.0,1.0,30385.26262403541,18000.0,36000.0,1.0,23.716395541976276,20.0,26.0,1.0,1.0,91121.0,7.0,32.0
11.0,22.0,11.0,22.0,-121.0,21.0,13.0,-111.0,10.007328472187233,9.0,11.0,30000.0,10000.0,19000.0,0.0,26.4127642226178,16.5,19.0,0.0,10000.0,36623.667740138706,25000.0,0.0,27.743439280496048,17.0,20.0,0.0,121.0,9.99372116606218,9.0,11.0,1.0,13732.544860891498,10000.0,19000.0,1.0,16.5,17.325197560470453,19.0,1.0,20414.636450302816,10000.0,25000.0,1.0,18.66760979510067,17.0,20.0,1.0,0.0,211.0,1.0,21.0
11.0,21.0,11.0,21.0,-121.0,11.0,11.0,-111.0,10.209582420555,9.0,11.0,30000.0,10000.0,19000.0,0.0,24.325463669026142,16.5,19.0,0.0,10000.0,36876.21358322836,25000.0,0.0,25.62624822504665,17.0,20.0,0.0,122.0,10.223463448282319,9.0,11.0,1.0,13277.86442705616,10000.0,19000.0,1.0,16.5,17.191407066579067,19.0,1.0,20127.072434843285,10000.0,25000.0,1.0,18.487082933779018,17.0,20.0,1.0,0.0,111.0,1.0,56.0
11.0,22.0,11.0,22.0,-121.0,11.0,11.0,-111.0,9.992740447299692,9.0,11.0,30000.0,10000.0,19000.0,0.0,25.023690388058075,16.5,19.0,0.0,10000.0,36416.31927590958,25000.0,0.0,26.310032435465175,17.0,20.0,0.0,121.0,9.992416705026487,9.0,11.0,1.0,17352.82313774876,10000.0,19000.0,1.0,16.5,18.03330309591584,19.0,1.0,23840.332178858975,10000.0,25000.0,1.0,19.333917249242987,17.0,20.0,1.0,0.0,111.0,1.0,50.0
11.0,21.0,11.0,22.0,-121.0,21.0,13.0,-111.0,10.182668559212564,9.0,11.0,30000.0,10000.0,19000.0,0.0,26.870536118700436,16.5,19.0,0.0,10000.0,37173.41963800865,25000.0,0.0,28.21836869636563,17.0,20.0,0.0,122.0,10.19842875555488,9.0,11.0,1.0,12925.037226473183,10000.0,19000.0,1.0,16.5,17.126849419136267,19.0,1.0,19777.558501380827,10000.0,25000.0,1.0,18.414387564057662,17.0,20.0,1.0,0.0,211.0,1.0,9.0
91.0,24.0,91.0,21.0,-721.0,911.0,11.0,-711.0,15.033339819430008,12.0,17.0,30000.0,18000.0,36000.0,1.0,23.933661850047233,20.0,25.0,1.0,18000.0,34557.68872138353,36000.0,1.0,24.50530775313925,20.0,26.0,1.0,721.0,15.00496216748041,12.0,17.0,1.0,24809.74880442968,18000.0,36000.0,1.0,20.0,23.07739510225386,25.0,1.0,29275.661597801864,18000.0,36000.0,1.0,23.63753005397177,20.0,26.0,1.0,1.0,91121.0,7.0,15.0
11.0,22.0,11.0,22.0,-121.0,21.0,13.0,-111.0,10.192968393163012,9.0,11.0,30000.0,10000.0,19000.0,0.0,26.074444594220104,16.5,19.0,0.0,10000.0,36968.192404510904,25000.0,0.0,27.390971181069236,17.0,20.0,0.0,122.0,10.217207903380096,9.0,11.0,1.0,14033.923527493624,10000.0,19000.0,1.0,16.5,17.37821932533327,19.0,1.0,21146.761012769755,10000.0,25000.0,1.0,18.722074246911088,17.0,20.0,1.0,0.0,211.0,1.0,13.0
11.0,22.0,11.0,21.0,-121.0,21.0,13.0,-111.0,9.996425111832158,9.0,11.0,30000.0,10000.0,19000.0,0.0,25.564801693934143,16.5,19.0,0.0,10000.0,36514.8046213517,25000.0,0.0,26.873106303488008,17.0,20.0,0.0,121.0,9.976619305173125,9.0,11.0,1.0,13430.770683134191,10000.0,19000.0,1.0,16.5,17.1566651251466,19.0,1.0,19990.755232677868,10000.0,25000.0,1.0,18.47404277859792,17.0,20.0,1.0,0.0,211.0,1.0,58.0
91.0,24.0,91.0,21.0,-721.0,911.0,11.0,-711.0,15.094522525655307,12.0,17.0,30000.0,18000.0,36000.0,1.0,24.78691597376462,20.0,25.0,1.0,18000.0,34051.85489834431,36000.0,1.0,25.27763231314289,20.0,26.0,1.0,722.0,15.382288869186949,12.0,17.0,1.0,22526.865301045727,18000.0,36000.0,1.0,20.0,23.05706068860831,25.0,1.0,26571.709081666726,18000.0,36000.0,1.0,23.546927918107166,20.0,26.0,1.0,1.0,91121.0,7.0,3.0
81.0,23.0,81.0,23.0,-721.0,912.0,12.0,-711.0,15.377111500525356,12.0,17.0,30000.0,12500.0,23000.0,0.0,28.68001358103668,20.0,24.0,0.0,12500.0,34018.61791046247,26000.0,0.0,29.170235252239028,20.0,25.0,0.0,722.0,14.97084697923156,12.0,17.0,1.0,16110.031628588184,12500.0,23000.0,1.0,20.0,21.44492898413749,24.0,1.0,20234.50619120314,12500.0,26000.0,1.0,21.948063857361603,20.0,25.0,1.0,0.0,912.0,7.0,10.0
81.0,23.0,81.0,21.0,-721.0,912.0,12.0,-711.0,15.424441846760647,12.0,17.0,30000.0,12500.0,23000.0,0.0,27.35728932743659,20.0,24.0,0.0,12500.0,34056.21475908656,26000.0,0.0,27.852947638635907,20.0,25.0,0.0,722.0,15.394469551270609,12.0,17.0,1.0,13322.67064532909,12500.0,23000.0,1.0,20.0,21.523161591231446,24.0,1.0,17201.37604738105,12500.0,26000.0,1.0,21.997128746179055,20.0,25.0,1.0,0.0,912.0,7.0,30.0
11.0,21.0,11.0,22.0,-121.0,11.0,11.0,-111.0,10.17689560725575,9.0,11.0,30000.0,10000.0,19000.0,0.0,24.214279989526833,16.5,19.0,0.0,10000.0,37175.096787511124,25000.0,0.0,25.567185801879713,17.0,20.0,0.0,122.0,10.21321637763249,9.0,11.0,1.0,17429.606989146356,10000.0,19000.0,1.0,16.5,18.041936946700943,19.0,1.0,24327.649827294197,10000.0,25000.0,1.0,19.34260264166874,17.0,20.0,1.0,0.0,111.0,1.0,43.0
11.0,22.0,11.0,22.0,-121.0,11.0,11.0,-111.0,10.194225164569316,9.0,11.0,30000.0,10000.0,19000.0,0.0,25.06434711919161,16.5,19.0,0.0,10000.0,37081.50578829244,25000.0,0.0,26.40265529867691,17.0,20.0,0.0,122.0,10.212953047356757,9.0,11.0,1.0,15896.70890064571,10000.0,19000.0,1.0,16.5,17.779387594778566,19.0,1.0,23082.88178173652,10000.0,25000.0,1.0,19.137476429763236,17.0,20.0,1.0,0.0,111.0,1.0,11.0
11.0,22.0,11.0,22.0,-121.0,11.0,12.0,-111.0,9.99617420673075,9.0,11.0,30000.0,10000.0,19000.0,0.0,23.812995080723184,16.5,19.0,0.0,10000.0,36523.75217758284,25000.0,0.0,25.11933744146131,17.0,20.0,0.0,121.0,9.999110891819333,9.0,11.0,1.0,17313.66895964019,10000.0,19000.0,1.0,16.5,18.019386656664146,19.0,1.0,23835.042882894086,10000.0,25000.0,1.0,19.32525278619515,17.0,20.0,1.0,0.0,111.0,1.0,40.0
11.0,22.0,11.0,21.0,-121.0,11.0,11.0,-111.0,10.009551179417985,9.0,11.0,30000.0,10000.0,19000.0,0.0,26.14111376911324,16.5,19.0,0.0,10000.0,36431.86276560441,25000.0,0.0,27.426853597567536,17.0,20.0,0.0,121.0,10.01820083506724,9.0,11.0,1.0,13752.930067589157,10000.0,19000.0,1.0,16.5,17.244755334019175,19.0,1.0,20287.752925140398,10000.0,25000.0,1.0,18.551077052321194,17.0,20.0,1.0,0.0,111.0,1.0,39.0
11.0,22.0,11.0,22.0,-121.0,11.0,11.0,-111.0,10.190008719941025,9.0,11.0,30000.0,10000.0,19000.0,0.0,23.889682407864846,16.5,19.0,0.0,10000.0,37036.54223246961,25000.0,0.0,25.21778904461246,17.0,20.0,0.0,122.0,10.197503906812402,9.0,11.0,1.0,15216.767722651754,10000.0,19000.0,1.0,16.5,17.568886013899565,19.0,1.0,22333.333365196842,10000.0,25000.0,1.0,18.912096606326717,17.0,20.0,1.0,0.0,111.0,1.0,50.0
91.0,24.0,91.0,21.0,-721.0,911.0,12.0,-711.0,15.219680760761783,12.0,17.0,30000.0,18000.0,36000.0,1.0,25.442240344885676,20.0,25.0,0.0,18000.0,33936.81115631704,36000.0,1.0,25.9224425921043,20.0,26.0,1.0,722.0,15.179215676931749,12.0,17.0,1.0,26819.66938050588,18000.0,36000.0,1.0,20.0,23.391033120130817,25.0,1.0,30926.983633951182,18000.0,36000.0,1.0,23.89203290300653,20.0,26.0,1.0,0.0,91121.0,7.0,14.0
11.0,22.0,11.0,22.0,-121.0,21.0,13.0,-111.0,9.9904333180793,9.0,11.0,30000.0,10000.0,19000.0,0.0,25.25116241222205,16.5,19.0,0.0,10000.0,36507.09831057753,25000.0,0.0,26.552520022010896,17.0,20.0,0.0,121.0,10.001701611546858,9.0,11.0,1.0,12086.786600662177,10000.0,19000.0,1.0,16.5,16.985884882441177,19.0,1.0,18539.157603956977,10000.0,25000.0,1.0,18.276297552658438,17.0,20.0,1.0,0.0,211.0,1.0,28.0
11.0,22.0,11.0,22.0,-121.0,21.0,13.0,-111.0,9.98448453952383,9.0,11.0,30000.0,10000.0,19000.0,0.0,25.671805148431833,16.5,19.0,0.0,10000.0,36501.237607101924,25000.0,0.0,26.972902891618887,17.0,20.0,0.0,121.0,10.0014562481283,9.0,11.0,1.0,14628.022545238468,10000.0,19000.0,1.0,16.5,17.441031941840716,19.0,1.0,21111.396556901625,10000.0,25000.0,1.0,18.73855462976672,17.0,20.0,1.0,0.0,211.0,1.0,8.0
11.0,21.0,11.0,22.0,-121.0,11.0,11.0,-111.0,10.22492560691211,9.0,11.0,30000.0,10000.0,19000.0,0.0,25.282155805696313,16.5,19.0,0.0,10000.0,36991.280892064904,25000.0,0.0,26.60118948395805,17.0,20.0,0.0,122.0,10.20874386003393,9.0,11.0,1.0,14616.606348861626,10000.0,19000.0,1.0,16.5,17.508641962863344,19.0,1.0,21561.05235436996,10000.0,25000.0,1.0,18.818839378694857,17.0,20.0,1.0,0.0,111.0,1.0,35.0
11.0,22.0,11.0,22.0,-121.0,21.0,13.0,-111.0,10.019368312023046,9.0,11.0,30000.0,10000.0,19000.0,0.0,25.030895707480106,16.5,19.0,0.0,10000.0,36467.57575655557,25000.0,0.0,26.321364383934984,17.0,20.0,0.0,121.0,10.00630132721897,9.0,11.0,1.0,14532.520092452338,10000.0,19000.0,1.0,16.5,17.476651360561046,19.0,1.0,21059.113624615715,10000.0,25000.0,1.0,18.778895792514223,17.0,20.0,1.0,0.0,211.0,1.0,41.0
11.0,21.0,11.0,22.0,-121.0,11.0,12.0,-111.0,9.989764896636947,9.0,11.0,30000.0,10000.0,19000.0,0.0,24.750189330151763,16.5,19.0,0.0,10000.0,36531.4997299792,25000.0,0.0,26.052790776115764,17.0,20.0,0.0,121.0,9.981894827697728,9.0,11.0,1.0,15113.992660606425,10000.0,19000.0,1.0,16.5,17.510759102192303,19.0,1.0,21604.52076871053,10000.0,25000.0,1.0,18.805189424202485,17.0,20.0,1.0,0.0,111.0,1.0,51.0
11.0,22.0,11.0,22.0,-121.0,21.0,13.0,-111.0,10.179125574757126,9.0,11.0,30000.0,10000.0,19000.0,0.0,25.085700841193226,16.5,19.0,0.0,10000.0,36929.11550817617,25000.0,0.0,26.39274059812691,17.0,20.0,0.0,122.0,10.189075351405844,9.0,11.0,1.0,16680.402817763556,10000.0,19000.0,1.0,16.5,17.847299805021002,19.0,1.0,23607.860587596926,10000.0,25000.0,1.0,19.154026862603942,17.0,20.0,1.0,0.0,211.0,1.0,22.0
11.0,22.0,11.0,21.0,-121.0,11.0,12.0,-111.0,9.999936462521722,9.0,11.0,30000.0,10000.0,19000.0,0.0,24.75710937767155,16.5,19.0,0.0,10000.0,36477.99442869933,25000.0,0.0,26.057402025432264,17.0,20.0,0.0,121.0,9.991571077670779,9.0,11.0,1.0,14645.089044173183,10000.0,19000.0,1.0,16.5,17.420728372245993,19.0,1.0,21140.751235170384,10000.0,25000.0,1.0,18.724567374001168,17.0,20.0,1.0,0.0,111.0,1.0,10.0
91.0,24.0,91.0,21.0,-721.0,911.0,11.0,-711.0,15.101272010356116,12.0,17.0,30000.0,18000.0,36000.0,1.0,25.340866512139332,20.0,25.0,0.0,18000.0,33957.31960208057,36000.0,1.0,25.822589528067777,20.0,26.0,1.0,722.0,15.22721648580135,12.0,17.0,1.0,26273.321354498832,18000.0,36000.0,1.0,20.0,23.32434567731279,25.0,1.0,30135.54721694578,18000.0,36000.0,1.0,23.794492968341952,20.0,26.0,1.0,0.0,91121.0,7.0,15.0
11.0,21.0,11.0,22.0,-121.0,21.0,12.0,-111.0,10.000545520877315,9.0,11.0,30000.0,10000.0,19000.0,0.0,24.29410826624884,16.5,19.0,0.0,10000.0,36495.60809479322,25000.0,0.0,25.596475441917715,17.0,20.0,0.0,121.0,9.988697478696984,9.0,11.0,1.0,14301.77950034163,10000.0,19000.0,1.0,16.5,17.43593462833368,19.0,1.0,20808.210757838395,10000.0,25000.0,1.0,18.74047184438004,17.0,20.0,1.0,0.0,211.0,1.0,37.0
11.0,21.0,11.0,22.0,-121.0,11.0,11.0,-111.0,10.005752563782568,9.0,11.0,30000.0,10000.0,19000.0,0.0,25.13016511675851,16.5,19.0,0.0,10000.0,36504.2958547867,25000.0,0.0,26.434952762738302,17.0,20.0,0.0,121.0,10.004720973255061,9.0,11.0,1.0,14993.204967686268,10000.0,19000.0,1.0,16.5,17.57960533045094,19.0,1.0,21474.64258943082,10000.0,25000.0,1.0,18.879807523870117,17.0,20.0,1.0,0.0,111.0,1.0,29.0
81.0,21.0,81.0,21.0,-721.0,912.0,12.0,-711.0,15.268791964549106,12.0,17.0,30000.0,12500.0,23000.0,0.0,28.459853060070927,20.0,24.0,0.0,12500.0,34068.986069350896,26000.0,0.0,28.95748327225326,20.0,25.0,0.0,722.0,15.367658777224555,12.0,17.0,1.0,17396.65539354869,12500.0,23000.0,1.0,20.0,21.94369903798131,24.0,1.0,21388.814466661206,12500.0,26000.0,1.0,22.431933436615054,20.0,25.0,1.0,0.0,912.0,7.0,6.0
11.0,22.0,11.0,21.0,-121.0,11.0,11.0,-111.0,10.003944496849883,9.0,11.0,30000.0,10000.0,19000.0,0.0,24.60854666688123,16.5,19.0,0.0,10000.0,36536.70629327129,25000.0,0.0,25.920913257491346,17.0,20.0,0.0,121.0,10.009178324367694,9.0,11.0,1.0,14124.536611664014,10000.0,19000.0,1.0,16.5,17.345628288681823,19.0,1.0,20658.33065707257,10000.0,25000.0,1.0,18.657410190822368,17.0,20.0,1.0,0.0,111.0,1.0,12.0
92.0,24.0,92.0,24.0,-721.0,921.0,13.0,-711.0,15.232995574293243,12.0,17.0,30000.0,15000.0,28000.0,0.0,24.993805878036568,19.5,25.0,1.0,15000.0,33990.957805271086,28000.0,0.0,25.480790487991943,20.0,26.0,1.0,722.0,15.206706709419445,12.0,17.0,1.0,16496.174442223382,15000.0,28000.0,1.0,19.5,21.188344302972208,25.0,1.0,20476.560356550443,15000.0,28000.0,1.0,21.674038909765667,20.0,26.0,1.0,0.0,92122.0,7.0,22.0
11.0,22.0,11.0,22.0,-121.0,11.0,11.0,-111.0,10.218367116099001,9.0,11.0,30000.0,10000.0,19000.0,0.0,24.795865160802897,16.5,19.0,0.0,10000.0,37134.526989402766,25000.0,0.0,26.14190924458774,17.0,20.0,0.0,122.0,10.214718900783238,9.0,11.0,1.0,13885.148603332633,10000.0,19000.0,1.0,16.5,17.41066619533584,19.0,1.0,20728.45747191862,10000.0,25000.0,1.0,18.70176726338907,17.0,20.0,1.0,0.0,111.0,1.0,50.0
92.0,24.0,92.0,24.0,-721.0,921.0,13.0,-711.0,15.339707295693524,12.0,17.0,30000.0,15000.0,28000.0,0.0,24.636465176809683,19.5,25.0,1.0,15000.0,34526.18413399189,28000.0,0.0,25.202087660338833,20.0,26.0,1.0,721.0,14.374526238897595,12.0,17.0,1.0,23905.80823454301,15000.0,28000.0,1.0,19.5,21.400054440349216,25.0,1.0,28422.673345065417,15000.0,28000.0,0.0,21.96451235587962,20.0,26.0,1.0,0.0,92122.0,7.0,22.0
11.0,22.0,11.0,22.0,-121.0,11.0,11.0,-111.0,10.18643870361046,9.0,11.0,30000.0,10000.0,19000.0,0.0,24.542860457586073,16.5,19.0,0.0,10000.0,36918.55282002195,25000.0,0.0,25.850411443525363,17.0,20.0,0.0,122.0,10.203009491054905,9.0,11.0,1.0,18114.785952476115,10000.0,19000.0,1.0,16.5,18.157427539383576,19.0,1.0,25208.69869965343,10000.0,25000.0,0.0,19.498120144908782,17.0,20.0,1.0,0.0,111.0,1.0,50.0
11.0,22.0,11.0,22.0,-121.0,21.0,13.0,-111.0,10.197063302392777,9.0,11.0,30000.0,10000.0,19000.0,0.0,26.038672789207503,16.5,19.0,0.0,10000.0,37049.514142407796,25000.0,0.0,27.369739566008626,17.0,20.0,0.0,122.0,10.18240271862443,9.0,11.0,1.0,15290.077402932815,10000.0,19000.0,1.0,16.5,17.55216986833458,19.0,1.0,22236.943029952687,10000.0,25000.0,1.0,18.863854879845118,17.0,20.0,1.0,0.0,211.0,1.0,13.0
11.0,22.0,11.0,22.0,-121.0,21.0,13.0,-111.0,9.999583268174796,9.0,11.0,30000.0,10000.0,19000.0,0.0,25.9808425118202,16.5,19.0,0.0,10000.0,36466.6696300899,25000.0,0.0,27.272954989297883,17.0,20.0,0.0,121.0,10.007742065658471,9.0,11.0,1.0,12103.173209388404,10000.0,19000.0,1.0,16.5,16.96062275773038,19.0,1.0,18549.681849016968,10000.0,25000.0,1.0,18.24870684519844,17.0,20.0,1.0,0.0,211.0,1.0,36.0
11.0,22.0,11.0,21.0,-121.0,21.0,13.0,-111.0,9.994719515782405,9.0,11.0,30000.0,10000.0,19000.0,0.0,25.259593616975813,16.5,19.0,0.0,10000.0,36539.70606459719,25000.0,0.0,26.5701757230391,17.0,20.0,0.0,121.0,9.999794679830625,9.0,11.0,1.0,12371.492740557745,10000.0,19000.0,1.0,16.5,16.944511750462077,19.0,1.0,18850.108563935413,10000.0,25000.0,1.0,18.242851138548968,17.0,20.0,1.0,0.0,211.0,1.0,2.0
11.0,21.0,11.0,22.0,-121.0,21.0,13.0,-111.0,9.976753792795636,9.0,11.0,30000.0,10000.0,19000.0,0.0,28.692758044262177,16.5,19.0,0.0,10000.0,36512.77642576288,25000.0,0.0,29.994798905503977,17.0,20.0,0.0,121.0,10.003157847266923,9.0,11.0,1.0,13236.181603444167,10000.0,19000.0,1.0,16.5,17.190177159868313,19.0,1.0,19728.15964897726,10000.0,25000.0,1.0,18.488059987863384,17.0,20.0,1.0,0.0,211.0,1.0,9.0
92.0,24.0,92.0,24.0,-721.0,921.0,13.0,-711.0,14.24866370151614,12.0,17.0,30000.0,15000.0,28000.0,0.0,23.82804087532891,19.5,25.0,1.0,15000.0,34525.73359782614,28000.0,0.0,24.395562640141996,20.0,26.0,1.0,721.0,15.233147747956526,12.0,17.0,1.0,18939.507307268137,15000.0,28000.0,1.0,19.5,21.646015508067872,25.0,1.0,23461.466388640263,15000.0,28000.0,1.0,22.213063952878137,20.0,26.0,1.0,0.0,92122.0,7.0,25.0
92.0,24.0,92.0,24.0,-721.0,921.0,13.0,-711.0,15.125121142912475,12.0,17.0,30000.0,15000.0,28000.0,0.0,24.75744557763388,19.5,25.0,1.0,15000.0,33949.40490227329,28000.0,0.0,25.239066637041695,20.0,26.0,1.0,722.0,15.122960902180294,12.0,17.0,1.0,20707.586122221575,15000.0,28000.0,1.0,19.5,21.63608971289051,25.0,1.0,24715.522498452756,15000.0,28000.0,1.0,22.124848554114532,20.0,26.0,1.0,0.0,92122.0,7.0,20.0
11.0,22.0,11.0,22.0,-121.0,21.0,13.0,-111.0,10.187084982412262,9.0,11.0,30000.0,10000.0,19000.0,0.0,24.843936595599462,16.5,19.0,0.0,10000.0,36976.68353886384,25000.0,0.0,26.159012824551592,17.0,20.0,0.0,122.0,10.182863804264835,9.0,11.0,1.0,14114.934402507753,10000.0,19000.0,1.0,16.5,17.402677394313805,19.0,1.0,20936.215271986344,10000.0,25000.0,1.0,18.688460857543394,17.0,20.0,1.0,0.0,211.0,1.0,47.0
11.0,22.0,11.0,22.0,-121.0,21.0,13.0,-111.0,10.00788519580097,9.0,11.0,30000.0,10000.0,19000.0,0.0,24.77301851006452,16.5,19.0,0.0,10000.0,36548.646882363915,25000.0,0.0,26.080284435073963,17.0,20.0,0.0,121.0,10.002279177637341,9.0,11.0,1.0,12881.079730502803,10000.0,19000.0,1.0,16.5,17.10676532268913,19.0,1.0,19337.15778524142,10000.0,25000.0,1.0,18.395552304453286,17.0,20.0,1.0,0.0,211.0,1.0,41.0
11.0,22.0,11.0,21.0,-121.0,21.0,12.0,-111.0,10.208737988153803,9.0,11.0,30000.0,10000.0,19000.0,0.0,23.64408924715607,16.5,19.0,0.0,10000.0,37140.16126627007,25000.0,0.0,24.981092507587753,17.0,20.0,0.0,122.0,10.208403757037136,9.0,11.0,1.0,13061.889788873477,10000.0,19000.0,1.0,16.5,17.14527356972853,19.0,1.0,20151.573103728417,10000.0,25000.0,1.0,18.472824776753416,17.0,20.0,1.0,0.0,211.0,1.0,53.0
11.0,22.0,11.0,22.0,-121.0,21.0,13.0,-111.0,10.201668205180907,9.0,11.0,30000.0,10000.0,19000.0,0.0,25.760739392025947,16.5,19.0,0.0,10000.0,37118.58105226836,25000.0,0.0,27.100863255372623,17.0,20.0,0.0,122.0,10.206545413219223,9.0,11.0,1.0,16335.082413008435,10000.0,19000.0,1.0,16.5,17.774572311622492,19.0,1.0,23310.35087776224,10000.0,25000.0,1.0,19.087716554025608,17.0,20.0,1.0,0.0,211.0,1.0,47.0
11.0,22.0,11.0,22.0,-121.0,21.0,13.0,-111.0,9.982670515528644,9.0,11.0,30000.0,10000.0,19000.0,0.0,24.639778559687358,16.5,19.0,0.0,10000.0,36514.10765242125,25000.0,0.0,25.944876144343553,17.0,20.0,0.0,121.0,10.013007029819908,9.0,11.0,1.0,15303.971098410735,10000.0,19000.0,1.0,16.5,17.640555848691122,19.0,1.0,21818.902547434325,10000.0,25000.0,1.0,18.945818480505473,17.0,20.0,1.0,0.0,211.0,1.0,3.0
81.0,21.0,81.0,23.0,-721.0,912.0,12.0,-711.0,15.03695357055296,12.0,17.0,30000.0,12500.0,23000.0,0.0,27.900546765037994,20.0,24.0,0.0,12500.0,34586.96750328059,26000.0,0.0,28.47368839900485,20.0,25.0,0.0,721.0,14.704002151455072,12.0,17.0,1.0,19185.5478509658,12500.0,23000.0,1.0,20.0,21.667589182262546,24.0,1.0,23749.794631487912,12500.0,26000.0,1.0,22.237891861700643,20.0,25.0,1.0,0.0,912.0,7.0,7.0
91.0,24.0,91.0,24.0,-721.0,911.0,11.0,-711.0,15.059496617726502,12.0,17.0,30000.0,18000.0,36000.0,1.0,24.897629183121428,20.0,25.0,1.0,18000.0,34074.320286327384,36000.0,1.0,25.395185727471315,20.0,26.0,1.0,722.0,15.215707203180079,12.0,17.0,1.0,25221.569300976535,18000.0,36000.0,1.0,20.0,23.305333899050225,25.0,1.0,29279.852725058146,18000.0,36000.0,1.0,23.800932019613942,20.0,26.0,1.0,1.0,91121.0,7.0,16.0
11.0,22.0,11.0,22.0,-121.0,21.0,13.0,-111.0,9.998775918264805,9.0,11.0,30000.0,10000.0,19000.0,0.0,25.514145534149762,16.5,19.0,0.0,10000.0,36440.565879209404,25000.0,0.0,26.802151085359455,17.0,20.0,0.0,121.0,10.014940014779505,9.0,11.0,1.0,14778.208336845168,10000.0,19000.0,1.0,16.5,17.530526228671135,19.0,1.0,21274.050168273752,10000.0,25000.0,1.0,18.829586046639676,17.0,20.0,1.0,0.0,211.0,1.0,5.0
81.0,21.0,81.0,23.0,-721.0,912.0,12.0,-711.0,15.233763475329921,12.0,17.0,30000.0,12500.0,23000.0,0.0,26.84101074591609,20.0,24.0,0.0,12500.0,34468.99124168043,26000.0,0.0,27.401402088064785,20.0,25.0,0.0,721.0,15.434188236475752,12.0,17.0,1.0,19833.152651904005,12500.0,23000.0,1.0,20.0,22.48776418323693,24.0,1.0,24310.38530216249,12500.0,26000.0,1.0,23.049188960844432,20.0,25.0,1.0,0.0,912.0,7.0,7.0
92.0,24.0,92.0,24.0,-721.0,921.0,13.0,-711.0,14.91656169049891,12.0,17.0,30000.0,15000.0,28000.0,0.0,23.741795234888702,19.5,25.0,1.0,15000.0,34517.945446345555,28000.0,0.0,24.303090592792227,20.0,26.0,1.0,721.0,14.748836076126949,12.0,17.0,1.0,18901.019844913382,15000.0,28000.0,1.0,19.5,21.146229035009068,25.0,1.0,23417.375204854005,15000.0,28000.0,1.0,21.70732684556981,20.0,26.0,1.0,0.0,92122.0,7.0,20.0
11.0,22.0,11.0,22.0,-121.0,21.0,13.0,-111.0,10.200600375549547,9.0,11.0,30000.0,10000.0,19000.0,0.0,26.27571119972329,16.5,19.0,0.0,10000.0,36989.249762721345,25000.0,0.0,27.594183321760582,17.0,20.0,0.0,122.0,10.200486179471248,9.0,11.0,1.0,13633.91605462613,10000.0,19000.0,1.0,16.5,17.325521021453795,19.0,1.0,20661.2096358595,10000.0,25000.0,1.0,18.651169838533736,17.0,20.0,1.0,0.0,211.0,1.0,22.0
91.0,24.0,91.0,24.0,-721.0,911.0,12.0,-711.0,15.115375743342824,12.0,17.0,30000.0,18000.0,36000.0,1.0,24.39843193069516,20.0,25.0,1.0,18000.0,34006.09183193814,36000.0,1.0,24.88903029093141,20.0,26.0,1.0,722.0,15.33500083280671,12.0,17.0,1.0,25938.72356153817,18000.0,36000.0,1.0,20.0,23.552925689099133,25.0,1.0,29961.03143305255,18000.0,36000.0,1.0,24.045509915550983,20.0,26.0,1.0,1.0,91121.0,7.0,1.0
11.0,22.0,11.0,22.0,-121.0,21.0,13.0,-111.0,10.216681399320384,9.0,11.0,30000.0,10000.0,19000.0,0.0,23.87315188189426,16.5,19.0,0.0,10000.0,37095.80212168098,25000.0,0.0,25.219328469696674,17.0,20.0,0.0,122.0,10.161892481133307,9.0,11.0,1.0,13142.625061564604,10000.0,19000.0,1.0,16.5,17.1994465375155,19.0,1.0,20113.607859049906,10000.0,25000.0,1.0,18.521943089001212,17.0,20.0,1.0,0.0,211.0,1.0,31.0
11.0,22.0,11.0,21.0,-121.0,11.0,11.0,-111.0,10.009538354684295,9.0,11.0,30000.0,10000.0,19000.0,0.0,25.01166977581078,16.5,19.0,0.0,10000.0,36523.11306888731,25000.0,0.0,26.308664037584098,17.0,20.0,0.0,121.0,9.997109533498902,9.0,11.0,1.0,11430.016131535096,10000.0,19000.0,1.0,16.5,16.75436663016215,19.0,1.0,17964.918615441136,10000.0,25000.0,1.0,18.053704987993203,17.0,20.0,1.0,0.0,111.0,1.0,54.0
11.0,22.0,11.0,22.0,-121.0,21.0,13.0,-111.0,10.179448648343055,9.0,11.0,30000.0,10000.0,19000.0,0.0,27.351529940827078,16.5,19.0,0.0,10000.0,37054.5018397987,25000.0,0.0,28.68454342131849,17.0,20.0,0.0,122.0,10.182061716144279,9.0,11.0,1.0,14248.751562674393,10000.0,19000.0,1.0,16.5,17.384558070538784,19.0,1.0,21351.62241413265,10000.0,25000.0,1.0,18.72671132390778,17.0,20.0,1.0,0.0,211.0,1.0,22.0
11.0,22.0,11.0,21.0,-121.0,11.0,11.0,-111.0,10.22344040347198,9.0,11.0,30000.0,10000.0,19000.0,0.0,22.784040491040784,16.5,19.0,0.0,10000.0,37072.24387092618,25000.0,0.0,24.124196202868045,17.0,20.0,0.0,122.0,10.222903661329212,9.0,11.0,1.0,17859.10863346364,10000.0,19000.0,1.0,16.5,18.101564949647624,19.0,1.0,24791.20073315077,10000.0,25000.0,1.0,19.415162584550973,17.0,20.0,1.0,0.0,111.0,1.0,26.0
11.0,22.0,11.0,21.0,-121.0,11.0,11.0,-111.0,9.996942639544283,9.0,11.0,30000.0,10000.0,19000.0,0.0,23.954833937885542,16.5,19.0,0.0,10000.0,36386.63092576465,25000.0,0.0,25.229775940916422,17.0,20.0,0.0,121.0,10.009242566123993,9.0,11.0,1.0,12506.690562143602,10000.0,19000.0,1.0,16.5,16.985756147072088,19.0,1.0,19023.690247096005,10000.0,25000.0,1.0,18.28672323420497,17.0,20.0,1.0,0.0,111.0,1.0,12.0
91.0,24.0,91.0,24.0,-721.0,911.0,12.0,-711.0,14.913296684250245,12.0,17.0,30000.0,18000.0,36000.0,1.0,24.212190109455186,20.0,25.0,1.0,18000.0,34109.575309505235,36000.0,1.0,24.714173490585612,20.0,26.0,1.0,722.0,15.153466818313685,12.0,17.0,1.0,28026.09372860193,18000.0,36000.0,1.0,20.0,23.573935852002695,25.0,1.0,31996.207923409558,18000.0,36000.0,1.0,24.0588841001523,20.0,26.0,1.0,1.0,91121.0,7.0,13.0
92.0,24.0,92.0,24.0,-721.0,921.0,13.0,-711.0,15.093860650307779,12.0,17.0,30000.0,15000.0,28000.0,0.0,24.8066843849131,19.5,25.0,1.0,15000.0,34038.10846608632,28000.0,0.0,25.30264092004821,20.0,26.0,1.0,722.0,15.245988353533868,12.0,17.0,1.0,19497.68565509609,15000.0,28000.0,1.0,19.5,21.67721376350292,25.0,1.0,23560.367298055717,15000.0,28000.0,1.0,22.176188352204864,20.0,26.0,1.0,0.0,92122.0,7.0,22.0
91.0,24.0,91.0,24.0,-721.0,911.0,12.0,-711.0,15.180312103194392,12.0,17.0,30000.0,18000.0,36000.0,1.0,24.25185509653039,20.0,25.0,1.0,18000.0,33980.57085781557,36000.0,1.0,24.735482837058722,20.0,26.0,1.0,722.0,15.546348906864166,12.0,17.0,1.0,29941.82177012415,18000.0,36000.0,1.0,20.0,24.16563738921448,25.0,1.0,33915.39322871874,18000.0,36000.0,1.0,24.648414723167672,20.0,26.0,1.0,1.0,91121.0,7.0,24.0
11.0,22.0,11.0,22.0,-121.0,21.0,13.0,-111.0,10.228727605196402,9.0,11.0,30000.0,10000.0,19000.0,0.0,26.67019402471736,16.5,19.0,0.0,10000.0,37158.57966672576,25000.0,0.0,28.014813264544394,17.0,20.0,0.0,122.0,10.183714235485802,9.0,11.0,1.0,13372.5034212068,10000.0,19000.0,1.0,16.5,17.242516815776465,19.0,1.0,20444.639918801047,10000.0,25000.0,1.0,18.570899154740868,17.0,20.0,1.0,0.0,211.0,1.0,4.0
11.0,22.0,11.0,22.0,-121.0,21.0,13.0,-111.0,10.17882215923366,9.0,11.0,30000.0,10000.0,19000.0,0.0,26.367991532794342,16.5,19.0,0.0,10000.0,37018.53516412854,25000.0,0.0,27.69233907571133,17.0,20.0,0.0,122.0,10.211076455482436,9.0,11.0,1.0,15682.067260719848,10000.0,19000.0,1.0,16.5,17.737082661745106,19.0,1.0,22696.508155854477,10000.0,25000.0,1.0,19.060657645295315,17.0,20.0,1.0,0.0,211.0,1.0,36.0
11.0,22.0,11.0,21.0,-121.0,11.0,11.0,-111.0,10.19273218845378,9.0,11.0,30000.0,10000.0,19000.0,0.0,24.13430438886757,16.5,19.0,0.0,10000.0,36972.16590665007,25000.0,0.0,25.443495996161307,17.0,20.0,0.0,122.0,10.197275679180727,9.0,11.0,1.0,15312.694452564103,10000.0,19000.0,1.0,16.5,17.546820094468718,19.0,1.0,22357.543117238765,10000.0,25000.0,1.0,18.869659635284805,17.0,20.0,1.0,0.0,111.0,1.0,0.0
11.0,22.0,11.0,21.0,-121.0,21.0,13.0,-111.0,10.1920728863122,9.0,11.0,30000.0,10000.0,19000.0,0.0,25.811779312795878,16.5,19.0,0.0,10000.0,37078.89614790822,25000.0,0.0,27.14913796099553,17.0,20.0,0.0,122.0,10.184865220133263,9.0,11.0,1.0,9411.87180192411,10000.0,19000.0,0.0,16.5,16.431854309427987,19.0,0.0,16499.200302590307,10000.0,25000.0,1.0,17.770806013896575,17.0,20.0,1.0,0.0,211.0,1.0,20.0
11.0,22.0,11.0,22.0,-121.0,11.0,12.0,-111.0,10.016799725298691,9.0,11.0,30000.0,10000.0,19000.0,0.0,25.15598178100675,16.5,19.0,0.0,10000.0,36485.75126163532,25000.0,0.0,26.456739057912685,17.0,20.0,0.0,121.0,9.999891312903308,9.0,11.0,1.0,14977.788358490438,10000.0,19000.0,1.0,16.5,17.513033683929795,19.0,1.0,21481.65620403565,10000.0,25000.0,1.0,18.81742435308326,17.0,20.0,1.0,0.0,111.0,1.0,14.0
11.0,22.0,11.0,22.0,-121.0,21.0,13.0,-111.0,10.203474830094963,9.0,11.0,30000.0,10000.0,19000.0,0.0,27.632164412136177,16.5,19.0,0.0,10000.0,37039.05411999056,25000.0,0.0,28.960328489858103,17.0,20.0,0.0,122.0,10.184887264433257,9.0,11.0,1.0,12677.402255713772,10000.0,19000.0,1.0,16.5,17.119387952675844,19.0,1.0,19652.22009658141,10000.0,25000.0,1.0,18.435431606692646,17.0,20.0,1.0,0.0,211.0,1.0,4.0
11.0,22.0,11.0,22.0,-121.0,11.0,11.0,-111.0,10.191399884240836,9.0,11.0,30000.0,10000.0,19000.0,0.0,23.825840445030327,16.5,19.0,0.0,10000.0,36935.919227947845,25000.0,0.0,25.131152210255824,17.0,20.0,0.0,122.0,10.193518650765407,9.0,11.0,1.0,12820.932427712338,10000.0,19000.0,1.0,16.5,17.142063782563625,19.0,1.0,19921.265981338674,10000.0,25000.0,1.0,18.478317654613978,17.0,20.0,1.0,0.0,111.0,1.0,11.0
11.0,22.0,11.0,22.0,-121.0,21.0,13.0,-111.0,10.010446795045254,9.0,11.0,30000.0,10000.0,19000.0,0.0,25.471271298681717,16.5,19.0,0.0,10000.0,36569.25229106208,25000.0,0.0,26.788410328423602,17.0,20.0,0.0,121.0,9.995615107227175,9.0,11.0,1.0,14536.490527948832,10000.0,19000.0,1.0,16.5,17.411960296384684,19.0,1.0,21037.59685976362,10000.0,25000.0,1.0,18.715436020370156,17.0,20.0,1.0,0.0,211.0,1.0,16.0
11.0,22.0,11.0,22.0,-121.0,11.0,12.0,-111.0,10.192534795232108,9.0,11.0,30000.0,10000.0,19000.0,0.0,23.841624881467908,16.5,19.0,0.0,10000.0,36956.19724454606,25000.0,0.0,25.147698412447646,17.0,20.0,0.0,122.0,10.200224752349591,9.0,11.0,1.0,14698.792178132451,10000.0,19000.0,1.0,16.5,17.517767291094856,19.0,1.0,21611.125102009508,10000.0,25000.0,1.0,18.81560499635457,17.0,20.0,1.0,0.0,111.0,1.0,49.0
81.0,23.0,81.0,23.0,-721.0,912.0,12.0,-711.0,15.191588822333562,12.0,17.0,30000.0,12500.0,23000.0,0.0,26.884919342864006,20.0,24.0,0.0,12500.0,33904.17499497498,26000.0,0.0,27.360764511545888,20.0,25.0,0.0,722.0,15.384561883796922,12.0,17.0,1.0,18295.74922301506,12500.0,23000.0,1.0,20.0,22.147246846768986,24.0,1.0,22282.011523735717,12500.0,26000.0,1.0,22.633096907111582,20.0,25.0,1.0,0.0,912.0,7.0,31.0
11.0,22.0,11.0,22.0,-121.0,11.0,12.0,-111.0,10.184949146504032,9.0,11.0,30000.0,10000.0,19000.0,0.0,23.72689548365728,16.5,19.0,0.0,10000.0,37079.619271126154,25000.0,0.0,25.059937233313686,17.0,20.0,0.0,122.0,10.19021861284884,9.0,11.0,1.0,16101.355334774393,10000.0,19000.0,1.0,16.5,17.723707173061264,19.0,1.0,23147.18067404639,10000.0,25000.0,1.0,19.050385766688876,17.0,20.0,1.0,0.0,111.0,1.0,49.0
11.0,22.0,11.0,22.0,-121.0,11.0,11.0,-111.0,10.17891222691275,9.0,11.0,30000.0,10000.0,19000.0,0.0,24.183669331029023,16.5,19.0,0.0,10000.0,36979.36256062667,25000.0,0.0,25.50126419202167,17.0,20.0,0.0,122.0,10.209056303847126,9.0,11.0,1.0,10742.163577653539,10000.0,19000.0,1.0,16.5,16.759207758526887,19.0,1.0,17684.304380734924,10000.0,25000.0,1.0,18.06977573188721,17.0,20.0,1.0,0.0,111.0,1.0,17.0
91.0,24.0,91.0,24.0,-721.0,911.0,12.0,-711.0,15.362537729857271,12.0,17.0,30000.0,18000.0,36000.0,1.0,24.846240366867757,20.0,25.0,1.0,18000.0,34050.6178926677,36000.0,1.0,25.340431938395536,20.0,26.0,1.0,722.0,15.164549409950451,12.0,17.0,1.0,24860.81187123957,18000.0,36000.0,1.0,20.0,23.227699656430566,25.0,1.0,28858.530503292157,18000.0,36000.0,1.0,23.715437306747123,20.0,26.0,1.0,1.0,91121.0,7.0,23.0
11.0,22.0,11.0,21.0,-121.0,11.0,11.0,-111.0,10.01466459209531,9.0,11.0,30000.0,10000.0,19000.0,0.0,25.21372498300625,16.5,19.0,0.0,10000.0,36538.35591612702,25000.0,0.0,26.526715204278954,17.0,20.0,0.0,121.0,9.996048264238821,9.0,11.0,1.0,15121.736398494162,10000.0,19000.0,1.0,16.5,17.488038631785155,19.0,1.0,21715.913537807126,10000.0,25000.0,1.0,18.81223850899015,17.0,20.0,1.0,0.0,111.0,1.0,39.0
91.0,24.0,91.0,24.0,-721.0,911.0,12.0,-711.0,16.16545786385411,12.0,17.0,30000.0,18000.0,36000.0,1.0,25.89318124623015,20.0,25.0,0.0,18000.0,34484.67142273345,36000.0,1.0,26.4497005876719,20.0,26.0,0.0,721.0,15.42155113919326,12.0,17.0,1.0,20048.08122638211,18000.0,36000.0,1.0,20.0,22.899625686993815,25.0,1.0,24555.53265878908,18000.0,36000.0,1.0,23.458971883468305,20.0,26.0,1.0,0.0,91121.0,7.0,32.0
11.0,22.0,11.0,22.0,-121.0,21.0,13.0,-111.0,10.00054383163722,9.0,11.0,30000.0,10000.0,19000.0,0.0,26.257275507156077,16.5,19.0,0.0,10000.0,36489.540808761245,25000.0,0.0,27.560405164123665,17.0,20.0,0.0,121.0,9.999673556578617,9.0,11.0,1.0,14721.491207514595,10000.0,19000.0,1.0,16.5,17.494383075851776,19.0,1.0,21167.42465295289,10000.0,25000.0,1.0,18.788756173598472,17.0,20.0,1.0,0.0,211.0,1.0,8.0
11.0,22.0,11.0,21.0,-121.0,11.0,11.0,-111.0,10.200697538996966,9.0,11.0,30000.0,10000.0,19000.0,0.0,23.53364598866199,16.5,19.0,0.0,10000.0,36942.42925091205,25000.0,0.0,24.841162894788056,17.0,20.0,0.0,122.0,10.183479855196133,9.0,11.0,1.0,12076.598273331483,10000.0,19000.0,1.0,16.5,16.941258543559936,19.0,1.0,19135.03610514833,10000.0,25000.0,1.0,18.270624167952562,17.0,20.0,1.0,0.0,111.0,1.0,0.0
11.0,21.0,11.0,22.0,-121.0,21.0,13.0,-111.0,10.194063445535102,9.0,11.0,30000.0,10000.0,19000.0,0.0,26.4350604908676,16.5,19.0,0.0,10000.0,37152.98927677136,25000.0,0.0,27.78587984539122,17.0,20.0,0.0,122.0,10.217915322306764,9.0,11.0,1.0,11864.01766924921,10000.0,19000.0,1.0,16.5,16.996960680317333,19.0,1.0,18930.32872424681,10000.0,25000.0,1.0,18.33141112737343,17.0,20.0,1.0,0.0,211.0,1.0,32.0
81.0,23.0,81.0,21.0,-721.0,912.0,12.0,-711.0,15.510626313995214,12.0,17.0,30000.0,12500.0,23000.0,0.0,25.72668431680162,20.0,24.0,0.0,12500.0,33954.867209452554,26000.0,0.0,26.209849543071734,20.0,25.0,0.0,722.0,15.096358283909947,12.0,17.0,1.0,12061.888954187238,12500.0,23000.0,0.0,20.0,20.90909643286203,24.0,1.0,16000.680538142806,12500.0,26000.0,1.0,21.390297703626352,20.0,25.0,1.0,0.0,912.0,7.0,11.0
11.0,22.0,11.0,21.0,-121.0,11.0,11.0,-111.0,10.211056131698598,9.0,11.0,30000.0,10000.0,19000.0,0.0,24.291018758280234,16.5,19.0,0.0,10000.0,37035.527814113935,25000.0,0.0,25.613870844287508,17.0,20.0,0.0,122.0,10.213374636857374,9.0,11.0,1.0,13800.002731138407,10000.0,19000.0,1.0,16.5,17.29104098320841,19.0,1.0,20913.86434661421,10000.0,25000.0,1.0,18.628621748466806,17.0,20.0,1.0,0.0,111.0,1.0,54.0
81.0,23.0,81.0,23.0,-721.0,912.0,12.0,-711.0,16.44460437997242,12.0,17.0,30000.0,12500.0,23000.0,0.0,28.319078679329834,20.0,24.0,0.0,12500.0,34465.975424199234,26000.0,0.0,28.87873039283774,20.0,25.0,0.0,721.0,15.586282637521037,12.0,17.0,1.0,17076.669012160924,12500.0,23000.0,1.0,20.0,22.29009434506795,24.0,1.0,21579.84888210367,12500.0,26000.0,1.0,22.854408317059775,20.0,25.0,1.0,0.0,912.0,7.0,5.0
11.0,22.0,11.0,22.0,-121.0,11.0,11.0,-111.0,10.004868544960681,9.0,11.0,30000.0,10000.0,19000.0,0.0,24.67229955731161,16.5,19.0,0.0,10000.0,36554.92942273926,25000.0,0.0,25.977635046663956,17.0,20.0,0.0,121.0,9.996726670682703,9.0,11.0,1.0,16647.57945409187,10000.0,19000.0,1.0,16.5,17.865343250353725,19.0,1.0,23189.031013390588,10000.0,25000.0,1.0,19.1679947850309,17.0,20.0,1.0,0.0,111.0,1.0,57.0
11.0,21.0,11.0,21.0,-121.0,21.0,12.0,-111.0,10.002460525833685,9.0,11.0,30000.0,10000.0,19000.0,0.0,26.219260122898945,16.5,19.0,0.0,10000.0,36501.55083967082,25000.0,0.0,27.52086707555057,17.0,20.0,0.0,121.0,9.999631828441299,9.0,11.0,1.0,13728.089678261229,10000.0,19000.0,1.0,16.5,17.246901234685485,19.0,1.0,20250.496980545457,10000.0,25000.0,1.0,18.552683639842947,17.0,20.0,1.0,0.0,211.0,1.0,6.0
11.0,21.0,11.0,22.0,-121.0,11.0,11.0,-111.0,10.00244731254411,9.0,11.0,30000.0,10000.0,19000.0,0.0,24.805544559917962,16.5,19.0,0.0,10000.0,36485.46953081888,25000.0,0.0,26.107297610999815,17.0,20.0,0.0,121.0,9.997801931291617,9.0,11.0,1.0,17643.094522088555,10000.0,19000.0,1.0,16.5,18.068413772359875,19.0,1.0,24148.874887602084,10000.0,25000.0,1.0,19.374243581632964,17.0,20.0,1.0,0.0,111.0,1.0,35.0
11.0,22.0,11.0,22.0,-121.0,21.0,13.0,-111.0,10.193440835496066,9.0,11.0,30000.0,10000.0,19000.0,0.0,26.052467885183074,16.5,19.0,0.0,10000.0,36967.54943918892,25000.0,0.0,27.363172183766675,17.0,20.0,0.0,122.0,10.176720652317403,9.0,11.0,1.0,12242.060018550774,10000.0,19000.0,1.0,16.5,17.000826825666685,19.0,1.0,19332.34177797865,10000.0,25000.0,1.0,18.334618980478123,17.0,20.0,1.0,0.0,211.0,1.0,31.0
11.0,22.0,11.0,22.0,-121.0,21.0,13.0,-111.0,10.002154023415043,9.0,11.0,30000.0,10000.0,19000.0,0.0,26.84668704399907,16.5,19.0,0.0,10000.0,36478.122249386426,25000.0,0.0,28.145998693388787,17.0,20.0,0.0,121.0,10.00134988849555,9.0,11.0,1.0,13776.241483539434,10000.0,19000.0,1.0,16.5,17.295525252666355,19.0,1.0,20304.068683941598,10000.0,25000.0,1.0,18.60480618318429,17.0,20.0,1.0,0.0,211.0,1.0,5.0
91.0,24.0,91.0,24.0,-721.0,911.0,12.0,-711.0,15.17992708386942,12.0,17.0,30000.0,18000.0,36000.0,1.0,24.6968518822177,20.0,25.0,1.0,18000.0,34492.1014113999,36000.0,1.0,25.262056149633324,20.0,26.0,1.0,721.0,14.700530740115518,12.0,17.0,1.0,26660.16815725931,18000.0,36000.0,1.0,20.0,23.015374304814927,25.0,1.0,31085.96498824498,18000.0,36000.0,1.0,23.57223601083952,20.0,26.0,1.0,1.0,91121.0,7.0,23.0
11.0,22.0,11.0,22.0,-121.0,11.0,11.0,-111.0,10.197162722113658,9.0,11.0,30000.0,10000.0,19000.0,0.0,24.371167113038943,16.5,19.0,0.0,10000.0,37105.75654466152,25000.0,0.0,25.714122750536728,17.0,20.0,0.0,122.0,10.205607196737574,9.0,11.0,1.0,13387.333702742264,10000.0,19000.0,1.0,16.5,17.241583260799324,19.0,1.0,20389.481872186778,10000.0,25000.0,1.0,18.56495738706532,17.0,20.0,1.0,0.0,111.0,1.0,38.0
11.0,22.0,11.0,22.0,-121.0,11.0,12.0,-111.0,10.003642963246303,9.0,11.0,30000.0,10000.0,19000.0,0.0,23.78589504698374,16.5,19.0,0.0,10000.0,36507.553776054585,25000.0,0.0,25.083128740301397,17.0,20.0,0.0,121.0,9.989732598179172,9.0,11.0,1.0,15194.066770426725,10000.0,19000.0,1.0,16.5,17.577793562443823,19.0,1.0,21623.380800494313,10000.0,25000.0,1.0,18.859430729302584,17.0,20.0,1.0,0.0,111.0,1.0,14.0
11.0,22.0,11.0,22.0,-121.0,21.0,13.0,-111.0,10.21575915581806,9.0,11.0,30000.0,10000.0,19000.0,0.0,26.193654654145867,16.5,19.0,0.0,10000.0,36814.85262505133,25000.0,0.0,27.484358671435093,17.0,20.0,0.0,122.0,10.206158033920197,9.0,11.0,1.0,14119.211524922646,10000.0,19000.0,1.0,16.5,17.417780350031144,19.0,1.0,21100.01034849762,10000.0,25000.0,1.0,18.73991386944944,17.0,20.0,1.0,0.0,211.0,1.0,21.0
11.0,22.0,11.0,22.0,-121.0,11.0,11.0,-111.0,10.206268357191526,9.0,11.0,30000.0,10000.0,19000.0,0.0,23.953264659725154,16.5,19.0,0.0,10000.0,36999.575246065186,25000.0,0.0,25.27665211507245,17.0,20.0,0.0,122.0,10.204807979149876,9.0,11.0,1.0,14504.671310606522,10000.0,19000.0,1.0,16.5,17.47165766011163,19.0,1.0,21455.953460947167,10000.0,25000.0,1.0,18.785914493269008,17.0,20.0,1.0,0.0,111.0,1.0,17.0
11.0,22.0,11.0,22.0,-121.0,11.0,11.0,-111.0,9.989725663219495,9.0,11.0,30000.0,10000.0,19000.0,0.0,23.906546003588502,16.5,19.0,0.0,10000.0,36443.546865356744,25000.0,0.0,25.19536384435986,17.0,20.0,0.0,121.0,9.987207442099178,9.0,11.0,1.0,12606.31188983556,10000.0,19000.0,1.0,16.5,17.05532289999758,19.0,1.0,19063.49977860266,10000.0,25000.0,1.0,18.346869175077714,17.0,20.0,1.0,0.0,111.0,1.0,38.0
11.0,22.0,11.0,22.0,-121.0,11.0,11.0,-111.0,9.99837734475046,9.0,11.0,30000.0,10000.0,19000.0,0.0,25.36804494999609,16.5,19.0,0.0,10000.0,36505.01399714134,25000.0,0.0,26.670553451121776,17.0,20.0,0.0,121.0,9.994150395215435,9.0,11.0,1.0,12799.482522752573,10000.0,19000.0,1.0,16.5,17.083836452915033,19.0,1.0,19222.160589826948,10000.0,25000.0,1.0,18.369858709905436,17.0,20.0,1.0,0.0,111.0,1.0,11.0
91.0,24.0,91.0,24.0,-721.0,911.0,11.0,-711.0,15.334815711309435,12.0,17.0,30000.0,18000.0,36000.0,1.0,24.685292185491093,20.0,25.0,1.0,18000.0,33992.78191871677,36000.0,1.0,25.17384029845674,20.0,26.0,1.0,722.0,15.469907229053819,12.0,17.0,1.0,25704.24880852501,18000.0,36000.0,1.0,20.0,23.62964489908761,25.0,1.0,29688.102210683657,18000.0,36000.0,1.0,24.117100538182942,20.0,26.0,1.0,1.0,91121.0,7.0,9.0
11.0,22.0,11.0,22.0,-121.0,21.0,13.0,-111.0,10.190069636965436,9.0,11.0,30000.0,10000.0,19000.0,0.0,25.190318436501954,16.5,19.0,0.0,10000.0,37143.82604895741,25000.0,0.0,26.54432418370971,17.0,20.0,0.0,122.0,10.239370941915912,9.0,11.0,1.0,14532.14663541516,10000.0,19000.0,1.0,16.5,17.543068174610646,19.0,1.0,21570.752782512194,10000.0,25000.0,1.0,18.877131057747633,17.0,20.0,1.0,0.0,211.0,1.0,5.0
91.0,24.0,91.0,24.0,-721.0,911.0,11.0,-711.0,15.51288091914859,12.0,17.0,30000.0,18000.0,36000.0,1.0,24.87096424499331,20.0,25.0,1.0,18000.0,34053.115656361704,36000.0,1.0,25.366040256883153,20.0,26.0,1.0,722.0,15.025529252225553,12.0,17.0,1.0,24765.8018549782,18000.0,36000.0,1.0,20.0,23.13783642379868,25.0,1.0,28743.43065150075,18000.0,36000.0,1.0,23.623691940472554,20.0,26.0,1.0,1.0,91121.0,7.0,9.0
91.0,21.0,91.0,24.0,-721.0,911.0,12.0,-711.0,15.109356586915574,12.0,17.0,30000.0,18000.0,36000.0,1.0,24.631451361098307,20.0,25.0,1.0,18000.0,34482.03788424539,36000.0,1.0,25.19120703744474,20.0,26.0,1.0,721.0,15.715436466333804,12.0,17.0,1.0,27323.253550393816,18000.0,36000.0,1.0,20.0,24.185567724165708,25.0,1.0,31829.427771406066,18000.0,36000.0,1.0,24.74833775511163,20.0,26.0,1.0,1.0,91121.0,7.0,26.0
11.0,21.0,11.0,21.0,-121.0,21.0,12.0,-111.0,10.219862581160957,9.0,11.0,30000.0,10000.0,19000.0,0.0,24.586063640657592,16.5,19.0,0.0,10000.0,37163.17356352455,25000.0,0.0,25.93932349729799,17.0,20.0,0.0,122.0,10.163666367138376,9.0,11.0,1.0,14479.781262607685,10000.0,19000.0,1.0,16.5,17.37386209754016,19.0,1.0,21626.09899207913,10000.0,25000.0,1.0,18.723937566231285,17.0,20.0,1.0,0.0,211.0,1.0,6.0
11.0,22.0,11.0,22.0,-121.0,21.0,13.0,-111.0,10.21531903618697,9.0,11.0,30000.0,10000.0,19000.0,0.0,25.02790585453434,16.5,19.0,0.0,10000.0,36916.621208970944,25000.0,0.0,26.32966682680428,17.0,20.0,0.0,122.0,10.194015241665431,9.0,11.0,1.0,14607.953825601851,10000.0,19000.0,1.0,16.5,17.448458748987232,19.0,1.0,21407.350868309084,10000.0,25000.0,1.0,18.72815723727279,17.0,20.0,1.0,0.0,211.0,1.0,31.0
11.0,22.0,11.0,22.0,-121.0,11.0,11.0,-111.0,9.997626476585264,9.0,11.0,30000.0,10000.0,19000.0,0.0,25.109783695076214,16.5,19.0,0.0,10000.0,36460.31970569353,25000.0,0.0,26.400526876346785,17.0,20.0,0.0,121.0,10.007402756451329,9.0,11.0,1.0,16825.09598350755,10000.0,19000.0,1.0,16.5,17.884570178209835,19.0,1.0,23364.985758418505,10000.0,25000.0,1.0,19.191211105869815,17.0,20.0,1.0,0.0,111.0,1.0,55.0
91.0,24.0,91.0,24.0,-721.0,911.0,11.0,-711.0,15.875038767939072,12.0,17.0,30000.0,18000.0,36000.0,1.0,25.541518871401607,20.0,25.0,0.0,18000.0,34383.74794110582,36000.0,1.0,26.089594492505427,20.0,26.0,0.0,721.0,14.643317395308067,12.0,17.0,1.0,27366.991475479655,18000.0,36000.0,1.0,20.0,23.112599221187452,25.0,1.0,31897.435481107765,18000.0,36000.0,1.0,23.679015435262556,20.0,26.0,1.0,0.0,91121.0,7.0,16.0
11.0,22.0,11.0,22.0,-121.0,11.0,11.0,-111.0,10.215522247557457,9.0,11.0,30000.0,10000.0,19000.0,0.0,22.725228242415046,16.5,19.0,0.0,10000.0,36872.89905366111,25000.0,0.0,24.031851310021356,17.0,20.0,0.0,122.0,10.189103653462498,9.0,11.0,1.0,11314.262508210708,10000.0,19000.0,1.0,16.5,16.845342241652567,19.0,1.0,18365.374780107213,10000.0,25000.0,1.0,18.18584584498051,17.0,20.0,1.0,0.0,111.0,1.0,38.0
11.0,22.0,11.0,22.0,-121.0,11.0,12.0,-111.0,10.183433675804112,9.0,11.0,30000.0,10000.0,19000.0,0.0,25.626115705976787,16.5,19.0,0.0,10000.0,36812.52332679197,25000.0,0.0,26.910639307013252,17.0,20.0,0.0,122.0,10.197064694980332,9.0,11.0,1.0,17828.941258224175,10000.0,19000.0,1.0,16.5,18.10815334687561,19.0,1.0,24810.944665772487,10000.0,25000.0,1.0,19.4246329726028,17.0,20.0,1.0,0.0,111.0,1.0,49.0
11.0,22.0,11.0,21.0,-121.0,11.0,11.0,-111.0,10.020802947210806,9.0,11.0,30000.0,10000.0,19000.0,0.0,24.384664709911775,16.5,19.0,0.0,10000.0,36542.74134723677,25000.0,0.0,25.685948118512965,17.0,20.0,0.0,121.0,9.998546824537359,9.0,11.0,1.0,14128.28316873186,10000.0,19000.0,1.0,16.5,17.298866524227762,19.0,1.0,20685.568256695766,10000.0,25000.0,1.0,18.603042532047354,17.0,20.0,1.0,0.0,111.0,1.0,1.0
11.0,21.0,11.0,22.0,-121.0,21.0,13.0,-111.0,10.223666020130377,9.0,11.0,30000.0,10000.0,19000.0,0.0,26.172226781275747,16.5,19.0,0.0,10000.0,37211.985994859875,25000.0,0.0,27.53474221586704,17.0,20.0,0.0,122.0,10.180364895521768,9.0,11.0,1.0,12529.246158513373,10000.0,19000.0,1.0,16.5,17.096747580561477,19.0,1.0,19516.834648869557,10000.0,25000.0,1.0,18.416868997251466,17.0,20.0,1.0,0.0,211.0,1.0,52.0
11.0,21.0,11.0,22.0,-121.0,11.0,12.0,-111.0,10.182410670607288,9.0,11.0,30000.0,10000.0,19000.0,0.0,24.386811249956793,16.5,19.0,0.0,10000.0,37159.188273555614,25000.0,0.0,25.741406988405142,17.0,20.0,0.0,122.0,10.245487962404706,9.0,11.0,1.0,16679.87872379126,10000.0,19000.0,1.0,16.5,17.96875438746924,19.0,1.0,23849.107311245443,10000.0,25000.0,1.0,19.325249861739586,17.0,20.0,1.0,0.0,111.0,1.0,7.0
11.0,22.0,11.0,21.0,-121.0,11.0,12.0,-111.0,10.219390407879175,9.0,11.0,30000.0,10000.0,19000.0,0.0,24.855664518968855,16.5,19.0,0.0,10000.0,36983.31478026044,25000.0,0.0,26.168623575161703,17.0,20.0,0.0,122.0,10.218158022321164,9.0,11.0,1.0,14191.23294703127,10000.0,19000.0,1.0,16.5,17.364090498119825,19.0,1.0,21223.712541742345,10000.0,25000.0,1.0,18.6862932144383,17.0,20.0,1.0,0.0,111.0,1.0,10.0
81.0,23.0,81.0,23.0,-721.0,912.0,12.0,-711.0,15.251246112752023,12.0,17.0,30000.0,12500.0,23000.0,0.0,26.028270857893727,20.0,24.0,0.0,12500.0,34054.27970147216,26000.0,0.0,26.52400000123596,20.0,25.0,0.0,722.0,15.157563789503202,12.0,17.0,1.0,18015.782104719656,12500.0,23000.0,1.0,20.0,21.912747716862842,24.0,1.0,21953.5324525485,12500.0,26000.0,1.0,22.394228460758228,20.0,25.0,1.0,0.0,912.0,7.0,5.0
11.0,21.0,11.0,22.0,-121.0,21.0,13.0,-111.0,10.003960928492202,9.0,11.0,30000.0,10000.0,19000.0,0.0,26.670269957550158,16.5,19.0,0.0,10000.0,36475.39260075446,25000.0,0.0,27.964611916706268,17.0,20.0,0.0,121.0,9.994795713087816,9.0,11.0,1.0,14731.629162404364,10000.0,19000.0,1.0,16.5,17.46399586702354,19.0,1.0,21215.695816212177,10000.0,25000.0,1.0,18.760071650136766,17.0,20.0,1.0,0.0,211.0,1.0,52.0
91.0,24.0,91.0,21.0,-721.0,911.0,12.0,-711.0,15.248349485291016,12.0,17.0,30000.0,18000.0,36000.0,1.0,24.664465547512545,20.0,25.0,1.0,18000.0,33972.85942427804,36000.0,1.0,25.151344746664407,20.0,26.0,1.0,722.0,15.437079018879844,12.0,17.0,1.0,24771.417018830318,18000.0,36000.0,1.0,20.0,23.444199624379483,25.0,1.0,28665.936457037213,18000.0,36000.0,1.0,23.92147815418805,20.0,26.0,1.0,1.0,91121.0,7.0,29.0
11.0,22.0,11.0,22.0,-121.0,21.0,13.0,-111.0,9.996058580358655,9.0,11.0,30000.0,10000.0,19000.0,0.0,26.059835964891988,16.5,19.0,0.0,10000.0,36484.13862398635,25000.0,0.0,27.35600113588175,17.0,20.0,0.0,121.0,9.992581749162223,9.0,11.0,1.0,13670.059331675637,10000.0,19000.0,1.0,16.5,17.234149486339696,19.0,1.0,20085.301300115974,10000.0,25000.0,1.0,18.51654236612858,17.0,20.0,1.0,0.0,211.0,1.0,8.0
11.0,22.0,11.0,22.0,-121.0,21.0,13.0,-111.0,10.195023343130357,9.0,11.0,30000.0,10000.0,19000.0,0.0,25.967301826517946,16.5,19.0,0.0,10000.0,37031.97520826582,25000.0,0.0,27.295648190948842,17.0,20.0,0.0,122.0,10.224415472391621,9.0,11.0,1.0,13786.728321952596,10000.0,19000.0,1.0,16.5,17.380401786345836,19.0,1.0,20777.228715056575,10000.0,25000.0,1.0,18.700913521344177,17.0,20.0,1.0,0.0,211.0,1.0,5.0
11.0,22.0,11.0,22.0,-121.0,21.0,12.0,-111.0,10.19225746043194,9.0,11.0,30000.0,10000.0,19000.0,0.0,24.45243589187578,16.5,19.0,0.0,10000.0,36983.50459759758,25000.0,0.0,25.776475946767057,17.0,20.0,0.0,122.0,10.196887434347852,9.0,11.0,1.0,15905.8127307675,10000.0,19000.0,1.0,16.5,17.701668460366825,19.0,1.0,22912.320810874233,10000.0,25000.0,1.0,19.030069868761696,17.0,20.0,1.0,0.0,211.0,1.0,23.0
11.0,22.0,11.0,22.0,-121.0,11.0,12.0,-111.0,10.186640814005642,9.0,11.0,30000.0,10000.0,19000.0,0.0,24.995650954943116,16.5,19.0,0.0,10000.0,36920.24083542312,25000.0,0.0,26.30522434998704,17.0,20.0,0.0,122.0,10.197952244388626,9.0,11.0,1.0,15092.197392587248,10000.0,19000.0,1.0,16.5,17.60370800890565,19.0,1.0,22113.934577573964,10000.0,25000.0,1.0,18.932488382759065,17.0,20.0,1.0,0.0,111.0,1.0,49.0
81.0,23.0,81.0,23.0,-721.0,912.0,12.0,-711.0,15.160611658749442,12.0,17.0,30000.0,12500.0,23000.0,0.0,26.927798359537775,20.0,24.0,0.0,12500.0,34056.21822619074,26000.0,0.0,27.42190165150975,20.0,25.0,0.0,722.0,15.156133832812161,12.0,17.0,1.0,16424.989843631192,12500.0,23000.0,1.0,20.0,21.695379182412793,24.0,1.0,20475.408599145143,12500.0,26000.0,1.0,22.188776018914844,20.0,25.0,1.0,0.0,912.0,7.0,10.0
11.0,22.0,11.0,22.0,-121.0,11.0,12.0,-111.0,10.007175504330892,9.0,11.0,30000.0,10000.0,19000.0,0.0,23.966562501457922,16.5,19.0,0.0,10000.0,36482.72945391387,25000.0,0.0,25.270421937872076,17.0,20.0,0.0,121.0,10.003953929430187,9.0,11.0,1.0,14898.153715562601,10000.0,19000.0,1.0,16.5,17.54121099923595,19.0,1.0,21425.80848627647,10000.0,25000.0,1.0,18.85410618188323,17.0,20.0,1.0,0.0,111.0,1.0,14.0
11.0,22.0,11.0,22.0,-121.0,21.0,13.0,-111.0,10.184864120605388,9.0,11.0,30000.0,10000.0,19000.0,0.0,26.09572692833979,16.5,19.0,0.0,10000.0,36901.43270254856,25000.0,0.0,27.399995779332563,17.0,20.0,0.0,122.0,10.212887089247195,9.0,11.0,1.0,13886.65948049704,10000.0,19000.0,1.0,16.5,17.387134699057892,19.0,1.0,21011.96321216928,10000.0,25000.0,1.0,18.733711868121762,17.0,20.0,1.0,0.0,211.0,1.0,8.0
11.0,22.0,11.0,22.0,-121.0,11.0,11.0,-111.0,9.999256193552426,9.0,11.0,30000.0,10000.0,19000.0,0.0,25.21859568389112,16.5,19.0,0.0,10000.0,36544.75966827621,25000.0,0.0,26.519284114444414,17.0,20.0,0.0,121.0,10.018212205228544,9.0,11.0,1.0,13565.94408308936,10000.0,19000.0,1.0,16.5,17.260100534090515,19.0,1.0,20087.595057424984,10000.0,25000.0,1.0,18.55619640320883,17.0,20.0,1.0,0.0,111.0,1.0,55.0
81.0,23.0,81.0,23.0,-721.0,912.0,12.0,-711.0,15.168700720687902,12.0,17.0,30000.0,12500.0,23000.0,0.0,26.612687159613483,20.0,24.0,0.0,12500.0,33926.68038613505,26000.0,0.0,27.091630126265393,20.0,25.0,0.0,722.0,15.345657737276607,12.0,17.0,1.0,17920.162266449162,12500.0,23000.0,1.0,20.0,22.038120657792042,24.0,1.0,21959.085774712512,12500.0,26000.0,1.0,22.530754082696735,20.0,25.0,1.0,0.0,912.0,7.0,10.0
11.0,22.0,11.0,22.0,-121.0,11.0,12.0,-111.0,10.200772330174127,9.0,11.0,30000.0,10000.0,19000.0,0.0,24.624148672374176,16.5,19.0,0.0,10000.0,37072.79096052599,25000.0,0.0,25.957582777993416,17.0,20.0,0.0,122.0,10.223021564550242,9.0,11.0,1.0,14405.749794078025,10000.0,19000.0,1.0,16.5,17.471438772045147,19.0,1.0,21370.861445273604,10000.0,25000.0,1.0,18.784572084903502,17.0,20.0,1.0,0.0,111.0,1.0,14.0
11.0,22.0,11.0,22.0,-121.0,21.0,13.0,-111.0,10.184931782050151,9.0,11.0,30000.0,10000.0,19000.0,0.0,26.73106667475183,16.5,19.0,0.0,10000.0,36876.42059340648,25000.0,0.0,28.035003375926728,17.0,20.0,0.0,122.0,10.191837231459784,9.0,11.0,1.0,16223.508550054275,10000.0,19000.0,1.0,16.5,17.813189907567192,19.0,1.0,23183.132714175626,10000.0,25000.0,1.0,19.132904030738054,17.0,20.0,1.0,0.0,211.0,1.0,19.0
11.0,22.0,11.0,21.0,-121.0,11.0,11.0,-111.0,10.205571846109809,9.0,11.0,30000.0,10000.0,19000.0,0.0,25.171854804142903,16.5,19.0,0.0,10000.0,36869.39859352575,25000.0,0.0,26.4626773267354,17.0,20.0,0.0,122.0,10.186813677247267,9.0,11.0,1.0,11307.64746861313,10000.0,19000.0,1.0,16.5,16.803519699879764,19.0,1.0,18224.303251119167,10000.0,25000.0,1.0,18.10322227842762,17.0,20.0,1.0,0.0,111.0,1.0,54.0
91.0,24.0,91.0,21.0,-721.0,911.0,12.0,-711.0,14.759000475630422,12.0,17.0,30000.0,18000.0,36000.0,1.0,23.80582289937527,20.0,25.0,1.0,18000.0,34502.36708362567,36000.0,1.0,24.370757325587505,20.0,26.0,1.0,721.0,14.305981698987088,12.0,17.0,1.0,26988.314647263785,18000.0,36000.0,1.0,20.0,22.575418383759402,25.0,1.0,31492.9346153193,18000.0,36000.0,1.0,23.14063549060364,20.0,26.0,1.0,1.0,91121.0,7.0,29.0
11.0,22.0,11.0,21.0,-121.0,21.0,13.0,-111.0,10.007350156554066,9.0,11.0,30000.0,10000.0,19000.0,0.0,24.734995620694903,16.5,19.0,0.0,10000.0,36450.134813927936,25000.0,0.0,26.023289852360854,17.0,20.0,0.0,121.0,10.013407106764005,9.0,11.0,1.0,11751.259533553013,10000.0,19000.0,1.0,16.5,16.868326947951722,19.0,1.0,18273.6560033141,10000.0,25000.0,1.0,18.171054098783866,17.0,20.0,1.0,0.0,211.0,1.0,20.0
11.0,21.0,11.0,21.0,-121.0,21.0,13.0,-111.0,10.00227705439461,9.0,11.0,30000.0,10000.0,19000.0,0.0,26.15731468952132,16.5,19.0,0.0,10000.0,36584.38300439717,25000.0,0.0,27.478053510615545,17.0,20.0,0.0,121.0,10.006054528919304,9.0,11.0,1.0,11729.874306781207,10000.0,19000.0,1.0,16.5,16.802399463191804,19.0,1.0,18271.58106822061,10000.0,25000.0,1.0,18.114578002969594,17.0,20.0,1.0,0.0,211.0,1.0,34.0
11.0,22.0,11.0,22.0,-121.0,21.0,12.0,-111.0,10.00490905306145,9.0,11.0,30000.0,10000.0,19000.0,0.0,24.237943668667945,16.5,19.0,0.0,10000.0,36500.25359043356,25000.0,0.0,25.539078611773856,17.0,20.0,0.0,121.0,9.980869791654353,9.0,11.0,1.0,16751.433722327587,10000.0,19000.0,1.0,16.5,17.824528166073755,19.0,1.0,23306.122131897613,10000.0,25000.0,1.0,19.136559152590088,17.0,20.0,1.0,0.0,211.0,1.0,48.0
11.0,22.0,11.0,21.0,-121.0,11.0,11.0,-111.0,10.21095975760711,9.0,11.0,30000.0,10000.0,19000.0,0.0,25.95583803498551,16.5,19.0,0.0,10000.0,37023.58830117292,25000.0,0.0,27.27951161281943,17.0,20.0,0.0,122.0,10.208792274490138,9.0,11.0,1.0,11636.23753169283,10000.0,19000.0,1.0,16.5,16.861805892420662,19.0,1.0,18668.47157196663,10000.0,25000.0,1.0,18.187108856249026,17.0,20.0,1.0,0.0,111.0,1.0,26.0
91.0,21.0,91.0,24.0,-721.0,911.0,12.0,-711.0,15.389148167065835,12.0,17.0,30000.0,18000.0,36000.0,1.0,25.881186769176004,20.0,25.0,0.0,18000.0,33927.57979848832,36000.0,1.0,26.36241055059958,20.0,26.0,0.0,722.0,15.293851120345954,12.0,17.0,1.0,28349.346576464035,18000.0,36000.0,1.0,20.0,23.784395102695022,25.0,1.0,32318.354099220236,18000.0,36000.0,1.0,24.270694785093454,20.0,26.0,1.0,0.0,91121.0,7.0,19.0
81.0,23.0,81.0,23.0,-721.0,912.0,12.0,-711.0,14.522069307813286,12.0,17.0,30000.0,12500.0,23000.0,0.0,26.00867554536159,20.0,24.0,0.0,12500.0,34485.67495975686,26000.0,0.0,26.56932207462012,20.0,25.0,0.0,721.0,15.392106330287104,12.0,17.0,1.0,19106.541962963976,12500.0,23000.0,1.0,20.0,22.317721059991626,24.0,1.0,23575.254197504666,12500.0,26000.0,1.0,22.87624748623232,20.0,25.0,1.0,0.0,912.0,7.0,31.0
11.0,22.0,11.0,21.0,-121.0,21.0,13.0,-111.0,10.009302780116123,9.0,11.0,30000.0,10000.0,19000.0,0.0,25.608787107335253,16.5,19.0,0.0,10000.0,36452.171445887994,25000.0,0.0,26.909155074317518,17.0,20.0,0.0,121.0,10.021913158914941,9.0,11.0,1.0,13255.832185417123,10000.0,19000.0,1.0,16.5,17.17801411989805,19.0,1.0,19800.864050839755,10000.0,25000.0,1.0,18.49709713746074,17.0,20.0,1.0,0.0,211.0,1.0,2.0
11.0,22.0,11.0,22.0,-121.0,11.0,12.0,-111.0,9.996470979548077,9.0,11.0,30000.0,10000.0,19000.0,0.0,25.660508446440367,16.5,19.0,0.0,10000.0,36546.75133773601,25000.0,0.0,26.966324584044667,17.0,20.0,0.0,121.0,10.00003951650278,9.0,11.0,1.0,15178.186752002886,10000.0,19000.0,1.0,16.5,17.52995914989934,19.0,1.0,21664.429289831263,10000.0,25000.0,1.0,18.823706191961396,17.0,20.0,1.0,0.0,111.0,1.0,14.0
11.0,22.0,11.0,21.0,-121.0,11.0,11.0,-111.0,10.016035868830507,9.0,11.0,30000.0,10000.0,19000.0,0.0,24.438086212427628,16.5,19.0,0.0,10000.0,36430.08696317528,25000.0,0.0,25.713119089858676,17.0,20.0,0.0,121.0,10.007440751076611,9.0,11.0,1.0,13980.458484919569,10000.0,19000.0,1.0,16.5,17.261741580346435,19.0,1.0,20654.821759293936,10000.0,25000.0,1.0,18.58521242288435,17.0,20.0,1.0,0.0,111.0,1.0,0.0
91.0,24.0,91.0,24.0,-721.0,911.0,12.0,-711.0,15.477069250312018,12.0,17.0,30000.0,18000.0,36000.0,1.0,25.234568584924983,20.0,25.0,0.0,18000.0,34536.133763554644,36000.0,1.0,25.8033164194094,20.0,26.0,1.0,721.0,14.756772709401497,12.0,17.0,1.0,24126.768399754157,18000.0,36000.0,1.0,20.0,22.77854394942152,25.0,1.0,28582.092897631937,18000.0,36000.0,1.0,23.33715978664667,20.0,26.0,1.0,0.0,91121.0,7.0,32.0
91.0,21.0,91.0,24.0,-721.0,911.0,12.0,-711.0,15.266269255094311,12.0,17.0,30000.0,18000.0,36000.0,1.0,24.98702290543895,20.0,25.0,1.0,18000.0,33929.112431130954,36000.0,1.0,25.466270357248693,20.0,26.0,1.0,722.0,15.695466653587177,12.0,17.0,1.0,26579.23268553963,18000.0,36000.0,1.0,20.0,23.873588664630716,25.0,1.0,30605.865516972604,18000.0,36000.0,1.0,24.36473101742978,20.0,26.0,1.0,1.0,91121.0,7.0,26.0
11.0,22.0,11.0,22.0,-121.0,11.0,11.0,-111.0,10.19289527455399,9.0,11.0,30000.0,10000.0,19000.0,0.0,22.892996064443928,16.5,19.0,0.0,10000.0,36999.47922359527,25000.0,0.0,24.226700491408195,17.0,20.0,0.0,122.0,10.188182450775436,9.0,11.0,1.0,16357.960804435323,10000.0,19000.0,1.0,16.5,17.836973082381366,19.0,1.0,23427.82180336961,10000.0,25000.0,1.0,19.184088290683597,17.0,20.0,1.0,0.0,111.0,1.0,27.0
11.0,22.0,11.0,22.0,-121.0,21.0,12.0,-111.0,10.005167913014503,9.0,11.0,30000.0,10000.0,19000.0,0.0,24.944100505376394,16.5,19.0,0.0,10000.0,36492.88755758964,25000.0,0.0,26.23898817940998,17.0,20.0,0.0,121.0,9.996121039316312,9.0,11.0,1.0,15609.37549673927,10000.0,19000.0,1.0,16.5,17.639227123210077,19.0,1.0,22117.72090747735,10000.0,25000.0,1.0,18.93719758334328,17.0,20.0,1.0,0.0,211.0,1.0,48.0
11.0,21.0,11.0,21.0,-121.0,21.0,12.0,-111.0,10.197827594798559,9.0,11.0,30000.0,10000.0,19000.0,0.0,25.075929624656418,16.5,19.0,0.0,10000.0,36904.886584213746,25000.0,0.0,26.376542798269526,17.0,20.0,0.0,122.0,10.210221791941375,9.0,11.0,1.0,14730.36642097039,10000.0,19000.0,1.0,16.5,17.45838199953139,19.0,1.0,21825.605983292284,10000.0,25000.0,1.0,18.794850300950646,17.0,20.0,1.0,0.0,211.0,1.0,6.0
11.0,22.0,11.0,22.0,-121.0,21.0,13.0,-111.0,10.18179673153217,9.0,11.0,30000.0,10000.0,19000.0,0.0,24.965273074071703,16.5,19.0,0.0,10000.0,36993.73154272373,25000.0,0.0,26.278448396820984,17.0,20.0,0.0,122.0,10.197511797750419,9.0,11.0,1.0,14082.227422961008,10000.0,19000.0,1.0,16.5,17.376056886162026,19.0,1.0,21071.257674270797,10000.0,25000.0,1.0,18.688349472730753,17.0,20.0,1.0,0.0,211.0,1.0,5.0
92.0,24.0,92.0,24.0,-721.0,921.0,13.0,-711.0,15.099844436328276,12.0,17.0,30000.0,15000.0,28000.0,0.0,24.250726502332732,19.5,25.0,1.0,15000.0,34107.564646647894,28000.0,0.0,24.748969550403928,20.0,26.0,1.0,722.0,15.169917493256486,12.0,17.0,1.0,21063.678089905254,15000.0,28000.0,1.0,19.5,21.800169789118954,25.0,1.0,25109.52424499608,15000.0,28000.0,1.0,22.290926452433954,20.0,26.0,1.0,0.0,92122.0,7.0,25.0
92.0,24.0,92.0,24.0,-721.0,921.0,13.0,-711.0,14.96638623307095,12.0,17.0,30000.0,15000.0,28000.0,0.0,24.577491193504116,19.5,25.0,1.0,15000.0,34504.02813149247,28000.0,0.0,25.141177393813656,20.0,26.0,1.0,721.0,14.78204796200955,12.0,17.0,1.0,21652.515191764993,15000.0,28000.0,1.0,19.5,21.527114701234037,25.0,1.0,26148.113672102394,15000.0,28000.0,1.0,22.089745917451378,20.0,26.0,1.0,0.0,92122.0,7.0,20.0
92.0,24.0,92.0,24.0,-721.0,921.0,13.0,-711.0,15.20704126298735,12.0,17.0,30000.0,15000.0,28000.0,0.0,25.16606514760218,19.5,25.0,0.0,15000.0,33936.73824592976,28000.0,0.0,25.647370938952257,20.0,26.0,1.0,722.0,15.069283047677052,12.0,17.0,1.0,21641.285980677843,15000.0,28000.0,1.0,19.5,21.762419997702683,25.0,1.0,25672.604272628392,15000.0,28000.0,1.0,22.255289149645257,20.0,26.0,1.0,0.0,92122.0,7.0,22.0
11.0,22.0,11.0,22.0,-121.0,21.0,12.0,-111.0,10.243032041741197,9.0,11.0,30000.0,10000.0,19000.0,0.0,24.213589663755,16.5,19.0,0.0,10000.0,36804.531490033914,25000.0,0.0,25.501109799093662,17.0,20.0,0.0,122.0,10.214636204488862,9.0,11.0,1.0,17053.71644840623,10000.0,19000.0,1.0,16.5,17.978572835394374,19.0,1.0,24011.64587696878,10000.0,25000.0,1.0,19.295118177665262,17.0,20.0,1.0,0.0,211.0,1.0,23.0
11.0,22.0,11.0,21.0,-121.0,21.0,13.0,-111.0,9.99719437022425,9.0,11.0,30000.0,10000.0,19000.0,0.0,25.845151472165888,16.5,19.0,0.0,10000.0,36580.963318199894,25000.0,0.0,27.164190436853687,17.0,20.0,0.0,121.0,9.995941431322862,9.0,11.0,1.0,12718.25646975927,10000.0,19000.0,1.0,16.5,17.01656983427994,19.0,1.0,19074.247254480313,10000.0,25000.0,1.0,18.290516990474828,17.0,20.0,1.0,0.0,211.0,1.0,58.0
11.0,22.0,11.0,22.0,-121.0,11.0,11.0,-111.0,9.980523652704624,9.0,11.0,30000.0,10000.0,19000.0,0.0,24.15821812942599,16.5,19.0,0.0,10000.0,36514.1774389919,25000.0,0.0,25.459242481565948,17.0,20.0,0.0,121.0,10.005684873464155,9.0,11.0,1.0,16669.12174732171,10000.0,19000.0,1.0,16.5,17.888534292434272,19.0,1.0,23232.18618767306,10000.0,25000.0,1.0,19.199322452801347,17.0,20.0,1.0,0.0,111.0,1.0,15.0
11.0,21.0,11.0,21.0,-121.0,21.0,13.0,-111.0,10.005737927502743,9.0,11.0,30000.0,10000.0,19000.0,0.0,26.407555817586587,16.5,19.0,0.0,10000.0,36594.560278008015,25000.0,0.0,27.71883201134295,17.0,20.0,0.0,121.0,9.992412038871445,9.0,11.0,1.0,12232.239996972598,10000.0,19000.0,1.0,16.5,16.91568082317611,19.0,1.0,18760.43563903464,10000.0,25000.0,1.0,18.213760933561538,17.0,20.0,1.0,0.0,211.0,1.0,34.0
11.0,21.0,11.0,22.0,-121.0,11.0,12.0,-111.0,10.203078549455851,9.0,11.0,30000.0,10000.0,19000.0,0.0,25.194228390130135,16.5,19.0,0.0,10000.0,36980.52555035618,25000.0,0.0,26.510332008173656,17.0,20.0,0.0,122.0,10.21316525424958,9.0,11.0,1.0,17572.25153727707,10000.0,19000.0,1.0,16.5,18.076063536491617,19.0,1.0,24460.47737240002,10000.0,25000.0,1.0,19.374765027963644,17.0,20.0,1.0,0.0,111.0,1.0,51.0
91.0,24.0,91.0,24.0,-721.0,911.0,12.0,-711.0,13.91274777196911,12.0,17.0,30000.0,18000.0,36000.0,1.0,24.57288837992416,20.0,25.0,1.0,18000.0,34534.5469748224,36000.0,1.0,25.139899411969616,20.0,26.0,1.0,721.0,15.096183305660137,12.0,17.0,1.0,28295.16251284564,18000.0,36000.0,1.0,20.0,23.647413523577928,25.0,1.0,32824.27911072373,18000.0,36000.0,1.0,24.213745527783846,20.0,26.0,1.0,1.0,91121.0,7.0,27.0
11.0,22.0,11.0,21.0,-121.0,21.0,13.0,-111.0,10.207257171153126,9.0,11.0,30000.0,10000.0,19000.0,0.0,25.094294347658128,16.5,19.0,0.0,10000.0,36966.931200848805,25000.0,0.0,26.408993049266524,17.0,20.0,0.0,122.0,10.190092363162139,9.0,11.0,1.0,11557.672131960768,10000.0,19000.0,1.0,16.5,16.840019551071343,19.0,1.0,18438.673868080987,10000.0,25000.0,1.0,18.1385028843272,17.0,20.0,1.0,0.0,211.0,1.0,2.0
11.0,22.0,11.0,22.0,-121.0,21.0,13.0,-111.0,10.163378970144151,9.0,11.0,30000.0,10000.0,19000.0,0.0,25.226076680507067,16.5,19.0,0.0,10000.0,37104.24578241659,25000.0,0.0,26.56886164646405,17.0,20.0,0.0,122.0,10.198718813954219,9.0,11.0,1.0,14612.587684834225,10000.0,19000.0,1.0,16.5,17.462112719578663,19.0,1.0,21536.39582372017,10000.0,25000.0,1.0,18.77079287519458,17.0,20.0,1.0,0.0,211.0,1.0,31.0
11.0,22.0,11.0,22.0,-121.0,11.0,11.0,-111.0,10.007915158035846,9.0,11.0,30000.0,10000.0,19000.0,0.0,25.1988424373991,16.5,19.0,0.0,10000.0,36467.41259835051,25000.0,0.0,26.487298672739584,17.0,20.0,0.0,121.0,9.98494762282576,9.0,11.0,1.0,15961.024998758514,10000.0,19000.0,1.0,16.5,17.67135383898305,19.0,1.0,22440.938140384183,10000.0,25000.0,1.0,18.96230046792114,17.0,20.0,1.0,0.0,111.0,1.0,44.0
92.0,24.0,92.0,24.0,-721.0,921.0,13.0,-711.0,14.810249026279468,12.0,17.0,30000.0,15000.0,28000.0,0.0,24.243033934604394,19.5,25.0,1.0,15000.0,34520.284083958686,28000.0,0.0,24.8109499126445,20.0,26.0,1.0,721.0,15.23172805153408,12.0,17.0,1.0,21199.398346833474,15000.0,28000.0,1.0,19.5,21.96788586928448,25.0,1.0,25675.18521082151,15000.0,28000.0,1.0,22.530211339796665,20.0,26.0,1.0,0.0,92122.0,7.0,22.0
81.0,23.0,81.0,23.0,-721.0,912.0,12.0,-711.0,15.061736819756758,12.0,17.0,30000.0,12500.0,23000.0,0.0,25.497691740305296,20.0,24.0,0.0,12500.0,34066.12578972464,26000.0,0.0,25.995375266945107,20.0,25.0,0.0,722.0,15.059375200424816,12.0,17.0,1.0,16726.110622831224,12500.0,23000.0,1.0,20.0,21.5973014051544,24.0,1.0,20716.312436400585,12500.0,26000.0,1.0,22.085692028877887,20.0,25.0,1.0,0.0,912.0,7.0,31.0
11.0,22.0,11.0,22.0,-121.0,21.0,13.0,-111.0,10.198602324366398,9.0,11.0,30000.0,10000.0,19000.0,0.0,26.855045442363974,16.5,19.0,0.0,10000.0,36958.41384351197,25000.0,0.0,28.168541200162096,17.0,20.0,0.0,122.0,10.219429204272052,9.0,11.0,1.0,13309.716145442462,10000.0,19000.0,1.0,16.5,17.253796783685438,19.0,1.0,20274.360690123263,10000.0,25000.0,1.0,18.568468671523743,17.0,20.0,1.0,0.0,211.0,1.0,5.0
81.0,23.0,81.0,21.0,-721.0,912.0,12.0,-711.0,15.076824176560594,12.0,17.0,30000.0,12500.0,23000.0,0.0,25.842855082433104,20.0,24.0,0.0,12500.0,34017.1403533604,26000.0,0.0,26.32888799306525,20.0,25.0,0.0,722.0,14.960915295246107,12.0,17.0,1.0,16641.50339484788,12500.0,23000.0,1.0,20.0,21.38335586761633,24.0,1.0,20622.901404574186,12500.0,26000.0,1.0,21.865064320106317,20.0,25.0,1.0,0.0,912.0,7.0,11.0
11.0,21.0,11.0,22.0,-121.0,11.0,11.0,-111.0,10.000314438785983,9.0,11.0,30000.0,10000.0,19000.0,0.0,26.933658123173764,16.5,19.0,0.0,10000.0,36492.302422487446,25000.0,0.0,28.226494570179817,17.0,20.0,0.0,121.0,10.006255819109436,9.0,11.0,1.0,14967.37662706581,10000.0,19000.0,1.0,16.5,17.492776501612347,19.0,1.0,21462.007996344204,10000.0,25000.0,1.0,18.78607672049755,17.0,20.0,1.0,0.0,111.0,1.0,35.0
81.0,23.0,81.0,21.0,-721.0,912.0,11.0,-711.0,14.827187748671005,12.0,17.0,30000.0,12500.0,23000.0,0.0,26.994019879015507,20.0,24.0,0.0,12500.0,34538.95520276961,26000.0,0.0,27.56289232958447,20.0,25.0,0.0,721.0,15.349455858252973,12.0,17.0,1.0,13966.862819693495,12500.0,23000.0,1.0,20.0,21.59931805994172,24.0,1.0,18457.462327164176,12500.0,26000.0,1.0,22.162130035873947,20.0,25.0,1.0,0.0,912.0,7.0,12.0
11.0,21.0,11.0,22.0,-121.0,21.0,12.0,-111.0,10.198623655056794,9.0,11.0,30000.0,10000.0,19000.0,0.0,26.544173625983916,16.5,19.0,0.0,10000.0,36903.59292749549,25000.0,0.0,27.8442461994681,17.0,20.0,0.0,122.0,10.218619058107311,9.0,11.0,1.0,15292.359910254509,10000.0,19000.0,1.0,16.5,17.643574982720196,19.0,1.0,22350.20646916446,10000.0,25000.0,1.0,18.972696330903066,17.0,20.0,1.0,0.0,211.0,1.0,37.0
11.0,22.0,11.0,22.0,-121.0,21.0,13.0,-111.0,10.195564377147814,9.0,11.0,30000.0,10000.0,19000.0,0.0,24.937395765887164,16.5,19.0,0.0,10000.0,37035.76209522744,25000.0,0.0,26.25945511429514,17.0,20.0,0.0,122.0,10.206175511671233,9.0,11.0,1.0,14132.936067173316,10000.0,19000.0,1.0,16.5,17.38053153092254,19.0,1.0,21029.952842111954,10000.0,25000.0,1.0,18.676519851735637,17.0,20.0,1.0,0.0,211.0,1.0,13.0
11.0,22.0,11.0,22.0,-121.0,21.0,13.0,-111.0,10.207839958759056,9.0,11.0,30000.0,10000.0,19000.0,0.0,25.608233439173915,16.5,19.0,0.0,10000.0,37003.48678239715,25000.0,0.0,26.92879960064087,17.0,20.0,0.0,122.0,10.181125598964652,9.0,11.0,1.0,14570.263590706041,10000.0,19000.0,1.0,16.5,17.45730934210343,19.0,1.0,21695.62855857542,10000.0,25000.0,1.0,18.800856657466486,17.0,20.0,1.0,0.0,211.0,1.0,41.0
11.0,21.0,11.0,22.0,-121.0,21.0,13.0,-111.0,10.203183971094843,9.0,11.0,30000.0,10000.0,19000.0,0.0,29.623341329130085,16.5,19.0,0.0,10000.0,36986.50705320595,25000.0,0.0,30.938662185743194,17.0,20.0,0.0,122.0,10.212852297545755,9.0,11.0,1.0,13129.961366316718,10000.0,19000.0,1.0,16.5,17.205759246153548,19.0,1.0,20190.660205688393,10000.0,25000.0,1.0,18.53504788423313,17.0,20.0,1.0,0.0,211.0,1.0,24.0
11.0,21.0,11.0,22.0,-121.0,11.0,12.0,-111.0,10.196620077423194,9.0,11.0,30000.0,10000.0,19000.0,0.0,23.98261160982067,16.5,19.0,0.0,10000.0,36942.06847260338,25000.0,0.0,25.28659670086907,17.0,20.0,0.0,122.0,10.19611155945037,9.0,11.0,1.0,17915.625292694545,10000.0,19000.0,1.0,16.5,18.109786822336794,19.0,1.0,25003.573158091625,10000.0,25000.0,0.0,19.441173624279415,17.0,20.0,1.0,0.0,111.0,1.0,7.0
81.0,21.0,81.0,23.0,-721.0,912.0,12.0,-711.0,14.968337238623072,12.0,17.0,30000.0,12500.0,23000.0,0.0,26.946756573647868,20.0,24.0,0.0,12500.0,34057.15157981511,26000.0,0.0,27.442270030516028,20.0,25.0,0.0,722.0,15.254488396745328,12.0,17.0,1.0,18728.972898487234,12500.0,23000.0,1.0,20.0,22.094924785294765,24.0,1.0,22744.048460617778,12500.0,26000.0,1.0,22.585299357759922,20.0,25.0,1.0,0.0,912.0,7.0,7.0
11.0,22.0,11.0,21.0,-121.0,11.0,11.0,-111.0,10.223398465478946,9.0,11.0,30000.0,10000.0,19000.0,0.0,25.950118498760787,16.5,19.0,0.0,10000.0,37005.91894071141,25000.0,0.0,27.27227514045173,17.0,20.0,0.0,122.0,10.205399128362005,9.0,11.0,1.0,11499.688175118526,10000.0,19000.0,1.0,16.5,16.850072763301345,19.0,1.0,18550.63503620904,10000.0,25000.0,1.0,18.18072707167878,17.0,20.0,1.0,0.0,111.0,1.0,12.0
11.0,21.0,11.0,22.0,-121.0,21.0,13.0,-111.0,10.211517368568224,9.0,11.0,30000.0,10000.0,19000.0,0.0,26.648452162018216,16.5,19.0,0.0,10000.0,36991.537927403195,25000.0,0.0,27.966412814515216,17.0,20.0,0.0,122.0,10.21867811656458,9.0,11.0,1.0,14714.228678182842,10000.0,19000.0,1.0,16.5,17.48330270156103,19.0,1.0,21780.320071719358,10000.0,25000.0,1.0,18.815317276941844,17.0,20.0,1.0,0.0,211.0,1.0,52.0
81.0,23.0,81.0,23.0,-721.0,912.0,12.0,-711.0,15.794675866254604,12.0,17.0,30000.0,12500.0,23000.0,0.0,26.277273799448302,20.0,24.0,0.0,12500.0,34469.563709217575,26000.0,0.0,26.837112972812438,20.0,25.0,0.0,721.0,14.930718923105834,12.0,17.0,1.0,19749.325472915898,12500.0,23000.0,1.0,20.0,21.98590074608738,24.0,1.0,24266.97288383627,12500.0,26000.0,1.0,22.551762686228074,20.0,25.0,1.0,0.0,912.0,7.0,5.0
91.0,24.0,91.0,21.0,-721.0,911.0,11.0,-711.0,14.646877040377756,12.0,17.0,30000.0,18000.0,36000.0,1.0,24.352157289827893,20.0,25.0,1.0,18000.0,34501.75613284214,36000.0,1.0,24.917328859311006,20.0,26.0,1.0,721.0,14.968814458591037,12.0,17.0,1.0,24546.20460939312,18000.0,36000.0,1.0,20.0,22.98157747919285,25.0,1.0,29074.204539447855,18000.0,36000.0,1.0,23.5500438180109,20.0,26.0,1.0,1.0,91121.0,7.0,2.0
91.0,24.0,91.0,24.0,-721.0,911.0,11.0,-711.0,15.409106876594517,12.0,17.0,30000.0,18000.0,36000.0,1.0,24.66867957277914,20.0,25.0,1.0,18000.0,34507.63031060966,36000.0,1.0,25.23280269508247,20.0,26.0,1.0,721.0,15.34696540042128,12.0,17.0,1.0,26392.449496311918,18000.0,36000.0,1.0,20.0,23.675161728882912,25.0,1.0,30905.495715021498,18000.0,36000.0,1.0,24.23996264390146,20.0,26.0,1.0,1.0,91121.0,7.0,0.0
91.0,24.0,91.0,24.0,-721.0,911.0,12.0,-711.0,15.130286759487781,12.0,17.0,30000.0,18000.0,36000.0,1.0,25.87517384828883,20.0,25.0,0.0,18000.0,34515.16112341941,36000.0,1.0,26.439351695048607,20.0,26.0,0.0,721.0,15.189649383151238,12.0,17.0,1.0,28662.579483154914,18000.0,36000.0,1.0,20.0,23.745049896166748,25.0,1.0,33165.26423001701,18000.0,36000.0,1.0,24.30766879628673,20.0,26.0,1.0,0.0,91121.0,7.0,24.0
92.0,24.0,92.0,24.0,-721.0,921.0,13.0,-711.0,15.322573888825627,12.0,17.0,30000.0,15000.0,28000.0,0.0,25.071698266004155,19.5,25.0,0.0,15000.0,34028.94314778745,28000.0,0.0,25.563768592859336,20.0,26.0,1.0,722.0,15.192946220860017,12.0,17.0,1.0,20469.883560615504,15000.0,28000.0,1.0,19.5,21.681146210635845,25.0,1.0,24483.000102707738,15000.0,28000.0,1.0,22.171283573249095,20.0,26.0,1.0,0.0,92122.0,7.0,20.0
91.0,24.0,91.0,24.0,-721.0,911.0,11.0,-711.0,15.818170289101914,12.0,17.0,30000.0,18000.0,36000.0,1.0,25.914570795796326,20.0,25.0,0.0,18000.0,34504.27590067763,36000.0,1.0,26.47935036734401,20.0,26.0,0.0,721.0,14.663929863296495,12.0,17.0,1.0,22887.106043329386,18000.0,36000.0,1.0,20.0,22.56844102710204,25.0,1.0,27433.7320168305,18000.0,36000.0,1.0,23.138530765369456,20.0,26.0,1.0,0.0,91121.0,7.0,9.0
91.0,24.0,91.0,21.0,-721.0,911.0,11.0,-711.0,15.15536226631019,12.0,17.0,30000.0,18000.0,36000.0,1.0,24.12607265697315,20.0,25.0,1.0,18000.0,34017.060459219356,36000.0,1.0,24.617427971926723,20.0,26.0,1.0,722.0,15.205689755894955,12.0,17.0,1.0,26710.426882571228,18000.0,36000.0,1.0,20.0,23.41027886466364,25.0,1.0,30690.26274465152,18000.0,36000.0,1.0,23.897080973650567,20.0,26.0,1.0,1.0,91121.0,7.0,15.0
11.0,22.0,11.0,22.0,-121.0,11.0,12.0,-111.0,10.207612448307973,9.0,11.0,30000.0,10000.0,19000.0,0.0,23.568026675760315,16.5,19.0,0.0,10000.0,36948.18571356379,25000.0,0.0,24.88214600414626,17.0,20.0,0.0,122.0,10.188048762271071,9.0,11.0,1.0,15494.748728863566,10000.0,19000.0,1.0,16.5,17.66172466755694,19.0,1.0,22626.690593786177,10000.0,25000.0,1.0,19.01059803392708,17.0,20.0,1.0,0.0,111.0,1.0,49.0
11.0,22.0,11.0,22.0,-121.0,11.0,11.0,-111.0,10.187452359862533,9.0,11.0,30000.0,10000.0,19000.0,0.0,24.47510202470665,16.5,19.0,0.0,10000.0,37218.89370426413,25000.0,0.0,25.834918560567417,17.0,20.0,0.0,122.0,10.167149378201575,9.0,11.0,1.0,14608.88533036846,10000.0,19000.0,1.0,16.5,17.4599272751213,19.0,1.0,21710.90287903715,10000.0,25000.0,1.0,18.7977279543235,17.0,20.0,1.0,0.0,111.0,1.0,15.0
11.0,22.0,11.0,22.0,-121.0,11.0,11.0,-111.0,10.193407650372349,9.0,11.0,30000.0,10000.0,19000.0,0.0,23.79670881250281,16.5,19.0,0.0,10000.0,37096.28517760773,25000.0,0.0,25.126449744884038,17.0,20.0,0.0,122.0,10.21959478740419,9.0,11.0,1.0,15439.764465415694,10000.0,19000.0,1.0,16.5,17.612543179258314,19.0,1.0,22416.696661644666,10000.0,25000.0,1.0,18.919919093778947,17.0,20.0,1.0,0.0,111.0,1.0,57.0
81.0,23.0,81.0,23.0,-721.0,912.0,12.0,-711.0,15.189348702065892,12.0,17.0,30000.0,12500.0,23000.0,0.0,27.29681018095519,20.0,24.0,0.0,12500.0,34022.51293338015,26000.0,0.0,27.78515610410982,20.0,25.0,0.0,722.0,15.115875234610396,12.0,17.0,1.0,18702.020841707046,12500.0,23000.0,1.0,20.0,21.98525571496038,24.0,1.0,22666.517334489472,12500.0,26000.0,1.0,22.466558256847858,20.0,25.0,1.0,0.0,912.0,7.0,5.0
11.0,22.0,11.0,22.0,-121.0,21.0,13.0,-111.0,9.996345629133705,9.0,11.0,30000.0,10000.0,19000.0,0.0,26.109272409055727,16.5,19.0,0.0,10000.0,36476.62291006636,25000.0,0.0,27.397700884026566,17.0,20.0,0.0,121.0,9.995112512457762,9.0,11.0,1.0,15533.57568060127,10000.0,19000.0,1.0,16.5,17.61084363200669,19.0,1.0,22030.827037475607,10000.0,25000.0,1.0,18.903375831809264,17.0,20.0,1.0,0.0,211.0,1.0,47.0
11.0,22.0,11.0,22.0,-121.0,21.0,13.0,-111.0,10.19053712681911,9.0,11.0,30000.0,10000.0,19000.0,0.0,24.673969669984416,16.5,19.0,0.0,10000.0,37139.45935646946,25000.0,0.0,26.020542119536426,17.0,20.0,0.0,122.0,10.191230894254483,9.0,11.0,1.0,16717.496168304388,10000.0,19000.0,1.0,16.5,17.89174085868336,19.0,1.0,23896.592190717685,10000.0,25000.0,1.0,19.245789174360123,17.0,20.0,1.0,0.0,211.0,1.0,4.0
81.0,23.0,81.0,21.0,-721.0,912.0,12.0,-711.0,14.49967831620419,12.0,17.0,30000.0,12500.0,23000.0,0.0,25.28386891607562,20.0,24.0,0.0,12500.0,34555.446411372744,26000.0,0.0,25.85472662449392,20.0,25.0,0.0,721.0,14.141260581451544,12.0,17.0,1.0,15338.143297461873,12500.0,23000.0,1.0,20.0,20.570733331977436,24.0,1.0,19845.47726040429,12500.0,26000.0,1.0,21.135561914032017,20.0,25.0,1.0,0.0,912.0,7.0,30.0
92.0,24.0,92.0,24.0,-721.0,921.0,13.0,-711.0,15.378355126230261,12.0,17.0,30000.0,15000.0,28000.0,0.0,24.98246737838332,19.5,25.0,1.0,15000.0,34465.95458904718,28000.0,0.0,25.541037190074373,20.0,26.0,1.0,721.0,15.801487688836822,12.0,17.0,1.0,23783.34583369886,15000.0,28000.0,1.0,19.5,22.848658436458624,25.0,1.0,28225.031379825785,15000.0,28000.0,0.0,23.404192849006314,20.0,26.0,1.0,0.0,92122.0,7.0,22.0
11.0,22.0,11.0,22.0,-121.0,21.0,13.0,-111.0,9.991220255832527,9.0,11.0,30000.0,10000.0,19000.0,0.0,24.97667957743481,16.5,19.0,0.0,10000.0,36481.332989334776,25000.0,0.0,26.269374309707388,17.0,20.0,0.0,121.0,9.998241980607384,9.0,11.0,1.0,12527.546735205027,10000.0,19000.0,1.0,16.5,17.07055225837882,19.0,1.0,19032.914024348604,10000.0,25000.0,1.0,18.36804060529947,17.0,20.0,1.0,0.0,211.0,1.0,47.0
81.0,23.0,81.0,23.0,-721.0,912.0,12.0,-711.0,15.143170329117705,12.0,17.0,30000.0,12500.0,23000.0,0.0,26.974809153556045,20.0,24.0,0.0,12500.0,34074.056913026805,26000.0,0.0,27.470170972038147,20.0,25.0,0.0,722.0,15.553506147805278,12.0,17.0,1.0,17145.676995057325,12500.0,23000.0,1.0,20.0,22.203916305572893,24.0,1.0,21152.654210063207,12500.0,26000.0,1.0,22.691121949042167,20.0,25.0,1.0,0.0,912.0,7.0,5.0
81.0,23.0,81.0,23.0,-721.0,912.0,12.0,-711.0,15.193491063581563,12.0,17.0,30000.0,12500.0,23000.0,0.0,25.976423353905112,20.0,24.0,0.0,12500.0,33998.1672488112,26000.0,0.0,26.466679621139363,20.0,25.0,0.0,722.0,14.951790886207354,12.0,17.0,1.0,18431.371226491712,12500.0,23000.0,1.0,20.0,21.72829923697269,24.0,1.0,22518.822648722242,12500.0,26000.0,1.0,22.229503551864696,20.0,25.0,1.0,0.0,912.0,7.0,10.0
91.0,24.0,91.0,24.0,-721.0,911.0,12.0,-711.0,15.143694693232138,12.0,17.0,30000.0,18000.0,36000.0,1.0,25.43408961585112,20.0,25.0,0.0,18000.0,33980.0531372129,36000.0,1.0,25.921179730674048,20.0,26.0,1.0,722.0,15.401645756556185,12.0,17.0,1.0,25613.298046309057,18000.0,36000.0,1.0,20.0,23.62994112646584,25.0,1.0,29583.9603279184,18000.0,36000.0,1.0,24.115881961925773,20.0,26.0,1.0,0.0,91121.0,7.0,23.0
11.0,22.0,11.0,22.0,-121.0,21.0,13.0,-111.0,10.216564394272014,9.0,11.0,30000.0,10000.0,19000.0,0.0,25.74244219909465,16.5,19.0,0.0,10000.0,37069.88008162653,25000.0,0.0,27.072029892287816,17.0,20.0,0.0,122.0,10.226466584038386,9.0,11.0,1.0,14336.700900598327,10000.0,19000.0,1.0,16.5,17.448321023467294,19.0,1.0,21335.90026522155,10000.0,25000.0,1.0,18.76461624063701,17.0,20.0,1.0,0.0,211.0,1.0,22.0
11.0,22.0,11.0,21.0,-121.0,11.0,11.0,-111.0,10.19981764320558,9.0,11.0,30000.0,10000.0,19000.0,0.0,26.19542630559939,16.5,19.0,0.0,10000.0,36977.63841786115,25000.0,0.0,27.50578698485053,17.0,20.0,0.0,122.0,10.201510525850729,9.0,11.0,1.0,12564.857697012474,10000.0,19000.0,1.0,16.5,17.04494890855231,19.0,1.0,19609.869626585507,10000.0,25000.0,1.0,18.36796194885792,17.0,20.0,1.0,0.0,111.0,1.0,12.0
91.0,24.0,91.0,21.0,-721.0,911.0,11.0,-711.0,15.559562655420704,12.0,17.0,30000.0,18000.0,36000.0,1.0,25.599374678165088,20.0,25.0,0.0,18000.0,34022.34165368251,36000.0,1.0,26.08872949968729,20.0,26.0,0.0,722.0,15.346358289900808,12.0,17.0,1.0,22554.640385771516,18000.0,36000.0,1.0,20.0,23.047151851517178,25.0,1.0,26596.542331628974,18000.0,36000.0,1.0,23.538886362312525,20.0,26.0,1.0,0.0,91121.0,7.0,21.0
11.0,21.0,11.0,22.0,-121.0,21.0,13.0,-111.0,9.99386516195372,9.0,11.0,30000.0,10000.0,19000.0,0.0,26.739702489807364,16.5,19.0,0.0,10000.0,36475.65086955914,25000.0,0.0,28.035513266608135,17.0,20.0,0.0,121.0,10.011871116988122,9.0,11.0,1.0,17169.911085044594,10000.0,19000.0,1.0,16.5,17.975547527843723,19.0,1.0,23593.16630376737,10000.0,25000.0,1.0,19.260873667597366,17.0,20.0,1.0,0.0,211.0,1.0,32.0
11.0,22.0,11.0,22.0,-121.0,21.0,12.0,-111.0,10.211519331532994,9.0,11.0,30000.0,10000.0,19000.0,0.0,24.052129511698418,16.5,19.0,0.0,10000.0,36941.71219462172,25000.0,0.0,25.355065430291823,17.0,20.0,0.0,122.0,10.185530607785788,9.0,11.0,1.0,15379.352136880841,10000.0,19000.0,1.0,16.5,17.617233738063447,19.0,1.0,22563.008956246595,10000.0,25000.0,1.0,18.965581845040845,17.0,20.0,1.0,0.0,211.0,1.0,23.0
11.0,22.0,11.0,22.0,-121.0,21.0,13.0,-111.0,10.18444820544643,9.0,11.0,30000.0,10000.0,19000.0,0.0,24.61132297869234,16.5,19.0,0.0,10000.0,37168.53587104253,25000.0,0.0,25.966409343933098,17.0,20.0,0.0,122.0,10.195035498649194,9.0,11.0,1.0,14134.712853349463,10000.0,19000.0,1.0,16.5,17.386652046986562,19.0,1.0,21263.318959799555,10000.0,25000.0,1.0,18.734190388399323,17.0,20.0,1.0,0.0,211.0,1.0,31.0
11.0,22.0,11.0,22.0,-121.0,11.0,12.0,-111.0,10.208258048287954,9.0,11.0,30000.0,10000.0,19000.0,0.0,24.903115444000793,16.5,19.0,0.0,10000.0,36945.61799187421,25000.0,0.0,26.211981984796928,17.0,20.0,0.0,122.0,10.197231452875895,9.0,11.0,1.0,15774.77682136491,10000.0,19000.0,1.0,16.5,17.757504818334922,19.0,1.0,22736.53525308262,10000.0,25000.0,1.0,19.06941294329097,17.0,20.0,1.0,0.0,111.0,1.0,42.0
11.0,21.0,11.0,21.0,-121.0,21.0,13.0,-111.0,9.98444962258644,9.0,11.0,30000.0,10000.0,19000.0,0.0,28.118469038597986,16.5,19.0,0.0,10000.0,36499.23226679182,25000.0,0.0,29.41609723555636,17.0,20.0,0.0,121.0,10.015096343781263,9.0,11.0,1.0,12516.548838035684,10000.0,19000.0,1.0,16.5,16.99631227739664,19.0,1.0,19022.847186008446,10000.0,25000.0,1.0,18.2953512788633,17.0,20.0,1.0,0.0,211.0,1.0,34.0
11.0,22.0,11.0,22.0,-121.0,11.0,11.0,-111.0,10.02029837682451,9.0,11.0,30000.0,10000.0,19000.0,0.0,25.286088222164317,16.5,19.0,0.0,10000.0,36526.46471037801,25000.0,0.0,26.589700085698528,17.0,20.0,0.0,121.0,9.999125793422184,9.0,11.0,1.0,15242.580864087147,10000.0,19000.0,1.0,16.5,17.574488277416986,19.0,1.0,21730.338681201043,10000.0,25000.0,1.0,18.87036873237108,17.0,20.0,1.0,0.0,111.0,1.0,50.0
91.0,24.0,91.0,24.0,-721.0,911.0,12.0,-711.0,15.02930822570224,12.0,17.0,30000.0,18000.0,36000.0,1.0,24.463387892757854,20.0,25.0,1.0,18000.0,33995.22188911162,36000.0,1.0,24.949044380576645,20.0,26.0,1.0,722.0,15.465678739740705,12.0,17.0,1.0,27800.243560775416,18000.0,36000.0,1.0,20.0,23.868825888515584,25.0,1.0,31822.39452062544,18000.0,36000.0,1.0,24.357755856075432,20.0,26.0,1.0,1.0,91121.0,7.0,24.0
11.0,22.0,11.0,22.0,-121.0,21.0,13.0,-111.0,10.01064358912602,9.0,11.0,30000.0,10000.0,19000.0,0.0,25.36334495364647,16.5,19.0,0.0,10000.0,36430.756209355735,25000.0,0.0,26.651406962197647,17.0,20.0,0.0,121.0,9.988779879172297,9.0,11.0,1.0,12159.37772474116,10000.0,19000.0,1.0,16.5,16.97547857826055,19.0,1.0,18600.699392268165,10000.0,25000.0,1.0,18.265656817754138,17.0,20.0,1.0,0.0,211.0,1.0,31.0
11.0,22.0,11.0,21.0,-121.0,11.0,12.0,-111.0,10.193713098018197,9.0,11.0,30000.0,10000.0,19000.0,0.0,24.52134299644974,16.5,19.0,0.0,10000.0,37004.43009809605,25000.0,0.0,25.846025650527757,17.0,20.0,0.0,122.0,10.206993522413839,9.0,11.0,1.0,14908.559890235827,10000.0,19000.0,1.0,16.5,17.498323515777038,19.0,1.0,21916.121005425597,10000.0,25000.0,1.0,18.823598309968613,17.0,20.0,1.0,0.0,111.0,1.0,46.0
11.0,22.0,11.0,22.0,-121.0,11.0,11.0,-111.0,10.204089010062631,9.0,11.0,30000.0,10000.0,19000.0,0.0,23.909168782704253,16.5,19.0,0.0,10000.0,36798.384753081744,25000.0,0.0,25.19329556263009,17.0,20.0,0.0,122.0,10.201137491230002,9.0,11.0,1.0,14266.909221027141,10000.0,19000.0,1.0,16.5,17.400867753741288,19.0,1.0,21253.69530416972,10000.0,25000.0,1.0,18.720581103432114,17.0,20.0,1.0,0.0,111.0,1.0,57.0
11.0,22.0,11.0,22.0,-121.0,21.0,13.0,-111.0,9.999642813883044,9.0,11.0,30000.0,10000.0,19000.0,0.0,24.365885342918098,16.5,19.0,0.0,10000.0,36490.92514517439,25000.0,0.0,25.66341842875762,17.0,20.0,0.0,121.0,9.997627899856642,9.0,11.0,1.0,13091.263960749211,10000.0,19000.0,1.0,16.5,17.15246171380786,19.0,1.0,19545.214950683927,10000.0,25000.0,1.0,18.44260368225326,17.0,20.0,1.0,0.0,211.0,1.0,8.0
91.0,24.0,91.0,24.0,-721.0,911.0,12.0,-711.0,15.31762302112068,12.0,17.0,30000.0,18000.0,36000.0,1.0,25.18546301266688,20.0,25.0,0.0,18000.0,34025.174206562566,36000.0,1.0,25.67576993298938,20.0,26.0,1.0,722.0,15.162355699075277,12.0,17.0,1.0,30365.63679870848,18000.0,36000.0,1.0,20.0,23.863404322125074,25.0,1.0,34341.68595708868,18000.0,36000.0,1.0,24.34772731483378,20.0,26.0,1.0,0.0,91121.0,7.0,32.0
91.0,24.0,91.0,24.0,-721.0,911.0,12.0,-711.0,14.99823526130723,12.0,17.0,30000.0,18000.0,36000.0,1.0,24.45653623634455,20.0,25.0,1.0,18000.0,34542.332689153714,36000.0,1.0,25.023077738493708,20.0,26.0,1.0,721.0,15.19595976358931,12.0,17.0,1.0,26567.549258233073,18000.0,36000.0,1.0,20.0,23.50733371236842,25.0,1.0,31045.37858508639,18000.0,36000.0,1.0,24.065830046038705,20.0,26.0,1.0,1.0,91121.0,7.0,1.0
11.0,22.0,11.0,21.0,-121.0,11.0,11.0,-111.0,10.212289065670488,9.0,11.0,30000.0,10000.0,19000.0,0.0,24.694285415852534,16.5,19.0,0.0,10000.0,37035.944198693185,25000.0,0.0,26.023793110109516,17.0,20.0,0.0,122.0,10.19270547827985,9.0,11.0,1.0,12294.915826078313,10000.0,19000.0,1.0,16.5,16.965432871747716,19.0,1.0,19396.725135000645,10000.0,25000.0,1.0,18.307386396778767,17.0,20.0,1.0,0.0,111.0,1.0,39.0
11.0,21.0,11.0,22.0,-121.0,21.0,13.0,-111.0,9.979076000301866,9.0,11.0,30000.0,10000.0,19000.0,0.0,26.106711594931696,16.5,19.0,0.0,10000.0,36512.864251541454,25000.0,0.0,27.40451599421082,17.0,20.0,0.0,121.0,9.997686447051317,9.0,11.0,1.0,13254.560818520933,10000.0,19000.0,1.0,16.5,17.130935295185772,19.0,1.0,19745.481496084903,10000.0,25000.0,1.0,18.424367045850712,17.0,20.0,1.0,0.0,211.0,1.0,24.0
11.0,21.0,11.0,22.0,-121.0,21.0,13.0,-111.0,9.99277058727164,9.0,11.0,30000.0,10000.0,19000.0,0.0,26.300489886996225,16.5,19.0,0.0,10000.0,36483.13416107605,25000.0,0.0,27.597204004705734,17.0,20.0,0.0,121.0,9.998791737235727,9.0,11.0,1.0,14195.421424710294,10000.0,19000.0,1.0,16.5,17.30987578886467,19.0,1.0,20690.634969607818,10000.0,25000.0,1.0,18.609005945968917,17.0,20.0,1.0,0.0,211.0,1.0,59.0
11.0,22.0,11.0,21.0,-121.0,11.0,12.0,-111.0,9.998643898202731,9.0,11.0,30000.0,10000.0,19000.0,0.0,23.18961141755929,16.5,19.0,0.0,10000.0,36440.139156941455,25000.0,0.0,24.473975665940603,17.0,20.0,0.0,121.0,10.003053408346728,9.0,11.0,1.0,15759.79243493651,10000.0,19000.0,1.0,16.5,17.620648914045205,19.0,1.0,22251.47866624978,10000.0,25000.0,1.0,18.9152932538684,17.0,20.0,1.0,0.0,111.0,1.0,45.0
91.0,24.0,91.0,21.0,-721.0,911.0,11.0,-711.0,15.172361534784134,12.0,17.0,30000.0,18000.0,36000.0,1.0,25.017748970797438,20.0,25.0,0.0,18000.0,34115.93581515209,36000.0,1.0,25.5187965490405,20.0,26.0,1.0,722.0,15.107654623605818,12.0,17.0,1.0,23633.59628028143,18000.0,36000.0,1.0,20.0,22.969277492048857,25.0,1.0,27693.596027649382,18000.0,36000.0,1.0,23.463515772829965,20.0,26.0,1.0,0.0,91121.0,7.0,21.0
81.0,23.0,81.0,23.0,-721.0,912.0,12.0,-711.0,15.030931306918543,12.0,17.0,30000.0,12500.0,23000.0,0.0,26.11027139288077,20.0,24.0,0.0,12500.0,34509.018014367946,26000.0,0.0,26.6751255471372,20.0,25.0,0.0,721.0,14.760208628096871,12.0,17.0,1.0,17897.061420660353,12500.0,23000.0,1.0,20.0,21.563450450019175,24.0,1.0,22432.33199727459,12500.0,26000.0,1.0,22.13159331787077,20.0,25.0,1.0,0.0,912.0,7.0,5.0
11.0,22.0,11.0,22.0,-121.0,21.0,13.0,-111.0,10.013963274200291,9.0,11.0,30000.0,10000.0,19000.0,0.0,26.709005758664098,16.5,19.0,0.0,10000.0,36555.78940760041,25000.0,0.0,28.024804366776827,17.0,20.0,0.0,121.0,9.994770569174507,9.0,11.0,1.0,16677.78657417676,10000.0,19000.0,1.0,16.5,17.885179649226956,19.0,1.0,23206.994968548323,10000.0,25000.0,1.0,19.195643238467937,17.0,20.0,1.0,0.0,211.0,1.0,36.0
11.0,21.0,11.0,22.0,-121.0,11.0,11.0,-111.0,10.179978389972016,9.0,11.0,30000.0,10000.0,19000.0,0.0,23.681540849843515,16.5,19.0,0.0,10000.0,37045.04444889388,25000.0,0.0,25.002088488768543,17.0,20.0,0.0,122.0,10.191263705683417,9.0,11.0,1.0,16909.59699002265,10000.0,19000.0,1.0,16.5,17.95236863561658,19.0,1.0,23961.010679112824,10000.0,25000.0,1.0,19.27411014708052,17.0,20.0,1.0,0.0,111.0,1.0,35.0
91.0,24.0,91.0,21.0,-721.0,911.0,12.0,-711.0,14.983715346116712,12.0,17.0,30000.0,18000.0,36000.0,1.0,24.432180010248153,20.0,25.0,1.0,18000.0,34013.43260739593,36000.0,1.0,24.92145763931794,20.0,26.0,1.0,722.0,15.16842827087708,12.0,17.0,1.0,23387.91284043903,18000.0,36000.0,1.0,20.0,22.95221443379653,25.0,1.0,27347.594364818535,18000.0,36000.0,1.0,23.434939267533526,20.0,26.0,1.0,1.0,91121.0,7.0,29.0
11.0,22.0,11.0,22.0,-121.0,21.0,13.0,-111.0,9.987946170945259,9.0,11.0,30000.0,10000.0,19000.0,0.0,25.4682471716634,16.5,19.0,0.0,10000.0,36516.25036010214,25000.0,0.0,26.77317297617085,17.0,20.0,0.0,121.0,9.9969484176256,9.0,11.0,1.0,16334.354523629036,10000.0,19000.0,1.0,16.5,17.82336264503737,19.0,1.0,22823.291145373645,10000.0,25000.0,1.0,19.122818677815587,17.0,20.0,1.0,0.0,211.0,1.0,19.0
11.0,22.0,11.0,21.0,-121.0,11.0,12.0,-111.0,10.01207591943764,9.0,11.0,30000.0,10000.0,19000.0,0.0,24.469529279828315,16.5,19.0,0.0,10000.0,36555.15988816248,25000.0,0.0,25.778974704277996,17.0,20.0,0.0,121.0,10.006241720312456,9.0,11.0,1.0,14986.139476234213,10000.0,19000.0,1.0,16.5,17.499681749076174,19.0,1.0,21497.046064135546,10000.0,25000.0,1.0,18.80028722415278,17.0,20.0,1.0,0.0,111.0,1.0,45.0
91.0,24.0,91.0,24.0,-721.0,911.0,12.0,-711.0,15.359457214814556,12.0,17.0,30000.0,18000.0,36000.0,1.0,25.41894586844007,20.0,25.0,0.0,18000.0,33942.305411490495,36000.0,1.0,25.898507291542895,20.0,26.0,1.0,722.0,15.163951360898595,12.0,17.0,1.0,26734.87369220312,18000.0,36000.0,1.0,20.0,23.50882743151497,25.0,1.0,30743.589283292196,18000.0,36000.0,1.0,23.99646731554677,20.0,26.0,1.0,0.0,91121.0,7.0,1.0
11.0,22.0,11.0,22.0,-121.0,21.0,13.0,-111.0,9.982449048534898,9.0,11.0,30000.0,10000.0,19000.0,0.0,26.385330184055604,16.5,19.0,0.0,10000.0,36526.85178464632,25000.0,0.0,27.69506275757529,17.0,20.0,0.0,121.0,10.007977707861519,9.0,11.0,1.0,12716.815857105328,10000.0,19000.0,1.0,16.5,17.095768402335985,19.0,1.0,19193.84896624896,10000.0,25000.0,1.0,18.395503944479998,17.0,20.0,1.0,0.0,211.0,1.0,31.0
91.0,24.0,91.0,24.0,-721.0,911.0,11.0,-711.0,14.770637544212564,12.0,17.0,30000.0,18000.0,36000.0,1.0,24.447919169238528,20.0,25.0,1.0,18000.0,34487.102178068686,36000.0,1.0,25.00866233509645,20.0,26.0,1.0,721.0,16.435847315317897,12.0,17.0,1.0,24458.015478431418,18000.0,36000.0,1.0,20.0,24.476589393293338,25.0,1.0,28884.908841421875,18000.0,36000.0,1.0,25.029808397623462,20.0,26.0,1.0,1.0,91121.0,7.0,0.0
11.0,22.0,11.0,21.0,-121.0,21.0,13.0,-111.0,10.157911221062726,9.0,11.0,30000.0,10000.0,19000.0,0.0,23.906379201574325,16.5,19.0,0.0,10000.0,37092.269575342834,25000.0,0.0,25.246035429177013,17.0,20.0,0.0,122.0,10.192288129620483,9.0,11.0,1.0,11440.975211611629,10000.0,19000.0,1.0,16.5,16.84843627182279,19.0,1.0,18444.528200787405,10000.0,25000.0,1.0,18.171334855643362,17.0,20.0,1.0,0.0,211.0,1.0,2.0
91.0,24.0,91.0,24.0,-721.0,911.0,12.0,-711.0,15.245152849479638,12.0,17.0,30000.0,18000.0,36000.0,1.0,25.13328952012451,20.0,25.0,0.0,18000.0,33997.420740861904,36000.0,1.0,25.621887503478213,20.0,26.0,1.0,722.0,15.354203979346611,12.0,17.0,1.0,28488.85612582919,18000.0,36000.0,1.0,20.0,23.835140096134115,25.0,1.0,32431.39741496678,18000.0,36000.0,1.0,24.31703025682458,20.0,26.0,1.0,0.0,91121.0,7.0,32.0
81.0,23.0,81.0,23.0,-721.0,912.0,12.0,-711.0,15.17761602288855,12.0,17.0,30000.0,12500.0,23000.0,0.0,26.752134470538884,20.0,24.0,0.0,12500.0,34125.72756784187,26000.0,0.0,27.25601344683007,20.0,25.0,0.0,722.0,15.269121356217193,12.0,17.0,1.0,17295.49354963548,12500.0,23000.0,1.0,20.0,22.011686581117647,24.0,1.0,21362.68162747479,12500.0,26000.0,1.0,22.50841607460609,20.0,25.0,1.0,0.0,912.0,7.0,5.0
11.0,21.0,11.0,21.0,-121.0,11.0,11.0,-111.0,10.210330421239691,9.0,11.0,30000.0,10000.0,19000.0,0.0,25.362616450612826,16.5,19.0,0.0,10000.0,36919.7813770665,25000.0,0.0,26.667880520378567,17.0,20.0,0.0,122.0,10.208863656662357,9.0,11.0,1.0,15001.459588052167,10000.0,19000.0,1.0,16.5,17.542475542679703,19.0,1.0,21956.823162150016,10000.0,25000.0,1.0,18.854451408783735,17.0,20.0,1.0,0.0,111.0,1.0,56.0
11.0,22.0,11.0,22.0,-121.0,21.0,13.0,-111.0,9.991269623986323,9.0,11.0,30000.0,10000.0,19000.0,0.0,28.535236345463417,16.5,19.0,0.0,10000.0,36464.71511607098,25000.0,0.0,29.836462262405863,17.0,20.0,0.0,121.0,9.995104813082625,9.0,11.0,1.0,14353.9413084167,10000.0,19000.0,1.0,16.5,17.40323781063716,19.0,1.0,20853.39629842317,10000.0,25000.0,1.0,18.711456212709198,17.0,20.0,1.0,0.0,211.0,1.0,22.0
11.0,22.0,11.0,22.0,-121.0,11.0,12.0,-111.0,10.19862249591503,9.0,11.0,30000.0,10000.0,19000.0,0.0,23.464180458601433,16.5,19.0,0.0,10000.0,36883.39297461676,25000.0,0.0,24.768863998004424,17.0,20.0,0.0,122.0,10.225969414171738,9.0,11.0,1.0,14954.085179405485,10000.0,19000.0,1.0,16.5,17.587929967095278,19.0,1.0,21869.170600653357,10000.0,25000.0,1.0,18.898620516935633,17.0,20.0,1.0,0.0,111.0,1.0,40.0
91.0,24.0,91.0,21.0,-721.0,911.0,11.0,-711.0,15.275216618678277,12.0,17.0,30000.0,18000.0,36000.0,1.0,23.903391005172068,20.0,25.0,1.0,18000.0,34032.33649922055,36000.0,1.0,24.395348519942054,20.0,26.0,1.0,722.0,15.074299190345336,12.0,17.0,1.0,22050.825802675703,18000.0,36000.0,1.0,20.0,22.67814192284388,25.0,1.0,25993.829266828052,18000.0,36000.0,1.0,23.159200531253372,20.0,26.0,1.0,1.0,91121.0,7.0,21.0
11.0,22.0,11.0,21.0,-121.0,11.0,11.0,-111.0,10.00791939234004,9.0,11.0,30000.0,10000.0,19000.0,0.0,24.993779848287627,16.5,19.0,0.0,10000.0,36522.76621754839,25000.0,0.0,26.3016749178599,17.0,20.0,0.0,121.0,10.02126755370401,9.0,11.0,1.0,13764.923514120748,10000.0,19000.0,1.0,16.5,17.249622971420692,19.0,1.0,20222.088363410698,10000.0,25000.0,1.0,18.544364157618826,17.0,20.0,1.0,0.0,111.0,1.0,1.0
11.0,22.0,11.0,22.0,-121.0,11.0,11.0,-111.0,10.218066981248281,9.0,11.0,30000.0,10000.0,19000.0,0.0,24.979906170435264,16.5,19.0,0.0,10000.0,37084.84278806375,25000.0,0.0,26.313680287633478,17.0,20.0,0.0,122.0,10.224506250088675,9.0,11.0,1.0,18317.40086177262,10000.0,19000.0,1.0,16.5,18.22553426598344,19.0,1.0,25371.829992628594,10000.0,25000.0,0.0,19.55358278700309,17.0,20.0,1.0,0.0,111.0,1.0,50.0
81.0,23.0,81.0,23.0,-721.0,912.0,12.0,-711.0,14.710543993713062,12.0,17.0,30000.0,12500.0,23000.0,0.0,26.64427521078415,20.0,24.0,0.0,12500.0,34521.019122423924,26000.0,0.0,27.205541699454695,20.0,25.0,0.0,721.0,14.218353577927298,12.0,17.0,1.0,18492.437208685664,12500.0,23000.0,1.0,20.0,21.1090286395141,24.0,1.0,22971.238529004786,12500.0,26000.0,1.0,21.665053956469794,20.0,25.0,1.0,0.0,912.0,7.0,5.0
91.0,24.0,91.0,24.0,-721.0,911.0,11.0,-711.0,15.363468963677702,12.0,17.0,30000.0,18000.0,36000.0,1.0,25.819884041900707,20.0,25.0,0.0,18000.0,34044.84449157681,36000.0,1.0,26.314469837482054,20.0,26.0,0.0,722.0,15.174003171138512,12.0,17.0,1.0,25216.958360157125,18000.0,36000.0,1.0,20.0,23.25550316983714,25.0,1.0,29256.0295629655,18000.0,36000.0,1.0,23.74938303305827,20.0,26.0,1.0,0.0,91121.0,7.0,16.0
91.0,24.0,91.0,21.0,-721.0,911.0,11.0,-711.0,15.155149614439173,12.0,17.0,30000.0,18000.0,36000.0,1.0,25.003634315105806,20.0,25.0,0.0,18000.0,34546.8049575005,36000.0,1.0,25.572091264431617,20.0,26.0,1.0,721.0,15.43238239624695,12.0,17.0,1.0,23447.489521855758,18000.0,36000.0,1.0,20.0,23.315497099277348,25.0,1.0,27939.9430446809,18000.0,36000.0,1.0,23.877158848229307,20.0,26.0,1.0,0.0,91121.0,7.0,15.0
11.0,22.0,11.0,22.0,-121.0,21.0,12.0,-111.0,10.223015574124869,9.0,11.0,30000.0,10000.0,19000.0,0.0,23.88646623425415,16.5,19.0,0.0,10000.0,36856.31833128443,25000.0,0.0,25.17814973280347,17.0,20.0,0.0,122.0,10.226541120918611,9.0,11.0,1.0,16981.391574467332,10000.0,19000.0,1.0,16.5,17.945789298449384,19.0,1.0,23989.458416494253,10000.0,25000.0,1.0,19.26606117895307,17.0,20.0,1.0,0.0,211.0,1.0,48.0
11.0,21.0,11.0,22.0,-121.0,21.0,13.0,-111.0,10.190514333972958,9.0,11.0,30000.0,10000.0,19000.0,0.0,27.84859320809842,16.5,19.0,0.0,10000.0,37007.850161589115,25000.0,0.0,29.170523926923263,17.0,20.0,0.0,122.0,10.217835395033358,9.0,11.0,1.0,16252.844144776114,10000.0,19000.0,1.0,16.5,17.81629076351559,19.0,1.0,23035.581389339277,10000.0,25000.0,1.0,19.095757149719283,17.0,20.0,1.0,0.0,211.0,1.0,59.0
92.0,24.0,92.0,24.0,-721.0,921.0,13.0,-711.0,14.593921141154217,12.0,17.0,30000.0,15000.0,28000.0,0.0,23.993567997540268,19.5,25.0,1.0,15000.0,34456.21798992496,28000.0,0.0,24.55049811174609,20.0,26.0,1.0,721.0,14.728440998430507,12.0,17.0,1.0,19030.21186472989,15000.0,28000.0,1.0,19.5,21.1057708911472,25.0,1.0,23497.682363536856,15000.0,28000.0,1.0,21.664107323686398,20.0,26.0,1.0,0.0,92122.0,7.0,20.0
11.0,22.0,11.0,22.0,-121.0,21.0,13.0,-111.0,10.003546062137396,9.0,11.0,30000.0,10000.0,19000.0,0.0,24.86581662312708,16.5,19.0,0.0,10000.0,36552.09432194593,25000.0,0.0,26.17635547260811,17.0,20.0,0.0,121.0,9.983659242563023,9.0,11.0,1.0,14462.583948959085,10000.0,19000.0,1.0,16.5,17.458505773188186,19.0,1.0,20970.628093199528,10000.0,25000.0,1.0,18.760233780460148,17.0,20.0,1.0,0.0,211.0,1.0,28.0
11.0,21.0,11.0,22.0,-121.0,21.0,13.0,-111.0,10.205433160111431,9.0,11.0,30000.0,10000.0,19000.0,0.0,27.29662769127878,16.5,19.0,0.0,10000.0,36939.181019088304,25000.0,0.0,28.60778385520382,17.0,20.0,0.0,122.0,10.204354246030087,9.0,11.0,1.0,11872.52834437356,10000.0,19000.0,1.0,16.5,17.004139219317704,19.0,1.0,18857.749869585565,10000.0,25000.0,1.0,18.3239947230104,17.0,20.0,1.0,0.0,211.0,1.0,24.0
11.0,22.0,11.0,21.0,-121.0,11.0,11.0,-111.0,10.005310442897663,9.0,11.0,30000.0,10000.0,19000.0,0.0,26.300961581369915,16.5,19.0,0.0,10000.0,36575.15305579853,25000.0,0.0,27.61366083681856,17.0,20.0,0.0,121.0,10.001928969008855,9.0,11.0,1.0,14154.137631795056,10000.0,19000.0,1.0,16.5,17.33024190572945,19.0,1.0,20643.000117395713,10000.0,25000.0,1.0,18.625713643234448,17.0,20.0,1.0,0.0,111.0,1.0,0.0
11.0,22.0,11.0,21.0,-121.0,11.0,12.0,-111.0,10.19693237310338,9.0,11.0,30000.0,10000.0,19000.0,0.0,24.692328819936492,16.5,19.0,0.0,10000.0,37002.86672365684,25000.0,0.0,26.008967584201446,17.0,20.0,0.0,122.0,10.169964343672122,9.0,11.0,1.0,14168.74700719786,10000.0,19000.0,1.0,16.5,17.30263244019383,19.0,1.0,21119.53079630665,10000.0,25000.0,1.0,18.60947887036352,17.0,20.0,1.0,0.0,111.0,1.0,46.0
11.0,22.0,11.0,21.0,-121.0,21.0,13.0,-111.0,10.217216919143917,9.0,11.0,30000.0,10000.0,19000.0,0.0,25.43367719424138,16.5,19.0,0.0,10000.0,36969.12701654034,25000.0,0.0,26.750614711109478,17.0,20.0,0.0,122.0,10.217323813815986,9.0,11.0,1.0,11500.617505497275,10000.0,19000.0,1.0,16.5,16.858713709009645,19.0,1.0,18412.50890173397,10000.0,25000.0,1.0,18.164835561950227,17.0,20.0,1.0,0.0,211.0,1.0,20.0
91.0,24.0,91.0,24.0,-721.0,911.0,12.0,-711.0,15.253664454918503,12.0,17.0,30000.0,18000.0,36000.0,1.0,24.981275391276117,20.0,25.0,1.0,18000.0,34548.14010658337,36000.0,1.0,25.54871296437744,20.0,26.0,1.0,721.0,15.018368637155648,12.0,17.0,1.0,30506.001791906616,18000.0,36000.0,1.0,20.0,23.813546609697415,25.0,1.0,35008.95358584763,18000.0,36000.0,1.0,24.375346373527822,20.0,26.0,1.0,1.0,91121.0,7.0,8.0
11.0,22.0,11.0,22.0,-121.0,11.0,11.0,-111.0,10.009109361018767,9.0,11.0,30000.0,10000.0,19000.0,0.0,24.226210370465058,16.5,19.0,0.0,10000.0,36541.936095629106,25000.0,0.0,25.534944852821244,17.0,20.0,0.0,121.0,10.012795246449318,9.0,11.0,1.0,15042.232175172736,10000.0,19000.0,1.0,16.5,17.579378542524914,19.0,1.0,21585.52943984638,10000.0,25000.0,1.0,18.888385330944452,17.0,20.0,1.0,0.0,111.0,1.0,27.0
11.0,21.0,11.0,22.0,-121.0,11.0,11.0,-111.0,10.00283377613251,9.0,11.0,30000.0,10000.0,19000.0,0.0,27.73475669993151,16.5,19.0,0.0,10000.0,36517.368328055425,25000.0,0.0,29.03609602686029,17.0,20.0,0.0,121.0,10.00457608030587,9.0,11.0,1.0,19167.389802819547,10000.0,19000.0,0.0,16.5,18.370536896304742,19.0,1.0,25633.045659841708,10000.0,25000.0,0.0,19.661550664072077,17.0,20.0,1.0,0.0,111.0,1.0,43.0
11.0,22.0,11.0,21.0,-121.0,21.0,13.0,-111.0,10.015515486014678,9.0,11.0,30000.0,10000.0,19000.0,0.0,26.98119795189295,16.5,19.0,0.0,10000.0,36440.05552210197,25000.0,0.0,28.27094899419338,17.0,20.0,0.0,121.0,10.00445497597696,9.0,11.0,1.0,11954.880875982204,10000.0,19000.0,1.0,16.5,16.89734225919559,19.0,1.0,18417.66111403292,10000.0,25000.0,1.0,18.19164438432136,17.0,20.0,1.0,0.0,211.0,1.0,20.0
11.0,22.0,11.0,21.0,-121.0,11.0,11.0,-111.0,10.004948127402667,9.0,11.0,30000.0,10000.0,19000.0,0.0,23.62242482601701,16.5,19.0,0.0,10000.0,36480.23031578943,25000.0,0.0,24.923553460443728,17.0,20.0,0.0,121.0,10.00074809845255,9.0,11.0,1.0,13501.548305094737,10000.0,19000.0,1.0,16.5,17.210060190576108,19.0,1.0,20016.438229988456,10000.0,25000.0,1.0,18.5181479310324,17.0,20.0,1.0,0.0,111.0,1.0,0.0
92.0,24.0,92.0,24.0,-721.0,921.0,13.0,-711.0,15.225821597138198,12.0,17.0,30000.0,15000.0,28000.0,0.0,24.311571902650748,19.5,25.0,1.0,15000.0,34078.01213427629,28000.0,0.0,24.80873358966853,20.0,26.0,1.0,722.0,15.1116766826133,12.0,17.0,1.0,21635.94330350793,15000.0,28000.0,1.0,19.5,21.84529139812404,25.0,1.0,25649.20486610953,15000.0,28000.0,1.0,22.334559164675383,20.0,26.0,1.0,0.0,92122.0,7.0,25.0
11.0,22.0,11.0,22.0,-121.0,11.0,11.0,-111.0,10.187268159206933,9.0,11.0,30000.0,10000.0,19000.0,0.0,24.95615798734464,16.5,19.0,0.0,10000.0,37199.32236236695,25000.0,0.0,26.310664158649526,17.0,20.0,0.0,122.0,10.217993885697593,9.0,11.0,1.0,15791.129644517756,10000.0,19000.0,1.0,16.5,17.76107186969826,19.0,1.0,22659.189889739704,10000.0,25000.0,1.0,19.053253205496695,17.0,20.0,1.0,0.0,111.0,1.0,17.0
11.0,22.0,11.0,21.0,-121.0,21.0,13.0,-111.0,9.991617967466116,9.0,11.0,30000.0,10000.0,19000.0,0.0,27.364768309610895,16.5,19.0,0.0,10000.0,36529.794549886676,25000.0,0.0,28.667692861590893,17.0,20.0,0.0,121.0,10.004927374324856,9.0,11.0,1.0,11403.334495194184,10000.0,19000.0,1.0,16.5,16.811215997253797,19.0,1.0,17983.085417332764,10000.0,25000.0,1.0,18.124108609245116,17.0,20.0,1.0,0.0,211.0,1.0,2.0
11.0,22.0,11.0,22.0,-121.0,21.0,13.0,-111.0,10.20374859888099,9.0,11.0,30000.0,10000.0,19000.0,0.0,26.0725410075052,16.5,19.0,0.0,10000.0,36965.822160105294,25000.0,0.0,27.394235842093313,17.0,20.0,0.0,122.0,10.233787253986565,9.0,11.0,1.0,16118.951165014169,10000.0,19000.0,1.0,16.5,17.803056212094916,19.0,1.0,23001.416353153527,10000.0,25000.0,1.0,19.108934897958292,17.0,20.0,1.0,0.0,211.0,1.0,21.0
11.0,22.0,11.0,21.0,-121.0,11.0,11.0,-111.0,9.997961348580503,9.0,11.0,30000.0,10000.0,19000.0,0.0,24.279970810862746,16.5,19.0,0.0,10000.0,36505.670607507505,25000.0,0.0,25.57995561901083,17.0,20.0,0.0,121.0,10.00221325908563,9.0,11.0,1.0,13163.496137966284,10000.0,19000.0,1.0,16.5,17.157418227100088,19.0,1.0,19694.349368345614,10000.0,25000.0,1.0,18.46243511097683,17.0,20.0,1.0,0.0,111.0,1.0,12.0
11.0,22.0,11.0,22.0,-121.0,21.0,13.0,-111.0,10.00016654762634,9.0,11.0,30000.0,10000.0,19000.0,0.0,25.08410773738078,16.5,19.0,0.0,10000.0,36528.18161326414,25000.0,0.0,26.38998948011792,17.0,20.0,0.0,121.0,10.013813546422595,9.0,11.0,1.0,13623.8463530498,10000.0,19000.0,1.0,16.5,17.244161422645604,19.0,1.0,20123.79489744979,10000.0,25000.0,1.0,18.544395490217543,17.0,20.0,1.0,0.0,211.0,1.0,16.0
11.0,22.0,11.0,22.0,-121.0,11.0,11.0,-111.0,10.000831154903274,9.0,11.0,30000.0,10000.0,19000.0,0.0,24.85102570012146,16.5,19.0,0.0,10000.0,36452.021653638374,25000.0,0.0,26.141465142818838,17.0,20.0,0.0,121.0,9.986950647083784,9.0,11.0,1.0,15103.541697410077,10000.0,19000.0,1.0,16.5,17.55960323936751,19.0,1.0,21547.479889411068,10000.0,25000.0,1.0,18.84842594574713,17.0,20.0,1.0,0.0,111.0,1.0,15.0
11.0,22.0,11.0,22.0,-121.0,11.0,11.0,-111.0,10.181146565740649,9.0,11.0,30000.0,10000.0,19000.0,0.0,25.57139754454272,16.5,19.0,0.0,10000.0,36751.124332998836,25000.0,0.0,26.849357387709894,17.0,20.0,0.0,122.0,10.183435328090404,9.0,11.0,1.0,17744.91925017603,10000.0,19000.0,1.0,16.5,18.082262477334112,19.0,1.0,24658.414098997622,10000.0,25000.0,1.0,19.390958385888435,17.0,20.0,1.0,0.0,111.0,1.0,38.0
11.0,21.0,11.0,22.0,-121.0,11.0,11.0,-111.0,10.215312092711622,9.0,11.0,30000.0,10000.0,19000.0,0.0,23.881412002027318,16.5,19.0,0.0,10000.0,37013.30499793619,25000.0,0.0,25.204372232329877,17.0,20.0,0.0,122.0,10.210687260188621,9.0,11.0,1.0,13300.108920456567,10000.0,19000.0,1.0,16.5,17.271037436220794,19.0,1.0,20307.42003423963,10000.0,25000.0,1.0,18.59286700553514,17.0,20.0,1.0,0.0,111.0,1.0,43.0
11.0,22.0,11.0,22.0,-121.0,21.0,13.0,-111.0,9.995455079444957,9.0,11.0,30000.0,10000.0,19000.0,0.0,25.46117551396996,16.5,19.0,0.0,10000.0,36434.7086175806,25000.0,0.0,26.742157320214957,17.0,20.0,0.0,121.0,9.988007006224647,9.0,11.0,1.0,12667.10889833427,10000.0,19000.0,1.0,16.5,17.025057804994827,19.0,1.0,19158.755729802502,10000.0,25000.0,1.0,18.317374517045952,17.0,20.0,1.0,0.0,211.0,1.0,21.0
11.0,22.0,11.0,22.0,-121.0,11.0,12.0,-111.0,10.197523942626514,9.0,11.0,30000.0,10000.0,19000.0,0.0,24.57252370363714,16.5,19.0,0.0,10000.0,37031.31918917051,25000.0,0.0,25.893126170471092,17.0,20.0,0.0,122.0,10.19785924711992,9.0,11.0,1.0,17205.615746168576,10000.0,19000.0,1.0,16.5,17.931989837175152,19.0,1.0,24112.16299440094,10000.0,25000.0,1.0,19.22915799124908,17.0,20.0,1.0,0.0,111.0,1.0,14.0
11.0,22.0,11.0,22.0,-121.0,21.0,13.0,-111.0,10.180927139209517,9.0,11.0,30000.0,10000.0,19000.0,0.0,25.815867655959984,16.5,19.0,0.0,10000.0,37099.46632003807,25000.0,0.0,27.15363318655487,17.0,20.0,0.0,122.0,10.218167589498913,9.0,11.0,1.0,13161.604125987675,10000.0,19000.0,1.0,16.5,17.233085732575837,19.0,1.0,20279.645257940574,10000.0,25000.0,1.0,18.574351349233083,17.0,20.0,1.0,0.0,211.0,1.0,13.0
81.0,23.0,81.0,23.0,-721.0,912.0,12.0,-711.0,15.212774568672286,12.0,17.0,30000.0,12500.0,23000.0,0.0,26.386511567211066,20.0,24.0,0.0,12500.0,33985.31302859494,26000.0,0.0,26.87227259200367,20.0,25.0,0.0,722.0,15.296669656164779,12.0,17.0,1.0,17705.669413216496,12500.0,23000.0,1.0,20.0,22.00282359444803,24.0,1.0,21729.662023960373,12500.0,26000.0,1.0,22.493299188291655,20.0,25.0,1.0,0.0,912.0,7.0,5.0
11.0,22.0,11.0,22.0,-121.0,21.0,13.0,-111.0,10.205367451880942,9.0,11.0,30000.0,10000.0,19000.0,0.0,25.587768224696354,16.5,19.0,0.0,10000.0,37183.175772227885,25000.0,0.0,26.936643577941926,17.0,20.0,0.0,122.0,10.224857186747748,9.0,11.0,1.0,14480.671336864762,10000.0,19000.0,1.0,16.5,17.43958774248024,19.0,1.0,21333.558622883844,10000.0,25000.0,1.0,18.726440668232065,17.0,20.0,1.0,0.0,211.0,1.0,5.0
11.0,22.0,11.0,22.0,-121.0,11.0,11.0,-111.0,10.188211917148555,9.0,11.0,30000.0,10000.0,19000.0,0.0,25.590059612413533,16.5,19.0,0.0,10000.0,37006.84976539844,25000.0,0.0,26.904817871561143,17.0,20.0,0.0,122.0,10.210646554264246,9.0,11.0,1.0,19414.18068835,10000.0,19000.0,0.0,16.5,18.387132864214948,19.0,1.0,26558.97688123463,10000.0,25000.0,0.0,19.727775252597496,17.0,20.0,1.0,0.0,111.0,1.0,11.0
11.0,22.0,11.0,22.0,-121.0,11.0,11.0,-111.0,9.996798780158134,9.0,11.0,30000.0,10000.0,19000.0,0.0,25.35265629424586,16.5,19.0,0.0,10000.0,36476.24630979622,25000.0,0.0,26.654819864117147,17.0,20.0,0.0,121.0,9.989278366596954,9.0,11.0,1.0,17113.020723625315,10000.0,19000.0,1.0,16.5,17.96054031575946,19.0,1.0,23646.492887009692,10000.0,25000.0,1.0,19.274210153032058,17.0,20.0,1.0,0.0,111.0,1.0,15.0
11.0,22.0,11.0,21.0,-121.0,21.0,13.0,-111.0,10.002021121310879,9.0,11.0,30000.0,10000.0,19000.0,0.0,26.455952057163156,16.5,19.0,0.0,10000.0,36381.408776524026,25000.0,0.0,27.734672184783815,17.0,20.0,0.0,121.0,10.000090280581366,9.0,11.0,1.0,11801.421163806159,10000.0,19000.0,1.0,16.5,16.862975044306708,19.0,1.0,18272.46634179421,10000.0,25000.0,1.0,18.15965670279516,17.0,20.0,1.0,0.0,211.0,1.0,20.0
91.0,24.0,91.0,24.0,-721.0,911.0,11.0,-711.0,14.879938517908574,12.0,17.0,30000.0,18000.0,36000.0,1.0,24.624595176390237,20.0,25.0,1.0,18000.0,34494.43238941739,36000.0,1.0,25.185476104417067,20.0,26.0,1.0,721.0,14.044131626328491,12.0,17.0,1.0,23965.516518131026,18000.0,36000.0,1.0,20.0,22.022499881176437,25.0,1.0,28389.314198375065,18000.0,36000.0,1.0,22.574565978363818,20.0,26.0,1.0,1.0,91121.0,7.0,0.0
11.0,22.0,11.0,21.0,-121.0,21.0,13.0,-111.0,10.000139503932084,9.0,11.0,30000.0,10000.0,19000.0,0.0,26.883579109149863,16.5,19.0,0.0,10000.0,36539.741382770444,25000.0,0.0,28.186710665505792,17.0,20.0,0.0,121.0,9.987828137946474,9.0,11.0,1.0,12074.580439796595,10000.0,19000.0,1.0,16.5,16.88908187172323,19.0,1.0,18449.925607364738,10000.0,25000.0,1.0,18.15945526789564,17.0,20.0,1.0,0.0,211.0,1.0,33.0
11.0,21.0,11.0,21.0,-121.0,21.0,12.0,-111.0,10.184223897548861,9.0,11.0,30000.0,10000.0,19000.0,0.0,25.519592139984443,16.5,19.0,0.0,10000.0,37038.04736995183,25000.0,0.0,26.845968282212812,17.0,20.0,0.0,122.0,10.185414555156102,9.0,11.0,1.0,13806.923137847836,10000.0,19000.0,1.0,16.5,17.25505955923512,19.0,1.0,20887.17456669841,10000.0,25000.0,1.0,18.589389392861975,17.0,20.0,1.0,0.0,211.0,1.0,6.0
11.0,22.0,11.0,22.0,-121.0,11.0,11.0,-111.0,10.020293830560531,9.0,11.0,30000.0,10000.0,19000.0,0.0,23.63972944280998,16.5,19.0,0.0,10000.0,36491.80148328315,25000.0,0.0,24.936177447213527,17.0,20.0,0.0,121.0,9.99773569816217,9.0,11.0,1.0,15564.641665304904,10000.0,19000.0,1.0,16.5,17.675254866692853,19.0,1.0,22113.475924977094,10000.0,25000.0,1.0,18.98309262620915,17.0,20.0,1.0,0.0,111.0,1.0,17.0
11.0,21.0,11.0,21.0,-121.0,21.0,12.0,-111.0,10.183417860055014,9.0,11.0,30000.0,10000.0,19000.0,0.0,26.227982330173482,16.5,19.0,0.0,10000.0,36916.30907570246,25000.0,0.0,27.529944698672594,17.0,20.0,0.0,122.0,10.174352928749432,9.0,11.0,1.0,15810.829094047589,10000.0,19000.0,1.0,16.5,17.636935312544445,19.0,1.0,22883.82685803069,10000.0,25000.0,1.0,18.96839358318991,17.0,20.0,1.0,0.0,211.0,1.0,6.0
11.0,22.0,11.0,21.0,-121.0,11.0,11.0,-111.0,10.182876980887901,9.0,11.0,30000.0,10000.0,19000.0,0.0,24.57785098381339,16.5,19.0,0.0,10000.0,37064.73969579995,25000.0,0.0,25.91270482991806,17.0,20.0,0.0,122.0,10.212974425051106,9.0,11.0,1.0,13743.939073203954,10000.0,19000.0,1.0,16.5,17.28506265547618,19.0,1.0,20718.805041070707,10000.0,25000.0,1.0,18.602935226040476,17.0,20.0,1.0,0.0,111.0,1.0,12.0
11.0,22.0,11.0,21.0,-121.0,11.0,11.0,-111.0,10.000684517033745,9.0,11.0,30000.0,10000.0,19000.0,0.0,25.801760463158736,16.5,19.0,0.0,10000.0,36529.631883586866,25000.0,0.0,27.10612558515703,17.0,20.0,0.0,121.0,9.993151679297435,9.0,11.0,1.0,14594.807889737735,10000.0,19000.0,1.0,16.5,17.38728069227327,19.0,1.0,21136.04692646279,10000.0,25000.0,1.0,18.6939644695938,17.0,20.0,1.0,0.0,111.0,1.0,12.0
11.0,22.0,11.0,21.0,-121.0,21.0,13.0,-111.0,9.996601632925763,9.0,11.0,30000.0,10000.0,19000.0,0.0,26.61636394795803,16.5,19.0,0.0,10000.0,36493.64323809526,25000.0,0.0,27.911072494438834,17.0,20.0,0.0,121.0,10.00245885199479,9.0,11.0,1.0,12925.31686099967,10000.0,19000.0,1.0,16.5,17.101167244279814,19.0,1.0,19448.02862324462,10000.0,25000.0,1.0,18.401671499774846,17.0,20.0,1.0,0.0,211.0,1.0,58.0
11.0,21.0,11.0,22.0,-121.0,11.0,12.0,-111.0,10.181268941154604,9.0,11.0,30000.0,10000.0,19000.0,0.0,24.040813638786556,16.5,19.0,0.0,10000.0,36938.55338981166,25000.0,0.0,25.352546827239905,17.0,20.0,0.0,122.0,10.196990985520982,9.0,11.0,1.0,14286.0166330304,10000.0,19000.0,1.0,16.5,17.403346429922248,19.0,1.0,21381.374743366436,10000.0,25000.0,1.0,18.744723543335514,17.0,20.0,1.0,0.0,111.0,1.0,7.0
11.0,22.0,11.0,21.0,-121.0,11.0,12.0,-111.0,10.001673590420479,9.0,11.0,30000.0,10000.0,19000.0,0.0,24.89321218438331,16.5,19.0,0.0,10000.0,36471.69908317431,25000.0,0.0,26.18623827697965,17.0,20.0,0.0,121.0,10.001281982763262,9.0,11.0,1.0,13518.282603586755,10000.0,19000.0,1.0,16.5,17.190922562294517,19.0,1.0,19949.075755235597,10000.0,25000.0,1.0,18.47577577229471,17.0,20.0,1.0,0.0,111.0,1.0,46.0
11.0,22.0,11.0,22.0,-121.0,21.0,12.0,-111.0,10.003257175835392,9.0,11.0,30000.0,10000.0,19000.0,0.0,24.588268530640185,16.5,19.0,0.0,10000.0,36580.30279771036,25000.0,0.0,25.895585899391616,17.0,20.0,0.0,121.0,9.99714120736347,9.0,11.0,1.0,16497.0958669029,10000.0,19000.0,1.0,16.5,17.811313382347137,19.0,1.0,22977.782768930098,10000.0,25000.0,1.0,19.09883993073151,17.0,20.0,1.0,0.0,211.0,1.0,48.0
91.0,24.0,91.0,24.0,-721.0,911.0,11.0,-711.0,15.919472108118276,12.0,17.0,30000.0,18000.0,36000.0,1.0,26.51899748655919,20.0,25.0,0.0,18000.0,34426.530805509705,36000.0,1.0,27.070262934793366,20.0,26.0,0.0,721.0,15.134262735112761,12.0,17.0,1.0,26441.86889725027,18000.0,36000.0,1.0,20.0,23.426125319103637,25.0,1.0,31016.289537252844,18000.0,36000.0,1.0,23.995808476257746,20.0,26.0,1.0,0.0,91121.0,7.0,16.0
81.0,21.0,81.0,23.0,-721.0,912.0,12.0,-711.0,14.896886667698016,12.0,17.0,30000.0,12500.0,23000.0,0.0,26.538156026749903,20.0,24.0,0.0,12500.0,34425.64774492821,26000.0,0.0,27.088442531963537,20.0,25.0,0.0,721.0,14.594606107174897,12.0,17.0,1.0,18856.071668117773,12500.0,23000.0,1.0,20.0,21.51703453167332,24.0,1.0,23389.13399658117,12500.0,26000.0,1.0,22.08067700175115,20.0,25.0,1.0,0.0,912.0,7.0,7.0
91.0,24.0,91.0,24.0,-721.0,911.0,12.0,-711.0,15.213654017024037,12.0,17.0,30000.0,18000.0,36000.0,1.0,24.518966681190747,20.0,25.0,1.0,18000.0,34034.69881367876,36000.0,1.0,25.011491738111463,20.0,26.0,1.0,722.0,15.346328271068634,12.0,17.0,1.0,28757.4879097551,18000.0,36000.0,1.0,20.0,23.871221861118393,25.0,1.0,32799.862695444244,18000.0,36000.0,1.0,24.364683941773944,20.0,26.0,1.0,1.0,91121.0,7.0,27.0
91.0,21.0,91.0,24.0,-721.0,911.0,11.0,-711.0,15.468042703041322,12.0,17.0,30000.0,18000.0,36000.0,1.0,24.797611219745598,20.0,25.0,1.0,18000.0,34452.628723224196,36000.0,1.0,25.354917068063067,20.0,26.0,1.0,721.0,15.192959930512538,12.0,17.0,1.0,24329.393295804966,18000.0,36000.0,1.0,20.0,23.197782263220088,25.0,1.0,28860.32605920748,18000.0,36000.0,1.0,23.764888906135734,20.0,26.0,1.0,1.0,91121.0,7.0,18.0
11.0,22.0,11.0,22.0,-121.0,21.0,12.0,-111.0,10.178688415899412,9.0,11.0,30000.0,10000.0,19000.0,0.0,25.04203560207276,16.5,19.0,0.0,10000.0,36930.61224887808,25000.0,0.0,26.35213150728177,17.0,20.0,0.0,122.0,10.196252707244186,9.0,11.0,1.0,15467.382040538034,10000.0,19000.0,1.0,16.5,17.65435733425408,19.0,1.0,22790.421858811274,10000.0,25000.0,1.0,19.038633951540717,17.0,20.0,1.0,0.0,211.0,1.0,25.0
11.0,22.0,11.0,22.0,-121.0,11.0,11.0,-111.0,10.212006941997235,9.0,11.0,30000.0,10000.0,19000.0,0.0,26.571060901535393,16.5,19.0,0.0,10000.0,36973.59142225208,25000.0,0.0,27.88537430880317,17.0,20.0,0.0,122.0,10.203835096796476,9.0,11.0,1.0,16604.535037077734,10000.0,19000.0,1.0,16.5,17.81203327141871,19.0,1.0,23643.797023297768,10000.0,25000.0,1.0,19.1387236158283,17.0,20.0,1.0,0.0,111.0,1.0,50.0
11.0,22.0,11.0,22.0,-121.0,21.0,13.0,-111.0,10.009731424805905,9.0,11.0,30000.0,10000.0,19000.0,0.0,25.841099334518223,16.5,19.0,0.0,10000.0,36576.90285807239,25000.0,0.0,27.15129042177717,17.0,20.0,0.0,121.0,9.995729831078386,9.0,11.0,1.0,13544.624161634985,10000.0,19000.0,1.0,16.5,17.23170403127862,19.0,1.0,20022.812105522775,10000.0,25000.0,1.0,18.522230026390822,17.0,20.0,1.0,0.0,211.0,1.0,4.0
91.0,24.0,91.0,24.0,-721.0,911.0,12.0,-711.0,14.84062342605174,12.0,17.0,30000.0,18000.0,36000.0,1.0,24.439129025542925,20.0,25.0,1.0,18000.0,34010.11703102849,36000.0,1.0,24.924984058406533,20.0,26.0,1.0,722.0,15.254413833923293,12.0,17.0,1.0,30653.144033119483,18000.0,36000.0,1.0,20.0,24.021632162675573,25.0,1.0,34671.304931790575,18000.0,36000.0,1.0,24.50846176898619,20.0,26.0,1.0,1.0,91121.0,7.0,24.0
11.0,22.0,11.0,22.0,-121.0,21.0,12.0,-111.0,10.00244301682673,9.0,11.0,30000.0,10000.0,19000.0,0.0,24.41102200830199,16.5,19.0,0.0,10000.0,36512.94462981517,25000.0,0.0,25.716029756509812,17.0,20.0,0.0,121.0,10.000849945100788,9.0,11.0,1.0,15542.85329496018,10000.0,19000.0,1.0,16.5,17.671613053899716,19.0,1.0,22039.09483234143,10000.0,25000.0,1.0,18.973273980311216,17.0,20.0,1.0,0.0,211.0,1.0,48.0
81.0,23.0,81.0,23.0,-721.0,912.0,11.0,-711.0,14.82304504527307,12.0,17.0,30000.0,12500.0,23000.0,0.0,27.293336160121726,20.0,24.0,0.0,12500.0,34446.45225498317,26000.0,0.0,27.84923925310702,20.0,25.0,0.0,721.0,15.728651838401403,12.0,17.0,1.0,15764.325906517874,12500.0,23000.0,1.0,20.0,22.25054200681563,24.0,1.0,20235.32405547846,12500.0,26000.0,1.0,22.809513869597524,20.0,25.0,1.0,0.0,912.0,7.0,17.0
91.0,24.0,91.0,24.0,-721.0,911.0,12.0,-711.0,14.768900111923735,12.0,17.0,30000.0,18000.0,36000.0,1.0,24.09880809614214,20.0,25.0,1.0,18000.0,34511.678569306845,36000.0,1.0,24.663997208710924,20.0,26.0,1.0,721.0,15.520883952451388,12.0,17.0,1.0,29359.240580932143,18000.0,36000.0,1.0,20.0,24.2190084722816,25.0,1.0,33900.82934696249,18000.0,36000.0,1.0,24.787944509034638,20.0,26.0,1.0,1.0,91121.0,7.0,24.0
11.0,22.0,11.0,21.0,-121.0,21.0,13.0,-111.0,10.002611212960586,9.0,11.0,30000.0,10000.0,19000.0,0.0,26.115991420264564,16.5,19.0,0.0,10000.0,36424.70410920853,25000.0,0.0,27.401304595205257,17.0,20.0,0.0,121.0,10.002169625262905,9.0,11.0,1.0,12302.916006589376,10000.0,19000.0,1.0,16.5,16.95963407333259,19.0,1.0,18823.326295013336,10000.0,25000.0,1.0,18.264094030907604,17.0,20.0,1.0,0.0,211.0,1.0,33.0
11.0,22.0,11.0,21.0,-121.0,11.0,12.0,-111.0,10.008601062294973,9.0,11.0,30000.0,10000.0,19000.0,0.0,24.93819337692579,16.5,19.0,0.0,10000.0,36560.620551280896,25000.0,0.0,26.24578551789328,17.0,20.0,0.0,121.0,10.01196800021876,9.0,11.0,1.0,15088.665959831602,10000.0,19000.0,1.0,16.5,17.514332789731647,19.0,1.0,21598.995581354764,10000.0,25000.0,1.0,18.811901484898677,17.0,20.0,1.0,0.0,111.0,1.0,46.0
11.0,22.0,11.0,22.0,-121.0,11.0,11.0,-111.0,9.99228723380418,9.0,11.0,30000.0,10000.0,19000.0,0.0,24.40994930334115,16.5,19.0,0.0,10000.0,36403.02268419316,25000.0,0.0,25.686614062211707,17.0,20.0,0.0,121.0,10.016895177424491,9.0,11.0,1.0,13315.790900905491,10000.0,19000.0,1.0,16.5,17.18787665217227,19.0,1.0,19789.805898202896,10000.0,25000.0,1.0,18.478696192114374,17.0,20.0,1.0,0.0,111.0,1.0,44.0
11.0,21.0,11.0,22.0,-121.0,21.0,13.0,-111.0,10.190397230457508,9.0,11.0,30000.0,10000.0,19000.0,0.0,27.82046616007556,16.5,19.0,0.0,10000.0,36869.01602494888,25000.0,0.0,29.106379949190423,17.0,20.0,0.0,122.0,10.214584708333442,9.0,11.0,1.0,11887.985647279078,10000.0,19000.0,1.0,16.5,17.006470227676296,19.0,1.0,18839.662840497436,10000.0,25000.0,1.0,18.307858596514947,17.0,20.0,1.0,0.0,211.0,1.0,59.0
92.0,24.0,92.0,24.0,-721.0,921.0,13.0,-711.0,15.103125861329534,12.0,17.0,30000.0,15000.0,28000.0,0.0,24.62510514022006,19.5,25.0,1.0,15000.0,34453.01727814391,28000.0,0.0,25.183132078523307,20.0,26.0,1.0,721.0,14.841823176962805,12.0,17.0,1.0,19321.91787720298,15000.0,28000.0,1.0,19.5,21.30205605593337,25.0,1.0,23846.112655036177,15000.0,28000.0,1.0,21.869002555906103,20.0,26.0,1.0,0.0,92122.0,7.0,22.0
11.0,21.0,11.0,22.0,-121.0,21.0,13.0,-111.0,10.18306130538982,9.0,11.0,30000.0,10000.0,19000.0,0.0,25.371130283858136,16.5,19.0,0.0,10000.0,36968.81653062439,25000.0,0.0,26.687937821069177,17.0,20.0,0.0,122.0,10.191370913433946,9.0,11.0,1.0,11999.965196048908,10000.0,19000.0,1.0,16.5,16.96263512909747,19.0,1.0,19145.98111611463,10000.0,25000.0,1.0,18.312925753512793,17.0,20.0,1.0,0.0,211.0,1.0,52.0
11.0,22.0,11.0,22.0,-121.0,21.0,13.0,-111.0,10.222269740474786,9.0,11.0,30000.0,10000.0,19000.0,0.0,26.167589614880065,16.5,19.0,0.0,10000.0,36986.096278065546,25000.0,0.0,27.481458567567117,17.0,20.0,0.0,122.0,10.21280520339226,9.0,11.0,1.0,13440.753629151135,10000.0,19000.0,1.0,16.5,17.25776916297996,19.0,1.0,20552.344665836925,10000.0,25000.0,1.0,18.595239804008152,17.0,20.0,1.0,0.0,211.0,1.0,21.0
11.0,22.0,11.0,22.0,-121.0,11.0,11.0,-111.0,10.21240296543357,9.0,11.0,30000.0,10000.0,19000.0,0.0,24.024535035117395,16.5,19.0,0.0,10000.0,37021.43232745314,25000.0,0.0,25.345610098481334,17.0,20.0,0.0,122.0,10.199165487533918,9.0,11.0,1.0,15441.531494907038,10000.0,19000.0,1.0,16.5,17.624334725825143,19.0,1.0,22582.207443780993,10000.0,25000.0,1.0,18.967845350393358,17.0,20.0,1.0,0.0,111.0,1.0,38.0
11.0,22.0,11.0,21.0,-121.0,21.0,12.0,-111.0,10.215262271243093,9.0,11.0,30000.0,10000.0,19000.0,0.0,24.444927753957614,16.5,19.0,0.0,10000.0,37159.040688458,25000.0,0.0,25.799240655205256,17.0,20.0,0.0,122.0,10.205171117548327,9.0,11.0,1.0,15118.701104403804,10000.0,19000.0,1.0,16.5,17.605754446488454,19.0,1.0,22035.49253490675,10000.0,25000.0,1.0,18.914239797699242,17.0,20.0,1.0,0.0,211.0,1.0,53.0
81.0,21.0,81.0,21.0,-721.0,912.0,12.0,-711.0,15.80272938349307,12.0,17.0,30000.0,12500.0,23000.0,0.0,27.912739322002054,20.0,24.0,0.0,12500.0,34493.65732363837,26000.0,0.0,28.47749218187797,20.0,25.0,0.0,721.0,15.131157273630338,12.0,17.0,1.0,15680.696259393519,12500.0,23000.0,1.0,20.0,21.585729689391886,24.0,1.0,20174.61936339795,12500.0,26000.0,1.0,22.150515951953192,20.0,25.0,1.0,0.0,912.0,7.0,6.0
11.0,22.0,11.0,21.0,-121.0,11.0,12.0,-111.0,10.009013586094056,9.0,11.0,30000.0,10000.0,19000.0,0.0,23.840838191915886,16.5,19.0,0.0,10000.0,36554.51159675016,25000.0,0.0,25.152832057618546,17.0,20.0,0.0,121.0,10.017653824994461,9.0,11.0,1.0,13656.146719889108,10000.0,19000.0,1.0,16.5,17.205693278498693,19.0,1.0,20165.362275159416,10000.0,25000.0,1.0,18.508620392592945,17.0,20.0,1.0,0.0,111.0,1.0,10.0
91.0,24.0,91.0,24.0,-721.0,911.0,11.0,-711.0,15.091981598883429,12.0,17.0,30000.0,18000.0,36000.0,1.0,24.168240764220343,20.0,25.0,1.0,18000.0,34040.20981865453,36000.0,1.0,24.65990239351882,20.0,26.0,1.0,722.0,15.141087370269288,12.0,17.0,1.0,27518.39309625894,18000.0,36000.0,1.0,20.0,23.58518599621911,25.0,1.0,31479.300113728223,18000.0,36000.0,1.0,24.067197100869425,20.0,26.0,1.0,1.0,91121.0,7.0,28.0
11.0,22.0,11.0,21.0,-121.0,11.0,11.0,-111.0,9.989807207620798,9.0,11.0,30000.0,10000.0,19000.0,0.0,24.597239442193214,16.5,19.0,0.0,10000.0,36552.38788924323,25000.0,0.0,25.908504373686966,17.0,20.0,0.0,121.0,10.000874317899187,9.0,11.0,1.0,15185.267667847198,10000.0,19000.0,1.0,16.5,17.528730500538682,19.0,1.0,21572.881847816043,10000.0,25000.0,1.0,18.80702089049799,17.0,20.0,1.0,0.0,111.0,1.0,26.0
11.0,22.0,11.0,21.0,-121.0,21.0,13.0,-111.0,10.005176930743971,9.0,11.0,30000.0,10000.0,19000.0,0.0,25.162116618494537,16.5,19.0,0.0,10000.0,36564.937106934,25000.0,0.0,26.473315886914975,17.0,20.0,0.0,121.0,10.000074959744971,9.0,11.0,1.0,13423.50024516899,10000.0,19000.0,1.0,16.5,17.145857455771157,19.0,1.0,19924.144252969276,10000.0,25000.0,1.0,18.444215616474118,17.0,20.0,1.0,0.0,211.0,1.0,20.0
11.0,22.0,11.0,22.0,-121.0,11.0,12.0,-111.0,10.190321089571926,9.0,11.0,30000.0,10000.0,19000.0,0.0,23.963599532740073,16.5,19.0,0.0,10000.0,36993.516449535804,25000.0,0.0,25.279940612001816,17.0,20.0,0.0,122.0,10.165824931981474,9.0,11.0,1.0,17381.28733783042,10000.0,19000.0,1.0,16.5,17.953143426231733,19.0,1.0,24770.15458749903,10000.0,25000.0,1.0,19.34389864360112,17.0,20.0,1.0,0.0,111.0,1.0,14.0
11.0,21.0,11.0,22.0,-121.0,21.0,12.0,-111.0,10.193234079465954,9.0,11.0,30000.0,10000.0,19000.0,0.0,26.026155044548045,16.5,19.0,0.0,10000.0,36838.06267190756,25000.0,0.0,27.314620907858856,17.0,20.0,0.0,122.0,10.20038996700083,9.0,11.0,1.0,16435.942167275076,10000.0,19000.0,1.0,16.5,17.780142188193615,19.0,1.0,23414.367575451226,10000.0,25000.0,1.0,19.095055980229322,17.0,20.0,1.0,0.0,211.0,1.0,37.0
11.0,22.0,11.0,22.0,-121.0,21.0,13.0,-111.0,10.210034407420398,9.0,11.0,30000.0,10000.0,19000.0,0.0,25.992718258444448,16.5,19.0,0.0,10000.0,37022.43194449036,25000.0,0.0,27.316996570423044,17.0,20.0,0.0,122.0,10.214247848404579,9.0,11.0,1.0,15797.245384469416,10000.0,19000.0,1.0,16.5,17.721164956783245,19.0,1.0,23068.468760644682,10000.0,25000.0,1.0,19.09235993520884,17.0,20.0,1.0,0.0,211.0,1.0,4.0
92.0,24.0,92.0,24.0,-721.0,921.0,13.0,-711.0,15.241854450766965,12.0,17.0,30000.0,15000.0,28000.0,0.0,23.807970901437855,19.5,25.0,1.0,15000.0,34134.00288288301,28000.0,0.0,24.31022306847601,20.0,26.0,1.0,722.0,15.152691837532112,12.0,17.0,1.0,18305.0650509351,15000.0,28000.0,1.0,19.5,21.382424597425757,25.0,1.0,22226.57962054201,15000.0,28000.0,1.0,21.858860934422985,20.0,26.0,1.0,0.0,92122.0,7.0,25.0
81.0,23.0,81.0,21.0,-721.0,912.0,12.0,-711.0,15.297140662330103,12.0,17.0,30000.0,12500.0,23000.0,0.0,26.59397969055375,20.0,24.0,0.0,12500.0,33968.858836049796,26000.0,0.0,27.077583917293218,20.0,25.0,0.0,722.0,15.205561068057841,12.0,17.0,1.0,15762.973607885264,12500.0,23000.0,1.0,20.0,21.7676839453177,24.0,1.0,19713.85585252473,12500.0,26000.0,1.0,22.249097729930725,20.0,25.0,1.0,0.0,912.0,7.0,11.0
11.0,22.0,11.0,21.0,-121.0,21.0,13.0,-111.0,10.233693020860317,9.0,11.0,30000.0,10000.0,19000.0,0.0,27.29755314374605,16.5,19.0,0.0,10000.0,36974.1885468236,25000.0,0.0,28.612668739580887,17.0,20.0,0.0,122.0,10.197229241450001,9.0,11.0,1.0,10858.010943932493,10000.0,19000.0,1.0,16.5,16.719678570209066,19.0,1.0,17812.861510810242,10000.0,25000.0,1.0,18.031147622958926,17.0,20.0,1.0,0.0,211.0,1.0,2.0
11.0,22.0,11.0,21.0,-121.0,21.0,12.0,-111.0,10.017586826398265,9.0,11.0,30000.0,10000.0,19000.0,0.0,24.21882335613789,16.5,19.0,0.0,10000.0,36373.10009880144,25000.0,0.0,25.491717741950378,17.0,20.0,0.0,121.0,9.985557098371325,9.0,11.0,1.0,13798.121342310207,10000.0,19000.0,1.0,16.5,17.222563512444978,19.0,1.0,20270.022866332572,10000.0,25000.0,1.0,18.515191431000446,17.0,20.0,1.0,0.0,211.0,1.0,53.0
11.0,21.0,11.0,22.0,-121.0,21.0,13.0,-111.0,10.213024300820745,9.0,11.0,30000.0,10000.0,19000.0,0.0,27.383004217640288,16.5,19.0,0.0,10000.0,37140.88951018013,25000.0,0.0,28.7262383134269,17.0,20.0,0.0,122.0,10.167081853215448,9.0,11.0,1.0,12084.792959620383,10000.0,19000.0,1.0,16.5,16.95316393702732,19.0,1.0,19030.954189866254,10000.0,25000.0,1.0,18.25976874949444,17.0,20.0,1.0,0.0,211.0,1.0,24.0
11.0,21.0,11.0,22.0,-121.0,11.0,11.0,-111.0,10.202693516712788,9.0,11.0,30000.0,10000.0,19000.0,0.0,27.72372285330803,16.5,19.0,0.0,10000.0,36901.770824016276,25000.0,0.0,29.02472359220156,17.0,20.0,0.0,122.0,10.212415504316963,9.0,11.0,1.0,13306.139429615681,10000.0,19000.0,1.0,16.5,17.261951050739107,19.0,1.0,20258.74464671879,10000.0,25000.0,1.0,18.57253419748905,17.0,20.0,1.0,0.0,111.0,1.0,29.0
91.0,21.0,91.0,24.0,-721.0,911.0,12.0,-711.0,15.740649048379675,12.0,17.0,30000.0,18000.0,36000.0,1.0,26.03795407021616,20.0,25.0,0.0,18000.0,34484.32570256438,36000.0,1.0,26.598436238949958,20.0,26.0,0.0,721.0,15.487851516005476,12.0,17.0,1.0,26103.183471133576,18000.0,36000.0,1.0,20.0,23.760501992442343,25.0,1.0,30561.88532271783,18000.0,36000.0,1.0,24.31778151432994,20.0,26.0,1.0,0.0,91121.0,7.0,26.0
11.0,22.0,11.0,21.0,-121.0,11.0,11.0,-111.0,10.19485680596819,9.0,11.0,30000.0,10000.0,19000.0,0.0,23.772154299623406,16.5,19.0,0.0,10000.0,37082.497986398455,25000.0,0.0,25.103848514070137,17.0,20.0,0.0,122.0,10.224680083158193,9.0,11.0,1.0,8570.038063711141,10000.0,19000.0,0.0,16.5,16.339841969573737,19.0,0.0,15514.553505442307,10000.0,25000.0,1.0,17.64559186934774,17.0,20.0,1.0,0.0,111.0,1.0,39.0
91.0,24.0,91.0,21.0,-721.0,911.0,11.0,-711.0,15.478448915869727,12.0,17.0,30000.0,18000.0,36000.0,1.0,24.78378351833654,20.0,25.0,1.0,18000.0,34016.682976198936,36000.0,1.0,25.27429250656331,20.0,26.0,1.0,722.0,15.24487350287366,12.0,17.0,1.0,26425.29898237134,18000.0,36000.0,1.0,20.0,23.398389816000023,25.0,1.0,30473.34704282374,18000.0,36000.0,1.0,23.892729043216022,20.0,26.0,1.0,1.0,91121.0,7.0,15.0
11.0,21.0,11.0,22.0,-121.0,11.0,11.0,-111.0,10.01422966493198,9.0,11.0,30000.0,10000.0,19000.0,0.0,24.382019529242022,16.5,19.0,0.0,10000.0,36463.71758320666,25000.0,0.0,25.664392774889446,17.0,20.0,0.0,121.0,9.99460275833547,9.0,11.0,1.0,15997.452627676774,10000.0,19000.0,1.0,16.5,17.71173152455044,19.0,1.0,22474.833831924585,10000.0,25000.0,1.0,18.996815572740875,17.0,20.0,1.0,0.0,111.0,1.0,35.0
11.0,21.0,11.0,21.0,-121.0,11.0,11.0,-111.0,9.994636152419773,9.0,11.0,30000.0,10000.0,19000.0,0.0,25.59242135758913,16.5,19.0,0.0,10000.0,36512.924257365914,25000.0,0.0,26.900136497650163,17.0,20.0,0.0,121.0,10.001694178581085,9.0,11.0,1.0,12390.126858481575,10000.0,19000.0,1.0,16.5,16.9776237785953,19.0,1.0,18805.667205290778,10000.0,25000.0,1.0,18.265785426369156,17.0,20.0,1.0,0.0,111.0,1.0,56.0
11.0,22.0,11.0,22.0,-121.0,11.0,11.0,-111.0,10.205171618828933,9.0,11.0,30000.0,10000.0,19000.0,0.0,24.93565056044592,16.5,19.0,0.0,10000.0,36842.388782788286,25000.0,0.0,26.228805952564965,17.0,20.0,0.0,122.0,10.212858430326172,9.0,11.0,1.0,13293.042733515424,10000.0,19000.0,1.0,16.5,17.259103215106336,19.0,1.0,20387.792586829364,10000.0,25000.0,1.0,18.59995278092274,17.0,20.0,1.0,0.0,111.0,1.0,50.0
11.0,22.0,11.0,22.0,-121.0,21.0,12.0,-111.0,10.192090889866078,9.0,11.0,30000.0,10000.0,19000.0,0.0,23.292410354041063,16.5,19.0,0.0,10000.0,37011.2267005722,25000.0,0.0,24.613154286120974,17.0,20.0,0.0,122.0,10.199250437450603,9.0,11.0,1.0,15641.98709303836,10000.0,19000.0,1.0,16.5,17.65031221834733,19.0,1.0,22559.76175709097,10000.0,25000.0,1.0,18.953452068367866,17.0,20.0,1.0,0.0,211.0,1.0,23.0
81.0,21.0,81.0,23.0,-721.0,912.0,12.0,-711.0,14.956109889973547,12.0,17.0,30000.0,12500.0,23000.0,0.0,27.936985794356197,20.0,24.0,0.0,12500.0,34590.958102911805,26000.0,0.0,28.512040780487908,20.0,25.0,0.0,721.0,15.35083069309113,12.0,17.0,1.0,18172.68112492549,12500.0,23000.0,1.0,20.0,22.159158433694042,24.0,1.0,22688.88250756457,12500.0,26000.0,1.0,22.724849530246274,20.0,25.0,1.0,0.0,912.0,7.0,7.0
11.0,22.0,11.0,21.0,-121.0,11.0,11.0,-111.0,10.003691403182376,9.0,11.0,30000.0,10000.0,19000.0,0.0,25.22696055307607,16.5,19.0,0.0,10000.0,36466.57484600222,25000.0,0.0,26.520248989133307,17.0,20.0,0.0,121.0,9.9939335594497,9.0,11.0,1.0,14759.120109550455,10000.0,19000.0,1.0,16.5,17.411064763377478,19.0,1.0,21226.94700197954,10000.0,25000.0,1.0,18.70460360358279,17.0,20.0,1.0,0.0,111.0,1.0,0.0
91.0,24.0,91.0,21.0,-721.0,911.0,11.0,-711.0,15.250754225872729,12.0,17.0,30000.0,18000.0,36000.0,1.0,24.342949559356832,20.0,25.0,1.0,18000.0,34048.3606675367,36000.0,1.0,24.836073722087306,20.0,26.0,1.0,722.0,15.199382838367894,12.0,17.0,1.0,23695.42277839936,18000.0,36000.0,1.0,20.0,23.02090722873011,25.0,1.0,27752.80939384468,18000.0,36000.0,1.0,23.515130827348543,20.0,26.0,1.0,1.0,91121.0,7.0,15.0
11.0,22.0,11.0,22.0,-121.0,11.0,11.0,-111.0,10.203864445994451,9.0,11.0,30000.0,10000.0,19000.0,0.0,23.284724077280806,16.5,19.0,0.0,10000.0,37135.20830785339,25000.0,0.0,24.62712238116518,17.0,20.0,0.0,122.0,10.183216523190763,9.0,11.0,1.0,16449.296482301295,10000.0,19000.0,1.0,16.5,17.794275070017218,19.0,1.0,23498.33402523189,10000.0,25000.0,1.0,19.12046144515531,17.0,20.0,1.0,0.0,111.0,1.0,15.0
11.0,22.0,11.0,22.0,-121.0,21.0,13.0,-111.0,10.212502792064301,9.0,11.0,30000.0,10000.0,19000.0,0.0,24.77570253731966,16.5,19.0,0.0,10000.0,36962.6193606763,25000.0,0.0,26.094319745041656,17.0,20.0,0.0,122.0,10.196620134135157,9.0,11.0,1.0,14115.536383525836,10000.0,19000.0,1.0,16.5,17.427110322100503,19.0,1.0,21152.61021242319,10000.0,25000.0,1.0,18.75982810575554,17.0,20.0,1.0,0.0,211.0,1.0,47.0
11.0,22.0,11.0,22.0,-121.0,11.0,12.0,-111.0,9.990183848021168,9.0,11.0,30000.0,10000.0,19000.0,0.0,24.4580063723357,16.5,19.0,0.0,10000.0,36468.34834270127,25000.0,0.0,25.749692972028946,17.0,20.0,0.0,121.0,9.995926253366429,9.0,11.0,1.0,16363.842748214345,10000.0,19000.0,1.0,16.5,17.780397370737347,19.0,1.0,22923.895522474035,10000.0,25000.0,1.0,19.090396741960618,17.0,20.0,1.0,0.0,111.0,1.0,40.0
11.0,21.0,11.0,22.0,-121.0,11.0,11.0,-111.0,10.205873255930863,9.0,11.0,30000.0,10000.0,19000.0,0.0,25.312464506738642,16.5,19.0,0.0,10000.0,36966.06289091368,25000.0,0.0,26.623480387861807,17.0,20.0,0.0,122.0,10.17069216473603,9.0,11.0,1.0,18790.204117588022,10000.0,19000.0,1.0,16.5,18.24055876856097,19.0,1.0,25887.695991106433,10000.0,25000.0,0.0,19.576309637888077,17.0,20.0,1.0,0.0,111.0,1.0,43.0
11.0,22.0,11.0,22.0,-121.0,11.0,12.0,-111.0,9.987787862904607,9.0,11.0,30000.0,10000.0,19000.0,0.0,23.797536631682277,16.5,19.0,0.0,10000.0,36515.06134174024,25000.0,0.0,25.1031676238812,17.0,20.0,0.0,121.0,10.000523664820184,9.0,11.0,1.0,17151.10756715952,10000.0,19000.0,1.0,16.5,17.99022782924953,19.0,1.0,23702.21177017769,10000.0,25000.0,1.0,19.30308188110416,17.0,20.0,1.0,0.0,111.0,1.0,14.0
91.0,21.0,91.0,24.0,-721.0,911.0,12.0,-711.0,15.175340066377988,12.0,17.0,30000.0,18000.0,36000.0,1.0,25.1645223163697,20.0,25.0,0.0,18000.0,34014.89070477092,36000.0,1.0,25.654252182076533,20.0,26.0,1.0,722.0,15.270373373924388,12.0,17.0,1.0,29919.750989736025,18000.0,36000.0,1.0,20.0,23.90353022867079,25.0,1.0,33826.99590679152,18000.0,36000.0,1.0,24.380129635533716,20.0,26.0,1.0,0.0,91121.0,7.0,19.0
11.0,22.0,11.0,22.0,-121.0,21.0,12.0,-111.0,10.004113403233468,9.0,11.0,30000.0,10000.0,19000.0,0.0,24.425378082819044,16.5,19.0,0.0,10000.0,36398.93312532094,25000.0,0.0,25.69789223861799,17.0,20.0,0.0,121.0,9.998571755967669,9.0,11.0,1.0,16920.889719009436,10000.0,19000.0,1.0,16.5,17.86191464537776,19.0,1.0,23460.473929332176,10000.0,25000.0,1.0,19.162399166421658,17.0,20.0,1.0,0.0,211.0,1.0,48.0
91.0,24.0,91.0,21.0,-721.0,911.0,11.0,-711.0,15.208367164951046,12.0,17.0,30000.0,18000.0,36000.0,1.0,23.80432047464883,20.0,25.0,1.0,18000.0,33924.3089378285,36000.0,1.0,24.282257241549118,20.0,26.0,1.0,722.0,15.401712580176122,12.0,17.0,1.0,23779.241120092876,18000.0,36000.0,1.0,20.0,23.259481954574916,25.0,1.0,27844.96201384678,18000.0,36000.0,1.0,23.75464110994838,20.0,26.0,1.0,1.0,91121.0,7.0,21.0
11.0,22.0,11.0,22.0,-121.0,21.0,13.0,-111.0,10.199679462915405,9.0,11.0,30000.0,10000.0,19000.0,0.0,25.55529304654729,16.5,19.0,0.0,10000.0,37065.523729423876,25000.0,0.0,26.888610933452785,17.0,20.0,0.0,122.0,10.223422063738695,9.0,11.0,1.0,15581.259725493175,10000.0,19000.0,1.0,16.5,17.69412518105497,19.0,1.0,22576.78970967848,10000.0,25000.0,1.0,19.01423471765666,17.0,20.0,1.0,0.0,211.0,1.0,31.0
91.0,24.0,91.0,24.0,-721.0,911.0,11.0,-711.0,15.109073961786667,12.0,17.0,30000.0,18000.0,36000.0,1.0,24.62787832184567,20.0,25.0,1.0,18000.0,33989.922145169134,36000.0,1.0,25.115402640704115,20.0,26.0,1.0,722.0,15.20209297191831,12.0,17.0,1.0,24552.409464639204,18000.0,36000.0,1.0,20.0,23.30909011141468,25.0,1.0,28604.214361418253,18000.0,36000.0,1.0,23.80417581749574,20.0,26.0,1.0,1.0,91121.0,7.0,9.0
91.0,24.0,91.0,24.0,-721.0,911.0,12.0,-711.0,15.283454288961243,12.0,17.0,30000.0,18000.0,36000.0,1.0,24.51753256777977,20.0,25.0,1.0,18000.0,33960.79605858093,36000.0,1.0,24.999476848862834,20.0,26.0,1.0,722.0,15.224378952810019,12.0,17.0,1.0,25546.907096100178,18000.0,36000.0,1.0,20.0,23.376432966620037,25.0,1.0,29535.275567713114,18000.0,36000.0,1.0,23.861732221445727,20.0,26.0,1.0,1.0,91121.0,7.0,13.0
11.0,21.0,11.0,22.0,-121.0,21.0,12.0,-111.0,9.996012470720478,9.0,11.0,30000.0,10000.0,19000.0,0.0,25.08858854140791,16.5,19.0,0.0,10000.0,36527.7028005439,25000.0,0.0,26.39582243914187,17.0,20.0,0.0,121.0,10.012731841551105,9.0,11.0,1.0,15852.09281336423,10000.0,19000.0,1.0,16.5,17.73529437492269,19.0,1.0,22269.5587299323,10000.0,25000.0,1.0,19.02045229954376,17.0,20.0,1.0,0.0,211.0,1.0,37.0
11.0,21.0,11.0,21.0,-121.0,21.0,12.0,-111.0,10.187811175433415,9.0,11.0,30000.0,10000.0,19000.0,0.0,24.785917208099352,16.5,19.0,0.0,10000.0,37040.30511612344,25000.0,0.0,26.11119235302126,17.0,20.0,0.0,122.0,10.230298626156857,9.0,11.0,1.0,13530.553972613046,10000.0,19000.0,1.0,16.5,17.249504351344484,19.0,1.0,20380.873633932493,10000.0,25000.0,1.0,18.539016415406188,17.0,20.0,1.0,0.0,211.0,1.0,6.0
11.0,22.0,11.0,22.0,-121.0,11.0,11.0,-111.0,9.986506613014539,9.0,11.0,30000.0,10000.0,19000.0,0.0,25.51861740212594,16.5,19.0,0.0,10000.0,36558.71840586284,25000.0,0.0,26.829644634899388,17.0,20.0,0.0,121.0,9.99896266116246,9.0,11.0,1.0,15301.20359288421,10000.0,19000.0,1.0,16.5,17.584948015250358,19.0,1.0,21732.30450602946,10000.0,25000.0,1.0,18.870465689909302,17.0,20.0,1.0,0.0,111.0,1.0,57.0
11.0,21.0,11.0,22.0,-121.0,11.0,12.0,-111.0,10.199095798517545,9.0,11.0,30000.0,10000.0,19000.0,0.0,24.47892498736664,16.5,19.0,0.0,10000.0,37099.59569104238,25000.0,0.0,25.821299754720396,17.0,20.0,0.0,122.0,10.213163949091001,9.0,11.0,1.0,17420.79171180782,10000.0,19000.0,1.0,16.5,18.01367827213174,19.0,1.0,24303.28588947738,10000.0,25000.0,1.0,19.3150039986403,17.0,20.0,1.0,0.0,111.0,1.0,51.0
81.0,23.0,81.0,21.0,-721.0,912.0,12.0,-711.0,15.725364815429653,12.0,17.0,30000.0,12500.0,23000.0,0.0,26.80274675864151,20.0,24.0,0.0,12500.0,34487.109644368335,26000.0,0.0,27.363429222126925,20.0,25.0,0.0,721.0,15.356457004636331,12.0,17.0,1.0,14052.511217326042,12500.0,23000.0,1.0,20.0,21.61181521445901,24.0,1.0,18587.147535153614,12500.0,26000.0,1.0,22.17843632764732,20.0,25.0,1.0,0.0,912.0,7.0,30.0
11.0,22.0,11.0,22.0,-121.0,11.0,11.0,-111.0,10.010113233536751,9.0,11.0,30000.0,10000.0,19000.0,0.0,25.455829772779097,16.5,19.0,0.0,10000.0,36508.7000989661,25000.0,0.0,26.760735981263892,17.0,20.0,0.0,121.0,10.014304278442467,9.0,11.0,1.0,14901.642126424676,10000.0,19000.0,1.0,16.5,17.573514372774458,19.0,1.0,21408.1271446013,10000.0,25000.0,1.0,18.877976487564577,17.0,20.0,1.0,0.0,111.0,1.0,15.0
11.0,22.0,11.0,22.0,-121.0,21.0,13.0,-111.0,10.210041996313915,9.0,11.0,30000.0,10000.0,19000.0,0.0,24.587635383702292,16.5,19.0,0.0,10000.0,37147.25137883935,25000.0,0.0,25.937987994425868,17.0,20.0,0.0,122.0,10.181786169362463,9.0,11.0,1.0,14302.240951033498,10000.0,19000.0,1.0,16.5,17.371576704088696,19.0,1.0,21441.181183443572,10000.0,25000.0,1.0,18.72035906386068,17.0,20.0,1.0,0.0,211.0,1.0,5.0
11.0,21.0,11.0,22.0,-121.0,11.0,11.0,-111.0,10.186069567945008,9.0,11.0,30000.0,10000.0,19000.0,0.0,25.921555495354596,16.5,19.0,0.0,10000.0,37112.89757513385,25000.0,0.0,27.26720305064837,17.0,20.0,0.0,122.0,10.17719329199719,9.0,11.0,1.0,12378.94916669666,10000.0,19000.0,1.0,16.5,17.044569541789826,19.0,1.0,19309.999534379167,10000.0,25000.0,1.0,18.355814485832823,17.0,20.0,1.0,0.0,111.0,1.0,43.0
11.0,22.0,11.0,22.0,-121.0,11.0,12.0,-111.0,10.143643459318145,9.0,11.0,30000.0,10000.0,19000.0,0.0,24.624554862249198,16.5,19.0,0.0,10000.0,36893.76881454916,25000.0,0.0,25.92488953449181,17.0,20.0,0.0,122.0,10.22622292707172,9.0,11.0,1.0,19109.605813138493,10000.0,19000.0,0.0,16.5,18.339337013127597,19.0,1.0,26166.940074791575,10000.0,25000.0,0.0,19.67052415921604,17.0,20.0,1.0,0.0,111.0,1.0,42.0
11.0,22.0,11.0,22.0,-121.0,21.0,13.0,-111.0,10.222801786427496,9.0,11.0,30000.0,10000.0,19000.0,0.0,26.45803652114552,16.5,19.0,0.0,10000.0,36930.08908542943,25000.0,0.0,27.76836612711218,17.0,20.0,0.0,122.0,10.182543401488607,9.0,11.0,1.0,15864.366198317899,10000.0,19000.0,1.0,16.5,17.696607661568475,19.0,1.0,22876.914810453498,10000.0,25000.0,1.0,19.022528576363225,17.0,20.0,1.0,0.0,211.0,1.0,28.0
11.0,22.0,11.0,22.0,-121.0,11.0,11.0,-111.0,10.22453439446483,9.0,11.0,30000.0,10000.0,19000.0,0.0,23.41473193883128,16.5,19.0,0.0,10000.0,36868.9621241661,25000.0,0.0,24.709390705486264,17.0,20.0,0.0,122.0,10.176160150352082,9.0,11.0,1.0,17682.932525718104,10000.0,19000.0,1.0,16.5,18.036931124666268,19.0,1.0,24616.03681062837,10000.0,25000.0,1.0,19.343679375761337,17.0,20.0,1.0,0.0,111.0,1.0,55.0
11.0,22.0,11.0,22.0,-121.0,21.0,13.0,-111.0,10.193710587650298,9.0,11.0,30000.0,10000.0,19000.0,0.0,25.380148680919483,16.5,19.0,0.0,10000.0,37114.81823359988,25000.0,0.0,26.720221149260375,17.0,20.0,0.0,122.0,10.184570075054669,9.0,11.0,1.0,14763.881016295609,10000.0,19000.0,1.0,16.5,17.49461737168312,19.0,1.0,21642.062819996634,10000.0,25000.0,1.0,18.790119486389905,17.0,20.0,1.0,0.0,211.0,1.0,47.0
11.0,22.0,11.0,22.0,-121.0,21.0,13.0,-111.0,10.000639620530933,9.0,11.0,30000.0,10000.0,19000.0,0.0,24.991479920732523,16.5,19.0,0.0,10000.0,36526.216028933355,25000.0,0.0,26.2932026663063,17.0,20.0,0.0,121.0,9.993436186179515,9.0,11.0,1.0,15152.556956261476,10000.0,19000.0,1.0,16.5,17.567881621227038,19.0,1.0,21618.409232099482,10000.0,25000.0,1.0,18.857564178418443,17.0,20.0,1.0,0.0,211.0,1.0,28.0
91.0,21.0,91.0,24.0,-721.0,911.0,12.0,-711.0,15.295745948682564,12.0,17.0,30000.0,18000.0,36000.0,1.0,25.543794424154445,20.0,25.0,0.0,18000.0,34026.966034559155,36000.0,1.0,26.03280461629288,20.0,26.0,0.0,722.0,15.375972036326942,12.0,17.0,1.0,26431.654528359453,18000.0,36000.0,1.0,20.0,23.62433959719594,25.0,1.0,30454.945081931346,18000.0,36000.0,1.0,24.112903461342444,20.0,26.0,1.0,0.0,91121.0,7.0,19.0
91.0,24.0,91.0,24.0,-721.0,911.0,12.0,-711.0,15.419412046659403,12.0,17.0,30000.0,18000.0,36000.0,1.0,24.464944684885396,20.0,25.0,1.0,18000.0,34015.112616574275,36000.0,1.0,24.954058042815664,20.0,26.0,1.0,722.0,15.551895065960064,12.0,17.0,1.0,26218.855806578307,18000.0,36000.0,1.0,20.0,23.716746737331427,25.0,1.0,30152.164211628093,18000.0,36000.0,1.0,24.195894862300005,20.0,26.0,1.0,1.0,91121.0,7.0,8.0
11.0,22.0,11.0,22.0,-121.0,21.0,13.0,-111.0,10.198475214697702,9.0,11.0,30000.0,10000.0,19000.0,0.0,24.65986786900379,16.5,19.0,0.0,10000.0,37034.16781913926,25000.0,0.0,25.982841182158786,17.0,20.0,0.0,122.0,10.190247525949223,9.0,11.0,1.0,14287.1761754857,10000.0,19000.0,1.0,16.5,17.402619644734756,19.0,1.0,21414.001154948433,10000.0,25000.0,1.0,18.743019745753294,17.0,20.0,1.0,0.0,211.0,1.0,16.0
11.0,21.0,11.0,22.0,-121.0,21.0,13.0,-111.0,9.9977027839065,9.0,11.0,30000.0,10000.0,19000.0,0.0,25.504537843363092,16.5,19.0,0.0,10000.0,36512.68713146524,25000.0,0.0,26.80789779343753,17.0,20.0,0.0,121.0,9.990487356559555,9.0,11.0,1.0,14445.649134970974,10000.0,19000.0,1.0,16.5,17.3928683085078,19.0,1.0,20962.311433569128,10000.0,25000.0,1.0,18.69702379405497,17.0,20.0,1.0,0.0,211.0,1.0,32.0
91.0,24.0,91.0,24.0,-721.0,911.0,11.0,-711.0,15.402704375958999,12.0,17.0,30000.0,18000.0,36000.0,1.0,24.82341806083388,20.0,25.0,1.0,18000.0,34515.89980155695,36000.0,1.0,25.391898989073084,20.0,26.0,1.0,721.0,15.137178335612255,12.0,17.0,1.0,28137.870228367796,18000.0,36000.0,1.0,20.0,23.714902039499314,25.0,1.0,32702.860021321965,18000.0,36000.0,1.0,24.289562627408365,20.0,26.0,1.0,1.0,91121.0,7.0,0.0
11.0,22.0,11.0,22.0,-121.0,21.0,13.0,-111.0,10.195494331843715,9.0,11.0,30000.0,10000.0,19000.0,0.0,25.51197406565024,16.5,19.0,0.0,10000.0,36965.785914421474,25000.0,0.0,26.82981783308654,17.0,20.0,0.0,122.0,10.177746012965466,9.0,11.0,1.0,15212.286636082259,10000.0,19000.0,1.0,16.5,17.570946866741465,19.0,1.0,22218.535415934955,10000.0,25000.0,1.0,18.896445726607574,17.0,20.0,1.0,0.0,211.0,1.0,36.0
11.0,22.0,11.0,21.0,-121.0,21.0,13.0,-111.0,10.004513182706468,9.0,11.0,30000.0,10000.0,19000.0,0.0,25.84633112471731,16.5,19.0,0.0,10000.0,36510.827228887385,25000.0,0.0,27.147179479824317,17.0,20.0,0.0,121.0,9.976244905090704,9.0,11.0,1.0,11380.217370496519,10000.0,19000.0,1.0,16.5,16.705943570230318,19.0,1.0,17842.559147463573,10000.0,25000.0,1.0,17.997104643190237,17.0,20.0,1.0,0.0,211.0,1.0,2.0
11.0,22.0,11.0,21.0,-121.0,11.0,11.0,-111.0,9.992001208706373,9.0,11.0,30000.0,10000.0,19000.0,0.0,25.005180601756706,16.5,19.0,0.0,10000.0,36476.928415824,25000.0,0.0,26.303386624482815,17.0,20.0,0.0,121.0,9.997232015047054,9.0,11.0,1.0,11782.744045220923,10000.0,19000.0,1.0,16.5,16.853121649462054,19.0,1.0,18205.796618488923,10000.0,25000.0,1.0,18.140529043765042,17.0,20.0,1.0,0.0,111.0,1.0,26.0
11.0,22.0,11.0,21.0,-121.0,21.0,13.0,-111.0,10.219570134750997,9.0,11.0,30000.0,10000.0,19000.0,0.0,26.61697035251383,16.5,19.0,0.0,10000.0,37092.925672197896,25000.0,0.0,27.956383643452025,17.0,20.0,0.0,122.0,10.170906876951575,9.0,11.0,1.0,12785.15363404374,10000.0,19000.0,1.0,16.5,17.06093588897395,19.0,1.0,19772.47473425689,10000.0,25000.0,1.0,18.38040703278735,17.0,20.0,1.0,0.0,211.0,1.0,58.0
11.0,22.0,11.0,22.0,-121.0,21.0,13.0,-111.0,10.191426833697538,9.0,11.0,30000.0,10000.0,19000.0,0.0,25.51717685207418,16.5,19.0,0.0,10000.0,37046.85947514465,25000.0,0.0,26.847808847463085,17.0,20.0,0.0,122.0,10.194093406982047,9.0,11.0,1.0,14000.347182766965,10000.0,19000.0,1.0,16.5,17.3982771092121,19.0,1.0,20980.845391789553,10000.0,25000.0,1.0,18.71637835607849,17.0,20.0,1.0,0.0,211.0,1.0,47.0
81.0,21.0,81.0,23.0,-721.0,912.0,12.0,-711.0,14.762935205715829,12.0,17.0,30000.0,12500.0,23000.0,0.0,26.549286431030914,20.0,24.0,0.0,12500.0,34520.71667916896,26000.0,0.0,27.1151909553919,20.0,25.0,0.0,721.0,14.89473356273041,12.0,17.0,1.0,18689.897173818637,12500.0,23000.0,1.0,20.0,21.763756215700024,24.0,1.0,23194.580230193642,12500.0,26000.0,1.0,22.327653646866512,20.0,25.0,1.0,0.0,912.0,7.0,7.0
11.0,21.0,11.0,21.0,-121.0,21.0,13.0,-111.0,10.005309164318424,9.0,11.0,30000.0,10000.0,19000.0,0.0,26.679825994756115,16.5,19.0,0.0,10000.0,36543.88183571074,25000.0,0.0,27.991744510588738,17.0,20.0,0.0,121.0,9.993789035386653,9.0,11.0,1.0,11522.658843950961,10000.0,19000.0,1.0,16.5,16.78729666856472,19.0,1.0,17996.74183880273,10000.0,25000.0,1.0,18.085221901204665,17.0,20.0,1.0,0.0,211.0,1.0,34.0
91.0,24.0,91.0,24.0,-721.0,911.0,12.0,-711.0,15.320155425139259,12.0,17.0,30000.0,18000.0,36000.0,1.0,24.553630102945633,20.0,25.0,1.0,18000.0,34022.01625762165,36000.0,1.0,25.047287723934314,20.0,26.0,1.0,722.0,15.268995276042313,12.0,17.0,1.0,26227.437690695693,18000.0,36000.0,1.0,20.0,23.50758378399798,25.0,1.0,30232.17467057618,18000.0,36000.0,1.0,23.999120566433124,20.0,26.0,1.0,1.0,91121.0,7.0,8.0
11.0,22.0,11.0,22.0,-121.0,21.0,13.0,-111.0,9.9869647396185,9.0,11.0,30000.0,10000.0,19000.0,0.0,25.016591216111784,16.5,19.0,0.0,10000.0,36571.39055764839,25000.0,0.0,26.334244527319093,17.0,20.0,0.0,121.0,9.979611995270865,9.0,11.0,1.0,11969.874329731496,10000.0,19000.0,1.0,16.5,16.923018486408488,19.0,1.0,18407.456488370277,10000.0,25000.0,1.0,18.21384139110204,17.0,20.0,1.0,0.0,211.0,1.0,36.0
11.0,22.0,11.0,21.0,-121.0,11.0,11.0,-111.0,10.196822087274866,9.0,11.0,30000.0,10000.0,19000.0,0.0,23.236891843888372,16.5,19.0,0.0,10000.0,36991.54092263887,25000.0,0.0,24.553890397351875,17.0,20.0,0.0,122.0,10.197745594534753,9.0,11.0,1.0,10769.517758574602,10000.0,19000.0,1.0,16.5,16.680671862626493,19.0,1.0,17762.40326399228,10000.0,25000.0,1.0,17.997923695530723,17.0,20.0,1.0,0.0,111.0,1.0,54.0
11.0,21.0,11.0,22.0,-121.0,21.0,13.0,-111.0,10.218663154807464,9.0,11.0,30000.0,10000.0,19000.0,0.0,27.08472967663984,16.5,19.0,0.0,10000.0,36988.67601312196,25000.0,0.0,28.404816729841425,17.0,20.0,0.0,122.0,10.18540461457533,9.0,11.0,1.0,14554.943151676776,10000.0,19000.0,1.0,16.5,17.4791853121488,19.0,1.0,21548.46308650655,10000.0,25000.0,1.0,18.80018733097781,17.0,20.0,1.0,0.0,211.0,1.0,59.0
11.0,22.0,11.0,22.0,-121.0,21.0,13.0,-111.0,10.222573601182688,9.0,11.0,30000.0,10000.0,19000.0,0.0,25.756214808912503,16.5,19.0,0.0,10000.0,37005.86438105448,25000.0,0.0,27.077928443059953,17.0,20.0,0.0,122.0,10.182662998766498,9.0,11.0,1.0,14899.984202365353,10000.0,19000.0,1.0,16.5,17.523615329029337,19.0,1.0,21771.37489850373,10000.0,25000.0,1.0,18.819959402317416,17.0,20.0,1.0,0.0,211.0,1.0,28.0
91.0,24.0,91.0,21.0,-721.0,911.0,11.0,-711.0,14.296327917817306,12.0,17.0,30000.0,18000.0,36000.0,1.0,24.133331457263026,20.0,25.0,1.0,18000.0,34545.14700446318,36000.0,1.0,24.704552289237323,20.0,26.0,1.0,721.0,15.045218574394031,12.0,17.0,1.0,20036.06616854329,18000.0,36000.0,1.0,20.0,22.510346303578814,25.0,1.0,24592.618064484872,18000.0,36000.0,1.0,23.083000469082805,20.0,26.0,1.0,1.0,91121.0,7.0,2.0
11.0,22.0,11.0,21.0,-121.0,21.0,13.0,-111.0,10.190172750719105,9.0,11.0,30000.0,10000.0,19000.0,0.0,24.884226712676583,16.5,19.0,0.0,10000.0,37058.583052702095,25000.0,0.0,26.217855437131487,17.0,20.0,0.0,122.0,10.208231257408567,9.0,11.0,1.0,12818.50892038379,10000.0,19000.0,1.0,16.5,17.09173774962437,19.0,1.0,19723.95311278012,10000.0,25000.0,1.0,18.39643285079976,17.0,20.0,1.0,0.0,211.0,1.0,2.0
91.0,24.0,91.0,24.0,-721.0,911.0,11.0,-711.0,14.94765345986017,12.0,17.0,30000.0,18000.0,36000.0,1.0,23.737437397370538,20.0,25.0,1.0,18000.0,34489.01685374587,36000.0,1.0,24.29933283558167,20.0,26.0,1.0,721.0,15.571423540576093,12.0,17.0,1.0,23419.455200249748,18000.0,36000.0,1.0,20.0,23.550895679704475,25.0,1.0,27921.413341881933,18000.0,36000.0,1.0,24.11441099390735,20.0,26.0,1.0,1.0,91121.0,7.0,28.0
11.0,22.0,11.0,22.0,-121.0,11.0,11.0,-111.0,10.186313545031277,9.0,11.0,30000.0,10000.0,19000.0,0.0,25.09404618222266,16.5,19.0,0.0,10000.0,36948.99867909489,25000.0,0.0,26.40194723872811,17.0,20.0,0.0,122.0,10.17526007214807,9.0,11.0,1.0,16745.097895099098,10000.0,19000.0,1.0,16.5,17.86732837350572,19.0,1.0,23848.789454968042,10000.0,25000.0,1.0,19.20434484527336,17.0,20.0,1.0,0.0,111.0,1.0,27.0
11.0,22.0,11.0,22.0,-121.0,21.0,12.0,-111.0,10.200933001021216,9.0,11.0,30000.0,10000.0,19000.0,0.0,23.997247475876073,16.5,19.0,0.0,10000.0,37139.92417107465,25000.0,0.0,25.344877100513827,17.0,20.0,0.0,122.0,10.19760655612228,9.0,11.0,1.0,16304.343345475208,10000.0,19000.0,1.0,16.5,17.81554344485654,19.0,1.0,23219.58327917208,10000.0,25000.0,1.0,19.12076489719099,17.0,20.0,1.0,0.0,211.0,1.0,48.0
11.0,22.0,11.0,22.0,-121.0,11.0,12.0,-111.0,10.016218466872466,9.0,11.0,30000.0,10000.0,19000.0,0.0,23.887252318240762,16.5,19.0,0.0,10000.0,36581.28434091807,25000.0,0.0,25.20558844429628,17.0,20.0,0.0,121.0,9.98689300615713,9.0,11.0,1.0,14103.901960569267,10000.0,19000.0,1.0,16.5,17.331834008700007,19.0,1.0,20623.105582579487,10000.0,25000.0,1.0,18.637734377503875,17.0,20.0,1.0,0.0,111.0,1.0,49.0
11.0,22.0,11.0,22.0,-121.0,11.0,12.0,-111.0,10.192741554784327,9.0,11.0,30000.0,10000.0,19000.0,0.0,23.405494984060724,16.5,19.0,0.0,10000.0,37124.70109321864,25000.0,0.0,24.749729250711546,17.0,20.0,0.0,122.0,10.227018543687638,9.0,11.0,1.0,17486.583452562623,10000.0,19000.0,1.0,16.5,18.03987759867006,19.0,1.0,24464.46014194953,10000.0,25000.0,1.0,19.356410156543365,17.0,20.0,1.0,0.0,111.0,1.0,14.0
91.0,24.0,91.0,21.0,-721.0,911.0,11.0,-711.0,15.122974485073144,12.0,17.0,30000.0,18000.0,36000.0,1.0,24.73408316274353,20.0,25.0,1.0,18000.0,33958.92647539675,36000.0,1.0,25.21568945586497,20.0,26.0,1.0,722.0,15.284427778772132,12.0,17.0,1.0,26616.09204742843,18000.0,36000.0,1.0,20.0,23.479375140732195,25.0,1.0,30658.86982708491,18000.0,36000.0,1.0,23.97118200617264,20.0,26.0,1.0,1.0,91121.0,7.0,15.0
11.0,22.0,11.0,22.0,-121.0,11.0,11.0,-111.0,10.00891403425657,9.0,11.0,30000.0,10000.0,19000.0,0.0,24.218949662510653,16.5,19.0,0.0,10000.0,36495.767026852045,25000.0,0.0,25.517900447750716,17.0,20.0,0.0,121.0,9.999023387196777,9.0,11.0,1.0,17191.45377457515,10000.0,19000.0,1.0,16.5,17.9980174687979,19.0,1.0,23719.017299113115,10000.0,25000.0,1.0,19.303326561758404,17.0,20.0,1.0,0.0,111.0,1.0,30.0
11.0,22.0,11.0,22.0,-121.0,21.0,13.0,-111.0,10.204100721730928,9.0,11.0,30000.0,10000.0,19000.0,0.0,25.899974856046185,16.5,19.0,0.0,10000.0,37047.08033322928,25000.0,0.0,27.229831563225964,17.0,20.0,0.0,122.0,10.182544645881745,9.0,11.0,1.0,14842.197743264855,10000.0,19000.0,1.0,16.5,17.494253746746203,19.0,1.0,22000.214328201804,10000.0,25000.0,1.0,18.845045268264226,17.0,20.0,1.0,0.0,211.0,1.0,16.0
81.0,23.0,81.0,23.0,-721.0,912.0,12.0,-711.0,15.236961113950679,12.0,17.0,30000.0,12500.0,23000.0,0.0,26.76370246605463,20.0,24.0,0.0,12500.0,33972.64122123164,26000.0,0.0,27.248804517908304,20.0,25.0,0.0,722.0,15.215761771768612,12.0,17.0,1.0,18808.445825234307,12500.0,23000.0,1.0,20.0,22.150056365839273,24.0,1.0,22800.445406847073,12500.0,26000.0,1.0,22.637522280880795,20.0,25.0,1.0,0.0,912.0,7.0,5.0
92.0,24.0,92.0,24.0,-721.0,921.0,13.0,-711.0,15.062739231047939,12.0,17.0,30000.0,15000.0,28000.0,0.0,23.942827669134147,19.5,25.0,1.0,15000.0,33981.381371168914,28000.0,0.0,24.42996510705858,20.0,26.0,1.0,722.0,15.211731888616235,12.0,17.0,1.0,23134.14861784626,15000.0,28000.0,1.0,19.5,22.090033299553355,25.0,1.0,27183.293848533216,15000.0,28000.0,1.0,22.58546190826302,20.0,26.0,1.0,0.0,92122.0,7.0,22.0
11.0,21.0,11.0,21.0,-121.0,11.0,11.0,-111.0,10.194693009426555,9.0,11.0,30000.0,10000.0,19000.0,0.0,28.335086554015454,16.5,19.0,0.0,10000.0,37089.85801203904,25000.0,0.0,29.678836978143053,17.0,20.0,0.0,122.0,10.176975222103714,9.0,11.0,1.0,13084.940510579398,10000.0,19000.0,1.0,16.5,17.155233516471437,19.0,1.0,19973.944419659776,10000.0,25000.0,1.0,18.46091578950487,17.0,20.0,1.0,0.0,111.0,1.0,18.0
11.0,22.0,11.0,22.0,-121.0,11.0,11.0,-111.0,10.194327793273102,9.0,11.0,30000.0,10000.0,19000.0,0.0,25.66654020446988,16.5,19.0,0.0,10000.0,36927.571880074436,25000.0,0.0,26.97317695873676,17.0,20.0,0.0,122.0,10.19485721140579,9.0,11.0,1.0,17371.06287002184,10000.0,19000.0,1.0,16.5,17.993576336113957,19.0,1.0,24417.17147548726,10000.0,25000.0,1.0,19.32257077137031,17.0,20.0,1.0,0.0,111.0,1.0,17.0
11.0,22.0,11.0,21.0,-121.0,11.0,11.0,-111.0,10.202744430684158,9.0,11.0,30000.0,10000.0,19000.0,0.0,25.336673138144015,16.5,19.0,0.0,10000.0,37120.6786016274,25000.0,0.0,26.68428972775463,17.0,20.0,0.0,122.0,10.196683994928906,9.0,11.0,1.0,10419.482004070705,10000.0,19000.0,1.0,16.5,16.64885474454749,19.0,1.0,17394.648987132055,10000.0,25000.0,1.0,17.968932684805797,17.0,20.0,1.0,0.0,111.0,1.0,54.0
91.0,24.0,91.0,21.0,-721.0,911.0,11.0,-711.0,15.314520531956575,12.0,17.0,30000.0,18000.0,36000.0,1.0,24.667347548615233,20.0,25.0,1.0,18000.0,33936.49869261068,36000.0,1.0,25.14923631915899,20.0,26.0,1.0,722.0,15.184056330168865,12.0,17.0,1.0,22590.83569816278,18000.0,36000.0,1.0,20.0,22.915170090851053,25.0,1.0,26598.646662057843,18000.0,36000.0,1.0,23.40578859444373,20.0,26.0,1.0,1.0,91121.0,7.0,15.0
91.0,24.0,91.0,24.0,-721.0,911.0,12.0,-711.0,15.425502697036563,12.0,17.0,30000.0,18000.0,36000.0,1.0,25.043704232433164,20.0,25.0,0.0,18000.0,34433.23137343719,36000.0,1.0,25.595747000678085,20.0,26.0,1.0,721.0,14.888087560882127,12.0,17.0,1.0,29457.217082173294,18000.0,36000.0,1.0,20.0,23.645855721972225,25.0,1.0,33975.430056212004,18000.0,36000.0,1.0,24.208480721121457,20.0,26.0,1.0,0.0,91121.0,7.0,1.0
11.0,22.0,11.0,21.0,-121.0,21.0,13.0,-111.0,10.187500248364172,9.0,11.0,30000.0,10000.0,19000.0,0.0,24.818885788117115,16.5,19.0,0.0,10000.0,36951.16360052997,25000.0,0.0,26.128081574717378,17.0,20.0,0.0,122.0,10.18209718431684,9.0,11.0,1.0,12308.174556954798,10000.0,19000.0,1.0,16.5,16.997436640877023,19.0,1.0,19263.49271137045,10000.0,25000.0,1.0,18.307414904304895,17.0,20.0,1.0,0.0,211.0,1.0,58.0
11.0,22.0,11.0,22.0,-121.0,11.0,11.0,-111.0,10.195295911288689,9.0,11.0,30000.0,10000.0,19000.0,0.0,26.287971114973345,16.5,19.0,0.0,10000.0,37006.71604697831,25000.0,0.0,27.615436839823094,17.0,20.0,0.0,122.0,10.195411210022046,9.0,11.0,1.0,16854.05004791657,10000.0,19000.0,1.0,16.5,17.916997021539114,19.0,1.0,23879.947188147406,10000.0,25000.0,1.0,19.24809672323153,17.0,20.0,1.0,0.0,111.0,1.0,44.0
91.0,24.0,91.0,24.0,-721.0,911.0,12.0,-711.0,15.348935430372315,12.0,17.0,30000.0,18000.0,36000.0,1.0,25.395324425087583,20.0,25.0,0.0,18000.0,34026.373839304804,36000.0,1.0,25.88568279836749,20.0,26.0,1.0,722.0,15.211628113031603,12.0,17.0,1.0,26744.70226872919,18000.0,36000.0,1.0,20.0,23.52961894659417,25.0,1.0,30694.927016378853,18000.0,36000.0,1.0,24.010703381039527,20.0,26.0,1.0,0.0,91121.0,7.0,8.0
11.0,22.0,11.0,22.0,-121.0,11.0,12.0,-111.0,10.2271913182342,9.0,11.0,30000.0,10000.0,19000.0,0.0,24.09361997342375,16.5,19.0,0.0,10000.0,36835.80978758677,25000.0,0.0,25.383808550797944,17.0,20.0,0.0,122.0,10.206470266538869,9.0,11.0,1.0,13916.212835216591,10000.0,19000.0,1.0,16.5,17.38851670847673,19.0,1.0,20906.78002523951,10000.0,25000.0,1.0,18.707914149042203,17.0,20.0,1.0,0.0,111.0,1.0,42.0
11.0,21.0,11.0,21.0,-121.0,21.0,13.0,-111.0,10.001546961902472,9.0,11.0,30000.0,10000.0,19000.0,0.0,27.254278428462243,16.5,19.0,0.0,10000.0,36493.21507499176,25000.0,0.0,28.556856502334,17.0,20.0,0.0,121.0,9.997501871705623,9.0,11.0,1.0,13911.371710307938,10000.0,19000.0,1.0,16.5,17.296048045753977,19.0,1.0,20472.689478755936,10000.0,25000.0,1.0,18.612287930337867,17.0,20.0,1.0,0.0,211.0,1.0,34.0
11.0,21.0,11.0,22.0,-121.0,11.0,12.0,-111.0,10.203527379851574,9.0,11.0,30000.0,10000.0,19000.0,0.0,25.153311790432333,16.5,19.0,0.0,10000.0,37001.9101111168,25000.0,0.0,26.47711750993375,17.0,20.0,0.0,122.0,10.17877166964212,9.0,11.0,1.0,14789.860846379239,10000.0,19000.0,1.0,16.5,17.50451576457169,19.0,1.0,21638.921114807472,10000.0,25000.0,1.0,18.79942315593622,17.0,20.0,1.0,0.0,111.0,1.0,7.0
11.0,22.0,11.0,22.0,-121.0,21.0,13.0,-111.0,9.98334734958372,9.0,11.0,30000.0,10000.0,19000.0,0.0,25.27199682284614,16.5,19.0,0.0,10000.0,36516.78786784076,25000.0,0.0,26.580454658559784,17.0,20.0,0.0,121.0,9.997455766962966,9.0,11.0,1.0,16587.182874579936,10000.0,19000.0,1.0,16.5,17.87810224847062,19.0,1.0,23023.672873807533,10000.0,25000.0,1.0,19.170437666590086,17.0,20.0,1.0,0.0,211.0,1.0,41.0
81.0,23.0,81.0,23.0,-721.0,912.0,12.0,-711.0,14.728882832259707,12.0,17.0,30000.0,12500.0,23000.0,0.0,25.430603037460152,20.0,24.0,0.0,12500.0,34508.32714753458,26000.0,0.0,25.993860449661312,20.0,25.0,0.0,721.0,14.793799832122287,12.0,17.0,1.0,18638.102394433106,12500.0,23000.0,1.0,20.0,21.78809171366685,24.0,1.0,23165.678229347675,12500.0,26000.0,1.0,22.35375400144317,20.0,25.0,1.0,0.0,912.0,7.0,10.0
11.0,22.0,11.0,21.0,-121.0,21.0,13.0,-111.0,10.206093124023136,9.0,11.0,30000.0,10000.0,19000.0,0.0,25.227352070810653,16.5,19.0,0.0,10000.0,36924.707881262526,25000.0,0.0,26.535834206239013,17.0,20.0,0.0,122.0,10.17602100069535,9.0,11.0,1.0,13062.111313772999,10000.0,19000.0,1.0,16.5,17.117621916701175,19.0,1.0,20028.95588238314,10000.0,25000.0,1.0,18.434066135669504,17.0,20.0,1.0,0.0,211.0,1.0,58.0
91.0,24.0,91.0,24.0,-721.0,911.0,12.0,-711.0,15.130620263928718,12.0,17.0,30000.0,18000.0,36000.0,1.0,24.52321001592491,20.0,25.0,1.0,18000.0,34049.184754593276,36000.0,1.0,25.01647590165387,20.0,26.0,1.0,722.0,15.38582875030853,12.0,17.0,1.0,25736.348517947386,18000.0,36000.0,1.0,20.0,23.599732121994627,25.0,1.0,29730.06336964813,18000.0,36000.0,1.0,24.086240743622326,20.0,26.0,1.0,1.0,91121.0,7.0,27.0
11.0,22.0,11.0,22.0,-121.0,21.0,13.0,-111.0,10.199957458785935,9.0,11.0,30000.0,10000.0,19000.0,0.0,25.796597608773475,16.5,19.0,0.0,10000.0,37052.63438684372,25000.0,0.0,27.126497580973886,17.0,20.0,0.0,122.0,10.196484102529197,9.0,11.0,1.0,14462.330454051918,10000.0,19000.0,1.0,16.5,17.44413606958772,19.0,1.0,21538.626078837508,10000.0,25000.0,1.0,18.778497790115797,17.0,20.0,1.0,0.0,211.0,1.0,3.0
92.0,24.0,92.0,24.0,-721.0,921.0,13.0,-711.0,15.273403417136958,12.0,17.0,30000.0,15000.0,28000.0,0.0,24.46285470516156,19.5,25.0,1.0,15000.0,33957.876313509245,28000.0,0.0,24.943237208840067,20.0,26.0,1.0,722.0,15.353694602201369,12.0,17.0,1.0,23009.086646559157,15000.0,28000.0,1.0,19.5,22.22544362161068,25.0,1.0,26877.573761732587,15000.0,28000.0,1.0,22.694976618256383,20.0,26.0,1.0,0.0,92122.0,7.0,20.0
11.0,22.0,11.0,22.0,-121.0,11.0,12.0,-111.0,10.003594954197741,9.0,11.0,30000.0,10000.0,19000.0,0.0,23.451870928579662,16.5,19.0,0.0,10000.0,36487.32191997189,25000.0,0.0,24.74662440721499,17.0,20.0,0.0,121.0,10.000492597021228,9.0,11.0,1.0,16353.82562708023,10000.0,19000.0,1.0,16.5,17.82815494138434,19.0,1.0,22829.68083975439,10000.0,25000.0,1.0,19.120619870238208,17.0,20.0,1.0,0.0,111.0,1.0,14.0
91.0,24.0,91.0,24.0,-721.0,911.0,12.0,-711.0,14.310817487745563,12.0,17.0,30000.0,18000.0,36000.0,1.0,23.75567845797783,20.0,25.0,1.0,18000.0,34526.037183272376,36000.0,1.0,24.319785753216244,20.0,26.0,1.0,721.0,14.917527685859723,12.0,17.0,1.0,27895.702850281497,18000.0,36000.0,1.0,20.0,23.48861901881454,25.0,1.0,32420.64601503723,18000.0,36000.0,1.0,24.05258995993093,20.0,26.0,1.0,1.0,91121.0,7.0,27.0
11.0,22.0,11.0,22.0,-121.0,11.0,12.0,-111.0,10.015507876091133,9.0,11.0,30000.0,10000.0,19000.0,0.0,23.99275263545707,16.5,19.0,0.0,10000.0,36518.32768278455,25000.0,0.0,25.29739235826822,17.0,20.0,0.0,121.0,10.017349413713989,9.0,11.0,1.0,15462.003050831025,10000.0,19000.0,1.0,16.5,17.62926323394751,19.0,1.0,21908.479383059694,10000.0,25000.0,1.0,18.91952194821863,17.0,20.0,1.0,0.0,111.0,1.0,40.0
11.0,22.0,11.0,22.0,-121.0,21.0,13.0,-111.0,10.179357178767052,9.0,11.0,30000.0,10000.0,19000.0,0.0,24.63211336871505,16.5,19.0,0.0,10000.0,36792.310868779,25000.0,0.0,25.91218793101563,17.0,20.0,0.0,122.0,10.195946100796535,9.0,11.0,1.0,15669.495344554403,10000.0,19000.0,1.0,16.5,17.669502457130278,19.0,1.0,22741.1609963131,10000.0,25000.0,1.0,19.00222404316957,17.0,20.0,1.0,0.0,211.0,1.0,13.0
11.0,22.0,11.0,22.0,-121.0,21.0,13.0,-111.0,9.993771854908722,9.0,11.0,30000.0,10000.0,19000.0,0.0,25.770796826301435,16.5,19.0,0.0,10000.0,36453.033247335574,25000.0,0.0,27.06163530306599,17.0,20.0,0.0,121.0,9.996647026647043,9.0,11.0,1.0,14501.176489167461,10000.0,19000.0,1.0,16.5,17.447613616170084,19.0,1.0,21069.646243185438,10000.0,25000.0,1.0,18.761543541364794,17.0,20.0,1.0,0.0,211.0,1.0,16.0
11.0,21.0,11.0,22.0,-121.0,11.0,12.0,-111.0,10.198408905379052,9.0,11.0,30000.0,10000.0,19000.0,0.0,25.124056338782005,16.5,19.0,0.0,10000.0,36975.85130642907,25000.0,0.0,26.439414038637427,17.0,20.0,0.0,122.0,10.199688797922263,9.0,11.0,1.0,15611.907323658766,10000.0,19000.0,1.0,16.5,17.6731452967773,19.0,1.0,22660.075082249256,10000.0,25000.0,1.0,19.00213889539236,17.0,20.0,1.0,0.0,111.0,1.0,51.0
11.0,21.0,11.0,22.0,-121.0,21.0,13.0,-111.0,10.220429456542243,9.0,11.0,30000.0,10000.0,19000.0,0.0,26.683574780030483,16.5,19.0,0.0,10000.0,36880.10806410817,25000.0,0.0,27.985936503732248,17.0,20.0,0.0,122.0,10.187131018448095,9.0,11.0,1.0,15998.492255737641,10000.0,19000.0,1.0,16.5,17.757738132086033,19.0,1.0,23139.74115056156,10000.0,25000.0,1.0,19.109532193078266,17.0,20.0,1.0,0.0,211.0,1.0,24.0
91.0,24.0,91.0,21.0,-721.0,911.0,11.0,-711.0,13.892113755982676,12.0,17.0,30000.0,18000.0,36000.0,1.0,22.92999692661698,20.0,25.0,1.0,18000.0,34455.334051358805,36000.0,1.0,23.488338705847788,20.0,26.0,1.0,721.0,14.786170811094197,12.0,17.0,1.0,24755.645173842877,18000.0,36000.0,1.0,20.0,22.853570179351614,25.0,1.0,29280.232496278797,18000.0,36000.0,1.0,23.420590767880448,20.0,26.0,1.0,1.0,91121.0,7.0,3.0
11.0,22.0,11.0,21.0,-121.0,21.0,13.0,-111.0,9.9900757076439,9.0,11.0,30000.0,10000.0,19000.0,0.0,25.82998529041989,16.5,19.0,0.0,10000.0,36556.52064785493,25000.0,0.0,27.133272162708362,17.0,20.0,0.0,121.0,10.005956860798218,9.0,11.0,1.0,11382.197231688166,10000.0,19000.0,1.0,16.5,16.723010567357022,19.0,1.0,17914.10309705757,10000.0,25000.0,1.0,18.02140458189355,17.0,20.0,1.0,0.0,211.0,1.0,20.0
11.0,22.0,11.0,22.0,-121.0,21.0,13.0,-111.0,10.176922222946256,9.0,11.0,30000.0,10000.0,19000.0,0.0,25.689543761439488,16.5,19.0,0.0,10000.0,37033.41562588723,25000.0,0.0,27.01618670167801,17.0,20.0,0.0,122.0,10.193468617720098,9.0,11.0,1.0,12363.730631182612,10000.0,19000.0,1.0,16.5,17.027546849255128,19.0,1.0,19516.467286639607,10000.0,25000.0,1.0,18.37669612353114,17.0,20.0,1.0,0.0,211.0,1.0,5.0
11.0,22.0,11.0,22.0,-121.0,21.0,13.0,-111.0,9.997387879310304,9.0,11.0,30000.0,10000.0,19000.0,0.0,25.55903028920015,16.5,19.0,0.0,10000.0,36562.408663518756,25000.0,0.0,26.87084480993724,17.0,20.0,0.0,121.0,9.996471577752045,9.0,11.0,1.0,11929.292311530971,10000.0,19000.0,1.0,16.5,16.890105956042145,19.0,1.0,18457.56468615917,10000.0,25000.0,1.0,18.1950966896994,17.0,20.0,1.0,0.0,211.0,1.0,36.0
11.0,22.0,11.0,22.0,-121.0,21.0,12.0,-111.0,10.199043283091157,9.0,11.0,30000.0,10000.0,19000.0,0.0,24.701189026883373,16.5,19.0,0.0,10000.0,36903.9275309906,25000.0,0.0,25.99856211929545,17.0,20.0,0.0,122.0,10.181747699582063,9.0,11.0,1.0,15098.756783535553,10000.0,19000.0,1.0,16.5,17.589320552583185,19.0,1.0,22200.209444665186,10000.0,25000.0,1.0,18.923812196394774,17.0,20.0,1.0,0.0,211.0,1.0,25.0
92.0,24.0,92.0,24.0,-721.0,921.0,13.0,-711.0,15.049273805969909,12.0,17.0,30000.0,15000.0,28000.0,0.0,24.869023225720603,19.5,25.0,1.0,15000.0,34508.8921300971,28000.0,0.0,25.4330105683556,20.0,26.0,1.0,721.0,15.282641441853364,12.0,17.0,1.0,21593.4503288036,15000.0,28000.0,1.0,19.5,21.970057356853975,25.0,1.0,26116.376622782394,15000.0,28000.0,1.0,22.53580013975353,20.0,26.0,1.0,0.0,92122.0,7.0,20.0
91.0,24.0,91.0,24.0,-721.0,911.0,11.0,-711.0,15.147370871602785,12.0,17.0,30000.0,18000.0,36000.0,1.0,25.384818155105712,20.0,25.0,0.0,18000.0,34054.95463982342,36000.0,1.0,25.87956609619508,20.0,26.0,1.0,722.0,15.243447221388694,12.0,17.0,1.0,26216.100167899906,18000.0,36000.0,1.0,20.0,23.455355229784058,25.0,1.0,30284.771711024383,18000.0,36000.0,1.0,23.951776780141373,20.0,26.0,1.0,0.0,91121.0,7.0,0.0
91.0,24.0,91.0,21.0,-721.0,911.0,12.0,-711.0,15.188192531610168,12.0,17.0,30000.0,18000.0,36000.0,1.0,25.573798498452888,20.0,25.0,0.0,18000.0,33978.92114755713,36000.0,1.0,26.05830117215431,20.0,26.0,0.0,722.0,15.330217776400964,12.0,17.0,1.0,26079.831446287975,18000.0,36000.0,1.0,20.0,23.428527614039428,25.0,1.0,30106.537555656392,18000.0,36000.0,1.0,23.918848935786816,20.0,26.0,1.0,0.0,91121.0,7.0,29.0
11.0,22.0,11.0,22.0,-121.0,11.0,11.0,-111.0,9.99512217201205,9.0,11.0,30000.0,10000.0,19000.0,0.0,22.989709584369166,16.5,19.0,0.0,10000.0,36576.618666907256,25000.0,0.0,24.299854241609268,17.0,20.0,0.0,121.0,9.997010718216583,9.0,11.0,1.0,13996.680326714604,10000.0,19000.0,1.0,16.5,17.364599486281108,19.0,1.0,20471.052179116494,10000.0,25000.0,1.0,18.654375299814628,17.0,20.0,1.0,0.0,111.0,1.0,11.0
11.0,22.0,11.0,22.0,-121.0,11.0,12.0,-111.0,10.01288274066384,9.0,11.0,30000.0,10000.0,19000.0,0.0,25.10755100100372,16.5,19.0,0.0,10000.0,36393.107019679475,25000.0,0.0,26.38676928053281,17.0,20.0,0.0,121.0,9.99364730885321,9.0,11.0,1.0,17735.889187846642,10000.0,19000.0,1.0,16.5,18.077400252768143,19.0,1.0,24218.159579263236,10000.0,25000.0,1.0,19.37445953114794,17.0,20.0,1.0,0.0,111.0,1.0,40.0
11.0,22.0,11.0,22.0,-121.0,21.0,13.0,-111.0,10.014516330788425,9.0,11.0,30000.0,10000.0,19000.0,0.0,25.63242909094754,16.5,19.0,0.0,10000.0,36542.82007595727,25000.0,0.0,26.94254087927782,17.0,20.0,0.0,121.0,10.000005235129839,9.0,11.0,1.0,15140.941815206326,10000.0,19000.0,1.0,16.5,17.543966576007744,19.0,1.0,21639.965739875657,10000.0,25000.0,1.0,18.845308773638646,17.0,20.0,1.0,0.0,211.0,1.0,8.0
11.0,21.0,11.0,21.0,-121.0,11.0,11.0,-111.0,10.021951864611381,9.0,11.0,30000.0,10000.0,19000.0,0.0,24.25879330373095,16.5,19.0,0.0,10000.0,36554.83225234286,25000.0,0.0,25.576488600774024,17.0,20.0,0.0,121.0,9.995599169706217,9.0,11.0,1.0,12814.934259149903,10000.0,19000.0,1.0,16.5,17.030174703560203,19.0,1.0,19447.481059391743,10000.0,25000.0,1.0,18.3634926878569,17.0,20.0,1.0,0.0,111.0,1.0,56.0
11.0,22.0,11.0,21.0,-121.0,21.0,13.0,-111.0,10.005739496073609,9.0,11.0,30000.0,10000.0,19000.0,0.0,25.741303794909626,16.5,19.0,0.0,10000.0,36531.07889747506,25000.0,0.0,27.047095327972734,17.0,20.0,0.0,121.0,9.992934388012321,9.0,11.0,1.0,13758.766904461741,10000.0,19000.0,1.0,16.5,17.230485810701524,19.0,1.0,20249.747407528645,10000.0,25000.0,1.0,18.528260269598242,17.0,20.0,1.0,0.0,211.0,1.0,33.0
81.0,21.0,81.0,23.0,-721.0,912.0,12.0,-711.0,15.124742902196026,12.0,17.0,30000.0,12500.0,23000.0,0.0,28.049491095869776,20.0,24.0,0.0,12500.0,34018.49058517566,26000.0,0.0,28.539420742300507,20.0,25.0,0.0,722.0,15.07031505109951,12.0,17.0,1.0,18408.949094645184,12500.0,23000.0,1.0,20.0,21.941308592107134,24.0,1.0,22486.34447838742,12500.0,26000.0,1.0,22.438419842307514,20.0,25.0,1.0,0.0,912.0,7.0,7.0
11.0,22.0,11.0,22.0,-121.0,21.0,13.0,-111.0,9.983445249366824,9.0,11.0,30000.0,10000.0,19000.0,0.0,25.880666308167655,16.5,19.0,0.0,10000.0,36513.95426862341,25000.0,0.0,27.176253449197397,17.0,20.0,0.0,121.0,10.006545449024452,9.0,11.0,1.0,15519.58540332813,10000.0,19000.0,1.0,16.5,17.62271562782072,19.0,1.0,22006.39238605807,10000.0,25000.0,1.0,18.912903333566298,17.0,20.0,1.0,0.0,211.0,1.0,16.0
11.0,22.0,11.0,22.0,-121.0,21.0,12.0,-111.0,10.003475128881144,9.0,11.0,30000.0,10000.0,19000.0,0.0,24.193155276477697,16.5,19.0,0.0,10000.0,36457.80664023806,25000.0,0.0,25.49121099404664,17.0,20.0,0.0,121.0,9.994137773304226,9.0,11.0,1.0,15492.228801503636,10000.0,19000.0,1.0,16.5,17.63511130185293,19.0,1.0,22031.463640131027,10000.0,25000.0,1.0,18.94953454858139,17.0,20.0,1.0,0.0,211.0,1.0,23.0
11.0,22.0,11.0,22.0,-121.0,21.0,13.0,-111.0,9.999756528993991,9.0,11.0,30000.0,10000.0,19000.0,0.0,27.20172493020318,16.5,19.0,0.0,10000.0,36491.7353688707,25000.0,0.0,28.495574792450647,17.0,20.0,0.0,121.0,9.995125356561028,9.0,11.0,1.0,13370.031365623701,10000.0,19000.0,1.0,16.5,17.160719339002664,19.0,1.0,19851.473490104385,10000.0,25000.0,1.0,18.452517683115246,17.0,20.0,1.0,0.0,211.0,1.0,36.0
11.0,22.0,11.0,22.0,-121.0,21.0,12.0,-111.0,10.210266227702979,9.0,11.0,30000.0,10000.0,19000.0,0.0,23.311898218998437,16.5,19.0,0.0,10000.0,37039.0767403268,25000.0,0.0,24.636068372462006,17.0,20.0,0.0,122.0,10.191109922182987,9.0,11.0,1.0,13993.128561656718,10000.0,19000.0,1.0,16.5,17.352606343868473,19.0,1.0,20968.00755298558,10000.0,25000.0,1.0,18.66469980797652,17.0,20.0,1.0,0.0,211.0,1.0,48.0
11.0,21.0,11.0,21.0,-121.0,21.0,12.0,-111.0,10.223758253395482,9.0,11.0,30000.0,10000.0,19000.0,0.0,25.181879207886755,16.5,19.0,0.0,10000.0,36948.669304782525,25000.0,0.0,26.491646713813836,17.0,20.0,0.0,122.0,10.190004768562202,9.0,11.0,1.0,12316.40596791168,10000.0,19000.0,1.0,16.5,16.95359937083317,19.0,1.0,19063.568787997836,10000.0,25000.0,1.0,18.225384547437535,17.0,20.0,1.0,0.0,211.0,1.0,6.0
11.0,22.0,11.0,22.0,-121.0,21.0,13.0,-111.0,9.98284880495013,9.0,11.0,30000.0,10000.0,19000.0,0.0,26.997778034328704,16.5,19.0,0.0,10000.0,36432.04153995603,25000.0,0.0,28.28630047058523,17.0,20.0,0.0,121.0,10.017676485125108,9.0,11.0,1.0,13304.539368042431,10000.0,19000.0,1.0,16.5,17.203995107876402,19.0,1.0,19773.106271852113,10000.0,25000.0,1.0,18.499834622314946,17.0,20.0,1.0,0.0,211.0,1.0,28.0
11.0,22.0,11.0,21.0,-121.0,11.0,12.0,-111.0,10.198223544478676,9.0,11.0,30000.0,10000.0,19000.0,0.0,24.106356610486223,16.5,19.0,0.0,10000.0,37043.817537495124,25000.0,0.0,25.433890447646288,17.0,20.0,0.0,122.0,10.206624046981345,9.0,11.0,1.0,13923.049908878158,10000.0,19000.0,1.0,16.5,17.32928245064652,19.0,1.0,20786.44520538352,10000.0,25000.0,1.0,18.62281247827927,17.0,20.0,1.0,0.0,111.0,1.0,45.0
11.0,22.0,11.0,22.0,-121.0,21.0,12.0,-111.0,10.01182854421298,9.0,11.0,30000.0,10000.0,19000.0,0.0,23.41203015499208,16.5,19.0,0.0,10000.0,36495.05000401744,25000.0,0.0,24.70632977160032,17.0,20.0,0.0,121.0,9.976617706476535,9.0,11.0,1.0,15504.6773540577,10000.0,19000.0,1.0,16.5,17.590617213142266,19.0,1.0,22061.984236053813,10000.0,25000.0,1.0,18.897323054991137,17.0,20.0,1.0,0.0,211.0,1.0,23.0
91.0,24.0,91.0,21.0,-721.0,911.0,11.0,-711.0,15.096849180551802,12.0,17.0,30000.0,18000.0,36000.0,1.0,25.00407250545267,20.0,25.0,0.0,18000.0,33992.52011283612,36000.0,1.0,25.489692173026135,20.0,26.0,1.0,722.0,15.368599359900063,12.0,17.0,1.0,26831.00870991377,18000.0,36000.0,1.0,20.0,23.555054554747265,25.0,1.0,30873.33045113537,18000.0,36000.0,1.0,24.046731712211244,20.0,26.0,1.0,0.0,91121.0,7.0,21.0
81.0,21.0,81.0,21.0,-721.0,912.0,12.0,-711.0,15.392058397683115,12.0,17.0,30000.0,12500.0,23000.0,0.0,27.027922743405995,20.0,24.0,0.0,12500.0,34511.44847937302,26000.0,0.0,27.589235106814915,20.0,25.0,0.0,721.0,15.111956316001654,12.0,17.0,1.0,15455.190533072962,12500.0,23000.0,1.0,20.0,21.405756764338623,24.0,1.0,19909.720039748463,12500.0,26000.0,1.0,21.95998729510915,20.0,25.0,1.0,0.0,912.0,7.0,6.0
81.0,23.0,81.0,23.0,-721.0,912.0,12.0,-711.0,14.691480345680123,12.0,17.0,30000.0,12500.0,23000.0,0.0,25.349161606864257,20.0,24.0,0.0,12500.0,34484.458296018485,26000.0,0.0,25.91126775986672,20.0,25.0,0.0,721.0,15.68254543840818,12.0,17.0,1.0,18063.83245927472,12500.0,23000.0,1.0,20.0,22.510212780831203,24.0,1.0,22621.236521215196,12500.0,26000.0,1.0,23.08146234896959,20.0,25.0,1.0,0.0,912.0,7.0,10.0
91.0,24.0,91.0,21.0,-721.0,911.0,11.0,-711.0,15.143173803512544,12.0,17.0,30000.0,18000.0,36000.0,1.0,25.42682077986808,20.0,25.0,0.0,18000.0,34001.96608830752,36000.0,1.0,25.91530574243588,20.0,26.0,1.0,722.0,15.088393275576557,12.0,17.0,1.0,23483.930210709303,18000.0,36000.0,1.0,20.0,22.925870059642794,25.0,1.0,27527.077846830423,18000.0,36000.0,1.0,23.41938169320138,20.0,26.0,1.0,0.0,91121.0,7.0,2.0
11.0,22.0,11.0,22.0,-121.0,21.0,13.0,-111.0,10.014268250694142,9.0,11.0,30000.0,10000.0,19000.0,0.0,25.31748405915711,16.5,19.0,0.0,10000.0,36460.48477969343,25000.0,0.0,26.606106545881666,17.0,20.0,0.0,121.0,10.01300349283828,9.0,11.0,1.0,16763.736579073444,10000.0,19000.0,1.0,16.5,17.932241039182244,19.0,1.0,23230.381700865637,10000.0,25000.0,1.0,19.222092281275025,17.0,20.0,1.0,0.0,211.0,1.0,4.0
92.0,24.0,92.0,24.0,-721.0,921.0,13.0,-711.0,14.312817620613933,12.0,17.0,30000.0,15000.0,28000.0,0.0,23.47107622116366,19.5,25.0,1.0,15000.0,34492.90943409723,28000.0,0.0,24.032207559097323,20.0,26.0,1.0,721.0,15.45528958460283,12.0,17.0,1.0,21181.36545892744,15000.0,28000.0,1.0,19.5,22.179524673955427,25.0,1.0,25631.71746834144,15000.0,28000.0,1.0,22.735340902603717,20.0,26.0,1.0,0.0,92122.0,7.0,20.0
81.0,23.0,81.0,21.0,-721.0,912.0,12.0,-711.0,15.264145446650089,12.0,17.0,30000.0,12500.0,23000.0,0.0,26.21520046978679,20.0,24.0,0.0,12500.0,34035.19684836462,26000.0,0.0,26.70514561655041,20.0,25.0,0.0,722.0,15.000073277445278,12.0,17.0,1.0,14790.250214880385,12500.0,23000.0,1.0,20.0,21.230197277917544,24.0,1.0,18809.626641622155,12500.0,26000.0,1.0,21.718221542234744,20.0,25.0,1.0,0.0,912.0,7.0,11.0
92.0,24.0,92.0,24.0,-721.0,921.0,13.0,-711.0,15.55449379043617,12.0,17.0,30000.0,15000.0,28000.0,0.0,24.365067828123642,19.5,25.0,1.0,15000.0,34473.12575075296,28000.0,0.0,24.92254228807401,20.0,26.0,1.0,721.0,15.87670444868392,12.0,17.0,1.0,21144.41695877896,15000.0,28000.0,1.0,19.5,22.56329928946826,25.0,1.0,25689.03586141943,15000.0,28000.0,1.0,23.129683761893002,20.0,26.0,1.0,0.0,92122.0,7.0,20.0
11.0,22.0,11.0,22.0,-121.0,21.0,13.0,-111.0,10.200394452111126,9.0,11.0,30000.0,10000.0,19000.0,0.0,25.353257472160266,16.5,19.0,0.0,10000.0,37095.481995144,25000.0,0.0,26.689976235517726,17.0,20.0,0.0,122.0,10.201110796807184,9.0,11.0,1.0,16143.836086452922,10000.0,19000.0,1.0,16.5,17.75193270063202,19.0,1.0,23115.271275541665,10000.0,25000.0,1.0,19.065282270282538,17.0,20.0,1.0,0.0,211.0,1.0,19.0
11.0,21.0,11.0,22.0,-121.0,21.0,12.0,-111.0,10.218528239495418,9.0,11.0,30000.0,10000.0,19000.0,0.0,24.64738142062798,16.5,19.0,0.0,10000.0,36944.824029899224,25000.0,0.0,25.953908932433418,17.0,20.0,0.0,122.0,10.16785294583841,9.0,11.0,1.0,16447.866063519363,10000.0,19000.0,1.0,16.5,17.787589102662725,19.0,1.0,23283.48357978957,10000.0,25000.0,1.0,19.073571628171837,17.0,20.0,1.0,0.0,211.0,1.0,37.0
11.0,21.0,11.0,21.0,-121.0,21.0,13.0,-111.0,10.210259857170614,9.0,11.0,30000.0,10000.0,19000.0,0.0,26.811326709661863,16.5,19.0,0.0,10000.0,37036.43487105706,25000.0,0.0,28.135821822757002,17.0,20.0,0.0,122.0,10.189293055685553,9.0,11.0,1.0,10408.097929886237,10000.0,19000.0,1.0,16.5,16.643044423246295,19.0,1.0,17432.394501201612,10000.0,25000.0,1.0,17.96525469764346,17.0,20.0,1.0,0.0,211.0,1.0,34.0
11.0,21.0,11.0,22.0,-121.0,21.0,13.0,-111.0,10.207624405698962,9.0,11.0,30000.0,10000.0,19000.0,0.0,26.651466592236197,16.5,19.0,0.0,10000.0,36916.26793966004,25000.0,0.0,27.95335744196842,17.0,20.0,0.0,122.0,10.17975467395289,9.0,11.0,1.0,14759.458256965057,10000.0,19000.0,1.0,16.5,17.482577093548223,19.0,1.0,21795.36394019485,10000.0,25000.0,1.0,18.806988077693244,17.0,20.0,1.0,0.0,211.0,1.0,24.0
11.0,22.0,11.0,22.0,-121.0,21.0,13.0,-111.0,10.001623004548362,9.0,11.0,30000.0,10000.0,19000.0,0.0,26.060978345700534,16.5,19.0,0.0,10000.0,36423.90833369297,25000.0,0.0,27.34746892739023,17.0,20.0,0.0,121.0,9.99594984414838,9.0,11.0,1.0,15115.666516301413,10000.0,19000.0,1.0,16.5,17.532573462663578,19.0,1.0,21647.93905988928,10000.0,25000.0,1.0,18.840765713832404,17.0,20.0,1.0,0.0,211.0,1.0,4.0
11.0,22.0,11.0,21.0,-121.0,21.0,13.0,-111.0,10.181902134034077,9.0,11.0,30000.0,10000.0,19000.0,0.0,25.647282181012713,16.5,19.0,0.0,10000.0,36962.204515506855,25000.0,0.0,26.96112730876161,17.0,20.0,0.0,122.0,10.183260830922586,9.0,11.0,1.0,11374.741429460004,10000.0,19000.0,1.0,16.5,16.786090647019172,19.0,1.0,18170.80361664081,10000.0,25000.0,1.0,18.068582876688467,17.0,20.0,1.0,0.0,211.0,1.0,20.0
81.0,23.0,81.0,23.0,-721.0,912.0,11.0,-711.0,15.221328035429703,12.0,17.0,30000.0,12500.0,23000.0,0.0,27.090098162288115,20.0,24.0,0.0,12500.0,33824.60462461989,26000.0,0.0,27.557245998870386,20.0,25.0,0.0,722.0,15.342937252449032,12.0,17.0,1.0,18169.383457626413,12500.0,23000.0,1.0,20.0,22.12531744618834,24.0,1.0,22236.90363736763,12500.0,26000.0,1.0,22.622135663681785,20.0,25.0,1.0,0.0,912.0,7.0,17.0
11.0,21.0,11.0,22.0,-121.0,11.0,12.0,-111.0,9.994037404871456,9.0,11.0,30000.0,10000.0,19000.0,0.0,25.23655059839514,16.5,19.0,0.0,10000.0,36477.80132627745,25000.0,0.0,26.531795400483478,17.0,20.0,0.0,121.0,10.006751349980492,9.0,11.0,1.0,15796.146110313257,10000.0,19000.0,1.0,16.5,17.704887409959646,19.0,1.0,22238.401425818352,10000.0,25000.0,1.0,18.993024740952645,17.0,20.0,1.0,0.0,111.0,1.0,51.0
81.0,21.0,81.0,21.0,-721.0,912.0,12.0,-711.0,15.981166399400953,12.0,17.0,30000.0,12500.0,23000.0,0.0,27.330481706043614,20.0,24.0,0.0,12500.0,34472.207076135994,26000.0,0.0,27.89105021455839,20.0,25.0,0.0,721.0,14.763213428013838,12.0,17.0,1.0,15594.736584551236,12500.0,23000.0,1.0,20.0,21.094193094973797,24.0,1.0,20069.74251925299,12500.0,26000.0,1.0,21.655112426235608,20.0,25.0,1.0,0.0,912.0,7.0,6.0
11.0,21.0,11.0,22.0,-121.0,11.0,11.0,-111.0,9.984927306081547,9.0,11.0,30000.0,10000.0,19000.0,0.0,25.711481283182312,16.5,19.0,0.0,10000.0,36475.84632443101,25000.0,0.0,27.003877586765924,17.0,20.0,0.0,121.0,9.990687439841743,9.0,11.0,1.0,13814.400096211912,10000.0,19000.0,1.0,16.5,17.305603004956804,19.0,1.0,20222.82864602786,10000.0,25000.0,1.0,18.58454462194916,17.0,20.0,1.0,0.0,111.0,1.0,29.0
92.0,24.0,92.0,24.0,-721.0,921.0,13.0,-711.0,15.480926838975972,12.0,17.0,30000.0,15000.0,28000.0,0.0,24.985669542270493,19.5,25.0,1.0,15000.0,33954.922685863356,28000.0,0.0,25.46791146924712,20.0,26.0,1.0,722.0,15.082614802901043,12.0,17.0,1.0,23063.913117674383,15000.0,28000.0,1.0,19.5,21.87679181356324,25.0,1.0,27142.869005597502,15000.0,28000.0,1.0,22.374157679772406,20.0,26.0,1.0,0.0,92122.0,7.0,20.0
11.0,22.0,11.0,21.0,-121.0,11.0,11.0,-111.0,10.194111101594318,9.0,11.0,30000.0,10000.0,19000.0,0.0,23.739154613700535,16.5,19.0,0.0,10000.0,37170.63413177425,25000.0,0.0,25.091618981117033,17.0,20.0,0.0,122.0,10.204826427322468,9.0,11.0,1.0,15604.412377500394,10000.0,19000.0,1.0,16.5,17.645873078544916,19.0,1.0,22523.814136367488,10000.0,25000.0,1.0,18.95095212047217,17.0,20.0,1.0,0.0,111.0,1.0,54.0
11.0,22.0,11.0,22.0,-121.0,21.0,13.0,-111.0,10.00419138924413,9.0,11.0,30000.0,10000.0,19000.0,0.0,25.367693212391025,16.5,19.0,0.0,10000.0,36524.95074604139,25000.0,0.0,26.67040855264182,17.0,20.0,0.0,121.0,10.020336240186719,9.0,11.0,1.0,13844.507632294197,10000.0,19000.0,1.0,16.5,17.270368663630947,19.0,1.0,20382.942620065976,10000.0,25000.0,1.0,18.575776151184847,17.0,20.0,1.0,0.0,211.0,1.0,47.0
11.0,21.0,11.0,22.0,-121.0,21.0,13.0,-111.0,9.992530259286852,9.0,11.0,30000.0,10000.0,19000.0,0.0,27.77730159347961,16.5,19.0,0.0,10000.0,36558.45381338909,25000.0,0.0,29.0863849149978,17.0,20.0,0.0,121.0,10.000967930779455,9.0,11.0,1.0,15423.854717760389,10000.0,19000.0,1.0,16.5,17.64061782836975,19.0,1.0,21984.835985047215,10000.0,25000.0,1.0,18.950205635828922,17.0,20.0,1.0,0.0,211.0,1.0,9.0
91.0,21.0,91.0,24.0,-721.0,911.0,12.0,-711.0,15.550302904617688,12.0,17.0,30000.0,18000.0,36000.0,1.0,25.79656013201835,20.0,25.0,0.0,18000.0,34571.00590019557,36000.0,1.0,26.368723385036468,20.0,26.0,0.0,721.0,16.47250241507829,12.0,17.0,1.0,24619.638227196338,18000.0,36000.0,1.0,20.0,24.58036681229232,25.0,1.0,29128.278508895164,18000.0,36000.0,1.0,25.14472361834128,20.0,26.0,1.0,0.0,91121.0,7.0,26.0
91.0,21.0,91.0,24.0,-721.0,911.0,12.0,-711.0,14.909069888531079,12.0,17.0,30000.0,18000.0,36000.0,1.0,24.745539345174087,20.0,25.0,1.0,18000.0,34450.15014134941,36000.0,1.0,25.303083708564905,20.0,26.0,1.0,721.0,14.30211490164296,12.0,17.0,1.0,28591.170754778595,18000.0,36000.0,1.0,20.0,22.854178630245514,25.0,1.0,33107.27320444697,18000.0,36000.0,1.0,23.4199859368153,20.0,26.0,1.0,1.0,91121.0,7.0,26.0
11.0,22.0,11.0,21.0,-121.0,11.0,11.0,-111.0,10.199291828237051,9.0,11.0,30000.0,10000.0,19000.0,0.0,26.488058330251526,16.5,19.0,0.0,10000.0,36967.62868557052,25000.0,0.0,27.80157592649346,17.0,20.0,0.0,122.0,10.231540159727166,9.0,11.0,1.0,13862.796145708115,10000.0,19000.0,1.0,16.5,17.33429335170722,19.0,1.0,20893.224687253733,10000.0,25000.0,1.0,18.659649798666845,17.0,20.0,1.0,0.0,111.0,1.0,54.0
11.0,22.0,11.0,22.0,-121.0,21.0,13.0,-111.0,10.216649114549126,9.0,11.0,30000.0,10000.0,19000.0,0.0,26.080372950012457,16.5,19.0,0.0,10000.0,37008.180171950895,25000.0,0.0,27.400601301360908,17.0,20.0,0.0,122.0,10.187523368871403,9.0,11.0,1.0,14974.949402154853,10000.0,19000.0,1.0,16.5,17.591318171293075,19.0,1.0,22079.450636295314,10000.0,25000.0,1.0,18.929691860520197,17.0,20.0,1.0,0.0,211.0,1.0,31.0
81.0,23.0,81.0,23.0,-721.0,912.0,12.0,-711.0,14.87134944899255,12.0,17.0,30000.0,12500.0,23000.0,0.0,26.34623906086687,20.0,24.0,0.0,12500.0,34520.27828116884,26000.0,0.0,26.913388164423658,20.0,25.0,0.0,721.0,15.205229716241243,12.0,17.0,1.0,16319.756790294163,12500.0,23000.0,1.0,20.0,21.817275236344937,24.0,1.0,20825.627626506895,12500.0,26000.0,1.0,22.38261667033292,20.0,25.0,1.0,0.0,912.0,7.0,10.0
11.0,21.0,11.0,22.0,-121.0,11.0,12.0,-111.0,10.012927373689909,9.0,11.0,30000.0,10000.0,19000.0,0.0,25.78904207138697,16.5,19.0,0.0,10000.0,36530.77973102969,25000.0,0.0,27.09760089861512,17.0,20.0,0.0,121.0,10.006811319760098,9.0,11.0,1.0,15369.107001942,10000.0,19000.0,1.0,16.5,17.6047627315175,19.0,1.0,21955.11747232933,10000.0,25000.0,1.0,18.92438802775813,17.0,20.0,1.0,0.0,111.0,1.0,7.0
92.0,24.0,92.0,24.0,-721.0,921.0,13.0,-711.0,13.995554994074013,12.0,17.0,30000.0,15000.0,28000.0,0.0,22.716926240093564,19.5,25.0,1.0,15000.0,34511.466279273736,28000.0,0.0,23.28316251749317,20.0,26.0,1.0,721.0,14.881353992455374,12.0,17.0,1.0,20226.36246243168,15000.0,28000.0,1.0,19.5,21.462930436979438,25.0,1.0,24687.201240679286,15000.0,28000.0,1.0,22.02281243265765,20.0,26.0,1.0,0.0,92122.0,7.0,20.0
91.0,24.0,91.0,21.0,-721.0,911.0,12.0,-711.0,15.160067179532094,12.0,17.0,30000.0,18000.0,36000.0,1.0,24.05903586585314,20.0,25.0,1.0,18000.0,34538.41589335099,36000.0,1.0,24.625585840825547,20.0,26.0,1.0,721.0,14.82044560304795,12.0,17.0,1.0,26194.592922101867,18000.0,36000.0,1.0,20.0,23.062357106944837,25.0,1.0,30685.874312751348,18000.0,36000.0,1.0,23.62302307922701,20.0,26.0,1.0,1.0,91121.0,7.0,29.0
11.0,22.0,11.0,22.0,-121.0,11.0,11.0,-111.0,10.008090859200925,9.0,11.0,30000.0,10000.0,19000.0,0.0,25.030910105894613,16.5,19.0,0.0,10000.0,36496.597648676514,25000.0,0.0,26.327336432842223,17.0,20.0,0.0,121.0,10.011510426192322,9.0,11.0,1.0,10447.160163134364,10000.0,19000.0,1.0,16.5,16.642786924232283,19.0,1.0,16970.72654558712,10000.0,25000.0,1.0,17.944594987646067,17.0,20.0,1.0,0.0,111.0,1.0,38.0
91.0,24.0,91.0,24.0,-721.0,911.0,12.0,-711.0,14.878406972374082,12.0,17.0,30000.0,18000.0,36000.0,1.0,24.669471909144708,20.0,25.0,1.0,18000.0,34491.73830116675,36000.0,1.0,25.231015931505794,20.0,26.0,1.0,721.0,14.300230394660089,12.0,17.0,1.0,27684.543680954088,18000.0,36000.0,1.0,20.0,22.770940781238096,25.0,1.0,32150.914556959717,18000.0,36000.0,1.0,23.32931344208905,20.0,26.0,1.0,1.0,91121.0,7.0,27.0
92.0,24.0,92.0,24.0,-721.0,921.0,13.0,-711.0,15.048290925030868,12.0,17.0,30000.0,15000.0,28000.0,0.0,23.60228371613235,19.5,25.0,1.0,15000.0,33923.6024966333,28000.0,0.0,24.080717394727234,20.0,26.0,1.0,722.0,15.345168394253822,12.0,17.0,1.0,19547.13039336859,15000.0,28000.0,1.0,19.5,21.69716152480587,25.0,1.0,23440.60885435127,15000.0,28000.0,1.0,22.171921958416632,20.0,26.0,1.0,0.0,92122.0,7.0,25.0
91.0,24.0,91.0,24.0,-721.0,911.0,11.0,-711.0,15.12550917586756,12.0,17.0,30000.0,18000.0,36000.0,1.0,24.689355262998582,20.0,25.0,1.0,18000.0,33986.57149574601,36000.0,1.0,25.17611418204925,20.0,26.0,1.0,722.0,14.997708783557204,12.0,17.0,1.0,27146.058325536076,18000.0,36000.0,1.0,20.0,23.282781471261835,25.0,1.0,31175.892679446333,18000.0,36000.0,1.0,23.774822769443933,20.0,26.0,1.0,1.0,91121.0,7.0,28.0
11.0,22.0,11.0,22.0,-121.0,11.0,11.0,-111.0,10.20372703271108,9.0,11.0,30000.0,10000.0,19000.0,0.0,23.819652266393206,16.5,19.0,0.0,10000.0,36976.4703325817,25000.0,0.0,25.137248653199748,17.0,20.0,0.0,122.0,10.209645969830964,9.0,11.0,1.0,14369.14756126179,10000.0,19000.0,1.0,16.5,17.45024356720529,19.0,1.0,21455.762519064312,10000.0,25000.0,1.0,18.788642186845728,17.0,20.0,1.0,0.0,111.0,1.0,44.0
11.0,21.0,11.0,21.0,-121.0,21.0,12.0,-111.0,10.215318957687453,9.0,11.0,30000.0,10000.0,19000.0,0.0,25.24723988844975,16.5,19.0,0.0,10000.0,36964.70352598776,25000.0,0.0,26.56568298890067,17.0,20.0,0.0,122.0,10.206949473618579,9.0,11.0,1.0,15290.521711972196,10000.0,19000.0,1.0,16.5,17.588303779781135,19.0,1.0,22328.531425712223,10000.0,25000.0,1.0,18.92062400179246,17.0,20.0,1.0,0.0,211.0,1.0,6.0
91.0,24.0,91.0,24.0,-721.0,911.0,12.0,-711.0,15.25221397397437,12.0,17.0,30000.0,18000.0,36000.0,1.0,24.949216800698515,20.0,25.0,1.0,18000.0,33966.784768220066,36000.0,1.0,25.433104188495292,20.0,26.0,1.0,722.0,15.381811273879904,12.0,17.0,1.0,28686.99516793839,18000.0,36000.0,1.0,20.0,23.89895722238033,25.0,1.0,32662.326991243706,18000.0,36000.0,1.0,24.38388722085558,20.0,26.0,1.0,1.0,91121.0,7.0,1.0
81.0,23.0,81.0,23.0,-721.0,912.0,12.0,-711.0,15.341603470338125,12.0,17.0,30000.0,12500.0,23000.0,0.0,26.51199734002528,20.0,24.0,0.0,12500.0,33889.05485423728,26000.0,0.0,26.987382722562145,20.0,25.0,0.0,722.0,15.526570527305541,12.0,17.0,1.0,20847.853194110583,12500.0,23000.0,1.0,20.0,22.66507541138862,24.0,1.0,24905.985361403018,12500.0,26000.0,1.0,23.161128253284524,20.0,25.0,1.0,0.0,912.0,7.0,31.0
81.0,23.0,81.0,23.0,-721.0,912.0,12.0,-711.0,15.014036591460046,12.0,17.0,30000.0,12500.0,23000.0,0.0,25.470416820011707,20.0,24.0,0.0,12500.0,33974.52133822388,26000.0,0.0,25.953883809304255,20.0,25.0,0.0,722.0,15.30237494469919,12.0,17.0,1.0,17745.743560664338,12500.0,23000.0,1.0,20.0,21.95860788580015,24.0,1.0,21673.07049000597,12500.0,26000.0,1.0,22.43633407341318,20.0,25.0,1.0,0.0,912.0,7.0,31.0
91.0,24.0,91.0,24.0,-721.0,911.0,11.0,-711.0,15.132679827031188,12.0,17.0,30000.0,18000.0,36000.0,1.0,25.50998821274893,20.0,25.0,0.0,18000.0,33956.80359762899,36000.0,1.0,25.99153901521346,20.0,26.0,1.0,722.0,15.142495216111204,12.0,17.0,1.0,22185.572364405572,18000.0,36000.0,1.0,20.0,22.907123064148166,25.0,1.0,26197.72796848004,18000.0,36000.0,1.0,23.395410314976676,20.0,26.0,1.0,0.0,91121.0,7.0,9.0
91.0,24.0,91.0,21.0,-721.0,911.0,11.0,-711.0,15.492786352159879,12.0,17.0,30000.0,18000.0,36000.0,1.0,24.803710997949008,20.0,25.0,1.0,18000.0,34491.75964724873,36000.0,1.0,25.364860086451035,20.0,26.0,1.0,721.0,15.413621281659175,12.0,17.0,1.0,28849.31270849065,18000.0,36000.0,1.0,20.0,23.982148743071754,25.0,1.0,33370.1558114164,18000.0,36000.0,1.0,24.54693118596612,20.0,26.0,1.0,1.0,91121.0,7.0,2.0
11.0,22.0,11.0,22.0,-121.0,11.0,12.0,-111.0,10.191875276389249,9.0,11.0,30000.0,10000.0,19000.0,0.0,23.526783349787983,16.5,19.0,0.0,10000.0,36922.01672351017,25000.0,0.0,24.834190196839117,17.0,20.0,0.0,122.0,10.196577867506862,9.0,11.0,1.0,15645.690373773024,10000.0,19000.0,1.0,16.5,17.705923772924386,19.0,1.0,22696.76179033229,10000.0,25000.0,1.0,19.03770602906163,17.0,20.0,1.0,0.0,111.0,1.0,42.0
92.0,24.0,92.0,24.0,-721.0,921.0,13.0,-711.0,15.209186925618527,12.0,17.0,30000.0,15000.0,28000.0,0.0,24.293393524118994,19.5,25.0,1.0,15000.0,33942.8384680522,28000.0,0.0,24.774953754007413,20.0,26.0,1.0,722.0,15.256272230496734,12.0,17.0,1.0,20318.843790807805,15000.0,28000.0,1.0,19.5,21.813809676875792,25.0,1.0,24371.494993245746,15000.0,28000.0,1.0,22.308781931132938,20.0,26.0,1.0,0.0,92122.0,7.0,20.0
11.0,22.0,11.0,21.0,-121.0,21.0,13.0,-111.0,10.200537247940812,9.0,11.0,30000.0,10000.0,19000.0,0.0,26.243963858747172,16.5,19.0,0.0,10000.0,37062.65854833644,25000.0,0.0,27.577815797872763,17.0,20.0,0.0,122.0,10.168131452755427,9.0,11.0,1.0,12555.007501101434,10000.0,19000.0,1.0,16.5,17.0115973044744,19.0,1.0,19765.229198270128,10000.0,25000.0,1.0,18.37331798323483,17.0,20.0,1.0,0.0,211.0,1.0,2.0
91.0,24.0,91.0,21.0,-721.0,911.0,11.0,-711.0,15.235557399087877,12.0,17.0,30000.0,18000.0,36000.0,1.0,23.930708557666755,20.0,25.0,1.0,18000.0,33962.68570298449,36000.0,1.0,24.411727323167838,20.0,26.0,1.0,722.0,15.098761508836374,12.0,17.0,1.0,18768.1466055744,18000.0,36000.0,1.0,20.0,22.24450214864892,25.0,1.0,22759.307760441203,18000.0,36000.0,1.0,22.728977465524036,20.0,26.0,1.0,1.0,91121.0,7.0,15.0
92.0,24.0,92.0,24.0,-721.0,921.0,13.0,-711.0,15.199134744122684,12.0,17.0,30000.0,15000.0,28000.0,0.0,24.701370711108826,19.5,25.0,1.0,15000.0,33957.256698831676,28000.0,0.0,25.186736887076638,20.0,26.0,1.0,722.0,15.463458216365147,12.0,17.0,1.0,19910.53602223953,15000.0,28000.0,1.0,19.5,21.98009464587785,25.0,1.0,23941.156588655154,15000.0,28000.0,1.0,22.474459060416827,20.0,26.0,1.0,0.0,92122.0,7.0,25.0
11.0,22.0,11.0,22.0,-121.0,11.0,11.0,-111.0,9.99253488132156,9.0,11.0,30000.0,10000.0,19000.0,0.0,23.728364533671588,16.5,19.0,0.0,10000.0,36366.781763239116,25000.0,0.0,25.000024196724368,17.0,20.0,0.0,121.0,10.00312453922297,9.0,11.0,1.0,12124.399225044428,10000.0,19000.0,1.0,16.5,16.929740760767572,19.0,1.0,18604.222854541968,10000.0,25000.0,1.0,18.223978672439934,17.0,20.0,1.0,0.0,111.0,1.0,50.0
11.0,22.0,11.0,22.0,-121.0,11.0,11.0,-111.0,9.981215541511018,9.0,11.0,30000.0,10000.0,19000.0,0.0,24.0465218492985,16.5,19.0,0.0,10000.0,36482.62005751353,25000.0,0.0,25.336908627753548,17.0,20.0,0.0,121.0,10.015490151154244,9.0,11.0,1.0,15004.158992247589,10000.0,19000.0,1.0,16.5,17.507278291292067,19.0,1.0,21500.346694546388,10000.0,25000.0,1.0,18.800365753928872,17.0,20.0,1.0,0.0,111.0,1.0,57.0
11.0,22.0,11.0,21.0,-121.0,11.0,11.0,-111.0,10.19315502696389,9.0,11.0,30000.0,10000.0,19000.0,0.0,25.296176433575454,16.5,19.0,0.0,10000.0,37011.176767079065,25000.0,0.0,26.62024114859505,17.0,20.0,0.0,122.0,10.195138009054112,9.0,11.0,1.0,14994.24676318098,10000.0,19000.0,1.0,16.5,17.533057827083873,19.0,1.0,22115.32853869232,10000.0,25000.0,1.0,18.87787816537521,17.0,20.0,1.0,0.0,111.0,1.0,39.0
11.0,22.0,11.0,21.0,-121.0,21.0,13.0,-111.0,10.193175799705886,9.0,11.0,30000.0,10000.0,19000.0,0.0,24.36746696244429,16.5,19.0,0.0,10000.0,37005.3706067469,25000.0,0.0,25.69023095796,17.0,20.0,0.0,122.0,10.179669715759784,9.0,11.0,1.0,11237.04606233039,10000.0,19000.0,1.0,16.5,16.761392221824643,19.0,1.0,18412.13258177902,10000.0,25000.0,1.0,18.11620221624464,17.0,20.0,1.0,0.0,211.0,1.0,2.0
11.0,21.0,11.0,21.0,-121.0,21.0,13.0,-111.0,10.21143315524823,9.0,11.0,30000.0,10000.0,19000.0,0.0,27.02638669350765,16.5,19.0,0.0,10000.0,37070.486220263156,25000.0,0.0,28.36019215411811,17.0,20.0,0.0,122.0,10.211415502447807,9.0,11.0,1.0,12293.886701981888,10000.0,19000.0,1.0,16.5,17.03788448055721,19.0,1.0,19350.75507130399,10000.0,25000.0,1.0,18.369121014027282,17.0,20.0,1.0,0.0,211.0,1.0,34.0
81.0,23.0,81.0,21.0,-721.0,912.0,11.0,-711.0,15.469349534718003,12.0,17.0,30000.0,12500.0,23000.0,0.0,26.76000807345701,20.0,24.0,0.0,12500.0,33965.38380042117,26000.0,0.0,27.24429447314291,20.0,25.0,0.0,722.0,15.083714229926132,12.0,17.0,1.0,15636.03000146356,12500.0,23000.0,1.0,20.0,21.53704849672686,24.0,1.0,19684.808872135887,12500.0,26000.0,1.0,22.031519811759217,20.0,25.0,1.0,0.0,912.0,7.0,12.0
11.0,22.0,11.0,21.0,-121.0,21.0,12.0,-111.0,10.181530156104559,9.0,11.0,30000.0,10000.0,19000.0,0.0,24.854305786137225,16.5,19.0,0.0,10000.0,37121.58538993905,25000.0,0.0,26.193968569791245,17.0,20.0,0.0,122.0,10.180632144829378,9.0,11.0,1.0,13437.474167416884,10000.0,19000.0,1.0,16.5,17.174912819948837,19.0,1.0,20411.650166137286,10000.0,25000.0,1.0,18.48684598097477,17.0,20.0,1.0,0.0,211.0,1.0,53.0
11.0,22.0,11.0,22.0,-121.0,21.0,13.0,-111.0,10.22216297810711,9.0,11.0,30000.0,10000.0,19000.0,0.0,25.96511988922287,16.5,19.0,0.0,10000.0,37046.460280694686,25000.0,0.0,27.28774932283372,17.0,20.0,0.0,122.0,10.204285973325751,9.0,11.0,1.0,16737.315252787972,10000.0,19000.0,1.0,16.5,17.866912724743855,19.0,1.0,23769.574506275258,10000.0,25000.0,1.0,19.18687660773442,17.0,20.0,1.0,0.0,211.0,1.0,13.0
81.0,23.0,81.0,21.0,-721.0,912.0,11.0,-711.0,15.321012808062907,12.0,17.0,30000.0,12500.0,23000.0,0.0,26.095267154759295,20.0,24.0,0.0,12500.0,34088.70555433364,26000.0,0.0,26.594546096298888,20.0,25.0,0.0,722.0,15.215521998329208,12.0,17.0,1.0,14553.303848024165,12500.0,23000.0,1.0,20.0,21.352019608507618,24.0,1.0,18466.019609176736,12500.0,26000.0,1.0,21.82980813052603,20.0,25.0,1.0,0.0,912.0,7.0,12.0
11.0,22.0,11.0,21.0,-121.0,11.0,11.0,-111.0,10.011862849667327,9.0,11.0,30000.0,10000.0,19000.0,0.0,25.160763216343966,16.5,19.0,0.0,10000.0,36523.66306839739,25000.0,0.0,26.468615065307905,17.0,20.0,0.0,121.0,10.005282351487162,9.0,11.0,1.0,16119.233776454348,10000.0,19000.0,1.0,16.5,17.72278391110244,19.0,1.0,22675.389724793775,10000.0,25000.0,1.0,19.037149872255316,17.0,20.0,1.0,0.0,111.0,1.0,54.0
11.0,21.0,11.0,22.0,-121.0,11.0,11.0,-111.0,10.212068660034815,9.0,11.0,30000.0,10000.0,19000.0,0.0,23.834304136580347,16.5,19.0,0.0,10000.0,37022.919969436814,25000.0,0.0,25.160706606541513,17.0,20.0,0.0,122.0,10.196785183462659,9.0,11.0,1.0,16751.722709676957,10000.0,19000.0,1.0,16.5,17.874629903631085,19.0,1.0,23717.980076480293,10000.0,25000.0,1.0,19.190330640351014,17.0,20.0,1.0,0.0,111.0,1.0,43.0
11.0,22.0,11.0,21.0,-121.0,11.0,11.0,-111.0,10.205464790716169,9.0,11.0,30000.0,10000.0,19000.0,0.0,24.65487656677668,16.5,19.0,0.0,10000.0,37034.175837082796,25000.0,0.0,25.981997376715917,17.0,20.0,0.0,122.0,10.179907235961545,9.0,11.0,1.0,13032.539424765904,10000.0,19000.0,1.0,16.5,17.142834500648718,19.0,1.0,20175.38920621357,10000.0,25000.0,1.0,18.490458558787193,17.0,20.0,1.0,0.0,111.0,1.0,39.0
11.0,22.0,11.0,22.0,-121.0,21.0,13.0,-111.0,10.214970054521919,9.0,11.0,30000.0,10000.0,19000.0,0.0,27.282468853202374,16.5,19.0,0.0,10000.0,37132.95476031036,25000.0,0.0,28.624456428020746,17.0,20.0,0.0,122.0,10.196638620225356,9.0,11.0,1.0,13561.926796524098,10000.0,19000.0,1.0,16.5,17.295731946698766,19.0,1.0,20672.025130884245,10000.0,25000.0,1.0,18.633419334475352,17.0,20.0,1.0,0.0,211.0,1.0,36.0
91.0,24.0,91.0,24.0,-721.0,911.0,11.0,-711.0,15.38246627213315,12.0,17.0,30000.0,18000.0,36000.0,1.0,24.58877119090402,20.0,25.0,1.0,18000.0,33991.215173275166,36000.0,1.0,25.076634348916002,20.0,26.0,1.0,722.0,15.262224727688471,12.0,17.0,1.0,28268.960860740746,18000.0,36000.0,1.0,20.0,23.862630374847132,25.0,1.0,32297.931195845085,18000.0,36000.0,1.0,24.35510850641518,20.0,26.0,1.0,1.0,91121.0,7.0,16.0
91.0,24.0,91.0,24.0,-721.0,911.0,12.0,-711.0,15.346272009365894,12.0,17.0,30000.0,18000.0,36000.0,1.0,25.08236139599456,20.0,25.0,0.0,18000.0,34504.16782285813,36000.0,1.0,25.646467636416368,20.0,26.0,1.0,721.0,14.35100251622992,12.0,17.0,1.0,28867.021441809713,18000.0,36000.0,1.0,20.0,22.98856446703492,25.0,1.0,33320.09214685328,18000.0,36000.0,1.0,23.546271256068508,20.0,26.0,1.0,0.0,91121.0,7.0,13.0
91.0,24.0,91.0,21.0,-721.0,911.0,12.0,-711.0,14.79399918119378,12.0,17.0,30000.0,18000.0,36000.0,1.0,24.89335828006231,20.0,25.0,1.0,18000.0,34455.41770228764,36000.0,1.0,25.452239222408316,20.0,26.0,1.0,721.0,15.888196259339063,12.0,17.0,1.0,24067.95804313995,18000.0,36000.0,1.0,20.0,23.884446324083004,25.0,1.0,28502.436115012824,18000.0,36000.0,1.0,24.440700630463418,20.0,26.0,1.0,1.0,91121.0,7.0,29.0
11.0,22.0,11.0,22.0,-121.0,21.0,13.0,-111.0,10.000833217769445,9.0,11.0,30000.0,10000.0,19000.0,0.0,25.18717919253617,16.5,19.0,0.0,10000.0,36531.33806057012,25000.0,0.0,26.489803156639567,17.0,20.0,0.0,121.0,9.987809715957532,9.0,11.0,1.0,13696.270282572706,10000.0,19000.0,1.0,16.5,17.249702963626497,19.0,1.0,20165.444438762242,10000.0,25000.0,1.0,18.539928826330545,17.0,20.0,1.0,0.0,211.0,1.0,21.0
91.0,24.0,91.0,24.0,-721.0,911.0,11.0,-711.0,15.358524930654644,12.0,17.0,30000.0,18000.0,36000.0,1.0,24.033624987776076,20.0,25.0,1.0,18000.0,34046.1173899187,36000.0,1.0,24.524940410281893,20.0,26.0,1.0,722.0,15.125927307051006,12.0,17.0,1.0,19145.016429471558,18000.0,36000.0,1.0,20.0,22.53904364112057,25.0,1.0,23209.00967940881,18000.0,36000.0,1.0,23.032529708931822,20.0,26.0,1.0,1.0,91121.0,7.0,4.0
81.0,23.0,81.0,23.0,-721.0,912.0,12.0,-711.0,15.305270230969487,12.0,17.0,30000.0,12500.0,23000.0,0.0,26.76891476864592,20.0,24.0,0.0,12500.0,33969.39953878293,26000.0,0.0,27.25364572136473,20.0,25.0,0.0,722.0,15.159636120676874,12.0,17.0,1.0,18927.43389525403,12500.0,23000.0,1.0,20.0,22.051654727277104,24.0,1.0,22878.098679127845,12500.0,26000.0,1.0,22.534097848925413,20.0,25.0,1.0,0.0,912.0,7.0,5.0
11.0,21.0,11.0,22.0,-121.0,11.0,12.0,-111.0,9.99710050062541,9.0,11.0,30000.0,10000.0,19000.0,0.0,25.23591934025957,16.5,19.0,0.0,10000.0,36451.04818699057,25000.0,0.0,26.531768536272637,17.0,20.0,0.0,121.0,9.99812454790772,9.0,11.0,1.0,16107.737954575758,10000.0,19000.0,1.0,16.5,17.7599782665125,19.0,1.0,22722.14327645405,10000.0,25000.0,1.0,19.088641697634547,17.0,20.0,1.0,0.0,111.0,1.0,7.0
91.0,24.0,91.0,21.0,-721.0,911.0,11.0,-711.0,15.047932247996863,12.0,17.0,30000.0,18000.0,36000.0,1.0,24.64686458947308,20.0,25.0,1.0,18000.0,34019.43348383699,36000.0,1.0,25.138447481228855,20.0,26.0,1.0,722.0,15.260872389963684,12.0,17.0,1.0,24110.294512586388,18000.0,36000.0,1.0,20.0,23.166775522636495,25.0,1.0,28157.78860035,18000.0,36000.0,1.0,23.66179026937336,20.0,26.0,1.0,1.0,91121.0,7.0,3.0
91.0,24.0,91.0,21.0,-721.0,911.0,12.0,-711.0,15.2828674810718,12.0,17.0,30000.0,18000.0,36000.0,1.0,25.083174833812954,20.0,25.0,0.0,18000.0,33945.04369063733,36000.0,1.0,25.564183133166015,20.0,26.0,1.0,722.0,15.073770115911007,12.0,17.0,1.0,24657.113175095186,18000.0,36000.0,1.0,20.0,23.008246986704258,25.0,1.0,28665.03944592662,18000.0,36000.0,1.0,23.496922385671418,20.0,26.0,1.0,0.0,91121.0,7.0,14.0
11.0,21.0,11.0,22.0,-121.0,11.0,11.0,-111.0,10.181390238617892,9.0,11.0,30000.0,10000.0,19000.0,0.0,24.49007805294797,16.5,19.0,0.0,10000.0,36952.667888061755,25000.0,0.0,25.797383512922224,17.0,20.0,0.0,122.0,10.209221443495029,9.0,11.0,1.0,15664.945310646179,10000.0,19000.0,1.0,16.5,17.693282091379096,19.0,1.0,22731.764441505853,10000.0,25000.0,1.0,19.022051332649276,17.0,20.0,1.0,0.0,111.0,1.0,35.0
91.0,24.0,91.0,24.0,-721.0,911.0,11.0,-711.0,15.235748337954215,12.0,17.0,30000.0,18000.0,36000.0,1.0,24.801195364719064,20.0,25.0,1.0,18000.0,33995.76203086195,36000.0,1.0,25.288902055006396,20.0,26.0,1.0,722.0,15.220968293452517,12.0,17.0,1.0,25816.815640172863,18000.0,36000.0,1.0,20.0,23.37994418456055,25.0,1.0,29765.762823411274,18000.0,36000.0,1.0,23.861936842276766,20.0,26.0,1.0,1.0,91121.0,7.0,16.0
81.0,21.0,81.0,21.0,-721.0,912.0,12.0,-711.0,15.300631619977409,12.0,17.0,30000.0,12500.0,23000.0,0.0,27.7837294537607,20.0,24.0,0.0,12500.0,33984.47250163485,26000.0,0.0,28.271105917798202,20.0,25.0,0.0,722.0,15.309842222278261,12.0,17.0,1.0,16141.212689019898,12500.0,23000.0,1.0,20.0,21.765946495203508,24.0,1.0,20169.104473775344,12500.0,26000.0,1.0,22.258633960049693,20.0,25.0,1.0,0.0,912.0,7.0,6.0
11.0,22.0,11.0,22.0,-121.0,11.0,12.0,-111.0,10.003327503369544,9.0,11.0,30000.0,10000.0,19000.0,0.0,24.17808943551207,16.5,19.0,0.0,10000.0,36487.01803572828,25000.0,0.0,25.473768992519943,17.0,20.0,0.0,121.0,9.999508883792284,9.0,11.0,1.0,16112.91653421542,10000.0,19000.0,1.0,16.5,17.796573550179367,19.0,1.0,22592.60219373464,10000.0,25000.0,1.0,19.0907885806658,17.0,20.0,1.0,0.0,111.0,1.0,49.0
91.0,24.0,91.0,21.0,-721.0,911.0,11.0,-711.0,15.105517570542766,12.0,17.0,30000.0,18000.0,36000.0,1.0,24.68926046647516,20.0,25.0,1.0,18000.0,34533.15009021636,36000.0,1.0,25.25596267206129,20.0,26.0,1.0,721.0,14.508328463172653,12.0,17.0,1.0,23714.76156533071,18000.0,36000.0,1.0,20.0,22.449428767702486,25.0,1.0,28266.480654980187,18000.0,36000.0,1.0,23.01845233762133,20.0,26.0,1.0,1.0,91121.0,7.0,15.0
11.0,21.0,11.0,22.0,-121.0,11.0,12.0,-111.0,10.209391779058222,9.0,11.0,30000.0,10000.0,19000.0,0.0,24.585472501997785,16.5,19.0,0.0,10000.0,36855.01045782864,25000.0,0.0,25.87592084380782,17.0,20.0,0.0,122.0,10.217694234883936,9.0,11.0,1.0,17362.61881388216,10000.0,19000.0,1.0,16.5,18.041781787677678,19.0,1.0,24362.928597515667,10000.0,25000.0,1.0,19.359582571209646,17.0,20.0,1.0,0.0,111.0,1.0,7.0
92.0,24.0,92.0,24.0,-721.0,921.0,13.0,-711.0,15.238203406575096,12.0,17.0,30000.0,15000.0,28000.0,0.0,24.896638323143577,19.5,25.0,1.0,15000.0,34034.57390752352,28000.0,0.0,25.388506870632654,20.0,26.0,1.0,722.0,15.185940227344366,12.0,17.0,1.0,20954.077430178113,15000.0,28000.0,1.0,19.5,21.695917482910893,25.0,1.0,25055.444153356624,15000.0,28000.0,1.0,22.195928968408282,20.0,26.0,1.0,0.0,92122.0,7.0,20.0
81.0,21.0,81.0,23.0,-721.0,912.0,12.0,-711.0,15.44026581173758,12.0,17.0,30000.0,12500.0,23000.0,0.0,27.60866735732539,20.0,24.0,0.0,12500.0,34496.43027588683,26000.0,0.0,28.170814684595967,20.0,25.0,0.0,721.0,15.199113208628537,12.0,17.0,1.0,19013.183337309714,12500.0,23000.0,1.0,20.0,22.175886157591496,24.0,1.0,23461.31974421659,12500.0,26000.0,1.0,22.73199574654414,20.0,25.0,1.0,0.0,912.0,7.0,7.0
91.0,24.0,91.0,24.0,-721.0,911.0,12.0,-711.0,15.116614667814943,12.0,17.0,30000.0,18000.0,36000.0,1.0,24.42102305461457,20.0,25.0,1.0,18000.0,34070.25855134332,36000.0,1.0,24.91825071292904,20.0,26.0,1.0,722.0,15.328759874191064,12.0,17.0,1.0,25406.17322524398,18000.0,36000.0,1.0,20.0,23.55151965780403,25.0,1.0,29472.078644894613,18000.0,36000.0,1.0,24.04821553233853,20.0,26.0,1.0,1.0,91121.0,7.0,23.0
11.0,22.0,11.0,21.0,-121.0,11.0,11.0,-111.0,9.997825445788544,9.0,11.0,30000.0,10000.0,19000.0,0.0,25.795563410540147,16.5,19.0,0.0,10000.0,36493.64449106596,25000.0,0.0,27.093084493846444,17.0,20.0,0.0,121.0,9.993681756140177,9.0,11.0,1.0,13718.071639406953,10000.0,19000.0,1.0,16.5,17.180250792328316,19.0,1.0,20273.901957661397,10000.0,25000.0,1.0,18.490197474536878,17.0,20.0,1.0,0.0,111.0,1.0,1.0
11.0,21.0,11.0,22.0,-121.0,21.0,13.0,-111.0,10.004161754351658,9.0,11.0,30000.0,10000.0,19000.0,0.0,28.081075179079527,16.5,19.0,0.0,10000.0,36475.53781118937,25000.0,0.0,29.380873416937312,17.0,20.0,0.0,121.0,9.994576593598442,9.0,11.0,1.0,16156.70361128226,10000.0,19000.0,1.0,16.5,17.77330553794905,19.0,1.0,22758.39373739326,10000.0,25000.0,1.0,19.098425619554465,17.0,20.0,1.0,0.0,211.0,1.0,59.0
11.0,22.0,11.0,21.0,-121.0,21.0,12.0,-111.0,10.213913219486226,9.0,11.0,30000.0,10000.0,19000.0,0.0,24.294075745116224,16.5,19.0,0.0,10000.0,37074.74371106328,25000.0,0.0,25.624122689597574,17.0,20.0,0.0,122.0,10.183190778540618,9.0,11.0,1.0,13014.487850454716,10000.0,19000.0,1.0,16.5,17.135427446388896,19.0,1.0,20002.093089819726,10000.0,25000.0,1.0,18.449092418213365,17.0,20.0,1.0,0.0,211.0,1.0,53.0
11.0,22.0,11.0,22.0,-121.0,21.0,13.0,-111.0,9.994714019411711,9.0,11.0,30000.0,10000.0,19000.0,0.0,27.06655140053003,16.5,19.0,0.0,10000.0,36529.81902076718,25000.0,0.0,28.371561903975383,17.0,20.0,0.0,121.0,10.000194088992286,9.0,11.0,1.0,15891.937493465191,10000.0,19000.0,1.0,16.5,17.68533186575194,19.0,1.0,22505.583924349023,10000.0,25000.0,1.0,19.00709561309746,17.0,20.0,1.0,0.0,211.0,1.0,47.0
91.0,24.0,91.0,24.0,-721.0,911.0,12.0,-711.0,14.528122719654807,12.0,17.0,30000.0,18000.0,36000.0,1.0,23.621896263126327,20.0,25.0,1.0,18000.0,34478.22573508874,36000.0,1.0,24.18380285769016,20.0,26.0,1.0,721.0,14.902851934447892,12.0,17.0,1.0,26613.1868470198,18000.0,36000.0,1.0,20.0,23.29614503709309,25.0,1.0,31119.094886367173,18000.0,36000.0,1.0,23.861525076328054,20.0,26.0,1.0,1.0,91121.0,7.0,13.0
11.0,22.0,11.0,21.0,-121.0,11.0,11.0,-111.0,9.981039073339705,9.0,11.0,30000.0,10000.0,19000.0,0.0,26.607268283392393,16.5,19.0,0.0,10000.0,36583.3057866563,25000.0,0.0,27.928631139215245,17.0,20.0,0.0,121.0,10.00841667595821,9.0,11.0,1.0,13795.476060218283,10000.0,19000.0,1.0,16.5,17.273244532155964,19.0,1.0,20344.727995989448,10000.0,25000.0,1.0,18.587772297051007,17.0,20.0,1.0,0.0,111.0,1.0,39.0
11.0,22.0,11.0,22.0,-121.0,21.0,13.0,-111.0,10.201557739928376,9.0,11.0,30000.0,10000.0,19000.0,0.0,25.209833203030918,16.5,19.0,0.0,10000.0,37138.687820586405,25000.0,0.0,26.559656870950533,17.0,20.0,0.0,122.0,10.171150944954809,9.0,11.0,1.0,13527.613586208909,10000.0,19000.0,1.0,16.5,17.24550104773976,19.0,1.0,20523.136928681084,10000.0,25000.0,1.0,18.568254362420696,17.0,20.0,1.0,0.0,211.0,1.0,47.0
11.0,22.0,11.0,22.0,-121.0,21.0,13.0,-111.0,10.22246433117634,9.0,11.0,30000.0,10000.0,19000.0,0.0,25.815099088986525,16.5,19.0,0.0,10000.0,36915.84309105365,25000.0,0.0,27.121772525203305,17.0,20.0,0.0,122.0,10.216034409242654,9.0,11.0,1.0,13963.004498980334,10000.0,19000.0,1.0,16.5,17.338096699390448,19.0,1.0,21030.50204309605,10000.0,25000.0,1.0,18.673423597331446,17.0,20.0,1.0,0.0,211.0,1.0,19.0
11.0,22.0,11.0,22.0,-121.0,21.0,13.0,-111.0,9.98472751531053,9.0,11.0,30000.0,10000.0,19000.0,0.0,26.203502418590844,16.5,19.0,0.0,10000.0,36464.954881529135,25000.0,0.0,27.492154291489197,17.0,20.0,0.0,121.0,9.996555343521608,9.0,11.0,1.0,15146.802991259701,10000.0,19000.0,1.0,16.5,17.51601386514566,19.0,1.0,21572.36295184089,10000.0,25000.0,1.0,18.79681319466319,17.0,20.0,1.0,0.0,211.0,1.0,8.0
11.0,22.0,11.0,21.0,-121.0,21.0,13.0,-111.0,10.192694828020935,9.0,11.0,30000.0,10000.0,19000.0,0.0,26.36184155034401,16.5,19.0,0.0,10000.0,36847.79960732155,25000.0,0.0,27.656643827566256,17.0,20.0,0.0,122.0,10.192305978548927,9.0,11.0,1.0,12048.361648465094,10000.0,19000.0,1.0,16.5,16.972584394945144,19.0,1.0,19045.37821731001,10000.0,25000.0,1.0,18.295601058197914,17.0,20.0,1.0,0.0,211.0,1.0,33.0
11.0,21.0,11.0,22.0,-121.0,11.0,11.0,-111.0,10.200216400949667,9.0,11.0,30000.0,10000.0,19000.0,0.0,26.299880968808132,16.5,19.0,0.0,10000.0,36920.292694319665,25000.0,0.0,27.60132491965217,17.0,20.0,0.0,122.0,10.200262774805571,9.0,11.0,1.0,17953.69971695333,10000.0,19000.0,1.0,16.5,18.09005367985854,19.0,1.0,24931.92989065001,10000.0,25000.0,1.0,19.402393467828695,17.0,20.0,1.0,0.0,111.0,1.0,29.0
11.0,22.0,11.0,22.0,-121.0,21.0,13.0,-111.0,9.998990026098303,9.0,11.0,30000.0,10000.0,19000.0,0.0,25.67617613352497,16.5,19.0,0.0,10000.0,36581.83163379644,25000.0,0.0,26.991147994674556,17.0,20.0,0.0,121.0,10.001646881739987,9.0,11.0,1.0,11791.427183864744,10000.0,19000.0,1.0,16.5,16.870382641075963,19.0,1.0,18276.97968206317,10000.0,25000.0,1.0,18.166119073370595,17.0,20.0,1.0,0.0,211.0,1.0,19.0
11.0,22.0,11.0,22.0,-121.0,21.0,13.0,-111.0,10.201480724534811,9.0,11.0,30000.0,10000.0,19000.0,0.0,25.421572365032965,16.5,19.0,0.0,10000.0,36856.016553197165,25000.0,0.0,26.71913005347941,17.0,20.0,0.0,122.0,10.193649698475555,9.0,11.0,1.0,15445.533729136989,10000.0,19000.0,1.0,16.5,17.63353475358544,19.0,1.0,22365.90925026563,10000.0,25000.0,1.0,18.94327290761449,17.0,20.0,1.0,0.0,211.0,1.0,31.0
81.0,21.0,81.0,21.0,-721.0,912.0,12.0,-711.0,14.404031817840988,12.0,17.0,30000.0,12500.0,23000.0,0.0,27.374412778275207,20.0,24.0,0.0,12500.0,34508.27471385781,26000.0,0.0,27.93693578265343,20.0,25.0,0.0,721.0,14.632645586070112,12.0,17.0,1.0,14113.703701617766,12500.0,23000.0,1.0,20.0,20.999978602950144,24.0,1.0,18592.296419239676,12500.0,26000.0,1.0,21.55879801631887,20.0,25.0,1.0,0.0,912.0,7.0,6.0
91.0,24.0,91.0,24.0,-721.0,911.0,11.0,-711.0,15.200051727678034,12.0,17.0,30000.0,18000.0,36000.0,1.0,24.60871949430824,20.0,25.0,1.0,18000.0,34071.27760796355,36000.0,1.0,25.10471149336673,20.0,26.0,1.0,722.0,15.335074923019375,12.0,17.0,1.0,26036.336906553,18000.0,36000.0,1.0,20.0,23.49632789289727,25.0,1.0,29983.874501333004,18000.0,36000.0,1.0,23.977245003330534,20.0,26.0,1.0,1.0,91121.0,7.0,0.0
91.0,24.0,91.0,21.0,-721.0,911.0,11.0,-711.0,15.271749496639314,12.0,17.0,30000.0,18000.0,36000.0,1.0,25.493466945964997,20.0,25.0,0.0,18000.0,34049.145681785056,36000.0,1.0,25.991348803802158,20.0,26.0,1.0,722.0,15.168854755299805,12.0,17.0,1.0,24684.28558301295,18000.0,36000.0,1.0,20.0,23.1440557367553,25.0,1.0,28642.81471649607,18000.0,36000.0,1.0,23.630795408322818,20.0,26.0,1.0,0.0,91121.0,7.0,15.0
11.0,21.0,11.0,22.0,-121.0,21.0,13.0,-111.0,10.007911957410341,9.0,11.0,30000.0,10000.0,19000.0,0.0,27.122843358516775,16.5,19.0,0.0,10000.0,36596.90564621421,25000.0,0.0,28.447887714849827,17.0,20.0,0.0,121.0,9.998409318635582,9.0,11.0,1.0,14770.783899581265,10000.0,19000.0,1.0,16.5,17.49918823661529,19.0,1.0,21196.191560742962,10000.0,25000.0,1.0,18.789785770543546,17.0,20.0,1.0,0.0,211.0,1.0,59.0
11.0,22.0,11.0,22.0,-121.0,11.0,11.0,-111.0,10.00364974177984,9.0,11.0,30000.0,10000.0,19000.0,0.0,24.915804728637603,16.5,19.0,0.0,10000.0,36409.696931058876,25000.0,0.0,26.19931070735877,17.0,20.0,0.0,121.0,10.016959490113573,9.0,11.0,1.0,11369.631897358478,10000.0,19000.0,1.0,16.5,16.805126823289527,19.0,1.0,17894.05836516876,10000.0,25000.0,1.0,18.111606750379888,17.0,20.0,1.0,0.0,111.0,1.0,11.0
11.0,22.0,11.0,22.0,-121.0,11.0,12.0,-111.0,9.985659993394625,9.0,11.0,30000.0,10000.0,19000.0,0.0,23.121378429652733,16.5,19.0,0.0,10000.0,36683.66665661856,25000.0,0.0,24.450564528732812,17.0,20.0,0.0,121.0,10.016367774614828,9.0,11.0,1.0,14926.818476680983,10000.0,19000.0,1.0,16.5,17.531719254584054,19.0,1.0,21354.7662176569,10000.0,25000.0,1.0,18.81005032970697,17.0,20.0,1.0,0.0,111.0,1.0,49.0
11.0,21.0,11.0,21.0,-121.0,21.0,12.0,-111.0,10.026129361835501,9.0,11.0,30000.0,10000.0,19000.0,0.0,25.031012684749825,16.5,19.0,0.0,10000.0,36553.13713736669,25000.0,0.0,26.335922869917773,17.0,20.0,0.0,121.0,10.00164522796652,9.0,11.0,1.0,14530.554748040204,10000.0,19000.0,1.0,16.5,17.360927688147115,19.0,1.0,21064.99660126111,10000.0,25000.0,1.0,18.662115127066194,17.0,20.0,1.0,0.0,211.0,1.0,6.0
11.0,22.0,11.0,22.0,-121.0,11.0,11.0,-111.0,9.99390251707315,9.0,11.0,30000.0,10000.0,19000.0,0.0,26.713485411177132,16.5,19.0,0.0,10000.0,36409.54845745189,25000.0,0.0,27.993557262803428,17.0,20.0,0.0,121.0,10.0022820801169,9.0,11.0,1.0,15429.028223689455,10000.0,19000.0,1.0,16.5,17.60489678821068,19.0,1.0,21941.413686901557,10000.0,25000.0,1.0,18.90550655405247,17.0,20.0,1.0,0.0,111.0,1.0,30.0
81.0,23.0,81.0,23.0,-721.0,912.0,12.0,-711.0,15.933101770229094,12.0,17.0,30000.0,12500.0,23000.0,0.0,27.4363123176158,20.0,24.0,0.0,12500.0,34447.21163956214,26000.0,0.0,27.993880120740346,20.0,25.0,0.0,721.0,14.81630249517496,12.0,17.0,1.0,16760.304313909834,12500.0,23000.0,1.0,20.0,21.482848414176672,24.0,1.0,21255.365905190054,12500.0,26000.0,1.0,22.046415390405937,20.0,25.0,1.0,0.0,912.0,7.0,31.0
81.0,23.0,81.0,21.0,-721.0,912.0,12.0,-711.0,15.174525835305442,12.0,17.0,30000.0,12500.0,23000.0,0.0,28.053591748937478,20.0,24.0,0.0,12500.0,33912.378634161825,26000.0,0.0,28.5286333739762,20.0,25.0,0.0,722.0,15.281647556853375,12.0,17.0,1.0,13899.01606305579,12500.0,23000.0,1.0,20.0,21.43305713598022,24.0,1.0,17974.834328595665,12500.0,26000.0,1.0,21.927943626597038,20.0,25.0,1.0,0.0,912.0,7.0,11.0
92.0,24.0,92.0,24.0,-721.0,921.0,13.0,-711.0,14.92985764186849,12.0,17.0,30000.0,15000.0,28000.0,0.0,24.5284167691374,19.5,25.0,1.0,15000.0,34469.78317878862,28000.0,0.0,25.088841677931462,20.0,26.0,1.0,721.0,14.820018495362485,12.0,17.0,1.0,19033.514139607083,15000.0,28000.0,1.0,19.5,21.265800048422854,25.0,1.0,23541.22287223389,15000.0,28000.0,1.0,21.830980092801923,20.0,26.0,1.0,0.0,92122.0,7.0,22.0
92.0,24.0,92.0,24.0,-721.0,921.0,13.0,-711.0,15.047939083439763,12.0,17.0,30000.0,15000.0,28000.0,0.0,23.884685629963137,19.5,25.0,1.0,15000.0,33949.22853299163,28000.0,0.0,24.365874479342946,20.0,26.0,1.0,722.0,15.273226391180305,12.0,17.0,1.0,22169.73978721147,15000.0,28000.0,1.0,19.5,22.02875943338649,25.0,1.0,26212.09605197126,15000.0,28000.0,1.0,22.521295315666652,20.0,26.0,1.0,0.0,92122.0,7.0,20.0
81.0,23.0,81.0,21.0,-721.0,912.0,12.0,-711.0,14.561461834216285,12.0,17.0,30000.0,12500.0,23000.0,0.0,26.379713775503742,20.0,24.0,0.0,12500.0,34478.12144064215,26000.0,0.0,26.93964559916607,20.0,25.0,0.0,721.0,14.832061078718633,12.0,17.0,1.0,15508.024356659707,12500.0,23000.0,1.0,20.0,21.248252240924653,24.0,1.0,20076.224076804323,12500.0,26000.0,1.0,21.819447201592695,20.0,25.0,1.0,0.0,912.0,7.0,11.0
91.0,24.0,91.0,24.0,-721.0,911.0,11.0,-711.0,15.100216136016881,12.0,17.0,30000.0,18000.0,36000.0,1.0,24.318562716528398,20.0,25.0,1.0,18000.0,34017.15831983083,36000.0,1.0,24.807211691314077,20.0,26.0,1.0,722.0,15.146394539271359,12.0,17.0,1.0,26530.85231415055,18000.0,36000.0,1.0,20.0,23.422287912712044,25.0,1.0,30552.89369623408,18000.0,36000.0,1.0,23.911530865422822,20.0,26.0,1.0,1.0,91121.0,7.0,28.0
91.0,24.0,91.0,24.0,-721.0,911.0,11.0,-711.0,14.976705606819028,12.0,17.0,30000.0,18000.0,36000.0,1.0,24.45978393006851,20.0,25.0,1.0,18000.0,33992.030454505366,36000.0,1.0,24.94728929033311,20.0,26.0,1.0,722.0,15.239645473630752,12.0,17.0,1.0,23533.253451892284,18000.0,36000.0,1.0,20.0,23.157197425571745,25.0,1.0,27523.817782745675,18000.0,36000.0,1.0,23.644523743329707,20.0,26.0,1.0,1.0,91121.0,7.0,16.0
91.0,24.0,91.0,21.0,-721.0,911.0,11.0,-711.0,15.00749269480981,12.0,17.0,30000.0,18000.0,36000.0,1.0,23.77256100593742,20.0,25.0,1.0,18000.0,34513.44686064671,36000.0,1.0,24.33500738653424,20.0,26.0,1.0,721.0,14.960082025524713,12.0,17.0,1.0,20407.274810301617,18000.0,36000.0,1.0,20.0,22.387191256214656,25.0,1.0,24961.48277590764,18000.0,36000.0,1.0,22.954717110805817,20.0,26.0,1.0,1.0,91121.0,7.0,15.0
11.0,22.0,11.0,22.0,-121.0,21.0,13.0,-111.0,10.188501037040757,9.0,11.0,30000.0,10000.0,19000.0,0.0,26.74621143397048,16.5,19.0,0.0,10000.0,36946.68550089778,25000.0,0.0,28.06105312093613,17.0,20.0,0.0,122.0,10.178567031382574,9.0,11.0,1.0,13773.411663053685,10000.0,19000.0,1.0,16.5,17.335424977403907,19.0,1.0,20810.922678149298,10000.0,25000.0,1.0,18.667457765405004,17.0,20.0,1.0,0.0,211.0,1.0,22.0
81.0,23.0,81.0,21.0,-721.0,912.0,12.0,-711.0,15.119631118895873,12.0,17.0,30000.0,12500.0,23000.0,0.0,25.806130361404616,20.0,24.0,0.0,12500.0,34010.33638358227,26000.0,0.0,26.29295286476668,20.0,25.0,0.0,722.0,15.183762943971493,12.0,17.0,1.0,15330.589034017949,12500.0,23000.0,1.0,20.0,21.479962099541154,24.0,1.0,19337.026023747425,12500.0,26000.0,1.0,21.966311247928612,20.0,25.0,1.0,0.0,912.0,7.0,30.0
11.0,21.0,11.0,21.0,-121.0,21.0,12.0,-111.0,10.170965245948397,9.0,11.0,30000.0,10000.0,19000.0,0.0,24.643192307030983,16.5,19.0,0.0,10000.0,36967.51873127719,25000.0,0.0,25.95502516904321,17.0,20.0,0.0,122.0,10.189031515763903,9.0,11.0,1.0,14791.442498395685,10000.0,19000.0,1.0,16.5,17.46048285463903,19.0,1.0,21650.90883065109,10000.0,25000.0,1.0,18.751971790309195,17.0,20.0,1.0,0.0,211.0,1.0,6.0
11.0,22.0,11.0,22.0,-121.0,11.0,11.0,-111.0,10.181396796809251,9.0,11.0,30000.0,10000.0,19000.0,0.0,24.797137435626993,16.5,19.0,0.0,10000.0,36949.59232563944,25000.0,0.0,26.106808224559913,17.0,20.0,0.0,122.0,10.220764521999602,9.0,11.0,1.0,15341.11442804323,10000.0,19000.0,1.0,16.5,17.642098234667756,19.0,1.0,22449.474379584175,10000.0,25000.0,1.0,18.98168924224491,17.0,20.0,1.0,0.0,111.0,1.0,11.0
11.0,22.0,11.0,22.0,-121.0,11.0,11.0,-111.0,10.019087945278386,9.0,11.0,30000.0,10000.0,19000.0,0.0,24.269459824802027,16.5,19.0,0.0,10000.0,36516.34183352403,25000.0,0.0,25.56969701838807,17.0,20.0,0.0,121.0,10.006535241135099,9.0,11.0,1.0,16046.430911179865,10000.0,19000.0,1.0,16.5,17.708133409871238,19.0,1.0,22471.310553656665,10000.0,25000.0,1.0,18.990120710243474,17.0,20.0,1.0,0.0,111.0,1.0,11.0
91.0,24.0,91.0,24.0,-721.0,911.0,12.0,-711.0,15.134558785607354,12.0,17.0,30000.0,18000.0,36000.0,1.0,23.90340546275059,20.0,25.0,1.0,18000.0,34051.321821753016,36000.0,1.0,24.396155611881795,20.0,26.0,1.0,722.0,15.256145982778257,12.0,17.0,1.0,29891.846734716393,18000.0,36000.0,1.0,20.0,23.99448955121654,25.0,1.0,33878.33765538634,18000.0,36000.0,1.0,24.479354511862972,20.0,26.0,1.0,1.0,91121.0,7.0,24.0
11.0,21.0,11.0,22.0,-121.0,11.0,11.0,-111.0,9.998105446932678,9.0,11.0,30000.0,10000.0,19000.0,0.0,24.91255774202265,16.5,19.0,0.0,10000.0,36497.13418449415,25000.0,0.0,26.21048148671792,17.0,20.0,0.0,121.0,9.996036303525642,9.0,11.0,1.0,16253.233584369249,10000.0,19000.0,1.0,16.5,17.778220028858108,19.0,1.0,22773.39760214209,10000.0,25000.0,1.0,19.080744412327334,17.0,20.0,1.0,0.0,111.0,1.0,29.0
11.0,22.0,11.0,22.0,-121.0,21.0,13.0,-111.0,9.994762683405073,9.0,11.0,30000.0,10000.0,19000.0,0.0,26.041276492538998,16.5,19.0,0.0,10000.0,36616.24491552841,25000.0,0.0,27.364341113737893,17.0,20.0,0.0,121.0,9.993556521258594,9.0,11.0,1.0,12283.170897218013,10000.0,19000.0,1.0,16.5,16.980854077582897,19.0,1.0,18753.52078549215,10000.0,25000.0,1.0,18.274743758701213,17.0,20.0,1.0,0.0,211.0,1.0,4.0
81.0,23.0,81.0,21.0,-721.0,912.0,11.0,-711.0,14.723020759096181,12.0,17.0,30000.0,12500.0,23000.0,0.0,27.019484362629825,20.0,24.0,0.0,12500.0,34534.531539349315,26000.0,0.0,27.58658969767115,20.0,25.0,0.0,721.0,14.755418503281955,12.0,17.0,1.0,12477.044065734577,12500.0,23000.0,0.0,20.0,20.64738164073792,24.0,1.0,16938.469731542693,12500.0,26000.0,1.0,21.205344084049788,20.0,25.0,1.0,0.0,912.0,7.0,12.0
11.0,22.0,11.0,22.0,-121.0,21.0,13.0,-111.0,10.007817502151335,9.0,11.0,30000.0,10000.0,19000.0,0.0,25.75388982186737,16.5,19.0,0.0,10000.0,36490.43781526363,25000.0,0.0,27.05721801128521,17.0,20.0,0.0,121.0,10.008872981847764,9.0,11.0,1.0,12928.762529794243,10000.0,19000.0,1.0,16.5,17.155069059869337,19.0,1.0,19406.19884536016,10000.0,25000.0,1.0,18.455786451442247,17.0,20.0,1.0,0.0,211.0,1.0,36.0
91.0,24.0,91.0,24.0,-721.0,911.0,12.0,-711.0,14.869794869948878,12.0,17.0,30000.0,18000.0,36000.0,1.0,24.41331980170731,20.0,25.0,1.0,18000.0,34436.50505318336,36000.0,1.0,24.967416069451012,20.0,26.0,1.0,721.0,15.497502283916356,12.0,17.0,1.0,26676.768053256903,18000.0,36000.0,1.0,20.0,23.823764490044546,25.0,1.0,31123.059085608318,18000.0,36000.0,1.0,24.379082975382556,20.0,26.0,1.0,1.0,91121.0,7.0,24.0
11.0,21.0,11.0,21.0,-121.0,21.0,12.0,-111.0,9.99620462876802,9.0,11.0,30000.0,10000.0,19000.0,0.0,25.8232914940778,16.5,19.0,0.0,10000.0,36598.002345526176,25000.0,0.0,27.138333992591946,17.0,20.0,0.0,121.0,10.003767098763262,9.0,11.0,1.0,16424.826487656726,10000.0,19000.0,1.0,16.5,17.77373413997887,19.0,1.0,22965.426331942403,10000.0,25000.0,1.0,19.077335792506737,17.0,20.0,1.0,0.0,211.0,1.0,6.0
11.0,22.0,11.0,21.0,-121.0,21.0,13.0,-111.0,10.198997790330033,9.0,11.0,30000.0,10000.0,19000.0,0.0,25.21567305698222,16.5,19.0,0.0,10000.0,36972.7154570707,25000.0,0.0,26.537257580990033,17.0,20.0,0.0,122.0,10.162445030759041,9.0,11.0,1.0,14095.775989302168,10000.0,19000.0,1.0,16.5,17.293050778503385,19.0,1.0,20991.23839453177,10000.0,25000.0,1.0,18.599993024567382,17.0,20.0,1.0,0.0,211.0,1.0,33.0
11.0,22.0,11.0,22.0,-121.0,11.0,12.0,-111.0,9.988265943223317,9.0,11.0,30000.0,10000.0,19000.0,0.0,24.188165512003383,16.5,19.0,0.0,10000.0,36465.30591568461,25000.0,0.0,25.48125229030678,17.0,20.0,0.0,121.0,9.996662341369076,9.0,11.0,1.0,15201.589040554049,10000.0,19000.0,1.0,16.5,17.611585332447635,19.0,1.0,21675.966195731413,10000.0,25000.0,1.0,18.90648639456125,17.0,20.0,1.0,0.0,111.0,1.0,49.0
92.0,24.0,92.0,24.0,-721.0,921.0,13.0,-711.0,14.516905609503008,12.0,17.0,30000.0,15000.0,28000.0,0.0,23.867545364646354,19.5,25.0,1.0,15000.0,34470.782709639985,28000.0,0.0,24.428809797523883,20.0,26.0,1.0,721.0,15.197664601612725,12.0,17.0,1.0,18684.59816757849,15000.0,28000.0,1.0,19.5,21.585289750587723,25.0,1.0,23204.755726281095,15000.0,28000.0,1.0,22.152752728207272,20.0,26.0,1.0,0.0,92122.0,7.0,22.0
11.0,22.0,11.0,21.0,-121.0,11.0,11.0,-111.0,9.996617607038901,9.0,11.0,30000.0,10000.0,19000.0,0.0,24.272866194113135,16.5,19.0,0.0,10000.0,36471.38145925046,25000.0,0.0,25.570104482100096,17.0,20.0,0.0,121.0,10.014456850681603,9.0,11.0,1.0,15983.349448918563,10000.0,19000.0,1.0,16.5,17.69475621168404,19.0,1.0,22451.594206328387,10000.0,25000.0,1.0,18.991365723612706,17.0,20.0,1.0,0.0,111.0,1.0,26.0
91.0,21.0,91.0,24.0,-721.0,911.0,12.0,-711.0,15.097291393456857,12.0,17.0,30000.0,18000.0,36000.0,1.0,24.49186393598643,20.0,25.0,1.0,18000.0,34053.025813911925,36000.0,1.0,24.98648345810735,20.0,26.0,1.0,722.0,15.138265282348176,12.0,17.0,1.0,27625.546839967155,18000.0,36000.0,1.0,20.0,23.486151599734637,25.0,1.0,31651.115150390902,18000.0,36000.0,1.0,23.97742028771891,20.0,26.0,1.0,1.0,91121.0,7.0,26.0
81.0,21.0,81.0,23.0,-721.0,912.0,12.0,-711.0,14.84564572340639,12.0,17.0,30000.0,12500.0,23000.0,0.0,26.92930879122634,20.0,24.0,0.0,12500.0,34445.13181766949,26000.0,0.0,27.484709907689627,20.0,25.0,0.0,721.0,15.767462394250586,12.0,17.0,1.0,18912.23232344527,12500.0,23000.0,1.0,20.0,22.7374461542897,24.0,1.0,23448.375953797116,12500.0,26000.0,1.0,23.30421882607429,20.0,25.0,1.0,0.0,912.0,7.0,7.0
91.0,24.0,91.0,21.0,-721.0,911.0,11.0,-711.0,15.768931951396306,12.0,17.0,30000.0,18000.0,36000.0,1.0,24.626530125140235,20.0,25.0,1.0,18000.0,34554.72170423542,36000.0,1.0,25.194883837183635,20.0,26.0,1.0,721.0,14.849744426432103,12.0,17.0,1.0,19307.330562142608,18000.0,36000.0,1.0,20.0,22.207992554348795,25.0,1.0,23775.89231982951,18000.0,36000.0,1.0,22.7655949343394,20.0,26.0,1.0,1.0,91121.0,7.0,21.0
11.0,22.0,11.0,22.0,-121.0,11.0,11.0,-111.0,10.200960614052242,9.0,11.0,30000.0,10000.0,19000.0,0.0,22.78172522895147,16.5,19.0,0.0,10000.0,36937.160660220274,25000.0,0.0,24.085732233935797,17.0,20.0,0.0,122.0,10.217189270607154,9.0,11.0,1.0,13764.519470563739,10000.0,19000.0,1.0,16.5,17.34138953671807,19.0,1.0,20581.71050425897,10000.0,25000.0,1.0,18.62284535094346,17.0,20.0,1.0,0.0,111.0,1.0,30.0
11.0,22.0,11.0,22.0,-121.0,21.0,13.0,-111.0,9.99026509253855,9.0,11.0,30000.0,10000.0,19000.0,0.0,25.032616217687153,16.5,19.0,0.0,10000.0,36513.94040055762,25000.0,0.0,26.330648777781843,17.0,20.0,0.0,121.0,9.991784421640322,9.0,11.0,1.0,14579.656145574867,10000.0,19000.0,1.0,16.5,17.456199852173363,19.0,1.0,21073.318210710306,10000.0,25000.0,1.0,18.750191549437886,17.0,20.0,1.0,0.0,211.0,1.0,5.0
11.0,22.0,11.0,22.0,-121.0,11.0,11.0,-111.0,9.998876464852895,9.0,11.0,30000.0,10000.0,19000.0,0.0,25.198188089270474,16.5,19.0,0.0,10000.0,36559.03088040808,25000.0,0.0,26.515472159594644,17.0,20.0,0.0,121.0,9.996246312882143,9.0,11.0,1.0,13854.925766226941,10000.0,19000.0,1.0,16.5,17.338462995668635,19.0,1.0,20374.630777085054,10000.0,25000.0,1.0,18.64784904836576,17.0,20.0,1.0,0.0,111.0,1.0,15.0
11.0,22.0,11.0,22.0,-121.0,21.0,12.0,-111.0,9.995712556860395,9.0,11.0,30000.0,10000.0,19000.0,0.0,24.21603741369445,16.5,19.0,0.0,10000.0,36488.0347068185,25000.0,0.0,25.50873822779254,17.0,20.0,0.0,121.0,9.984216881763876,9.0,11.0,1.0,16293.29619299017,10000.0,19000.0,1.0,16.5,17.768605137903876,19.0,1.0,22759.21131663255,10000.0,25000.0,1.0,19.056898761770814,17.0,20.0,1.0,0.0,211.0,1.0,25.0
11.0,21.0,11.0,22.0,-121.0,11.0,12.0,-111.0,10.219697732440673,9.0,11.0,30000.0,10000.0,19000.0,0.0,24.763529840708802,16.5,19.0,0.0,10000.0,37107.47443665936,25000.0,0.0,26.10050246938098,17.0,20.0,0.0,122.0,10.19408006725761,9.0,11.0,1.0,16000.135153797624,10000.0,19000.0,1.0,16.5,17.75577280747408,19.0,1.0,23342.873751193943,10000.0,25000.0,1.0,19.137000501178992,17.0,20.0,1.0,0.0,111.0,1.0,51.0
11.0,22.0,11.0,22.0,-121.0,21.0,13.0,-111.0,10.005543442042049,9.0,11.0,30000.0,10000.0,19000.0,0.0,26.29638638401189,16.5,19.0,0.0,10000.0,36458.718985291394,25000.0,0.0,27.58982960946859,17.0,20.0,0.0,121.0,10.009907161205996,9.0,11.0,1.0,12473.644150710326,10000.0,19000.0,1.0,16.5,17.04684949860302,19.0,1.0,18935.68821972345,10000.0,25000.0,1.0,18.34095861570538,17.0,20.0,1.0,0.0,211.0,1.0,16.0
11.0,21.0,11.0,22.0,-121.0,11.0,12.0,-111.0,10.204794542551973,9.0,11.0,30000.0,10000.0,19000.0,0.0,25.777154558300595,16.5,19.0,0.0,10000.0,36962.015747833,25000.0,0.0,27.095122356061083,17.0,20.0,0.0,122.0,10.209966672020592,9.0,11.0,1.0,16505.623448162492,10000.0,19000.0,1.0,16.5,17.870214847288903,19.0,1.0,23387.685376831127,10000.0,25000.0,1.0,19.173046718504068,17.0,20.0,1.0,0.0,111.0,1.0,7.0
11.0,22.0,11.0,21.0,-121.0,21.0,13.0,-111.0,10.226581803761327,9.0,11.0,30000.0,10000.0,19000.0,0.0,27.49954496128858,16.5,19.0,0.0,10000.0,37020.705261587966,25000.0,0.0,28.8212635739461,17.0,20.0,0.0,122.0,10.194742535281103,9.0,11.0,1.0,12929.36068167589,10000.0,19000.0,1.0,16.5,17.081123895254063,19.0,1.0,19801.782179664435,10000.0,25000.0,1.0,18.374926593056625,17.0,20.0,1.0,0.0,211.0,1.0,2.0
11.0,22.0,11.0,22.0,-121.0,11.0,12.0,-111.0,10.002476468877664,9.0,11.0,30000.0,10000.0,19000.0,0.0,24.79706042099231,16.5,19.0,0.0,10000.0,36516.95518327744,25000.0,0.0,26.100095864044143,17.0,20.0,0.0,121.0,9.994047622574291,9.0,11.0,1.0,16521.14057368456,10000.0,19000.0,1.0,16.5,17.806762757360715,19.0,1.0,22997.178100957775,10000.0,25000.0,1.0,19.101616901858137,17.0,20.0,1.0,0.0,111.0,1.0,40.0
11.0,22.0,11.0,21.0,-121.0,11.0,11.0,-111.0,10.002713551800994,9.0,11.0,30000.0,10000.0,19000.0,0.0,26.207415688872434,16.5,19.0,0.0,10000.0,36570.11991788539,25000.0,0.0,27.524833818134535,17.0,20.0,0.0,121.0,10.000685357833655,9.0,11.0,1.0,15016.788441212688,10000.0,19000.0,1.0,16.5,17.487767990137257,19.0,1.0,21527.509227066723,10000.0,25000.0,1.0,18.793275607204976,17.0,20.0,1.0,0.0,111.0,1.0,0.0
11.0,22.0,11.0,22.0,-121.0,11.0,11.0,-111.0,10.01507882658311,9.0,11.0,30000.0,10000.0,19000.0,0.0,24.994128052500606,16.5,19.0,0.0,10000.0,36523.5215118702,25000.0,0.0,26.299364140306633,17.0,20.0,0.0,121.0,10.003690145709541,9.0,11.0,1.0,13745.828985128805,10000.0,19000.0,1.0,16.5,17.27640300199655,19.0,1.0,20236.947468781174,10000.0,25000.0,1.0,18.57515584272396,17.0,20.0,1.0,0.0,111.0,1.0,38.0
11.0,21.0,11.0,22.0,-121.0,21.0,13.0,-111.0,10.009357425543712,9.0,11.0,30000.0,10000.0,19000.0,0.0,26.941685022997675,16.5,19.0,0.0,10000.0,36536.83784147638,25000.0,0.0,28.251881504652637,17.0,20.0,0.0,121.0,9.9996822629084,9.0,11.0,1.0,16323.720244361437,10000.0,19000.0,1.0,16.5,17.783832244476308,19.0,1.0,22866.012995974543,10000.0,25000.0,1.0,19.09512206885174,17.0,20.0,1.0,0.0,211.0,1.0,32.0
11.0,22.0,11.0,22.0,-121.0,11.0,11.0,-111.0,10.223056701247316,9.0,11.0,30000.0,10000.0,19000.0,0.0,23.982359263254388,16.5,19.0,0.0,10000.0,36834.725074218935,25000.0,0.0,25.274919023180026,17.0,20.0,0.0,122.0,10.20309294446234,9.0,11.0,1.0,13095.436628516545,10000.0,19000.0,1.0,16.5,17.220237164707928,19.0,1.0,20093.589291004362,10000.0,25000.0,1.0,18.543703789498526,17.0,20.0,1.0,0.0,111.0,1.0,50.0
11.0,22.0,11.0,22.0,-121.0,21.0,13.0,-111.0,9.993341029707834,9.0,11.0,30000.0,10000.0,19000.0,0.0,26.8174222040252,16.5,19.0,0.0,10000.0,36491.09477174685,25000.0,0.0,28.112807270432974,17.0,20.0,0.0,121.0,10.00290208636091,9.0,11.0,1.0,15100.281276281687,10000.0,19000.0,1.0,16.5,17.55363336092005,19.0,1.0,21533.465764724006,10000.0,25000.0,1.0,18.837461653190022,17.0,20.0,1.0,0.0,211.0,1.0,31.0
11.0,22.0,11.0,22.0,-121.0,11.0,12.0,-111.0,9.99567027628304,9.0,11.0,30000.0,10000.0,19000.0,0.0,23.789352158262524,16.5,19.0,0.0,10000.0,36592.9775309005,25000.0,0.0,25.113576822610888,17.0,20.0,0.0,121.0,9.99424263353269,9.0,11.0,1.0,16033.952821523137,10000.0,19000.0,1.0,16.5,17.765583671130642,19.0,1.0,22573.621846280566,10000.0,25000.0,1.0,19.079101118849895,17.0,20.0,1.0,0.0,111.0,1.0,14.0
91.0,24.0,91.0,21.0,-721.0,911.0,11.0,-711.0,14.872031349792078,12.0,17.0,30000.0,18000.0,36000.0,1.0,24.86186338236032,20.0,25.0,1.0,18000.0,34487.8235436434,36000.0,1.0,25.423150854789803,20.0,26.0,1.0,721.0,14.800176910879031,12.0,17.0,1.0,24979.204552345236,18000.0,36000.0,1.0,20.0,22.862380999995978,25.0,1.0,29469.966880914373,18000.0,36000.0,1.0,23.42403602323198,20.0,26.0,1.0,1.0,91121.0,7.0,3.0
11.0,22.0,11.0,22.0,-121.0,11.0,12.0,-111.0,10.201832296229975,9.0,11.0,30000.0,10000.0,19000.0,0.0,24.555159975575855,16.5,19.0,0.0,10000.0,37103.34981699696,25000.0,0.0,25.893985325596514,17.0,20.0,0.0,122.0,10.188604928082821,9.0,11.0,1.0,14837.495687055329,10000.0,19000.0,1.0,16.5,17.52831816279172,19.0,1.0,21945.51064904826,10000.0,25000.0,1.0,18.868022790131256,17.0,20.0,1.0,0.0,111.0,1.0,40.0
81.0,23.0,81.0,21.0,-721.0,912.0,11.0,-711.0,15.2182263167532,12.0,17.0,30000.0,12500.0,23000.0,0.0,26.105268106729042,20.0,24.0,0.0,12500.0,33985.57392667844,26000.0,0.0,26.590653631030346,20.0,25.0,0.0,722.0,15.35431988569944,12.0,17.0,1.0,12227.38904745844,12500.0,23000.0,0.0,20.0,21.317724920373433,24.0,1.0,16252.261478220536,12500.0,26000.0,1.0,21.807896436694914,20.0,25.0,1.0,0.0,912.0,7.0,12.0
11.0,22.0,11.0,21.0,-121.0,21.0,12.0,-111.0,10.000998166358684,9.0,11.0,30000.0,10000.0,19000.0,0.0,23.465311292169872,16.5,19.0,0.0,10000.0,36535.23194474249,25000.0,0.0,24.768278033463204,17.0,20.0,0.0,121.0,9.99796352152842,9.0,11.0,1.0,13767.736812730103,10000.0,19000.0,1.0,16.5,17.24515893279191,19.0,1.0,20228.37608396104,10000.0,25000.0,1.0,18.533253704191672,17.0,20.0,1.0,0.0,211.0,1.0,53.0
11.0,22.0,11.0,22.0,-121.0,21.0,13.0,-111.0,10.192062097387351,9.0,11.0,30000.0,10000.0,19000.0,0.0,24.72355196460855,16.5,19.0,0.0,10000.0,36937.2024447649,25000.0,0.0,26.03121990299561,17.0,20.0,0.0,122.0,10.182835015720423,9.0,11.0,1.0,16335.213461698395,10000.0,19000.0,1.0,16.5,17.798393176121248,19.0,1.0,23410.32997306074,10000.0,25000.0,1.0,19.132058020981486,17.0,20.0,1.0,0.0,211.0,1.0,13.0
11.0,22.0,11.0,22.0,-121.0,21.0,13.0,-111.0,10.205783917986336,9.0,11.0,30000.0,10000.0,19000.0,0.0,25.864533265546562,16.5,19.0,0.0,10000.0,37066.48279765352,25000.0,0.0,27.193432423505794,17.0,20.0,0.0,122.0,10.205136565246324,9.0,11.0,1.0,13411.734512385874,10000.0,19000.0,1.0,16.5,17.266834614860223,19.0,1.0,20531.159322778156,10000.0,25000.0,1.0,18.60568987094688,17.0,20.0,1.0,0.0,211.0,1.0,31.0
11.0,22.0,11.0,21.0,-121.0,21.0,12.0,-111.0,10.004225168875193,9.0,11.0,30000.0,10000.0,19000.0,0.0,24.322541540391647,16.5,19.0,0.0,10000.0,36511.605860814096,25000.0,0.0,25.615643040413577,17.0,20.0,0.0,121.0,10.004156653990858,9.0,11.0,1.0,14133.504697482307,10000.0,19000.0,1.0,16.5,17.280382927878573,19.0,1.0,20638.088829635126,10000.0,25000.0,1.0,18.572090024114598,17.0,20.0,1.0,0.0,211.0,1.0,53.0
11.0,22.0,11.0,21.0,-121.0,21.0,13.0,-111.0,9.9768361415548,9.0,11.0,30000.0,10000.0,19000.0,0.0,25.549701867549047,16.5,19.0,0.0,10000.0,36475.858693802606,25000.0,0.0,26.846033749306816,17.0,20.0,0.0,121.0,9.994005679016706,9.0,11.0,1.0,14291.724650553015,10000.0,19000.0,1.0,16.5,17.32337579694196,19.0,1.0,20818.453531075396,10000.0,25000.0,1.0,18.629890829381957,17.0,20.0,1.0,0.0,211.0,1.0,58.0
81.0,23.0,81.0,21.0,-721.0,912.0,11.0,-711.0,15.361533367528871,12.0,17.0,30000.0,12500.0,23000.0,0.0,26.437640704081673,20.0,24.0,0.0,12500.0,33942.977364127546,26000.0,0.0,26.91766535658394,20.0,25.0,0.0,722.0,15.064987144904924,12.0,17.0,1.0,14076.27792335603,12500.0,23000.0,1.0,20.0,21.29690867121724,24.0,1.0,18048.932716787025,12500.0,26000.0,1.0,21.780546303549965,20.0,25.0,1.0,0.0,912.0,7.0,12.0
11.0,22.0,11.0,21.0,-121.0,21.0,12.0,-111.0,10.187061833122831,9.0,11.0,30000.0,10000.0,19000.0,0.0,24.191683459598174,16.5,19.0,0.0,10000.0,37003.43940035157,25000.0,0.0,25.509892118220442,17.0,20.0,0.0,122.0,10.220369509671647,9.0,11.0,1.0,14452.75928424034,10000.0,19000.0,1.0,16.5,17.4219309459977,19.0,1.0,21385.180658840436,10000.0,25000.0,1.0,18.726772375875314,17.0,20.0,1.0,0.0,211.0,1.0,53.0
81.0,21.0,81.0,23.0,-721.0,912.0,12.0,-711.0,14.483315820085796,12.0,17.0,30000.0,12500.0,23000.0,0.0,27.176879790643476,20.0,24.0,0.0,12500.0,34388.34113715885,26000.0,0.0,27.72428775219332,20.0,25.0,0.0,721.0,15.279925834733517,12.0,17.0,1.0,15448.537316361711,12500.0,23000.0,1.0,20.0,21.816996433252548,24.0,1.0,19980.185554486518,12500.0,26000.0,1.0,22.382280727923153,20.0,25.0,1.0,0.0,912.0,7.0,7.0
11.0,22.0,11.0,22.0,-121.0,21.0,13.0,-111.0,10.003488840629371,9.0,11.0,30000.0,10000.0,19000.0,0.0,25.678149344718136,16.5,19.0,0.0,10000.0,36483.70715995125,25000.0,0.0,26.973594391720816,17.0,20.0,0.0,121.0,9.983641958745055,9.0,11.0,1.0,13102.520150307515,10000.0,19000.0,1.0,16.5,17.123788756486896,19.0,1.0,19528.653482365204,10000.0,25000.0,1.0,18.407730549511296,17.0,20.0,1.0,0.0,211.0,1.0,16.0
11.0,22.0,11.0,22.0,-121.0,11.0,11.0,-111.0,10.215076142645824,9.0,11.0,30000.0,10000.0,19000.0,0.0,23.832852206431347,16.5,19.0,0.0,10000.0,36945.38801649588,25000.0,0.0,25.14516767790613,17.0,20.0,0.0,122.0,10.217241219203602,9.0,11.0,1.0,14275.432089589967,10000.0,19000.0,1.0,16.5,17.46170773044117,19.0,1.0,21220.713804473125,10000.0,25000.0,1.0,18.774003116464904,17.0,20.0,1.0,0.0,111.0,1.0,30.0
11.0,22.0,11.0,22.0,-121.0,21.0,13.0,-111.0,10.198682403098777,9.0,11.0,30000.0,10000.0,19000.0,0.0,24.95904610954787,16.5,19.0,0.0,10000.0,37095.572865582544,25000.0,0.0,26.298172830858576,17.0,20.0,0.0,122.0,10.197948096091613,9.0,11.0,1.0,12736.436331874367,10000.0,19000.0,1.0,16.5,17.15362615016824,19.0,1.0,19714.354927396576,10000.0,25000.0,1.0,18.470548325080962,17.0,20.0,1.0,0.0,211.0,1.0,36.0
81.0,23.0,81.0,23.0,-721.0,912.0,12.0,-711.0,15.059446486273076,12.0,17.0,30000.0,12500.0,23000.0,0.0,26.84596568177747,20.0,24.0,0.0,12500.0,33958.38433490766,26000.0,0.0,27.32803699230165,20.0,25.0,0.0,722.0,15.030412835078462,12.0,17.0,1.0,18508.04265947955,12500.0,23000.0,1.0,20.0,21.921201994825143,24.0,1.0,22521.61296061028,12500.0,26000.0,1.0,22.4099941209167,20.0,25.0,1.0,0.0,912.0,7.0,5.0
11.0,22.0,11.0,21.0,-121.0,21.0,13.0,-111.0,9.997882825045435,9.0,11.0,30000.0,10000.0,19000.0,0.0,24.97694975879489,16.5,19.0,0.0,10000.0,36508.81137224809,25000.0,0.0,26.280368095017888,17.0,20.0,0.0,121.0,10.00587370437697,9.0,11.0,1.0,12076.703619380769,10000.0,19000.0,1.0,16.5,16.91159796067071,19.0,1.0,18546.317653275546,10000.0,25000.0,1.0,18.20716685609432,17.0,20.0,1.0,0.0,211.0,1.0,20.0
91.0,24.0,91.0,24.0,-721.0,911.0,11.0,-711.0,15.322972399292171,12.0,17.0,30000.0,18000.0,36000.0,1.0,24.92289821077147,20.0,25.0,1.0,18000.0,33996.75590066279,36000.0,1.0,25.408905753782246,20.0,26.0,1.0,722.0,15.425825540897296,12.0,17.0,1.0,25400.583359322925,18000.0,36000.0,1.0,20.0,23.44251740961107,25.0,1.0,29310.611049170584,18000.0,36000.0,1.0,23.917978758234295,20.0,26.0,1.0,1.0,91121.0,7.0,28.0
11.0,22.0,11.0,22.0,-121.0,11.0,11.0,-111.0,10.011747668659053,9.0,11.0,30000.0,10000.0,19000.0,0.0,24.380089039147094,16.5,19.0,0.0,10000.0,36609.86904522264,25000.0,0.0,25.70109562320882,17.0,20.0,0.0,121.0,10.00488310327016,9.0,11.0,1.0,13941.476086148172,10000.0,19000.0,1.0,16.5,17.308350318520496,19.0,1.0,20425.871285842033,10000.0,25000.0,1.0,18.604280494118296,17.0,20.0,1.0,0.0,111.0,1.0,27.0
92.0,24.0,92.0,24.0,-721.0,921.0,13.0,-711.0,15.384653465951398,12.0,17.0,30000.0,15000.0,28000.0,0.0,24.576536936003357,19.5,25.0,1.0,15000.0,34542.85815276879,28000.0,0.0,25.144897333322053,20.0,26.0,1.0,721.0,14.427554072866329,12.0,17.0,1.0,21601.973464962553,15000.0,28000.0,1.0,19.5,21.127899065286957,25.0,1.0,26027.896885192542,15000.0,28000.0,1.0,21.681629670344673,20.0,26.0,1.0,0.0,92122.0,7.0,22.0
11.0,21.0,11.0,22.0,-121.0,21.0,13.0,-111.0,10.011899062049213,9.0,11.0,30000.0,10000.0,19000.0,0.0,27.226732437762838,16.5,19.0,0.0,10000.0,36491.1200923159,25000.0,0.0,28.519808246332317,17.0,20.0,0.0,121.0,9.98280249037995,9.0,11.0,1.0,14767.08557935107,10000.0,19000.0,1.0,16.5,17.460529503169234,19.0,1.0,21310.10409960111,10000.0,25000.0,1.0,18.76394383586244,17.0,20.0,1.0,0.0,211.0,1.0,52.0
11.0,22.0,11.0,21.0,-121.0,11.0,12.0,-111.0,9.992576270577302,9.0,11.0,30000.0,10000.0,19000.0,0.0,23.89148527817966,16.5,19.0,0.0,10000.0,36577.99237982562,25000.0,0.0,25.201765257720865,17.0,20.0,0.0,121.0,9.984773339351602,9.0,11.0,1.0,13624.157506463653,10000.0,19000.0,1.0,16.5,17.177278923990993,19.0,1.0,20141.518462845263,10000.0,25000.0,1.0,18.475481641096714,17.0,20.0,1.0,0.0,111.0,1.0,46.0
11.0,22.0,11.0,21.0,-121.0,21.0,13.0,-111.0,10.00988274077426,9.0,11.0,30000.0,10000.0,19000.0,0.0,26.565076546814048,16.5,19.0,0.0,10000.0,36489.46642161577,25000.0,0.0,27.86757525921172,17.0,20.0,0.0,121.0,10.00479634208912,9.0,11.0,1.0,12856.712435771618,10000.0,19000.0,1.0,16.5,17.021470369487602,19.0,1.0,19358.43638585326,10000.0,25000.0,1.0,18.326429286470166,17.0,20.0,1.0,0.0,211.0,1.0,33.0
91.0,24.0,91.0,24.0,-721.0,911.0,11.0,-711.0,15.376474935904207,12.0,17.0,30000.0,18000.0,36000.0,1.0,24.142061911272023,20.0,25.0,1.0,18000.0,33983.15553561315,36000.0,1.0,24.626668036971022,20.0,26.0,1.0,722.0,15.330110986373782,12.0,17.0,1.0,26741.050972449215,18000.0,36000.0,1.0,20.0,23.62754549997429,25.0,1.0,30823.506334604077,18000.0,36000.0,1.0,24.1242328270707,20.0,26.0,1.0,1.0,91121.0,7.0,9.0
11.0,22.0,11.0,22.0,-121.0,11.0,12.0,-111.0,10.202176235911992,9.0,11.0,30000.0,10000.0,19000.0,0.0,24.76250203231548,16.5,19.0,0.0,10000.0,37010.5609020708,25000.0,0.0,26.090227255813097,17.0,20.0,0.0,122.0,10.207309353204417,9.0,11.0,1.0,15637.118695410096,10000.0,19000.0,1.0,16.5,17.65979430884347,19.0,1.0,22719.063998218055,10000.0,25000.0,1.0,19.001038974044388,17.0,20.0,1.0,0.0,111.0,1.0,40.0
91.0,24.0,91.0,24.0,-721.0,911.0,11.0,-711.0,15.213192475895662,12.0,17.0,30000.0,18000.0,36000.0,1.0,24.546179351989714,20.0,25.0,1.0,18000.0,33978.07898727558,36000.0,1.0,25.03290960392631,20.0,26.0,1.0,722.0,15.098920608762487,12.0,17.0,1.0,23597.55887649788,18000.0,36000.0,1.0,20.0,23.034604654100207,25.0,1.0,27610.008976763052,18000.0,36000.0,1.0,23.525540317879624,20.0,26.0,1.0,1.0,91121.0,7.0,4.0
92.0,24.0,92.0,24.0,-721.0,921.0,13.0,-711.0,15.248792762448256,12.0,17.0,30000.0,15000.0,28000.0,0.0,23.82985006328609,19.5,25.0,1.0,15000.0,34018.3215266162,28000.0,0.0,24.318657328035783,20.0,26.0,1.0,722.0,15.316150510240307,12.0,17.0,1.0,18666.82494340997,15000.0,28000.0,1.0,19.5,21.580662209408903,25.0,1.0,22639.29090094444,15000.0,28000.0,1.0,22.06389139008844,20.0,26.0,1.0,0.0,92122.0,7.0,25.0
11.0,22.0,11.0,22.0,-121.0,11.0,11.0,-111.0,10.005584455337043,9.0,11.0,30000.0,10000.0,19000.0,0.0,24.53241316957751,16.5,19.0,0.0,10000.0,36493.16332941128,25000.0,0.0,25.82712495474962,17.0,20.0,0.0,121.0,10.008551760202085,9.0,11.0,1.0,18875.834896133732,10000.0,19000.0,1.0,16.5,18.30466057606231,19.0,1.0,25274.89199035584,10000.0,25000.0,0.0,19.580607940015305,17.0,20.0,1.0,0.0,111.0,1.0,55.0
11.0,22.0,11.0,22.0,-121.0,21.0,13.0,-111.0,9.997885865663203,9.0,11.0,30000.0,10000.0,19000.0,0.0,26.22065092750857,16.5,19.0,0.0,10000.0,36484.69571272312,25000.0,0.0,27.518572269771035,17.0,20.0,0.0,121.0,9.976381120959298,9.0,11.0,1.0,14684.8922192613,10000.0,19000.0,1.0,16.5,17.43447442128827,19.0,1.0,21217.682407626882,10000.0,25000.0,1.0,18.74202194327399,17.0,20.0,1.0,0.0,211.0,1.0,28.0
11.0,22.0,11.0,22.0,-121.0,21.0,13.0,-111.0,10.20341726229538,9.0,11.0,30000.0,10000.0,19000.0,0.0,25.26690621666612,16.5,19.0,0.0,10000.0,36955.68941218926,25000.0,0.0,26.573989039759013,17.0,20.0,0.0,122.0,10.210743463199693,9.0,11.0,1.0,13142.955694930613,10000.0,19000.0,1.0,16.5,17.248487605556367,19.0,1.0,19927.408093146718,10000.0,25000.0,1.0,18.523392315686106,17.0,20.0,1.0,0.0,211.0,1.0,16.0
11.0,22.0,11.0,21.0,-121.0,11.0,12.0,-111.0,9.99479822747782,9.0,11.0,30000.0,10000.0,19000.0,0.0,24.925622887185177,16.5,19.0,0.0,10000.0,36582.73445355218,25000.0,0.0,26.24573030504486,17.0,20.0,0.0,121.0,10.011949244365749,9.0,11.0,1.0,13176.30493752951,10000.0,19000.0,1.0,16.5,17.12735474591494,19.0,1.0,19729.0871240051,10000.0,25000.0,1.0,18.44145550951437,17.0,20.0,1.0,0.0,111.0,1.0,46.0
11.0,22.0,11.0,21.0,-121.0,21.0,12.0,-111.0,10.202227505668473,9.0,11.0,30000.0,10000.0,19000.0,0.0,24.707429574095855,16.5,19.0,0.0,10000.0,37093.27398833467,25000.0,0.0,26.043825392518258,17.0,20.0,0.0,122.0,10.180648187982204,9.0,11.0,1.0,14549.108719181433,10000.0,19000.0,1.0,16.5,17.42190940465388,19.0,1.0,21545.53000604518,10000.0,25000.0,1.0,18.74005786008685,17.0,20.0,1.0,0.0,211.0,1.0,53.0
11.0,22.0,11.0,22.0,-121.0,11.0,11.0,-111.0,9.984880275058506,9.0,11.0,30000.0,10000.0,19000.0,0.0,24.194278317123803,16.5,19.0,0.0,10000.0,36448.37731448031,25000.0,0.0,25.483501788645523,17.0,20.0,0.0,121.0,9.98968649391168,9.0,11.0,1.0,18013.859671073427,10000.0,19000.0,1.0,16.5,18.127450665480794,19.0,1.0,24557.124034960303,10000.0,25000.0,1.0,19.435644895888423,17.0,20.0,1.0,0.0,111.0,1.0,17.0
11.0,22.0,11.0,22.0,-121.0,21.0,13.0,-111.0,10.214779193372538,9.0,11.0,30000.0,10000.0,19000.0,0.0,26.065111008776064,16.5,19.0,0.0,10000.0,36913.34369497266,25000.0,0.0,27.369571145674843,17.0,20.0,0.0,122.0,10.182078650660435,9.0,11.0,1.0,16574.21230076305,10000.0,19000.0,1.0,16.5,17.852484436880122,19.0,1.0,23546.605417067836,10000.0,25000.0,1.0,19.16808644949538,17.0,20.0,1.0,0.0,211.0,1.0,16.0
11.0,21.0,11.0,22.0,-121.0,11.0,12.0,-111.0,10.203838325225274,9.0,11.0,30000.0,10000.0,19000.0,0.0,25.36293175922441,16.5,19.0,0.0,10000.0,37065.86484358866,25000.0,0.0,26.695825097778144,17.0,20.0,0.0,122.0,10.220945171592284,9.0,11.0,1.0,15524.6957221249,10000.0,19000.0,1.0,16.5,17.648378460144315,19.0,1.0,22444.225067421285,10000.0,25000.0,1.0,18.953667306511267,17.0,20.0,1.0,0.0,111.0,1.0,7.0
81.0,23.0,81.0,23.0,-721.0,912.0,11.0,-711.0,15.174206156265143,12.0,17.0,30000.0,12500.0,23000.0,0.0,27.023803773917695,20.0,24.0,0.0,12500.0,34062.67070759068,26000.0,0.0,27.516927566516088,20.0,25.0,0.0,722.0,15.060777156614073,12.0,17.0,1.0,14348.01458770028,12500.0,23000.0,1.0,20.0,21.346825174214267,24.0,1.0,18379.5899965769,12500.0,26000.0,1.0,21.83617464377801,20.0,25.0,1.0,0.0,912.0,7.0,17.0
81.0,23.0,81.0,23.0,-721.0,912.0,12.0,-711.0,15.254818924889546,12.0,17.0,30000.0,12500.0,23000.0,0.0,26.124596883782125,20.0,24.0,0.0,12500.0,34008.38304249635,26000.0,0.0,26.61482849666437,20.0,25.0,0.0,722.0,15.098371807951615,12.0,17.0,1.0,14622.268367385235,12500.0,23000.0,1.0,20.0,21.46786956848721,24.0,1.0,18645.041952311058,12500.0,26000.0,1.0,21.959861167566046,20.0,25.0,1.0,0.0,912.0,7.0,5.0
11.0,22.0,11.0,22.0,-121.0,21.0,13.0,-111.0,10.008218347162979,9.0,11.0,30000.0,10000.0,19000.0,0.0,24.78635390149396,16.5,19.0,0.0,10000.0,36486.14952744183,25000.0,0.0,26.082475907281122,17.0,20.0,0.0,121.0,9.994842595679186,9.0,11.0,1.0,11451.861486282398,10000.0,19000.0,1.0,16.5,16.819711706488043,19.0,1.0,17958.322234117342,10000.0,25000.0,1.0,18.119892486992708,17.0,20.0,1.0,0.0,211.0,1.0,28.0
81.0,21.0,81.0,21.0,-721.0,912.0,12.0,-711.0,15.098233735412252,12.0,17.0,30000.0,12500.0,23000.0,0.0,27.611035838100666,20.0,24.0,0.0,12500.0,34047.92745980363,26000.0,0.0,28.106123048364807,20.0,25.0,0.0,722.0,15.209634719096771,12.0,17.0,1.0,16144.723079080186,12500.0,23000.0,1.0,20.0,21.619816996848762,24.0,1.0,20151.374667150398,12500.0,26000.0,1.0,22.109855906126626,20.0,25.0,1.0,0.0,912.0,7.0,6.0
11.0,22.0,11.0,22.0,-121.0,21.0,13.0,-111.0,10.202459175603256,9.0,11.0,30000.0,10000.0,19000.0,0.0,25.396070395856565,16.5,19.0,0.0,10000.0,36860.81478250424,25000.0,0.0,26.6912794488131,17.0,20.0,0.0,122.0,10.192904045449147,9.0,11.0,1.0,12463.08898844277,10000.0,19000.0,1.0,16.5,17.043119980588983,19.0,1.0,19546.638448337886,10000.0,25000.0,1.0,18.380377679327314,17.0,20.0,1.0,0.0,211.0,1.0,16.0
91.0,24.0,91.0,24.0,-721.0,911.0,11.0,-711.0,15.212842353590183,12.0,17.0,30000.0,18000.0,36000.0,1.0,25.357228422254337,20.0,25.0,0.0,18000.0,34040.00411137109,36000.0,1.0,25.85310111853328,20.0,26.0,1.0,722.0,15.250998610612392,12.0,17.0,1.0,25052.29038643266,18000.0,36000.0,1.0,20.0,23.356847536556838,25.0,1.0,29041.504039556,18000.0,36000.0,1.0,23.846486179408544,20.0,26.0,1.0,0.0,91121.0,7.0,28.0
11.0,21.0,11.0,21.0,-121.0,11.0,11.0,-111.0,10.19147794572893,9.0,11.0,30000.0,10000.0,19000.0,0.0,25.889159797194157,16.5,19.0,0.0,10000.0,36988.460796251224,25000.0,0.0,27.209752322415653,17.0,20.0,0.0,122.0,10.200878945926492,9.0,11.0,1.0,13130.092459586927,10000.0,19000.0,1.0,16.5,17.172903221130422,19.0,1.0,20069.03854256145,10000.0,25000.0,1.0,18.484139070805167,17.0,20.0,1.0,0.0,111.0,1.0,18.0
11.0,22.0,11.0,22.0,-121.0,11.0,12.0,-111.0,10.17639414109096,9.0,11.0,30000.0,10000.0,19000.0,0.0,24.76627977089683,16.5,19.0,0.0,10000.0,36947.09516616613,25000.0,0.0,26.06834696542998,17.0,20.0,0.0,122.0,10.18333350032219,9.0,11.0,1.0,16369.263978996796,10000.0,19000.0,1.0,16.5,17.753022473454827,19.0,1.0,23386.108612630476,10000.0,25000.0,1.0,19.06816254107427,17.0,20.0,1.0,0.0,111.0,1.0,42.0
81.0,23.0,81.0,23.0,-721.0,912.0,11.0,-711.0,14.816012384671058,12.0,17.0,30000.0,12500.0,23000.0,0.0,26.712549501840627,20.0,24.0,0.0,12500.0,34573.73246225047,26000.0,0.0,27.28189941348441,20.0,25.0,0.0,721.0,14.406425468127303,12.0,17.0,1.0,18226.91961474759,12500.0,23000.0,1.0,20.0,21.136337981841073,24.0,1.0,22783.929428080148,12500.0,26000.0,1.0,21.703606215388806,20.0,25.0,1.0,0.0,912.0,7.0,17.0
11.0,22.0,11.0,22.0,-121.0,11.0,11.0,-111.0,9.988887355852567,9.0,11.0,30000.0,10000.0,19000.0,0.0,24.377799981853226,16.5,19.0,0.0,10000.0,36544.94313792842,25000.0,0.0,25.688734931672467,17.0,20.0,0.0,121.0,9.981090319438774,9.0,11.0,1.0,15553.419238490595,10000.0,19000.0,1.0,16.5,17.6677332916097,19.0,1.0,22033.191689716823,10000.0,25000.0,1.0,18.96561472375871,17.0,20.0,1.0,0.0,111.0,1.0,57.0
91.0,24.0,91.0,21.0,-721.0,911.0,11.0,-711.0,15.135193363873197,12.0,17.0,30000.0,18000.0,36000.0,1.0,23.94665773028602,20.0,25.0,1.0,18000.0,33971.0116649534,36000.0,1.0,24.43103165630225,20.0,26.0,1.0,722.0,15.047365751979209,12.0,17.0,1.0,23462.862161648503,18000.0,36000.0,1.0,20.0,22.874874791808757,25.0,1.0,27456.446009359886,18000.0,36000.0,1.0,23.36200201539843,20.0,26.0,1.0,1.0,91121.0,7.0,2.0
11.0,22.0,11.0,21.0,-121.0,21.0,13.0,-111.0,10.1990969195431,9.0,11.0,30000.0,10000.0,19000.0,0.0,25.732055175278404,16.5,19.0,0.0,10000.0,36890.23142735157,25000.0,0.0,27.029959019075207,17.0,20.0,0.0,122.0,10.198365413804039,9.0,11.0,1.0,12326.73951927968,10000.0,19000.0,1.0,16.5,16.966427511606934,19.0,1.0,19509.682548435987,10000.0,25000.0,1.0,18.31946905536519,17.0,20.0,1.0,0.0,211.0,1.0,58.0
81.0,23.0,81.0,23.0,-721.0,912.0,12.0,-711.0,15.71473546779843,12.0,17.0,30000.0,12500.0,23000.0,0.0,26.661462183630846,20.0,24.0,0.0,12500.0,34576.65914399838,26000.0,0.0,27.231385218406302,20.0,25.0,0.0,721.0,14.423004274728424,12.0,17.0,1.0,17829.28272400072,12500.0,23000.0,1.0,20.0,21.180258188339828,24.0,1.0,22303.659085225117,12500.0,26000.0,1.0,21.737444134306678,20.0,25.0,1.0,0.0,912.0,7.0,10.0
11.0,22.0,11.0,22.0,-121.0,11.0,12.0,-111.0,9.987866584288081,9.0,11.0,30000.0,10000.0,19000.0,0.0,23.638157850378292,16.5,19.0,0.0,10000.0,36446.504628847106,25000.0,0.0,24.926859980701824,17.0,20.0,0.0,121.0,10.015949249655826,9.0,11.0,1.0,15724.46859516539,10000.0,19000.0,1.0,16.5,17.659566090224317,19.0,1.0,22265.815054342755,10000.0,25000.0,1.0,18.967227777055953,17.0,20.0,1.0,0.0,111.0,1.0,42.0
11.0,22.0,11.0,22.0,-121.0,21.0,13.0,-111.0,9.988278463141741,9.0,11.0,30000.0,10000.0,19000.0,0.0,24.544346535733386,16.5,19.0,0.0,10000.0,36444.49923876657,25000.0,0.0,25.832179022459208,17.0,20.0,0.0,121.0,10.001889525069137,9.0,11.0,1.0,12351.46094615767,10000.0,19000.0,1.0,16.5,16.976885368845082,19.0,1.0,18909.692553645058,10000.0,25000.0,1.0,18.287445492553136,17.0,20.0,1.0,0.0,211.0,1.0,41.0
81.0,23.0,81.0,21.0,-721.0,912.0,12.0,-711.0,15.39499218892512,12.0,17.0,30000.0,12500.0,23000.0,0.0,27.763828022640084,20.0,24.0,0.0,12500.0,34004.53182414157,26000.0,0.0,28.252028177851344,20.0,25.0,0.0,722.0,15.364167029391606,12.0,17.0,1.0,15821.800598794305,12500.0,23000.0,1.0,20.0,21.82505236741623,24.0,1.0,19765.214543052,12500.0,26000.0,1.0,22.305801524669224,20.0,25.0,1.0,0.0,912.0,7.0,11.0
11.0,22.0,11.0,22.0,-121.0,21.0,13.0,-111.0,10.235706600524104,9.0,11.0,30000.0,10000.0,19000.0,0.0,25.850003967619248,16.5,19.0,0.0,10000.0,37140.9715208758,25000.0,0.0,27.19783771012747,17.0,20.0,0.0,122.0,10.196841997085404,9.0,11.0,1.0,15124.872386980178,10000.0,19000.0,1.0,16.5,17.64016552019649,19.0,1.0,21972.429345647914,10000.0,25000.0,1.0,18.932618276191718,17.0,20.0,1.0,0.0,211.0,1.0,22.0
91.0,21.0,91.0,24.0,-721.0,911.0,12.0,-711.0,15.138485510663969,12.0,17.0,30000.0,18000.0,36000.0,1.0,25.035418761667955,20.0,25.0,0.0,18000.0,33951.88549808546,36000.0,1.0,25.51527984085395,20.0,26.0,1.0,722.0,15.152335476293546,12.0,17.0,1.0,27846.85326956973,18000.0,36000.0,1.0,20.0,23.610831384125493,25.0,1.0,31858.173307409157,18000.0,36000.0,1.0,24.097909353173574,20.0,26.0,1.0,0.0,91121.0,7.0,19.0
81.0,23.0,81.0,21.0,-721.0,912.0,12.0,-711.0,15.426291468785136,12.0,17.0,30000.0,12500.0,23000.0,0.0,26.54253165189331,20.0,24.0,0.0,12500.0,34512.99660796228,26000.0,0.0,27.10856333797745,20.0,25.0,0.0,721.0,15.264457982992699,12.0,17.0,1.0,16659.76705309429,12500.0,23000.0,1.0,20.0,21.87460256886436,24.0,1.0,21106.46641766494,12500.0,26000.0,1.0,22.432319083518173,20.0,25.0,1.0,0.0,912.0,7.0,30.0
81.0,23.0,81.0,23.0,-721.0,912.0,11.0,-711.0,14.78979905140425,12.0,17.0,30000.0,12500.0,23000.0,0.0,25.797416758958242,20.0,24.0,0.0,12500.0,34538.504758449715,26000.0,0.0,26.36633609432967,20.0,25.0,0.0,721.0,15.249670129969536,12.0,17.0,1.0,18447.710478260753,12500.0,23000.0,1.0,20.0,22.152592251328475,24.0,1.0,22986.245667674746,12500.0,26000.0,1.0,22.721515401340383,20.0,25.0,1.0,0.0,912.0,7.0,17.0
11.0,22.0,11.0,22.0,-121.0,11.0,12.0,-111.0,10.21084337676958,9.0,11.0,30000.0,10000.0,19000.0,0.0,24.09472364439942,16.5,19.0,0.0,10000.0,37037.92125873839,25000.0,0.0,25.415720625578288,17.0,20.0,0.0,122.0,10.19410474980708,9.0,11.0,1.0,15785.114657451599,10000.0,19000.0,1.0,16.5,17.682619069551485,19.0,1.0,22855.44301633805,10000.0,25000.0,1.0,19.009698767471637,17.0,20.0,1.0,0.0,111.0,1.0,40.0
11.0,22.0,11.0,22.0,-121.0,21.0,13.0,-111.0,10.21578509341569,9.0,11.0,30000.0,10000.0,19000.0,0.0,26.845435066898236,16.5,19.0,0.0,10000.0,37083.52624075257,25000.0,0.0,28.176837217423785,17.0,20.0,0.0,122.0,10.216377894296368,9.0,11.0,1.0,13158.609453967198,10000.0,19000.0,1.0,16.5,17.236777609391595,19.0,1.0,20170.730942138238,10000.0,25000.0,1.0,18.554758698441027,17.0,20.0,1.0,0.0,211.0,1.0,4.0
81.0,23.0,81.0,21.0,-721.0,912.0,11.0,-711.0,15.59863603457052,12.0,17.0,30000.0,12500.0,23000.0,0.0,26.310847126452707,20.0,24.0,0.0,12500.0,34476.66988006082,26000.0,0.0,26.872494705641916,20.0,25.0,0.0,721.0,15.81346878734101,12.0,17.0,1.0,13733.848903173626,12500.0,23000.0,1.0,20.0,21.961520448469493,24.0,1.0,18218.041844067622,12500.0,26000.0,1.0,22.52411187856088,20.0,25.0,1.0,0.0,912.0,7.0,12.0
11.0,22.0,11.0,21.0,-121.0,11.0,12.0,-111.0,10.006938441765376,9.0,11.0,30000.0,10000.0,19000.0,0.0,24.72896559554394,16.5,19.0,0.0,10000.0,36460.08299694829,25000.0,0.0,26.018460655706214,17.0,20.0,0.0,121.0,10.006865482158593,9.0,11.0,1.0,13698.179149018675,10000.0,19000.0,1.0,16.5,17.230227498865293,19.0,1.0,20135.921074377948,10000.0,25000.0,1.0,18.515263065013887,17.0,20.0,1.0,0.0,111.0,1.0,45.0
11.0,22.0,11.0,21.0,-121.0,11.0,11.0,-111.0,9.9985828305063,9.0,11.0,30000.0,10000.0,19000.0,0.0,24.38375977789817,16.5,19.0,0.0,10000.0,36473.1188473685,25000.0,0.0,25.676289945470344,17.0,20.0,0.0,121.0,9.9910475003256,9.0,11.0,1.0,13318.564671732245,10000.0,19000.0,1.0,16.5,17.124336597505646,19.0,1.0,19905.558242907813,10000.0,25000.0,1.0,18.439604879318438,17.0,20.0,1.0,0.0,111.0,1.0,39.0
91.0,24.0,91.0,21.0,-721.0,911.0,11.0,-711.0,14.868961884887428,12.0,17.0,30000.0,18000.0,36000.0,1.0,24.974965043155414,20.0,25.0,1.0,18000.0,34462.049326113745,36000.0,1.0,25.532200912453284,20.0,26.0,1.0,721.0,14.161765728101352,12.0,17.0,1.0,20820.283254596805,18000.0,36000.0,1.0,20.0,21.65574880162233,25.0,1.0,25328.888049747726,18000.0,36000.0,1.0,22.21879867595768,20.0,26.0,1.0,1.0,91121.0,7.0,2.0
11.0,22.0,11.0,22.0,-121.0,21.0,13.0,-111.0,10.201091037896623,9.0,11.0,30000.0,10000.0,19000.0,0.0,26.53333795258382,16.5,19.0,0.0,10000.0,37225.77973671238,25000.0,0.0,27.898914326419806,17.0,20.0,0.0,122.0,10.181811383195395,9.0,11.0,1.0,12716.754020355747,10000.0,19000.0,1.0,16.5,17.09493739345172,19.0,1.0,19782.842883208512,10000.0,25000.0,1.0,18.430334313663902,17.0,20.0,1.0,0.0,211.0,1.0,4.0
11.0,21.0,11.0,22.0,-121.0,21.0,13.0,-111.0,9.994130138440616,9.0,11.0,30000.0,10000.0,19000.0,0.0,27.868199217669357,16.5,19.0,0.0,10000.0,36567.46281376685,25000.0,0.0,29.18456955155743,17.0,20.0,0.0,121.0,9.996130022185707,9.0,11.0,1.0,13142.585438568412,10000.0,19000.0,1.0,16.5,17.171553953833318,19.0,1.0,19650.428798012315,10000.0,25000.0,1.0,18.475974272438652,17.0,20.0,1.0,0.0,211.0,1.0,32.0
11.0,21.0,11.0,22.0,-121.0,11.0,11.0,-111.0,10.207290008778562,9.0,11.0,30000.0,10000.0,19000.0,0.0,25.015154712188192,16.5,19.0,0.0,10000.0,37033.76534386908,25000.0,0.0,26.347076688101453,17.0,20.0,0.0,122.0,10.2114418368163,9.0,11.0,1.0,15627.798198199362,10000.0,19000.0,1.0,16.5,17.712315866431105,19.0,1.0,22602.979126281498,10000.0,25000.0,1.0,19.03314422931949,17.0,20.0,1.0,0.0,111.0,1.0,29.0
11.0,21.0,11.0,22.0,-121.0,11.0,11.0,-111.0,10.197658714835242,9.0,11.0,30000.0,10000.0,19000.0,0.0,24.9034741958459,16.5,19.0,0.0,10000.0,36898.73867057015,25000.0,0.0,26.199760626989715,17.0,20.0,0.0,122.0,10.186388503105352,9.0,11.0,1.0,14890.065758172637,10000.0,19000.0,1.0,16.5,17.495276670595963,19.0,1.0,21833.574658775688,10000.0,25000.0,1.0,18.799975515150713,17.0,20.0,1.0,0.0,111.0,1.0,29.0
11.0,21.0,11.0,22.0,-121.0,21.0,13.0,-111.0,10.004959760639453,9.0,11.0,30000.0,10000.0,19000.0,0.0,28.609548891482284,16.5,19.0,0.0,10000.0,36561.44960442197,25000.0,0.0,29.922071377732884,17.0,20.0,0.0,121.0,9.994771850021872,9.0,11.0,1.0,14729.75842542284,10000.0,19000.0,1.0,16.5,17.479033533421255,19.0,1.0,21195.67292556681,10000.0,25000.0,1.0,18.77244561265042,17.0,20.0,1.0,0.0,211.0,1.0,59.0
11.0,22.0,11.0,22.0,-121.0,11.0,11.0,-111.0,10.193901241482905,9.0,11.0,30000.0,10000.0,19000.0,0.0,26.134820670603737,16.5,19.0,0.0,10000.0,37087.649184332004,25000.0,0.0,27.47450350093858,17.0,20.0,0.0,122.0,10.193023599096675,9.0,11.0,1.0,17348.60561519707,10000.0,19000.0,1.0,16.5,18.032479649866627,19.0,1.0,24378.92830006547,10000.0,25000.0,1.0,19.361326824392723,17.0,20.0,1.0,0.0,111.0,1.0,44.0
81.0,23.0,81.0,23.0,-721.0,912.0,12.0,-711.0,15.098308842547086,12.0,17.0,30000.0,12500.0,23000.0,0.0,25.995292841871013,20.0,24.0,0.0,12500.0,34030.09520570822,26000.0,0.0,26.488421518452213,20.0,25.0,0.0,722.0,15.054813147829522,12.0,17.0,1.0,17293.24259339346,12500.0,23000.0,1.0,20.0,21.80974281911723,24.0,1.0,21253.880854647585,12500.0,26000.0,1.0,22.294372636651747,20.0,25.0,1.0,0.0,912.0,7.0,31.0
11.0,22.0,11.0,21.0,-121.0,11.0,12.0,-111.0,10.0158298303943,9.0,11.0,30000.0,10000.0,19000.0,0.0,25.03248199631475,16.5,19.0,0.0,10000.0,36516.25142070449,25000.0,0.0,26.33437049311761,17.0,20.0,0.0,121.0,10.01225491540904,9.0,11.0,1.0,14140.197493971256,10000.0,19000.0,1.0,16.5,17.3310195599625,19.0,1.0,20718.730870769417,10000.0,25000.0,1.0,18.645351432099083,17.0,20.0,1.0,0.0,111.0,1.0,46.0
11.0,22.0,11.0,22.0,-121.0,21.0,13.0,-111.0,10.208407356015167,9.0,11.0,30000.0,10000.0,19000.0,0.0,26.114910946843043,16.5,19.0,0.0,10000.0,37027.28812260336,25000.0,0.0,27.438524842167592,17.0,20.0,0.0,122.0,10.20330628433027,9.0,11.0,1.0,15635.586066930791,10000.0,19000.0,1.0,16.5,17.690247167248643,19.0,1.0,22652.476382715864,10000.0,25000.0,1.0,19.011902599885243,17.0,20.0,1.0,0.0,211.0,1.0,8.0
81.0,23.0,81.0,21.0,-721.0,912.0,12.0,-711.0,15.282856510798963,12.0,17.0,30000.0,12500.0,23000.0,0.0,26.82308007990691,20.0,24.0,0.0,12500.0,34040.43530822909,26000.0,0.0,27.318551187256375,20.0,25.0,0.0,722.0,15.17844568759635,12.0,17.0,1.0,15847.54142814871,12500.0,23000.0,1.0,20.0,21.56332221111102,24.0,1.0,19776.022293259284,12500.0,26000.0,1.0,22.045064552208085,20.0,25.0,1.0,0.0,912.0,7.0,11.0
11.0,22.0,11.0,22.0,-121.0,11.0,11.0,-111.0,9.99636099958909,9.0,11.0,30000.0,10000.0,19000.0,0.0,25.051644764971172,16.5,19.0,0.0,10000.0,36560.415311631856,25000.0,0.0,26.360499742253335,17.0,20.0,0.0,121.0,9.985431322403667,9.0,11.0,1.0,14388.233640625796,10000.0,19000.0,1.0,16.5,17.37668422756905,19.0,1.0,20892.950705028936,10000.0,25000.0,1.0,18.674426962005562,17.0,20.0,1.0,0.0,111.0,1.0,17.0
11.0,22.0,11.0,22.0,-121.0,21.0,13.0,-111.0,10.200527132647537,9.0,11.0,30000.0,10000.0,19000.0,0.0,28.547337540765525,16.5,19.0,0.0,10000.0,36924.7844836008,25000.0,0.0,29.854858552897795,17.0,20.0,0.0,122.0,10.219024063298932,9.0,11.0,1.0,15639.73184810283,10000.0,19000.0,1.0,16.5,17.676529974680594,19.0,1.0,22555.118580909813,10000.0,25000.0,1.0,18.9822765262995,17.0,20.0,1.0,0.0,211.0,1.0,22.0
11.0,22.0,11.0,21.0,-121.0,21.0,13.0,-111.0,10.005589235118144,9.0,11.0,30000.0,10000.0,19000.0,0.0,26.30539337072457,16.5,19.0,0.0,10000.0,36450.835568910916,25000.0,0.0,27.59414703350138,17.0,20.0,0.0,121.0,9.983293804754698,9.0,11.0,1.0,13612.066237853896,10000.0,19000.0,1.0,16.5,17.174935309691342,19.0,1.0,20149.039048535848,10000.0,25000.0,1.0,18.48089754717883,17.0,20.0,1.0,0.0,211.0,1.0,33.0
92.0,24.0,92.0,24.0,-721.0,921.0,13.0,-711.0,15.403115492336692,12.0,17.0,30000.0,15000.0,28000.0,0.0,25.02148406749209,19.5,25.0,0.0,15000.0,34020.32044541897,28000.0,0.0,25.509664452401285,20.0,26.0,1.0,722.0,15.03874112095718,12.0,17.0,1.0,19499.896883463312,15000.0,28000.0,1.0,19.5,21.488263852582207,25.0,1.0,23542.1948466208,15000.0,28000.0,1.0,21.97911292851109,20.0,26.0,1.0,0.0,92122.0,7.0,22.0
92.0,24.0,92.0,24.0,-721.0,921.0,13.0,-711.0,15.198342023909984,12.0,17.0,30000.0,15000.0,28000.0,0.0,24.12270001410384,19.5,25.0,1.0,15000.0,34072.40446512707,28000.0,0.0,24.619134821060225,20.0,26.0,1.0,722.0,15.367997643093245,12.0,17.0,1.0,23139.484466006088,15000.0,28000.0,1.0,19.5,22.198129782831582,25.0,1.0,27137.861713914674,15000.0,28000.0,1.0,22.68554051381416,20.0,26.0,1.0,0.0,92122.0,7.0,22.0
11.0,22.0,11.0,21.0,-121.0,11.0,11.0,-111.0,10.212186506157137,9.0,11.0,30000.0,10000.0,19000.0,0.0,24.89641811457891,16.5,19.0,0.0,10000.0,36997.28159914255,25000.0,0.0,26.21939135810274,17.0,20.0,0.0,122.0,10.22048719111812,9.0,11.0,1.0,12263.018972252657,10000.0,19000.0,1.0,16.5,16.974616823313738,19.0,1.0,19267.85339167087,10000.0,25000.0,1.0,18.299018075557278,17.0,20.0,1.0,0.0,111.0,1.0,0.0
11.0,22.0,11.0,21.0,-121.0,21.0,12.0,-111.0,10.19937788755248,9.0,11.0,30000.0,10000.0,19000.0,0.0,24.605605728423043,16.5,19.0,0.0,10000.0,36852.64278067183,25000.0,0.0,25.902869692722174,17.0,20.0,0.0,122.0,10.20977732600602,9.0,11.0,1.0,13094.201649970159,10000.0,19000.0,1.0,16.5,17.1662639563151,19.0,1.0,20131.951142055455,10000.0,25000.0,1.0,18.498570206335575,17.0,20.0,1.0,0.0,211.0,1.0,53.0
91.0,24.0,91.0,24.0,-721.0,911.0,11.0,-711.0,15.064219964037276,12.0,17.0,30000.0,18000.0,36000.0,1.0,24.087025994747528,20.0,25.0,1.0,18000.0,34027.94797508742,36000.0,1.0,24.57729841194918,20.0,26.0,1.0,722.0,15.061022050616057,12.0,17.0,1.0,25155.182628813982,18000.0,36000.0,1.0,20.0,23.231669070886873,25.0,1.0,29132.97740957289,18000.0,36000.0,1.0,23.715836958445664,20.0,26.0,1.0,1.0,91121.0,7.0,4.0
11.0,22.0,11.0,21.0,-121.0,21.0,12.0,-111.0,9.98515482487896,9.0,11.0,30000.0,10000.0,19000.0,0.0,24.104730738282477,16.5,19.0,0.0,10000.0,36502.14567825779,25000.0,0.0,25.404565199428983,17.0,20.0,0.0,121.0,10.00324272345364,9.0,11.0,1.0,14077.784533585718,10000.0,19000.0,1.0,16.5,17.28996364887521,19.0,1.0,20477.204438960056,10000.0,25000.0,1.0,18.56926235055876,17.0,20.0,1.0,0.0,211.0,1.0,53.0
11.0,21.0,11.0,22.0,-121.0,21.0,13.0,-111.0,10.162530059753188,9.0,11.0,30000.0,10000.0,19000.0,0.0,25.972841488000036,16.5,19.0,0.0,10000.0,37109.712578620725,25000.0,0.0,27.312243097485098,17.0,20.0,0.0,122.0,10.192332455140692,9.0,11.0,1.0,14270.409708802366,10000.0,19000.0,1.0,16.5,17.382252866745517,19.0,1.0,21299.100738969966,10000.0,25000.0,1.0,18.70639079416171,17.0,20.0,1.0,0.0,211.0,1.0,9.0
11.0,22.0,11.0,21.0,-121.0,21.0,13.0,-111.0,10.187224779086641,9.0,11.0,30000.0,10000.0,19000.0,0.0,26.307172366063075,16.5,19.0,0.0,10000.0,36995.33166430132,25000.0,0.0,27.624088194790264,17.0,20.0,0.0,122.0,10.154914117024333,9.0,11.0,1.0,11611.103923654713,10000.0,19000.0,1.0,16.5,16.820004356099762,19.0,1.0,18633.922493453876,10000.0,25000.0,1.0,18.142094770203308,17.0,20.0,1.0,0.0,211.0,1.0,20.0
11.0,21.0,11.0,22.0,-121.0,11.0,11.0,-111.0,9.993950682192324,9.0,11.0,30000.0,10000.0,19000.0,0.0,26.16338497730542,16.5,19.0,0.0,10000.0,36515.35296230203,25000.0,0.0,27.46566894055677,17.0,20.0,0.0,121.0,9.988155898323699,9.0,11.0,1.0,15169.440361901601,10000.0,19000.0,1.0,16.5,17.574326446827907,19.0,1.0,21689.442809594115,10000.0,25000.0,1.0,18.877539745803116,17.0,20.0,1.0,0.0,111.0,1.0,35.0
11.0,22.0,11.0,22.0,-121.0,21.0,13.0,-111.0,9.995984076121076,9.0,11.0,30000.0,10000.0,19000.0,0.0,27.3650961321181,16.5,19.0,0.0,10000.0,36604.52533016259,25000.0,0.0,28.690403716137705,17.0,20.0,0.0,121.0,10.010172113231208,9.0,11.0,1.0,13492.037530680744,10000.0,19000.0,1.0,16.5,17.230096926497048,19.0,1.0,19970.795753527374,10000.0,25000.0,1.0,18.530167253815577,17.0,20.0,1.0,0.0,211.0,1.0,36.0
91.0,24.0,91.0,24.0,-721.0,911.0,11.0,-711.0,15.063021781377408,12.0,17.0,30000.0,18000.0,36000.0,1.0,24.236223416621893,20.0,25.0,1.0,18000.0,33967.55500608374,36000.0,1.0,24.720048808154257,20.0,26.0,1.0,722.0,15.303985460838337,12.0,17.0,1.0,25397.068531876062,18000.0,36000.0,1.0,20.0,23.384548607631537,25.0,1.0,29281.293680628252,18000.0,36000.0,1.0,23.858212299883625,20.0,26.0,1.0,1.0,91121.0,7.0,4.0
11.0,22.0,11.0,22.0,-121.0,11.0,11.0,-111.0,10.19644377339186,9.0,11.0,30000.0,10000.0,19000.0,0.0,24.124190292305364,16.5,19.0,0.0,10000.0,37110.21124554861,25000.0,0.0,25.467534807780417,17.0,20.0,0.0,122.0,10.21937089542638,9.0,11.0,1.0,18375.436799572723,10000.0,19000.0,1.0,16.5,18.26016059406779,19.0,1.0,25266.04614758559,10000.0,25000.0,0.0,19.56201534300078,17.0,20.0,1.0,0.0,111.0,1.0,15.0
11.0,22.0,11.0,22.0,-121.0,21.0,13.0,-111.0,10.18280337362074,9.0,11.0,30000.0,10000.0,19000.0,0.0,24.631219183044635,16.5,19.0,0.0,10000.0,37105.93422883672,25000.0,0.0,25.972634896284138,17.0,20.0,0.0,122.0,10.203417528767536,9.0,11.0,1.0,15496.707406952593,10000.0,19000.0,1.0,16.5,17.630640751237486,19.0,1.0,22505.366068525207,10000.0,25000.0,1.0,18.953693365376967,17.0,20.0,1.0,0.0,211.0,1.0,5.0
11.0,22.0,11.0,21.0,-121.0,21.0,13.0,-111.0,10.005494672037512,9.0,11.0,30000.0,10000.0,19000.0,0.0,26.005179849924733,16.5,19.0,0.0,10000.0,36508.41548831214,25000.0,0.0,27.31175766477437,17.0,20.0,0.0,121.0,10.003558287038167,9.0,11.0,1.0,12570.595307172422,10000.0,19000.0,1.0,16.5,17.008581994554635,19.0,1.0,19028.88588370208,10000.0,25000.0,1.0,18.305097130120213,17.0,20.0,1.0,0.0,211.0,1.0,2.0
11.0,22.0,11.0,22.0,-121.0,11.0,12.0,-111.0,10.217610003255297,9.0,11.0,30000.0,10000.0,19000.0,0.0,24.356180049432254,16.5,19.0,0.0,10000.0,37092.833111881664,25000.0,0.0,25.69626124277898,17.0,20.0,0.0,122.0,10.194541597258045,9.0,11.0,1.0,17084.81215213522,10000.0,19000.0,1.0,16.5,17.990097067176155,19.0,1.0,24012.34521746501,10000.0,25000.0,1.0,19.29894737151854,17.0,20.0,1.0,0.0,111.0,1.0,14.0
11.0,21.0,11.0,21.0,-121.0,21.0,13.0,-111.0,10.211054951775456,9.0,11.0,30000.0,10000.0,19000.0,0.0,28.907153774924378,16.5,19.0,0.0,10000.0,37062.36914590485,25000.0,0.0,30.238468660025994,17.0,20.0,0.0,122.0,10.241783183448677,9.0,11.0,1.0,13032.919247020856,10000.0,19000.0,1.0,16.5,17.15907962419413,19.0,1.0,19960.13512725337,10000.0,25000.0,1.0,18.46491700300255,17.0,20.0,1.0,0.0,211.0,1.0,34.0
11.0,21.0,11.0,21.0,-121.0,11.0,11.0,-111.0,10.206510152190399,9.0,11.0,30000.0,10000.0,19000.0,0.0,25.390397768032607,16.5,19.0,0.0,10000.0,37083.78067794909,25000.0,0.0,26.72226083714291,17.0,20.0,0.0,122.0,10.200454422731092,9.0,11.0,1.0,14090.45691641936,10000.0,19000.0,1.0,16.5,17.348849131303368,19.0,1.0,21166.97483423286,10000.0,25000.0,1.0,18.6793466863691,17.0,20.0,1.0,0.0,111.0,1.0,56.0
91.0,24.0,91.0,21.0,-721.0,911.0,12.0,-711.0,15.3694782639979,12.0,17.0,30000.0,18000.0,36000.0,1.0,24.253677211276752,20.0,25.0,1.0,18000.0,33991.02778284843,36000.0,1.0,24.741427231612526,20.0,26.0,1.0,722.0,15.130801922300174,12.0,17.0,1.0,22889.950747328887,18000.0,36000.0,1.0,20.0,22.845143601047926,25.0,1.0,26848.869750669593,18000.0,36000.0,1.0,23.328969555025367,20.0,26.0,1.0,1.0,91121.0,7.0,29.0
11.0,22.0,11.0,22.0,-121.0,21.0,13.0,-111.0,10.197585465827594,9.0,11.0,30000.0,10000.0,19000.0,0.0,26.243786765023813,16.5,19.0,0.0,10000.0,37170.32246770615,25000.0,0.0,27.599092503922222,17.0,20.0,0.0,122.0,10.198021827903924,9.0,11.0,1.0,14017.166211159907,10000.0,19000.0,1.0,16.5,17.398621009213496,19.0,1.0,21006.972773532212,10000.0,25000.0,1.0,18.719806352053947,17.0,20.0,1.0,0.0,211.0,1.0,5.0
11.0,22.0,11.0,22.0,-121.0,11.0,11.0,-111.0,10.003000980783408,9.0,11.0,30000.0,10000.0,19000.0,0.0,24.374647346094434,16.5,19.0,0.0,10000.0,36431.81443595096,25000.0,0.0,25.65457490558372,17.0,20.0,0.0,121.0,10.015603188636653,9.0,11.0,1.0,16400.465264471222,10000.0,19000.0,1.0,16.5,17.827714330341095,19.0,1.0,22849.467664713397,10000.0,25000.0,1.0,19.11106228533571,17.0,20.0,1.0,0.0,111.0,1.0,27.0
11.0,22.0,11.0,22.0,-121.0,21.0,12.0,-111.0,9.999031247998614,9.0,11.0,30000.0,10000.0,19000.0,0.0,25.49716355004933,16.5,19.0,0.0,10000.0,36508.64025715129,25000.0,0.0,26.798287743785014,17.0,20.0,0.0,121.0,10.004807452881936,9.0,11.0,1.0,13979.321114296321,10000.0,19000.0,1.0,16.5,17.33758772765189,19.0,1.0,20441.533879736144,10000.0,25000.0,1.0,18.629430730488465,17.0,20.0,1.0,0.0,211.0,1.0,23.0
81.0,23.0,81.0,21.0,-721.0,912.0,12.0,-711.0,15.498455822018336,12.0,17.0,30000.0,12500.0,23000.0,0.0,26.247276956914654,20.0,24.0,0.0,12500.0,34542.308768405484,26000.0,0.0,26.817876995595114,20.0,25.0,0.0,721.0,15.908643209694695,12.0,17.0,1.0,13891.957535718188,12500.0,23000.0,1.0,20.0,22.171786612269344,24.0,1.0,18389.875015555936,12500.0,26000.0,1.0,22.7368102640802,20.0,25.0,1.0,0.0,912.0,7.0,11.0
92.0,24.0,92.0,24.0,-721.0,921.0,13.0,-711.0,15.048426044800141,12.0,17.0,30000.0,15000.0,28000.0,0.0,24.60266012385995,19.5,25.0,1.0,15000.0,34510.94961881016,28000.0,0.0,25.16785664306513,20.0,26.0,1.0,721.0,15.40402388701878,12.0,17.0,1.0,20858.658745157096,15000.0,28000.0,1.0,19.5,21.97914075620834,25.0,1.0,25290.26509256442,15000.0,28000.0,1.0,22.534396011464963,20.0,26.0,1.0,0.0,92122.0,7.0,20.0
11.0,22.0,11.0,22.0,-121.0,11.0,12.0,-111.0,10.003852879817652,9.0,11.0,30000.0,10000.0,19000.0,0.0,24.47840732430088,16.5,19.0,0.0,10000.0,36515.03026817053,25000.0,0.0,25.789213780017224,17.0,20.0,0.0,121.0,9.993909139426055,9.0,11.0,1.0,17091.09489820908,10000.0,19000.0,1.0,16.5,17.97634240002283,19.0,1.0,23557.528191268608,10000.0,25000.0,1.0,19.277371275884327,17.0,20.0,1.0,0.0,111.0,1.0,40.0
91.0,24.0,91.0,24.0,-721.0,911.0,12.0,-711.0,15.514585768180385,12.0,17.0,30000.0,18000.0,36000.0,1.0,24.536827924439002,20.0,25.0,1.0,18000.0,34578.55387785911,36000.0,1.0,25.106358209640543,20.0,26.0,1.0,721.0,14.939957405843751,12.0,17.0,1.0,25925.91684198774,18000.0,36000.0,1.0,20.0,23.14861379314683,25.0,1.0,30422.92830316841,18000.0,36000.0,1.0,23.70800094646311,20.0,26.0,1.0,1.0,91121.0,7.0,13.0
11.0,22.0,11.0,21.0,-121.0,21.0,13.0,-111.0,10.217554670567534,9.0,11.0,30000.0,10000.0,19000.0,0.0,25.050654790047897,16.5,19.0,0.0,10000.0,36774.09604110358,25000.0,0.0,26.33279930546682,17.0,20.0,0.0,122.0,10.198505904298981,9.0,11.0,1.0,12207.158902311636,10000.0,19000.0,1.0,16.5,16.9813651916261,19.0,1.0,19284.13673937102,10000.0,25000.0,1.0,18.32083665238926,17.0,20.0,1.0,0.0,211.0,1.0,20.0
11.0,22.0,11.0,22.0,-121.0,21.0,12.0,-111.0,9.995302481407665,9.0,11.0,30000.0,10000.0,19000.0,0.0,23.74243413898607,16.5,19.0,0.0,10000.0,36547.57282619681,25000.0,0.0,25.051678512418892,17.0,20.0,0.0,121.0,9.998249526506196,9.0,11.0,1.0,15163.350198545266,10000.0,19000.0,1.0,16.5,17.549115843456597,19.0,1.0,21613.920606182313,10000.0,25000.0,1.0,18.838963736074327,17.0,20.0,1.0,0.0,211.0,1.0,25.0
11.0,22.0,11.0,22.0,-121.0,11.0,11.0,-111.0,9.982989452414929,9.0,11.0,30000.0,10000.0,19000.0,0.0,23.33781294634928,16.5,19.0,0.0,10000.0,36476.30923336422,25000.0,0.0,24.639442518966245,17.0,20.0,0.0,121.0,10.020596317219402,9.0,11.0,1.0,12667.79716392677,10000.0,19000.0,1.0,16.5,17.115407106648256,19.0,1.0,19145.13302665667,10000.0,25000.0,1.0,18.41724301455502,17.0,20.0,1.0,0.0,111.0,1.0,17.0
91.0,21.0,91.0,24.0,-721.0,911.0,12.0,-711.0,15.022330421685673,12.0,17.0,30000.0,18000.0,36000.0,1.0,25.05325508463448,20.0,25.0,0.0,18000.0,34055.05992304874,36000.0,1.0,25.54785025215665,20.0,26.0,1.0,722.0,15.411534823659233,12.0,17.0,1.0,29482.81338325173,18000.0,36000.0,1.0,20.0,23.989796660472926,25.0,1.0,33502.51560221933,18000.0,36000.0,1.0,24.48007925311209,20.0,26.0,1.0,0.0,91121.0,7.0,19.0
11.0,21.0,11.0,22.0,-121.0,21.0,12.0,-111.0,10.18367189884148,9.0,11.0,30000.0,10000.0,19000.0,0.0,24.840013123312975,16.5,19.0,0.0,10000.0,37038.66192792833,25000.0,0.0,26.168602212834276,17.0,20.0,0.0,122.0,10.224963538399512,9.0,11.0,1.0,14861.59111941193,10000.0,19000.0,1.0,16.5,17.593695911672327,19.0,1.0,21893.990291769427,10000.0,25000.0,1.0,18.921102869020363,17.0,20.0,1.0,0.0,211.0,1.0,37.0
11.0,21.0,11.0,22.0,-121.0,21.0,13.0,-111.0,10.21601614772619,9.0,11.0,30000.0,10000.0,19000.0,0.0,26.427750285962617,16.5,19.0,0.0,10000.0,36956.36833589751,25000.0,0.0,27.735654168545267,17.0,20.0,0.0,122.0,10.185891373004507,9.0,11.0,1.0,12684.432536233102,10000.0,19000.0,1.0,16.5,17.094742553610562,19.0,1.0,19436.96742174284,10000.0,25000.0,1.0,18.364322622920323,17.0,20.0,1.0,0.0,211.0,1.0,59.0
11.0,22.0,11.0,21.0,-121.0,21.0,13.0,-111.0,10.024236567843335,9.0,11.0,30000.0,10000.0,19000.0,0.0,25.390508009522996,16.5,19.0,0.0,10000.0,36488.05896840146,25000.0,0.0,26.695581023276432,17.0,20.0,0.0,121.0,9.989198025932055,9.0,11.0,1.0,13019.992017338378,10000.0,19000.0,1.0,16.5,17.08084940691015,19.0,1.0,19573.887218634613,10000.0,25000.0,1.0,18.39916537842593,17.0,20.0,1.0,0.0,211.0,1.0,58.0
11.0,21.0,11.0,22.0,-121.0,11.0,11.0,-111.0,10.20736481166887,9.0,11.0,30000.0,10000.0,19000.0,0.0,26.00132184465229,16.5,19.0,0.0,10000.0,37073.986589924985,25000.0,0.0,27.34011725296568,17.0,20.0,0.0,122.0,10.182984721768234,9.0,11.0,1.0,16279.157833848743,10000.0,19000.0,1.0,16.5,17.777562829527696,19.0,1.0,23323.45225389312,10000.0,25000.0,1.0,19.11073881233134,17.0,20.0,1.0,0.0,111.0,1.0,29.0
11.0,22.0,11.0,22.0,-121.0,21.0,13.0,-111.0,10.182036629998665,9.0,11.0,30000.0,10000.0,19000.0,0.0,26.70531269130305,16.5,19.0,0.0,10000.0,37026.53276076816,25000.0,0.0,28.03026078155293,17.0,20.0,0.0,122.0,10.200595829276708,9.0,11.0,1.0,15113.334647266636,10000.0,19000.0,1.0,16.5,17.5988465281686,19.0,1.0,22209.169341538793,10000.0,25000.0,1.0,18.936862438291097,17.0,20.0,1.0,0.0,211.0,1.0,41.0
91.0,24.0,91.0,21.0,-721.0,911.0,11.0,-711.0,15.145279296376977,12.0,17.0,30000.0,18000.0,36000.0,1.0,24.71267720099148,20.0,25.0,1.0,18000.0,33977.31409700005,36000.0,1.0,25.198733100479796,20.0,26.0,1.0,722.0,15.276371580494079,12.0,17.0,1.0,20600.503473277204,18000.0,36000.0,1.0,20.0,22.78777790472022,25.0,1.0,24567.292250246057,18000.0,36000.0,1.0,23.272547535694056,20.0,26.0,1.0,1.0,91121.0,7.0,3.0
11.0,22.0,11.0,22.0,-121.0,11.0,11.0,-111.0,9.98453220381367,9.0,11.0,30000.0,10000.0,19000.0,0.0,24.698535199817357,16.5,19.0,0.0,10000.0,36501.33401689821,25000.0,0.0,26.000899448259513,17.0,20.0,0.0,121.0,9.9989996005578,9.0,11.0,1.0,17829.526352154488,10000.0,19000.0,1.0,16.5,18.112710806924326,19.0,1.0,24351.09293366663,10000.0,25000.0,1.0,19.419128095671592,17.0,20.0,1.0,0.0,111.0,1.0,11.0
11.0,22.0,11.0,21.0,-121.0,11.0,12.0,-111.0,10.004810444914595,9.0,11.0,30000.0,10000.0,19000.0,0.0,23.907613649513166,16.5,19.0,0.0,10000.0,36512.668004729174,25000.0,0.0,25.211150226294073,17.0,20.0,0.0,121.0,9.993796810020145,9.0,11.0,1.0,14826.245201584685,10000.0,19000.0,1.0,16.5,17.457371151300077,19.0,1.0,21255.501443743517,10000.0,25000.0,1.0,18.74421252983577,17.0,20.0,1.0,0.0,111.0,1.0,45.0
11.0,22.0,11.0,21.0,-121.0,21.0,12.0,-111.0,9.996068610437463,9.0,11.0,30000.0,10000.0,19000.0,0.0,24.78219276931962,16.5,19.0,0.0,10000.0,36442.42387663328,25000.0,0.0,26.069690032182844,17.0,20.0,0.0,121.0,10.0067666240037,9.0,11.0,1.0,14487.837513367234,10000.0,19000.0,1.0,16.5,17.406745346803987,19.0,1.0,21043.21716698177,10000.0,25000.0,1.0,18.716816450891073,17.0,20.0,1.0,0.0,211.0,1.0,53.0
91.0,21.0,91.0,24.0,-721.0,911.0,12.0,-711.0,15.240127056418217,12.0,17.0,30000.0,18000.0,36000.0,1.0,25.301378995638636,20.0,25.0,0.0,18000.0,33995.54995450594,36000.0,1.0,25.790037756293938,20.0,26.0,1.0,722.0,15.065438992358938,12.0,17.0,1.0,26210.583864708555,18000.0,36000.0,1.0,20.0,23.286201483800184,25.0,1.0,30242.54935065247,18000.0,36000.0,1.0,23.77931389130353,20.0,26.0,1.0,0.0,91121.0,7.0,19.0
11.0,22.0,11.0,22.0,-121.0,21.0,13.0,-111.0,9.980212137817384,9.0,11.0,30000.0,10000.0,19000.0,0.0,25.154571484499783,16.5,19.0,0.0,10000.0,36565.55227898257,25000.0,0.0,26.462121626386132,17.0,20.0,0.0,121.0,10.000089642487998,9.0,11.0,1.0,13086.356907173089,10000.0,19000.0,1.0,16.5,17.138635039311566,19.0,1.0,19595.5065630041,10000.0,25000.0,1.0,18.43495242349973,17.0,20.0,1.0,0.0,211.0,1.0,28.0
11.0,21.0,11.0,22.0,-121.0,21.0,13.0,-111.0,10.207343714723546,9.0,11.0,30000.0,10000.0,19000.0,0.0,26.975375647625174,16.5,19.0,0.0,10000.0,37029.665957977755,25000.0,0.0,28.301986180314135,17.0,20.0,0.0,122.0,10.191955627102772,9.0,11.0,1.0,14591.068213107003,10000.0,19000.0,1.0,16.5,17.48881385221811,19.0,1.0,21425.244707374775,10000.0,25000.0,1.0,18.77853239272172,17.0,20.0,1.0,0.0,211.0,1.0,24.0
91.0,24.0,91.0,24.0,-721.0,911.0,12.0,-711.0,15.185751636582681,12.0,17.0,30000.0,18000.0,36000.0,1.0,25.895243558325078,20.0,25.0,0.0,18000.0,34088.819221740436,36000.0,1.0,26.396021584414044,20.0,26.0,0.0,722.0,15.36667339812083,12.0,17.0,1.0,27625.694576770496,18000.0,36000.0,1.0,20.0,23.803564096091392,25.0,1.0,31715.373349217683,18000.0,36000.0,1.0,24.304447395630447,20.0,26.0,1.0,0.0,91121.0,7.0,24.0
11.0,21.0,11.0,22.0,-121.0,21.0,13.0,-111.0,10.008853657811793,9.0,11.0,30000.0,10000.0,19000.0,0.0,27.625102249452063,16.5,19.0,0.0,10000.0,36478.458591896815,25000.0,0.0,28.914307535268534,17.0,20.0,0.0,121.0,10.008366269263202,9.0,11.0,1.0,14947.420356756353,10000.0,19000.0,1.0,16.5,17.538359588943674,19.0,1.0,21371.473697559428,10000.0,25000.0,1.0,18.81673829675686,17.0,20.0,1.0,0.0,211.0,1.0,9.0
11.0,21.0,11.0,22.0,-121.0,11.0,11.0,-111.0,9.9859837130269,9.0,11.0,30000.0,10000.0,19000.0,0.0,27.10828739829849,16.5,19.0,0.0,10000.0,36556.6405592602,25000.0,0.0,28.418849446865927,17.0,20.0,0.0,121.0,9.983973017933133,9.0,11.0,1.0,15126.364334072116,10000.0,19000.0,1.0,16.5,17.526401148564887,19.0,1.0,21621.066921848353,10000.0,25000.0,1.0,18.824582839530215,17.0,20.0,1.0,0.0,111.0,1.0,43.0
11.0,22.0,11.0,22.0,-121.0,21.0,13.0,-111.0,9.97721434268804,9.0,11.0,30000.0,10000.0,19000.0,0.0,24.671208221338,16.5,19.0,0.0,10000.0,36428.991035123545,25000.0,0.0,25.957958136320563,17.0,20.0,0.0,121.0,9.996756932423638,9.0,11.0,1.0,13783.010858809637,10000.0,19000.0,1.0,16.5,17.2588996133341,19.0,1.0,20258.637528987354,10000.0,25000.0,1.0,18.554983558977664,17.0,20.0,1.0,0.0,211.0,1.0,13.0
11.0,22.0,11.0,22.0,-121.0,11.0,12.0,-111.0,10.190646521632264,9.0,11.0,30000.0,10000.0,19000.0,0.0,24.41213902754805,16.5,19.0,0.0,10000.0,37118.9177534058,25000.0,0.0,25.75682383504366,17.0,20.0,0.0,122.0,10.209555790648032,9.0,11.0,1.0,15422.356469815806,10000.0,19000.0,1.0,16.5,17.654804546957834,19.0,1.0,22430.598108325692,10000.0,25000.0,1.0,18.97858386075225,17.0,20.0,1.0,0.0,111.0,1.0,42.0
11.0,22.0,11.0,22.0,-121.0,21.0,12.0,-111.0,10.207227254891734,9.0,11.0,30000.0,10000.0,19000.0,0.0,24.69758731537319,16.5,19.0,0.0,10000.0,36936.30574453408,25000.0,0.0,26.005813201343884,17.0,20.0,0.0,122.0,10.193658587036287,9.0,11.0,1.0,16825.41454211096,10000.0,19000.0,1.0,16.5,17.856177300987966,19.0,1.0,23778.38428748596,10000.0,25000.0,1.0,19.167546110305295,17.0,20.0,1.0,0.0,211.0,1.0,23.0
11.0,21.0,11.0,21.0,-121.0,11.0,11.0,-111.0,10.000549631301444,9.0,11.0,30000.0,10000.0,19000.0,0.0,24.79909956458124,16.5,19.0,0.0,10000.0,36439.096699524845,25000.0,0.0,26.079412013851655,17.0,20.0,0.0,121.0,9.990448933873036,9.0,11.0,1.0,15759.041296180545,10000.0,19000.0,1.0,16.5,17.595828992921145,19.0,1.0,22217.805658295183,10000.0,25000.0,1.0,18.880052045562934,17.0,20.0,1.0,0.0,111.0,1.0,56.0
91.0,24.0,91.0,24.0,-721.0,911.0,12.0,-711.0,15.27909754537625,12.0,17.0,30000.0,18000.0,36000.0,1.0,24.174552935944817,20.0,25.0,1.0,18000.0,34076.01336633712,36000.0,1.0,24.667531181182678,20.0,26.0,1.0,722.0,15.117796863762152,12.0,17.0,1.0,28645.03077989901,18000.0,36000.0,1.0,20.0,23.520040165636264,25.0,1.0,32679.757851836202,18000.0,36000.0,1.0,24.00802499129073,20.0,26.0,1.0,1.0,91121.0,7.0,32.0
81.0,23.0,81.0,23.0,-721.0,912.0,11.0,-711.0,15.059521091950014,12.0,17.0,30000.0,12500.0,23000.0,0.0,25.10987606300354,20.0,24.0,0.0,12500.0,33971.75648071943,26000.0,0.0,25.593332813327155,20.0,25.0,0.0,722.0,15.551423010901319,12.0,17.0,1.0,17409.08536038364,12500.0,23000.0,1.0,20.0,22.216356928878383,24.0,1.0,21401.343013128106,12500.0,26000.0,1.0,22.70230915697189,20.0,25.0,1.0,0.0,912.0,7.0,17.0
91.0,24.0,91.0,24.0,-721.0,911.0,12.0,-711.0,15.217036186337811,12.0,17.0,30000.0,18000.0,36000.0,1.0,24.438584213838514,20.0,25.0,1.0,18000.0,33919.84450858081,36000.0,1.0,24.91588011338794,20.0,26.0,1.0,722.0,15.261750393376017,12.0,17.0,1.0,21566.2024076243,18000.0,36000.0,1.0,20.0,22.92000739522119,25.0,1.0,25629.440535706744,18000.0,36000.0,1.0,23.41476347372921,20.0,26.0,1.0,1.0,91121.0,7.0,1.0
11.0,22.0,11.0,22.0,-121.0,11.0,11.0,-111.0,10.201374477969848,9.0,11.0,30000.0,10000.0,19000.0,0.0,24.39334929462666,16.5,19.0,0.0,10000.0,37104.20560182819,25000.0,0.0,25.735059371511372,17.0,20.0,0.0,122.0,10.20169991477207,9.0,11.0,1.0,17296.979679633943,10000.0,19000.0,1.0,16.5,18.01353823016911,19.0,1.0,24455.808059765262,10000.0,25000.0,1.0,19.365564440367574,17.0,20.0,1.0,0.0,111.0,1.0,27.0
11.0,21.0,11.0,22.0,-121.0,21.0,13.0,-111.0,10.190227763060811,9.0,11.0,30000.0,10000.0,19000.0,0.0,26.19853724224017,16.5,19.0,0.0,10000.0,37049.81657435729,25000.0,0.0,27.530353342220995,17.0,20.0,0.0,122.0,10.202714884925676,9.0,11.0,1.0,13421.5309931871,10000.0,19000.0,1.0,16.5,17.25497915499263,19.0,1.0,20507.236142484893,10000.0,25000.0,1.0,18.593575145117683,17.0,20.0,1.0,0.0,211.0,1.0,59.0
11.0,22.0,11.0,21.0,-121.0,11.0,12.0,-111.0,10.205073294695511,9.0,11.0,30000.0,10000.0,19000.0,0.0,23.39378857412077,16.5,19.0,0.0,10000.0,37017.48535156817,25000.0,0.0,24.718955771501186,17.0,20.0,0.0,122.0,10.209614011350501,9.0,11.0,1.0,15347.149509615088,10000.0,19000.0,1.0,16.5,17.590922025582024,19.0,1.0,22277.849888444394,10000.0,25000.0,1.0,18.89970093095505,17.0,20.0,1.0,0.0,111.0,1.0,46.0
11.0,22.0,11.0,22.0,-121.0,11.0,11.0,-111.0,10.205196774047172,9.0,11.0,30000.0,10000.0,19000.0,0.0,24.876813259318816,16.5,19.0,0.0,10000.0,36989.07796662932,25000.0,0.0,26.192494009629375,17.0,20.0,0.0,122.0,10.207691935769175,9.0,11.0,1.0,12392.780214456088,10000.0,19000.0,1.0,16.5,17.080414560434217,19.0,1.0,19410.216464532517,10000.0,25000.0,1.0,18.401433704138206,17.0,20.0,1.0,0.0,111.0,1.0,27.0
11.0,22.0,11.0,21.0,-121.0,21.0,13.0,-111.0,9.992990344012847,9.0,11.0,30000.0,10000.0,19000.0,0.0,25.862215244076552,16.5,19.0,0.0,10000.0,36460.06041452435,25000.0,0.0,27.147343889774774,17.0,20.0,0.0,121.0,9.985677140239424,9.0,11.0,1.0,12821.097732843244,10000.0,19000.0,1.0,16.5,17.013205635455904,19.0,1.0,19359.114731273585,10000.0,25000.0,1.0,18.31384253226477,17.0,20.0,1.0,0.0,211.0,1.0,58.0
11.0,22.0,11.0,22.0,-121.0,21.0,13.0,-111.0,9.993879563551847,9.0,11.0,30000.0,10000.0,19000.0,0.0,25.71407040841777,16.5,19.0,0.0,10000.0,36566.67288084163,25000.0,0.0,27.028831855795126,17.0,20.0,0.0,121.0,9.997568027004732,9.0,11.0,1.0,14619.771610295764,10000.0,19000.0,1.0,16.5,17.455228547677653,19.0,1.0,21016.507023852682,10000.0,25000.0,1.0,18.735965575915333,17.0,20.0,1.0,0.0,211.0,1.0,28.0
11.0,22.0,11.0,21.0,-121.0,11.0,12.0,-111.0,10.00286557192113,9.0,11.0,30000.0,10000.0,19000.0,0.0,23.524264247852958,16.5,19.0,0.0,10000.0,36589.752243178824,25000.0,0.0,24.836198544854007,17.0,20.0,0.0,121.0,10.008083570632289,9.0,11.0,1.0,13793.423702135296,10000.0,19000.0,1.0,16.5,17.21288527201842,19.0,1.0,20361.572163795354,10000.0,25000.0,1.0,18.520518536010414,17.0,20.0,1.0,0.0,111.0,1.0,10.0
91.0,24.0,91.0,24.0,-721.0,911.0,11.0,-711.0,15.293969576223143,12.0,17.0,30000.0,18000.0,36000.0,1.0,25.120814483531547,20.0,25.0,0.0,18000.0,33922.296059976885,36000.0,1.0,25.597439331735856,20.0,26.0,1.0,722.0,15.029109311995319,12.0,17.0,1.0,23955.751973400096,18000.0,36000.0,1.0,20.0,22.855521818546997,25.0,1.0,27957.45047476641,18000.0,36000.0,1.0,23.3417953969837,20.0,26.0,1.0,0.0,91121.0,7.0,0.0
11.0,22.0,11.0,21.0,-121.0,21.0,13.0,-111.0,10.002189012771357,9.0,11.0,30000.0,10000.0,19000.0,0.0,25.480448883648137,16.5,19.0,0.0,10000.0,36469.98399635425,25000.0,0.0,26.77413189023399,17.0,20.0,0.0,121.0,10.002098402740092,9.0,11.0,1.0,13908.362767842362,10000.0,19000.0,1.0,16.5,17.246670855991496,19.0,1.0,20419.5341918102,10000.0,25000.0,1.0,18.548589350519624,17.0,20.0,1.0,0.0,211.0,1.0,2.0
92.0,24.0,92.0,24.0,-721.0,921.0,13.0,-711.0,15.127851514717847,12.0,17.0,30000.0,15000.0,28000.0,0.0,24.312728858890097,19.5,25.0,1.0,15000.0,34039.75227816283,28000.0,0.0,24.805032971978786,20.0,26.0,1.0,722.0,15.155021280167869,12.0,17.0,1.0,21724.114427418557,15000.0,28000.0,1.0,19.5,21.859620866989324,25.0,1.0,25680.15683318453,15000.0,28000.0,1.0,22.341723682659392,20.0,26.0,1.0,0.0,92122.0,7.0,22.0
11.0,21.0,11.0,22.0,-121.0,11.0,11.0,-111.0,10.001373140133527,9.0,11.0,30000.0,10000.0,19000.0,0.0,25.589602009663587,16.5,19.0,0.0,10000.0,36465.942541124576,25000.0,0.0,26.888301701863366,17.0,20.0,0.0,121.0,10.010779198385578,9.0,11.0,1.0,16731.260515370675,10000.0,19000.0,1.0,16.5,17.88027344439968,19.0,1.0,23178.99610801972,10000.0,25000.0,1.0,19.175316228386823,17.0,20.0,1.0,0.0,111.0,1.0,35.0
91.0,24.0,91.0,24.0,-721.0,911.0,12.0,-711.0,14.68529945577073,12.0,17.0,30000.0,18000.0,36000.0,1.0,24.018214413839907,20.0,25.0,1.0,18000.0,34473.78540932735,36000.0,1.0,24.578780936838534,20.0,26.0,1.0,721.0,14.542486320140265,12.0,17.0,1.0,26077.58344783136,18000.0,36000.0,1.0,20.0,22.898025063691435,25.0,1.0,30605.011856898884,18000.0,36000.0,1.0,23.465313069080537,20.0,26.0,1.0,1.0,91121.0,7.0,8.0
11.0,22.0,11.0,22.0,-121.0,21.0,12.0,-111.0,10.218168670541218,9.0,11.0,30000.0,10000.0,19000.0,0.0,24.278868784378304,16.5,19.0,0.0,10000.0,36927.03869712167,25000.0,0.0,25.588120581456064,17.0,20.0,0.0,122.0,10.181482027050015,9.0,11.0,1.0,14210.403897112754,10000.0,19000.0,1.0,16.5,17.404064150628535,19.0,1.0,21154.18702961142,10000.0,25000.0,1.0,18.716480746268413,17.0,20.0,1.0,0.0,211.0,1.0,23.0
11.0,21.0,11.0,22.0,-121.0,21.0,13.0,-111.0,10.190376150953986,9.0,11.0,30000.0,10000.0,19000.0,0.0,26.78002697300316,16.5,19.0,0.0,10000.0,37062.41851523942,25000.0,0.0,28.107945919578636,17.0,20.0,0.0,122.0,10.188052352958707,9.0,11.0,1.0,12220.532443435946,10000.0,19000.0,1.0,16.5,16.995169709635206,19.0,1.0,19095.850299319565,10000.0,25000.0,1.0,18.28790885060454,17.0,20.0,1.0,0.0,211.0,1.0,59.0
81.0,23.0,81.0,23.0,-721.0,912.0,12.0,-711.0,15.171580525238355,12.0,17.0,30000.0,12500.0,23000.0,0.0,25.834649195780592,20.0,24.0,0.0,12500.0,33927.888473474944,26000.0,0.0,26.315248866410123,20.0,25.0,0.0,722.0,15.01400571962059,12.0,17.0,1.0,18264.743680556134,12500.0,23000.0,1.0,20.0,21.794416292372485,24.0,1.0,22407.089532265818,12500.0,26000.0,1.0,22.301256052566604,20.0,25.0,1.0,0.0,912.0,7.0,31.0
11.0,21.0,11.0,21.0,-121.0,11.0,11.0,-111.0,10.184676306838039,9.0,11.0,30000.0,10000.0,19000.0,0.0,25.774842420272186,16.5,19.0,0.0,10000.0,37095.45690937452,25000.0,0.0,27.113178571432694,17.0,20.0,0.0,122.0,10.174842336767712,9.0,11.0,1.0,15660.32966974562,10000.0,19000.0,1.0,16.5,17.618800863462063,19.0,1.0,22603.05136482741,10000.0,25000.0,1.0,18.92832829075122,17.0,20.0,1.0,0.0,111.0,1.0,56.0
11.0,21.0,11.0,22.0,-121.0,21.0,13.0,-111.0,10.194093164543299,9.0,11.0,30000.0,10000.0,19000.0,0.0,27.303268605361865,16.5,19.0,0.0,10000.0,37055.87634806304,25000.0,0.0,28.63817239911786,17.0,20.0,0.0,122.0,10.198587962183446,9.0,11.0,1.0,16130.069100085173,10000.0,19000.0,1.0,16.5,17.806676735158184,19.0,1.0,23042.208357151616,10000.0,25000.0,1.0,19.114386856773443,17.0,20.0,1.0,0.0,211.0,1.0,32.0
91.0,21.0,91.0,24.0,-721.0,911.0,12.0,-711.0,15.094634513424836,12.0,17.0,30000.0,18000.0,36000.0,1.0,25.364602822569836,20.0,25.0,0.0,18000.0,34077.0797886181,36000.0,1.0,25.861391477150182,20.0,26.0,1.0,722.0,15.129550651273744,12.0,17.0,1.0,27202.18652710874,18000.0,36000.0,1.0,20.0,23.45272262214445,25.0,1.0,31123.89842780821,18000.0,36000.0,1.0,23.930579833631736,20.0,26.0,1.0,0.0,91121.0,7.0,19.0
81.0,21.0,81.0,21.0,-721.0,912.0,12.0,-711.0,15.665345317492134,12.0,17.0,30000.0,12500.0,23000.0,0.0,27.804162104737543,20.0,24.0,0.0,12500.0,34523.23965086989,26000.0,0.0,28.368458803821678,20.0,25.0,0.0,721.0,15.610369270893584,12.0,17.0,1.0,14306.248870573258,12500.0,23000.0,1.0,20.0,21.777403418771748,24.0,1.0,18737.004453153666,12500.0,26000.0,1.0,22.330162269216004,20.0,25.0,1.0,0.0,912.0,7.0,6.0
91.0,24.0,91.0,24.0,-721.0,911.0,11.0,-711.0,15.041166091559425,12.0,17.0,30000.0,18000.0,36000.0,1.0,24.299519382233566,20.0,25.0,1.0,18000.0,34473.35132721077,36000.0,1.0,24.86003218107504,20.0,26.0,1.0,721.0,15.064756698977153,12.0,17.0,1.0,26206.284551070676,18000.0,36000.0,1.0,20.0,23.386345036255975,25.0,1.0,30744.0591719874,18000.0,36000.0,1.0,23.954930100838364,20.0,26.0,1.0,1.0,91121.0,7.0,0.0
91.0,24.0,91.0,24.0,-721.0,911.0,12.0,-711.0,14.844302737092875,12.0,17.0,30000.0,18000.0,36000.0,1.0,24.37301476428886,20.0,25.0,1.0,18000.0,34469.098841801184,36000.0,1.0,24.930355381412895,20.0,26.0,1.0,721.0,15.52384965425957,12.0,17.0,1.0,24776.025155571264,18000.0,36000.0,1.0,20.0,23.630024452452034,25.0,1.0,29252.755841047227,18000.0,36000.0,1.0,24.18831683560633,20.0,26.0,1.0,1.0,91121.0,7.0,24.0
11.0,22.0,11.0,22.0,-121.0,21.0,13.0,-111.0,10.192431216277955,9.0,11.0,30000.0,10000.0,19000.0,0.0,25.622895266160413,16.5,19.0,0.0,10000.0,36939.10431446615,25000.0,0.0,26.92688407393356,17.0,20.0,0.0,122.0,10.202252008201258,9.0,11.0,1.0,14612.30276855055,10000.0,19000.0,1.0,16.5,17.504293673328554,19.0,1.0,21501.93888188077,10000.0,25000.0,1.0,18.798986471458576,17.0,20.0,1.0,0.0,211.0,1.0,41.0
11.0,22.0,11.0,21.0,-121.0,11.0,11.0,-111.0,10.229564915236795,9.0,11.0,30000.0,10000.0,19000.0,0.0,23.43449087967098,16.5,19.0,0.0,10000.0,37054.419494707065,25000.0,0.0,24.764205355297463,17.0,20.0,0.0,122.0,10.215443742723888,9.0,11.0,1.0,14475.520040200277,10000.0,19000.0,1.0,16.5,17.43690585330883,19.0,1.0,21561.80877782876,10000.0,25000.0,1.0,18.772627484261367,17.0,20.0,1.0,0.0,111.0,1.0,1.0
11.0,21.0,11.0,22.0,-121.0,21.0,13.0,-111.0,9.99839267807797,9.0,11.0,30000.0,10000.0,19000.0,0.0,26.26445512874752,16.5,19.0,0.0,10000.0,36519.40228928603,25000.0,0.0,27.567620996235036,17.0,20.0,0.0,121.0,10.029128769621028,9.0,11.0,1.0,14053.560133897054,10000.0,19000.0,1.0,16.5,17.438495188968766,19.0,1.0,20568.1832309116,10000.0,25000.0,1.0,18.740705741848284,17.0,20.0,1.0,0.0,211.0,1.0,24.0
11.0,22.0,11.0,21.0,-121.0,11.0,11.0,-111.0,10.170572111238384,9.0,11.0,30000.0,10000.0,19000.0,0.0,22.752532907114098,16.5,19.0,0.0,10000.0,37000.961773350995,25000.0,0.0,24.07150491383433,17.0,20.0,0.0,122.0,10.198577132649381,9.0,11.0,1.0,12780.092893778363,10000.0,19000.0,1.0,16.5,17.105120445750515,19.0,1.0,19670.209764707826,10000.0,25000.0,1.0,18.403209418379898,17.0,20.0,1.0,0.0,111.0,1.0,39.0
11.0,22.0,11.0,21.0,-121.0,21.0,13.0,-111.0,10.203715619636595,9.0,11.0,30000.0,10000.0,19000.0,0.0,25.69682465784343,16.5,19.0,0.0,10000.0,36891.11121688552,25000.0,0.0,27.001861031401265,17.0,20.0,0.0,122.0,10.186371673275922,9.0,11.0,1.0,11408.300775531423,10000.0,19000.0,1.0,16.5,16.844988736219086,19.0,1.0,18450.3132111261,10000.0,25000.0,1.0,18.17860273289627,17.0,20.0,1.0,0.0,211.0,1.0,33.0
11.0,22.0,11.0,22.0,-121.0,21.0,13.0,-111.0,10.004485678368368,9.0,11.0,30000.0,10000.0,19000.0,0.0,25.253289112816176,16.5,19.0,0.0,10000.0,36531.48986752012,25000.0,0.0,26.551843453664937,17.0,20.0,0.0,121.0,9.987510975905177,9.0,11.0,1.0,13372.542473549134,10000.0,19000.0,1.0,16.5,17.14957405522264,19.0,1.0,19868.932868466258,10000.0,25000.0,1.0,18.441150114938825,17.0,20.0,1.0,0.0,211.0,1.0,31.0
11.0,22.0,11.0,21.0,-121.0,21.0,13.0,-111.0,10.211009274404992,9.0,11.0,30000.0,10000.0,19000.0,0.0,24.27369050540959,16.5,19.0,0.0,10000.0,37080.92910299818,25000.0,0.0,25.61182790151801,17.0,20.0,0.0,122.0,10.18768325367947,9.0,11.0,1.0,12850.287136079858,10000.0,19000.0,1.0,16.5,17.06846684627174,19.0,1.0,19750.100510397126,10000.0,25000.0,1.0,18.372377416204376,17.0,20.0,1.0,0.0,211.0,1.0,33.0
11.0,22.0,11.0,21.0,-121.0,11.0,11.0,-111.0,9.986761945554282,9.0,11.0,30000.0,10000.0,19000.0,0.0,24.514739597023468,16.5,19.0,0.0,10000.0,36540.386015091244,25000.0,0.0,25.822609849220335,17.0,20.0,0.0,121.0,9.998271548865464,9.0,11.0,1.0,13482.382741532441,10000.0,19000.0,1.0,16.5,17.17228961597909,19.0,1.0,19894.08726304542,10000.0,25000.0,1.0,18.454427641198688,17.0,20.0,1.0,0.0,111.0,1.0,0.0
91.0,24.0,91.0,21.0,-721.0,911.0,11.0,-711.0,14.607367935742165,12.0,17.0,30000.0,18000.0,36000.0,1.0,25.20394948814841,20.0,25.0,0.0,18000.0,34480.00596140286,36000.0,1.0,25.761987402001296,20.0,26.0,1.0,721.0,15.287605315321978,12.0,17.0,1.0,28496.579600028726,18000.0,36000.0,1.0,20.0,23.796704725995063,25.0,1.0,32964.70969310001,18000.0,36000.0,1.0,24.353263359497422,20.0,26.0,1.0,0.0,91121.0,7.0,2.0
11.0,22.0,11.0,22.0,-121.0,21.0,13.0,-111.0,10.208122804006594,9.0,11.0,30000.0,10000.0,19000.0,0.0,26.23111495337703,16.5,19.0,0.0,10000.0,37080.517035804834,25000.0,0.0,27.5690590019631,17.0,20.0,0.0,122.0,10.181660114266268,9.0,11.0,1.0,15827.689684333305,10000.0,19000.0,1.0,16.5,17.73157083477158,19.0,1.0,22799.845665899815,10000.0,25000.0,1.0,19.049038832402115,17.0,20.0,1.0,0.0,211.0,1.0,31.0
11.0,21.0,11.0,22.0,-121.0,11.0,11.0,-111.0,10.00736745779836,9.0,11.0,30000.0,10000.0,19000.0,0.0,24.515349757543913,16.5,19.0,0.0,10000.0,36450.07959180229,25000.0,0.0,25.813150067808973,17.0,20.0,0.0,121.0,10.00301166614106,9.0,11.0,1.0,17157.06240546518,10000.0,19000.0,1.0,16.5,17.97208879893578,19.0,1.0,23673.424805473907,10000.0,25000.0,1.0,19.28322566541402,17.0,20.0,1.0,0.0,111.0,1.0,43.0
11.0,22.0,11.0,22.0,-121.0,21.0,13.0,-111.0,10.213456113651578,9.0,11.0,30000.0,10000.0,19000.0,0.0,26.810544329385777,16.5,19.0,0.0,10000.0,36924.46660390467,25000.0,0.0,28.12338223903403,17.0,20.0,0.0,122.0,10.195333920126739,9.0,11.0,1.0,14491.95518498191,10000.0,19000.0,1.0,16.5,17.472919812415775,19.0,1.0,21509.477220770805,10000.0,25000.0,1.0,18.803400481523276,17.0,20.0,1.0,0.0,211.0,1.0,8.0
11.0,21.0,11.0,22.0,-121.0,21.0,13.0,-111.0,9.997212759544558,9.0,11.0,30000.0,10000.0,19000.0,0.0,27.04052481959856,16.5,19.0,0.0,10000.0,36408.59489207491,25000.0,0.0,28.31908449398517,17.0,20.0,0.0,121.0,10.007597684925553,9.0,11.0,1.0,15724.807300318264,10000.0,19000.0,1.0,16.5,17.66531347978163,19.0,1.0,22309.964393387978,10000.0,25000.0,1.0,18.979098552873356,17.0,20.0,1.0,0.0,211.0,1.0,24.0
91.0,21.0,91.0,24.0,-721.0,911.0,12.0,-711.0,14.028484168628246,12.0,17.0,30000.0,18000.0,36000.0,1.0,24.533046340158787,20.0,25.0,1.0,18000.0,34537.94815781511,36000.0,1.0,25.097443241054993,20.0,26.0,1.0,721.0,14.79395314350705,12.0,17.0,1.0,30415.416194263722,18000.0,36000.0,1.0,20.0,23.618540971212482,25.0,1.0,34900.37466459586,18000.0,36000.0,1.0,24.17634740118333,20.0,26.0,1.0,1.0,91121.0,7.0,19.0
91.0,24.0,91.0,21.0,-721.0,911.0,11.0,-711.0,15.051715539235488,12.0,17.0,30000.0,18000.0,36000.0,1.0,24.450943600863404,20.0,25.0,1.0,18000.0,33898.8558549928,36000.0,1.0,24.92788207846434,20.0,26.0,1.0,722.0,15.499253233114167,12.0,17.0,1.0,25473.270729541295,18000.0,36000.0,1.0,20.0,23.521033038147063,25.0,1.0,29389.400215594214,18000.0,36000.0,1.0,24.00008456111486,20.0,26.0,1.0,1.0,91121.0,7.0,21.0
11.0,22.0,11.0,22.0,-121.0,21.0,13.0,-111.0,10.006131096255897,9.0,11.0,30000.0,10000.0,19000.0,0.0,25.759839795721533,16.5,19.0,0.0,10000.0,36603.04849153538,25000.0,0.0,27.07804216419915,17.0,20.0,0.0,121.0,10.009983415155947,9.0,11.0,1.0,16428.387673284295,10000.0,19000.0,1.0,16.5,17.79807389980677,19.0,1.0,22894.143107520664,10000.0,25000.0,1.0,19.088867710928024,17.0,20.0,1.0,0.0,211.0,1.0,3.0
11.0,22.0,11.0,22.0,-121.0,21.0,13.0,-111.0,9.992110182812304,9.0,11.0,30000.0,10000.0,19000.0,0.0,25.168480108328872,16.5,19.0,0.0,10000.0,36541.037518946294,25000.0,0.0,26.470021950012345,17.0,20.0,0.0,121.0,9.991584309105365,9.0,11.0,1.0,13664.408830395269,10000.0,19000.0,1.0,16.5,17.186065145319112,19.0,1.0,20144.57238464125,10000.0,25000.0,1.0,18.475494227842113,17.0,20.0,1.0,0.0,211.0,1.0,13.0
81.0,23.0,81.0,21.0,-721.0,912.0,12.0,-711.0,15.034531584740341,12.0,17.0,30000.0,12500.0,23000.0,0.0,25.445199215561097,20.0,24.0,0.0,12500.0,34028.130251537244,26000.0,0.0,25.93471087162417,20.0,25.0,0.0,722.0,15.240013216611898,12.0,17.0,1.0,14871.191663303316,12500.0,23000.0,1.0,20.0,21.517331483466755,24.0,1.0,18871.634686033238,12500.0,26000.0,1.0,22.003478496288686,20.0,25.0,1.0,0.0,912.0,7.0,11.0
11.0,22.0,11.0,21.0,-121.0,11.0,11.0,-111.0,9.991798881485062,9.0,11.0,30000.0,10000.0,19000.0,0.0,22.182355263393344,16.5,19.0,0.0,10000.0,36589.07614386034,25000.0,0.0,23.494548474402716,17.0,20.0,0.0,121.0,10.010872524211283,9.0,11.0,1.0,11318.925472822608,10000.0,19000.0,1.0,16.5,16.758245254607488,19.0,1.0,17782.679180403655,10000.0,25000.0,1.0,18.045480907609875,17.0,20.0,1.0,0.0,111.0,1.0,12.0
11.0,22.0,11.0,21.0,-121.0,11.0,12.0,-111.0,9.995893433664094,9.0,11.0,30000.0,10000.0,19000.0,0.0,23.669764284776374,16.5,19.0,0.0,10000.0,36420.56108023018,25000.0,0.0,24.955225050714894,17.0,20.0,0.0,121.0,10.008484924996369,9.0,11.0,1.0,14703.618877082505,10000.0,19000.0,1.0,16.5,17.41823808658508,19.0,1.0,21168.62253335434,10000.0,25000.0,1.0,18.712596702279235,17.0,20.0,1.0,0.0,111.0,1.0,46.0
11.0,21.0,11.0,22.0,-121.0,21.0,13.0,-111.0,10.015488387099937,9.0,11.0,30000.0,10000.0,19000.0,0.0,26.16385443045246,16.5,19.0,0.0,10000.0,36344.24760353125,25000.0,0.0,27.43620105296771,17.0,20.0,0.0,121.0,9.99400641000823,9.0,11.0,1.0,12371.167591746647,10000.0,19000.0,1.0,16.5,16.991290848658192,19.0,1.0,18862.91554166498,10000.0,25000.0,1.0,18.293218846188026,17.0,20.0,1.0,0.0,211.0,1.0,32.0
11.0,21.0,11.0,22.0,-121.0,21.0,13.0,-111.0,9.98251043768713,9.0,11.0,30000.0,10000.0,19000.0,0.0,27.973932457395932,16.5,19.0,0.0,10000.0,36478.26355295708,25000.0,0.0,29.264060840262843,17.0,20.0,0.0,121.0,9.998524804251199,9.0,11.0,1.0,15251.669539523089,10000.0,19000.0,1.0,16.5,17.54220832188429,19.0,1.0,21732.22187230436,10000.0,25000.0,1.0,18.832792508963113,17.0,20.0,1.0,0.0,211.0,1.0,9.0
11.0,21.0,11.0,22.0,-121.0,21.0,13.0,-111.0,9.996538072570791,9.0,11.0,30000.0,10000.0,19000.0,0.0,27.106194592243476,16.5,19.0,0.0,10000.0,36547.43971237724,25000.0,0.0,28.419473634335638,17.0,20.0,0.0,121.0,9.987981616063799,9.0,11.0,1.0,14693.642467992255,10000.0,19000.0,1.0,16.5,17.460779297167047,19.0,1.0,21215.479716788257,10000.0,25000.0,1.0,18.768923022200298,17.0,20.0,1.0,0.0,211.0,1.0,32.0
11.0,22.0,11.0,22.0,-121.0,11.0,11.0,-111.0,10.23536525266871,9.0,11.0,30000.0,10000.0,19000.0,0.0,24.404812178629022,16.5,19.0,0.0,10000.0,37027.37907699931,25000.0,0.0,25.728489872868487,17.0,20.0,0.0,122.0,10.203249093750513,9.0,11.0,1.0,19600.488779739688,10000.0,19000.0,0.0,16.5,18.440103851614232,19.0,1.0,26584.227341528498,10000.0,25000.0,0.0,19.75556141486086,17.0,20.0,1.0,0.0,111.0,1.0,57.0
11.0,22.0,11.0,22.0,-121.0,21.0,13.0,-111.0,9.991706585943327,9.0,11.0,30000.0,10000.0,19000.0,0.0,25.401161449606455,16.5,19.0,0.0,10000.0,36463.77126048734,25000.0,0.0,26.697030179971705,17.0,20.0,0.0,121.0,10.00359150289386,9.0,11.0,1.0,12931.396492105549,10000.0,19000.0,1.0,16.5,17.10515511636538,19.0,1.0,19437.494523676716,10000.0,25000.0,1.0,18.40950959551326,17.0,20.0,1.0,0.0,211.0,1.0,13.0
91.0,24.0,91.0,24.0,-721.0,911.0,11.0,-711.0,15.098070562727834,12.0,17.0,30000.0,18000.0,36000.0,1.0,25.150637970868814,20.0,25.0,0.0,18000.0,33961.72559860533,36000.0,1.0,25.634232356608464,20.0,26.0,1.0,722.0,15.175657555293599,12.0,17.0,1.0,30108.164165132268,18000.0,36000.0,1.0,20.0,23.85882171819741,25.0,1.0,34040.0193407486,18000.0,36000.0,1.0,24.33876992287338,20.0,26.0,1.0,0.0,91121.0,7.0,4.0
11.0,21.0,11.0,22.0,-121.0,11.0,12.0,-111.0,10.198714081414623,9.0,11.0,30000.0,10000.0,19000.0,0.0,26.46050451986097,16.5,19.0,0.0,10000.0,37148.933113753395,25000.0,0.0,27.81096820180681,17.0,20.0,0.0,122.0,10.193420390239142,9.0,11.0,1.0,13723.409536950048,10000.0,19000.0,1.0,16.5,17.299518331320268,19.0,1.0,20926.326475387494,10000.0,25000.0,1.0,18.66017978592509,17.0,20.0,1.0,0.0,111.0,1.0,51.0
92.0,24.0,92.0,24.0,-721.0,921.0,13.0,-711.0,15.412559152598607,12.0,17.0,30000.0,15000.0,28000.0,0.0,24.848358176902245,19.5,25.0,1.0,15000.0,33939.24512612332,28000.0,0.0,25.32955815101118,20.0,26.0,1.0,722.0,14.885277460542088,12.0,17.0,1.0,20350.787878484494,15000.0,28000.0,1.0,19.5,21.468557255627672,25.0,1.0,24422.764104045436,15000.0,28000.0,1.0,21.96597104724933,20.0,26.0,1.0,0.0,92122.0,7.0,20.0
11.0,22.0,11.0,21.0,-121.0,21.0,13.0,-111.0,9.999057178134855,9.0,11.0,30000.0,10000.0,19000.0,0.0,25.397681450662823,16.5,19.0,0.0,10000.0,36523.97866782183,25000.0,0.0,26.706533945555602,17.0,20.0,0.0,121.0,9.995119386983744,9.0,11.0,1.0,12426.643038578519,10000.0,19000.0,1.0,16.5,16.952502662739448,19.0,1.0,18937.804005573555,10000.0,25000.0,1.0,18.258783647123053,17.0,20.0,1.0,0.0,211.0,1.0,58.0
81.0,23.0,81.0,23.0,-721.0,912.0,12.0,-711.0,15.326873376805741,12.0,17.0,30000.0,12500.0,23000.0,0.0,26.3750878424525,20.0,24.0,0.0,12500.0,34477.09943819107,26000.0,0.0,26.933948171145197,20.0,25.0,0.0,721.0,15.762411627041494,12.0,17.0,1.0,16111.961380961964,12500.0,23000.0,1.0,20.0,22.320487990103306,24.0,1.0,20622.99978532477,12500.0,26000.0,1.0,22.88358479869824,20.0,25.0,1.0,0.0,912.0,7.0,5.0
11.0,22.0,11.0,22.0,-121.0,11.0,11.0,-111.0,10.007492343178296,9.0,11.0,30000.0,10000.0,19000.0,0.0,23.94560256978327,16.5,19.0,0.0,10000.0,36646.72393270723,25000.0,0.0,25.274877829210062,17.0,20.0,0.0,121.0,10.014200971019271,9.0,11.0,1.0,13903.404173287143,10000.0,19000.0,1.0,16.5,17.345203325623583,19.0,1.0,20392.643211503353,10000.0,25000.0,1.0,18.642983253500617,17.0,20.0,1.0,0.0,111.0,1.0,44.0
11.0,22.0,11.0,22.0,-121.0,11.0,11.0,-111.0,10.004377295743954,9.0,11.0,30000.0,10000.0,19000.0,0.0,25.50628746505761,16.5,19.0,0.0,10000.0,36521.91407630109,25000.0,0.0,26.81244611586877,17.0,20.0,0.0,121.0,10.0060642435516,9.0,11.0,1.0,17006.771198883802,10000.0,19000.0,1.0,16.5,17.929564491612332,19.0,1.0,23583.685846882076,10000.0,25000.0,1.0,19.246738232730014,17.0,20.0,1.0,0.0,111.0,1.0,15.0
91.0,24.0,91.0,21.0,-721.0,911.0,12.0,-711.0,14.076891941905837,12.0,17.0,30000.0,18000.0,36000.0,1.0,23.611711285149084,20.0,25.0,1.0,18000.0,34482.17199099452,36000.0,1.0,24.17282147135924,20.0,26.0,1.0,721.0,14.337185344470543,12.0,17.0,1.0,26258.097456003703,18000.0,36000.0,1.0,20.0,22.56825499582743,25.0,1.0,30783.738742375972,18000.0,36000.0,1.0,23.13480697777252,20.0,26.0,1.0,1.0,91121.0,7.0,29.0
11.0,22.0,11.0,22.0,-121.0,21.0,13.0,-111.0,9.997887856643503,9.0,11.0,30000.0,10000.0,19000.0,0.0,25.664012909245727,16.5,19.0,0.0,10000.0,36549.963601123214,25000.0,0.0,26.97003959018372,17.0,20.0,0.0,121.0,9.992175133470946,9.0,11.0,1.0,13588.661224082143,10000.0,19000.0,1.0,16.5,17.259017013056585,19.0,1.0,20037.873597246464,10000.0,25000.0,1.0,18.544954453830094,17.0,20.0,1.0,0.0,211.0,1.0,4.0
11.0,22.0,11.0,21.0,-121.0,11.0,11.0,-111.0,10.191183360960572,9.0,11.0,30000.0,10000.0,19000.0,0.0,23.085772198051586,16.5,19.0,0.0,10000.0,37024.74889047433,25000.0,0.0,24.40936410897327,17.0,20.0,0.0,122.0,10.213540526226025,9.0,11.0,1.0,14532.232716995928,10000.0,19000.0,1.0,16.5,17.413635264025654,19.0,1.0,21330.476431194933,10000.0,25000.0,1.0,18.694549433184008,17.0,20.0,1.0,0.0,111.0,1.0,26.0
91.0,24.0,91.0,21.0,-721.0,911.0,11.0,-711.0,14.258800331204906,12.0,17.0,30000.0,18000.0,36000.0,1.0,23.64226558037125,20.0,25.0,1.0,18000.0,34521.81345516491,36000.0,1.0,24.20368697717558,20.0,26.0,1.0,721.0,15.808804095411118,12.0,17.0,1.0,21899.623965086532,18000.0,36000.0,1.0,20.0,23.42422964678914,25.0,1.0,26435.65268663982,18000.0,36000.0,1.0,23.98741598918241,20.0,26.0,1.0,1.0,91121.0,7.0,3.0
91.0,24.0,91.0,24.0,-721.0,911.0,12.0,-711.0,15.402316485011092,12.0,17.0,30000.0,18000.0,36000.0,1.0,25.439999060332347,20.0,25.0,0.0,18000.0,34073.051678894604,36000.0,1.0,25.93744637591358,20.0,26.0,1.0,722.0,15.199854257493815,12.0,17.0,1.0,28575.33780356155,18000.0,36000.0,1.0,20.0,23.76605882098027,25.0,1.0,32608.188926616498,18000.0,36000.0,1.0,24.25859638825388,20.0,26.0,1.0,0.0,91121.0,7.0,23.0
11.0,22.0,11.0,22.0,-121.0,21.0,13.0,-111.0,9.980983204428775,9.0,11.0,30000.0,10000.0,19000.0,0.0,26.0560071746915,16.5,19.0,0.0,10000.0,36430.94020844158,25000.0,0.0,27.34311089564457,17.0,20.0,0.0,121.0,9.992685476961373,9.0,11.0,1.0,12753.574515354489,10000.0,19000.0,1.0,16.5,17.046717393850912,19.0,1.0,19209.273042496883,10000.0,25000.0,1.0,18.33877630379525,17.0,20.0,1.0,0.0,211.0,1.0,8.0
91.0,24.0,91.0,24.0,-721.0,911.0,11.0,-711.0,15.235413130109105,12.0,17.0,30000.0,18000.0,36000.0,1.0,24.773912214476944,20.0,25.0,1.0,18000.0,33991.07973633316,36000.0,1.0,25.259190747952008,20.0,26.0,1.0,722.0,15.262226830103616,12.0,17.0,1.0,20781.12173308029,18000.0,36000.0,1.0,20.0,22.814615879647675,25.0,1.0,24662.012374644564,18000.0,36000.0,1.0,23.286496434167923,20.0,26.0,1.0,1.0,91121.0,7.0,28.0
11.0,22.0,11.0,21.0,-121.0,21.0,13.0,-111.0,10.012633840798596,9.0,11.0,30000.0,10000.0,19000.0,0.0,25.462036352209307,16.5,19.0,0.0,10000.0,36493.12127477288,25000.0,0.0,26.76614337563782,17.0,20.0,0.0,121.0,9.99819825146603,9.0,11.0,1.0,11849.669594223633,10000.0,19000.0,1.0,16.5,16.848329726901536,19.0,1.0,18414.44618700667,10000.0,25000.0,1.0,18.166828319427353,17.0,20.0,1.0,0.0,211.0,1.0,20.0
91.0,24.0,91.0,24.0,-721.0,911.0,12.0,-711.0,15.057951724884406,12.0,17.0,30000.0,18000.0,36000.0,1.0,24.389501447164328,20.0,25.0,1.0,18000.0,33991.987818740956,36000.0,1.0,24.8770510714026,20.0,26.0,1.0,722.0,15.157805621193264,12.0,17.0,1.0,26302.197636729983,18000.0,36000.0,1.0,20.0,23.422511802071604,25.0,1.0,30405.99874683025,18000.0,36000.0,1.0,23.92371741191463,20.0,26.0,1.0,1.0,91121.0,7.0,27.0
81.0,23.0,81.0,23.0,-721.0,912.0,11.0,-711.0,15.214913899000637,12.0,17.0,30000.0,12500.0,23000.0,0.0,26.555150428646282,20.0,24.0,0.0,12500.0,34033.52859807991,26000.0,0.0,27.046733712039433,20.0,25.0,0.0,722.0,15.033426540581988,12.0,17.0,1.0,17397.18399354827,12500.0,23000.0,1.0,20.0,21.69505545724071,24.0,1.0,21446.696150098964,12500.0,26000.0,1.0,22.188586724877016,20.0,25.0,1.0,0.0,912.0,7.0,17.0
11.0,22.0,11.0,21.0,-121.0,11.0,12.0,-111.0,10.199974211045587,9.0,11.0,30000.0,10000.0,19000.0,0.0,23.78919888312722,16.5,19.0,0.0,10000.0,37000.688242869444,25000.0,0.0,25.103418967404696,17.0,20.0,0.0,122.0,10.218245419086255,9.0,11.0,1.0,15534.669312497897,10000.0,19000.0,1.0,16.5,17.627164255062223,19.0,1.0,22577.246024313477,10000.0,25000.0,1.0,18.949247947213497,17.0,20.0,1.0,0.0,111.0,1.0,10.0
11.0,22.0,11.0,21.0,-121.0,11.0,11.0,-111.0,10.21887178982986,9.0,11.0,30000.0,10000.0,19000.0,0.0,23.312903138063945,16.5,19.0,0.0,10000.0,37026.58726597841,25000.0,0.0,24.635812316770412,17.0,20.0,0.0,122.0,10.202245927794403,9.0,11.0,1.0,15912.136251507593,10000.0,19000.0,1.0,16.5,17.66982998135092,19.0,1.0,23005.404678119427,10000.0,25000.0,1.0,19.005293351176007,17.0,20.0,1.0,0.0,111.0,1.0,26.0
81.0,23.0,81.0,23.0,-721.0,912.0,12.0,-711.0,15.255871164692643,12.0,17.0,30000.0,12500.0,23000.0,0.0,25.16643652365628,20.0,24.0,0.0,12500.0,34477.2352936735,26000.0,0.0,25.722508299867886,20.0,25.0,0.0,721.0,15.457814960529948,12.0,17.0,1.0,17317.98050460049,12500.0,23000.0,1.0,20.0,22.140336080439795,24.0,1.0,21903.720870690173,12500.0,26000.0,1.0,22.709884166112218,20.0,25.0,1.0,0.0,912.0,7.0,10.0
91.0,24.0,91.0,21.0,-721.0,911.0,11.0,-711.0,15.15875640955615,12.0,17.0,30000.0,18000.0,36000.0,1.0,25.25632155458282,20.0,25.0,0.0,18000.0,34025.02930476359,36000.0,1.0,25.746140816048417,20.0,26.0,1.0,722.0,15.266837698322963,12.0,17.0,1.0,22147.901872008923,18000.0,36000.0,1.0,20.0,22.93327792386944,25.0,1.0,26225.432109110756,18000.0,36000.0,1.0,23.429486199167492,20.0,26.0,1.0,0.0,91121.0,7.0,15.0
11.0,22.0,11.0,22.0,-121.0,11.0,12.0,-111.0,10.015670222000137,9.0,11.0,30000.0,10000.0,19000.0,0.0,24.630194453316566,16.5,19.0,0.0,10000.0,36501.96496465845,25000.0,0.0,25.930953280977388,17.0,20.0,0.0,121.0,9.98138653961398,9.0,11.0,1.0,15029.050869271929,10000.0,19000.0,1.0,16.5,17.531925740020984,19.0,1.0,21641.983705170955,10000.0,25000.0,1.0,18.854884385565704,17.0,20.0,1.0,0.0,111.0,1.0,40.0
11.0,21.0,11.0,21.0,-121.0,21.0,12.0,-111.0,10.213203018846166,9.0,11.0,30000.0,10000.0,19000.0,0.0,25.814183273598985,16.5,19.0,0.0,10000.0,36914.95198537913,25000.0,0.0,27.124463483276976,17.0,20.0,0.0,122.0,10.193979201910697,9.0,11.0,1.0,13068.222411520006,10000.0,19000.0,1.0,16.5,17.142932211208443,19.0,1.0,20034.85496426501,10000.0,25000.0,1.0,18.463005117175232,17.0,20.0,1.0,0.0,211.0,1.0,6.0
11.0,22.0,11.0,21.0,-121.0,21.0,13.0,-111.0,10.200060085346236,9.0,11.0,30000.0,10000.0,19000.0,0.0,26.270105342960825,16.5,19.0,0.0,10000.0,37197.46260927873,25000.0,0.0,27.62695049274519,17.0,20.0,0.0,122.0,10.204776287097184,9.0,11.0,1.0,11653.709516085893,10000.0,19000.0,1.0,16.5,16.897697573231316,19.0,1.0,18593.435058034618,10000.0,25000.0,1.0,18.205954865223195,17.0,20.0,1.0,0.0,211.0,1.0,20.0
81.0,21.0,81.0,21.0,-721.0,912.0,12.0,-711.0,15.27049708412243,12.0,17.0,30000.0,12500.0,23000.0,0.0,27.848689537837615,20.0,24.0,0.0,12500.0,33906.383682512605,26000.0,0.0,28.325736511353632,20.0,25.0,0.0,722.0,14.913138511555351,12.0,17.0,1.0,15957.6824592621,12500.0,23000.0,1.0,20.0,21.37701683638633,24.0,1.0,19972.93773746465,12500.0,26000.0,1.0,21.86735919239594,20.0,25.0,1.0,0.0,912.0,7.0,6.0
91.0,24.0,91.0,24.0,-721.0,911.0,12.0,-711.0,15.27450940875235,12.0,17.0,30000.0,18000.0,36000.0,1.0,24.46742883098726,20.0,25.0,1.0,18000.0,34053.33135787071,36000.0,1.0,24.961479230664608,20.0,26.0,1.0,722.0,15.33524914348888,12.0,17.0,1.0,31395.46538436488,18000.0,36000.0,1.0,20.0,24.163031725123034,25.0,1.0,35361.547884852014,18000.0,36000.0,1.0,24.646447580260116,20.0,26.0,1.0,1.0,91121.0,7.0,23.0
11.0,22.0,11.0,22.0,-121.0,21.0,13.0,-111.0,10.187211805759986,9.0,11.0,30000.0,10000.0,19000.0,0.0,25.74291977399379,16.5,19.0,0.0,10000.0,36992.31833039457,25000.0,0.0,27.06070314265638,17.0,20.0,0.0,122.0,10.197867847727037,9.0,11.0,1.0,13479.186113541937,10000.0,19000.0,1.0,16.5,17.28003026096116,19.0,1.0,20567.87541470787,10000.0,25000.0,1.0,18.615975855155206,17.0,20.0,1.0,0.0,211.0,1.0,41.0
11.0,22.0,11.0,21.0,-121.0,11.0,11.0,-111.0,10.008765495906735,9.0,11.0,30000.0,10000.0,19000.0,0.0,23.812405892638626,16.5,19.0,0.0,10000.0,36542.08416504018,25000.0,0.0,25.121941137806303,17.0,20.0,0.0,121.0,10.026286727437054,9.0,11.0,1.0,12299.121837505654,10000.0,19000.0,1.0,16.5,16.9602003302717,19.0,1.0,18721.376377327622,10000.0,25000.0,1.0,18.245749164736036,17.0,20.0,1.0,0.0,111.0,1.0,0.0
91.0,24.0,91.0,21.0,-721.0,911.0,11.0,-711.0,14.796675132309678,12.0,17.0,30000.0,18000.0,36000.0,1.0,24.230597019888457,20.0,25.0,1.0,18000.0,34530.60437885376,36000.0,1.0,24.797282799387162,20.0,26.0,1.0,721.0,15.811622450692672,12.0,17.0,1.0,26499.78684032854,18000.0,36000.0,1.0,20.0,24.030636736483714,25.0,1.0,30947.392926803866,18000.0,36000.0,1.0,24.586941130171496,20.0,26.0,1.0,1.0,91121.0,7.0,21.0
11.0,22.0,11.0,21.0,-121.0,11.0,11.0,-111.0,10.179628351105192,9.0,11.0,30000.0,10000.0,19000.0,0.0,23.606298895256586,16.5,19.0,0.0,10000.0,37066.36804979074,25000.0,0.0,24.944658405940284,17.0,20.0,0.0,122.0,10.211150650162136,9.0,11.0,1.0,14102.32677023939,10000.0,19000.0,1.0,16.5,17.348195138883067,19.0,1.0,20954.473851306342,10000.0,25000.0,1.0,18.645981519373265,17.0,20.0,1.0,0.0,111.0,1.0,12.0
92.0,24.0,92.0,24.0,-721.0,921.0,13.0,-711.0,15.121936765825653,12.0,17.0,30000.0,15000.0,28000.0,0.0,24.266844678875195,19.5,25.0,1.0,15000.0,34036.91737259534,28000.0,0.0,24.759292981701655,20.0,26.0,1.0,722.0,15.229274830545464,12.0,17.0,1.0,21244.562863133648,15000.0,28000.0,1.0,19.5,21.879671228777067,25.0,1.0,25252.472297619614,15000.0,28000.0,1.0,22.368580962796685,20.0,26.0,1.0,0.0,92122.0,7.0,25.0
11.0,22.0,11.0,22.0,-121.0,21.0,13.0,-111.0,10.200746043686662,9.0,11.0,30000.0,10000.0,19000.0,0.0,25.792450249810106,16.5,19.0,0.0,10000.0,37008.342506288755,25000.0,0.0,27.113823531074587,17.0,20.0,0.0,122.0,10.178952689079228,9.0,11.0,1.0,14090.69268432843,10000.0,19000.0,1.0,16.5,17.391817886766546,19.0,1.0,21074.685338670824,10000.0,25000.0,1.0,18.708600176118775,17.0,20.0,1.0,0.0,211.0,1.0,21.0
11.0,22.0,11.0,21.0,-121.0,11.0,12.0,-111.0,10.201751892013679,9.0,11.0,30000.0,10000.0,19000.0,0.0,24.54901092189801,16.5,19.0,0.0,10000.0,36839.41267065056,25000.0,0.0,25.84781765447229,17.0,20.0,0.0,122.0,10.208842683570873,9.0,11.0,1.0,14329.053257018031,10000.0,19000.0,1.0,16.5,17.408076849809863,19.0,1.0,21342.915063563392,10000.0,25000.0,1.0,18.740011531098833,17.0,20.0,1.0,0.0,111.0,1.0,10.0
81.0,23.0,81.0,23.0,-721.0,912.0,11.0,-711.0,15.63987127458729,12.0,17.0,30000.0,12500.0,23000.0,0.0,27.254609076660294,20.0,24.0,0.0,12500.0,34066.13751400225,26000.0,0.0,27.750787037500995,20.0,25.0,0.0,722.0,15.344580055411976,12.0,17.0,1.0,15590.91908573381,12500.0,23000.0,1.0,20.0,21.751546686684655,24.0,1.0,19634.057502350464,12500.0,26000.0,1.0,22.244918140071377,20.0,25.0,1.0,0.0,912.0,7.0,17.0
11.0,22.0,11.0,22.0,-121.0,21.0,12.0,-111.0,10.203246905517847,9.0,11.0,30000.0,10000.0,19000.0,0.0,24.635577899021477,16.5,19.0,0.0,10000.0,37049.39868563985,25000.0,0.0,25.96422041638981,17.0,20.0,0.0,122.0,10.218950949767981,9.0,11.0,1.0,16601.726559858285,10000.0,19000.0,1.0,16.5,17.90937822482225,19.0,1.0,23624.207816723843,10000.0,25000.0,1.0,19.232947452691352,17.0,20.0,1.0,0.0,211.0,1.0,25.0
11.0,22.0,11.0,21.0,-121.0,21.0,13.0,-111.0,10.178425698437636,9.0,11.0,30000.0,10000.0,19000.0,0.0,24.52753451095845,16.5,19.0,0.0,10000.0,37010.876233998715,25000.0,0.0,25.85370083313845,17.0,20.0,0.0,122.0,10.216811604603881,9.0,11.0,1.0,12270.480763620784,10000.0,19000.0,1.0,16.5,17.00937233103661,19.0,1.0,19264.14805799407,10000.0,25000.0,1.0,18.33228343726215,17.0,20.0,1.0,0.0,211.0,1.0,2.0
11.0,21.0,11.0,22.0,-121.0,11.0,12.0,-111.0,9.993748684413776,9.0,11.0,30000.0,10000.0,19000.0,0.0,25.0583660546961,16.5,19.0,0.0,10000.0,36476.27265568833,25000.0,0.0,26.358687009181168,17.0,20.0,0.0,121.0,9.982324266312396,9.0,11.0,1.0,15722.345957260315,10000.0,19000.0,1.0,16.5,17.671785495332365,19.0,1.0,22182.27465455311,10000.0,25000.0,1.0,18.968824872170718,17.0,20.0,1.0,0.0,111.0,1.0,51.0
11.0,22.0,11.0,22.0,-121.0,21.0,13.0,-111.0,10.192620584798382,9.0,11.0,30000.0,10000.0,19000.0,0.0,24.65878558748531,16.5,19.0,0.0,10000.0,36936.092274879375,25000.0,0.0,25.97024357947715,17.0,20.0,0.0,122.0,10.199547972141083,9.0,11.0,1.0,13096.828963519574,10000.0,19000.0,1.0,16.5,17.18050188268539,19.0,1.0,20108.743001454506,10000.0,25000.0,1.0,18.50629605320332,17.0,20.0,1.0,0.0,211.0,1.0,19.0
11.0,22.0,11.0,22.0,-121.0,11.0,11.0,-111.0,10.217564718428848,9.0,11.0,30000.0,10000.0,19000.0,0.0,23.618128671802992,16.5,19.0,0.0,10000.0,37203.69586956982,25000.0,0.0,24.97473781321534,17.0,20.0,0.0,122.0,10.198870594558933,9.0,11.0,1.0,16814.90506248291,10000.0,19000.0,1.0,16.5,17.900730628091978,19.0,1.0,23782.181055630186,10000.0,25000.0,1.0,19.21281687856424,17.0,20.0,1.0,0.0,111.0,1.0,55.0
11.0,22.0,11.0,21.0,-121.0,21.0,13.0,-111.0,10.183687450670199,9.0,11.0,30000.0,10000.0,19000.0,0.0,28.20689619111947,16.5,19.0,0.0,10000.0,37029.14549130019,25000.0,0.0,29.529693644080414,17.0,20.0,0.0,122.0,10.197084320225597,9.0,11.0,1.0,10748.370728488951,10000.0,19000.0,1.0,16.5,16.682151584995047,19.0,1.0,17584.37310596944,10000.0,25000.0,1.0,17.968601914492144,17.0,20.0,1.0,0.0,211.0,1.0,33.0
81.0,21.0,81.0,21.0,-721.0,912.0,12.0,-711.0,15.39754630590632,12.0,17.0,30000.0,12500.0,23000.0,0.0,28.17537216417972,20.0,24.0,0.0,12500.0,33970.5172929644,26000.0,0.0,28.659360911102393,20.0,25.0,0.0,722.0,15.11179725712604,12.0,17.0,1.0,18499.274949034727,12500.0,23000.0,1.0,20.0,21.915948516243326,24.0,1.0,22407.677136697006,12500.0,26000.0,1.0,22.392365702645808,20.0,25.0,1.0,0.0,912.0,7.0,6.0
11.0,22.0,11.0,21.0,-121.0,11.0,11.0,-111.0,9.990990052732617,9.0,11.0,30000.0,10000.0,19000.0,0.0,24.366003852395004,16.5,19.0,0.0,10000.0,36476.02957013443,25000.0,0.0,25.662992342302047,17.0,20.0,0.0,121.0,10.000492947356175,9.0,11.0,1.0,17179.047731055747,10000.0,19000.0,1.0,16.5,17.947248801225356,19.0,1.0,23677.754035257298,10000.0,25000.0,1.0,19.24877887988755,17.0,20.0,1.0,0.0,111.0,1.0,12.0
91.0,21.0,91.0,24.0,-721.0,911.0,12.0,-711.0,15.232165292518635,12.0,17.0,30000.0,18000.0,36000.0,1.0,24.59250957444048,20.0,25.0,1.0,18000.0,34022.08448758068,36000.0,1.0,25.081837108377073,20.0,26.0,1.0,722.0,15.387496005769936,12.0,17.0,1.0,29839.49806292387,18000.0,36000.0,1.0,20.0,24.027342160161524,25.0,1.0,33806.87432884495,18000.0,36000.0,1.0,24.510013881851158,20.0,26.0,1.0,1.0,91121.0,7.0,26.0
11.0,22.0,11.0,22.0,-121.0,11.0,12.0,-111.0,9.981264640822834,9.0,11.0,30000.0,10000.0,19000.0,0.0,24.302545716269606,16.5,19.0,0.0,10000.0,36445.36230293469,25000.0,0.0,25.58548907487742,17.0,20.0,0.0,121.0,10.009498447446525,9.0,11.0,1.0,16916.390053766692,10000.0,19000.0,1.0,16.5,17.89174279553863,19.0,1.0,23513.66840307403,10000.0,25000.0,1.0,19.20492490157434,17.0,20.0,1.0,0.0,111.0,1.0,42.0
91.0,24.0,91.0,21.0,-721.0,911.0,11.0,-711.0,15.472343213345713,12.0,17.0,30000.0,18000.0,36000.0,1.0,24.01938498054677,20.0,25.0,1.0,18000.0,33934.61963926248,36000.0,1.0,24.499719104719947,20.0,26.0,1.0,722.0,15.2998151284682,12.0,17.0,1.0,22497.809530382383,18000.0,36000.0,1.0,20.0,22.986759330575723,25.0,1.0,26520.53427368179,18000.0,36000.0,1.0,23.477849230875382,20.0,26.0,1.0,1.0,91121.0,7.0,3.0
11.0,22.0,11.0,21.0,-121.0,21.0,12.0,-111.0,9.990870317153759,9.0,11.0,30000.0,10000.0,19000.0,0.0,24.74753455306577,16.5,19.0,0.0,10000.0,36485.650813365275,25000.0,0.0,26.05009559014379,17.0,20.0,0.0,121.0,9.994334017525919,9.0,11.0,1.0,13912.08928145231,10000.0,19000.0,1.0,16.5,17.285526181421815,19.0,1.0,20403.201838932306,10000.0,25000.0,1.0,18.589184140810808,17.0,20.0,1.0,0.0,211.0,1.0,53.0
11.0,22.0,11.0,21.0,-121.0,21.0,13.0,-111.0,10.19503346434369,9.0,11.0,30000.0,10000.0,19000.0,0.0,24.310675284424086,16.5,19.0,0.0,10000.0,36862.84984207332,25000.0,0.0,25.605623098214892,17.0,20.0,0.0,122.0,10.21162806536171,9.0,11.0,1.0,11876.575170705197,10000.0,19000.0,1.0,16.5,16.942166016285825,19.0,1.0,19003.225551836014,10000.0,25000.0,1.0,18.286890226062315,17.0,20.0,1.0,0.0,211.0,1.0,58.0
11.0,22.0,11.0,22.0,-121.0,11.0,12.0,-111.0,10.207628983769837,9.0,11.0,30000.0,10000.0,19000.0,0.0,24.14265315420434,16.5,19.0,0.0,10000.0,37072.38991678518,25000.0,0.0,25.470164752430435,17.0,20.0,0.0,122.0,10.20231090336361,9.0,11.0,1.0,16981.186922343535,10000.0,19000.0,1.0,16.5,17.95756058593585,19.0,1.0,23954.06788473083,10000.0,25000.0,1.0,19.266394015587412,17.0,20.0,1.0,0.0,111.0,1.0,14.0
81.0,23.0,81.0,21.0,-721.0,912.0,12.0,-711.0,15.206442287573736,12.0,17.0,30000.0,12500.0,23000.0,0.0,26.332541838880967,20.0,24.0,0.0,12500.0,33910.08364002474,26000.0,0.0,26.810306083193986,20.0,25.0,0.0,722.0,15.423581532243842,12.0,17.0,1.0,14138.29619989242,12500.0,23000.0,1.0,20.0,21.65688996809805,24.0,1.0,18055.598593192823,12500.0,26000.0,1.0,22.135536255487672,20.0,25.0,1.0,0.0,912.0,7.0,11.0
11.0,22.0,11.0,22.0,-121.0,21.0,13.0,-111.0,9.987917014935375,9.0,11.0,30000.0,10000.0,19000.0,0.0,24.892445991481665,16.5,19.0,0.0,10000.0,36506.435070462816,25000.0,0.0,26.191409682576694,17.0,20.0,0.0,121.0,10.002111935442535,9.0,11.0,1.0,13310.656013603666,10000.0,19000.0,1.0,16.5,17.234787191374558,19.0,1.0,19822.42729920231,10000.0,25000.0,1.0,18.534816220036817,17.0,20.0,1.0,0.0,211.0,1.0,21.0
11.0,22.0,11.0,22.0,-121.0,21.0,13.0,-111.0,10.217143889169272,9.0,11.0,30000.0,10000.0,19000.0,0.0,23.28231816652746,16.5,19.0,0.0,10000.0,36738.37786840987,25000.0,0.0,24.552654728312554,17.0,20.0,0.0,122.0,10.180213589592569,9.0,11.0,1.0,14612.8225112833,10000.0,19000.0,1.0,16.5,17.482171513801088,19.0,1.0,21441.30377716927,10000.0,25000.0,1.0,18.769494602965647,17.0,20.0,1.0,0.0,211.0,1.0,28.0
11.0,21.0,11.0,21.0,-121.0,21.0,12.0,-111.0,10.013654770480699,9.0,11.0,30000.0,10000.0,19000.0,0.0,25.37960886821334,16.5,19.0,0.0,10000.0,36515.19952567606,25000.0,0.0,26.6778824387984,17.0,20.0,0.0,121.0,10.00775084873262,9.0,11.0,1.0,13246.232041135516,10000.0,19000.0,1.0,16.5,17.121254615099275,19.0,1.0,19663.5944853087,10000.0,25000.0,1.0,18.400032344208142,17.0,20.0,1.0,0.0,211.0,1.0,6.0
11.0,22.0,11.0,21.0,-121.0,21.0,13.0,-111.0,9.985220774987614,9.0,11.0,30000.0,10000.0,19000.0,0.0,26.8072246032047,16.5,19.0,0.0,10000.0,36516.275889497985,25000.0,0.0,28.109065291673907,17.0,20.0,0.0,121.0,10.011309072952818,9.0,11.0,1.0,13298.9513987109,10000.0,19000.0,1.0,16.5,17.12960229307265,19.0,1.0,19701.668661070846,10000.0,25000.0,1.0,18.408755906310244,17.0,20.0,1.0,0.0,211.0,1.0,33.0
11.0,22.0,11.0,22.0,-121.0,11.0,11.0,-111.0,9.98067892702902,9.0,11.0,30000.0,10000.0,19000.0,0.0,25.488719447314246,16.5,19.0,0.0,10000.0,36433.92866928004,25000.0,0.0,26.775814424652054,17.0,20.0,0.0,121.0,10.00037471052334,9.0,11.0,1.0,16535.184712171926,10000.0,19000.0,1.0,16.5,17.851485186391702,19.0,1.0,22989.282181244555,10000.0,25000.0,1.0,19.142614893091046,17.0,20.0,1.0,0.0,111.0,1.0,55.0
11.0,21.0,11.0,22.0,-121.0,21.0,13.0,-111.0,10.193800863685075,9.0,11.0,30000.0,10000.0,19000.0,0.0,27.411682748803308,16.5,19.0,0.0,10000.0,36933.89870708888,25000.0,0.0,28.71621478300887,17.0,20.0,0.0,122.0,10.210359877594453,9.0,11.0,1.0,14198.56943720581,10000.0,19000.0,1.0,16.5,17.39373799128856,19.0,1.0,21298.333465183492,10000.0,25000.0,1.0,18.72947564784364,17.0,20.0,1.0,0.0,211.0,1.0,52.0
91.0,24.0,91.0,24.0,-721.0,911.0,12.0,-711.0,15.224301858311032,12.0,17.0,30000.0,18000.0,36000.0,1.0,25.044553191170678,20.0,25.0,0.0,18000.0,33976.42362872555,36000.0,1.0,25.531124272088544,20.0,26.0,1.0,722.0,15.121016748575038,12.0,17.0,1.0,26979.778308717683,18000.0,36000.0,1.0,20.0,23.490383965686,25.0,1.0,31029.10826878077,18000.0,36000.0,1.0,23.985876156565187,20.0,26.0,1.0,0.0,91121.0,7.0,8.0
11.0,21.0,11.0,22.0,-121.0,21.0,13.0,-111.0,10.189972794412965,9.0,11.0,30000.0,10000.0,19000.0,0.0,27.418919464744434,16.5,19.0,0.0,10000.0,37040.36274516518,25000.0,0.0,28.743260621589098,17.0,20.0,0.0,122.0,10.17716563948353,9.0,11.0,1.0,12455.181472147977,10000.0,19000.0,1.0,16.5,17.038355398426667,19.0,1.0,19507.35722877028,10000.0,25000.0,1.0,18.36491866481671,17.0,20.0,1.0,0.0,211.0,1.0,24.0
11.0,22.0,11.0,21.0,-121.0,21.0,12.0,-111.0,10.006616102846214,9.0,11.0,30000.0,10000.0,19000.0,0.0,23.817451064217494,16.5,19.0,0.0,10000.0,36509.10271931664,25000.0,0.0,25.122963732799125,17.0,20.0,0.0,121.0,10.004965192075662,9.0,11.0,1.0,12918.816034635403,10000.0,19000.0,1.0,16.5,17.08760814413627,19.0,1.0,19445.357660299647,10000.0,25000.0,1.0,18.3966184857682,17.0,20.0,1.0,0.0,211.0,1.0,53.0
11.0,22.0,11.0,21.0,-121.0,11.0,11.0,-111.0,10.204467800506954,9.0,11.0,30000.0,10000.0,19000.0,0.0,23.346751168601855,16.5,19.0,0.0,10000.0,37093.20715728795,25000.0,0.0,24.68901864361927,17.0,20.0,0.0,122.0,10.20699396546267,9.0,11.0,1.0,13663.410901598309,10000.0,19000.0,1.0,16.5,17.28729249556705,19.0,1.0,20608.721828601872,10000.0,25000.0,1.0,18.601573152324907,17.0,20.0,1.0,0.0,111.0,1.0,54.0
11.0,22.0,11.0,22.0,-121.0,11.0,12.0,-111.0,10.01978865525784,9.0,11.0,30000.0,10000.0,19000.0,0.0,24.478194756800303,16.5,19.0,0.0,10000.0,36449.77815030117,25000.0,0.0,25.76842059009591,17.0,20.0,0.0,121.0,9.998871438699823,9.0,11.0,1.0,16016.848203256015,10000.0,19000.0,1.0,16.5,17.768464613926966,19.0,1.0,22518.09037374493,10000.0,25000.0,1.0,19.068985407263696,17.0,20.0,1.0,0.0,111.0,1.0,42.0
11.0,22.0,11.0,22.0,-121.0,11.0,11.0,-111.0,9.983833265346384,9.0,11.0,30000.0,10000.0,19000.0,0.0,25.26006755005477,16.5,19.0,0.0,10000.0,36411.83655937482,25000.0,0.0,26.54231170869552,17.0,20.0,0.0,121.0,10.00417786561143,9.0,11.0,1.0,15763.182035930737,10000.0,19000.0,1.0,16.5,17.704373276983745,19.0,1.0,22269.7291190034,10000.0,25000.0,1.0,19.005557721242944,17.0,20.0,1.0,0.0,111.0,1.0,17.0
91.0,24.0,91.0,24.0,-721.0,911.0,12.0,-711.0,14.980627976286028,12.0,17.0,30000.0,18000.0,36000.0,1.0,24.235872845402405,20.0,25.0,1.0,18000.0,34497.13551044195,36000.0,1.0,24.798469889978236,20.0,26.0,1.0,721.0,14.974773973928329,12.0,17.0,1.0,26739.096672809053,18000.0,36000.0,1.0,20.0,23.362969950022574,25.0,1.0,31267.6534145444,18000.0,36000.0,1.0,23.929497828308342,20.0,26.0,1.0,1.0,91121.0,7.0,13.0
11.0,22.0,11.0,22.0,-121.0,11.0,11.0,-111.0,9.995367246731472,9.0,11.0,30000.0,10000.0,19000.0,0.0,25.15856893362777,16.5,19.0,0.0,10000.0,36536.827244421715,25000.0,0.0,26.468610138996926,17.0,20.0,0.0,121.0,9.997593731788623,9.0,11.0,1.0,13383.685006008036,10000.0,19000.0,1.0,16.5,17.185395166061497,19.0,1.0,19992.2779676253,10000.0,25000.0,1.0,18.50981889113687,17.0,20.0,1.0,0.0,111.0,1.0,57.0
11.0,22.0,11.0,21.0,-121.0,21.0,12.0,-111.0,9.989132633176311,9.0,11.0,30000.0,10000.0,19000.0,0.0,25.671804308660697,16.5,19.0,0.0,10000.0,36493.95141340159,25000.0,0.0,26.97196693116064,17.0,20.0,0.0,121.0,9.997208237372107,9.0,11.0,1.0,13603.48644142162,10000.0,19000.0,1.0,16.5,17.214174541725296,19.0,1.0,20013.541550638387,10000.0,25000.0,1.0,18.497540173930254,17.0,20.0,1.0,0.0,211.0,1.0,53.0
11.0,22.0,11.0,22.0,-121.0,21.0,13.0,-111.0,10.179404767412567,9.0,11.0,30000.0,10000.0,19000.0,0.0,24.24102691551774,16.5,19.0,0.0,10000.0,37051.43784047026,25000.0,0.0,25.57078371676633,17.0,20.0,0.0,122.0,10.22398053791706,9.0,11.0,1.0,14567.741008312025,10000.0,19000.0,1.0,16.5,17.473075323388723,19.0,1.0,21403.183216915513,10000.0,25000.0,1.0,18.762099770894313,17.0,20.0,1.0,0.0,211.0,1.0,16.0
11.0,22.0,11.0,21.0,-121.0,11.0,12.0,-111.0,10.199140118920077,9.0,11.0,30000.0,10000.0,19000.0,0.0,24.017452577226607,16.5,19.0,0.0,10000.0,36943.895661850685,25000.0,0.0,25.332052789605818,17.0,20.0,0.0,122.0,10.194558384548875,9.0,11.0,1.0,13544.141893355334,10000.0,19000.0,1.0,16.5,17.238879613813594,19.0,1.0,20598.205100083476,10000.0,25000.0,1.0,18.574336458398395,17.0,20.0,1.0,0.0,111.0,1.0,10.0
11.0,22.0,11.0,22.0,-121.0,21.0,13.0,-111.0,9.999067809883478,9.0,11.0,30000.0,10000.0,19000.0,0.0,24.82133343295706,16.5,19.0,0.0,10000.0,36425.382690898965,25000.0,0.0,26.106800744615207,17.0,20.0,0.0,121.0,10.008437916799048,9.0,11.0,1.0,13249.26668979553,10000.0,19000.0,1.0,16.5,17.19821800439504,19.0,1.0,19738.09806019285,10000.0,25000.0,1.0,18.496378910720868,17.0,20.0,1.0,0.0,211.0,1.0,36.0
91.0,24.0,91.0,24.0,-721.0,911.0,11.0,-711.0,14.111637886492883,12.0,17.0,30000.0,18000.0,36000.0,1.0,23.55558812099359,20.0,25.0,1.0,18000.0,34561.65158947967,36000.0,1.0,24.124828712479363,20.0,26.0,1.0,721.0,15.350223745234667,12.0,17.0,1.0,25861.94741272593,18000.0,36000.0,1.0,20.0,23.547706014014068,25.0,1.0,30363.656624668507,18000.0,36000.0,1.0,24.109466500153133,20.0,26.0,1.0,1.0,91121.0,7.0,28.0
11.0,22.0,11.0,22.0,-121.0,21.0,13.0,-111.0,10.212711850706327,9.0,11.0,30000.0,10000.0,19000.0,0.0,25.981312334745233,16.5,19.0,0.0,10000.0,36956.42388481695,25000.0,0.0,27.291586585276484,17.0,20.0,0.0,122.0,10.20200029869895,9.0,11.0,1.0,14138.68033184385,10000.0,19000.0,1.0,16.5,17.354733190955333,19.0,1.0,21141.985877389794,10000.0,25000.0,1.0,18.673837816675398,17.0,20.0,1.0,0.0,211.0,1.0,36.0
11.0,22.0,11.0,22.0,-121.0,11.0,11.0,-111.0,10.1981337049893,9.0,11.0,30000.0,10000.0,19000.0,0.0,24.316496804429093,16.5,19.0,0.0,10000.0,37016.08815008794,25000.0,0.0,25.635176138497226,17.0,20.0,0.0,122.0,10.214328135511325,9.0,11.0,1.0,14376.747577637154,10000.0,19000.0,1.0,16.5,17.427710260884098,19.0,1.0,21316.415256485863,10000.0,25000.0,1.0,18.73202630675414,17.0,20.0,1.0,0.0,111.0,1.0,57.0
11.0,21.0,11.0,22.0,-121.0,21.0,12.0,-111.0,9.989135294137146,9.0,11.0,30000.0,10000.0,19000.0,0.0,25.581649192603944,16.5,19.0,0.0,10000.0,36580.707847380094,25000.0,0.0,26.89554182414771,17.0,20.0,0.0,121.0,9.982939419744385,9.0,11.0,1.0,14218.276663875095,10000.0,19000.0,1.0,16.5,17.35185347943712,19.0,1.0,20729.42936123525,10000.0,25000.0,1.0,18.651858851248864,17.0,20.0,1.0,0.0,211.0,1.0,37.0
11.0,22.0,11.0,22.0,-121.0,21.0,13.0,-111.0,9.997228741125648,9.0,11.0,30000.0,10000.0,19000.0,0.0,26.8270928651353,16.5,19.0,0.0,10000.0,36425.35307394675,25000.0,0.0,28.11774336237369,17.0,20.0,0.0,121.0,10.0259771964462,9.0,11.0,1.0,12562.264382927575,10000.0,19000.0,1.0,16.5,17.086069588399006,19.0,1.0,19010.27691463149,10000.0,25000.0,1.0,18.3812716550352,17.0,20.0,1.0,0.0,211.0,1.0,36.0
11.0,22.0,11.0,22.0,-121.0,11.0,11.0,-111.0,10.015919419569558,9.0,11.0,30000.0,10000.0,19000.0,0.0,23.401818616599265,16.5,19.0,0.0,10000.0,36548.90823915666,25000.0,0.0,24.71085595820957,17.0,20.0,0.0,121.0,10.004218351909167,9.0,11.0,1.0,14590.539328923393,10000.0,19000.0,1.0,16.5,17.44007252128528,19.0,1.0,21126.416986244498,10000.0,25000.0,1.0,18.746505227499465,17.0,20.0,1.0,0.0,111.0,1.0,57.0
11.0,22.0,11.0,22.0,-121.0,11.0,11.0,-111.0,10.021068492599381,9.0,11.0,30000.0,10000.0,19000.0,0.0,23.632437018618617,16.5,19.0,0.0,10000.0,36535.15720277417,25000.0,0.0,24.938865363128755,17.0,20.0,0.0,121.0,10.013706423446058,9.0,11.0,1.0,16828.705783623544,10000.0,19000.0,1.0,16.5,17.905126069426736,19.0,1.0,23306.740686320692,10000.0,25000.0,1.0,19.200135225444736,17.0,20.0,1.0,0.0,111.0,1.0,11.0
11.0,22.0,11.0,22.0,-121.0,11.0,11.0,-111.0,10.194245791373849,9.0,11.0,30000.0,10000.0,19000.0,0.0,24.77198654401395,16.5,19.0,0.0,10000.0,37046.48783713409,25000.0,0.0,26.096895853993033,17.0,20.0,0.0,122.0,10.206822272152088,9.0,11.0,1.0,16065.791811595303,10000.0,19000.0,1.0,16.5,17.73117826998771,19.0,1.0,23199.742059672633,10000.0,25000.0,1.0,19.072532618290886,17.0,20.0,1.0,0.0,111.0,1.0,17.0
91.0,24.0,91.0,24.0,-721.0,911.0,12.0,-711.0,14.18419206212491,12.0,17.0,30000.0,18000.0,36000.0,1.0,24.186292237046885,20.0,25.0,1.0,18000.0,34460.987392356605,36000.0,1.0,24.7432395205934,20.0,26.0,1.0,721.0,14.991596777773434,12.0,17.0,1.0,30983.691304072217,18000.0,36000.0,1.0,20.0,23.871074796006898,25.0,1.0,35448.555600441025,18000.0,36000.0,1.0,24.42850610494247,20.0,26.0,1.0,1.0,91121.0,7.0,23.0
11.0,22.0,11.0,21.0,-121.0,21.0,13.0,-111.0,10.16904006552341,9.0,11.0,30000.0,10000.0,19000.0,0.0,24.298490685007962,16.5,19.0,0.0,10000.0,37080.917300618596,25000.0,0.0,25.63519841827335,17.0,20.0,0.0,122.0,10.173468297092738,9.0,11.0,1.0,11963.469802357806,10000.0,19000.0,1.0,16.5,16.920432914770355,19.0,1.0,19077.05358564906,10000.0,25000.0,1.0,18.263307298224316,17.0,20.0,1.0,0.0,211.0,1.0,2.0
11.0,22.0,11.0,22.0,-121.0,11.0,11.0,-111.0,10.188890030327896,9.0,11.0,30000.0,10000.0,19000.0,0.0,24.889901905718986,16.5,19.0,0.0,10000.0,36985.108996107956,25000.0,0.0,26.20425977471495,17.0,20.0,0.0,122.0,10.205758960977002,9.0,11.0,1.0,13031.980768981952,10000.0,19000.0,1.0,16.5,17.20050425645114,19.0,1.0,20096.000937025936,10000.0,25000.0,1.0,18.52971050073281,17.0,20.0,1.0,0.0,111.0,1.0,27.0
11.0,22.0,11.0,22.0,-121.0,21.0,13.0,-111.0,10.0024000739848,9.0,11.0,30000.0,10000.0,19000.0,0.0,25.64516453764186,16.5,19.0,0.0,10000.0,36504.69482132597,25000.0,0.0,26.948749830236807,17.0,20.0,0.0,121.0,10.026259856818113,9.0,11.0,1.0,13798.45467294438,10000.0,19000.0,1.0,16.5,17.31357576495229,19.0,1.0,20316.256890412085,10000.0,25000.0,1.0,18.619787869304577,17.0,20.0,1.0,0.0,211.0,1.0,5.0
11.0,22.0,11.0,22.0,-121.0,11.0,12.0,-111.0,9.990811235317985,9.0,11.0,30000.0,10000.0,19000.0,0.0,24.244001881992993,16.5,19.0,0.0,10000.0,36485.944794488954,25000.0,0.0,25.544816320834954,17.0,20.0,0.0,121.0,9.986387195980324,9.0,11.0,1.0,14842.74210829784,10000.0,19000.0,1.0,16.5,17.52149332069167,19.0,1.0,21330.639391318327,10000.0,25000.0,1.0,18.822699348631897,17.0,20.0,1.0,0.0,111.0,1.0,42.0
91.0,24.0,91.0,21.0,-721.0,911.0,11.0,-711.0,15.41046690276223,12.0,17.0,30000.0,18000.0,36000.0,1.0,24.585781581825394,20.0,25.0,1.0,18000.0,33935.849908657896,36000.0,1.0,25.065257736545103,20.0,26.0,1.0,722.0,15.443782214887035,12.0,17.0,1.0,21659.887526020906,18000.0,36000.0,1.0,20.0,23.013886425184925,25.0,1.0,25577.999088202163,18000.0,36000.0,1.0,23.491201645327074,20.0,26.0,1.0,1.0,91121.0,7.0,21.0
91.0,24.0,91.0,24.0,-721.0,911.0,11.0,-711.0,15.49868470507479,12.0,17.0,30000.0,18000.0,36000.0,1.0,25.80840601396737,20.0,25.0,0.0,18000.0,34502.49711466887,36000.0,1.0,26.370568080845626,20.0,26.0,0.0,721.0,15.769292016474191,12.0,17.0,1.0,23404.511430789178,18000.0,36000.0,1.0,20.0,23.70582449714647,25.0,1.0,27873.124290867592,18000.0,36000.0,1.0,24.263755924424057,20.0,26.0,1.0,0.0,91121.0,7.0,4.0
81.0,23.0,81.0,23.0,-721.0,912.0,12.0,-711.0,15.310808165255917,12.0,17.0,30000.0,12500.0,23000.0,0.0,27.011594182386272,20.0,24.0,0.0,12500.0,33921.47115949434,26000.0,0.0,27.49200592747258,20.0,25.0,0.0,722.0,15.104697895864723,12.0,17.0,1.0,19135.59488856326,12500.0,23000.0,1.0,20.0,22.030840781873653,24.0,1.0,23145.257738886477,12500.0,26000.0,1.0,22.522056718134653,20.0,25.0,1.0,0.0,912.0,7.0,5.0
91.0,21.0,91.0,24.0,-721.0,911.0,12.0,-711.0,15.342829359967247,12.0,17.0,30000.0,18000.0,36000.0,1.0,25.78998994766366,20.0,25.0,0.0,18000.0,34537.792176883275,36000.0,1.0,26.355871288745963,20.0,26.0,0.0,721.0,14.74174651347801,12.0,17.0,1.0,25843.54579988086,18000.0,36000.0,1.0,20.0,22.996596404233507,25.0,1.0,30331.07599629434,18000.0,36000.0,1.0,23.556209869704716,20.0,26.0,1.0,0.0,91121.0,7.0,26.0
81.0,21.0,81.0,23.0,-721.0,912.0,12.0,-711.0,15.551529047692984,12.0,17.0,30000.0,12500.0,23000.0,0.0,26.825230233515164,20.0,24.0,0.0,12500.0,34456.970725675725,26000.0,0.0,27.38199105792875,20.0,25.0,0.0,721.0,15.023440690829643,12.0,17.0,1.0,16672.174213286668,12500.0,23000.0,1.0,20.0,21.7400683920922,24.0,1.0,21217.766131762506,12500.0,26000.0,1.0,22.3078996971979,20.0,25.0,1.0,0.0,912.0,7.0,7.0
11.0,22.0,11.0,22.0,-121.0,21.0,13.0,-111.0,10.010318707457236,9.0,11.0,30000.0,10000.0,19000.0,0.0,26.899998958007778,16.5,19.0,0.0,10000.0,36431.02932933775,25000.0,0.0,28.1839426427755,17.0,20.0,0.0,121.0,9.995714097926358,9.0,11.0,1.0,14439.724804554382,10000.0,19000.0,1.0,16.5,17.44501651639416,19.0,1.0,21008.005104579835,10000.0,25000.0,1.0,18.75636211585053,17.0,20.0,1.0,0.0,211.0,1.0,3.0
11.0,22.0,11.0,22.0,-121.0,11.0,11.0,-111.0,10.214006145734864,9.0,11.0,30000.0,10000.0,19000.0,0.0,24.327368344249685,16.5,19.0,0.0,10000.0,36961.69631004941,25000.0,0.0,25.64170620955396,17.0,20.0,0.0,122.0,10.196668006204513,9.0,11.0,1.0,17468.892300117026,10000.0,19000.0,1.0,16.5,17.996463056819323,19.0,1.0,24475.06575025271,10000.0,25000.0,1.0,19.31919801196382,17.0,20.0,1.0,0.0,111.0,1.0,30.0
11.0,22.0,11.0,22.0,-121.0,21.0,13.0,-111.0,9.99739447936293,9.0,11.0,30000.0,10000.0,19000.0,0.0,24.296122528265204,16.5,19.0,0.0,10000.0,36525.52734858756,25000.0,0.0,25.598017117486265,17.0,20.0,0.0,121.0,10.009043887624198,9.0,11.0,1.0,14901.836437164922,10000.0,19000.0,1.0,16.5,17.543763966797492,19.0,1.0,21399.899402428757,10000.0,25000.0,1.0,18.840179193181587,17.0,20.0,1.0,0.0,211.0,1.0,3.0
11.0,22.0,11.0,22.0,-121.0,11.0,12.0,-111.0,10.013600363894748,9.0,11.0,30000.0,10000.0,19000.0,0.0,23.974322700661247,16.5,19.0,0.0,10000.0,36477.396348620605,25000.0,0.0,25.261675988699203,17.0,20.0,0.0,121.0,10.002018583052493,9.0,11.0,1.0,17391.946111937617,10000.0,19000.0,1.0,16.5,17.967440094871225,19.0,1.0,23859.24078623949,10000.0,25000.0,1.0,19.252785720733055,17.0,20.0,1.0,0.0,111.0,1.0,14.0
11.0,22.0,11.0,22.0,-121.0,21.0,13.0,-111.0,10.191747017738479,9.0,11.0,30000.0,10000.0,19000.0,0.0,25.320182901082504,16.5,19.0,0.0,10000.0,36797.04004276079,25000.0,0.0,26.598015671663596,17.0,20.0,0.0,122.0,10.21617016755724,9.0,11.0,1.0,13398.818087936272,10000.0,19000.0,1.0,16.5,17.256633990869233,19.0,1.0,20446.636501862304,10000.0,25000.0,1.0,18.58161269833048,17.0,20.0,1.0,0.0,211.0,1.0,4.0
11.0,22.0,11.0,21.0,-121.0,21.0,13.0,-111.0,10.189603070183262,9.0,11.0,30000.0,10000.0,19000.0,0.0,25.741629887243345,16.5,19.0,0.0,10000.0,36920.71762250376,25000.0,0.0,27.046741084605756,17.0,20.0,0.0,122.0,10.195598046229167,9.0,11.0,1.0,13267.33076272208,10000.0,19000.0,1.0,16.5,17.14533270435751,19.0,1.0,20119.22431392896,10000.0,25000.0,1.0,18.437465035799203,17.0,20.0,1.0,0.0,211.0,1.0,33.0
11.0,22.0,11.0,22.0,-121.0,21.0,13.0,-111.0,10.190069612576048,9.0,11.0,30000.0,10000.0,19000.0,0.0,26.388478969052457,16.5,19.0,0.0,10000.0,36989.46964780553,25000.0,0.0,27.70532634768992,17.0,20.0,0.0,122.0,10.194218376504878,9.0,11.0,1.0,13861.094348916004,10000.0,19000.0,1.0,16.5,17.35269509296012,19.0,1.0,20787.77571998114,10000.0,25000.0,1.0,18.657712879110445,17.0,20.0,1.0,0.0,211.0,1.0,36.0
11.0,21.0,11.0,22.0,-121.0,21.0,13.0,-111.0,10.000543112143104,9.0,11.0,30000.0,10000.0,19000.0,0.0,28.011823887119164,16.5,19.0,0.0,10000.0,36480.12344993013,25000.0,0.0,29.308126212295768,17.0,20.0,0.0,121.0,9.965078821075798,9.0,11.0,1.0,13262.811668594324,10000.0,19000.0,1.0,16.5,17.170284517147245,19.0,1.0,19640.696283728284,10000.0,25000.0,1.0,18.44613469503165,17.0,20.0,1.0,0.0,211.0,1.0,32.0
11.0,22.0,11.0,22.0,-121.0,11.0,12.0,-111.0,10.010263899097525,9.0,11.0,30000.0,10000.0,19000.0,0.0,24.506627455333565,16.5,19.0,0.0,10000.0,36466.171459443205,25000.0,0.0,25.79613916949947,17.0,20.0,0.0,121.0,10.00135395444076,9.0,11.0,1.0,15423.905787487789,10000.0,19000.0,1.0,16.5,17.62403152752897,19.0,1.0,21983.902193933885,10000.0,25000.0,1.0,18.932254216032636,17.0,20.0,1.0,0.0,111.0,1.0,14.0
11.0,22.0,11.0,22.0,-121.0,21.0,13.0,-111.0,9.986574087100097,9.0,11.0,30000.0,10000.0,19000.0,0.0,25.667523869561112,16.5,19.0,0.0,10000.0,36561.74955453117,25000.0,0.0,26.981378958239347,17.0,20.0,0.0,121.0,10.007654476959791,9.0,11.0,1.0,13430.58261209926,10000.0,19000.0,1.0,16.5,17.220878920910415,19.0,1.0,19915.072267775027,10000.0,25000.0,1.0,18.519264307427918,17.0,20.0,1.0,0.0,211.0,1.0,8.0
11.0,22.0,11.0,22.0,-121.0,21.0,12.0,-111.0,10.177560822664045,9.0,11.0,30000.0,10000.0,19000.0,0.0,23.681421918764883,16.5,19.0,0.0,10000.0,36982.63626560101,25000.0,0.0,25.000548425534557,17.0,20.0,0.0,122.0,10.215245573287945,9.0,11.0,1.0,15612.318190916661,10000.0,19000.0,1.0,16.5,17.6711601262175,19.0,1.0,22512.41331472452,10000.0,25000.0,1.0,18.974693352183653,17.0,20.0,1.0,0.0,211.0,1.0,48.0
11.0,21.0,11.0,22.0,-121.0,21.0,13.0,-111.0,10.177907217956376,9.0,11.0,30000.0,10000.0,19000.0,0.0,26.853713628078296,16.5,19.0,0.0,10000.0,36891.45372119829,25000.0,0.0,28.152944983835614,17.0,20.0,0.0,122.0,10.19156296994945,9.0,11.0,1.0,12257.080745841064,10000.0,19000.0,1.0,16.5,17.01213885018708,19.0,1.0,19173.17213495043,10000.0,25000.0,1.0,18.31601509394304,17.0,20.0,1.0,0.0,211.0,1.0,32.0
91.0,24.0,91.0,24.0,-721.0,911.0,12.0,-711.0,15.639669218921918,12.0,17.0,30000.0,18000.0,36000.0,1.0,24.648077172582397,20.0,25.0,1.0,18000.0,33935.37118953384,36000.0,1.0,25.129996631232302,20.0,26.0,1.0,722.0,15.028674980547617,12.0,17.0,1.0,22331.636742629624,18000.0,36000.0,1.0,20.0,22.72102623404939,25.0,1.0,26386.546773865568,18000.0,36000.0,1.0,23.217584234048058,20.0,26.0,1.0,1.0,91121.0,7.0,1.0
11.0,22.0,11.0,21.0,-121.0,11.0,11.0,-111.0,9.999215289357403,9.0,11.0,30000.0,10000.0,19000.0,0.0,24.85107951512756,16.5,19.0,0.0,10000.0,36569.873165966965,25000.0,0.0,26.163681184803163,17.0,20.0,0.0,121.0,10.008234210069508,9.0,11.0,1.0,14965.879040255317,10000.0,19000.0,1.0,16.5,17.47006267689629,19.0,1.0,21453.25168704468,10000.0,25000.0,1.0,18.766181483587175,17.0,20.0,1.0,0.0,111.0,1.0,1.0
91.0,24.0,91.0,24.0,-721.0,911.0,11.0,-711.0,15.091027426349257,12.0,17.0,30000.0,18000.0,36000.0,1.0,24.029110648283947,20.0,25.0,1.0,18000.0,34524.20775689112,36000.0,1.0,24.59882677002341,20.0,26.0,1.0,721.0,15.519145493821236,12.0,17.0,1.0,27965.46806046068,18000.0,36000.0,1.0,20.0,24.09108784648901,25.0,1.0,32447.7606573151,18000.0,36000.0,1.0,24.65552575296928,20.0,26.0,1.0,1.0,91121.0,7.0,9.0
11.0,21.0,11.0,22.0,-121.0,21.0,13.0,-111.0,9.985286242473997,9.0,11.0,30000.0,10000.0,19000.0,0.0,26.834561523927512,16.5,19.0,0.0,10000.0,36545.60833386967,25000.0,0.0,28.14459643892362,17.0,20.0,0.0,121.0,9.99910454337393,9.0,11.0,1.0,14383.69484833335,10000.0,19000.0,1.0,16.5,17.408203584092536,19.0,1.0,20912.04252971367,10000.0,25000.0,1.0,18.714783960371495,17.0,20.0,1.0,0.0,211.0,1.0,24.0
11.0,22.0,11.0,22.0,-121.0,21.0,13.0,-111.0,9.99992402913486,9.0,11.0,30000.0,10000.0,19000.0,0.0,24.20403595159717,16.5,19.0,0.0,10000.0,36571.56372687143,25000.0,0.0,25.523970919801805,17.0,20.0,0.0,121.0,10.012105505807506,9.0,11.0,1.0,14502.471068868896,10000.0,19000.0,1.0,16.5,17.48374266989611,19.0,1.0,20987.319978447882,10000.0,25000.0,1.0,18.78626048681638,17.0,20.0,1.0,0.0,211.0,1.0,5.0
11.0,22.0,11.0,22.0,-121.0,21.0,13.0,-111.0,10.001915953533706,9.0,11.0,30000.0,10000.0,19000.0,0.0,25.344400179382088,16.5,19.0,0.0,10000.0,36486.923696929094,25000.0,0.0,26.63976642799268,17.0,20.0,0.0,121.0,10.006909235157776,9.0,11.0,1.0,14731.087344526284,10000.0,19000.0,1.0,16.5,17.46874563893266,19.0,1.0,21309.395669491372,10000.0,25000.0,1.0,18.78236037763351,17.0,20.0,1.0,0.0,211.0,1.0,28.0
11.0,21.0,11.0,22.0,-121.0,21.0,12.0,-111.0,10.22550303256343,9.0,11.0,30000.0,10000.0,19000.0,0.0,25.751454819269448,16.5,19.0,0.0,10000.0,37116.477265557536,25000.0,0.0,27.097096961112626,17.0,20.0,0.0,122.0,10.211014021711293,9.0,11.0,1.0,14469.595373284395,10000.0,19000.0,1.0,16.5,17.503183126951612,19.0,1.0,21395.506572474347,10000.0,25000.0,1.0,18.812791467218467,17.0,20.0,1.0,0.0,211.0,1.0,37.0
11.0,22.0,11.0,22.0,-121.0,11.0,11.0,-111.0,10.02084908508725,9.0,11.0,30000.0,10000.0,19000.0,0.0,24.57955508645009,16.5,19.0,0.0,10000.0,36562.38785105531,25000.0,0.0,25.893564723287536,17.0,20.0,0.0,121.0,10.011294617738823,9.0,11.0,1.0,14604.972502652357,10000.0,19000.0,1.0,16.5,17.47509987437005,19.0,1.0,21153.62387964966,10000.0,25000.0,1.0,18.786359009454465,17.0,20.0,1.0,0.0,111.0,1.0,11.0
11.0,22.0,11.0,22.0,-121.0,11.0,11.0,-111.0,9.991127763469404,9.0,11.0,30000.0,10000.0,19000.0,0.0,23.53947366652803,16.5,19.0,0.0,10000.0,36614.88953833672,25000.0,0.0,24.86229512084841,17.0,20.0,0.0,121.0,9.99523445139291,9.0,11.0,1.0,16202.35359787551,10000.0,19000.0,1.0,16.5,17.74650158628314,19.0,1.0,22686.281415302325,10000.0,25000.0,1.0,19.043133793888167,17.0,20.0,1.0,0.0,111.0,1.0,17.0
91.0,24.0,91.0,24.0,-721.0,911.0,11.0,-711.0,14.720784049237256,12.0,17.0,30000.0,18000.0,36000.0,1.0,24.224706739883533,20.0,25.0,1.0,18000.0,34415.35976239853,36000.0,1.0,24.77640453489367,20.0,26.0,1.0,721.0,15.224182645347051,12.0,17.0,1.0,25119.841113270686,18000.0,36000.0,1.0,20.0,23.409938460107092,25.0,1.0,29567.179820472644,18000.0,36000.0,1.0,23.96563201407781,20.0,26.0,1.0,1.0,91121.0,7.0,16.0
81.0,23.0,81.0,21.0,-721.0,912.0,12.0,-711.0,14.973396181262212,12.0,17.0,30000.0,12500.0,23000.0,0.0,26.80399305477878,20.0,24.0,0.0,12500.0,34531.53917006428,26000.0,0.0,27.367828417423052,20.0,25.0,0.0,721.0,14.986609317679115,12.0,17.0,1.0,15375.327932697146,12500.0,23000.0,1.0,20.0,21.364584977027825,24.0,1.0,19779.978493572322,12500.0,26000.0,1.0,21.91263226363599,20.0,25.0,1.0,0.0,912.0,7.0,11.0
11.0,22.0,11.0,21.0,-121.0,11.0,11.0,-111.0,10.16892528199138,9.0,11.0,30000.0,10000.0,19000.0,0.0,23.738678978691613,16.5,19.0,0.0,10000.0,37136.037478340724,25000.0,0.0,25.080631059041902,17.0,20.0,0.0,122.0,10.20379997749711,9.0,11.0,1.0,14425.595834076368,10000.0,19000.0,1.0,16.5,17.393281659328863,19.0,1.0,21359.372396004215,10000.0,25000.0,1.0,18.69719800088467,17.0,20.0,1.0,0.0,111.0,1.0,26.0
11.0,22.0,11.0,22.0,-121.0,11.0,12.0,-111.0,10.171398660648201,9.0,11.0,30000.0,10000.0,19000.0,0.0,24.717513166511836,16.5,19.0,0.0,10000.0,37046.10495250167,25000.0,0.0,26.048357373902032,17.0,20.0,0.0,122.0,10.195626653200398,9.0,11.0,1.0,15202.792634225085,10000.0,19000.0,1.0,16.5,17.631143418275776,19.0,1.0,22255.96265658281,10000.0,25000.0,1.0,18.963322051899492,17.0,20.0,1.0,0.0,111.0,1.0,49.0
81.0,23.0,81.0,23.0,-721.0,912.0,12.0,-711.0,16.038333651998173,12.0,17.0,30000.0,12500.0,23000.0,0.0,27.564249440485405,20.0,24.0,0.0,12500.0,34485.726120042076,26000.0,0.0,28.1267843729164,20.0,25.0,0.0,721.0,15.439235502419798,12.0,17.0,1.0,17068.275522783515,12500.0,23000.0,1.0,20.0,22.147357904224016,24.0,1.0,21629.11585287029,12500.0,26000.0,1.0,22.719312575163638,20.0,25.0,1.0,0.0,912.0,7.0,31.0
11.0,22.0,11.0,22.0,-121.0,11.0,11.0,-111.0,10.012132659410693,9.0,11.0,30000.0,10000.0,19000.0,0.0,23.76618988850378,16.5,19.0,0.0,10000.0,36474.515135995105,25000.0,0.0,25.064939965671744,17.0,20.0,0.0,121.0,9.999698639562741,9.0,11.0,1.0,16328.950290960152,10000.0,19000.0,1.0,16.5,17.840887928318544,19.0,1.0,22828.26438434642,10000.0,25000.0,1.0,19.144612532095675,17.0,20.0,1.0,0.0,111.0,1.0,11.0
11.0,22.0,11.0,22.0,-121.0,21.0,12.0,-111.0,9.994494825315853,9.0,11.0,30000.0,10000.0,19000.0,0.0,25.30127290518498,16.5,19.0,0.0,10000.0,36521.282986672224,25000.0,0.0,26.60817344166304,17.0,20.0,0.0,121.0,9.988735864060153,9.0,11.0,1.0,14947.870997743103,10000.0,19000.0,1.0,16.5,17.54450948538213,19.0,1.0,21505.683312538895,10000.0,25000.0,1.0,18.858730697656572,17.0,20.0,1.0,0.0,211.0,1.0,48.0
81.0,23.0,81.0,23.0,-721.0,912.0,11.0,-711.0,15.267119851905022,12.0,17.0,30000.0,12500.0,23000.0,0.0,25.60836073362057,20.0,24.0,0.0,12500.0,34014.216607384325,26000.0,0.0,26.098605624070714,20.0,25.0,0.0,722.0,14.923543991046902,12.0,17.0,1.0,17210.707363331574,12500.0,23000.0,1.0,20.0,21.579408504362902,24.0,1.0,21125.852420790117,12500.0,26000.0,1.0,22.057554067374973,20.0,25.0,1.0,0.0,912.0,7.0,17.0
92.0,24.0,92.0,24.0,-721.0,921.0,13.0,-711.0,15.09260283319385,12.0,17.0,30000.0,15000.0,28000.0,0.0,24.27852006925815,19.5,25.0,1.0,15000.0,34041.64236750552,28000.0,0.0,24.769268057854358,20.0,26.0,1.0,722.0,15.063649285584566,12.0,17.0,1.0,21676.395992600876,15000.0,28000.0,1.0,19.5,21.746179755752753,25.0,1.0,25647.32794606148,15000.0,28000.0,1.0,22.228341879913174,20.0,26.0,1.0,0.0,92122.0,7.0,20.0
11.0,22.0,11.0,22.0,-121.0,21.0,13.0,-111.0,10.219492480130048,9.0,11.0,30000.0,10000.0,19000.0,0.0,25.23084715244842,16.5,19.0,0.0,10000.0,36883.675164270346,25000.0,0.0,26.537939111661522,17.0,20.0,0.0,122.0,10.209878178964981,9.0,11.0,1.0,14594.108242807355,10000.0,19000.0,1.0,16.5,17.472376367744904,19.0,1.0,21602.27623395002,10000.0,25000.0,1.0,18.8031073815475,17.0,20.0,1.0,0.0,211.0,1.0,41.0
81.0,21.0,81.0,21.0,-721.0,912.0,12.0,-711.0,14.859777481255211,12.0,17.0,30000.0,12500.0,23000.0,0.0,26.68341145359944,20.0,24.0,0.0,12500.0,34433.99325007589,26000.0,0.0,27.237741299788286,20.0,25.0,0.0,721.0,15.14922269768323,12.0,17.0,1.0,16207.399460799556,12500.0,23000.0,1.0,20.0,21.574384900347894,24.0,1.0,20714.28231879761,12500.0,26000.0,1.0,22.13782727397407,20.0,25.0,1.0,0.0,912.0,7.0,6.0
11.0,21.0,11.0,21.0,-121.0,21.0,13.0,-111.0,10.183615039519431,9.0,11.0,30000.0,10000.0,19000.0,0.0,27.854097221914056,16.5,19.0,0.0,10000.0,36950.82517540899,25000.0,0.0,29.163900960228926,17.0,20.0,0.0,122.0,10.205802368872885,9.0,11.0,1.0,12974.46509839007,10000.0,19000.0,1.0,16.5,17.140038757683715,19.0,1.0,20018.700951619572,10000.0,25000.0,1.0,18.467444672994876,17.0,20.0,1.0,0.0,211.0,1.0,34.0
11.0,22.0,11.0,22.0,-121.0,21.0,13.0,-111.0,10.016595042754362,9.0,11.0,30000.0,10000.0,19000.0,0.0,25.731714017346285,16.5,19.0,0.0,10000.0,36487.65286396453,25000.0,0.0,27.025927869176304,17.0,20.0,0.0,121.0,10.007765766186866,9.0,11.0,1.0,15344.304379060253,10000.0,19000.0,1.0,16.5,17.606548775944237,19.0,1.0,21963.42476002763,10000.0,25000.0,1.0,18.92698892026223,17.0,20.0,1.0,0.0,211.0,1.0,41.0
11.0,22.0,11.0,21.0,-121.0,11.0,11.0,-111.0,9.996514199327457,9.0,11.0,30000.0,10000.0,19000.0,0.0,25.05481189373909,16.5,19.0,0.0,10000.0,36417.13285118864,25000.0,0.0,26.345259422271724,17.0,20.0,0.0,121.0,10.009813701515457,9.0,11.0,1.0,14122.63757439216,10000.0,19000.0,1.0,16.5,17.311448610500047,19.0,1.0,20627.646456591494,10000.0,25000.0,1.0,18.619567490033933,17.0,20.0,1.0,0.0,111.0,1.0,54.0
11.0,22.0,11.0,21.0,-121.0,11.0,11.0,-111.0,10.208386461043878,9.0,11.0,30000.0,10000.0,19000.0,0.0,25.506106561457894,16.5,19.0,0.0,10000.0,36952.96214529362,25000.0,0.0,26.81974023142295,17.0,20.0,0.0,122.0,10.186864751449695,9.0,11.0,1.0,13720.699142333297,10000.0,19000.0,1.0,16.5,17.219137876907666,19.0,1.0,20729.766596362104,10000.0,25000.0,1.0,18.543371607836413,17.0,20.0,1.0,0.0,111.0,1.0,39.0
11.0,21.0,11.0,21.0,-121.0,21.0,13.0,-111.0,10.17142070553078,9.0,11.0,30000.0,10000.0,19000.0,0.0,26.29897131533137,16.5,19.0,0.0,10000.0,37060.352579619626,25000.0,0.0,27.63066687905052,17.0,20.0,0.0,122.0,10.20389247506401,9.0,11.0,1.0,12744.244892463697,10000.0,19000.0,1.0,16.5,17.10363305498216,19.0,1.0,19858.82575498466,10000.0,25000.0,1.0,18.44555694128909,17.0,20.0,1.0,0.0,211.0,1.0,34.0
11.0,22.0,11.0,22.0,-121.0,21.0,13.0,-111.0,10.215211278154005,9.0,11.0,30000.0,10000.0,19000.0,0.0,26.22918386801266,16.5,19.0,0.0,10000.0,36941.212906358924,25000.0,0.0,27.54154908215543,17.0,20.0,0.0,122.0,10.177268739375979,9.0,11.0,1.0,14076.854664383498,10000.0,19000.0,1.0,16.5,17.38632903883683,19.0,1.0,21029.542689563328,10000.0,25000.0,1.0,18.70086383731189,17.0,20.0,1.0,0.0,211.0,1.0,31.0
91.0,24.0,91.0,21.0,-721.0,911.0,11.0,-711.0,15.69963902611954,12.0,17.0,30000.0,18000.0,36000.0,1.0,25.301439121094155,20.0,25.0,0.0,18000.0,34498.193749876176,36000.0,1.0,25.862592795319948,20.0,26.0,1.0,721.0,15.474241544459918,12.0,17.0,1.0,21291.70031992747,18000.0,36000.0,1.0,20.0,23.10377247363773,25.0,1.0,25782.055955036747,18000.0,36000.0,1.0,23.663948336069495,20.0,26.0,1.0,0.0,91121.0,7.0,3.0
11.0,21.0,11.0,22.0,-121.0,21.0,13.0,-111.0,10.193603526972797,9.0,11.0,30000.0,10000.0,19000.0,0.0,27.13772840758538,16.5,19.0,0.0,10000.0,36907.37202569476,25000.0,0.0,28.436109852849036,17.0,20.0,0.0,122.0,10.20575601025477,9.0,11.0,1.0,12465.605009941557,10000.0,19000.0,1.0,16.5,17.091728711518172,19.0,1.0,19304.51089358503,10000.0,25000.0,1.0,18.377240549044252,17.0,20.0,1.0,0.0,211.0,1.0,32.0
11.0,22.0,11.0,22.0,-121.0,21.0,13.0,-111.0,9.991134216800873,9.0,11.0,30000.0,10000.0,19000.0,0.0,25.646121253917606,16.5,19.0,0.0,10000.0,36452.911951797665,25000.0,0.0,26.929395050083443,17.0,20.0,0.0,121.0,10.010255708773913,9.0,11.0,1.0,14726.15388918472,10000.0,19000.0,1.0,16.5,17.4791294222147,19.0,1.0,21314.835856964375,10000.0,25000.0,1.0,18.78940344790733,17.0,20.0,1.0,0.0,211.0,1.0,8.0
11.0,22.0,11.0,21.0,-121.0,11.0,12.0,-111.0,10.010683741338438,9.0,11.0,30000.0,10000.0,19000.0,0.0,23.835135073776893,16.5,19.0,0.0,10000.0,36381.24561516655,25000.0,0.0,25.120247226956792,17.0,20.0,0.0,121.0,10.010678201696967,9.0,11.0,1.0,14936.824807729243,10000.0,19000.0,1.0,16.5,17.49767779876284,19.0,1.0,21502.786563975096,10000.0,25000.0,1.0,18.819989735825892,17.0,20.0,1.0,0.0,111.0,1.0,10.0
11.0,21.0,11.0,22.0,-121.0,21.0,12.0,-111.0,9.996172422360978,9.0,11.0,30000.0,10000.0,19000.0,0.0,25.382979284480534,16.5,19.0,0.0,10000.0,36376.896044469715,25000.0,0.0,26.65998427944885,17.0,20.0,0.0,121.0,10.019308587116381,9.0,11.0,1.0,12864.040141444393,10000.0,19000.0,1.0,16.5,17.08622168953047,19.0,1.0,19443.54197812993,10000.0,25000.0,1.0,18.403799497175182,17.0,20.0,1.0,0.0,211.0,1.0,37.0
11.0,22.0,11.0,22.0,-121.0,11.0,11.0,-111.0,10.002487577119728,9.0,11.0,30000.0,10000.0,19000.0,0.0,25.57583129750836,16.5,19.0,0.0,10000.0,36516.43711512943,25000.0,0.0,26.878642546200474,17.0,20.0,0.0,121.0,10.00953630963895,9.0,11.0,1.0,16970.982743755336,10000.0,19000.0,1.0,16.5,17.92432832173636,19.0,1.0,23486.902811807657,10000.0,25000.0,1.0,19.227036198795137,17.0,20.0,1.0,0.0,111.0,1.0,44.0
91.0,21.0,91.0,24.0,-721.0,911.0,12.0,-711.0,15.780447079561355,12.0,17.0,30000.0,18000.0,36000.0,1.0,25.396445939980833,20.0,25.0,0.0,18000.0,34482.866574926076,36000.0,1.0,25.959120904206017,20.0,26.0,1.0,721.0,14.42022787282221,12.0,17.0,1.0,26668.189457368873,18000.0,36000.0,1.0,20.0,22.826804701520036,25.0,1.0,31135.828241087158,18000.0,36000.0,1.0,23.38756832247192,20.0,26.0,1.0,0.0,91121.0,7.0,19.0
11.0,22.0,11.0,21.0,-121.0,11.0,11.0,-111.0,10.204418848324227,9.0,11.0,30000.0,10000.0,19000.0,0.0,23.70358616702233,16.5,19.0,0.0,10000.0,36865.15638253327,25000.0,0.0,24.992318531838823,17.0,20.0,0.0,122.0,10.202019903111731,9.0,11.0,1.0,17662.791091859282,10000.0,19000.0,1.0,16.5,18.003463274881696,19.0,1.0,24577.15866373785,10000.0,25000.0,1.0,19.301433601499284,17.0,20.0,1.0,0.0,111.0,1.0,0.0
11.0,22.0,11.0,22.0,-121.0,21.0,13.0,-111.0,10.211877549285536,9.0,11.0,30000.0,10000.0,19000.0,0.0,25.904900671360053,16.5,19.0,0.0,10000.0,37048.73700888747,25000.0,0.0,27.23113973602862,17.0,20.0,0.0,122.0,10.180658180220881,9.0,11.0,1.0,15758.039285953892,10000.0,19000.0,1.0,16.5,17.65746255413554,19.0,1.0,22790.757268098332,10000.0,25000.0,1.0,18.98068759529638,17.0,20.0,1.0,0.0,211.0,1.0,22.0
92.0,24.0,92.0,24.0,-721.0,921.0,13.0,-711.0,15.210597960463636,12.0,17.0,30000.0,15000.0,28000.0,0.0,24.175232015164802,19.5,25.0,1.0,15000.0,34458.79109622869,28000.0,0.0,24.734893900113406,20.0,26.0,1.0,721.0,15.939267175893276,12.0,17.0,1.0,19576.98858928227,15000.0,28000.0,1.0,19.5,22.44612020536384,25.0,1.0,24100.0618351456,15000.0,28000.0,1.0,23.013850705382456,20.0,26.0,1.0,0.0,92122.0,7.0,22.0
92.0,24.0,92.0,24.0,-721.0,921.0,13.0,-711.0,15.151306317204266,12.0,17.0,30000.0,15000.0,28000.0,0.0,24.345799591843175,19.5,25.0,1.0,15000.0,33984.80993009699,28000.0,0.0,24.83375000503648,20.0,26.0,1.0,722.0,15.123718414459528,12.0,17.0,1.0,18515.061002288057,15000.0,28000.0,1.0,19.5,21.482170888593213,25.0,1.0,22414.942258297528,15000.0,28000.0,1.0,21.959721563194233,20.0,26.0,1.0,0.0,92122.0,7.0,20.0
92.0,24.0,92.0,24.0,-721.0,921.0,13.0,-711.0,15.331731844143436,12.0,17.0,30000.0,15000.0,28000.0,0.0,25.14799812660248,19.5,25.0,0.0,15000.0,34604.20914791088,28000.0,0.0,25.72305661005652,20.0,26.0,1.0,721.0,14.833813030893564,12.0,17.0,1.0,20635.451950077768,15000.0,28000.0,1.0,19.5,21.441681729183355,25.0,1.0,25121.94973853448,15000.0,28000.0,1.0,22.002038248917145,20.0,26.0,1.0,0.0,92122.0,7.0,25.0
11.0,22.0,11.0,22.0,-121.0,11.0,12.0,-111.0,10.212246128520919,9.0,11.0,30000.0,10000.0,19000.0,0.0,23.78122124399131,16.5,19.0,0.0,10000.0,37112.57235147254,25000.0,0.0,25.124564399633226,17.0,20.0,0.0,122.0,10.175258873474654,9.0,11.0,1.0,16164.454774853953,10000.0,19000.0,1.0,16.5,17.808896897046584,19.0,1.0,23089.4684687287,10000.0,25000.0,1.0,19.116816070124266,17.0,20.0,1.0,0.0,111.0,1.0,14.0
11.0,22.0,11.0,22.0,-121.0,11.0,11.0,-111.0,10.207630571458264,9.0,11.0,30000.0,10000.0,19000.0,0.0,23.3407484599782,16.5,19.0,0.0,10000.0,36789.89499877979,25000.0,0.0,24.620922252955914,17.0,20.0,0.0,122.0,10.189947794935499,9.0,11.0,1.0,14448.639249554482,10000.0,19000.0,1.0,16.5,17.44504648211163,19.0,1.0,21449.24919337073,10000.0,25000.0,1.0,18.76494868774858,17.0,20.0,1.0,0.0,111.0,1.0,17.0
11.0,22.0,11.0,22.0,-121.0,21.0,13.0,-111.0,9.989293542363175,9.0,11.0,30000.0,10000.0,19000.0,0.0,25.20578751121587,16.5,19.0,0.0,10000.0,36543.47172259157,25000.0,0.0,26.51332312543128,17.0,20.0,0.0,121.0,10.003082487753126,9.0,11.0,1.0,13461.435458426797,10000.0,19000.0,1.0,16.5,17.226324898962297,19.0,1.0,19941.554037387225,10000.0,25000.0,1.0,18.521201103145533,17.0,20.0,1.0,0.0,211.0,1.0,41.0
91.0,24.0,91.0,24.0,-721.0,911.0,11.0,-711.0,15.257222011540682,12.0,17.0,30000.0,18000.0,36000.0,1.0,25.43435160255443,20.0,25.0,0.0,18000.0,34030.53509391484,36000.0,1.0,25.92689173394474,20.0,26.0,1.0,722.0,15.101857893023036,12.0,17.0,1.0,22652.99518550815,18000.0,36000.0,1.0,20.0,22.855431054614634,25.0,1.0,26647.20030811462,18000.0,36000.0,1.0,23.343531584705197,20.0,26.0,1.0,0.0,91121.0,7.0,16.0
11.0,22.0,11.0,22.0,-121.0,11.0,11.0,-111.0,10.209034668304444,9.0,11.0,30000.0,10000.0,19000.0,0.0,24.61090471004471,16.5,19.0,0.0,10000.0,37048.88483145032,25000.0,0.0,25.934856847146033,17.0,20.0,0.0,122.0,10.217226802451455,9.0,11.0,1.0,15333.808335792739,10000.0,19000.0,1.0,16.5,17.623583803482926,19.0,1.0,22353.99411231392,10000.0,25000.0,1.0,18.942145559550262,17.0,20.0,1.0,0.0,111.0,1.0,30.0
11.0,22.0,11.0,21.0,-121.0,11.0,11.0,-111.0,10.011380694283526,9.0,11.0,30000.0,10000.0,19000.0,0.0,24.127718592352405,16.5,19.0,0.0,10000.0,36516.04080910629,25000.0,0.0,25.430986480764794,17.0,20.0,0.0,121.0,10.000322550134902,9.0,11.0,1.0,13903.914233258987,10000.0,19000.0,1.0,16.5,17.249679697942053,19.0,1.0,20430.504567952856,10000.0,25000.0,1.0,18.555057588169817,17.0,20.0,1.0,0.0,111.0,1.0,0.0
11.0,21.0,11.0,22.0,-121.0,11.0,12.0,-111.0,10.217804052218524,9.0,11.0,30000.0,10000.0,19000.0,0.0,25.825979028317352,16.5,19.0,0.0,10000.0,36952.41110909241,25000.0,0.0,27.14282558244243,17.0,20.0,0.0,122.0,10.199088224029001,9.0,11.0,1.0,16984.109436526964,10000.0,19000.0,1.0,16.5,17.939120788831904,19.0,1.0,24017.032081678633,10000.0,25000.0,1.0,19.271216921436064,17.0,20.0,1.0,0.0,111.0,1.0,7.0
11.0,22.0,11.0,22.0,-121.0,11.0,11.0,-111.0,10.176024224000638,9.0,11.0,30000.0,10000.0,19000.0,0.0,23.660255589597824,16.5,19.0,0.0,10000.0,36934.77929956359,25000.0,0.0,24.976093379140686,17.0,20.0,0.0,122.0,10.20151834757008,9.0,11.0,1.0,14950.844555350097,10000.0,19000.0,1.0,16.5,17.53593609761163,19.0,1.0,21897.762906146927,10000.0,25000.0,1.0,18.85407720808972,17.0,20.0,1.0,0.0,111.0,1.0,15.0
91.0,24.0,91.0,24.0,-721.0,911.0,11.0,-711.0,15.44828104358811,12.0,17.0,30000.0,18000.0,36000.0,1.0,24.15930113881542,20.0,25.0,1.0,18000.0,34496.10189170794,36000.0,1.0,24.721102270497056,20.0,26.0,1.0,721.0,14.446549216703854,12.0,17.0,1.0,27434.036625156947,18000.0,36000.0,1.0,20.0,22.929027415664777,25.0,1.0,31958.08253316632,18000.0,36000.0,1.0,23.494320234225405,20.0,26.0,1.0,1.0,91121.0,7.0,0.0
11.0,22.0,11.0,22.0,-121.0,11.0,11.0,-111.0,10.198285790724054,9.0,11.0,30000.0,10000.0,19000.0,0.0,24.030020783023502,16.5,19.0,0.0,10000.0,36891.947896136604,25000.0,0.0,25.328100000277022,17.0,20.0,0.0,122.0,10.180914231077946,9.0,11.0,1.0,14130.21554491246,10000.0,19000.0,1.0,16.5,17.38936007546704,19.0,1.0,21086.870649987566,10000.0,25000.0,1.0,18.699626715550124,17.0,20.0,1.0,0.0,111.0,1.0,15.0
11.0,22.0,11.0,22.0,-121.0,21.0,12.0,-111.0,10.013478526998489,9.0,11.0,30000.0,10000.0,19000.0,0.0,24.147069124944217,16.5,19.0,0.0,10000.0,36480.533618168585,25000.0,0.0,25.44401649588115,17.0,20.0,0.0,121.0,10.011006578727251,9.0,11.0,1.0,16128.178449216826,10000.0,19000.0,1.0,16.5,17.786974778189542,19.0,1.0,22604.903398465358,10000.0,25000.0,1.0,19.08315992128635,17.0,20.0,1.0,0.0,211.0,1.0,48.0
11.0,21.0,11.0,22.0,-121.0,21.0,13.0,-111.0,9.983871942718043,9.0,11.0,30000.0,10000.0,19000.0,0.0,26.932439194082786,16.5,19.0,0.0,10000.0,36579.476550405714,25000.0,0.0,28.24754226608982,17.0,20.0,0.0,121.0,10.001932181749874,9.0,11.0,1.0,15684.815290213033,10000.0,19000.0,1.0,16.5,17.64659652337044,19.0,1.0,22071.072671603248,10000.0,25000.0,1.0,18.923079027191502,17.0,20.0,1.0,0.0,211.0,1.0,32.0
11.0,22.0,11.0,22.0,-121.0,21.0,13.0,-111.0,10.010699925244635,9.0,11.0,30000.0,10000.0,19000.0,0.0,26.20289810105784,16.5,19.0,0.0,10000.0,36501.36609120787,25000.0,0.0,27.501007470627716,17.0,20.0,0.0,121.0,9.984793157178297,9.0,11.0,1.0,14265.707684215375,10000.0,19000.0,1.0,16.5,17.32526986887804,19.0,1.0,20689.58451241246,10000.0,25000.0,1.0,18.607907176585194,17.0,20.0,1.0,0.0,211.0,1.0,13.0
11.0,22.0,11.0,22.0,-121.0,21.0,12.0,-111.0,10.205407689924735,9.0,11.0,30000.0,10000.0,19000.0,0.0,24.791239338458773,16.5,19.0,0.0,10000.0,36934.909019081635,25000.0,0.0,26.103680233120738,17.0,20.0,0.0,122.0,10.171124890343066,9.0,11.0,1.0,17282.61499907217,10000.0,19000.0,1.0,16.5,18.008899294024825,19.0,1.0,24293.143707922743,10000.0,25000.0,1.0,19.335651317069487,17.0,20.0,1.0,0.0,211.0,1.0,48.0
11.0,22.0,11.0,22.0,-121.0,21.0,13.0,-111.0,10.196285013855407,9.0,11.0,30000.0,10000.0,19000.0,0.0,25.482365741786083,16.5,19.0,0.0,10000.0,37005.63337882694,25000.0,0.0,26.79981925030118,17.0,20.0,0.0,122.0,10.224370214079952,9.0,11.0,1.0,12822.185943929526,10000.0,19000.0,1.0,16.5,17.191270685987497,19.0,1.0,19750.337221411195,10000.0,25000.0,1.0,18.49415319702891,17.0,20.0,1.0,0.0,211.0,1.0,19.0
11.0,22.0,11.0,22.0,-121.0,11.0,11.0,-111.0,10.009881164506782,9.0,11.0,30000.0,10000.0,19000.0,0.0,25.646996136680606,16.5,19.0,0.0,10000.0,36552.29010110288,25000.0,0.0,26.957246695622217,17.0,20.0,0.0,121.0,10.00675377378106,9.0,11.0,1.0,17099.14483720717,10000.0,19000.0,1.0,16.5,17.949145628514625,19.0,1.0,23689.91607552986,10000.0,25000.0,1.0,19.26709119649475,17.0,20.0,1.0,0.0,111.0,1.0,30.0
11.0,22.0,11.0,22.0,-121.0,11.0,12.0,-111.0,10.0092674006127,9.0,11.0,30000.0,10000.0,19000.0,0.0,24.100784942862298,16.5,19.0,0.0,10000.0,36449.35436435903,25000.0,0.0,25.391382736912856,17.0,20.0,0.0,121.0,10.012831334111198,9.0,11.0,1.0,12612.52573931313,10000.0,19000.0,1.0,16.5,17.021475210796982,19.0,1.0,19079.767218104982,10000.0,25000.0,1.0,18.315652443830846,17.0,20.0,1.0,0.0,111.0,1.0,49.0
11.0,22.0,11.0,21.0,-121.0,11.0,12.0,-111.0,10.178162093793645,9.0,11.0,30000.0,10000.0,19000.0,0.0,23.464081407701677,16.5,19.0,0.0,10000.0,36785.95902186755,25000.0,0.0,24.73962152641372,17.0,20.0,0.0,122.0,10.197365471541088,9.0,11.0,1.0,14472.077891600291,10000.0,19000.0,1.0,16.5,17.415191924503404,19.0,1.0,21471.88152644482,10000.0,25000.0,1.0,18.73092789204737,17.0,20.0,1.0,0.0,111.0,1.0,46.0
11.0,22.0,11.0,22.0,-121.0,11.0,11.0,-111.0,10.194116758319813,9.0,11.0,30000.0,10000.0,19000.0,0.0,27.55846409517192,16.5,19.0,0.0,10000.0,37066.24274989241,25000.0,0.0,28.88884746459837,17.0,20.0,0.0,122.0,10.182412948819781,9.0,11.0,1.0,17764.3450060222,10000.0,19000.0,1.0,16.5,18.079432688705474,19.0,1.0,24802.64496047154,10000.0,25000.0,1.0,19.40455518164232,17.0,20.0,1.0,0.0,111.0,1.0,55.0
91.0,21.0,91.0,24.0,-721.0,911.0,12.0,-711.0,14.872490008429931,12.0,17.0,30000.0,18000.0,36000.0,1.0,25.01951332009185,20.0,25.0,0.0,18000.0,33998.52318475186,36000.0,1.0,25.506991044676006,20.0,26.0,1.0,722.0,15.003745991186182,12.0,17.0,1.0,27357.436501129003,18000.0,36000.0,1.0,20.0,23.36648200302257,25.0,1.0,31418.73239718425,18000.0,36000.0,1.0,23.861612627704652,20.0,26.0,1.0,0.0,91121.0,7.0,19.0
11.0,22.0,11.0,22.0,-121.0,21.0,13.0,-111.0,10.182829704591265,9.0,11.0,30000.0,10000.0,19000.0,0.0,26.135474887467172,16.5,19.0,0.0,10000.0,36935.1704907088,25000.0,0.0,27.44464903185251,17.0,20.0,0.0,122.0,10.191115287004212,9.0,11.0,1.0,13820.935026727784,10000.0,19000.0,1.0,16.5,17.289178419971513,19.0,1.0,20875.059707364657,10000.0,25000.0,1.0,18.62080792432656,17.0,20.0,1.0,0.0,211.0,1.0,8.0
91.0,24.0,91.0,24.0,-721.0,911.0,12.0,-711.0,15.247700726608846,12.0,17.0,30000.0,18000.0,36000.0,1.0,24.999112237642642,20.0,25.0,1.0,18000.0,34037.33915006776,36000.0,1.0,25.49209102936769,20.0,26.0,1.0,722.0,14.977041832047789,12.0,17.0,1.0,26853.053619358627,18000.0,36000.0,1.0,20.0,23.305251720669332,25.0,1.0,30855.205416073633,18000.0,36000.0,1.0,23.79393396501625,20.0,26.0,1.0,1.0,91121.0,7.0,27.0
11.0,21.0,11.0,22.0,-121.0,21.0,13.0,-111.0,9.990102707760997,9.0,11.0,30000.0,10000.0,19000.0,0.0,27.302212102913245,16.5,19.0,0.0,10000.0,36563.685977432804,25000.0,0.0,28.616012633875247,17.0,20.0,0.0,121.0,9.997348218580685,9.0,11.0,1.0,15368.148339530166,10000.0,19000.0,1.0,16.5,17.580256303954403,19.0,1.0,21916.141667150598,10000.0,25000.0,1.0,18.890915762700796,17.0,20.0,1.0,0.0,211.0,1.0,9.0
11.0,22.0,11.0,22.0,-121.0,11.0,11.0,-111.0,10.19936546168321,9.0,11.0,30000.0,10000.0,19000.0,0.0,25.517840004770818,16.5,19.0,0.0,10000.0,36959.230364658135,25000.0,0.0,26.827783923166677,17.0,20.0,0.0,122.0,10.190806288393539,9.0,11.0,1.0,18838.03625853023,10000.0,19000.0,1.0,16.5,18.257649853531095,19.0,1.0,25937.719814481286,10000.0,25000.0,0.0,19.594031437317053,17.0,20.0,1.0,0.0,111.0,1.0,17.0
92.0,24.0,92.0,24.0,-721.0,921.0,13.0,-711.0,14.22019252244738,12.0,17.0,30000.0,15000.0,28000.0,0.0,23.8962813023162,19.5,25.0,1.0,15000.0,34535.543589618115,28000.0,0.0,24.459394145286634,20.0,26.0,1.0,721.0,13.443334224462534,12.0,17.0,1.0,22202.69241127281,15000.0,28000.0,1.0,19.5,20.305840960993116,25.0,1.0,26724.483283906768,15000.0,28000.0,1.0,20.867246328022354,20.0,26.0,1.0,0.0,92122.0,7.0,25.0
11.0,22.0,11.0,22.0,-121.0,11.0,11.0,-111.0,10.184675781382499,9.0,11.0,30000.0,10000.0,19000.0,0.0,23.709757525958118,16.5,19.0,0.0,10000.0,36997.328416559365,25000.0,0.0,25.029652606587582,17.0,20.0,0.0,122.0,10.208721086305697,9.0,11.0,1.0,17720.216781007734,10000.0,19000.0,1.0,16.5,18.100591049648468,19.0,1.0,24776.837060802172,10000.0,25000.0,1.0,19.431670261412915,17.0,20.0,1.0,0.0,111.0,1.0,17.0
11.0,22.0,11.0,22.0,-121.0,11.0,11.0,-111.0,10.009453862005394,9.0,11.0,30000.0,10000.0,19000.0,0.0,25.048121661092992,16.5,19.0,0.0,10000.0,36571.52619743179,25000.0,0.0,26.363998272251695,17.0,20.0,0.0,121.0,9.99024124041858,9.0,11.0,1.0,16822.45757197097,10000.0,19000.0,1.0,16.5,17.901041704078047,19.0,1.0,23254.043826956284,10000.0,25000.0,1.0,19.188896864556973,17.0,20.0,1.0,0.0,111.0,1.0,57.0
91.0,24.0,91.0,21.0,-721.0,911.0,11.0,-711.0,15.133193311748268,12.0,17.0,30000.0,18000.0,36000.0,1.0,25.39246957255126,20.0,25.0,0.0,18000.0,34005.98666611115,36000.0,1.0,25.88411979237787,20.0,26.0,1.0,722.0,15.045559805284563,12.0,17.0,1.0,22064.748487778594,18000.0,36000.0,1.0,20.0,22.598103841320757,25.0,1.0,26170.06725755248,18000.0,36000.0,1.0,23.101944978060487,20.0,26.0,1.0,0.0,91121.0,7.0,15.0
11.0,21.0,11.0,22.0,-121.0,21.0,13.0,-111.0,10.009865699656963,9.0,11.0,30000.0,10000.0,19000.0,0.0,28.244457483037642,16.5,19.0,0.0,10000.0,36556.31308069781,25000.0,0.0,29.555907275545533,17.0,20.0,0.0,121.0,10.005858520386457,9.0,11.0,1.0,14535.287489997672,10000.0,19000.0,1.0,16.5,17.49483911722785,19.0,1.0,21062.073063173026,10000.0,25000.0,1.0,18.8003825652496,17.0,20.0,1.0,0.0,211.0,1.0,24.0
11.0,22.0,11.0,22.0,-121.0,11.0,11.0,-111.0,10.196217218662335,9.0,11.0,30000.0,10000.0,19000.0,0.0,25.351577830762707,16.5,19.0,0.0,10000.0,36898.033302585165,25000.0,0.0,26.655393202863966,17.0,20.0,0.0,122.0,10.201331146647286,9.0,11.0,1.0,15526.084510597762,10000.0,19000.0,1.0,16.5,17.701249005196026,19.0,1.0,22646.53315515578,10000.0,25000.0,1.0,19.047103684609223,17.0,20.0,1.0,0.0,111.0,1.0,27.0
11.0,22.0,11.0,22.0,-121.0,21.0,13.0,-111.0,10.194057572463942,9.0,11.0,30000.0,10000.0,19000.0,0.0,24.484715078620432,16.5,19.0,0.0,10000.0,36904.288976890966,25000.0,0.0,25.787607599711162,17.0,20.0,0.0,122.0,10.216539563885837,9.0,11.0,1.0,13389.154695101412,10000.0,19000.0,1.0,16.5,17.265824486304,19.0,1.0,20403.718381143983,10000.0,25000.0,1.0,18.589526694576126,17.0,20.0,1.0,0.0,211.0,1.0,41.0
81.0,23.0,81.0,23.0,-721.0,912.0,12.0,-711.0,15.18736588113303,12.0,17.0,30000.0,12500.0,23000.0,0.0,26.782665453996636,20.0,24.0,0.0,12500.0,33933.91377775704,26000.0,0.0,27.26214516567342,20.0,25.0,0.0,722.0,15.023057227501406,12.0,17.0,1.0,16019.748986513874,12500.0,23000.0,1.0,20.0,21.510931017196498,24.0,1.0,19955.41583421896,12500.0,26000.0,1.0,21.990624399411256,20.0,25.0,1.0,0.0,912.0,7.0,5.0
11.0,21.0,11.0,22.0,-121.0,21.0,13.0,-111.0,10.205691906616291,9.0,11.0,30000.0,10000.0,19000.0,0.0,26.944064393656845,16.5,19.0,0.0,10000.0,37126.54885007418,25000.0,0.0,28.28762063678443,17.0,20.0,0.0,122.0,10.18616876478746,9.0,11.0,1.0,16183.111743591306,10000.0,19000.0,1.0,16.5,17.791243973402434,19.0,1.0,22882.3174656181,10000.0,25000.0,1.0,19.054233936872826,17.0,20.0,1.0,0.0,211.0,1.0,32.0
11.0,22.0,11.0,22.0,-121.0,11.0,11.0,-111.0,9.992370618807907,9.0,11.0,30000.0,10000.0,19000.0,0.0,24.035903347748686,16.5,19.0,0.0,10000.0,36514.62326810837,25000.0,0.0,25.342486287134683,17.0,20.0,0.0,121.0,9.99803178067588,9.0,11.0,1.0,15944.83801438878,10000.0,19000.0,1.0,16.5,17.749599794887338,19.0,1.0,22445.74202229663,10000.0,25000.0,1.0,19.053431178184628,17.0,20.0,1.0,0.0,111.0,1.0,50.0
11.0,22.0,11.0,21.0,-121.0,11.0,11.0,-111.0,10.207910708390589,9.0,11.0,30000.0,10000.0,19000.0,0.0,24.294267514017733,16.5,19.0,0.0,10000.0,36862.852837918406,25000.0,0.0,25.58542096419875,17.0,20.0,0.0,122.0,10.193936153496427,9.0,11.0,1.0,13163.403637307269,10000.0,19000.0,1.0,16.5,17.14871904256715,19.0,1.0,19931.508223062046,10000.0,25000.0,1.0,18.422046883549065,17.0,20.0,1.0,0.0,111.0,1.0,39.0
91.0,24.0,91.0,21.0,-721.0,911.0,11.0,-711.0,15.055692535735721,12.0,17.0,30000.0,18000.0,36000.0,1.0,23.657435604362668,20.0,25.0,1.0,18000.0,33962.591032795455,36000.0,1.0,24.141712067868987,20.0,26.0,1.0,722.0,15.086440774443277,12.0,17.0,1.0,25256.05537695954,18000.0,36000.0,1.0,20.0,23.13557365330194,25.0,1.0,29331.533578139144,18000.0,36000.0,1.0,23.633646291641305,20.0,26.0,1.0,1.0,91121.0,7.0,3.0
11.0,22.0,11.0,22.0,-121.0,11.0,12.0,-111.0,10.007135145086286,9.0,11.0,30000.0,10000.0,19000.0,0.0,23.349144771651165,16.5,19.0,0.0,10000.0,36472.18618323817,25000.0,0.0,24.64190473576841,17.0,20.0,0.0,121.0,10.004850887940997,9.0,11.0,1.0,15357.458367008641,10000.0,19000.0,1.0,16.5,17.565512412873975,19.0,1.0,21840.08000369608,10000.0,25000.0,1.0,18.860356763324475,17.0,20.0,1.0,0.0,111.0,1.0,40.0
11.0,22.0,11.0,21.0,-121.0,21.0,13.0,-111.0,10.20062881096988,9.0,11.0,30000.0,10000.0,19000.0,0.0,26.503643688088502,16.5,19.0,0.0,10000.0,36849.311580100315,25000.0,0.0,27.78837968947044,17.0,20.0,0.0,122.0,10.215330360792592,9.0,11.0,1.0,13346.926009009014,10000.0,19000.0,1.0,16.5,17.190224441261652,19.0,1.0,20273.01894500414,10000.0,25000.0,1.0,18.489362440712938,17.0,20.0,1.0,0.0,211.0,1.0,2.0
91.0,24.0,91.0,24.0,-721.0,911.0,12.0,-711.0,15.113357124703116,12.0,17.0,30000.0,18000.0,36000.0,1.0,24.581560033059276,20.0,25.0,1.0,18000.0,34000.18056200014,36000.0,1.0,25.071074856096516,20.0,26.0,1.0,722.0,15.451218815756786,12.0,17.0,1.0,23670.31670696008,18000.0,36000.0,1.0,20.0,23.387729689897135,25.0,1.0,27678.662291568606,18000.0,36000.0,1.0,23.878243692730212,20.0,26.0,1.0,1.0,91121.0,7.0,23.0
11.0,22.0,11.0,21.0,-121.0,11.0,12.0,-111.0,10.192640632397385,9.0,11.0,30000.0,10000.0,19000.0,0.0,25.078177545355523,16.5,19.0,0.0,10000.0,36859.74883268065,25000.0,0.0,26.376232001451275,17.0,20.0,0.0,122.0,10.192210607320574,9.0,11.0,1.0,12936.517752384774,10000.0,19000.0,1.0,16.5,17.125437031921855,19.0,1.0,20079.02939332246,10000.0,25000.0,1.0,18.47699804229953,17.0,20.0,1.0,0.0,111.0,1.0,46.0
11.0,22.0,11.0,22.0,-121.0,21.0,12.0,-111.0,10.199848642051345,9.0,11.0,30000.0,10000.0,19000.0,0.0,23.9751055465323,16.5,19.0,0.0,10000.0,37016.1025360751,25000.0,0.0,25.3011077458755,17.0,20.0,0.0,122.0,10.231045521349248,9.0,11.0,1.0,15683.225384406462,10000.0,19000.0,1.0,16.5,17.753362377608475,19.0,1.0,22847.906510207704,10000.0,25000.0,1.0,19.107445058349878,17.0,20.0,1.0,0.0,211.0,1.0,48.0
11.0,22.0,11.0,22.0,-121.0,11.0,11.0,-111.0,9.999545650466908,9.0,11.0,30000.0,10000.0,19000.0,0.0,24.278684675126268,16.5,19.0,0.0,10000.0,36426.4997340625,25000.0,0.0,25.565245682469893,17.0,20.0,0.0,121.0,9.99356312559225,9.0,11.0,1.0,17350.902644390033,10000.0,19000.0,1.0,16.5,18.021353183110037,19.0,1.0,23923.947982195226,10000.0,25000.0,1.0,19.33725206758352,17.0,20.0,1.0,0.0,111.0,1.0,30.0
91.0,24.0,91.0,21.0,-721.0,911.0,11.0,-711.0,15.296912637565388,12.0,17.0,30000.0,18000.0,36000.0,1.0,24.474437258122315,20.0,25.0,1.0,18000.0,33993.508213764704,36000.0,1.0,24.95995756908476,20.0,26.0,1.0,722.0,15.348789028997496,12.0,17.0,1.0,22486.458395367416,18000.0,36000.0,1.0,20.0,22.987241733680747,25.0,1.0,26404.74932783374,18000.0,36000.0,1.0,23.463617323798534,20.0,26.0,1.0,1.0,91121.0,7.0,21.0
11.0,22.0,11.0,22.0,-121.0,11.0,12.0,-111.0,9.9959374563518,9.0,11.0,30000.0,10000.0,19000.0,0.0,24.230933603188962,16.5,19.0,0.0,10000.0,36473.9182511294,25000.0,0.0,25.527559095781193,17.0,20.0,0.0,121.0,9.990294318858027,9.0,11.0,1.0,14759.17024839431,10000.0,19000.0,1.0,16.5,17.459034404395354,19.0,1.0,21222.119693192224,10000.0,25000.0,1.0,18.753463015074498,17.0,20.0,1.0,0.0,111.0,1.0,42.0
11.0,22.0,11.0,21.0,-121.0,21.0,13.0,-111.0,10.207521118799358,9.0,11.0,30000.0,10000.0,19000.0,0.0,25.899383315145638,16.5,19.0,0.0,10000.0,36873.64754568666,25000.0,0.0,27.19451834918877,17.0,20.0,0.0,122.0,10.189073774762186,9.0,11.0,1.0,12783.344223959955,10000.0,19000.0,1.0,16.5,17.061301486368144,19.0,1.0,19706.950929540806,10000.0,25000.0,1.0,18.365849842496857,17.0,20.0,1.0,0.0,211.0,1.0,58.0
11.0,22.0,11.0,22.0,-121.0,11.0,11.0,-111.0,10.01624688562653,9.0,11.0,30000.0,10000.0,19000.0,0.0,23.61515142054054,16.5,19.0,0.0,10000.0,36441.47301881193,25000.0,0.0,24.898810009601014,17.0,20.0,0.0,121.0,9.998733825156595,9.0,11.0,1.0,16287.699225397626,10000.0,19000.0,1.0,16.5,17.80592915212946,19.0,1.0,22784.531807772368,10000.0,25000.0,1.0,19.100619810880595,17.0,20.0,1.0,0.0,111.0,1.0,55.0
91.0,24.0,91.0,24.0,-721.0,911.0,12.0,-711.0,15.457137478248146,12.0,17.0,30000.0,18000.0,36000.0,1.0,25.241398548062,20.0,25.0,0.0,18000.0,33985.2972205797,36000.0,1.0,25.728764316666215,20.0,26.0,1.0,722.0,15.347915786809349,12.0,17.0,1.0,26269.18951938101,18000.0,36000.0,1.0,20.0,23.620823286792145,25.0,1.0,30229.871208941368,18000.0,36000.0,1.0,24.10517879881301,20.0,26.0,1.0,0.0,91121.0,7.0,27.0
11.0,22.0,11.0,22.0,-121.0,21.0,12.0,-111.0,10.186723672791118,9.0,11.0,30000.0,10000.0,19000.0,0.0,24.235805277499928,16.5,19.0,0.0,10000.0,36823.20102934533,25000.0,0.0,25.519252775078453,17.0,20.0,0.0,122.0,10.196711876076158,9.0,11.0,1.0,16843.432188436633,10000.0,19000.0,1.0,16.5,17.842942592203535,19.0,1.0,23906.06310942749,10000.0,25000.0,1.0,19.171426971145564,17.0,20.0,1.0,0.0,211.0,1.0,48.0
11.0,22.0,11.0,22.0,-121.0,11.0,11.0,-111.0,10.203858556296368,9.0,11.0,30000.0,10000.0,19000.0,0.0,25.34757757271025,16.5,19.0,0.0,10000.0,36895.64559636122,25000.0,0.0,26.64538423918899,17.0,20.0,0.0,122.0,10.216909530453119,9.0,11.0,1.0,13167.038047385935,10000.0,19000.0,1.0,16.5,17.225407780817775,19.0,1.0,20193.188398108196,10000.0,25000.0,1.0,18.547776315775703,17.0,20.0,1.0,0.0,111.0,1.0,50.0
91.0,21.0,91.0,24.0,-721.0,911.0,12.0,-711.0,13.793366263823648,12.0,17.0,30000.0,18000.0,36000.0,1.0,23.9676578901642,20.0,25.0,1.0,18000.0,34518.44770724392,36000.0,1.0,24.532507926421328,20.0,26.0,1.0,721.0,15.080361382885012,12.0,17.0,1.0,28550.827585384937,18000.0,36000.0,1.0,20.0,23.706360908592508,25.0,1.0,33078.69360367794,18000.0,36000.0,1.0,24.272388325596793,20.0,26.0,1.0,1.0,91121.0,7.0,26.0
11.0,21.0,11.0,22.0,-121.0,11.0,12.0,-111.0,10.196753341327684,9.0,11.0,30000.0,10000.0,19000.0,0.0,25.950558383918228,16.5,19.0,0.0,10000.0,36951.753754453195,25000.0,0.0,27.25949174839882,17.0,20.0,0.0,122.0,10.185376005597579,9.0,11.0,1.0,17065.70926481552,10000.0,19000.0,1.0,16.5,17.935926066462887,19.0,1.0,24320.49644938388,10000.0,25000.0,1.0,19.301917057154224,17.0,20.0,1.0,0.0,111.0,1.0,51.0
91.0,21.0,91.0,24.0,-721.0,911.0,12.0,-711.0,15.443583729096009,12.0,17.0,30000.0,18000.0,36000.0,1.0,25.829565377298774,20.0,25.0,0.0,18000.0,34057.8868642244,36000.0,1.0,26.325349065522662,20.0,26.0,0.0,722.0,15.282565656720351,12.0,17.0,1.0,29550.340646711276,18000.0,36000.0,1.0,20.0,23.946715348734216,25.0,1.0,33488.11517742658,18000.0,36000.0,1.0,24.427823976341376,20.0,26.0,1.0,0.0,91121.0,7.0,26.0
91.0,24.0,91.0,24.0,-721.0,911.0,11.0,-711.0,14.778476843371216,12.0,17.0,30000.0,18000.0,36000.0,1.0,23.85425971475346,20.0,25.0,1.0,18000.0,34555.88034142384,36000.0,1.0,24.42505198863733,20.0,26.0,1.0,721.0,15.202380556027931,12.0,17.0,1.0,24995.48427266339,18000.0,36000.0,1.0,20.0,23.369530676617266,25.0,1.0,29546.486274832678,18000.0,36000.0,1.0,23.93971175833909,20.0,26.0,1.0,1.0,91121.0,7.0,28.0
91.0,24.0,91.0,24.0,-721.0,911.0,11.0,-711.0,15.016899779737576,12.0,17.0,30000.0,18000.0,36000.0,1.0,24.957161186757276,20.0,25.0,1.0,18000.0,34468.20968095618,36000.0,1.0,25.515203026844137,20.0,26.0,1.0,721.0,14.622900401558129,12.0,17.0,1.0,27480.143030555384,18000.0,36000.0,1.0,20.0,23.022866931277903,25.0,1.0,31979.305322543165,18000.0,36000.0,1.0,23.584774492369128,20.0,26.0,1.0,1.0,91121.0,7.0,16.0
92.0,24.0,92.0,24.0,-721.0,921.0,13.0,-711.0,14.600716227986938,12.0,17.0,30000.0,15000.0,28000.0,0.0,24.640231902718554,19.5,25.0,1.0,15000.0,34552.94754979122,28000.0,0.0,25.20905072898133,20.0,26.0,1.0,721.0,14.520141831430225,12.0,17.0,1.0,19968.84746910147,15000.0,28000.0,1.0,19.5,20.944250979763815,25.0,1.0,24522.231945381165,15000.0,28000.0,1.0,21.513124393084674,20.0,26.0,1.0,0.0,92122.0,7.0,20.0
11.0,22.0,11.0,22.0,-121.0,11.0,12.0,-111.0,10.197931130271265,9.0,11.0,30000.0,10000.0,19000.0,0.0,24.817866798437265,16.5,19.0,0.0,10000.0,37318.38269727691,25000.0,0.0,26.20251454205843,17.0,20.0,0.0,122.0,10.191412793989961,9.0,11.0,1.0,15068.669663542474,10000.0,19000.0,1.0,16.5,17.585559230833947,19.0,1.0,21954.12465533192,10000.0,25000.0,1.0,18.88829647655544,17.0,20.0,1.0,0.0,111.0,1.0,42.0
11.0,21.0,11.0,22.0,-121.0,21.0,12.0,-111.0,10.000029344092948,9.0,11.0,30000.0,10000.0,19000.0,0.0,24.640588115116387,16.5,19.0,0.0,10000.0,36474.750060832775,25000.0,0.0,25.931432985382042,17.0,20.0,0.0,121.0,10.002941609444349,9.0,11.0,1.0,13764.262708262933,10000.0,19000.0,1.0,16.5,17.23418181864415,19.0,1.0,20257.92449979718,10000.0,25000.0,1.0,18.528797044573647,17.0,20.0,1.0,0.0,211.0,1.0,37.0
11.0,22.0,11.0,21.0,-121.0,21.0,13.0,-111.0,10.209258304928333,9.0,11.0,30000.0,10000.0,19000.0,0.0,26.120760092801397,16.5,19.0,0.0,10000.0,36958.34319888196,25000.0,0.0,27.430018180723927,17.0,20.0,0.0,122.0,10.207786461370373,9.0,11.0,1.0,13133.137114143221,10000.0,19000.0,1.0,16.5,17.159941454665322,19.0,1.0,20078.806733406163,10000.0,25000.0,1.0,18.466814925137278,17.0,20.0,1.0,0.0,211.0,1.0,58.0
92.0,24.0,92.0,24.0,-721.0,921.0,13.0,-711.0,15.943032389194327,12.0,17.0,30000.0,15000.0,28000.0,0.0,25.81496247115419,19.5,25.0,0.0,15000.0,34445.40921948138,28000.0,0.0,26.369578313063272,20.0,26.0,0.0,721.0,14.497784690142966,12.0,17.0,1.0,17314.630172452493,15000.0,28000.0,1.0,19.5,20.703379892258585,25.0,1.0,21795.2506353367,15000.0,28000.0,1.0,21.262388741074417,20.0,26.0,1.0,0.0,92122.0,7.0,22.0
11.0,21.0,11.0,22.0,-121.0,21.0,13.0,-111.0,9.976443713544642,9.0,11.0,30000.0,10000.0,19000.0,0.0,25.79955476094358,16.5,19.0,0.0,10000.0,36532.57872655246,25000.0,0.0,27.108685291229484,17.0,20.0,0.0,121.0,10.00037344724671,9.0,11.0,1.0,13253.676682993395,10000.0,19000.0,1.0,16.5,17.163520736713487,19.0,1.0,19748.745693078774,10000.0,25000.0,1.0,18.465134309750972,17.0,20.0,1.0,0.0,211.0,1.0,24.0
91.0,21.0,91.0,24.0,-721.0,911.0,12.0,-711.0,15.236487501205335,12.0,17.0,30000.0,18000.0,36000.0,1.0,24.506216731073266,20.0,25.0,1.0,18000.0,34000.588691554054,36000.0,1.0,24.99473827395427,20.0,26.0,1.0,722.0,15.496862699121799,12.0,17.0,1.0,29515.100506354498,18000.0,36000.0,1.0,20.0,24.0368198566453,25.0,1.0,33577.247968234726,18000.0,36000.0,1.0,24.532858489578846,20.0,26.0,1.0,1.0,91121.0,7.0,19.0
11.0,22.0,11.0,22.0,-121.0,11.0,12.0,-111.0,10.003353361424672,9.0,11.0,30000.0,10000.0,19000.0,0.0,23.412955999650123,16.5,19.0,0.0,10000.0,36563.58282746892,25000.0,0.0,24.721469084871337,17.0,20.0,0.0,121.0,10.016149628335267,9.0,11.0,1.0,15805.634304590118,10000.0,19000.0,1.0,16.5,17.675561543825303,19.0,1.0,22302.935043196583,10000.0,25000.0,1.0,18.970860659957967,17.0,20.0,1.0,0.0,111.0,1.0,40.0
11.0,21.0,11.0,22.0,-121.0,21.0,13.0,-111.0,10.006607609631427,9.0,11.0,30000.0,10000.0,19000.0,0.0,27.42822618909665,16.5,19.0,0.0,10000.0,36582.8904767265,25000.0,0.0,28.745284790431093,17.0,20.0,0.0,121.0,10.014572241995285,9.0,11.0,1.0,11605.667930248967,10000.0,19000.0,1.0,16.5,16.913535660746714,19.0,1.0,18070.04975978472,10000.0,25000.0,1.0,18.206883882322156,17.0,20.0,1.0,0.0,211.0,1.0,32.0
91.0,24.0,91.0,24.0,-721.0,911.0,12.0,-711.0,15.237610702810601,12.0,17.0,30000.0,18000.0,36000.0,1.0,24.229746105440512,20.0,25.0,1.0,18000.0,34017.79621209569,36000.0,1.0,24.720292136863698,20.0,26.0,1.0,722.0,15.540765977116072,12.0,17.0,1.0,24875.902958751056,18000.0,36000.0,1.0,20.0,23.563036329986204,25.0,1.0,28822.456586323562,18000.0,36000.0,1.0,24.044884118576427,20.0,26.0,1.0,1.0,91121.0,7.0,24.0
11.0,22.0,11.0,21.0,-121.0,11.0,11.0,-111.0,10.194648081016283,9.0,11.0,30000.0,10000.0,19000.0,0.0,24.38142061583133,16.5,19.0,0.0,10000.0,36820.42906929981,25000.0,0.0,25.673984285711576,17.0,20.0,0.0,122.0,10.202004323049561,9.0,11.0,1.0,16942.820541784207,10000.0,19000.0,1.0,16.5,17.917292093938475,19.0,1.0,23937.054631435465,10000.0,25000.0,1.0,19.242794168817355,17.0,20.0,1.0,0.0,111.0,1.0,39.0
11.0,22.0,11.0,21.0,-121.0,21.0,13.0,-111.0,10.000668182896128,9.0,11.0,30000.0,10000.0,19000.0,0.0,26.466063219920876,16.5,19.0,0.0,10000.0,36513.83354693037,25000.0,0.0,27.771559503383894,17.0,20.0,0.0,121.0,10.002563267520284,9.0,11.0,1.0,14943.462634395344,10000.0,19000.0,1.0,16.5,17.501470062485254,19.0,1.0,21361.452059052426,10000.0,25000.0,1.0,18.787757358718547,17.0,20.0,1.0,0.0,211.0,1.0,20.0
11.0,22.0,11.0,21.0,-121.0,21.0,13.0,-111.0,9.990505364208357,9.0,11.0,30000.0,10000.0,19000.0,0.0,27.159618985791912,16.5,19.0,0.0,10000.0,36470.06891557847,25000.0,0.0,28.45329276721401,17.0,20.0,0.0,121.0,9.987350645213336,9.0,11.0,1.0,13205.808231057621,10000.0,19000.0,1.0,16.5,17.100098944764778,19.0,1.0,19628.208792718346,10000.0,25000.0,1.0,18.38424156037217,17.0,20.0,1.0,0.0,211.0,1.0,58.0
11.0,22.0,11.0,21.0,-121.0,11.0,11.0,-111.0,10.219560847286267,9.0,11.0,30000.0,10000.0,19000.0,0.0,25.332684928974672,16.5,19.0,0.0,10000.0,36994.89707812043,25000.0,0.0,26.649700136628155,17.0,20.0,0.0,122.0,10.209734242513806,9.0,11.0,1.0,15818.30109090019,10000.0,19000.0,1.0,16.5,17.650144293071044,19.0,1.0,23027.175300854,10000.0,25000.0,1.0,19.00744760411866,17.0,20.0,1.0,0.0,111.0,1.0,12.0
81.0,23.0,81.0,21.0,-721.0,912.0,11.0,-711.0,15.042593062823665,12.0,17.0,30000.0,12500.0,23000.0,0.0,25.45882166295651,20.0,24.0,0.0,12500.0,34008.81492408167,26000.0,0.0,25.948124955189062,20.0,25.0,0.0,722.0,14.985953130015835,12.0,17.0,1.0,11761.47042027076,12500.0,23000.0,0.0,20.0,20.963231573942082,24.0,1.0,15789.5613615113,12500.0,26000.0,1.0,21.4548876359671,20.0,25.0,1.0,0.0,912.0,7.0,12.0
11.0,21.0,11.0,21.0,-121.0,21.0,12.0,-111.0,9.995110716211391,9.0,11.0,30000.0,10000.0,19000.0,0.0,25.88639858500146,16.5,19.0,0.0,10000.0,36407.88979015966,25000.0,0.0,27.166882089556783,17.0,20.0,0.0,121.0,10.021193661970123,9.0,11.0,1.0,13674.907943242,10000.0,19000.0,1.0,16.5,17.24243090214709,19.0,1.0,20172.454007954915,10000.0,25000.0,1.0,18.540830348518647,17.0,20.0,1.0,0.0,211.0,1.0,6.0
11.0,22.0,11.0,21.0,-121.0,11.0,11.0,-111.0,10.003726460380367,9.0,11.0,30000.0,10000.0,19000.0,0.0,24.913012458752604,16.5,19.0,0.0,10000.0,36496.713955116844,25000.0,0.0,26.216372160287765,17.0,20.0,0.0,121.0,10.01248521697118,9.0,11.0,1.0,12461.39428575644,10000.0,19000.0,1.0,16.5,17.022204835680984,19.0,1.0,18970.64934236307,10000.0,25000.0,1.0,18.32808051166224,17.0,20.0,1.0,0.0,111.0,1.0,1.0
11.0,22.0,11.0,22.0,-121.0,21.0,13.0,-111.0,10.005350565506214,9.0,11.0,30000.0,10000.0,19000.0,0.0,25.746251274142338,16.5,19.0,0.0,10000.0,36538.965056803216,25000.0,0.0,27.042603848444514,17.0,20.0,0.0,121.0,9.988098410319843,9.0,11.0,1.0,12753.29736416759,10000.0,19000.0,1.0,16.5,17.017908061262457,19.0,1.0,19163.72326488129,10000.0,25000.0,1.0,18.288777693776787,17.0,20.0,1.0,0.0,211.0,1.0,47.0
91.0,24.0,91.0,24.0,-721.0,911.0,12.0,-711.0,14.810462517013883,12.0,17.0,30000.0,18000.0,36000.0,1.0,24.078206691716574,20.0,25.0,1.0,18000.0,34104.16801376964,36000.0,1.0,24.57881736212301,20.0,26.0,1.0,722.0,15.419059033250896,12.0,17.0,1.0,25886.727930139543,18000.0,36000.0,1.0,20.0,23.61733183343336,25.0,1.0,29884.542334232778,18000.0,36000.0,1.0,24.104969898512334,20.0,26.0,1.0,1.0,91121.0,7.0,32.0
81.0,21.0,81.0,21.0,-721.0,912.0,12.0,-711.0,14.757457227200122,12.0,17.0,30000.0,12500.0,23000.0,0.0,27.166492437641125,20.0,24.0,0.0,12500.0,34520.93506461589,26000.0,0.0,27.73228226297749,20.0,25.0,0.0,721.0,14.769855965426165,12.0,17.0,1.0,14588.34086783668,12500.0,23000.0,1.0,20.0,21.04741198493292,24.0,1.0,19156.66421671958,12500.0,26000.0,1.0,21.61913239956004,20.0,25.0,1.0,0.0,912.0,7.0,6.0
11.0,22.0,11.0,22.0,-121.0,21.0,13.0,-111.0,9.994132538533844,9.0,11.0,30000.0,10000.0,19000.0,0.0,24.803954357313764,16.5,19.0,0.0,10000.0,36468.448812062445,25000.0,0.0,26.100305498867357,17.0,20.0,0.0,121.0,9.979790992543236,9.0,11.0,1.0,10351.801624181628,10000.0,19000.0,1.0,16.5,16.563655023436553,19.0,1.0,16870.954579076322,10000.0,25000.0,1.0,17.87016785527353,17.0,20.0,1.0,0.0,211.0,1.0,31.0
11.0,22.0,11.0,21.0,-121.0,11.0,11.0,-111.0,9.981860134410582,9.0,11.0,30000.0,10000.0,19000.0,0.0,23.05429371353431,16.5,19.0,0.0,10000.0,36577.12022312865,25000.0,0.0,24.36123328811683,17.0,20.0,0.0,121.0,10.00142402694256,9.0,11.0,1.0,15626.386597903773,10000.0,19000.0,1.0,16.5,17.599075545731626,19.0,1.0,22144.585732524032,10000.0,25000.0,1.0,18.894306910681863,17.0,20.0,1.0,0.0,111.0,1.0,1.0
81.0,23.0,81.0,23.0,-721.0,912.0,12.0,-711.0,15.554516919992835,12.0,17.0,30000.0,12500.0,23000.0,0.0,26.979951671972692,20.0,24.0,0.0,12500.0,34509.9915169367,26000.0,0.0,27.54530226724915,20.0,25.0,0.0,721.0,14.363429481483386,12.0,17.0,1.0,18169.130882671947,12500.0,23000.0,1.0,20.0,21.190970223562697,24.0,1.0,22675.621088255044,12500.0,26000.0,1.0,21.755881911481886,20.0,25.0,1.0,0.0,912.0,7.0,10.0
91.0,24.0,91.0,24.0,-721.0,911.0,11.0,-711.0,15.062175910608262,12.0,17.0,30000.0,18000.0,36000.0,1.0,24.011191617614564,20.0,25.0,1.0,18000.0,33906.79113018124,36000.0,1.0,24.48938375249928,20.0,26.0,1.0,722.0,15.196581798859071,12.0,17.0,1.0,25530.92877960975,18000.0,36000.0,1.0,20.0,23.295108798872704,25.0,1.0,29519.83262845413,18000.0,36000.0,1.0,23.783351549449506,20.0,26.0,1.0,1.0,91121.0,7.0,28.0
11.0,22.0,11.0,22.0,-121.0,11.0,12.0,-111.0,10.20598160783032,9.0,11.0,30000.0,10000.0,19000.0,0.0,23.894777545477986,16.5,19.0,0.0,10000.0,36970.16842351277,25000.0,0.0,25.206224105066614,17.0,20.0,0.0,122.0,10.188048762271071,9.0,11.0,1.0,13334.01448185248,10000.0,19000.0,1.0,16.5,17.227921891937875,19.0,1.0,20284.884255320707,10000.0,25000.0,1.0,18.535737384575487,17.0,20.0,1.0,0.0,111.0,1.0,42.0
91.0,24.0,91.0,24.0,-721.0,911.0,11.0,-711.0,14.893584436293336,12.0,17.0,30000.0,18000.0,36000.0,1.0,24.175600827979984,20.0,25.0,1.0,18000.0,34527.13783027914,36000.0,1.0,24.74451475036212,20.0,26.0,1.0,721.0,15.211410862659967,12.0,17.0,1.0,23221.62925774308,18000.0,36000.0,1.0,20.0,23.063829319001577,25.0,1.0,27722.702779515577,18000.0,36000.0,1.0,23.629467805878413,20.0,26.0,1.0,1.0,91121.0,7.0,28.0
11.0,22.0,11.0,22.0,-121.0,21.0,13.0,-111.0,9.997724607610417,9.0,11.0,30000.0,10000.0,19000.0,0.0,25.392027998335813,16.5,19.0,0.0,10000.0,36432.27918309588,25000.0,0.0,26.67154036101125,17.0,20.0,0.0,121.0,10.019361083654207,9.0,11.0,1.0,15515.700065122217,10000.0,19000.0,1.0,16.5,17.600148265143986,19.0,1.0,21967.782361193946,10000.0,25000.0,1.0,18.88359987348193,17.0,20.0,1.0,0.0,211.0,1.0,22.0
11.0,22.0,11.0,22.0,-121.0,11.0,12.0,-111.0,10.172080585598168,9.0,11.0,30000.0,10000.0,19000.0,0.0,23.545706449894826,16.5,19.0,0.0,10000.0,37020.853689583164,25000.0,0.0,24.866945400456885,17.0,20.0,0.0,122.0,10.202972065866451,9.0,11.0,1.0,16539.013752931358,10000.0,19000.0,1.0,16.5,17.874474954274824,19.0,1.0,23453.338619555314,10000.0,25000.0,1.0,19.175666480908927,17.0,20.0,1.0,0.0,111.0,1.0,14.0
91.0,24.0,91.0,21.0,-721.0,911.0,12.0,-711.0,15.386794489900339,12.0,17.0,30000.0,18000.0,36000.0,1.0,24.503473428193857,20.0,25.0,1.0,18000.0,34453.8239058178,36000.0,1.0,25.062130885368344,20.0,26.0,1.0,721.0,15.585844760907724,12.0,17.0,1.0,22051.82702353037,18000.0,36000.0,1.0,20.0,23.23006910532809,25.0,1.0,26604.66467257721,18000.0,36000.0,1.0,23.801146174770007,20.0,26.0,1.0,1.0,91121.0,7.0,14.0
91.0,21.0,91.0,24.0,-721.0,911.0,12.0,-711.0,15.096017437165944,12.0,17.0,30000.0,18000.0,36000.0,1.0,24.737540197730958,20.0,25.0,1.0,18000.0,34028.99718675906,36000.0,1.0,25.227462741100343,20.0,26.0,1.0,722.0,15.06199353683019,12.0,17.0,1.0,28350.1926106327,18000.0,36000.0,1.0,20.0,23.552651096160503,25.0,1.0,32433.916215329395,18000.0,36000.0,1.0,24.04922832421262,20.0,26.0,1.0,1.0,91121.0,7.0,19.0
11.0,22.0,11.0,22.0,-121.0,11.0,11.0,-111.0,10.009118347283108,9.0,11.0,30000.0,10000.0,19000.0,0.0,26.78145136158323,16.5,19.0,0.0,10000.0,36484.67616163558,25000.0,0.0,28.083139259286277,17.0,20.0,0.0,121.0,10.002746480573377,9.0,11.0,1.0,16957.25576152151,10000.0,19000.0,1.0,16.5,17.95297010104214,19.0,1.0,23459.30900249797,10000.0,25000.0,1.0,19.258146150398662,17.0,20.0,1.0,0.0,111.0,1.0,57.0
91.0,24.0,91.0,24.0,-721.0,911.0,12.0,-711.0,15.151867423172252,12.0,17.0,30000.0,18000.0,36000.0,1.0,25.30507125963713,20.0,25.0,0.0,18000.0,34505.26097528366,36000.0,1.0,25.868962148716324,20.0,26.0,1.0,721.0,16.12497615000161,12.0,17.0,1.0,28796.436548279355,18000.0,36000.0,1.0,20.0,24.839419886981545,25.0,1.0,33304.13915020533,18000.0,36000.0,1.0,25.403616376785244,20.0,26.0,1.0,0.0,91121.0,7.0,1.0
11.0,22.0,11.0,22.0,-121.0,11.0,12.0,-111.0,10.172381763106415,9.0,11.0,30000.0,10000.0,19000.0,0.0,23.454988912441863,16.5,19.0,0.0,10000.0,37073.124917824454,25000.0,0.0,24.784801894512498,17.0,20.0,0.0,122.0,10.229915374680226,9.0,11.0,1.0,17047.53539657634,10000.0,19000.0,1.0,16.5,17.986258269951442,19.0,1.0,23773.74514714767,10000.0,25000.0,1.0,19.250847988125262,17.0,20.0,1.0,0.0,111.0,1.0,40.0
11.0,22.0,11.0,22.0,-121.0,11.0,12.0,-111.0,10.21804278718064,9.0,11.0,30000.0,10000.0,19000.0,0.0,23.316840295053264,16.5,19.0,0.0,10000.0,37128.986990900055,25000.0,0.0,24.662140552358697,17.0,20.0,0.0,122.0,10.20475951514274,9.0,11.0,1.0,14638.491793588459,10000.0,19000.0,1.0,16.5,17.47549517236986,19.0,1.0,21807.851956451283,10000.0,25000.0,1.0,18.82841418935308,17.0,20.0,1.0,0.0,111.0,1.0,42.0
11.0,21.0,11.0,22.0,-121.0,11.0,12.0,-111.0,10.212587843035951,9.0,11.0,30000.0,10000.0,19000.0,0.0,27.03340709191411,16.5,19.0,0.0,10000.0,36992.04495407255,25000.0,0.0,28.350095303487187,17.0,20.0,0.0,122.0,10.174155900493625,9.0,11.0,1.0,17359.576333308734,10000.0,19000.0,1.0,16.5,17.99795525705467,19.0,1.0,24455.553811755166,10000.0,25000.0,1.0,19.334215243486316,17.0,20.0,1.0,0.0,111.0,1.0,7.0
81.0,23.0,81.0,21.0,-721.0,912.0,11.0,-711.0,14.934407579972277,12.0,17.0,30000.0,12500.0,23000.0,0.0,26.1259423562623,20.0,24.0,0.0,12500.0,34070.15268424182,26000.0,0.0,26.620754412250573,20.0,25.0,0.0,722.0,15.388595779488183,12.0,17.0,1.0,16662.376176811693,12500.0,23000.0,1.0,20.0,21.827964565343862,24.0,1.0,20634.59123455226,12500.0,26000.0,1.0,22.310870257594154,20.0,25.0,1.0,0.0,912.0,7.0,12.0
11.0,22.0,11.0,22.0,-121.0,11.0,11.0,-111.0,10.011779981797499,9.0,11.0,30000.0,10000.0,19000.0,0.0,24.873560592171785,16.5,19.0,0.0,10000.0,36555.19155045,25000.0,0.0,26.18065860133784,17.0,20.0,0.0,121.0,9.992901332955238,9.0,11.0,1.0,15261.90288983829,10000.0,19000.0,1.0,16.5,17.52366391588175,19.0,1.0,21754.963115757175,10000.0,25000.0,1.0,18.818373007046485,17.0,20.0,1.0,0.0,111.0,1.0,55.0
11.0,21.0,11.0,21.0,-121.0,11.0,11.0,-111.0,10.19300805871094,9.0,11.0,30000.0,10000.0,19000.0,0.0,25.95658106848441,16.5,19.0,0.0,10000.0,37054.24427983683,25000.0,0.0,27.28828999997858,17.0,20.0,0.0,122.0,10.22918353846567,9.0,11.0,1.0,11234.040014313749,10000.0,19000.0,1.0,16.5,16.837522204943944,19.0,1.0,18240.410474624066,10000.0,25000.0,1.0,18.16019345776991,17.0,20.0,1.0,0.0,111.0,1.0,18.0
11.0,21.0,11.0,21.0,-121.0,11.0,11.0,-111.0,10.209396722278425,9.0,11.0,30000.0,10000.0,19000.0,0.0,26.01117366982451,16.5,19.0,0.0,10000.0,36911.22679326446,25000.0,0.0,27.31654555691451,17.0,20.0,0.0,122.0,10.196864169048833,9.0,11.0,1.0,12563.159394410126,10000.0,19000.0,1.0,16.5,17.03023374612308,19.0,1.0,19390.78030891889,10000.0,25000.0,1.0,18.319814404392528,17.0,20.0,1.0,0.0,111.0,1.0,56.0
11.0,22.0,11.0,22.0,-121.0,21.0,13.0,-111.0,10.003346014754015,9.0,11.0,30000.0,10000.0,19000.0,0.0,25.347446772706732,16.5,19.0,0.0,10000.0,36578.360129752284,25000.0,0.0,26.655365214334537,17.0,20.0,0.0,121.0,10.023727641230732,9.0,11.0,1.0,11811.692657202671,10000.0,19000.0,1.0,16.5,16.895222847129595,19.0,1.0,18401.27614564733,10000.0,25000.0,1.0,18.205372732083884,17.0,20.0,1.0,0.0,211.0,1.0,31.0
11.0,22.0,11.0,22.0,-121.0,21.0,13.0,-111.0,9.978121833635011,9.0,11.0,30000.0,10000.0,19000.0,0.0,26.14634771549723,16.5,19.0,0.0,10000.0,36533.970849773665,25000.0,0.0,27.45190309062167,17.0,20.0,0.0,121.0,9.990042693763412,9.0,11.0,1.0,13272.023965966728,10000.0,19000.0,1.0,16.5,17.184089144195415,19.0,1.0,19769.77900643928,10000.0,25000.0,1.0,18.482408223721873,17.0,20.0,1.0,0.0,211.0,1.0,16.0
11.0,22.0,11.0,21.0,-121.0,21.0,12.0,-111.0,9.999615714297963,9.0,11.0,30000.0,10000.0,19000.0,0.0,25.952754842939882,16.5,19.0,0.0,10000.0,36485.49633278215,25000.0,0.0,27.250041579374386,17.0,20.0,0.0,121.0,10.001402499608536,9.0,11.0,1.0,14869.87670126551,10000.0,19000.0,1.0,16.5,17.483525813463398,19.0,1.0,21395.173186174557,10000.0,25000.0,1.0,18.788773730787224,17.0,20.0,1.0,0.0,211.0,1.0,53.0
91.0,24.0,91.0,21.0,-721.0,911.0,11.0,-711.0,15.05449733923635,12.0,17.0,30000.0,18000.0,36000.0,1.0,24.501858967465544,20.0,25.0,1.0,18000.0,34519.248611433686,36000.0,1.0,25.065215629634597,20.0,26.0,1.0,721.0,15.215803536894745,12.0,17.0,1.0,20929.2846623675,18000.0,36000.0,1.0,20.0,22.752151940010073,25.0,1.0,25469.938114539036,18000.0,36000.0,1.0,23.31817686866967,20.0,26.0,1.0,1.0,91121.0,7.0,2.0
81.0,23.0,81.0,21.0,-721.0,912.0,11.0,-711.0,15.645181199018491,12.0,17.0,30000.0,12500.0,23000.0,0.0,28.305233889815295,20.0,24.0,0.0,12500.0,34409.921375324426,26000.0,0.0,28.85385057287888,20.0,25.0,0.0,721.0,15.712947294059504,12.0,17.0,1.0,14339.129691422682,12500.0,23000.0,1.0,20.0,21.926967582086654,24.0,1.0,18801.936532528445,12500.0,26000.0,1.0,22.482163486490006,20.0,25.0,1.0,0.0,912.0,7.0,12.0
11.0,22.0,11.0,22.0,-121.0,21.0,13.0,-111.0,9.998367326873305,9.0,11.0,30000.0,10000.0,19000.0,0.0,24.899926369409528,16.5,19.0,0.0,10000.0,36506.98865166572,25000.0,0.0,26.204313176334473,17.0,20.0,0.0,121.0,9.992678337597065,9.0,11.0,1.0,14751.921383269408,10000.0,19000.0,1.0,16.5,17.44870140745901,19.0,1.0,21197.422548217746,10000.0,25000.0,1.0,18.740762471900204,17.0,20.0,1.0,0.0,211.0,1.0,28.0
11.0,21.0,11.0,22.0,-121.0,11.0,11.0,-111.0,10.213875676886177,9.0,11.0,30000.0,10000.0,19000.0,0.0,25.351138489709992,16.5,19.0,0.0,10000.0,37055.578043730544,25000.0,0.0,26.6807957835465,17.0,20.0,0.0,122.0,10.210536079011133,9.0,11.0,1.0,18690.149758092,10000.0,19000.0,1.0,16.5,18.301207453590983,19.0,1.0,25822.266541657264,10000.0,25000.0,0.0,19.645288837566035,17.0,20.0,1.0,0.0,111.0,1.0,43.0
11.0,22.0,11.0,21.0,-121.0,11.0,11.0,-111.0,10.203536858171038,9.0,11.0,30000.0,10000.0,19000.0,0.0,25.424018253907427,16.5,19.0,0.0,10000.0,36967.63389334395,25000.0,0.0,26.743461000912486,17.0,20.0,0.0,122.0,10.205807414843727,9.0,11.0,1.0,12074.698085321803,10000.0,19000.0,1.0,16.5,16.995448653186184,19.0,1.0,19221.700420884306,10000.0,25000.0,1.0,18.348857936572113,17.0,20.0,1.0,0.0,111.0,1.0,1.0
91.0,21.0,91.0,24.0,-721.0,911.0,12.0,-711.0,14.313288320580803,12.0,17.0,30000.0,18000.0,36000.0,1.0,23.963436601241206,20.0,25.0,1.0,18000.0,34468.547511285884,36000.0,1.0,24.52061656900255,20.0,26.0,1.0,721.0,14.709105181133333,12.0,17.0,1.0,28254.744617782675,18000.0,36000.0,1.0,20.0,23.23735575044631,25.0,1.0,32750.94434940713,18000.0,36000.0,1.0,23.797983653626904,20.0,26.0,1.0,1.0,91121.0,7.0,19.0
11.0,22.0,11.0,21.0,-121.0,21.0,13.0,-111.0,9.999946891697524,9.0,11.0,30000.0,10000.0,19000.0,0.0,25.72286182855248,16.5,19.0,0.0,10000.0,36576.55319980065,25000.0,0.0,27.037352860159277,17.0,20.0,0.0,121.0,10.010660056480882,9.0,11.0,1.0,11512.093311896275,10000.0,19000.0,1.0,16.5,16.811931435168816,19.0,1.0,17996.163341801308,10000.0,25000.0,1.0,18.107937358587627,17.0,20.0,1.0,0.0,211.0,1.0,33.0
11.0,21.0,11.0,22.0,-121.0,11.0,11.0,-111.0,10.193844244368059,9.0,11.0,30000.0,10000.0,19000.0,0.0,25.242046827868666,16.5,19.0,0.0,10000.0,37029.66375455031,25000.0,0.0,26.5718445750361,17.0,20.0,0.0,122.0,10.211301195211153,9.0,11.0,1.0,17467.88416755349,10000.0,19000.0,1.0,16.5,18.043725195627268,19.0,1.0,24466.29447029328,10000.0,25000.0,1.0,19.367610743966992,17.0,20.0,1.0,0.0,111.0,1.0,35.0
11.0,21.0,11.0,22.0,-121.0,11.0,12.0,-111.0,10.213245727727914,9.0,11.0,30000.0,10000.0,19000.0,0.0,23.822982069081405,16.5,19.0,0.0,10000.0,36915.38532478569,25000.0,0.0,25.130674759230512,17.0,20.0,0.0,122.0,10.229031405975514,9.0,11.0,1.0,15609.078986219201,10000.0,19000.0,1.0,16.5,17.718802405583762,19.0,1.0,22589.807372448435,10000.0,25000.0,1.0,19.038851405582363,17.0,20.0,1.0,0.0,111.0,1.0,51.0
11.0,22.0,11.0,22.0,-121.0,21.0,13.0,-111.0,10.208483415015838,9.0,11.0,30000.0,10000.0,19000.0,0.0,27.69564735301614,16.5,19.0,0.0,10000.0,37027.62164366433,25000.0,0.0,29.029021208708258,17.0,20.0,0.0,122.0,10.198265568194952,9.0,11.0,1.0,14943.59867039883,10000.0,19000.0,1.0,16.5,17.541004805807717,19.0,1.0,21985.948939810525,10000.0,25000.0,1.0,18.87717317228849,17.0,20.0,1.0,0.0,211.0,1.0,16.0
11.0,22.0,11.0,22.0,-121.0,21.0,13.0,-111.0,10.19912872665388,9.0,11.0,30000.0,10000.0,19000.0,0.0,24.33308249559388,16.5,19.0,0.0,10000.0,36986.96871427567,25000.0,0.0,25.64469479608893,17.0,20.0,0.0,122.0,10.180525788424676,9.0,11.0,1.0,13406.74006696367,10000.0,19000.0,1.0,16.5,17.24425986043467,19.0,1.0,20377.01643763361,10000.0,25000.0,1.0,18.552738629910376,17.0,20.0,1.0,0.0,211.0,1.0,28.0
11.0,22.0,11.0,21.0,-121.0,11.0,12.0,-111.0,10.19372043732889,9.0,11.0,30000.0,10000.0,19000.0,0.0,24.805687438836614,16.5,19.0,0.0,10000.0,37174.1075071232,25000.0,0.0,26.161082526384877,17.0,20.0,0.0,122.0,10.219481083529615,9.0,11.0,1.0,12330.590232809049,10000.0,19000.0,1.0,16.5,17.01386340076628,19.0,1.0,19386.129460950826,10000.0,25000.0,1.0,18.346857532835287,17.0,20.0,1.0,0.0,111.0,1.0,46.0
11.0,21.0,11.0,21.0,-121.0,21.0,12.0,-111.0,10.198402062066503,9.0,11.0,30000.0,10000.0,19000.0,0.0,24.65574876775382,16.5,19.0,0.0,10000.0,37031.51760704004,25000.0,0.0,25.9831929745103,17.0,20.0,0.0,122.0,10.213025343876849,9.0,11.0,1.0,14755.146194280742,10000.0,19000.0,1.0,16.5,17.46518990886304,19.0,1.0,21602.636695894726,10000.0,25000.0,1.0,18.757892580628635,17.0,20.0,1.0,0.0,211.0,1.0,6.0
11.0,22.0,11.0,22.0,-121.0,11.0,11.0,-111.0,10.013068620039588,9.0,11.0,30000.0,10000.0,19000.0,0.0,24.78667837796833,16.5,19.0,0.0,10000.0,36530.440168977235,25000.0,0.0,26.093557834422928,17.0,20.0,0.0,121.0,9.992603200040142,9.0,11.0,1.0,14530.73898938364,10000.0,19000.0,1.0,16.5,17.44795438051975,19.0,1.0,20960.756848497487,10000.0,25000.0,1.0,18.734737204843235,17.0,20.0,1.0,0.0,111.0,1.0,50.0
11.0,22.0,11.0,21.0,-121.0,11.0,11.0,-111.0,10.179733047329082,9.0,11.0,30000.0,10000.0,19000.0,0.0,23.789066353596915,16.5,19.0,0.0,10000.0,36870.96845037849,25000.0,0.0,25.086680035385086,17.0,20.0,0.0,122.0,10.19846030988477,9.0,11.0,1.0,15278.844903849062,10000.0,19000.0,1.0,16.5,17.518302496701097,19.0,1.0,22250.34380025903,10000.0,25000.0,1.0,18.83490181103129,17.0,20.0,1.0,0.0,111.0,1.0,0.0
11.0,22.0,11.0,22.0,-121.0,21.0,13.0,-111.0,10.225489508030646,9.0,11.0,30000.0,10000.0,19000.0,0.0,25.806039547154267,16.5,19.0,0.0,10000.0,37087.05280965596,25000.0,0.0,27.143526017675594,17.0,20.0,0.0,122.0,10.21627021292916,9.0,11.0,1.0,13968.964433564526,10000.0,19000.0,1.0,16.5,17.378985460500658,19.0,1.0,21084.82825559065,10000.0,25000.0,1.0,18.721909217900194,17.0,20.0,1.0,0.0,211.0,1.0,31.0
11.0,21.0,11.0,22.0,-121.0,11.0,12.0,-111.0,10.018279075670948,9.0,11.0,30000.0,10000.0,19000.0,0.0,25.36364485540854,16.5,19.0,0.0,10000.0,36582.61053858103,25000.0,0.0,26.68329626562738,17.0,20.0,0.0,121.0,9.991141989138013,9.0,11.0,1.0,14821.300758184118,10000.0,19000.0,1.0,16.5,17.484522785633835,19.0,1.0,21292.193511517708,10000.0,25000.0,1.0,18.781777529365385,17.0,20.0,1.0,0.0,111.0,1.0,7.0
11.0,22.0,11.0,22.0,-121.0,11.0,11.0,-111.0,10.008533704705075,9.0,11.0,30000.0,10000.0,19000.0,0.0,25.34701626629315,16.5,19.0,0.0,10000.0,36536.236952182735,25000.0,0.0,26.65829360727828,17.0,20.0,0.0,121.0,10.002061004025222,9.0,11.0,1.0,15040.92568192789,10000.0,19000.0,1.0,16.5,17.52516558085291,19.0,1.0,21543.6056963672,10000.0,25000.0,1.0,18.829710844586604,17.0,20.0,1.0,0.0,111.0,1.0,30.0
11.0,22.0,11.0,22.0,-121.0,11.0,11.0,-111.0,10.206662638875288,9.0,11.0,30000.0,10000.0,19000.0,0.0,23.981481438171592,16.5,19.0,0.0,10000.0,37022.92415983656,25000.0,0.0,25.316966063219407,17.0,20.0,0.0,122.0,10.209988830584743,9.0,11.0,1.0,20001.400193720427,10000.0,19000.0,0.0,16.5,18.56667019655469,19.0,1.0,27027.005869077406,10000.0,25000.0,0.0,19.90266474064304,17.0,20.0,1.0,0.0,111.0,1.0,44.0
11.0,21.0,11.0,22.0,-121.0,21.0,13.0,-111.0,10.232869635426246,9.0,11.0,30000.0,10000.0,19000.0,0.0,27.447885926126503,16.5,19.0,0.0,10000.0,37104.556632558335,25000.0,0.0,28.784441348519568,17.0,20.0,0.0,122.0,10.210281195741892,9.0,11.0,1.0,15490.547031722115,10000.0,19000.0,1.0,16.5,17.687987787872633,19.0,1.0,22472.110827416487,10000.0,25000.0,1.0,19.001404997492124,17.0,20.0,1.0,0.0,211.0,1.0,9.0
11.0,22.0,11.0,21.0,-121.0,11.0,11.0,-111.0,10.020220216631767,9.0,11.0,30000.0,10000.0,19000.0,0.0,24.471371249016705,16.5,19.0,0.0,10000.0,36531.982362480696,25000.0,0.0,25.783628274925537,17.0,20.0,0.0,121.0,9.998134874497778,9.0,11.0,1.0,13684.94583414758,10000.0,19000.0,1.0,16.5,17.285647902598015,19.0,1.0,20236.851576914192,10000.0,25000.0,1.0,18.601907480000282,17.0,20.0,1.0,0.0,111.0,1.0,1.0
91.0,24.0,91.0,21.0,-721.0,911.0,12.0,-711.0,15.247409099887086,12.0,17.0,30000.0,18000.0,36000.0,1.0,25.519954862216764,20.0,25.0,0.0,18000.0,34549.252090349204,36000.0,1.0,26.088711604368584,20.0,26.0,0.0,721.0,15.487445014031376,12.0,17.0,1.0,24890.52952106692,18000.0,36000.0,1.0,20.0,23.51495499164303,25.0,1.0,29404.659932522343,18000.0,36000.0,1.0,24.079320750118896,20.0,26.0,1.0,0.0,91121.0,7.0,14.0
11.0,22.0,11.0,22.0,-121.0,11.0,11.0,-111.0,10.209112137359737,9.0,11.0,30000.0,10000.0,19000.0,0.0,23.689208471161223,16.5,19.0,0.0,10000.0,37166.167861983646,25000.0,0.0,25.047470531963853,17.0,20.0,0.0,122.0,10.21282821708942,9.0,11.0,1.0,15549.253113023655,10000.0,19000.0,1.0,16.5,17.690533189396326,19.0,1.0,22631.290289970166,10000.0,25000.0,1.0,19.03284927742298,17.0,20.0,1.0,0.0,111.0,1.0,15.0
11.0,22.0,11.0,22.0,-121.0,21.0,13.0,-111.0,10.175382591054602,9.0,11.0,30000.0,10000.0,19000.0,0.0,26.065049187164895,16.5,19.0,0.0,10000.0,36999.67924110323,25000.0,0.0,27.377290595325082,17.0,20.0,0.0,122.0,10.196949204621696,9.0,11.0,1.0,15144.0904348263,10000.0,19000.0,1.0,16.5,17.525747980789482,19.0,1.0,22033.717972097344,10000.0,25000.0,1.0,18.81735781458278,17.0,20.0,1.0,0.0,211.0,1.0,22.0
11.0,22.0,11.0,22.0,-121.0,11.0,11.0,-111.0,10.202650118546806,9.0,11.0,30000.0,10000.0,19000.0,0.0,24.82800809423651,16.5,19.0,0.0,10000.0,36969.596064001824,25000.0,0.0,26.150959573210766,17.0,20.0,0.0,122.0,10.186404869060198,9.0,11.0,1.0,11733.654984097566,10000.0,19000.0,1.0,16.5,16.94519360830362,19.0,1.0,18675.273023702535,10000.0,25000.0,1.0,18.262834367916998,17.0,20.0,1.0,0.0,111.0,1.0,38.0
11.0,21.0,11.0,22.0,-121.0,21.0,13.0,-111.0,10.205351521423426,9.0,11.0,30000.0,10000.0,19000.0,0.0,26.443007052965385,16.5,19.0,0.0,10000.0,37095.02885601853,25000.0,0.0,27.78416662694658,17.0,20.0,0.0,122.0,10.223369939691606,9.0,11.0,1.0,14158.275345651764,10000.0,19000.0,1.0,16.5,17.447018416693687,19.0,1.0,21333.785099241486,10000.0,25000.0,1.0,18.80339113899191,17.0,20.0,1.0,0.0,211.0,1.0,9.0
81.0,23.0,81.0,21.0,-721.0,912.0,11.0,-711.0,14.549772043779145,12.0,17.0,30000.0,12500.0,23000.0,0.0,26.926981749502666,20.0,24.0,0.0,12500.0,34493.18587668361,26000.0,0.0,27.489476490437287,20.0,25.0,0.0,721.0,14.732884314586881,12.0,17.0,1.0,12976.033319501239,12500.0,23000.0,1.0,20.0,20.744543081431384,24.0,1.0,17459.568781565944,12500.0,26000.0,1.0,21.30582970242173,20.0,25.0,1.0,0.0,912.0,7.0,12.0
11.0,22.0,11.0,22.0,-121.0,11.0,11.0,-111.0,10.209420331921132,9.0,11.0,30000.0,10000.0,19000.0,0.0,24.284469069001823,16.5,19.0,0.0,10000.0,36898.66428461077,25000.0,0.0,25.58306219182717,17.0,20.0,0.0,122.0,10.191921492279954,9.0,11.0,1.0,18598.897553324885,10000.0,19000.0,1.0,16.5,18.273168835200295,19.0,1.0,25717.10443189572,10000.0,25000.0,0.0,19.613088291779814,17.0,20.0,1.0,0.0,111.0,1.0,27.0
11.0,22.0,11.0,22.0,-121.0,21.0,13.0,-111.0,10.008869742803622,9.0,11.0,30000.0,10000.0,19000.0,0.0,24.533392943642596,16.5,19.0,0.0,10000.0,36444.10255549204,25000.0,0.0,25.821495160944316,17.0,20.0,0.0,121.0,10.00399820121852,9.0,11.0,1.0,16482.552353499927,10000.0,19000.0,1.0,16.5,17.803659141563664,19.0,1.0,23008.974565184668,10000.0,25000.0,1.0,19.108216114319106,17.0,20.0,1.0,0.0,211.0,1.0,19.0
11.0,22.0,11.0,21.0,-121.0,11.0,11.0,-111.0,10.209174815662971,9.0,11.0,30000.0,10000.0,19000.0,0.0,24.508003849870136,16.5,19.0,0.0,10000.0,36980.464529619116,25000.0,0.0,25.824485603153107,17.0,20.0,0.0,122.0,10.225316413137735,9.0,11.0,1.0,14723.481580391202,10000.0,19000.0,1.0,16.5,17.513267014790554,19.0,1.0,21909.023963768133,10000.0,25000.0,1.0,18.86842545661324,17.0,20.0,1.0,0.0,111.0,1.0,54.0
11.0,22.0,11.0,21.0,-121.0,21.0,13.0,-111.0,10.192802880497362,9.0,11.0,30000.0,10000.0,19000.0,0.0,25.146650398160336,16.5,19.0,0.0,10000.0,37057.492891024885,25000.0,0.0,26.475642233317704,17.0,20.0,0.0,122.0,10.195323760869913,9.0,11.0,1.0,12174.34777872062,10000.0,19000.0,1.0,16.5,16.967757506090113,19.0,1.0,19136.325350411855,10000.0,25000.0,1.0,18.278762914411924,17.0,20.0,1.0,0.0,211.0,1.0,2.0
11.0,22.0,11.0,21.0,-121.0,11.0,12.0,-111.0,9.981422439024858,9.0,11.0,30000.0,10000.0,19000.0,0.0,24.74027182644975,16.5,19.0,0.0,10000.0,36417.6311861156,25000.0,0.0,26.026272976750548,17.0,20.0,0.0,121.0,9.995585302823693,9.0,11.0,1.0,13616.223765369828,10000.0,19000.0,1.0,16.5,17.189153581427345,19.0,1.0,20168.051144819758,10000.0,25000.0,1.0,18.502045722186942,17.0,20.0,1.0,0.0,111.0,1.0,45.0
92.0,24.0,92.0,24.0,-721.0,921.0,13.0,-711.0,15.109036751798492,12.0,17.0,30000.0,15000.0,28000.0,0.0,24.25824757188884,19.5,25.0,1.0,15000.0,33981.125816465865,28000.0,0.0,24.745230935790325,20.0,26.0,1.0,722.0,15.1993186599197,12.0,17.0,1.0,20924.433825012224,15000.0,28000.0,1.0,19.5,21.782551603860945,25.0,1.0,24984.558061409498,15000.0,28000.0,1.0,22.27919829367943,20.0,26.0,1.0,0.0,92122.0,7.0,22.0
91.0,24.0,91.0,21.0,-721.0,911.0,11.0,-711.0,15.483083148314337,12.0,17.0,30000.0,18000.0,36000.0,1.0,24.78938440290173,20.0,25.0,1.0,18000.0,34471.24368338699,36000.0,1.0,25.34443532149394,20.0,26.0,1.0,721.0,15.14855564929285,12.0,17.0,1.0,21273.802270242148,18000.0,36000.0,1.0,20.0,22.779818823135216,25.0,1.0,25791.647282946,18000.0,36000.0,1.0,23.340654734109084,20.0,26.0,1.0,1.0,91121.0,7.0,3.0
11.0,22.0,11.0,22.0,-121.0,21.0,13.0,-111.0,10.210856332652043,9.0,11.0,30000.0,10000.0,19000.0,0.0,24.753836997871055,16.5,19.0,0.0,10000.0,37054.2284280798,25000.0,0.0,26.086497128710665,17.0,20.0,0.0,122.0,10.211731131016306,9.0,11.0,1.0,15159.594638429035,10000.0,19000.0,1.0,16.5,17.672248502936647,19.0,1.0,22181.475843663866,10000.0,25000.0,1.0,18.998797709715834,17.0,20.0,1.0,0.0,211.0,1.0,13.0
11.0,22.0,11.0,22.0,-121.0,11.0,12.0,-111.0,9.990217486311927,9.0,11.0,30000.0,10000.0,19000.0,0.0,24.620110054167235,16.5,19.0,0.0,10000.0,36530.79637526419,25000.0,0.0,25.924670806691203,17.0,20.0,0.0,121.0,10.024947043340498,9.0,11.0,1.0,17477.414423819795,10000.0,19000.0,1.0,16.5,18.03074305088237,19.0,1.0,23928.35773955107,10000.0,25000.0,1.0,19.319352736882486,17.0,20.0,1.0,0.0,111.0,1.0,42.0
11.0,22.0,11.0,21.0,-121.0,11.0,11.0,-111.0,10.186834804936916,9.0,11.0,30000.0,10000.0,19000.0,0.0,25.28471647678063,16.5,19.0,0.0,10000.0,36949.760680771564,25000.0,0.0,26.591948691026026,17.0,20.0,0.0,122.0,10.205698040871148,9.0,11.0,1.0,16145.849137717054,10000.0,19000.0,1.0,16.5,17.728328906673482,19.0,1.0,23127.98788104232,10000.0,25000.0,1.0,19.04165135169793,17.0,20.0,1.0,0.0,111.0,1.0,0.0
11.0,21.0,11.0,22.0,-121.0,21.0,13.0,-111.0,10.212835898485364,9.0,11.0,30000.0,10000.0,19000.0,0.0,27.602647528301013,16.5,19.0,0.0,10000.0,37025.712227595905,25000.0,0.0,28.933080542412483,17.0,20.0,0.0,122.0,10.22275870791541,9.0,11.0,1.0,12027.240892631155,10000.0,19000.0,1.0,16.5,17.038055495839863,19.0,1.0,19150.24582944783,10000.0,25000.0,1.0,18.386912468716858,17.0,20.0,1.0,0.0,211.0,1.0,24.0
11.0,22.0,11.0,21.0,-121.0,11.0,11.0,-111.0,10.203978089381769,9.0,11.0,30000.0,10000.0,19000.0,0.0,23.875296464132912,16.5,19.0,0.0,10000.0,37106.90817823383,25000.0,0.0,25.221343743221702,17.0,20.0,0.0,122.0,10.19275981683878,9.0,11.0,1.0,17062.450216911515,10000.0,19000.0,1.0,16.5,17.930061302292536,19.0,1.0,24000.84366124131,10000.0,25000.0,1.0,19.244191917570667,17.0,20.0,1.0,0.0,111.0,1.0,0.0
91.0,24.0,91.0,21.0,-721.0,911.0,11.0,-711.0,15.153514067012685,12.0,17.0,30000.0,18000.0,36000.0,1.0,25.84951144299926,20.0,25.0,0.0,18000.0,34004.026231137184,36000.0,1.0,26.33698070709555,20.0,26.0,0.0,722.0,15.067632346591534,12.0,17.0,1.0,19864.42945518279,18000.0,36000.0,1.0,20.0,22.436705000460226,25.0,1.0,23770.966251020232,18000.0,36000.0,1.0,22.912305435398213,20.0,26.0,1.0,0.0,91121.0,7.0,15.0
81.0,23.0,81.0,21.0,-721.0,912.0,12.0,-711.0,15.38837750528905,12.0,17.0,30000.0,12500.0,23000.0,0.0,27.076160184049613,20.0,24.0,0.0,12500.0,34501.33589402298,26000.0,0.0,27.639798516815247,20.0,25.0,0.0,721.0,13.823441238377665,12.0,17.0,1.0,15851.4426878244,12500.0,23000.0,1.0,20.0,20.2537527822979,24.0,1.0,20333.587054063908,12500.0,26000.0,1.0,20.81498803273914,20.0,25.0,1.0,0.0,912.0,7.0,30.0
11.0,21.0,11.0,22.0,-121.0,21.0,12.0,-111.0,9.990096402951254,9.0,11.0,30000.0,10000.0,19000.0,0.0,24.686871677959203,16.5,19.0,0.0,10000.0,36453.527182097154,25000.0,0.0,25.9756132568651,17.0,20.0,0.0,121.0,10.014419012364224,9.0,11.0,1.0,19202.022417745546,10000.0,19000.0,0.0,16.5,18.400221646480986,19.0,1.0,25663.505366059362,10000.0,25000.0,0.0,19.690551957629914,17.0,20.0,1.0,0.0,211.0,1.0,37.0
81.0,23.0,81.0,21.0,-721.0,912.0,12.0,-711.0,15.340288061544442,12.0,17.0,30000.0,12500.0,23000.0,0.0,27.006576647737308,20.0,24.0,0.0,12500.0,33880.910903286844,26000.0,0.0,27.47860628655215,20.0,25.0,0.0,722.0,15.264981057093177,12.0,17.0,1.0,16679.08277055048,12500.0,23000.0,1.0,20.0,21.78814943566409,24.0,1.0,20667.17061861777,12500.0,26000.0,1.0,22.273214852881146,20.0,25.0,1.0,0.0,912.0,7.0,11.0
81.0,23.0,81.0,23.0,-721.0,912.0,11.0,-711.0,15.2615366550279,12.0,17.0,30000.0,12500.0,23000.0,0.0,25.747288752883804,20.0,24.0,0.0,12500.0,33947.38548825929,26000.0,0.0,26.228018529759314,20.0,25.0,0.0,722.0,15.142369634615044,12.0,17.0,1.0,17065.57057273123,12500.0,23000.0,1.0,20.0,21.772544557870376,24.0,1.0,21121.101167719356,12500.0,26000.0,1.0,22.266444716301613,20.0,25.0,1.0,0.0,912.0,7.0,17.0
11.0,22.0,11.0,22.0,-121.0,11.0,11.0,-111.0,10.216276201511347,9.0,11.0,30000.0,10000.0,19000.0,0.0,24.72412798617117,16.5,19.0,0.0,10000.0,37076.62391629222,25000.0,0.0,26.06236601424832,17.0,20.0,0.0,122.0,10.216829627749288,9.0,11.0,1.0,15140.275598265967,10000.0,19000.0,1.0,16.5,17.61826698768278,19.0,1.0,22127.810526391608,10000.0,25000.0,1.0,18.939657678207777,17.0,20.0,1.0,0.0,111.0,1.0,27.0
81.0,23.0,81.0,23.0,-721.0,912.0,12.0,-711.0,15.528636460973306,12.0,17.0,30000.0,12500.0,23000.0,0.0,27.15356142800045,20.0,24.0,0.0,12500.0,34464.76115669622,26000.0,0.0,27.71087993591777,20.0,25.0,0.0,721.0,15.775719004555357,12.0,17.0,1.0,19870.71374768862,12500.0,23000.0,1.0,20.0,22.778762700077294,24.0,1.0,24365.116816332553,12500.0,26000.0,1.0,23.339781290834146,20.0,25.0,1.0,0.0,912.0,7.0,31.0
11.0,22.0,11.0,22.0,-121.0,11.0,11.0,-111.0,10.014339964341467,9.0,11.0,30000.0,10000.0,19000.0,0.0,26.410607142676472,16.5,19.0,0.0,10000.0,36487.66695375371,25000.0,0.0,27.7034301559965,17.0,20.0,0.0,121.0,10.015086326820631,9.0,11.0,1.0,16433.8134431456,10000.0,19000.0,1.0,16.5,17.846592424689522,19.0,1.0,22925.082694752033,10000.0,25000.0,1.0,19.14013328212794,17.0,20.0,1.0,0.0,111.0,1.0,55.0
11.0,22.0,11.0,21.0,-121.0,11.0,12.0,-111.0,9.997290478581359,9.0,11.0,30000.0,10000.0,19000.0,0.0,24.389615391784922,16.5,19.0,0.0,10000.0,36569.24296386442,25000.0,0.0,25.7037029492837,17.0,20.0,0.0,121.0,9.98823863019184,9.0,11.0,1.0,14858.349193756927,10000.0,19000.0,1.0,16.5,17.42140905978594,19.0,1.0,21435.68811133492,10000.0,25000.0,1.0,18.73711610252824,17.0,20.0,1.0,0.0,111.0,1.0,46.0
11.0,21.0,11.0,22.0,-121.0,21.0,13.0,-111.0,10.187245300732148,9.0,11.0,30000.0,10000.0,19000.0,0.0,26.13286761823855,16.5,19.0,0.0,10000.0,37001.23170842104,25000.0,0.0,27.45286619766179,17.0,20.0,0.0,122.0,10.215133109483572,9.0,11.0,1.0,14246.646862458381,10000.0,19000.0,1.0,16.5,17.42959416702098,19.0,1.0,21193.930651808012,10000.0,25000.0,1.0,18.73942151093841,17.0,20.0,1.0,0.0,211.0,1.0,9.0
81.0,23.0,81.0,21.0,-721.0,912.0,11.0,-711.0,16.027893117327174,12.0,17.0,30000.0,12500.0,23000.0,0.0,27.688885873329085,20.0,24.0,0.0,12500.0,34474.96205334103,26000.0,0.0,28.24759219361648,20.0,25.0,0.0,721.0,15.791250681750098,12.0,17.0,1.0,13580.409799590387,12500.0,23000.0,1.0,20.0,21.906467520002387,24.0,1.0,18069.697107830274,12500.0,26000.0,1.0,22.466962371758054,20.0,25.0,1.0,0.0,912.0,7.0,12.0
91.0,24.0,91.0,24.0,-721.0,911.0,11.0,-711.0,15.346493178455916,12.0,17.0,30000.0,18000.0,36000.0,1.0,24.87139156710424,20.0,25.0,1.0,18000.0,34460.905493390645,36000.0,1.0,25.42870142349233,20.0,26.0,1.0,721.0,15.925390290727492,12.0,17.0,1.0,26322.97995445868,18000.0,36000.0,1.0,20.0,24.265399689186815,25.0,1.0,30875.66369129374,18000.0,36000.0,1.0,24.834175585317137,20.0,26.0,1.0,1.0,91121.0,7.0,4.0
91.0,24.0,91.0,24.0,-721.0,911.0,12.0,-711.0,14.860343306846136,12.0,17.0,30000.0,18000.0,36000.0,1.0,25.190946418375155,20.0,25.0,0.0,18000.0,34493.44373755555,36000.0,1.0,25.752377921302287,20.0,26.0,1.0,721.0,15.280752637168591,12.0,17.0,1.0,30205.122223892893,18000.0,36000.0,1.0,20.0,24.083607235825866,25.0,1.0,34765.505642399825,18000.0,36000.0,1.0,24.653402490004158,20.0,26.0,1.0,0.0,91121.0,7.0,27.0
91.0,24.0,91.0,24.0,-721.0,911.0,12.0,-711.0,15.157287626916611,12.0,17.0,30000.0,18000.0,36000.0,1.0,24.23860055522517,20.0,25.0,1.0,18000.0,33988.91589600972,36000.0,1.0,24.72440828905412,20.0,26.0,1.0,722.0,15.158603702031742,12.0,17.0,1.0,25228.981077239627,18000.0,36000.0,1.0,20.0,23.313481072892458,25.0,1.0,29196.599248272985,18000.0,36000.0,1.0,23.796694969253736,20.0,26.0,1.0,1.0,91121.0,7.0,32.0
11.0,22.0,11.0,21.0,-121.0,11.0,12.0,-111.0,9.985008530832406,9.0,11.0,30000.0,10000.0,19000.0,0.0,24.210690156012326,16.5,19.0,0.0,10000.0,36495.90141788325,25000.0,0.0,25.50824395467157,17.0,20.0,0.0,121.0,10.013908435340042,9.0,11.0,1.0,12518.456429069052,10000.0,19000.0,1.0,16.5,17.00053155910506,19.0,1.0,19049.73686321959,10000.0,25000.0,1.0,18.30515230259571,17.0,20.0,1.0,0.0,111.0,1.0,46.0
11.0,22.0,11.0,22.0,-121.0,21.0,13.0,-111.0,10.017522114816908,9.0,11.0,30000.0,10000.0,19000.0,0.0,25.628156289150596,16.5,19.0,0.0,10000.0,36496.76528277666,25000.0,0.0,26.925826663375304,17.0,20.0,0.0,121.0,10.000386091544328,9.0,11.0,1.0,15347.327525106819,10000.0,19000.0,1.0,16.5,17.57118203631397,19.0,1.0,21768.1053151357,10000.0,25000.0,1.0,18.8536745929851,17.0,20.0,1.0,0.0,211.0,1.0,47.0
11.0,22.0,11.0,21.0,-121.0,21.0,13.0,-111.0,9.985559499680933,9.0,11.0,30000.0,10000.0,19000.0,0.0,26.698119692914275,16.5,19.0,0.0,10000.0,36483.60463924857,25000.0,0.0,27.99323482288107,17.0,20.0,0.0,121.0,9.996383416079958,9.0,11.0,1.0,14112.734130415116,10000.0,19000.0,1.0,16.5,17.307879441240487,19.0,1.0,20639.318395866583,10000.0,25000.0,1.0,18.611579851660494,17.0,20.0,1.0,0.0,211.0,1.0,2.0
11.0,21.0,11.0,22.0,-121.0,21.0,13.0,-111.0,10.019299607252874,9.0,11.0,30000.0,10000.0,19000.0,0.0,25.854470408628377,16.5,19.0,0.0,10000.0,36581.099635667444,25000.0,0.0,27.170867048998673,17.0,20.0,0.0,121.0,9.994175204480932,9.0,11.0,1.0,12879.637550617204,10000.0,19000.0,1.0,16.5,17.084674137845163,19.0,1.0,19330.26753449718,10000.0,25000.0,1.0,18.37497334453546,17.0,20.0,1.0,0.0,211.0,1.0,32.0
11.0,21.0,11.0,22.0,-121.0,11.0,11.0,-111.0,10.216414354672697,9.0,11.0,30000.0,10000.0,19000.0,0.0,23.19764749529543,16.5,19.0,0.0,10000.0,37103.43037647987,25000.0,0.0,24.537894253034384,17.0,20.0,0.0,122.0,10.161752747786483,9.0,11.0,1.0,18353.595039214353,10000.0,19000.0,1.0,16.5,18.183231380571236,19.0,1.0,25344.908179535243,10000.0,25000.0,0.0,19.50232430779666,17.0,20.0,1.0,0.0,111.0,1.0,29.0
11.0,22.0,11.0,22.0,-121.0,21.0,12.0,-111.0,9.999647343636195,9.0,11.0,30000.0,10000.0,19000.0,0.0,23.75068596188769,16.5,19.0,0.0,10000.0,36476.66043138205,25000.0,0.0,25.044531481911516,17.0,20.0,0.0,121.0,9.995949174491514,9.0,11.0,1.0,15179.822554981112,10000.0,19000.0,1.0,16.5,17.581953241467364,19.0,1.0,21613.434407444263,10000.0,25000.0,1.0,18.867198926504052,17.0,20.0,1.0,0.0,211.0,1.0,23.0
92.0,24.0,92.0,24.0,-721.0,921.0,13.0,-711.0,14.984688229729953,12.0,17.0,30000.0,15000.0,28000.0,0.0,23.624955983981764,19.5,25.0,1.0,15000.0,33970.673624240786,28000.0,0.0,24.108922418630442,20.0,26.0,1.0,722.0,15.258971685466241,12.0,17.0,1.0,18860.229654878363,15000.0,28000.0,1.0,19.5,21.596395350026015,25.0,1.0,22860.359360027163,15000.0,28000.0,1.0,22.083952045624056,20.0,26.0,1.0,0.0,92122.0,7.0,25.0
11.0,22.0,11.0,21.0,-121.0,11.0,12.0,-111.0,10.010461309376574,9.0,11.0,30000.0,10000.0,19000.0,0.0,23.87098361909335,16.5,19.0,0.0,10000.0,36436.24936954817,25000.0,0.0,25.155106038609972,17.0,20.0,0.0,121.0,9.996794544308468,9.0,11.0,1.0,14656.38250327415,10000.0,19000.0,1.0,16.5,17.4428846140853,19.0,1.0,21184.78148408896,10000.0,25000.0,1.0,18.74539217920195,17.0,20.0,1.0,0.0,111.0,1.0,45.0
11.0,21.0,11.0,22.0,-121.0,21.0,13.0,-111.0,9.993343492083019,9.0,11.0,30000.0,10000.0,19000.0,0.0,28.065799258495062,16.5,19.0,0.0,10000.0,36543.02140583961,25000.0,0.0,29.375332045760373,17.0,20.0,0.0,121.0,9.995604748859758,9.0,11.0,1.0,16257.042757152094,10000.0,19000.0,1.0,16.5,17.7708349143419,19.0,1.0,22745.212336961486,10000.0,25000.0,1.0,19.069389552496492,17.0,20.0,1.0,0.0,211.0,1.0,24.0
11.0,22.0,11.0,21.0,-121.0,21.0,13.0,-111.0,10.017114959512039,9.0,11.0,30000.0,10000.0,19000.0,0.0,26.471170262926286,16.5,19.0,0.0,10000.0,36467.75374755229,25000.0,0.0,27.75922547920575,17.0,20.0,0.0,121.0,10.000283045441257,9.0,11.0,1.0,10820.397179518648,10000.0,19000.0,1.0,16.5,16.641178785133167,19.0,1.0,17357.01656218971,10000.0,25000.0,1.0,17.94294861455335,17.0,20.0,1.0,0.0,211.0,1.0,2.0
11.0,22.0,11.0,22.0,-121.0,11.0,11.0,-111.0,10.189365923557492,9.0,11.0,30000.0,10000.0,19000.0,0.0,26.6561932353216,16.5,19.0,0.0,10000.0,36960.092388966594,25000.0,0.0,27.973452398598827,17.0,20.0,0.0,122.0,10.216853480757198,9.0,11.0,1.0,14604.219309948952,10000.0,19000.0,1.0,16.5,17.494206925739483,19.0,1.0,21839.59353442181,10000.0,25000.0,1.0,18.86356561586771,17.0,20.0,1.0,0.0,111.0,1.0,38.0
11.0,22.0,11.0,21.0,-121.0,11.0,11.0,-111.0,10.196595901124644,9.0,11.0,30000.0,10000.0,19000.0,0.0,24.421360898187878,16.5,19.0,0.0,10000.0,36827.09630169112,25000.0,0.0,25.71272181951982,17.0,20.0,0.0,122.0,10.205526729548701,9.0,11.0,1.0,13039.410364773172,10000.0,19000.0,1.0,16.5,17.169522953198303,19.0,1.0,20123.212572052744,10000.0,25000.0,1.0,18.50944038524915,17.0,20.0,1.0,0.0,111.0,1.0,54.0
11.0,21.0,11.0,22.0,-121.0,21.0,13.0,-111.0,10.200012934050916,9.0,11.0,30000.0,10000.0,19000.0,0.0,27.889154688633035,16.5,19.0,0.0,10000.0,37070.75172716701,25000.0,0.0,29.22569509163751,17.0,20.0,0.0,122.0,10.206338242655752,9.0,11.0,1.0,11668.097725796617,10000.0,19000.0,1.0,16.5,16.93940919230106,19.0,1.0,18712.871820517514,10000.0,25000.0,1.0,18.271039204348767,17.0,20.0,1.0,0.0,211.0,1.0,24.0
91.0,24.0,91.0,21.0,-721.0,911.0,12.0,-711.0,15.282489512829889,12.0,17.0,30000.0,18000.0,36000.0,1.0,25.494102720537033,20.0,25.0,0.0,18000.0,33907.989205816106,36000.0,1.0,25.968968449652895,20.0,26.0,1.0,722.0,15.246244011384645,12.0,17.0,1.0,27218.936777091494,18000.0,36000.0,1.0,20.0,23.561410769024604,25.0,1.0,31123.262686475777,18000.0,36000.0,1.0,24.03583136540354,20.0,26.0,1.0,0.0,91121.0,7.0,14.0
81.0,23.0,81.0,23.0,-721.0,912.0,12.0,-711.0,15.431419242440612,12.0,17.0,30000.0,12500.0,23000.0,0.0,25.575095352287967,20.0,24.0,0.0,12500.0,34458.886431290375,26000.0,0.0,26.133929950640468,20.0,25.0,0.0,721.0,14.624181093546719,12.0,17.0,1.0,19111.78281127378,12500.0,23000.0,1.0,20.0,21.59571463131034,24.0,1.0,23561.4293852217,12500.0,26000.0,1.0,22.153391193447664,20.0,25.0,1.0,0.0,912.0,7.0,31.0
11.0,22.0,11.0,22.0,-121.0,11.0,11.0,-111.0,10.007476269641181,9.0,11.0,30000.0,10000.0,19000.0,0.0,24.21685125944969,16.5,19.0,0.0,10000.0,36457.73481482607,25000.0,0.0,25.505493132530674,17.0,20.0,0.0,121.0,10.008064930635824,9.0,11.0,1.0,14046.135894804214,10000.0,19000.0,1.0,16.5,17.327154447558716,19.0,1.0,20514.929004550228,10000.0,25000.0,1.0,18.618003004916357,17.0,20.0,1.0,0.0,111.0,1.0,15.0
92.0,24.0,92.0,24.0,-721.0,921.0,13.0,-711.0,15.473188627426413,12.0,17.0,30000.0,15000.0,28000.0,0.0,25.26641019145665,19.5,25.0,0.0,15000.0,34029.777860181865,28000.0,0.0,25.760936826538934,20.0,26.0,1.0,722.0,15.23072178072523,12.0,17.0,1.0,21164.270396279568,15000.0,28000.0,1.0,19.5,21.950102419780062,25.0,1.0,25173.57956252489,15000.0,28000.0,1.0,22.442117175873435,20.0,26.0,1.0,0.0,92122.0,7.0,22.0
11.0,22.0,11.0,22.0,-121.0,21.0,13.0,-111.0,10.002043615370104,9.0,11.0,30000.0,10000.0,19000.0,0.0,26.720000359679055,16.5,19.0,0.0,10000.0,36503.593451904184,25000.0,0.0,28.014464197724156,17.0,20.0,0.0,121.0,10.004713303677027,9.0,11.0,1.0,14433.664976413815,10000.0,19000.0,1.0,16.5,17.356111460643426,19.0,1.0,20985.439432906926,10000.0,25000.0,1.0,18.660165161367104,17.0,20.0,1.0,0.0,211.0,1.0,21.0
11.0,22.0,11.0,21.0,-121.0,11.0,11.0,-111.0,10.205492029690499,9.0,11.0,30000.0,10000.0,19000.0,0.0,25.803904294982097,16.5,19.0,0.0,10000.0,36978.2235870654,25000.0,0.0,27.125790360374765,17.0,20.0,0.0,122.0,10.207302887803603,9.0,11.0,1.0,15391.533766282566,10000.0,19000.0,1.0,16.5,17.592238525195086,19.0,1.0,22466.870560277937,10000.0,25000.0,1.0,18.932520761676955,17.0,20.0,1.0,0.0,111.0,1.0,54.0
11.0,21.0,11.0,22.0,-121.0,21.0,13.0,-111.0,10.223962103243581,9.0,11.0,30000.0,10000.0,19000.0,0.0,28.000933426849173,16.5,19.0,0.0,10000.0,37016.4852339263,25000.0,0.0,29.31711571712755,17.0,20.0,0.0,122.0,10.206804238797561,9.0,11.0,1.0,14782.074739470178,10000.0,19000.0,1.0,16.5,17.49526820959791,19.0,1.0,21640.395942055577,10000.0,25000.0,1.0,18.78178141484731,17.0,20.0,1.0,0.0,211.0,1.0,9.0
11.0,21.0,11.0,22.0,-121.0,21.0,13.0,-111.0,10.208930569714555,9.0,11.0,30000.0,10000.0,19000.0,0.0,27.415569984018767,16.5,19.0,0.0,10000.0,36938.23865929597,25000.0,0.0,28.718945256523007,17.0,20.0,0.0,122.0,10.189285508819866,9.0,11.0,1.0,13205.360177992618,10000.0,19000.0,1.0,16.5,17.158307835616803,19.0,1.0,20212.448897336108,10000.0,25000.0,1.0,18.47461686122222,17.0,20.0,1.0,0.0,211.0,1.0,24.0
11.0,22.0,11.0,21.0,-121.0,11.0,11.0,-111.0,10.198450674576579,9.0,11.0,30000.0,10000.0,19000.0,0.0,25.515988668638713,16.5,19.0,0.0,10000.0,37024.25745116792,25000.0,0.0,26.841960157337855,17.0,20.0,0.0,122.0,10.199606578747945,9.0,11.0,1.0,10840.405378619645,10000.0,19000.0,1.0,16.5,16.72015913695966,19.0,1.0,17974.55170080247,10000.0,25000.0,1.0,18.066874385537204,17.0,20.0,1.0,0.0,111.0,1.0,0.0
11.0,22.0,11.0,22.0,-121.0,21.0,13.0,-111.0,10.180406770846727,9.0,11.0,30000.0,10000.0,19000.0,0.0,24.604466335098948,16.5,19.0,0.0,10000.0,37017.338271104316,25000.0,0.0,25.92935378930979,17.0,20.0,0.0,122.0,10.210457795269365,9.0,11.0,1.0,13814.109139537166,10000.0,19000.0,1.0,16.5,17.351043023829362,19.0,1.0,20798.950158007523,10000.0,25000.0,1.0,18.669794931961665,17.0,20.0,1.0,0.0,211.0,1.0,19.0
11.0,22.0,11.0,22.0,-121.0,21.0,13.0,-111.0,10.007589613828419,9.0,11.0,30000.0,10000.0,19000.0,0.0,25.929268539365264,16.5,19.0,0.0,10000.0,36455.87714463548,25000.0,0.0,27.21747266593965,17.0,20.0,0.0,121.0,9.996411156220091,9.0,11.0,1.0,15044.98848832488,10000.0,19000.0,1.0,16.5,17.55219239434113,19.0,1.0,21559.087830317705,10000.0,25000.0,1.0,18.852014163756856,17.0,20.0,1.0,0.0,211.0,1.0,28.0
81.0,23.0,81.0,21.0,-721.0,912.0,11.0,-711.0,15.149904235457155,12.0,17.0,30000.0,12500.0,23000.0,0.0,25.606708601546217,20.0,24.0,0.0,12500.0,33977.35311743031,26000.0,0.0,26.09284942357902,20.0,25.0,0.0,722.0,14.93756533032945,12.0,17.0,1.0,10399.507305857527,12500.0,23000.0,0.0,20.0,20.610350799315867,24.0,1.0,14464.954257223471,12500.0,26000.0,1.0,21.107259085936562,20.0,25.0,1.0,0.0,912.0,7.0,12.0
11.0,22.0,11.0,22.0,-121.0,21.0,13.0,-111.0,10.011590440936555,9.0,11.0,30000.0,10000.0,19000.0,0.0,27.894253407161745,16.5,19.0,0.0,10000.0,36500.88021797495,25000.0,0.0,29.19492285393685,17.0,20.0,0.0,121.0,10.001860891372244,9.0,11.0,1.0,14938.170404070122,10000.0,19000.0,1.0,16.5,17.478145198283634,19.0,1.0,21341.09999139891,10000.0,25000.0,1.0,18.759217084681982,17.0,20.0,1.0,0.0,211.0,1.0,8.0
11.0,22.0,11.0,22.0,-121.0,21.0,12.0,-111.0,10.006312663011842,9.0,11.0,30000.0,10000.0,19000.0,0.0,23.466774936935025,16.5,19.0,0.0,10000.0,36363.607945712225,25000.0,0.0,24.73967851766589,17.0,20.0,0.0,121.0,9.98921888475958,9.0,11.0,1.0,16560.174518422118,10000.0,19000.0,1.0,16.5,17.822695750808936,19.0,1.0,23098.679069399674,10000.0,25000.0,1.0,19.130583654426935,17.0,20.0,1.0,0.0,211.0,1.0,25.0
11.0,21.0,11.0,21.0,-121.0,11.0,11.0,-111.0,9.998199989082327,9.0,11.0,30000.0,10000.0,19000.0,0.0,25.544799261939936,16.5,19.0,0.0,10000.0,36559.881035330116,25000.0,0.0,26.851272742629323,17.0,20.0,0.0,121.0,10.002875260560723,9.0,11.0,1.0,13653.875180011439,10000.0,19000.0,1.0,16.5,17.201748399514273,19.0,1.0,20138.736267981036,10000.0,25000.0,1.0,18.49328082087326,17.0,20.0,1.0,0.0,111.0,1.0,56.0
91.0,21.0,91.0,24.0,-721.0,911.0,12.0,-711.0,15.119658772794818,12.0,17.0,30000.0,18000.0,36000.0,1.0,25.061548517328852,20.0,25.0,0.0,18000.0,34542.97978332427,36000.0,1.0,25.628485609008443,20.0,26.0,1.0,721.0,14.994541900631111,12.0,17.0,1.0,26528.21348478554,18000.0,36000.0,1.0,20.0,23.33329584056515,25.0,1.0,31008.299276807924,18000.0,36000.0,1.0,23.892384132951445,20.0,26.0,1.0,0.0,91121.0,7.0,26.0
91.0,24.0,91.0,24.0,-721.0,911.0,12.0,-711.0,14.671228902574589,12.0,17.0,30000.0,18000.0,36000.0,1.0,24.269477024728584,20.0,25.0,1.0,18000.0,34500.07666019142,36000.0,1.0,24.83090015891444,20.0,26.0,1.0,721.0,14.946563226204745,12.0,17.0,1.0,24798.58527669864,18000.0,36000.0,1.0,20.0,23.049077269178653,25.0,1.0,29301.95110484872,18000.0,36000.0,1.0,23.610910755259297,20.0,26.0,1.0,1.0,91121.0,7.0,32.0
11.0,21.0,11.0,22.0,-121.0,11.0,11.0,-111.0,10.225099046125102,9.0,11.0,30000.0,10000.0,19000.0,0.0,26.205393897482743,16.5,19.0,0.0,10000.0,36988.333722179246,25000.0,0.0,27.523939545895946,17.0,20.0,0.0,122.0,10.183422448173424,9.0,11.0,1.0,13531.92421857877,10000.0,19000.0,1.0,16.5,17.213566011796033,19.0,1.0,20447.175024244447,10000.0,25000.0,1.0,18.518322513128798,17.0,20.0,1.0,0.0,111.0,1.0,43.0
91.0,24.0,91.0,24.0,-721.0,911.0,11.0,-711.0,13.67203348233275,12.0,17.0,30000.0,18000.0,36000.0,1.0,23.86903442469044,20.0,25.0,1.0,18000.0,34482.141611524836,36000.0,1.0,24.42951720249823,20.0,26.0,1.0,721.0,15.230501708889745,12.0,17.0,1.0,25604.737121675087,18000.0,36000.0,1.0,20.0,23.46545345079179,25.0,1.0,30097.81711902711,18000.0,36000.0,1.0,24.027304051708377,20.0,26.0,1.0,1.0,91121.0,7.0,4.0
11.0,22.0,11.0,22.0,-121.0,21.0,13.0,-111.0,10.224290129775662,9.0,11.0,30000.0,10000.0,19000.0,0.0,26.994201819322264,16.5,19.0,0.0,10000.0,37085.666251353156,25000.0,0.0,28.326959294326663,17.0,20.0,0.0,122.0,10.198500583492745,9.0,11.0,1.0,15044.742704768405,10000.0,19000.0,1.0,16.5,17.5624166841814,19.0,1.0,22148.84839349867,10000.0,25000.0,1.0,18.898642470721715,17.0,20.0,1.0,0.0,211.0,1.0,3.0
91.0,24.0,91.0,21.0,-721.0,911.0,11.0,-711.0,15.643480096087137,12.0,17.0,30000.0,18000.0,36000.0,1.0,26.15117849131815,20.0,25.0,0.0,18000.0,34490.45937996807,36000.0,1.0,26.713509793731586,20.0,26.0,0.0,721.0,14.941486139389536,12.0,17.0,1.0,25240.452374386998,18000.0,36000.0,1.0,20.0,23.07557345049079,25.0,1.0,29768.81636451096,18000.0,36000.0,1.0,23.642651471890602,20.0,26.0,1.0,0.0,91121.0,7.0,21.0
11.0,21.0,11.0,22.0,-121.0,11.0,12.0,-111.0,10.189909331661859,9.0,11.0,30000.0,10000.0,19000.0,0.0,24.90689212581038,16.5,19.0,0.0,10000.0,36872.02464383277,25000.0,0.0,26.205137693053285,17.0,20.0,0.0,122.0,10.201551765247274,9.0,11.0,1.0,15460.277629589342,10000.0,19000.0,1.0,16.5,17.66356046103643,19.0,1.0,22470.733271015964,10000.0,25000.0,1.0,18.987958063277713,17.0,20.0,1.0,0.0,111.0,1.0,51.0
11.0,22.0,11.0,21.0,-121.0,21.0,13.0,-111.0,10.204701414089296,9.0,11.0,30000.0,10000.0,19000.0,0.0,26.062311166309662,16.5,19.0,0.0,10000.0,37184.50268377262,25000.0,0.0,27.417339929876817,17.0,20.0,0.0,122.0,10.181311616052442,9.0,11.0,1.0,11442.53033760839,10000.0,19000.0,1.0,16.5,16.844266522470775,19.0,1.0,18396.499983631293,10000.0,25000.0,1.0,18.155815742518666,17.0,20.0,1.0,0.0,211.0,1.0,58.0
11.0,22.0,11.0,21.0,-121.0,21.0,13.0,-111.0,10.0069192435011,9.0,11.0,30000.0,10000.0,19000.0,0.0,25.48690072528815,16.5,19.0,0.0,10000.0,36472.96645909457,25000.0,0.0,26.774432581330093,17.0,20.0,0.0,121.0,9.993029314970057,9.0,11.0,1.0,12745.939691425165,10000.0,19000.0,1.0,16.5,16.986220829667044,19.0,1.0,19292.366668621824,10000.0,25000.0,1.0,18.288364650380128,17.0,20.0,1.0,0.0,211.0,1.0,58.0
11.0,22.0,11.0,21.0,-121.0,21.0,13.0,-111.0,10.015296802963528,9.0,11.0,30000.0,10000.0,19000.0,0.0,25.773867964245824,16.5,19.0,0.0,10000.0,36489.91191428354,25000.0,0.0,27.078884461603845,17.0,20.0,0.0,121.0,9.98640127244073,9.0,11.0,1.0,14201.10280509402,10000.0,19000.0,1.0,16.5,17.318244411809317,19.0,1.0,20743.995004277866,10000.0,25000.0,1.0,18.63391438902081,17.0,20.0,1.0,0.0,211.0,1.0,33.0
91.0,24.0,91.0,21.0,-721.0,911.0,11.0,-711.0,14.488779896471412,12.0,17.0,30000.0,18000.0,36000.0,1.0,24.061253576084486,20.0,25.0,1.0,18000.0,34531.191581275074,36000.0,1.0,24.62609166962045,20.0,26.0,1.0,721.0,15.240201894183564,12.0,17.0,1.0,21758.338406671024,18000.0,36000.0,1.0,20.0,22.921149969003743,25.0,1.0,26201.28136460504,18000.0,36000.0,1.0,23.474987383519398,20.0,26.0,1.0,1.0,91121.0,7.0,2.0
11.0,21.0,11.0,22.0,-121.0,11.0,11.0,-111.0,10.001722086053574,9.0,11.0,30000.0,10000.0,19000.0,0.0,25.648028678523417,16.5,19.0,0.0,10000.0,36504.145960670176,25000.0,0.0,26.95049288261829,17.0,20.0,0.0,121.0,10.016140197651461,9.0,11.0,1.0,15984.542584492361,10000.0,19000.0,1.0,16.5,17.741814188200813,19.0,1.0,22465.239065714453,10000.0,25000.0,1.0,19.039582601676827,17.0,20.0,1.0,0.0,111.0,1.0,29.0
11.0,22.0,11.0,21.0,-121.0,11.0,11.0,-111.0,10.207867434024863,9.0,11.0,30000.0,10000.0,19000.0,0.0,26.48904826287901,16.5,19.0,0.0,10000.0,37028.707883721014,25000.0,0.0,27.8191338333016,17.0,20.0,0.0,122.0,10.181729535258823,9.0,11.0,1.0,16003.398719359102,10000.0,19000.0,1.0,16.5,17.72972342651366,19.0,1.0,22942.326632401164,10000.0,25000.0,1.0,19.04281938156333,17.0,20.0,1.0,0.0,111.0,1.0,54.0
91.0,21.0,91.0,24.0,-721.0,911.0,11.0,-711.0,15.263058980453394,12.0,17.0,30000.0,18000.0,36000.0,1.0,24.632180573646934,20.0,25.0,1.0,18000.0,33986.15980151993,36000.0,1.0,25.117452692032916,20.0,26.0,1.0,722.0,14.662161563142956,12.0,17.0,1.0,25767.7924547231,18000.0,36000.0,1.0,20.0,22.9472794477242,25.0,1.0,29750.611784644803,18000.0,36000.0,1.0,23.43214489959163,20.0,26.0,1.0,1.0,91121.0,7.0,18.0
81.0,23.0,81.0,21.0,-721.0,912.0,12.0,-711.0,14.843655824257096,12.0,17.0,30000.0,12500.0,23000.0,0.0,25.880086052386705,20.0,24.0,0.0,12500.0,34509.41054315457,26000.0,0.0,26.44180988408855,20.0,25.0,0.0,721.0,14.743432035549608,12.0,17.0,1.0,15294.775521824346,12500.0,23000.0,1.0,20.0,21.09324926013783,24.0,1.0,19759.329577821798,12500.0,26000.0,1.0,21.649385452922914,20.0,25.0,1.0,0.0,912.0,7.0,30.0
11.0,22.0,11.0,22.0,-121.0,21.0,13.0,-111.0,10.213230089026151,9.0,11.0,30000.0,10000.0,19000.0,0.0,25.2894308750793,16.5,19.0,0.0,10000.0,36979.37364561313,25000.0,0.0,26.613993128577363,17.0,20.0,0.0,122.0,10.189718281300928,9.0,11.0,1.0,14168.83726725317,10000.0,19000.0,1.0,16.5,17.37439766045811,19.0,1.0,21156.772879148743,10000.0,25000.0,1.0,18.700584824432283,17.0,20.0,1.0,0.0,211.0,1.0,31.0
91.0,24.0,91.0,21.0,-721.0,911.0,11.0,-711.0,15.202748852558758,12.0,17.0,30000.0,18000.0,36000.0,1.0,24.89214250830388,20.0,25.0,1.0,18000.0,33982.26669304448,36000.0,1.0,25.38158100511029,20.0,26.0,1.0,722.0,15.287638531051178,12.0,17.0,1.0,22187.250564373706,18000.0,36000.0,1.0,20.0,22.9347305609055,25.0,1.0,26146.054025051704,18000.0,36000.0,1.0,23.42128532086934,20.0,26.0,1.0,1.0,91121.0,7.0,2.0
11.0,22.0,11.0,21.0,-121.0,11.0,12.0,-111.0,10.185215311536414,9.0,11.0,30000.0,10000.0,19000.0,0.0,24.62447060948877,16.5,19.0,0.0,10000.0,36749.401948115614,25000.0,0.0,25.899384652808394,17.0,20.0,0.0,122.0,10.214481495125794,9.0,11.0,1.0,12232.67899523743,10000.0,19000.0,1.0,16.5,17.008612942871036,19.0,1.0,19143.636612800674,10000.0,25000.0,1.0,18.31404370357392,17.0,20.0,1.0,0.0,111.0,1.0,46.0
11.0,22.0,11.0,21.0,-121.0,21.0,13.0,-111.0,10.00102489366256,9.0,11.0,30000.0,10000.0,19000.0,0.0,26.080436291589866,16.5,19.0,0.0,10000.0,36553.70046248261,25000.0,0.0,27.388060142868312,17.0,20.0,0.0,121.0,10.003006174047812,9.0,11.0,1.0,12440.461230286064,10000.0,19000.0,1.0,16.5,16.976962322539052,19.0,1.0,18983.74824146674,10000.0,25000.0,1.0,18.28250843508432,17.0,20.0,1.0,0.0,211.0,1.0,2.0
91.0,24.0,91.0,21.0,-721.0,911.0,12.0,-711.0,15.087020337442613,12.0,17.0,30000.0,18000.0,36000.0,1.0,24.74727991768288,20.0,25.0,1.0,18000.0,34519.561188987995,36000.0,1.0,25.312396315781406,20.0,26.0,1.0,721.0,14.487865854664197,12.0,17.0,1.0,25728.589033036846,18000.0,36000.0,1.0,20.0,22.639902355530435,25.0,1.0,30236.079856720906,18000.0,36000.0,1.0,23.20350950061101,20.0,26.0,1.0,1.0,91121.0,7.0,29.0
11.0,22.0,11.0,22.0,-121.0,21.0,13.0,-111.0,10.00933476653308,9.0,11.0,30000.0,10000.0,19000.0,0.0,24.388273608983503,16.5,19.0,0.0,10000.0,36526.16679248631,25000.0,0.0,25.6962951432482,17.0,20.0,0.0,121.0,9.985106598561481,9.0,11.0,1.0,13855.175873107579,10000.0,19000.0,1.0,16.5,17.303122267185913,19.0,1.0,20411.0196450486,10000.0,25000.0,1.0,18.617091876244437,17.0,20.0,1.0,0.0,211.0,1.0,5.0
91.0,24.0,91.0,24.0,-721.0,911.0,12.0,-711.0,15.133491914662343,12.0,17.0,30000.0,18000.0,36000.0,1.0,25.08067283683627,20.0,25.0,0.0,18000.0,33970.30551360208,36000.0,1.0,25.56522192189636,20.0,26.0,1.0,722.0,15.132109960427448,12.0,17.0,1.0,28965.57618843002,18000.0,36000.0,1.0,20.0,23.694394176104932,25.0,1.0,33018.61822250716,18000.0,36000.0,1.0,24.189040697032336,20.0,26.0,1.0,0.0,91121.0,7.0,1.0
11.0,21.0,11.0,21.0,-121.0,11.0,11.0,-111.0,9.997466506812883,9.0,11.0,30000.0,10000.0,19000.0,0.0,25.869705411347077,16.5,19.0,0.0,10000.0,36502.81593599662,25000.0,0.0,27.166985264718722,17.0,20.0,0.0,121.0,9.997308555100657,9.0,11.0,1.0,15031.636208233404,10000.0,19000.0,1.0,16.5,17.45779837021579,19.0,1.0,21537.356051081864,10000.0,25000.0,1.0,18.75565753874752,17.0,20.0,1.0,0.0,111.0,1.0,18.0
11.0,22.0,11.0,22.0,-121.0,11.0,11.0,-111.0,10.181602973626749,9.0,11.0,30000.0,10000.0,19000.0,0.0,25.173176394855332,16.5,19.0,0.0,10000.0,36968.567141926265,25000.0,0.0,26.489170962991317,17.0,20.0,0.0,122.0,10.210972962252752,9.0,11.0,1.0,11831.115560890976,10000.0,19000.0,1.0,16.5,16.986787606773678,19.0,1.0,18936.12556838954,10000.0,25000.0,1.0,18.328549031466693,17.0,20.0,1.0,0.0,111.0,1.0,17.0
91.0,24.0,91.0,24.0,-721.0,911.0,12.0,-711.0,15.200366276008742,12.0,17.0,30000.0,18000.0,36000.0,1.0,25.58746790944857,20.0,25.0,0.0,18000.0,33894.754995016,36000.0,1.0,26.063490748044227,20.0,26.0,0.0,722.0,15.210628480947431,12.0,17.0,1.0,27085.75045704421,18000.0,36000.0,1.0,20.0,23.534188821691224,25.0,1.0,31111.928451093398,18000.0,36000.0,1.0,24.026274377745768,20.0,26.0,1.0,0.0,91121.0,7.0,1.0
11.0,22.0,11.0,21.0,-121.0,21.0,12.0,-111.0,10.007356730666654,9.0,11.0,30000.0,10000.0,19000.0,0.0,25.002383111096663,16.5,19.0,0.0,10000.0,36415.72218259171,25000.0,0.0,26.289157873810804,17.0,20.0,0.0,121.0,10.004635173121613,9.0,11.0,1.0,15537.097057787307,10000.0,19000.0,1.0,16.5,17.604649567400063,19.0,1.0,22023.613262261246,10000.0,25000.0,1.0,18.90562319317537,17.0,20.0,1.0,0.0,211.0,1.0,53.0
91.0,24.0,91.0,24.0,-721.0,911.0,12.0,-711.0,14.932591709794997,12.0,17.0,30000.0,18000.0,36000.0,1.0,23.942880870434784,20.0,25.0,1.0,18000.0,34501.69610777576,36000.0,1.0,24.503957045176588,20.0,26.0,1.0,721.0,15.165403721365161,12.0,17.0,1.0,27961.46004396352,18000.0,36000.0,1.0,20.0,23.633626964707023,25.0,1.0,32409.845162352773,18000.0,36000.0,1.0,24.188058638069663,20.0,26.0,1.0,1.0,91121.0,7.0,13.0
11.0,22.0,11.0,21.0,-121.0,11.0,12.0,-111.0,10.198139763546449,9.0,11.0,30000.0,10000.0,19000.0,0.0,23.402883698189196,16.5,19.0,0.0,10000.0,37017.1116808513,25000.0,0.0,24.72423093952867,17.0,20.0,0.0,122.0,10.201420689864381,9.0,11.0,1.0,14989.770786373174,10000.0,19000.0,1.0,16.5,17.53888585935581,19.0,1.0,22137.344257775243,10000.0,25000.0,1.0,18.88479952273398,17.0,20.0,1.0,0.0,111.0,1.0,45.0
91.0,21.0,91.0,24.0,-721.0,911.0,11.0,-711.0,15.37364820333783,12.0,17.0,30000.0,18000.0,36000.0,1.0,25.08396293667176,20.0,25.0,0.0,18000.0,34527.72180474562,36000.0,1.0,25.65055303230909,20.0,26.0,1.0,721.0,15.258247579108513,12.0,17.0,1.0,24163.043063370245,18000.0,36000.0,1.0,20.0,23.306331640545537,25.0,1.0,28642.150346782393,18000.0,36000.0,1.0,23.866838211735136,20.0,26.0,1.0,0.0,91121.0,7.0,18.0
11.0,22.0,11.0,22.0,-121.0,21.0,13.0,-111.0,9.988275290338551,9.0,11.0,30000.0,10000.0,19000.0,0.0,26.52420318674072,16.5,19.0,0.0,10000.0,36455.31797607431,25000.0,0.0,27.820675271974785,17.0,20.0,0.0,121.0,9.971295159183214,9.0,11.0,1.0,12712.960572186243,10000.0,19000.0,1.0,16.5,17.06336308665349,19.0,1.0,19221.02068278865,10000.0,25000.0,1.0,18.370427787988692,17.0,20.0,1.0,0.0,211.0,1.0,22.0
11.0,22.0,11.0,22.0,-121.0,11.0,11.0,-111.0,9.998820954947828,9.0,11.0,30000.0,10000.0,19000.0,0.0,24.795260288582732,16.5,19.0,0.0,10000.0,36454.699036065635,25000.0,0.0,26.086552757783696,17.0,20.0,0.0,121.0,10.001724803751552,9.0,11.0,1.0,15850.991592619523,10000.0,19000.0,1.0,16.5,17.66110853610178,19.0,1.0,22446.77341248952,10000.0,25000.0,1.0,18.980625270329284,17.0,20.0,1.0,0.0,111.0,1.0,57.0
11.0,21.0,11.0,21.0,-121.0,11.0,11.0,-111.0,10.183109250483811,9.0,11.0,30000.0,10000.0,19000.0,0.0,25.30936926181088,16.5,19.0,0.0,10000.0,36890.87359048097,25000.0,0.0,26.615925387786792,17.0,20.0,0.0,122.0,10.203305151244072,9.0,11.0,1.0,12123.318649450977,10000.0,19000.0,1.0,16.5,17.002711607118584,19.0,1.0,19049.297314323307,10000.0,25000.0,1.0,18.315923892055565,17.0,20.0,1.0,0.0,111.0,1.0,18.0
11.0,21.0,11.0,21.0,-121.0,11.0,11.0,-111.0,9.984627902878723,9.0,11.0,30000.0,10000.0,19000.0,0.0,26.602931880221497,16.5,19.0,0.0,10000.0,36477.729610918635,25000.0,0.0,27.902594787133044,17.0,20.0,0.0,121.0,10.013629353550957,9.0,11.0,1.0,16592.157268867035,10000.0,19000.0,1.0,16.5,17.82321964485167,19.0,1.0,23049.97213091406,10000.0,25000.0,1.0,19.11888694497449,17.0,20.0,1.0,0.0,111.0,1.0,18.0
11.0,21.0,11.0,21.0,-121.0,21.0,12.0,-111.0,10.17902448182109,9.0,11.0,30000.0,10000.0,19000.0,0.0,24.628067281348272,16.5,19.0,0.0,10000.0,37079.11366027245,25000.0,0.0,25.956244940986938,17.0,20.0,0.0,122.0,10.220886749129901,9.0,11.0,1.0,14111.727304064701,10000.0,19000.0,1.0,16.5,17.359809134447232,19.0,1.0,21040.460631319245,10000.0,25000.0,1.0,18.6597725559272,17.0,20.0,1.0,0.0,211.0,1.0,6.0
11.0,22.0,11.0,22.0,-121.0,21.0,13.0,-111.0,9.996997682464283,9.0,11.0,30000.0,10000.0,19000.0,0.0,25.197336643562736,16.5,19.0,0.0,10000.0,36529.90043190883,25000.0,0.0,26.501440526373287,17.0,20.0,0.0,121.0,10.002352254354257,9.0,11.0,1.0,14507.217693324632,10000.0,19000.0,1.0,16.5,17.453438007407374,19.0,1.0,21069.81462329605,10000.0,25000.0,1.0,18.76407179530949,17.0,20.0,1.0,0.0,211.0,1.0,47.0
11.0,22.0,11.0,22.0,-121.0,21.0,13.0,-111.0,9.987946709006112,9.0,11.0,30000.0,10000.0,19000.0,0.0,26.170097983220927,16.5,19.0,0.0,10000.0,36437.337301189364,25000.0,0.0,27.458015001852523,17.0,20.0,0.0,121.0,9.995464256074989,9.0,11.0,1.0,15186.08738610221,10000.0,19000.0,1.0,16.5,17.54534604966447,19.0,1.0,21650.241120333103,10000.0,25000.0,1.0,18.838628227658898,17.0,20.0,1.0,0.0,211.0,1.0,21.0
11.0,22.0,11.0,21.0,-121.0,21.0,13.0,-111.0,10.205431433383806,9.0,11.0,30000.0,10000.0,19000.0,0.0,27.313357646559098,16.5,19.0,0.0,10000.0,37048.09146420751,25000.0,0.0,28.641649421000647,17.0,20.0,0.0,122.0,10.217606937661055,9.0,11.0,1.0,11217.931427593989,10000.0,19000.0,1.0,16.5,16.83127059793194,19.0,1.0,18168.295051116926,10000.0,25000.0,1.0,18.141144466253163,17.0,20.0,1.0,0.0,211.0,1.0,58.0
11.0,21.0,11.0,22.0,-121.0,21.0,13.0,-111.0,9.976023484078741,9.0,11.0,30000.0,10000.0,19000.0,0.0,25.14932007012993,16.5,19.0,0.0,10000.0,36548.39933953104,25000.0,0.0,26.45620242744273,17.0,20.0,0.0,121.0,10.00928219516324,9.0,11.0,1.0,13721.529424808117,10000.0,19000.0,1.0,16.5,17.308530057408642,19.0,1.0,20225.340224133968,10000.0,25000.0,1.0,18.60651375513898,17.0,20.0,1.0,0.0,211.0,1.0,52.0
91.0,24.0,91.0,24.0,-721.0,911.0,12.0,-711.0,15.644967917236984,12.0,17.0,30000.0,18000.0,36000.0,1.0,25.48820329150695,20.0,25.0,0.0,18000.0,34493.658368802135,36000.0,1.0,26.04973793107895,20.0,26.0,0.0,721.0,14.507555930849993,12.0,17.0,1.0,31147.424176227185,18000.0,36000.0,1.0,20.0,23.417252377468913,25.0,1.0,35588.496397625335,18000.0,36000.0,1.0,23.972215769094255,20.0,26.0,1.0,0.0,91121.0,7.0,13.0
11.0,21.0,11.0,21.0,-121.0,11.0,11.0,-111.0,10.185424218104007,9.0,11.0,30000.0,10000.0,19000.0,0.0,24.81001057659174,16.5,19.0,0.0,10000.0,37079.12728178826,25000.0,0.0,26.145271827950666,17.0,20.0,0.0,122.0,10.189409949086054,9.0,11.0,1.0,11928.626553027558,10000.0,19000.0,1.0,16.5,16.924084072243417,19.0,1.0,19118.610184035904,10000.0,25000.0,1.0,18.280254989679616,17.0,20.0,1.0,0.0,111.0,1.0,56.0
11.0,21.0,11.0,21.0,-121.0,11.0,11.0,-111.0,10.17540106480795,9.0,11.0,30000.0,10000.0,19000.0,0.0,25.43798945036671,16.5,19.0,0.0,10000.0,36966.283609670005,25000.0,0.0,26.75470674814709,17.0,20.0,0.0,122.0,10.21460105041781,9.0,11.0,1.0,12194.020234492347,10000.0,19000.0,1.0,16.5,17.011874215602326,19.0,1.0,19229.124487031808,10000.0,25000.0,1.0,18.341599500996757,17.0,20.0,1.0,0.0,111.0,1.0,56.0
11.0,22.0,11.0,21.0,-121.0,11.0,11.0,-111.0,9.999442317949038,9.0,11.0,30000.0,10000.0,19000.0,0.0,24.063872862004605,16.5,19.0,0.0,10000.0,36523.287016504095,25000.0,0.0,25.373596846511408,17.0,20.0,0.0,121.0,9.999054270704548,9.0,11.0,1.0,14747.32137499862,10000.0,19000.0,1.0,16.5,17.429569066065206,19.0,1.0,21169.21925733245,10000.0,25000.0,1.0,18.718936475665032,17.0,20.0,1.0,0.0,111.0,1.0,0.0
11.0,21.0,11.0,22.0,-121.0,11.0,12.0,-111.0,10.19432231293085,9.0,11.0,30000.0,10000.0,19000.0,0.0,24.958484920995147,16.5,19.0,0.0,10000.0,36919.471483541696,25000.0,0.0,26.264325321514367,17.0,20.0,0.0,122.0,10.214594349030007,9.0,11.0,1.0,14848.885797928,10000.0,19000.0,1.0,16.5,17.549050162067505,19.0,1.0,21801.71789139458,10000.0,25000.0,1.0,18.86118636600603,17.0,20.0,1.0,0.0,111.0,1.0,7.0
11.0,21.0,11.0,22.0,-121.0,11.0,11.0,-111.0,9.983222155235577,9.0,11.0,30000.0,10000.0,19000.0,0.0,25.344303413187973,16.5,19.0,0.0,10000.0,36514.99577972552,25000.0,0.0,26.647684691471834,17.0,20.0,0.0,121.0,9.994040797042382,9.0,11.0,1.0,13971.9301032903,10000.0,19000.0,1.0,16.5,17.318450725971186,19.0,1.0,20481.291975985987,10000.0,25000.0,1.0,18.62070489240501,17.0,20.0,1.0,0.0,111.0,1.0,43.0
11.0,22.0,11.0,21.0,-121.0,11.0,12.0,-111.0,10.002493610599455,9.0,11.0,30000.0,10000.0,19000.0,0.0,24.369501004670795,16.5,19.0,0.0,10000.0,36539.793237748396,25000.0,0.0,25.677262801642357,17.0,20.0,0.0,121.0,9.979764336538285,9.0,11.0,1.0,16496.015270917866,10000.0,19000.0,1.0,16.5,17.75979884813276,19.0,1.0,23025.783115220078,10000.0,25000.0,1.0,19.065555868183722,17.0,20.0,1.0,0.0,111.0,1.0,46.0
11.0,22.0,11.0,21.0,-121.0,11.0,12.0,-111.0,10.010519404613,9.0,11.0,30000.0,10000.0,19000.0,0.0,24.334715396813095,16.5,19.0,0.0,10000.0,36430.9282666094,25000.0,0.0,25.62444626353445,17.0,20.0,0.0,121.0,10.008505817192452,9.0,11.0,1.0,13425.095919750935,10000.0,19000.0,1.0,16.5,17.17776438827771,19.0,1.0,19938.17168015625,10000.0,25000.0,1.0,18.483970039661564,17.0,20.0,1.0,0.0,111.0,1.0,46.0
11.0,22.0,11.0,22.0,-121.0,11.0,12.0,-111.0,9.999332233107923,9.0,11.0,30000.0,10000.0,19000.0,0.0,23.969197442986662,16.5,19.0,0.0,10000.0,36513.69032348659,25000.0,0.0,25.26907572753732,17.0,20.0,0.0,121.0,9.995770781467774,9.0,11.0,1.0,13279.87123607229,10000.0,19000.0,1.0,16.5,17.186252578926823,19.0,1.0,19742.049392681467,10000.0,25000.0,1.0,18.475851046079246,17.0,20.0,1.0,0.0,111.0,1.0,14.0
11.0,22.0,11.0,22.0,-121.0,11.0,11.0,-111.0,9.989584714566663,9.0,11.0,30000.0,10000.0,19000.0,0.0,25.13630647825981,16.5,19.0,0.0,10000.0,36511.24568555717,25000.0,0.0,26.4316962173033,17.0,20.0,0.0,121.0,9.994469322411252,9.0,11.0,1.0,17662.36643186773,10000.0,19000.0,1.0,16.5,17.997236358664757,19.0,1.0,24121.071071522623,10000.0,25000.0,1.0,19.28217323891175,17.0,20.0,1.0,0.0,111.0,1.0,30.0
11.0,22.0,11.0,22.0,-121.0,21.0,13.0,-111.0,9.99957896106496,9.0,11.0,30000.0,10000.0,19000.0,0.0,26.528573967705526,16.5,19.0,0.0,10000.0,36443.38562834714,25000.0,0.0,27.809231749554073,17.0,20.0,0.0,121.0,9.991627389703943,9.0,11.0,1.0,15633.118333959772,10000.0,19000.0,1.0,16.5,17.660899298221576,19.0,1.0,22060.3118516673,10000.0,25000.0,1.0,18.93833881040705,17.0,20.0,1.0,0.0,211.0,1.0,22.0
91.0,24.0,91.0,24.0,-721.0,911.0,12.0,-711.0,15.298719850565572,12.0,17.0,30000.0,18000.0,36000.0,1.0,24.664541830484048,20.0,25.0,1.0,18000.0,33985.94097387301,36000.0,1.0,25.149582045794666,20.0,26.0,1.0,722.0,15.360139917472509,12.0,17.0,1.0,27029.34437802468,18000.0,36000.0,1.0,20.0,23.738852702773407,25.0,1.0,31045.463675524577,18000.0,36000.0,1.0,24.227565250586096,20.0,26.0,1.0,1.0,91121.0,7.0,27.0
81.0,23.0,81.0,23.0,-721.0,912.0,12.0,-711.0,15.044622031151757,12.0,17.0,30000.0,12500.0,23000.0,0.0,26.111990798279887,20.0,24.0,0.0,12500.0,34045.27065550841,26000.0,0.0,26.602501565761703,20.0,25.0,0.0,722.0,15.126638474807871,12.0,17.0,1.0,19759.376017882423,12500.0,23000.0,1.0,20.0,22.094818229458895,24.0,1.0,23694.95319789866,12500.0,26000.0,1.0,22.572028074596208,20.0,25.0,1.0,0.0,912.0,7.0,31.0
11.0,22.0,11.0,22.0,-121.0,21.0,13.0,-111.0,10.016571720226025,9.0,11.0,30000.0,10000.0,19000.0,0.0,26.57431147002895,16.5,19.0,0.0,10000.0,36539.99613604433,25000.0,0.0,27.882222990868392,17.0,20.0,0.0,121.0,9.997601919482104,9.0,11.0,1.0,14135.356300997586,10000.0,19000.0,1.0,16.5,17.3879364712097,19.0,1.0,20657.99024808001,10000.0,25000.0,1.0,18.692375787097046,17.0,20.0,1.0,0.0,211.0,1.0,47.0
11.0,22.0,11.0,21.0,-121.0,11.0,11.0,-111.0,10.222139872105192,9.0,11.0,30000.0,10000.0,19000.0,0.0,23.39871480285545,16.5,19.0,0.0,10000.0,37012.14606244103,25000.0,0.0,24.720145174659187,17.0,20.0,0.0,122.0,10.217515365992087,9.0,11.0,1.0,13120.016173514829,10000.0,19000.0,1.0,16.5,17.168872504493912,19.0,1.0,20080.630339191248,10000.0,25000.0,1.0,18.480591753212785,17.0,20.0,1.0,0.0,111.0,1.0,39.0
11.0,22.0,11.0,22.0,-121.0,11.0,11.0,-111.0,10.19891255891218,9.0,11.0,30000.0,10000.0,19000.0,0.0,24.63635414251305,16.5,19.0,0.0,10000.0,37091.792287098695,25000.0,0.0,25.98140613873916,17.0,20.0,0.0,122.0,10.167534582026667,9.0,11.0,1.0,17857.626648950787,10000.0,19000.0,1.0,16.5,18.03747333466822,19.0,1.0,24931.674393456753,10000.0,25000.0,1.0,19.379159844220407,17.0,20.0,1.0,0.0,111.0,1.0,50.0
11.0,21.0,11.0,22.0,-121.0,21.0,13.0,-111.0,10.196693060295798,9.0,11.0,30000.0,10000.0,19000.0,0.0,27.877867073128122,16.5,19.0,0.0,10000.0,37003.872637532964,25000.0,0.0,29.20289543503707,17.0,20.0,0.0,122.0,10.199070993717662,9.0,11.0,1.0,14196.773242957435,10000.0,19000.0,1.0,16.5,17.432710171406168,19.0,1.0,21158.304875593007,10000.0,25000.0,1.0,18.74972824596921,17.0,20.0,1.0,0.0,211.0,1.0,24.0
91.0,24.0,91.0,21.0,-721.0,911.0,11.0,-711.0,15.099896865384155,12.0,17.0,30000.0,18000.0,36000.0,1.0,23.933814423166446,20.0,25.0,1.0,18000.0,33903.25171625276,36000.0,1.0,24.410445964301925,20.0,26.0,1.0,722.0,14.93305496438514,12.0,17.0,1.0,24963.51179696305,18000.0,36000.0,1.0,20.0,22.965073940069203,25.0,1.0,28960.535209696605,18000.0,36000.0,1.0,23.45315607457083,20.0,26.0,1.0,1.0,91121.0,7.0,2.0
11.0,22.0,11.0,22.0,-121.0,21.0,13.0,-111.0,10.008251625309102,9.0,11.0,30000.0,10000.0,19000.0,0.0,25.706933088328334,16.5,19.0,0.0,10000.0,36503.279928091884,25000.0,0.0,27.010589605350585,17.0,20.0,0.0,121.0,9.995453229346335,9.0,11.0,1.0,14601.614476671823,10000.0,19000.0,1.0,16.5,17.472619558326638,19.0,1.0,21050.715727431158,10000.0,25000.0,1.0,18.765415342523422,17.0,20.0,1.0,0.0,211.0,1.0,28.0
11.0,22.0,11.0,22.0,-121.0,21.0,13.0,-111.0,10.203990193467423,9.0,11.0,30000.0,10000.0,19000.0,0.0,26.85821991411801,16.5,19.0,0.0,10000.0,37021.570095232484,25000.0,0.0,28.185069075890063,17.0,20.0,0.0,122.0,10.177382437808246,9.0,11.0,1.0,13246.71736462108,10000.0,19000.0,1.0,16.5,17.172240271219625,19.0,1.0,20089.754703502786,10000.0,25000.0,1.0,18.465352528723823,17.0,20.0,1.0,0.0,211.0,1.0,8.0
11.0,22.0,11.0,21.0,-121.0,21.0,13.0,-111.0,10.014470169857868,9.0,11.0,30000.0,10000.0,19000.0,0.0,25.628467770679137,16.5,19.0,0.0,10000.0,36523.79272463219,25000.0,0.0,26.93578362635092,17.0,20.0,0.0,121.0,10.002248394241857,9.0,11.0,1.0,11203.843652438818,10000.0,19000.0,1.0,16.5,16.704589745249447,19.0,1.0,17693.574634921308,10000.0,25000.0,1.0,18.005079900371918,17.0,20.0,1.0,0.0,211.0,1.0,58.0
81.0,23.0,81.0,23.0,-721.0,912.0,12.0,-711.0,14.337694249563897,12.0,17.0,30000.0,12500.0,23000.0,0.0,27.13298785097477,20.0,24.0,0.0,12500.0,34468.03671841678,26000.0,0.0,27.694172665763283,20.0,25.0,0.0,721.0,15.870096739157633,12.0,17.0,1.0,17955.241345817332,12500.0,23000.0,1.0,20.0,22.68386897662851,24.0,1.0,22455.51026206703,12500.0,26000.0,1.0,23.249102151157786,20.0,25.0,1.0,0.0,912.0,7.0,10.0
11.0,22.0,11.0,21.0,-121.0,11.0,11.0,-111.0,10.016027141033227,9.0,11.0,30000.0,10000.0,19000.0,0.0,24.023990108409464,16.5,19.0,0.0,10000.0,36501.22500385274,25000.0,0.0,25.32759825271795,17.0,20.0,0.0,121.0,10.012955943915456,9.0,11.0,1.0,13286.22282497979,10000.0,19000.0,1.0,16.5,17.164554599216142,19.0,1.0,19743.905080484947,10000.0,25000.0,1.0,18.459431668790582,17.0,20.0,1.0,0.0,111.0,1.0,12.0
11.0,22.0,11.0,22.0,-121.0,21.0,13.0,-111.0,10.005161968310048,9.0,11.0,30000.0,10000.0,19000.0,0.0,25.28548180796336,16.5,19.0,0.0,10000.0,36516.805547786185,25000.0,0.0,26.58693133276352,17.0,20.0,0.0,121.0,9.985158241344996,9.0,11.0,1.0,16185.858881692015,10000.0,19000.0,1.0,16.5,17.767093281274025,19.0,1.0,22725.51125053881,10000.0,25000.0,1.0,19.073105468592573,17.0,20.0,1.0,0.0,211.0,1.0,19.0
11.0,22.0,11.0,21.0,-121.0,11.0,11.0,-111.0,9.987717847888804,9.0,11.0,30000.0,10000.0,19000.0,0.0,23.959269190896812,16.5,19.0,0.0,10000.0,36516.58027267545,25000.0,0.0,25.262642530913247,17.0,20.0,0.0,121.0,9.996309776834394,9.0,11.0,1.0,12366.485591139532,10000.0,19000.0,1.0,16.5,16.945133663724768,19.0,1.0,18900.459671683355,10000.0,25000.0,1.0,18.251985918219102,17.0,20.0,1.0,0.0,111.0,1.0,0.0
11.0,22.0,11.0,22.0,-121.0,11.0,11.0,-111.0,10.188532438487668,9.0,11.0,30000.0,10000.0,19000.0,0.0,23.401780253496042,16.5,19.0,0.0,10000.0,36710.55088490544,25000.0,0.0,24.672339616733456,17.0,20.0,0.0,122.0,10.182383099627495,9.0,11.0,1.0,17951.45829428024,10000.0,19000.0,1.0,16.5,18.150104178928224,19.0,1.0,24920.167645859394,10000.0,25000.0,1.0,19.46954263758672,17.0,20.0,1.0,0.0,111.0,1.0,55.0
11.0,22.0,11.0,22.0,-121.0,11.0,11.0,-111.0,10.001153517351055,9.0,11.0,30000.0,10000.0,19000.0,0.0,24.83754263658968,16.5,19.0,0.0,10000.0,36535.35918827659,25000.0,0.0,26.14573389443981,17.0,20.0,0.0,121.0,10.000475800241652,9.0,11.0,1.0,15197.764246586263,10000.0,19000.0,1.0,16.5,17.584437016749696,19.0,1.0,21545.194356827487,10000.0,25000.0,1.0,18.855010269238665,17.0,20.0,1.0,0.0,111.0,1.0,27.0
91.0,24.0,91.0,24.0,-721.0,911.0,12.0,-711.0,15.013985287072847,12.0,17.0,30000.0,18000.0,36000.0,1.0,24.41179327021584,20.0,25.0,1.0,18000.0,33962.840523157254,36000.0,1.0,24.895172110503093,20.0,26.0,1.0,722.0,15.127353991357234,12.0,17.0,1.0,26867.95367113604,18000.0,36000.0,1.0,20.0,23.39073004548485,25.0,1.0,30986.805219698537,18000.0,36000.0,1.0,23.893138778116178,20.0,26.0,1.0,1.0,91121.0,7.0,27.0
11.0,21.0,11.0,22.0,-121.0,11.0,12.0,-111.0,10.220131615891919,9.0,11.0,30000.0,10000.0,19000.0,0.0,25.66901844231083,16.5,19.0,0.0,10000.0,37011.38408779033,25000.0,0.0,26.985534886267306,17.0,20.0,0.0,122.0,10.205606347974955,9.0,11.0,1.0,16536.859325441383,10000.0,19000.0,1.0,16.5,17.849923875491463,19.0,1.0,23611.144790351158,10000.0,25000.0,1.0,19.17825121103345,17.0,20.0,1.0,0.0,111.0,1.0,51.0
11.0,22.0,11.0,21.0,-121.0,21.0,13.0,-111.0,10.210250263758732,9.0,11.0,30000.0,10000.0,19000.0,0.0,24.670693859036387,16.5,19.0,0.0,10000.0,37043.77430597224,25000.0,0.0,25.996335172836886,17.0,20.0,0.0,122.0,10.206463897336418,9.0,11.0,1.0,15106.483766790558,10000.0,19000.0,1.0,16.5,17.542272503552102,19.0,1.0,22093.208643647326,10000.0,25000.0,1.0,18.85717709058098,17.0,20.0,1.0,0.0,211.0,1.0,2.0
91.0,24.0,91.0,24.0,-721.0,911.0,11.0,-711.0,13.883991762877017,12.0,17.0,30000.0,18000.0,36000.0,1.0,24.843609967108822,20.0,25.0,1.0,18000.0,34456.40577969109,36000.0,1.0,25.398444102467828,20.0,26.0,1.0,721.0,14.926518511821238,12.0,17.0,1.0,25679.85092811928,18000.0,36000.0,1.0,20.0,23.171271429295672,25.0,1.0,30184.531668148782,18000.0,36000.0,1.0,23.73211592304729,20.0,26.0,1.0,1.0,91121.0,7.0,16.0
11.0,22.0,11.0,22.0,-121.0,21.0,13.0,-111.0,10.009126558744542,9.0,11.0,30000.0,10000.0,19000.0,0.0,26.400665660818305,16.5,19.0,0.0,10000.0,36560.26773305478,25000.0,0.0,27.709874338036137,17.0,20.0,0.0,121.0,9.995955714703538,9.0,11.0,1.0,14999.193564720897,10000.0,19000.0,1.0,16.5,17.516601479858938,19.0,1.0,21512.06232522781,10000.0,25000.0,1.0,18.81635091719877,17.0,20.0,1.0,0.0,211.0,1.0,19.0
91.0,24.0,91.0,24.0,-721.0,911.0,12.0,-711.0,15.2316620140121,12.0,17.0,30000.0,18000.0,36000.0,1.0,24.425661395789845,20.0,25.0,1.0,18000.0,34483.15939101869,36000.0,1.0,24.985994364966036,20.0,26.0,1.0,721.0,15.16435696154146,12.0,17.0,1.0,29841.234965583164,18000.0,36000.0,1.0,20.0,23.865717136696695,25.0,1.0,34385.730381174086,18000.0,36000.0,1.0,24.433716261315602,20.0,26.0,1.0,1.0,91121.0,7.0,27.0
11.0,22.0,11.0,22.0,-121.0,21.0,12.0,-111.0,10.212770110516344,9.0,11.0,30000.0,10000.0,19000.0,0.0,23.584438460021122,16.5,19.0,0.0,10000.0,37032.15735200869,25000.0,0.0,24.914925508985025,17.0,20.0,0.0,122.0,10.204057505333227,9.0,11.0,1.0,16038.316157214118,10000.0,19000.0,1.0,16.5,17.76947285643037,19.0,1.0,23124.0405736865,10000.0,25000.0,1.0,19.11009481591353,17.0,20.0,1.0,0.0,211.0,1.0,25.0
91.0,24.0,91.0,24.0,-721.0,911.0,11.0,-711.0,14.7454428323908,12.0,17.0,30000.0,18000.0,36000.0,1.0,24.312002815770853,20.0,25.0,1.0,18000.0,34472.35249288854,36000.0,1.0,24.871921356325558,20.0,26.0,1.0,721.0,14.498827171965136,12.0,17.0,1.0,25212.38423612308,18000.0,36000.0,1.0,20.0,22.678271151263967,25.0,1.0,29721.19433780865,18000.0,36000.0,1.0,23.242754021473413,20.0,26.0,1.0,1.0,91121.0,7.0,28.0
91.0,24.0,91.0,24.0,-721.0,911.0,11.0,-711.0,15.113226975804572,12.0,17.0,30000.0,18000.0,36000.0,1.0,23.808266399525657,20.0,25.0,1.0,18000.0,34008.4098053722,36000.0,1.0,24.299301107588903,20.0,26.0,1.0,722.0,15.228977048022065,12.0,17.0,1.0,26018.020580963963,18000.0,36000.0,1.0,20.0,23.360224491571252,25.0,1.0,29962.39993128069,18000.0,36000.0,1.0,23.84341539689677,20.0,26.0,1.0,1.0,91121.0,7.0,0.0
11.0,22.0,11.0,22.0,-121.0,21.0,13.0,-111.0,10.188131514268838,9.0,11.0,30000.0,10000.0,19000.0,0.0,26.187356634626266,16.5,19.0,0.0,10000.0,36913.84865863365,25000.0,0.0,27.490138237416346,17.0,20.0,0.0,122.0,10.17934383820005,9.0,11.0,1.0,13424.082977854116,10000.0,19000.0,1.0,16.5,17.249774757710135,19.0,1.0,20340.270166017595,10000.0,25000.0,1.0,18.55299701134455,17.0,20.0,1.0,0.0,211.0,1.0,3.0
11.0,22.0,11.0,22.0,-121.0,21.0,12.0,-111.0,10.214997011065726,9.0,11.0,30000.0,10000.0,19000.0,0.0,24.3307400765033,16.5,19.0,0.0,10000.0,37045.146740288816,25000.0,0.0,25.652529060234052,17.0,20.0,0.0,122.0,10.1836390991916,9.0,11.0,1.0,15820.443726436986,10000.0,19000.0,1.0,16.5,17.66603104162346,19.0,1.0,22875.308375122273,10000.0,25000.0,1.0,18.989643269743134,17.0,20.0,1.0,0.0,211.0,1.0,23.0
91.0,24.0,91.0,21.0,-721.0,911.0,12.0,-711.0,15.35578426580157,12.0,17.0,30000.0,18000.0,36000.0,1.0,24.82245382614473,20.0,25.0,1.0,18000.0,34027.10933968093,36000.0,1.0,25.313953952603367,20.0,26.0,1.0,722.0,15.23514593504813,12.0,17.0,1.0,24557.997166681263,18000.0,36000.0,1.0,20.0,23.15209888675078,25.0,1.0,28602.41524053197,18000.0,36000.0,1.0,23.645711507387176,20.0,26.0,1.0,1.0,91121.0,7.0,29.0
11.0,22.0,11.0,22.0,-121.0,21.0,12.0,-111.0,10.204209166177268,9.0,11.0,30000.0,10000.0,19000.0,0.0,24.78452795237104,16.5,19.0,0.0,10000.0,37074.24275226941,25000.0,0.0,26.119158684830804,17.0,20.0,0.0,122.0,10.215263689225639,9.0,11.0,1.0,15909.896182629562,10000.0,19000.0,1.0,16.5,17.75786738840887,19.0,1.0,22923.27087775365,10000.0,25000.0,1.0,19.08101471797506,17.0,20.0,1.0,0.0,211.0,1.0,48.0
11.0,22.0,11.0,22.0,-121.0,11.0,12.0,-111.0,10.211650482801558,9.0,11.0,30000.0,10000.0,19000.0,0.0,24.358601307403276,16.5,19.0,0.0,10000.0,37233.36591654887,25000.0,0.0,25.7215775668289,17.0,20.0,0.0,122.0,10.165050725120492,9.0,11.0,1.0,15782.160129111451,10000.0,19000.0,1.0,16.5,17.685976315737378,19.0,1.0,22898.64422898789,10000.0,25000.0,1.0,19.026928645623006,17.0,20.0,1.0,0.0,111.0,1.0,40.0
11.0,22.0,11.0,22.0,-121.0,11.0,11.0,-111.0,9.998692817587292,9.0,11.0,30000.0,10000.0,19000.0,0.0,27.35843959402586,16.5,19.0,0.0,10000.0,36474.48172503509,25000.0,0.0,28.65876561937434,17.0,20.0,0.0,121.0,9.994916804195222,9.0,11.0,1.0,15781.317758321195,10000.0,19000.0,1.0,16.5,17.69508972115629,19.0,1.0,22248.004821938615,10000.0,25000.0,1.0,18.99385027740151,17.0,20.0,1.0,0.0,111.0,1.0,15.0
11.0,22.0,11.0,21.0,-121.0,21.0,13.0,-111.0,10.20633979746971,9.0,11.0,30000.0,10000.0,19000.0,0.0,25.298492821736424,16.5,19.0,0.0,10000.0,37010.87478756087,25000.0,0.0,26.620454530045134,17.0,20.0,0.0,122.0,10.198096135911321,9.0,11.0,1.0,12807.26186130913,10000.0,19000.0,1.0,16.5,17.118299392378166,19.0,1.0,19916.21780499743,10000.0,25000.0,1.0,18.458755159793046,17.0,20.0,1.0,0.0,211.0,1.0,58.0
11.0,22.0,11.0,22.0,-121.0,11.0,11.0,-111.0,10.005326473506177,9.0,11.0,30000.0,10000.0,19000.0,0.0,24.483972617266332,16.5,19.0,0.0,10000.0,36591.74938396388,25000.0,0.0,25.801331374899277,17.0,20.0,0.0,121.0,9.984723813606902,9.0,11.0,1.0,15020.30898125479,10000.0,19000.0,1.0,16.5,17.546683264632684,19.0,1.0,21532.95873598146,10000.0,25000.0,1.0,18.848233989643113,17.0,20.0,1.0,0.0,111.0,1.0,38.0
11.0,22.0,11.0,22.0,-121.0,21.0,13.0,-111.0,10.215297957052895,9.0,11.0,30000.0,10000.0,19000.0,0.0,25.586735816426817,16.5,19.0,0.0,10000.0,36986.222320501896,25000.0,0.0,26.903455402285786,17.0,20.0,0.0,122.0,10.18147847594158,9.0,11.0,1.0,15470.984334969706,10000.0,19000.0,1.0,16.5,17.631808097118565,19.0,1.0,22657.60473243953,10000.0,25000.0,1.0,18.98629746195204,17.0,20.0,1.0,0.0,211.0,1.0,22.0
92.0,24.0,92.0,24.0,-721.0,921.0,13.0,-711.0,14.94759362150912,12.0,17.0,30000.0,15000.0,28000.0,0.0,23.37159705922436,19.5,25.0,1.0,15000.0,34083.67378179267,28000.0,0.0,23.871933917263373,20.0,26.0,1.0,722.0,14.998048839318546,12.0,17.0,1.0,21835.06674947714,15000.0,28000.0,1.0,19.5,21.798903447036402,25.0,1.0,25764.212991239183,15000.0,28000.0,1.0,22.280307396133438,20.0,26.0,1.0,0.0,92122.0,7.0,20.0
11.0,22.0,11.0,22.0,-121.0,11.0,12.0,-111.0,10.197226702171264,9.0,11.0,30000.0,10000.0,19000.0,0.0,24.216386532173523,16.5,19.0,0.0,10000.0,37070.477358962766,25000.0,0.0,25.548744088593892,17.0,20.0,0.0,122.0,10.206508111610797,9.0,11.0,1.0,15650.379072457368,10000.0,19000.0,1.0,16.5,17.682254791375176,19.0,1.0,22570.603818214106,10000.0,25000.0,1.0,18.98629881330368,17.0,20.0,1.0,0.0,111.0,1.0,42.0
91.0,24.0,91.0,24.0,-721.0,911.0,12.0,-711.0,15.42786485413726,12.0,17.0,30000.0,18000.0,36000.0,1.0,25.379536399267813,20.0,25.0,0.0,18000.0,34552.54388113876,36000.0,1.0,25.947747713646624,20.0,26.0,1.0,721.0,14.058440612912614,12.0,17.0,1.0,25470.81010080097,18000.0,36000.0,1.0,20.0,22.208233589591842,25.0,1.0,29966.063048512828,18000.0,36000.0,1.0,22.76929431796107,20.0,26.0,1.0,0.0,91121.0,7.0,32.0
11.0,22.0,11.0,21.0,-121.0,21.0,13.0,-111.0,9.990988416663166,9.0,11.0,30000.0,10000.0,19000.0,0.0,26.068490822817864,16.5,19.0,0.0,10000.0,36508.27888847111,25000.0,0.0,27.368026634830287,17.0,20.0,0.0,121.0,9.996201571859142,9.0,11.0,1.0,13921.461365644198,10000.0,19000.0,1.0,16.5,17.269665763944392,19.0,1.0,20502.834898310284,10000.0,25000.0,1.0,18.583796695407816,17.0,20.0,1.0,0.0,211.0,1.0,20.0
11.0,22.0,11.0,22.0,-121.0,21.0,13.0,-111.0,9.986662381130111,9.0,11.0,30000.0,10000.0,19000.0,0.0,26.21120514185104,16.5,19.0,0.0,10000.0,36647.40946164292,25000.0,0.0,27.5398771599705,17.0,20.0,0.0,121.0,9.991678440019156,9.0,11.0,1.0,14775.991465405325,10000.0,19000.0,1.0,16.5,17.479051492069267,19.0,1.0,21386.625076604418,10000.0,25000.0,1.0,18.80037282061421,17.0,20.0,1.0,0.0,211.0,1.0,47.0
81.0,23.0,81.0,23.0,-721.0,912.0,11.0,-711.0,15.01543890394774,12.0,17.0,30000.0,12500.0,23000.0,0.0,25.7206242141527,20.0,24.0,0.0,12500.0,33824.83107099462,26000.0,0.0,26.1879660495105,20.0,25.0,0.0,722.0,15.361686825494566,12.0,17.0,1.0,16101.277507659372,12500.0,23000.0,1.0,20.0,21.91060575122995,24.0,1.0,20075.141000363452,12500.0,26000.0,1.0,22.396157302048834,20.0,25.0,1.0,0.0,912.0,7.0,17.0
11.0,21.0,11.0,22.0,-121.0,11.0,12.0,-111.0,10.199068922943663,9.0,11.0,30000.0,10000.0,19000.0,0.0,24.522603576937605,16.5,19.0,0.0,10000.0,37020.06555102585,25000.0,0.0,25.84621326185445,17.0,20.0,0.0,122.0,10.198013400460288,9.0,11.0,1.0,13377.121363623757,10000.0,19000.0,1.0,16.5,17.27917239934239,19.0,1.0,20351.085580617415,10000.0,25000.0,1.0,18.594089833201313,17.0,20.0,1.0,0.0,111.0,1.0,7.0
11.0,22.0,11.0,22.0,-121.0,11.0,11.0,-111.0,10.184985174136806,9.0,11.0,30000.0,10000.0,19000.0,0.0,24.01755542816798,16.5,19.0,0.0,10000.0,36956.716806204255,25000.0,0.0,25.32558166568909,17.0,20.0,0.0,122.0,10.186343213949518,9.0,11.0,1.0,14213.861499199205,10000.0,19000.0,1.0,16.5,17.42260266695,19.0,1.0,21088.045443267147,10000.0,25000.0,1.0,18.715110786925237,17.0,20.0,1.0,0.0,111.0,1.0,38.0
11.0,22.0,11.0,22.0,-121.0,11.0,12.0,-111.0,10.00363686764119,9.0,11.0,30000.0,10000.0,19000.0,0.0,24.13706060613857,16.5,19.0,0.0,10000.0,36505.67988430942,25000.0,0.0,25.435518284301782,17.0,20.0,0.0,121.0,9.984007903696705,9.0,11.0,1.0,15495.559095410747,10000.0,19000.0,1.0,16.5,17.56651968290643,19.0,1.0,21992.35441345325,10000.0,25000.0,1.0,18.863204105469677,17.0,20.0,1.0,0.0,111.0,1.0,42.0
11.0,22.0,11.0,22.0,-121.0,21.0,13.0,-111.0,10.190705669145316,9.0,11.0,30000.0,10000.0,19000.0,0.0,28.273694930854663,16.5,19.0,0.0,10000.0,36909.47525689302,25000.0,0.0,29.576436348994857,17.0,20.0,0.0,122.0,10.203196442671869,9.0,11.0,1.0,13849.26804519948,10000.0,19000.0,1.0,16.5,17.285695835664395,19.0,1.0,20927.21163357024,10000.0,25000.0,1.0,18.62020097896477,17.0,20.0,1.0,0.0,211.0,1.0,36.0
81.0,23.0,81.0,21.0,-721.0,912.0,12.0,-711.0,14.638517352218724,12.0,17.0,30000.0,12500.0,23000.0,0.0,26.675203451786594,20.0,24.0,0.0,12500.0,34484.16380758383,26000.0,0.0,27.236597501722787,20.0,25.0,0.0,721.0,15.008251228561898,12.0,17.0,1.0,14247.23918163366,12500.0,23000.0,1.0,20.0,21.320277360167914,24.0,1.0,18740.946455954312,12500.0,26000.0,1.0,21.882866202638837,20.0,25.0,1.0,0.0,912.0,7.0,11.0
11.0,22.0,11.0,21.0,-121.0,11.0,11.0,-111.0,9.998508174671134,9.0,11.0,30000.0,10000.0,19000.0,0.0,22.861997972806165,16.5,19.0,0.0,10000.0,36490.08122083465,25000.0,0.0,24.159572499050935,17.0,20.0,0.0,121.0,10.002666974031806,9.0,11.0,1.0,15803.655201870644,10000.0,19000.0,1.0,16.5,17.647326165396905,19.0,1.0,22312.97801943307,10000.0,25000.0,1.0,18.94874770139528,17.0,20.0,1.0,0.0,111.0,1.0,26.0
91.0,24.0,91.0,21.0,-721.0,911.0,12.0,-711.0,15.339169344331376,12.0,17.0,30000.0,18000.0,36000.0,1.0,24.621645595508276,20.0,25.0,1.0,18000.0,33846.30256211948,36000.0,1.0,25.09074816095007,20.0,26.0,1.0,722.0,15.252967476941832,12.0,17.0,1.0,24418.206456143515,18000.0,36000.0,1.0,20.0,23.22312796083463,25.0,1.0,28387.954937031795,18000.0,36000.0,1.0,23.707286231399078,20.0,26.0,1.0,1.0,91121.0,7.0,29.0
11.0,21.0,11.0,22.0,-121.0,11.0,12.0,-111.0,10.218788058075026,9.0,11.0,30000.0,10000.0,19000.0,0.0,24.92983548162283,16.5,19.0,0.0,10000.0,36685.95976415172,25000.0,0.0,26.19379817677142,17.0,20.0,0.0,122.0,10.218968361004745,9.0,11.0,1.0,14435.016065415366,10000.0,19000.0,1.0,16.5,17.516913845918715,19.0,1.0,21318.399524827833,10000.0,25000.0,1.0,18.81819895920178,17.0,20.0,1.0,0.0,111.0,1.0,7.0
11.0,22.0,11.0,21.0,-121.0,11.0,11.0,-111.0,10.1997192787731,9.0,11.0,30000.0,10000.0,19000.0,0.0,24.564553897505355,16.5,19.0,0.0,10000.0,36864.598494942824,25000.0,0.0,25.86125221949491,17.0,20.0,0.0,122.0,10.205618394681604,9.0,11.0,1.0,14404.407125724865,10000.0,19000.0,1.0,16.5,17.42405818534341,19.0,1.0,21493.88253527644,10000.0,25000.0,1.0,18.763234959356367,17.0,20.0,1.0,0.0,111.0,1.0,54.0
11.0,21.0,11.0,22.0,-121.0,11.0,11.0,-111.0,9.996012076248048,9.0,11.0,30000.0,10000.0,19000.0,0.0,24.99110087327509,16.5,19.0,0.0,10000.0,36453.45931340755,25000.0,0.0,26.280935714324457,17.0,20.0,0.0,121.0,9.994910647683271,9.0,11.0,1.0,14341.9097910705,10000.0,19000.0,1.0,16.5,17.413440495072887,19.0,1.0,20874.806301632652,10000.0,25000.0,1.0,18.719152226265876,17.0,20.0,1.0,0.0,111.0,1.0,35.0
11.0,22.0,11.0,21.0,-121.0,11.0,11.0,-111.0,9.992011183483001,9.0,11.0,30000.0,10000.0,19000.0,0.0,24.78084835103654,16.5,19.0,0.0,10000.0,36497.24864503076,25000.0,0.0,26.07964551470215,17.0,20.0,0.0,121.0,10.000519196859663,9.0,11.0,1.0,13729.464589898618,10000.0,19000.0,1.0,16.5,17.233462814111398,19.0,1.0,20217.236394580847,10000.0,25000.0,1.0,18.530365561534435,17.0,20.0,1.0,0.0,111.0,1.0,0.0
81.0,21.0,81.0,21.0,-721.0,912.0,12.0,-711.0,14.86680488338908,12.0,17.0,30000.0,12500.0,23000.0,0.0,26.676334144165608,20.0,24.0,0.0,12500.0,34466.92502539828,26000.0,0.0,27.234521534078,20.0,25.0,0.0,721.0,13.488968916523286,12.0,17.0,1.0,14969.395669256628,12500.0,23000.0,1.0,20.0,19.87009934075646,24.0,0.0,19413.252571536425,12500.0,26000.0,1.0,20.42540413573823,20.0,25.0,1.0,0.0,912.0,7.0,6.0
91.0,24.0,91.0,21.0,-721.0,911.0,11.0,-711.0,15.473523745668171,12.0,17.0,30000.0,18000.0,36000.0,1.0,24.00006863892049,20.0,25.0,1.0,18000.0,34478.897544734675,36000.0,1.0,24.559924744643748,20.0,26.0,1.0,721.0,15.129565619141111,12.0,17.0,1.0,25858.211821068006,18000.0,36000.0,1.0,20.0,23.302064058794407,25.0,1.0,30361.922919421402,18000.0,36000.0,1.0,23.865021824995356,20.0,26.0,1.0,1.0,91121.0,7.0,3.0
11.0,21.0,11.0,22.0,-121.0,21.0,13.0,-111.0,10.014711793888958,9.0,11.0,30000.0,10000.0,19000.0,0.0,26.63850843803558,16.5,19.0,0.0,10000.0,36491.43895708253,25000.0,0.0,27.941040957579563,17.0,20.0,0.0,121.0,9.993487415314842,9.0,11.0,1.0,14666.159603908029,10000.0,19000.0,1.0,16.5,17.487978621636195,19.0,1.0,21150.453912792535,10000.0,25000.0,1.0,18.78907753968132,17.0,20.0,1.0,0.0,211.0,1.0,9.0
11.0,22.0,11.0,22.0,-121.0,21.0,13.0,-111.0,9.9945871523648,9.0,11.0,30000.0,10000.0,19000.0,0.0,26.148626150991078,16.5,19.0,0.0,10000.0,36538.74358667945,25000.0,0.0,27.455610296594436,17.0,20.0,0.0,121.0,9.997174309841675,9.0,11.0,1.0,12976.425378359329,10000.0,19000.0,1.0,16.5,17.114310426997072,19.0,1.0,19421.040808093225,10000.0,25000.0,1.0,18.402479947565535,17.0,20.0,1.0,0.0,211.0,1.0,47.0
11.0,21.0,11.0,21.0,-121.0,11.0,11.0,-111.0,9.991326653144855,9.0,11.0,30000.0,10000.0,19000.0,0.0,28.542244662332045,16.5,19.0,0.0,10000.0,36514.42838806896,25000.0,0.0,29.84520112938578,17.0,20.0,0.0,121.0,9.991002239636355,9.0,11.0,1.0,13866.253930219451,10000.0,19000.0,1.0,16.5,17.219784995966116,19.0,1.0,20277.76421340792,10000.0,25000.0,1.0,18.502156723677786,17.0,20.0,1.0,0.0,111.0,1.0,18.0
91.0,24.0,91.0,24.0,-721.0,911.0,12.0,-711.0,15.167270032148648,12.0,17.0,30000.0,18000.0,36000.0,1.0,24.790912495454346,20.0,25.0,1.0,18000.0,34486.86361336161,36000.0,1.0,25.34933063168971,20.0,26.0,1.0,721.0,15.401240601713884,12.0,17.0,1.0,26315.254280690442,18000.0,36000.0,1.0,20.0,23.726882996796746,25.0,1.0,30812.040878552223,18000.0,36000.0,1.0,24.286536110287486,20.0,26.0,1.0,1.0,91121.0,7.0,24.0
11.0,21.0,11.0,22.0,-121.0,11.0,11.0,-111.0,10.00086274558186,9.0,11.0,30000.0,10000.0,19000.0,0.0,24.78792459358068,16.5,19.0,0.0,10000.0,36467.80188420242,25000.0,0.0,26.080397988865773,17.0,20.0,0.0,121.0,9.994770708519626,9.0,11.0,1.0,15607.599931203664,10000.0,19000.0,1.0,16.5,17.635802146199048,19.0,1.0,22148.77484817915,10000.0,25000.0,1.0,18.942937816935434,17.0,20.0,1.0,0.0,111.0,1.0,35.0
91.0,24.0,91.0,24.0,-721.0,911.0,12.0,-711.0,14.604862601350991,12.0,17.0,30000.0,18000.0,36000.0,1.0,24.456512399471507,20.0,25.0,1.0,18000.0,34517.825510495706,36000.0,1.0,25.02154262143336,20.0,26.0,1.0,721.0,15.12910283768943,12.0,17.0,1.0,26717.143552870522,18000.0,36000.0,1.0,20.0,23.428349466706173,25.0,1.0,31225.79296896541,18000.0,36000.0,1.0,23.99223206341247,20.0,26.0,1.0,1.0,91121.0,7.0,23.0
11.0,21.0,11.0,22.0,-121.0,21.0,13.0,-111.0,9.986341818662034,9.0,11.0,30000.0,10000.0,19000.0,0.0,25.800963436007063,16.5,19.0,0.0,10000.0,36433.781998756764,25000.0,0.0,27.089709193081973,17.0,20.0,0.0,121.0,9.987622742621943,9.0,11.0,1.0,12963.410006804137,10000.0,19000.0,1.0,16.5,17.12386312347784,19.0,1.0,19536.52445666659,10000.0,25000.0,1.0,18.440518453059248,17.0,20.0,1.0,0.0,211.0,1.0,32.0
91.0,24.0,91.0,24.0,-721.0,911.0,12.0,-711.0,15.348793009700003,12.0,17.0,30000.0,18000.0,36000.0,1.0,24.70994176031307,20.0,25.0,1.0,18000.0,34553.347244986886,36000.0,1.0,25.278860790749455,20.0,26.0,1.0,721.0,14.89581196844297,12.0,17.0,1.0,28470.725581077168,18000.0,36000.0,1.0,20.0,23.534240564276836,25.0,1.0,32941.12734707052,18000.0,36000.0,1.0,24.09279595255084,20.0,26.0,1.0,1.0,91121.0,7.0,23.0
11.0,21.0,11.0,22.0,-121.0,11.0,12.0,-111.0,9.992783894440826,9.0,11.0,30000.0,10000.0,19000.0,0.0,25.466535954703915,16.5,19.0,0.0,10000.0,36577.89382044167,25000.0,0.0,26.782280827641817,17.0,20.0,0.0,121.0,9.988428346233501,9.0,11.0,1.0,13860.46723916362,10000.0,19000.0,1.0,16.5,17.277229196962722,19.0,1.0,20261.056396067434,10000.0,25000.0,1.0,18.557508659791242,17.0,20.0,1.0,0.0,111.0,1.0,51.0
11.0,22.0,11.0,21.0,-121.0,21.0,12.0,-111.0,9.993157834945642,9.0,11.0,30000.0,10000.0,19000.0,0.0,23.662151432840183,16.5,19.0,0.0,10000.0,36505.03270586506,25000.0,0.0,24.963578396265188,17.0,20.0,0.0,121.0,9.988345084058698,9.0,11.0,1.0,13182.777644718448,10000.0,19000.0,1.0,16.5,17.110899659190125,19.0,1.0,19656.375333380773,10000.0,25000.0,1.0,18.406037587519815,17.0,20.0,1.0,0.0,211.0,1.0,53.0
11.0,22.0,11.0,21.0,-121.0,11.0,11.0,-111.0,10.196041911456403,9.0,11.0,30000.0,10000.0,19000.0,0.0,22.98852038573505,16.5,19.0,0.0,10000.0,37069.26337013323,25000.0,0.0,24.32139173199443,17.0,20.0,0.0,122.0,10.189621591351843,9.0,11.0,1.0,16967.260290019534,10000.0,19000.0,1.0,16.5,17.844021151196145,19.0,1.0,23951.855637837965,10000.0,25000.0,1.0,19.16092880011124,17.0,20.0,1.0,0.0,111.0,1.0,12.0
11.0,22.0,11.0,22.0,-121.0,21.0,12.0,-111.0,9.997520841329724,9.0,11.0,30000.0,10000.0,19000.0,0.0,24.096529509937724,16.5,19.0,0.0,10000.0,36530.64482463439,25000.0,0.0,25.40241854999078,17.0,20.0,0.0,121.0,9.987047301961065,9.0,11.0,1.0,16393.025227403145,10000.0,19000.0,1.0,16.5,17.79529042674657,19.0,1.0,22844.081069876927,10000.0,25000.0,1.0,19.085264594332443,17.0,20.0,1.0,0.0,211.0,1.0,48.0
11.0,22.0,11.0,22.0,-121.0,21.0,13.0,-111.0,9.996186475531076,9.0,11.0,30000.0,10000.0,19000.0,0.0,26.136268440666278,16.5,19.0,0.0,10000.0,36533.53890733374,25000.0,0.0,27.440955400480675,17.0,20.0,0.0,121.0,10.01029681382227,9.0,11.0,1.0,16281.622689752436,10000.0,19000.0,1.0,16.5,17.797854011485104,19.0,1.0,22770.812063836802,10000.0,25000.0,1.0,19.093684781947147,17.0,20.0,1.0,0.0,211.0,1.0,28.0
11.0,22.0,11.0,22.0,-121.0,21.0,13.0,-111.0,10.213906977402484,9.0,11.0,30000.0,10000.0,19000.0,0.0,24.663316029926925,16.5,19.0,0.0,10000.0,36970.72760930585,25000.0,0.0,25.984194003846866,17.0,20.0,0.0,122.0,10.216858574892347,9.0,11.0,1.0,15086.492475450925,10000.0,19000.0,1.0,16.5,17.62155030133701,19.0,1.0,21998.156170895487,10000.0,25000.0,1.0,18.931236298286176,17.0,20.0,1.0,0.0,211.0,1.0,5.0
91.0,24.0,91.0,21.0,-721.0,911.0,12.0,-711.0,15.09709852708827,12.0,17.0,30000.0,18000.0,36000.0,1.0,24.822596757624886,20.0,25.0,1.0,18000.0,34497.77443770284,36000.0,1.0,25.383898625151872,20.0,26.0,1.0,721.0,14.831940005361242,12.0,17.0,1.0,28245.566067868036,18000.0,36000.0,1.0,20.0,23.234464419248322,25.0,1.0,32738.71823648006,18000.0,36000.0,1.0,23.795189448539237,20.0,26.0,1.0,1.0,91121.0,7.0,14.0
11.0,21.0,11.0,22.0,-121.0,21.0,13.0,-111.0,10.187078298397436,9.0,11.0,30000.0,10000.0,19000.0,0.0,28.971343552130243,16.5,19.0,0.0,10000.0,37089.501453278775,25000.0,0.0,30.31605248845656,17.0,20.0,0.0,122.0,10.186978719508376,9.0,11.0,1.0,13329.236710051433,10000.0,19000.0,1.0,16.5,17.23751045372314,19.0,1.0,20391.16016056567,10000.0,25000.0,1.0,18.57698850223486,17.0,20.0,1.0,0.0,211.0,1.0,32.0
92.0,24.0,92.0,24.0,-721.0,921.0,13.0,-711.0,15.133344763418535,12.0,17.0,30000.0,15000.0,28000.0,0.0,24.57900349891149,19.5,25.0,1.0,15000.0,34063.030713945016,28000.0,0.0,25.07396287213688,20.0,26.0,1.0,722.0,15.158784852249534,12.0,17.0,1.0,21283.022976328244,15000.0,28000.0,1.0,19.5,21.700527444964855,25.0,1.0,25130.91705477515,15000.0,28000.0,1.0,22.16927882180506,20.0,26.0,1.0,0.0,92122.0,7.0,25.0
81.0,21.0,81.0,23.0,-721.0,912.0,12.0,-711.0,15.2281884454092,12.0,17.0,30000.0,12500.0,23000.0,0.0,27.225321802268432,20.0,24.0,0.0,12500.0,33991.79700550293,26000.0,0.0,27.711705390988367,20.0,25.0,0.0,722.0,15.111107556622434,12.0,17.0,1.0,17654.39565986657,12500.0,23000.0,1.0,20.0,21.8595734057918,24.0,1.0,21662.765393995294,12500.0,26000.0,1.0,22.347976311429097,20.0,25.0,1.0,0.0,912.0,7.0,7.0
11.0,22.0,11.0,21.0,-121.0,21.0,12.0,-111.0,10.182857494444505,9.0,11.0,30000.0,10000.0,19000.0,0.0,24.88960816057147,16.5,19.0,0.0,10000.0,36982.81592611833,25000.0,0.0,26.20941974055741,17.0,20.0,0.0,122.0,10.185270146956858,9.0,11.0,1.0,15072.515362449849,10000.0,19000.0,1.0,16.5,17.56123777996587,19.0,1.0,22059.345427213026,10000.0,25000.0,1.0,18.881808066285075,17.0,20.0,1.0,0.0,211.0,1.0,53.0
91.0,24.0,91.0,21.0,-721.0,911.0,11.0,-711.0,14.184919035279298,12.0,17.0,30000.0,18000.0,36000.0,1.0,23.863997466088122,20.0,25.0,1.0,18000.0,34541.81475583857,36000.0,1.0,24.430095222550833,20.0,26.0,1.0,721.0,14.710245209979666,12.0,17.0,1.0,23923.70284685649,18000.0,36000.0,1.0,20.0,22.660176200512343,25.0,1.0,28430.451380290637,18000.0,36000.0,1.0,23.221903256958008,20.0,26.0,1.0,1.0,91121.0,7.0,3.0
91.0,24.0,91.0,24.0,-721.0,911.0,12.0,-711.0,15.161616267853324,12.0,17.0,30000.0,18000.0,36000.0,1.0,23.78807103822009,20.0,25.0,1.0,18000.0,34004.47389503092,36000.0,1.0,24.2768088549529,20.0,26.0,1.0,722.0,15.378720768080116,12.0,17.0,1.0,30676.787970552778,18000.0,36000.0,1.0,20.0,24.236487003144745,25.0,1.0,34667.298666392206,18000.0,36000.0,1.0,24.72352064008607,20.0,26.0,1.0,1.0,91121.0,7.0,27.0
11.0,21.0,11.0,22.0,-121.0,11.0,12.0,-111.0,10.186046392778936,9.0,11.0,30000.0,10000.0,19000.0,0.0,25.375311950510998,16.5,19.0,0.0,10000.0,37035.520226685105,25000.0,0.0,26.69641758778271,17.0,20.0,0.0,122.0,10.214796973427609,9.0,11.0,1.0,16333.55352706924,10000.0,19000.0,1.0,16.5,17.79678930086903,19.0,1.0,23461.97637032024,10000.0,25000.0,1.0,19.135339869930856,17.0,20.0,1.0,0.0,111.0,1.0,51.0
91.0,24.0,91.0,21.0,-721.0,911.0,11.0,-711.0,15.324011780654722,12.0,17.0,30000.0,18000.0,36000.0,1.0,24.667663462607848,20.0,25.0,1.0,18000.0,33903.9798121297,36000.0,1.0,25.143310670132465,20.0,26.0,1.0,722.0,15.28587315221836,12.0,17.0,1.0,22235.142519422865,18000.0,36000.0,1.0,20.0,22.911493106762027,25.0,1.0,26337.504001840993,18000.0,36000.0,1.0,23.41131044119242,20.0,26.0,1.0,1.0,91121.0,7.0,2.0
92.0,24.0,92.0,24.0,-721.0,921.0,13.0,-711.0,15.437446361936658,12.0,17.0,30000.0,15000.0,28000.0,0.0,24.67545705400805,19.5,25.0,1.0,15000.0,34010.00037886632,28000.0,0.0,25.163803747728473,20.0,26.0,1.0,722.0,15.332538960599724,12.0,17.0,1.0,22966.83396232397,15000.0,28000.0,1.0,19.5,22.182537440095285,25.0,1.0,26970.301693305137,15000.0,28000.0,1.0,22.670088573542753,20.0,26.0,1.0,0.0,92122.0,7.0,25.0
11.0,22.0,11.0,22.0,-121.0,21.0,12.0,-111.0,10.000616454735672,9.0,11.0,30000.0,10000.0,19000.0,0.0,25.30444724787013,16.5,19.0,0.0,10000.0,36542.44890725617,25000.0,0.0,26.604999214353438,17.0,20.0,0.0,121.0,10.019885011637106,9.0,11.0,1.0,16622.67451763209,10000.0,19000.0,1.0,16.5,17.84992920844796,19.0,1.0,23073.343344362045,10000.0,25000.0,1.0,19.132236513657723,17.0,20.0,1.0,0.0,211.0,1.0,48.0
91.0,24.0,91.0,21.0,-721.0,911.0,11.0,-711.0,15.282422753850774,12.0,17.0,30000.0,18000.0,36000.0,1.0,24.718932188746344,20.0,25.0,1.0,18000.0,33983.71982812637,36000.0,1.0,25.208383230268613,20.0,26.0,1.0,722.0,15.180208585441097,12.0,17.0,1.0,25893.916574806884,18000.0,36000.0,1.0,20.0,23.376003807285887,25.0,1.0,29899.45055753485,18000.0,36000.0,1.0,23.8681349973001,20.0,26.0,1.0,1.0,91121.0,7.0,15.0
91.0,24.0,91.0,21.0,-721.0,911.0,11.0,-711.0,15.22033264578964,12.0,17.0,30000.0,18000.0,36000.0,1.0,24.289601857442392,20.0,25.0,1.0,18000.0,34025.98917053434,36000.0,1.0,24.77851910613694,20.0,26.0,1.0,722.0,15.241963950132059,12.0,17.0,1.0,24830.994143149033,18000.0,36000.0,1.0,20.0,23.13653182742664,25.0,1.0,28835.364352866003,18000.0,36000.0,1.0,23.62282366348476,20.0,26.0,1.0,1.0,91121.0,7.0,3.0
91.0,24.0,91.0,21.0,-721.0,911.0,11.0,-711.0,15.350098261672777,12.0,17.0,30000.0,18000.0,36000.0,1.0,24.841024800896975,20.0,25.0,1.0,18000.0,34530.860645059125,36000.0,1.0,25.408069568122468,20.0,26.0,1.0,721.0,14.998700223979386,12.0,17.0,1.0,22782.71984038176,18000.0,36000.0,1.0,20.0,22.799578152403473,25.0,1.0,27356.905289816423,18000.0,36000.0,1.0,23.372045091162537,20.0,26.0,1.0,1.0,91121.0,7.0,15.0
11.0,22.0,11.0,22.0,-121.0,11.0,11.0,-111.0,9.988573230436742,9.0,11.0,30000.0,10000.0,19000.0,0.0,25.024081648353793,16.5,19.0,0.0,10000.0,36486.3643369652,25000.0,0.0,26.320098392365615,17.0,20.0,0.0,121.0,9.98293361293025,9.0,11.0,1.0,13014.010736016173,10000.0,19000.0,1.0,16.5,17.081339525470405,19.0,1.0,19518.57658818862,10000.0,25000.0,1.0,18.380993047691025,17.0,20.0,1.0,0.0,111.0,1.0,27.0
11.0,22.0,11.0,22.0,-121.0,21.0,12.0,-111.0,9.9958983346081,9.0,11.0,30000.0,10000.0,19000.0,0.0,24.37210405109345,16.5,19.0,0.0,10000.0,36449.99845672711,25000.0,0.0,25.663206098768296,17.0,20.0,0.0,121.0,9.995159292784733,9.0,11.0,1.0,17241.59526469675,10000.0,19000.0,1.0,16.5,17.95554624179385,19.0,1.0,23703.68759462298,10000.0,25000.0,1.0,19.249069131048188,17.0,20.0,1.0,0.0,211.0,1.0,25.0
11.0,21.0,11.0,21.0,-121.0,21.0,12.0,-111.0,10.21212231123234,9.0,11.0,30000.0,10000.0,19000.0,0.0,26.337817025181025,16.5,19.0,0.0,10000.0,36951.49844053662,25000.0,0.0,27.649503724707404,17.0,20.0,0.0,122.0,10.198901187898096,9.0,11.0,1.0,14297.58142291871,10000.0,19000.0,1.0,16.5,17.385174029164325,19.0,1.0,21267.11219912424,10000.0,25000.0,1.0,18.700263272050332,17.0,20.0,1.0,0.0,211.0,1.0,6.0
11.0,22.0,11.0,22.0,-121.0,21.0,13.0,-111.0,10.001142581031454,9.0,11.0,30000.0,10000.0,19000.0,0.0,27.283379809957076,16.5,19.0,0.0,10000.0,36506.66856411322,25000.0,0.0,28.58688004472339,17.0,20.0,0.0,121.0,9.984750708089857,9.0,11.0,1.0,14288.2827333092,10000.0,19000.0,1.0,16.5,17.398346793973246,19.0,1.0,20777.472895355815,10000.0,25000.0,1.0,18.698345528552075,17.0,20.0,1.0,0.0,211.0,1.0,41.0
11.0,22.0,11.0,22.0,-121.0,21.0,13.0,-111.0,10.000551791141314,9.0,11.0,30000.0,10000.0,19000.0,0.0,25.97810500293456,16.5,19.0,0.0,10000.0,36526.84298879192,25000.0,0.0,27.289113670359743,17.0,20.0,0.0,121.0,10.010105574336032,9.0,11.0,1.0,15558.305059209737,10000.0,19000.0,1.0,16.5,17.670052978563845,19.0,1.0,22015.548332239545,10000.0,25000.0,1.0,18.967081559326743,17.0,20.0,1.0,0.0,211.0,1.0,22.0
91.0,24.0,91.0,21.0,-721.0,911.0,12.0,-711.0,15.01938078152141,12.0,17.0,30000.0,18000.0,36000.0,1.0,24.177007168764693,20.0,25.0,1.0,18000.0,33872.559131738926,36000.0,1.0,24.653052579227946,20.0,26.0,1.0,722.0,15.244800445432427,12.0,17.0,1.0,23387.102293957196,18000.0,36000.0,1.0,20.0,23.08077172715874,25.0,1.0,27407.314575493347,18000.0,36000.0,1.0,23.57496782348895,20.0,26.0,1.0,1.0,91121.0,7.0,14.0
91.0,24.0,91.0,24.0,-721.0,911.0,12.0,-711.0,14.38046570425383,12.0,17.0,30000.0,18000.0,36000.0,1.0,24.133907919231284,20.0,25.0,1.0,18000.0,34488.44816253498,36000.0,1.0,24.697110580799,20.0,26.0,1.0,721.0,15.224809868990924,12.0,17.0,1.0,28832.93678425563,18000.0,36000.0,1.0,20.0,23.843874566427132,25.0,1.0,33322.306618966635,18000.0,36000.0,1.0,24.40719287781497,20.0,26.0,1.0,1.0,91121.0,7.0,13.0
11.0,22.0,11.0,22.0,-121.0,21.0,13.0,-111.0,10.00799547209736,9.0,11.0,30000.0,10000.0,19000.0,0.0,26.868572446036598,16.5,19.0,0.0,10000.0,36474.315588219295,25000.0,0.0,28.165348707662204,17.0,20.0,0.0,121.0,10.018533556495688,9.0,11.0,1.0,17762.29282068702,10000.0,19000.0,1.0,16.5,18.102591354309144,19.0,1.0,24303.365636491493,10000.0,25000.0,1.0,19.41273878804473,17.0,20.0,1.0,0.0,211.0,1.0,41.0
91.0,24.0,91.0,24.0,-721.0,911.0,12.0,-711.0,14.503148727999589,12.0,17.0,30000.0,18000.0,36000.0,1.0,24.45325171670392,20.0,25.0,1.0,18000.0,34501.92528281241,36000.0,1.0,25.015876599480308,20.0,26.0,1.0,721.0,14.427700626542443,12.0,17.0,1.0,28565.264356481064,18000.0,36000.0,1.0,20.0,23.132646026687908,25.0,1.0,33110.811845805685,18000.0,36000.0,1.0,23.700722563430897,20.0,26.0,1.0,1.0,91121.0,7.0,27.0
11.0,22.0,11.0,22.0,-121.0,21.0,13.0,-111.0,10.201926282569135,9.0,11.0,30000.0,10000.0,19000.0,0.0,25.402976956521282,16.5,19.0,0.0,10000.0,36970.73001674,25000.0,0.0,26.714853548249884,17.0,20.0,0.0,122.0,10.19244669262946,9.0,11.0,1.0,13323.10869639342,10000.0,19000.0,1.0,16.5,17.236514288597796,19.0,1.0,20211.884664310688,10000.0,25000.0,1.0,18.532967302309498,17.0,20.0,1.0,0.0,211.0,1.0,16.0
91.0,24.0,91.0,21.0,-721.0,911.0,12.0,-711.0,14.003510015705418,12.0,17.0,30000.0,18000.0,36000.0,1.0,23.727737618684884,20.0,25.0,1.0,18000.0,34511.864499547155,36000.0,1.0,24.292166244946944,20.0,26.0,1.0,721.0,15.875169964250453,12.0,17.0,1.0,23084.31069255721,18000.0,36000.0,1.0,20.0,23.79075604931371,25.0,1.0,27633.105465455807,18000.0,36000.0,1.0,24.35980460674997,20.0,26.0,1.0,1.0,91121.0,7.0,29.0
11.0,22.0,11.0,22.0,-121.0,21.0,13.0,-111.0,10.19162508456744,9.0,11.0,30000.0,10000.0,19000.0,0.0,27.44177569975382,16.5,19.0,0.0,10000.0,36914.902264232885,25000.0,0.0,28.747028146782814,17.0,20.0,0.0,122.0,10.198802870945224,9.0,11.0,1.0,12896.93222963492,10000.0,19000.0,1.0,16.5,17.158088838259758,19.0,1.0,20022.166446455314,10000.0,25000.0,1.0,18.503043407648928,17.0,20.0,1.0,0.0,211.0,1.0,5.0
11.0,22.0,11.0,21.0,-121.0,21.0,13.0,-111.0,10.217491124469264,9.0,11.0,30000.0,10000.0,19000.0,0.0,25.089006036546785,16.5,19.0,0.0,10000.0,37141.07344101725,25000.0,0.0,26.434555180865836,17.0,20.0,0.0,122.0,10.202325945486272,9.0,11.0,1.0,11970.030251866707,10000.0,19000.0,1.0,16.5,16.918811577288192,19.0,1.0,18920.31106562301,10000.0,25000.0,1.0,18.228410824372073,17.0,20.0,1.0,0.0,211.0,1.0,33.0
91.0,21.0,91.0,24.0,-721.0,911.0,12.0,-711.0,15.192271495571088,12.0,17.0,30000.0,18000.0,36000.0,1.0,24.36111977341278,20.0,25.0,1.0,18000.0,33954.35674552145,36000.0,1.0,24.843010318105637,20.0,26.0,1.0,722.0,15.207183219652721,12.0,17.0,1.0,28471.15807160708,18000.0,36000.0,1.0,20.0,23.741256648885017,25.0,1.0,32413.13975741864,18000.0,36000.0,1.0,24.22163912927109,20.0,26.0,1.0,1.0,91121.0,7.0,19.0
11.0,21.0,11.0,22.0,-121.0,21.0,13.0,-111.0,10.20819698430241,9.0,11.0,30000.0,10000.0,19000.0,0.0,25.975083964733965,16.5,19.0,0.0,10000.0,36795.92075635143,25000.0,0.0,27.25336037740925,17.0,20.0,0.0,122.0,10.176393274153288,9.0,11.0,1.0,15018.616473505717,10000.0,19000.0,1.0,16.5,17.539369484526006,19.0,1.0,22119.256081611158,10000.0,25000.0,1.0,18.874961886404172,17.0,20.0,1.0,0.0,211.0,1.0,9.0
11.0,21.0,11.0,21.0,-121.0,21.0,13.0,-111.0,10.187701193291751,9.0,11.0,30000.0,10000.0,19000.0,0.0,27.593546691971856,16.5,19.0,0.0,10000.0,36892.92133298653,25000.0,0.0,28.894378154745645,17.0,20.0,0.0,122.0,10.215776556759153,9.0,11.0,1.0,11673.076978639949,10000.0,19000.0,1.0,16.5,16.92072339371488,19.0,1.0,18602.320476024935,10000.0,25000.0,1.0,18.228409571922523,17.0,20.0,1.0,0.0,211.0,1.0,34.0
91.0,21.0,91.0,24.0,-721.0,911.0,11.0,-711.0,14.64894207081579,12.0,17.0,30000.0,18000.0,36000.0,1.0,24.43275168661455,20.0,25.0,1.0,18000.0,34554.96327426828,36000.0,1.0,25.001618352876605,20.0,26.0,1.0,721.0,16.170283048604553,12.0,17.0,1.0,24419.70790484854,18000.0,36000.0,1.0,20.0,24.25715570311558,25.0,1.0,28963.83033529535,18000.0,36000.0,1.0,24.824668462811793,20.0,26.0,1.0,1.0,91121.0,7.0,18.0
11.0,22.0,11.0,22.0,-121.0,11.0,12.0,-111.0,10.207274279687926,9.0,11.0,30000.0,10000.0,19000.0,0.0,24.08554046874771,16.5,19.0,0.0,10000.0,37036.28681097954,25000.0,0.0,25.41581871166152,17.0,20.0,0.0,122.0,10.225007907769955,9.0,11.0,1.0,14512.883329496273,10000.0,19000.0,1.0,16.5,17.51620761853865,19.0,1.0,21535.41662156926,10000.0,25000.0,1.0,18.84388562535402,17.0,20.0,1.0,0.0,111.0,1.0,42.0
91.0,24.0,91.0,24.0,-721.0,911.0,11.0,-711.0,14.968346401643725,12.0,17.0,30000.0,18000.0,36000.0,1.0,25.15911044907925,20.0,25.0,0.0,18000.0,34439.27055955293,36000.0,1.0,25.71199470635229,20.0,26.0,1.0,721.0,15.610908283228675,12.0,17.0,1.0,27250.806079073984,18000.0,36000.0,1.0,20.0,24.067768224685654,25.0,1.0,31720.953278420307,18000.0,36000.0,1.0,24.62449798040945,20.0,26.0,1.0,0.0,91121.0,7.0,4.0
11.0,21.0,11.0,21.0,-121.0,11.0,11.0,-111.0,9.980024256471586,9.0,11.0,30000.0,10000.0,19000.0,0.0,25.21355384609219,16.5,19.0,0.0,10000.0,36481.44071623489,25000.0,0.0,26.515249634951008,17.0,20.0,0.0,121.0,10.005077634713581,9.0,11.0,1.0,16458.664595928767,10000.0,19000.0,1.0,16.5,17.786950241884465,19.0,1.0,22996.80508658475,10000.0,25000.0,1.0,19.100033291820644,17.0,20.0,1.0,0.0,111.0,1.0,56.0
11.0,21.0,11.0,21.0,-121.0,11.0,11.0,-111.0,10.001510064485593,9.0,11.0,30000.0,10000.0,19000.0,0.0,25.75929033303982,16.5,19.0,0.0,10000.0,36440.737141727746,25000.0,0.0,27.05824877747417,17.0,20.0,0.0,121.0,10.00104982713786,9.0,11.0,1.0,13626.799805542909,10000.0,19000.0,1.0,16.5,17.205521266135243,19.0,1.0,20107.325567394815,10000.0,25000.0,1.0,18.5125042212685,17.0,20.0,1.0,0.0,111.0,1.0,56.0
11.0,22.0,11.0,22.0,-121.0,11.0,12.0,-111.0,10.189405977492246,9.0,11.0,30000.0,10000.0,19000.0,0.0,25.232612494281824,16.5,19.0,0.0,10000.0,37085.57484972318,25000.0,0.0,26.56323737818702,17.0,20.0,0.0,122.0,10.16692805987088,9.0,11.0,1.0,15819.149927993782,10000.0,19000.0,1.0,16.5,17.684691133838832,19.0,1.0,22954.858013716497,10000.0,25000.0,1.0,19.024730713480995,17.0,20.0,1.0,0.0,111.0,1.0,49.0
91.0,24.0,91.0,24.0,-721.0,911.0,12.0,-711.0,15.305484822255192,12.0,17.0,30000.0,18000.0,36000.0,1.0,25.242295337707482,20.0,25.0,0.0,18000.0,33933.95927054926,36000.0,1.0,25.720658848678813,20.0,26.0,1.0,722.0,15.366493338834028,12.0,17.0,1.0,23780.41102553683,18000.0,36000.0,1.0,20.0,23.24132465929149,25.0,1.0,27775.854568248356,18000.0,36000.0,1.0,23.727164564978253,20.0,26.0,1.0,0.0,91121.0,7.0,1.0
91.0,24.0,91.0,24.0,-721.0,911.0,11.0,-711.0,15.109026323934016,12.0,17.0,30000.0,18000.0,36000.0,1.0,24.735748276074585,20.0,25.0,1.0,18000.0,34494.57758038358,36000.0,1.0,25.29573585651174,20.0,26.0,1.0,721.0,14.565535478663216,12.0,17.0,1.0,21691.488990486683,18000.0,36000.0,1.0,20.0,22.27877255194622,25.0,1.0,26194.269733280456,18000.0,36000.0,1.0,22.839782179280522,20.0,26.0,1.0,1.0,91121.0,7.0,0.0
11.0,22.0,11.0,22.0,-121.0,21.0,13.0,-111.0,10.189945155873358,9.0,11.0,30000.0,10000.0,19000.0,0.0,24.899151905148273,16.5,19.0,0.0,10000.0,37042.37087990012,25000.0,0.0,26.22676771967909,17.0,20.0,0.0,122.0,10.199805166614885,9.0,11.0,1.0,14275.26290751097,10000.0,19000.0,1.0,16.5,17.424693153222346,19.0,1.0,21187.59621287667,10000.0,25000.0,1.0,18.72779450474357,17.0,20.0,1.0,0.0,211.0,1.0,16.0
11.0,22.0,11.0,22.0,-121.0,21.0,13.0,-111.0,10.013951702002139,9.0,11.0,30000.0,10000.0,19000.0,0.0,25.34359140887215,16.5,19.0,0.0,10000.0,36510.11086246109,25000.0,0.0,26.646596990249822,17.0,20.0,0.0,121.0,9.999418422289724,9.0,11.0,1.0,13690.946760696987,10000.0,19000.0,1.0,16.5,17.27848620465144,19.0,1.0,20181.38260726234,10000.0,25000.0,1.0,18.577553810767636,17.0,20.0,1.0,0.0,211.0,1.0,28.0
11.0,22.0,11.0,22.0,-121.0,21.0,13.0,-111.0,10.193516087497255,9.0,11.0,30000.0,10000.0,19000.0,0.0,27.63018316970647,16.5,19.0,0.0,10000.0,37074.02256464844,25000.0,0.0,28.966252512548945,17.0,20.0,0.0,122.0,10.211902183786618,9.0,11.0,1.0,13586.260290864844,10000.0,19000.0,1.0,16.5,17.318464900488145,19.0,1.0,20424.00088704823,10000.0,25000.0,1.0,18.609907711333076,17.0,20.0,1.0,0.0,211.0,1.0,47.0
91.0,24.0,91.0,21.0,-721.0,911.0,12.0,-711.0,15.013447198243755,12.0,17.0,30000.0,18000.0,36000.0,1.0,24.332371083741513,20.0,25.0,1.0,18000.0,34459.4337999318,36000.0,1.0,24.888367961131014,20.0,26.0,1.0,721.0,15.34555664167862,12.0,17.0,1.0,25740.722802424494,18000.0,36000.0,1.0,20.0,23.495807930448265,25.0,1.0,30232.061146821736,18000.0,36000.0,1.0,24.055782628317488,20.0,26.0,1.0,1.0,91121.0,7.0,14.0
91.0,24.0,91.0,21.0,-721.0,911.0,11.0,-711.0,14.820396597096646,12.0,17.0,30000.0,18000.0,36000.0,1.0,24.188261979841364,20.0,25.0,1.0,18000.0,34478.850778313215,36000.0,1.0,24.752188962182174,20.0,26.0,1.0,721.0,13.929678034463883,12.0,17.0,1.0,25945.371819973352,18000.0,36000.0,1.0,20.0,22.13978221317916,25.0,1.0,30403.388340528807,18000.0,36000.0,1.0,22.701085977938458,20.0,26.0,1.0,1.0,91121.0,7.0,2.0
11.0,21.0,11.0,22.0,-121.0,21.0,13.0,-111.0,10.184164790970762,9.0,11.0,30000.0,10000.0,19000.0,0.0,27.395059557690296,16.5,19.0,0.0,10000.0,37139.650639349005,25000.0,0.0,28.742841395617724,17.0,20.0,0.0,122.0,10.199234251995415,9.0,11.0,1.0,12466.661355477174,10000.0,19000.0,1.0,16.5,17.076174407871697,19.0,1.0,19455.244624440955,10000.0,25000.0,1.0,18.395438623804218,17.0,20.0,1.0,0.0,211.0,1.0,24.0
11.0,22.0,11.0,22.0,-121.0,21.0,13.0,-111.0,10.004480326740252,9.0,11.0,30000.0,10000.0,19000.0,0.0,25.01819368303377,16.5,19.0,0.0,10000.0,36494.101162163504,25000.0,0.0,26.318727631126944,17.0,20.0,0.0,121.0,9.994856772926445,9.0,11.0,1.0,11567.172242419598,10000.0,19000.0,1.0,16.5,16.861728379467273,19.0,1.0,18004.08328554333,10000.0,25000.0,1.0,18.150809211963782,17.0,20.0,1.0,0.0,211.0,1.0,41.0
11.0,21.0,11.0,22.0,-121.0,21.0,13.0,-111.0,10.185997777615183,9.0,11.0,30000.0,10000.0,19000.0,0.0,26.18275786437811,16.5,19.0,0.0,10000.0,36947.19225347833,25000.0,0.0,27.490488682102978,17.0,20.0,0.0,122.0,10.189504096892561,9.0,11.0,1.0,14350.677069289124,10000.0,19000.0,1.0,16.5,17.461513557521805,19.0,1.0,21382.898355310455,10000.0,25000.0,1.0,18.78525013443696,17.0,20.0,1.0,0.0,211.0,1.0,52.0
11.0,21.0,11.0,22.0,-121.0,11.0,12.0,-111.0,10.003023373633976,9.0,11.0,30000.0,10000.0,19000.0,0.0,26.37515536546608,16.5,19.0,0.0,10000.0,36449.39670499963,25000.0,0.0,27.663732948254562,17.0,20.0,0.0,121.0,9.98685972814804,9.0,11.0,1.0,14602.624153337065,10000.0,19000.0,1.0,16.5,17.444314909498456,19.0,1.0,21131.136628583507,10000.0,25000.0,1.0,18.748699677462266,17.0,20.0,1.0,0.0,111.0,1.0,51.0
11.0,22.0,11.0,22.0,-121.0,11.0,11.0,-111.0,9.996920732232565,9.0,11.0,30000.0,10000.0,19000.0,0.0,24.963197753558084,16.5,19.0,0.0,10000.0,36565.60784935457,25000.0,0.0,26.273366355859515,17.0,20.0,0.0,121.0,10.000614686940413,9.0,11.0,1.0,14913.22350485377,10000.0,19000.0,1.0,16.5,17.528225810724216,19.0,1.0,21393.69400367309,10000.0,25000.0,1.0,18.821405234549903,17.0,20.0,1.0,0.0,111.0,1.0,11.0
11.0,22.0,11.0,21.0,-121.0,21.0,13.0,-111.0,10.172717277154787,9.0,11.0,30000.0,10000.0,19000.0,0.0,26.117619115450747,16.5,19.0,0.0,10000.0,37002.199290373464,25000.0,0.0,27.435904824408983,17.0,20.0,0.0,122.0,10.219186303737713,9.0,11.0,1.0,12830.281729270026,10000.0,19000.0,1.0,16.5,17.123132610758695,19.0,1.0,19856.746464740507,10000.0,25000.0,1.0,18.445986711470205,17.0,20.0,1.0,0.0,211.0,1.0,58.0
11.0,22.0,11.0,21.0,-121.0,11.0,12.0,-111.0,10.190599286191254,9.0,11.0,30000.0,10000.0,19000.0,0.0,23.232019205045294,16.5,19.0,0.0,10000.0,36792.1211143748,25000.0,0.0,24.515161533649167,17.0,20.0,0.0,122.0,10.187926713536717,9.0,11.0,1.0,13513.968862810869,10000.0,19000.0,1.0,16.5,17.199883666434495,19.0,1.0,20679.373632882907,10000.0,25000.0,1.0,18.55354535874456,17.0,20.0,1.0,0.0,111.0,1.0,46.0
11.0,21.0,11.0,21.0,-121.0,21.0,12.0,-111.0,9.996091749741211,9.0,11.0,30000.0,10000.0,19000.0,0.0,24.99309544182489,16.5,19.0,0.0,10000.0,36461.93588737389,25000.0,0.0,26.28005068529635,17.0,20.0,0.0,121.0,9.99338554168118,9.0,11.0,1.0,16184.662085825907,10000.0,19000.0,1.0,16.5,17.690033138079965,19.0,1.0,22697.271407414446,10000.0,25000.0,1.0,18.987080472064836,17.0,20.0,1.0,0.0,211.0,1.0,6.0
91.0,24.0,91.0,21.0,-721.0,911.0,11.0,-711.0,15.20616063686359,12.0,17.0,30000.0,18000.0,36000.0,1.0,25.252892732158124,20.0,25.0,0.0,18000.0,34431.7916527286,36000.0,1.0,25.80644154101996,20.0,26.0,1.0,721.0,15.591960071962367,12.0,17.0,1.0,23983.928499408958,18000.0,36000.0,1.0,20.0,23.53503587379287,25.0,1.0,28487.536850946246,18000.0,36000.0,1.0,24.097554880533362,20.0,26.0,1.0,0.0,91121.0,7.0,21.0
91.0,24.0,91.0,24.0,-721.0,911.0,12.0,-711.0,14.583908054143718,12.0,17.0,30000.0,18000.0,36000.0,1.0,24.73569470393929,20.0,25.0,1.0,18000.0,34508.34409932806,36000.0,1.0,25.29801522645246,20.0,26.0,1.0,721.0,13.967873053718085,12.0,17.0,1.0,25455.28141163587,18000.0,36000.0,1.0,20.0,22.101795935670392,25.0,1.0,29926.311821089144,18000.0,36000.0,1.0,22.659462364989917,20.0,26.0,1.0,1.0,91121.0,7.0,24.0
11.0,22.0,11.0,21.0,-121.0,21.0,13.0,-111.0,10.215283214601255,9.0,11.0,30000.0,10000.0,19000.0,0.0,28.747063416300307,16.5,19.0,0.0,10000.0,37052.741515990245,25000.0,0.0,30.079965810660475,17.0,20.0,0.0,122.0,10.19809585457596,9.0,11.0,1.0,12185.719635440935,10000.0,19000.0,1.0,16.5,16.944916143040174,19.0,1.0,19390.137341353737,10000.0,25000.0,1.0,18.306483923230356,17.0,20.0,1.0,0.0,211.0,1.0,2.0
11.0,22.0,11.0,22.0,-121.0,11.0,11.0,-111.0,10.0047214991133,9.0,11.0,30000.0,10000.0,19000.0,0.0,24.104726498773292,16.5,19.0,0.0,10000.0,36563.70016507789,25000.0,0.0,25.417025667240935,17.0,20.0,0.0,121.0,9.998659934979495,9.0,11.0,1.0,13609.552920502514,10000.0,19000.0,1.0,16.5,17.25884366897981,19.0,1.0,20062.542558227025,10000.0,25000.0,1.0,18.549008168079183,17.0,20.0,1.0,0.0,111.0,1.0,27.0
11.0,21.0,11.0,22.0,-121.0,11.0,12.0,-111.0,10.014836411983213,9.0,11.0,30000.0,10000.0,19000.0,0.0,24.52342230475824,16.5,19.0,0.0,10000.0,36517.17170040052,25000.0,0.0,25.828140914205054,17.0,20.0,0.0,121.0,9.993630311085708,9.0,11.0,1.0,14390.60319183165,10000.0,19000.0,1.0,16.5,17.404342083928142,19.0,1.0,20873.969311328656,10000.0,25000.0,1.0,18.702292915489764,17.0,20.0,1.0,0.0,111.0,1.0,51.0
11.0,22.0,11.0,22.0,-121.0,11.0,11.0,-111.0,10.2028885752016,9.0,11.0,30000.0,10000.0,19000.0,0.0,23.81438996241841,16.5,19.0,0.0,10000.0,36920.242094433816,25000.0,0.0,25.12129794602259,17.0,20.0,0.0,122.0,10.202058983749152,9.0,11.0,1.0,12796.286362492112,10000.0,19000.0,1.0,16.5,17.1195647789215,19.0,1.0,19706.661280221535,10000.0,25000.0,1.0,18.424609317311678,17.0,20.0,1.0,0.0,111.0,1.0,50.0
11.0,22.0,11.0,22.0,-121.0,21.0,13.0,-111.0,10.016492759095307,9.0,11.0,30000.0,10000.0,19000.0,0.0,26.632264342283168,16.5,19.0,0.0,10000.0,36539.1065578237,25000.0,0.0,27.93308354684982,17.0,20.0,0.0,121.0,9.997623342933085,9.0,11.0,1.0,14024.28735507497,10000.0,19000.0,1.0,16.5,17.272161966273494,19.0,1.0,20537.929569916123,10000.0,25000.0,1.0,18.56791556958553,17.0,20.0,1.0,0.0,211.0,1.0,4.0
11.0,22.0,11.0,21.0,-121.0,11.0,11.0,-111.0,10.200159785524866,9.0,11.0,30000.0,10000.0,19000.0,0.0,24.678658696671764,16.5,19.0,0.0,10000.0,36940.62148413985,25000.0,0.0,25.981054648393254,17.0,20.0,0.0,122.0,10.1822066661161,9.0,11.0,1.0,14368.769093489416,10000.0,19000.0,1.0,16.5,17.362169134677494,19.0,1.0,21508.113777672042,10000.0,25000.0,1.0,18.701855160759077,17.0,20.0,1.0,0.0,111.0,1.0,12.0
91.0,24.0,91.0,24.0,-721.0,911.0,12.0,-711.0,15.423846441388783,12.0,17.0,30000.0,18000.0,36000.0,1.0,25.09051089814115,20.0,25.0,0.0,18000.0,34072.44013814821,36000.0,1.0,25.588028085678097,20.0,26.0,1.0,722.0,15.171470771627373,12.0,17.0,1.0,23283.71248025347,18000.0,36000.0,1.0,20.0,23.07627617889254,25.0,1.0,27199.561140543105,18000.0,36000.0,1.0,23.554663078687092,20.0,26.0,1.0,0.0,91121.0,7.0,13.0
11.0,22.0,11.0,22.0,-121.0,11.0,11.0,-111.0,10.210848087292257,9.0,11.0,30000.0,10000.0,19000.0,0.0,27.454149964159384,16.5,19.0,0.0,10000.0,36944.494983206845,25000.0,0.0,28.762680576120957,17.0,20.0,0.0,122.0,10.18959943529962,9.0,11.0,1.0,16974.623119994965,10000.0,19000.0,1.0,16.5,17.90204149853144,19.0,1.0,23854.782711804386,10000.0,25000.0,1.0,19.198449583328742,17.0,20.0,1.0,0.0,111.0,1.0,11.0
11.0,21.0,11.0,21.0,-121.0,11.0,11.0,-111.0,10.209885998193341,9.0,11.0,30000.0,10000.0,19000.0,0.0,24.751326663141135,16.5,19.0,0.0,10000.0,36952.576659672384,25000.0,0.0,26.062009610030525,17.0,20.0,0.0,122.0,10.185793384044162,9.0,11.0,1.0,14291.526801346075,10000.0,19000.0,1.0,16.5,17.341566002574723,19.0,1.0,21404.211675419152,10000.0,25000.0,1.0,18.68243216304723,17.0,20.0,1.0,0.0,111.0,1.0,18.0
11.0,21.0,11.0,21.0,-121.0,21.0,12.0,-111.0,10.210201375168129,9.0,11.0,30000.0,10000.0,19000.0,0.0,24.359561706263875,16.5,19.0,0.0,10000.0,37076.893176306294,25000.0,0.0,25.696002754916254,17.0,20.0,0.0,122.0,10.20824229251511,9.0,11.0,1.0,13320.158264999847,10000.0,19000.0,1.0,16.5,17.178876127261926,19.0,1.0,20412.635627131513,10000.0,25000.0,1.0,18.518260182842344,17.0,20.0,1.0,0.0,211.0,1.0,6.0
81.0,23.0,81.0,21.0,-721.0,912.0,11.0,-711.0,15.593516371256625,12.0,17.0,30000.0,12500.0,23000.0,0.0,26.325827703390615,20.0,24.0,0.0,12500.0,34020.973058107644,26000.0,0.0,26.812853448312218,20.0,25.0,0.0,722.0,15.334225383610963,12.0,17.0,1.0,14726.614012627968,12500.0,23000.0,1.0,20.0,21.567765099987987,24.0,1.0,18778.95759017052,12500.0,26000.0,1.0,22.05859048504037,20.0,25.0,1.0,0.0,912.0,7.0,12.0
11.0,22.0,11.0,21.0,-121.0,21.0,12.0,-111.0,9.998039391249904,9.0,11.0,30000.0,10000.0,19000.0,0.0,24.429202325871685,16.5,19.0,0.0,10000.0,36483.70242162765,25000.0,0.0,25.72367648737284,17.0,20.0,0.0,121.0,10.005057569722977,9.0,11.0,1.0,13244.531830257736,10000.0,19000.0,1.0,16.5,17.131951991346575,19.0,1.0,19762.4910857715,10000.0,25000.0,1.0,18.433265545441145,17.0,20.0,1.0,0.0,211.0,1.0,53.0
11.0,22.0,11.0,22.0,-121.0,11.0,12.0,-111.0,10.180804662044684,9.0,11.0,30000.0,10000.0,19000.0,0.0,23.975348720576722,16.5,19.0,0.0,10000.0,37103.83889017565,25000.0,0.0,25.313106508782457,17.0,20.0,0.0,122.0,10.19673075994499,9.0,11.0,1.0,18284.22164527464,10000.0,19000.0,1.0,16.5,18.21097639495865,19.0,1.0,25387.51371486608,10000.0,25000.0,0.0,19.548631208771724,17.0,20.0,1.0,0.0,111.0,1.0,42.0
11.0,21.0,11.0,22.0,-121.0,21.0,12.0,-111.0,10.198154788423938,9.0,11.0,30000.0,10000.0,19000.0,0.0,24.32981644282504,16.5,19.0,0.0,10000.0,37050.95665921976,25000.0,0.0,25.65549705697501,17.0,20.0,0.0,122.0,10.190059683762684,9.0,11.0,1.0,15402.600107786593,10000.0,19000.0,1.0,16.5,17.582269065074918,19.0,1.0,22473.618178159908,10000.0,25000.0,1.0,18.911721511210832,17.0,20.0,1.0,0.0,211.0,1.0,37.0
91.0,24.0,91.0,24.0,-721.0,911.0,11.0,-711.0,15.887783266048498,12.0,17.0,30000.0,18000.0,36000.0,1.0,25.0857880854118,20.0,25.0,0.0,18000.0,34411.73325502163,36000.0,1.0,25.637287457930988,20.0,26.0,1.0,721.0,14.109021873021,12.0,17.0,1.0,24008.799228401575,18000.0,36000.0,1.0,20.0,22.05587520279871,25.0,1.0,28501.747561626176,18000.0,36000.0,1.0,22.617527062351666,20.0,26.0,1.0,0.0,91121.0,7.0,16.0
81.0,21.0,81.0,23.0,-721.0,912.0,12.0,-711.0,14.878575329457325,12.0,17.0,30000.0,12500.0,23000.0,0.0,27.04074389537635,20.0,24.0,0.0,12500.0,33999.28317265116,26000.0,0.0,27.528526923282215,20.0,25.0,0.0,722.0,15.215279126325832,12.0,17.0,1.0,19453.00577397359,12500.0,23000.0,1.0,20.0,22.163111183895438,24.0,1.0,23546.82717720876,12500.0,26000.0,1.0,22.662424814255882,20.0,25.0,1.0,0.0,912.0,7.0,7.0
81.0,23.0,81.0,23.0,-721.0,912.0,11.0,-711.0,15.215733038744489,12.0,17.0,30000.0,12500.0,23000.0,0.0,26.12959018671567,20.0,24.0,0.0,12500.0,33946.78528236894,26000.0,0.0,26.614941539863416,20.0,25.0,0.0,722.0,15.14909562237833,12.0,17.0,1.0,17564.99453217291,12500.0,23000.0,1.0,20.0,21.855399259117075,24.0,1.0,21551.91726061467,12500.0,26000.0,1.0,22.345686468251305,20.0,25.0,1.0,0.0,912.0,7.0,17.0
11.0,22.0,11.0,22.0,-121.0,21.0,13.0,-111.0,9.989178666362049,9.0,11.0,30000.0,10000.0,19000.0,0.0,28.429260601702538,16.5,19.0,0.0,10000.0,36469.45923366465,25000.0,0.0,29.720707301226994,17.0,20.0,0.0,121.0,9.994560043929201,9.0,11.0,1.0,13077.889824285254,10000.0,19000.0,1.0,16.5,17.168574802144796,19.0,1.0,19634.42233119421,10000.0,25000.0,1.0,18.477403246771377,17.0,20.0,1.0,0.0,211.0,1.0,28.0
11.0,22.0,11.0,22.0,-121.0,21.0,12.0,-111.0,9.99726294640911,9.0,11.0,30000.0,10000.0,19000.0,0.0,23.85449938826579,16.5,19.0,0.0,10000.0,36462.515932396054,25000.0,0.0,25.143500574623115,17.0,20.0,0.0,121.0,10.01080211246328,9.0,11.0,1.0,16317.383300929612,10000.0,19000.0,1.0,16.5,17.795808158624734,19.0,1.0,22857.17675700076,10000.0,25000.0,1.0,19.10022297347257,17.0,20.0,1.0,0.0,211.0,1.0,23.0
11.0,22.0,11.0,22.0,-121.0,21.0,13.0,-111.0,10.007393903325887,9.0,11.0,30000.0,10000.0,19000.0,0.0,25.70648981096907,16.5,19.0,0.0,10000.0,36549.73867626024,25000.0,0.0,27.01663005976783,17.0,20.0,0.0,121.0,9.98664131580379,9.0,11.0,1.0,16085.89824229606,10000.0,19000.0,1.0,16.5,17.733021335256044,19.0,1.0,22550.29121995726,10000.0,25000.0,1.0,19.026089935806954,17.0,20.0,1.0,0.0,211.0,1.0,3.0
92.0,24.0,92.0,24.0,-721.0,921.0,13.0,-711.0,15.091479321349581,12.0,17.0,30000.0,15000.0,28000.0,0.0,24.674668032381827,19.5,25.0,1.0,15000.0,34484.785992866004,28000.0,0.0,25.235940132822996,20.0,26.0,1.0,721.0,16.652505673086907,12.0,17.0,1.0,23683.715914478402,15000.0,28000.0,1.0,19.5,23.667435398435394,25.0,1.0,28201.158535725925,15000.0,28000.0,0.0,24.232794484171773,20.0,26.0,1.0,0.0,92122.0,7.0,25.0
11.0,22.0,11.0,22.0,-121.0,21.0,13.0,-111.0,10.20175786474685,9.0,11.0,30000.0,10000.0,19000.0,0.0,24.312801928936043,16.5,19.0,0.0,10000.0,36853.05698175742,25000.0,0.0,25.598282374787413,17.0,20.0,0.0,122.0,10.201265843096447,9.0,11.0,1.0,12242.997605669709,10000.0,19000.0,1.0,16.5,17.006747434401035,19.0,1.0,19143.079191948924,10000.0,25000.0,1.0,18.30104864589722,17.0,20.0,1.0,0.0,211.0,1.0,47.0
11.0,21.0,11.0,22.0,-121.0,21.0,13.0,-111.0,9.99918253074334,9.0,11.0,30000.0,10000.0,19000.0,0.0,26.700640378831626,16.5,19.0,0.0,10000.0,36536.67546632154,25000.0,0.0,28.0112946094569,17.0,20.0,0.0,121.0,10.014902310464942,9.0,11.0,1.0,13494.322494239228,10000.0,19000.0,1.0,16.5,17.23059538393847,19.0,1.0,19962.714662763858,10000.0,25000.0,1.0,18.527558282693338,17.0,20.0,1.0,0.0,211.0,1.0,9.0
91.0,24.0,91.0,21.0,-721.0,911.0,11.0,-711.0,14.158137592001765,12.0,17.0,30000.0,18000.0,36000.0,1.0,23.078580628758225,20.0,25.0,1.0,18000.0,34525.65042293383,36000.0,1.0,23.6445883914374,20.0,26.0,1.0,721.0,15.139857901909789,12.0,17.0,1.0,24551.610464339552,18000.0,36000.0,1.0,20.0,23.14657569548443,25.0,1.0,28988.871848439965,18000.0,36000.0,1.0,23.70152894059372,20.0,26.0,1.0,1.0,91121.0,7.0,15.0
11.0,21.0,11.0,22.0,-121.0,11.0,11.0,-111.0,10.209177898499982,9.0,11.0,30000.0,10000.0,19000.0,0.0,25.824110256101235,16.5,19.0,0.0,10000.0,36989.65811138089,25000.0,0.0,27.14356825631794,17.0,20.0,0.0,122.0,10.204302007995647,9.0,11.0,1.0,14368.354729866085,10000.0,19000.0,1.0,16.5,17.43393748278841,19.0,1.0,21397.839886999504,10000.0,25000.0,1.0,18.760913749750895,17.0,20.0,1.0,0.0,111.0,1.0,29.0
11.0,22.0,11.0,21.0,-121.0,11.0,11.0,-111.0,10.210623613325422,9.0,11.0,30000.0,10000.0,19000.0,0.0,25.63777233261939,16.5,19.0,0.0,10000.0,37001.28244458668,25000.0,0.0,26.956212964393085,17.0,20.0,0.0,122.0,10.215630653287665,9.0,11.0,1.0,14587.421051792247,10000.0,19000.0,1.0,16.5,17.452741227567724,19.0,1.0,21593.00126459124,10000.0,25000.0,1.0,18.7719911899579,17.0,20.0,1.0,0.0,111.0,1.0,54.0
11.0,22.0,11.0,22.0,-121.0,21.0,13.0,-111.0,10.17746366563055,9.0,11.0,30000.0,10000.0,19000.0,0.0,25.590204522798004,16.5,19.0,0.0,10000.0,36859.76449182008,25000.0,0.0,26.87997644892796,17.0,20.0,0.0,122.0,10.19963042071792,9.0,11.0,1.0,11685.828116655735,10000.0,19000.0,1.0,16.5,16.929050440493477,19.0,1.0,18680.160851506087,10000.0,25000.0,1.0,18.244123868186065,17.0,20.0,1.0,0.0,211.0,1.0,8.0
11.0,22.0,11.0,22.0,-121.0,11.0,11.0,-111.0,9.995849544170042,9.0,11.0,30000.0,10000.0,19000.0,0.0,23.634850889315498,16.5,19.0,0.0,10000.0,36507.2361854037,25000.0,0.0,24.933794067671187,17.0,20.0,0.0,121.0,10.010817945698184,9.0,11.0,1.0,18292.73186339537,10000.0,19000.0,1.0,16.5,18.187786333515803,19.0,1.0,24849.29730314367,10000.0,25000.0,1.0,19.496576380280544,17.0,20.0,1.0,0.0,111.0,1.0,11.0
11.0,22.0,11.0,21.0,-121.0,21.0,13.0,-111.0,10.0021466823804,9.0,11.0,30000.0,10000.0,19000.0,0.0,24.358648696227952,16.5,19.0,0.0,10000.0,36634.33389605562,25000.0,0.0,25.69139616993704,17.0,20.0,0.0,121.0,9.997657285273107,9.0,11.0,1.0,10738.503402733217,10000.0,19000.0,1.0,16.5,16.647507073921123,19.0,1.0,17291.59018030554,10000.0,25000.0,1.0,17.963933106231377,17.0,20.0,1.0,0.0,211.0,1.0,58.0
91.0,21.0,91.0,24.0,-721.0,911.0,12.0,-711.0,15.731820103576304,12.0,17.0,30000.0,18000.0,36000.0,1.0,25.191650869964242,20.0,25.0,0.0,18000.0,34497.72998742395,36000.0,1.0,25.75256514724335,20.0,26.0,1.0,721.0,14.95695259316849,12.0,17.0,1.0,22407.367187665965,18000.0,36000.0,1.0,20.0,22.731909527558983,25.0,1.0,26880.397256644028,18000.0,36000.0,1.0,23.289743464990508,20.0,26.0,1.0,0.0,91121.0,7.0,19.0
11.0,22.0,11.0,21.0,-121.0,21.0,13.0,-111.0,10.008718795645779,9.0,11.0,30000.0,10000.0,19000.0,0.0,24.681502018084412,16.5,19.0,0.0,10000.0,36532.82433021313,25000.0,0.0,25.98375263894923,17.0,20.0,0.0,121.0,9.998053769403866,9.0,11.0,1.0,14845.11956116592,10000.0,19000.0,1.0,16.5,17.468248506602883,19.0,1.0,21263.614938942606,10000.0,25000.0,1.0,18.747708839260405,17.0,20.0,1.0,0.0,211.0,1.0,33.0
11.0,21.0,11.0,21.0,-121.0,11.0,11.0,-111.0,10.008760564939056,9.0,11.0,30000.0,10000.0,19000.0,0.0,25.016993326970173,16.5,19.0,0.0,10000.0,36569.87155603055,25000.0,0.0,26.332541665729813,17.0,20.0,0.0,121.0,9.988622471573242,9.0,11.0,1.0,13060.585820445305,10000.0,19000.0,1.0,16.5,17.098040505077734,19.0,1.0,19557.545991304352,10000.0,25000.0,1.0,18.398989098496692,17.0,20.0,1.0,0.0,111.0,1.0,18.0
11.0,22.0,11.0,22.0,-121.0,21.0,13.0,-111.0,9.996703748813323,9.0,11.0,30000.0,10000.0,19000.0,0.0,26.080078369981713,16.5,19.0,0.0,10000.0,36514.124832367736,25000.0,0.0,27.384877489297086,17.0,20.0,0.0,121.0,10.003513698349945,9.0,11.0,1.0,13094.91862688437,10000.0,19000.0,1.0,16.5,17.13920166334832,19.0,1.0,19583.041103950418,10000.0,25000.0,1.0,18.438792431400728,17.0,20.0,1.0,0.0,211.0,1.0,36.0
11.0,22.0,11.0,22.0,-121.0,11.0,11.0,-111.0,10.194482594542396,9.0,11.0,30000.0,10000.0,19000.0,0.0,23.557435731073326,16.5,19.0,0.0,10000.0,37019.64531461196,25000.0,0.0,24.87243803989923,17.0,20.0,0.0,122.0,10.173518008667493,9.0,11.0,1.0,16442.25878859487,10000.0,19000.0,1.0,16.5,17.71618197098923,19.0,1.0,23373.812983513053,10000.0,25000.0,1.0,19.014682017864196,17.0,20.0,1.0,0.0,111.0,1.0,55.0
11.0,22.0,11.0,21.0,-121.0,21.0,12.0,-111.0,10.213462799706607,9.0,11.0,30000.0,10000.0,19000.0,0.0,24.1350785190603,16.5,19.0,0.0,10000.0,37000.80183253242,25000.0,0.0,25.45766505174352,17.0,20.0,0.0,122.0,10.20173268061466,9.0,11.0,1.0,15219.28853687551,10000.0,19000.0,1.0,16.5,17.58079717770851,19.0,1.0,22224.731815054824,10000.0,25000.0,1.0,18.904260569021872,17.0,20.0,1.0,0.0,211.0,1.0,53.0
11.0,22.0,11.0,22.0,-121.0,21.0,13.0,-111.0,10.20623008203399,9.0,11.0,30000.0,10000.0,19000.0,0.0,25.321783517288914,16.5,19.0,0.0,10000.0,36905.25517261098,25000.0,0.0,26.616982369118226,17.0,20.0,0.0,122.0,10.188891201764298,9.0,11.0,1.0,14565.896524319942,10000.0,19000.0,1.0,16.5,17.465704592394033,19.0,1.0,21636.83041067464,10000.0,25000.0,1.0,18.791979324035083,17.0,20.0,1.0,0.0,211.0,1.0,4.0
11.0,21.0,11.0,22.0,-121.0,11.0,11.0,-111.0,10.19569219340193,9.0,11.0,30000.0,10000.0,19000.0,0.0,25.56811384784543,16.5,19.0,0.0,10000.0,36853.61042280316,25000.0,0.0,26.865434832256685,17.0,20.0,0.0,122.0,10.184592539340068,9.0,11.0,1.0,18989.353849930056,10000.0,19000.0,1.0,16.5,18.30475305988876,19.0,1.0,26143.846942326716,10000.0,25000.0,0.0,19.659028171691116,17.0,20.0,1.0,0.0,111.0,1.0,43.0
81.0,23.0,81.0,23.0,-721.0,912.0,12.0,-711.0,15.192684752619936,12.0,17.0,30000.0,12500.0,23000.0,0.0,25.944336758462484,20.0,24.0,0.0,12500.0,34519.0271031806,26000.0,0.0,26.507127752909586,20.0,25.0,0.0,721.0,15.289422938280147,12.0,17.0,1.0,18258.568256249637,12500.0,23000.0,1.0,20.0,22.222456997989752,24.0,1.0,22721.962386228497,12500.0,26000.0,1.0,22.77831956833198,20.0,25.0,1.0,0.0,912.0,7.0,5.0
81.0,23.0,81.0,21.0,-721.0,912.0,12.0,-711.0,15.202355525434003,12.0,17.0,30000.0,12500.0,23000.0,0.0,26.000718656302595,20.0,24.0,0.0,12500.0,34061.2355552844,26000.0,0.0,26.495669031059343,20.0,25.0,0.0,722.0,15.299428497344577,12.0,17.0,1.0,16937.336651252892,12500.0,23000.0,1.0,20.0,21.82993069999298,24.0,1.0,21057.328145783253,12500.0,26000.0,1.0,22.33204177098443,20.0,25.0,1.0,0.0,912.0,7.0,30.0
11.0,21.0,11.0,22.0,-121.0,11.0,12.0,-111.0,10.013669783726586,9.0,11.0,30000.0,10000.0,19000.0,0.0,26.011988184348844,16.5,19.0,0.0,10000.0,36436.51527754904,25000.0,0.0,27.29780247239504,17.0,20.0,0.0,121.0,9.98511889329271,9.0,11.0,1.0,14569.945791726659,10000.0,19000.0,1.0,16.5,17.436533110228936,19.0,1.0,21068.292153093462,10000.0,25000.0,1.0,18.734699313494783,17.0,20.0,1.0,0.0,111.0,1.0,7.0
81.0,23.0,81.0,23.0,-721.0,912.0,12.0,-711.0,15.087882265921106,12.0,17.0,30000.0,12500.0,23000.0,0.0,27.161818296423135,20.0,24.0,0.0,12500.0,34042.05695720147,26000.0,0.0,27.653905710963855,20.0,25.0,0.0,722.0,15.049737925244683,12.0,17.0,1.0,18976.926361084697,12500.0,23000.0,1.0,20.0,21.928837117653465,24.0,1.0,23008.878869050597,12500.0,26000.0,1.0,22.419694398044086,20.0,25.0,1.0,0.0,912.0,7.0,31.0
81.0,23.0,81.0,21.0,-721.0,912.0,11.0,-711.0,15.467320175561262,12.0,17.0,30000.0,12500.0,23000.0,0.0,25.852550463908457,20.0,24.0,0.0,12500.0,34509.627562282854,26000.0,0.0,26.41717788023909,20.0,25.0,0.0,721.0,14.601733659076837,12.0,17.0,1.0,14382.534648092447,12500.0,23000.0,1.0,20.0,20.823905452551514,24.0,1.0,18779.11117345949,12500.0,26000.0,1.0,21.374378326404816,20.0,25.0,1.0,0.0,912.0,7.0,12.0
91.0,24.0,91.0,24.0,-721.0,911.0,11.0,-711.0,15.571887580190285,12.0,17.0,30000.0,18000.0,36000.0,1.0,24.898502167318007,20.0,25.0,1.0,18000.0,34408.57557386766,36000.0,1.0,25.447201782453494,20.0,26.0,1.0,721.0,15.231651292813673,12.0,17.0,1.0,25630.846038665026,18000.0,36000.0,1.0,20.0,23.415561755996915,25.0,1.0,30130.88089288459,18000.0,36000.0,1.0,23.975644565338513,20.0,26.0,1.0,1.0,91121.0,7.0,16.0
11.0,22.0,11.0,22.0,-121.0,21.0,13.0,-111.0,10.012275199940683,9.0,11.0,30000.0,10000.0,19000.0,0.0,27.84165081165969,16.5,19.0,0.0,10000.0,36498.19262701591,25000.0,0.0,29.13503009541733,17.0,20.0,0.0,121.0,10.012389085465571,9.0,11.0,1.0,14470.973070355118,10000.0,19000.0,1.0,16.5,17.428125251963355,19.0,1.0,20917.658464515167,10000.0,25000.0,1.0,18.711252702363137,17.0,20.0,1.0,0.0,211.0,1.0,41.0
11.0,22.0,11.0,22.0,-121.0,21.0,13.0,-111.0,10.000582289340349,9.0,11.0,30000.0,10000.0,19000.0,0.0,26.320560935680568,16.5,19.0,0.0,10000.0,36485.45954140097,25000.0,0.0,27.614136190435943,17.0,20.0,0.0,121.0,10.0001763657051,9.0,11.0,1.0,15412.761569710343,10000.0,19000.0,1.0,16.5,17.60714789897865,19.0,1.0,21861.436714018062,10000.0,25000.0,1.0,18.89338622016175,17.0,20.0,1.0,0.0,211.0,1.0,31.0
11.0,22.0,11.0,21.0,-121.0,11.0,11.0,-111.0,10.20334498383453,9.0,11.0,30000.0,10000.0,19000.0,0.0,24.43091092502609,16.5,19.0,0.0,10000.0,36775.84666565848,25000.0,0.0,25.71072755789694,17.0,20.0,0.0,122.0,10.22151881773493,9.0,11.0,1.0,12600.118420354072,10000.0,19000.0,1.0,16.5,17.09742796870728,19.0,1.0,19383.87346839056,10000.0,25000.0,1.0,18.37873833067294,17.0,20.0,1.0,0.0,111.0,1.0,54.0
11.0,22.0,11.0,22.0,-121.0,21.0,13.0,-111.0,10.191731216819662,9.0,11.0,30000.0,10000.0,19000.0,0.0,24.687809009342317,16.5,19.0,0.0,10000.0,37014.011423655356,25000.0,0.0,26.00747943359432,17.0,20.0,0.0,122.0,10.18790496351894,9.0,11.0,1.0,14787.932283200998,10000.0,19000.0,1.0,16.5,17.49475947397393,19.0,1.0,21823.85465939399,10000.0,25000.0,1.0,18.818552394510096,17.0,20.0,1.0,0.0,211.0,1.0,3.0
81.0,23.0,81.0,21.0,-721.0,912.0,11.0,-711.0,15.278515425927147,12.0,17.0,30000.0,12500.0,23000.0,0.0,27.282968496541173,20.0,24.0,0.0,12500.0,34573.50756927068,26000.0,0.0,27.85297757636651,20.0,25.0,0.0,721.0,15.156188790520511,12.0,17.0,1.0,11299.728222852038,12500.0,23000.0,0.0,20.0,20.943701671798895,24.0,1.0,15777.962730399195,12500.0,26000.0,1.0,21.50183660264281,20.0,25.0,1.0,0.0,912.0,7.0,12.0
91.0,24.0,91.0,24.0,-721.0,911.0,12.0,-711.0,15.32985181826775,12.0,17.0,30000.0,18000.0,36000.0,1.0,24.992588326910443,20.0,25.0,1.0,18000.0,33871.050947215444,36000.0,1.0,25.46558625965205,20.0,26.0,1.0,722.0,15.384313615599945,12.0,17.0,1.0,30430.25014374381,18000.0,36000.0,1.0,20.0,24.177770696213216,25.0,1.0,34515.54666393906,18000.0,36000.0,1.0,24.676946975481464,20.0,26.0,1.0,1.0,91121.0,7.0,1.0
11.0,22.0,11.0,21.0,-121.0,11.0,11.0,-111.0,9.999912468128834,9.0,11.0,30000.0,10000.0,19000.0,0.0,27.49243670184933,16.5,19.0,0.0,10000.0,36463.9816652567,25000.0,0.0,28.78349056658551,17.0,20.0,0.0,121.0,10.00228410283639,9.0,11.0,1.0,13219.567206853484,10000.0,19000.0,1.0,16.5,17.12391107405569,19.0,1.0,19767.92454076186,10000.0,25000.0,1.0,18.43181732772855,17.0,20.0,1.0,0.0,111.0,1.0,0.0
11.0,22.0,11.0,21.0,-121.0,21.0,13.0,-111.0,9.999824153543402,9.0,11.0,30000.0,10000.0,19000.0,0.0,27.40158003025678,16.5,19.0,0.0,10000.0,36544.23140532276,25000.0,0.0,28.709993838902168,17.0,20.0,0.0,121.0,10.02195244729396,9.0,11.0,1.0,12276.547677287814,10000.0,19000.0,1.0,16.5,16.94372927643812,19.0,1.0,18806.847112204745,10000.0,25000.0,1.0,18.249357611689977,17.0,20.0,1.0,0.0,211.0,1.0,33.0
81.0,23.0,81.0,23.0,-721.0,912.0,12.0,-711.0,15.30690811637056,12.0,17.0,30000.0,12500.0,23000.0,0.0,25.113072862788968,20.0,24.0,0.0,12500.0,34020.393536515934,26000.0,0.0,25.60423339605411,20.0,25.0,0.0,722.0,15.43652840766093,12.0,17.0,1.0,18641.411098134464,12500.0,23000.0,1.0,20.0,22.362907319965544,24.0,1.0,22585.885275388126,12500.0,26000.0,1.0,22.84479299179194,20.0,25.0,1.0,0.0,912.0,7.0,31.0
11.0,22.0,11.0,22.0,-121.0,11.0,12.0,-111.0,9.99068591220306,9.0,11.0,30000.0,10000.0,19000.0,0.0,24.592462346049558,16.5,19.0,0.0,10000.0,36476.35051695912,25000.0,0.0,25.888088030569886,17.0,20.0,0.0,121.0,10.00685415503366,9.0,11.0,1.0,16888.92325676055,10000.0,19000.0,1.0,16.5,17.893395086971132,19.0,1.0,23352.545060264656,10000.0,25000.0,1.0,19.18647432993614,17.0,20.0,1.0,0.0,111.0,1.0,40.0
91.0,24.0,91.0,24.0,-721.0,911.0,12.0,-711.0,15.19368509542583,12.0,17.0,30000.0,18000.0,36000.0,1.0,24.63238271621627,20.0,25.0,1.0,18000.0,34013.12342394663,36000.0,1.0,25.120618520353535,20.0,26.0,1.0,722.0,15.018018250642609,12.0,17.0,1.0,29324.037225582888,18000.0,36000.0,1.0,20.0,23.604606712034386,25.0,1.0,33191.64940674681,18000.0,36000.0,1.0,24.07513964707794,20.0,26.0,1.0,1.0,91121.0,7.0,23.0
91.0,24.0,91.0,24.0,-721.0,911.0,12.0,-711.0,15.412829108919174,12.0,17.0,30000.0,18000.0,36000.0,1.0,25.823785226635454,20.0,25.0,0.0,18000.0,33901.15843797942,36000.0,1.0,26.30097270279796,20.0,26.0,0.0,722.0,15.3848731573281,12.0,17.0,1.0,25246.470760466633,18000.0,36000.0,1.0,20.0,23.4681981170678,25.0,1.0,29264.587892245265,18000.0,36000.0,1.0,23.959691913980052,20.0,26.0,1.0,0.0,91121.0,7.0,8.0
11.0,21.0,11.0,22.0,-121.0,21.0,13.0,-111.0,10.197270324993456,9.0,11.0,30000.0,10000.0,19000.0,0.0,25.7377891996206,16.5,19.0,0.0,10000.0,36927.01804805368,25000.0,0.0,27.04655907940159,17.0,20.0,0.0,122.0,10.180358722254983,9.0,11.0,1.0,16128.952682466854,10000.0,19000.0,1.0,16.5,17.75159766160001,19.0,1.0,23331.061315375504,10000.0,25000.0,1.0,19.11234232608229,17.0,20.0,1.0,0.0,211.0,1.0,52.0
11.0,22.0,11.0,21.0,-121.0,21.0,13.0,-111.0,10.222360887501207,9.0,11.0,30000.0,10000.0,19000.0,0.0,25.26784887562154,16.5,19.0,0.0,10000.0,36741.347303647795,25000.0,0.0,26.539043240829905,17.0,20.0,0.0,122.0,10.208046778654753,9.0,11.0,1.0,13515.096623859314,10000.0,19000.0,1.0,16.5,17.25476362852509,19.0,1.0,20609.60699070568,10000.0,25000.0,1.0,18.592552826445136,17.0,20.0,1.0,0.0,211.0,1.0,2.0
11.0,21.0,11.0,22.0,-121.0,21.0,13.0,-111.0,10.211342329674423,9.0,11.0,30000.0,10000.0,19000.0,0.0,26.527027880093872,16.5,19.0,0.0,10000.0,37062.020551062844,25000.0,0.0,27.857438512473166,17.0,20.0,0.0,122.0,10.191942604383195,9.0,11.0,1.0,13240.711760148408,10000.0,19000.0,1.0,16.5,17.22217306136116,19.0,1.0,20269.407106052615,10000.0,25000.0,1.0,18.546305574475763,17.0,20.0,1.0,0.0,211.0,1.0,32.0
11.0,21.0,11.0,22.0,-121.0,21.0,12.0,-111.0,10.212100020055203,9.0,11.0,30000.0,10000.0,19000.0,0.0,25.805592545487734,16.5,19.0,0.0,10000.0,37093.1858072757,25000.0,0.0,27.14025124362356,17.0,20.0,0.0,122.0,10.210111919883328,9.0,11.0,1.0,15899.981453066617,10000.0,19000.0,1.0,16.5,17.779132894036206,19.0,1.0,22884.33941711952,10000.0,25000.0,1.0,19.09331447067781,17.0,20.0,1.0,0.0,211.0,1.0,37.0
11.0,22.0,11.0,22.0,-121.0,21.0,13.0,-111.0,10.168177755243343,9.0,11.0,30000.0,10000.0,19000.0,0.0,24.91990856812329,16.5,19.0,0.0,10000.0,36761.238166094816,25000.0,0.0,26.19660520998118,17.0,20.0,0.0,122.0,10.179867402759474,9.0,11.0,1.0,14307.398983922634,10000.0,19000.0,1.0,16.5,17.381710981857317,19.0,1.0,21123.76063492299,10000.0,25000.0,1.0,18.668816363407196,17.0,20.0,1.0,0.0,211.0,1.0,5.0
11.0,22.0,11.0,22.0,-121.0,11.0,11.0,-111.0,10.214325423996758,9.0,11.0,30000.0,10000.0,19000.0,0.0,22.82325931026749,16.5,19.0,0.0,10000.0,37079.67326917095,25000.0,0.0,24.15574994433296,17.0,20.0,0.0,122.0,10.224588712846218,9.0,11.0,1.0,16736.85357184996,10000.0,19000.0,1.0,16.5,17.890723852964122,19.0,1.0,23766.052786277985,10000.0,25000.0,1.0,19.213714584611623,17.0,20.0,1.0,0.0,111.0,1.0,30.0
91.0,24.0,91.0,21.0,-721.0,911.0,11.0,-711.0,14.765425262797056,12.0,17.0,30000.0,18000.0,36000.0,1.0,23.937487774146142,20.0,25.0,1.0,18000.0,34530.11838787381,36000.0,1.0,24.502830337624292,20.0,26.0,1.0,721.0,14.704163596077473,12.0,17.0,1.0,23854.96026530372,18000.0,36000.0,1.0,20.0,22.57815163585932,25.0,1.0,28362.909971857363,18000.0,36000.0,1.0,23.14072762724081,20.0,26.0,1.0,1.0,91121.0,7.0,21.0
91.0,21.0,91.0,24.0,-721.0,911.0,12.0,-711.0,15.118651057063841,12.0,17.0,30000.0,18000.0,36000.0,1.0,24.989016757766308,20.0,25.0,1.0,18000.0,34531.53809370774,36000.0,1.0,25.554601549729572,20.0,26.0,1.0,721.0,15.347171119890955,12.0,17.0,1.0,27542.25110640064,18000.0,36000.0,1.0,20.0,23.89358792520347,25.0,1.0,32050.067153606076,18000.0,36000.0,1.0,24.45621195010299,20.0,26.0,1.0,1.0,91121.0,7.0,19.0
11.0,22.0,11.0,22.0,-121.0,21.0,13.0,-111.0,9.996214741351665,9.0,11.0,30000.0,10000.0,19000.0,0.0,26.09536704507504,16.5,19.0,0.0,10000.0,36490.287483946784,25000.0,0.0,27.387378797724896,17.0,20.0,0.0,121.0,10.001521769841586,9.0,11.0,1.0,13824.007526511905,10000.0,19000.0,1.0,16.5,17.2945131358019,19.0,1.0,20384.88644396987,10000.0,25000.0,1.0,18.600577418783953,17.0,20.0,1.0,0.0,211.0,1.0,3.0
91.0,24.0,91.0,24.0,-721.0,911.0,12.0,-711.0,15.025234202107965,12.0,17.0,30000.0,18000.0,36000.0,1.0,24.80276943961269,20.0,25.0,1.0,18000.0,34497.04496486631,36000.0,1.0,25.36884684281952,20.0,26.0,1.0,721.0,14.868300629278675,12.0,17.0,1.0,27938.143074536325,18000.0,36000.0,1.0,20.0,23.38528462143634,25.0,1.0,32513.657688059324,18000.0,36000.0,1.0,23.961239598758876,20.0,26.0,1.0,1.0,91121.0,7.0,27.0
91.0,24.0,91.0,21.0,-721.0,911.0,12.0,-711.0,15.34924091477553,12.0,17.0,30000.0,18000.0,36000.0,1.0,25.00772566059618,20.0,25.0,0.0,18000.0,34014.09206405128,36000.0,1.0,25.496866798949476,20.0,26.0,1.0,722.0,15.176355020393217,12.0,17.0,1.0,23126.5450212268,18000.0,36000.0,1.0,20.0,22.979691707291423,25.0,1.0,27227.66604367993,18000.0,36000.0,1.0,23.47943784500774,20.0,26.0,1.0,0.0,91121.0,7.0,14.0
91.0,24.0,91.0,24.0,-721.0,911.0,12.0,-711.0,15.065833210476448,12.0,17.0,30000.0,18000.0,36000.0,1.0,24.49015207747331,20.0,25.0,1.0,18000.0,34118.15635571918,36000.0,1.0,24.99102644572472,20.0,26.0,1.0,722.0,15.208395668485805,12.0,17.0,1.0,29013.164767591225,18000.0,36000.0,1.0,20.0,23.73228250431833,25.0,1.0,33076.90910064613,18000.0,36000.0,1.0,24.22653896272778,20.0,26.0,1.0,1.0,91121.0,7.0,32.0
11.0,22.0,11.0,22.0,-121.0,21.0,13.0,-111.0,10.202450490718403,9.0,11.0,30000.0,10000.0,19000.0,0.0,26.2638550340507,16.5,19.0,0.0,10000.0,37199.93338670724,25000.0,0.0,27.629773449526944,17.0,20.0,0.0,122.0,10.191280657848969,9.0,11.0,1.0,11735.277290550992,10000.0,19000.0,1.0,16.5,16.953851502033103,19.0,1.0,18835.774707354485,10000.0,25000.0,1.0,18.3009056565284,17.0,20.0,1.0,0.0,211.0,1.0,19.0
11.0,22.0,11.0,22.0,-121.0,21.0,13.0,-111.0,10.185836759539566,9.0,11.0,30000.0,10000.0,19000.0,0.0,25.769468513535205,16.5,19.0,0.0,10000.0,37075.601840635994,25000.0,0.0,27.09996653828322,17.0,20.0,0.0,122.0,10.201919016786565,9.0,11.0,1.0,14288.15012867503,10000.0,19000.0,1.0,16.5,17.41228851805987,19.0,1.0,21260.201979886835,10000.0,25000.0,1.0,18.723314975654354,17.0,20.0,1.0,0.0,211.0,1.0,16.0
91.0,24.0,91.0,21.0,-721.0,911.0,11.0,-711.0,15.305174813324212,12.0,17.0,30000.0,18000.0,36000.0,1.0,24.080601614251844,20.0,25.0,1.0,18000.0,34057.415235525885,36000.0,1.0,24.575765265965398,20.0,26.0,1.0,722.0,15.263582437288086,12.0,17.0,1.0,24322.657632125865,18000.0,36000.0,1.0,20.0,23.193932368266417,25.0,1.0,28386.14838727939,18000.0,36000.0,1.0,23.689837471448516,20.0,26.0,1.0,1.0,91121.0,7.0,15.0
91.0,24.0,91.0,24.0,-721.0,911.0,11.0,-711.0,15.349579570544046,12.0,17.0,30000.0,18000.0,36000.0,1.0,24.356755721703415,20.0,25.0,1.0,18000.0,34048.559032190635,36000.0,1.0,24.849225322976572,20.0,26.0,1.0,722.0,15.605887686155125,12.0,17.0,1.0,21592.771480421445,18000.0,36000.0,1.0,20.0,23.25186454549796,25.0,1.0,25543.300560639986,18000.0,36000.0,1.0,23.732409713663763,20.0,26.0,1.0,1.0,91121.0,7.0,4.0
91.0,24.0,91.0,24.0,-721.0,911.0,11.0,-711.0,14.250768057730838,12.0,17.0,30000.0,18000.0,36000.0,1.0,23.676315776960287,20.0,25.0,1.0,18000.0,34462.78901166475,36000.0,1.0,24.23324917623054,20.0,26.0,1.0,721.0,15.849510618683892,12.0,17.0,1.0,26273.390504617255,18000.0,36000.0,1.0,20.0,24.175534411271805,25.0,1.0,30853.93013184111,18000.0,36000.0,1.0,24.74716248923247,20.0,26.0,1.0,1.0,91121.0,7.0,9.0
11.0,22.0,11.0,22.0,-121.0,21.0,13.0,-111.0,10.173923016357596,9.0,11.0,30000.0,10000.0,19000.0,0.0,25.254182191129,16.5,19.0,0.0,10000.0,36829.63186238306,25000.0,0.0,26.54275622760329,17.0,20.0,0.0,122.0,10.19476512043884,9.0,11.0,1.0,14780.026523655999,10000.0,19000.0,1.0,16.5,17.48840108973505,19.0,1.0,21770.879056258178,10000.0,25000.0,1.0,18.80739327670023,17.0,20.0,1.0,0.0,211.0,1.0,28.0
81.0,23.0,81.0,21.0,-721.0,912.0,12.0,-711.0,15.292624928551733,12.0,17.0,30000.0,12500.0,23000.0,0.0,27.206106904117973,20.0,24.0,0.0,12500.0,33943.58520402907,26000.0,0.0,27.686339547653027,20.0,25.0,0.0,722.0,15.06186738755066,12.0,17.0,1.0,16259.922986675363,12500.0,23000.0,1.0,20.0,21.36925480905397,24.0,1.0,20243.22383517385,12500.0,26000.0,1.0,21.85432385092873,20.0,25.0,1.0,0.0,912.0,7.0,30.0
11.0,22.0,11.0,22.0,-121.0,11.0,11.0,-111.0,10.002807922910852,9.0,11.0,30000.0,10000.0,19000.0,0.0,24.79715161147798,16.5,19.0,0.0,10000.0,36474.7198178001,25000.0,0.0,26.094785489229444,17.0,20.0,0.0,121.0,10.014248706692898,9.0,11.0,1.0,15689.646551741644,10000.0,19000.0,1.0,16.5,17.726283572692886,19.0,1.0,22214.08842904679,10000.0,25000.0,1.0,19.033882519312343,17.0,20.0,1.0,0.0,111.0,1.0,55.0
92.0,24.0,92.0,24.0,-721.0,921.0,13.0,-711.0,15.36772126052165,12.0,17.0,30000.0,15000.0,28000.0,0.0,24.62742713896673,19.5,25.0,1.0,15000.0,34045.2076482332,28000.0,0.0,25.121906196656628,20.0,26.0,1.0,722.0,15.160094062884763,12.0,17.0,1.0,20049.166414510357,15000.0,28000.0,1.0,19.5,21.561654512958526,25.0,1.0,24022.60622901452,15000.0,28000.0,1.0,22.047360797065274,20.0,26.0,1.0,0.0,92122.0,7.0,25.0
11.0,21.0,11.0,21.0,-121.0,21.0,12.0,-111.0,10.203942003257746,9.0,11.0,30000.0,10000.0,19000.0,0.0,25.163443434739698,16.5,19.0,0.0,10000.0,37023.20943317139,25000.0,0.0,26.48772508732724,17.0,20.0,0.0,122.0,10.157958498478585,9.0,11.0,1.0,14611.128762424003,10000.0,19000.0,1.0,16.5,17.402920409324924,19.0,1.0,21688.55805729494,10000.0,25000.0,1.0,18.737425645409125,17.0,20.0,1.0,0.0,211.0,1.0,6.0
11.0,22.0,11.0,21.0,-121.0,11.0,12.0,-111.0,10.178814629225146,9.0,11.0,30000.0,10000.0,19000.0,0.0,24.174315090047955,16.5,19.0,0.0,10000.0,36956.27553526018,25000.0,0.0,25.487535686072317,17.0,20.0,0.0,122.0,10.205532570984126,9.0,11.0,1.0,12685.558518956674,10000.0,19000.0,1.0,16.5,17.054896295653435,19.0,1.0,19684.02100640372,10000.0,25000.0,1.0,18.37608103487691,17.0,20.0,1.0,0.0,111.0,1.0,46.0
11.0,22.0,11.0,21.0,-121.0,11.0,11.0,-111.0,10.004184063657126,9.0,11.0,30000.0,10000.0,19000.0,0.0,24.861680090367642,16.5,19.0,0.0,10000.0,36557.891883212826,25000.0,0.0,26.170299836547674,17.0,20.0,0.0,121.0,9.990871122659607,9.0,11.0,1.0,12609.66260813608,10000.0,19000.0,1.0,16.5,16.989553204357716,19.0,1.0,19072.265568439492,10000.0,25000.0,1.0,18.2791581560989,17.0,20.0,1.0,0.0,111.0,1.0,0.0
11.0,21.0,11.0,22.0,-121.0,21.0,13.0,-111.0,10.004231251770525,9.0,11.0,30000.0,10000.0,19000.0,0.0,26.12715606393042,16.5,19.0,0.0,10000.0,36514.31161068471,25000.0,0.0,27.42468487157568,17.0,20.0,0.0,121.0,9.993216968279622,9.0,11.0,1.0,14243.922969928186,10000.0,19000.0,1.0,16.5,17.398079459860472,19.0,1.0,20777.706873861905,10000.0,25000.0,1.0,18.699486783449004,17.0,20.0,1.0,0.0,211.0,1.0,59.0
11.0,22.0,11.0,22.0,-121.0,11.0,12.0,-111.0,10.202193625163735,9.0,11.0,30000.0,10000.0,19000.0,0.0,24.439929487793307,16.5,19.0,0.0,10000.0,37211.94958846351,25000.0,0.0,25.80105164328499,17.0,20.0,0.0,122.0,10.216623909516828,9.0,11.0,1.0,13816.93459852678,10000.0,19000.0,1.0,16.5,17.365378837998747,19.0,1.0,20884.344782126576,10000.0,25000.0,1.0,18.699221852962843,17.0,20.0,1.0,0.0,111.0,1.0,42.0
92.0,24.0,92.0,24.0,-721.0,921.0,13.0,-711.0,15.4554019474369,12.0,17.0,30000.0,15000.0,28000.0,0.0,24.343927871076012,19.5,25.0,1.0,15000.0,34459.21454023292,28000.0,0.0,24.90095407016308,20.0,26.0,1.0,721.0,15.271270454005023,12.0,17.0,1.0,22165.024357384707,15000.0,28000.0,1.0,19.5,22.10938091313455,25.0,1.0,26651.701594344682,15000.0,28000.0,1.0,22.669837636013764,20.0,26.0,1.0,0.0,92122.0,7.0,22.0
11.0,22.0,11.0,22.0,-121.0,21.0,12.0,-111.0,9.995642119078218,9.0,11.0,30000.0,10000.0,19000.0,0.0,23.995798474932606,16.5,19.0,0.0,10000.0,36585.35304486833,25000.0,0.0,25.305910526124812,17.0,20.0,0.0,121.0,9.998786364486744,9.0,11.0,1.0,16403.71733968344,10000.0,19000.0,1.0,16.5,17.81321876199798,19.0,1.0,23000.164194313034,10000.0,25000.0,1.0,19.125537852624948,17.0,20.0,1.0,0.0,211.0,1.0,48.0
91.0,24.0,91.0,24.0,-721.0,911.0,11.0,-711.0,15.132670194207318,12.0,17.0,30000.0,18000.0,36000.0,1.0,24.251983402787992,20.0,25.0,1.0,18000.0,34452.61684904744,36000.0,1.0,24.80865326428533,20.0,26.0,1.0,721.0,14.900737703984825,12.0,17.0,1.0,29821.96103845749,18000.0,36000.0,1.0,20.0,23.65504179111762,25.0,1.0,34316.216339604056,18000.0,36000.0,1.0,24.216917326525103,20.0,26.0,1.0,1.0,91121.0,7.0,9.0
91.0,24.0,91.0,21.0,-721.0,911.0,11.0,-711.0,14.589205500838668,12.0,17.0,30000.0,18000.0,36000.0,1.0,23.8728680343163,20.0,25.0,1.0,18000.0,34464.77792371904,36000.0,1.0,24.430369306682994,20.0,26.0,1.0,721.0,13.741532470671604,12.0,17.0,1.0,24461.270606302543,18000.0,36000.0,1.0,20.0,21.77992082441695,25.0,1.0,28956.380394892014,18000.0,36000.0,1.0,22.341209531130307,20.0,26.0,1.0,1.0,91121.0,7.0,3.0
81.0,23.0,81.0,21.0,-721.0,912.0,11.0,-711.0,15.39481334442602,12.0,17.0,30000.0,12500.0,23000.0,0.0,26.17590444369348,20.0,24.0,0.0,12500.0,33855.54205340086,26000.0,0.0,26.64429766981897,20.0,25.0,0.0,722.0,15.489371508780623,12.0,17.0,1.0,12693.049102597943,12500.0,23000.0,1.0,20.0,21.44051617575392,24.0,1.0,16647.927507184126,12500.0,26000.0,1.0,21.920977348061502,20.0,25.0,1.0,0.0,912.0,7.0,12.0
81.0,23.0,81.0,21.0,-721.0,912.0,12.0,-711.0,15.269320765176749,12.0,17.0,30000.0,12500.0,23000.0,0.0,25.680600286846687,20.0,24.0,0.0,12500.0,34518.5828786187,26000.0,0.0,26.244478013555792,20.0,25.0,0.0,721.0,14.448257471265174,12.0,17.0,1.0,14698.721281795093,12500.0,23000.0,1.0,20.0,20.69041904645146,24.0,1.0,19210.532440690924,12500.0,26000.0,1.0,21.253451724607554,20.0,25.0,1.0,0.0,912.0,7.0,30.0
11.0,21.0,11.0,22.0,-121.0,21.0,13.0,-111.0,10.006577059687329,9.0,11.0,30000.0,10000.0,19000.0,0.0,25.529058867126253,16.5,19.0,0.0,10000.0,36472.71555922094,25000.0,0.0,26.829094443082077,17.0,20.0,0.0,121.0,10.000978404298339,9.0,11.0,1.0,12977.1797949439,10000.0,19000.0,1.0,16.5,17.113193345285502,19.0,1.0,19504.90231133427,10000.0,25000.0,1.0,18.4242769891799,17.0,20.0,1.0,0.0,211.0,1.0,52.0
11.0,22.0,11.0,21.0,-121.0,11.0,11.0,-111.0,10.21183554377742,9.0,11.0,30000.0,10000.0,19000.0,0.0,23.479837846932966,16.5,19.0,0.0,10000.0,37116.77716537999,25000.0,0.0,24.82326180030392,17.0,20.0,0.0,122.0,10.169936740035054,9.0,11.0,1.0,13054.31279249732,10000.0,19000.0,1.0,16.5,17.12209976068908,19.0,1.0,19951.56758387819,10000.0,25000.0,1.0,18.42408478620293,17.0,20.0,1.0,0.0,111.0,1.0,39.0
11.0,22.0,11.0,22.0,-121.0,11.0,11.0,-111.0,10.000399851432022,9.0,11.0,30000.0,10000.0,19000.0,0.0,24.136512022964396,16.5,19.0,0.0,10000.0,36489.47859382176,25000.0,0.0,25.43367628889706,17.0,20.0,0.0,121.0,9.99581886877209,9.0,11.0,1.0,12783.512618594701,10000.0,19000.0,1.0,16.5,17.058675657596936,19.0,1.0,19277.831436518776,10000.0,25000.0,1.0,18.35680742279073,17.0,20.0,1.0,0.0,111.0,1.0,27.0
92.0,24.0,92.0,24.0,-721.0,921.0,13.0,-711.0,15.368084480576693,12.0,17.0,30000.0,15000.0,28000.0,0.0,24.498210055398758,19.5,25.0,1.0,15000.0,33915.08135295262,28000.0,0.0,24.975401360357793,20.0,26.0,1.0,722.0,15.1553413593409,12.0,17.0,1.0,21787.53312575675,15000.0,28000.0,1.0,19.5,21.867851683623513,25.0,1.0,25891.286229816178,15000.0,28000.0,1.0,22.368039322758765,20.0,26.0,1.0,0.0,92122.0,7.0,20.0
11.0,21.0,11.0,21.0,-121.0,21.0,13.0,-111.0,9.992802219038845,9.0,11.0,30000.0,10000.0,19000.0,0.0,27.76716899017108,16.5,19.0,0.0,10000.0,36516.16915155595,25000.0,0.0,29.072520305760918,17.0,20.0,0.0,121.0,10.003382122412527,9.0,11.0,1.0,12202.07629878744,10000.0,19000.0,1.0,16.5,16.9345269407427,19.0,1.0,18675.40963936013,10000.0,25000.0,1.0,18.23129717427023,17.0,20.0,1.0,0.0,211.0,1.0,34.0
11.0,22.0,11.0,21.0,-121.0,11.0,11.0,-111.0,10.004253816369262,9.0,11.0,30000.0,10000.0,19000.0,0.0,25.764907166478512,16.5,19.0,0.0,10000.0,36517.83913880986,25000.0,0.0,27.072144387004215,17.0,20.0,0.0,121.0,10.000353193913297,9.0,11.0,1.0,13329.799329129215,10000.0,19000.0,1.0,16.5,17.122868279797938,19.0,1.0,19837.230265943042,10000.0,25000.0,1.0,18.428018000347315,17.0,20.0,1.0,0.0,111.0,1.0,39.0
91.0,24.0,91.0,21.0,-721.0,911.0,11.0,-711.0,15.216564916752542,12.0,17.0,30000.0,18000.0,36000.0,1.0,25.988867877121194,20.0,25.0,0.0,18000.0,33975.43736408175,36000.0,1.0,26.473770785705042,20.0,26.0,0.0,722.0,15.2263500982712,12.0,17.0,1.0,23275.026206886916,18000.0,36000.0,1.0,20.0,22.974471921746034,25.0,1.0,27368.57680131885,18000.0,36000.0,1.0,23.473781659992575,20.0,26.0,1.0,0.0,91121.0,7.0,2.0
11.0,22.0,11.0,22.0,-121.0,21.0,13.0,-111.0,10.221548783113056,9.0,11.0,30000.0,10000.0,19000.0,0.0,26.11666489063885,16.5,19.0,0.0,10000.0,37080.79244860489,25000.0,0.0,27.45072901046956,17.0,20.0,0.0,122.0,10.196177701883423,9.0,11.0,1.0,13877.660853922427,10000.0,19000.0,1.0,16.5,17.396999849046423,19.0,1.0,20848.396806213612,10000.0,25000.0,1.0,18.710328659382878,17.0,20.0,1.0,0.0,211.0,1.0,8.0
11.0,21.0,11.0,21.0,-121.0,11.0,11.0,-111.0,9.996949725762128,9.0,11.0,30000.0,10000.0,19000.0,0.0,26.4613650482314,16.5,19.0,0.0,10000.0,36544.28813560498,25000.0,0.0,27.769309339946666,17.0,20.0,0.0,121.0,9.997059988568072,9.0,11.0,1.0,12785.626862086434,10000.0,19000.0,1.0,16.5,17.02064834812824,19.0,1.0,19296.062373274326,10000.0,25000.0,1.0,18.321826839507636,17.0,20.0,1.0,0.0,111.0,1.0,56.0
11.0,22.0,11.0,22.0,-121.0,11.0,12.0,-111.0,9.983128795137587,9.0,11.0,30000.0,10000.0,19000.0,0.0,24.22319723131416,16.5,19.0,0.0,10000.0,36491.2741589995,25000.0,0.0,25.517888438081172,17.0,20.0,0.0,121.0,9.990939534196604,9.0,11.0,1.0,17115.5975485074,10000.0,19000.0,1.0,16.5,17.929855715357174,19.0,1.0,23570.044984933003,10000.0,25000.0,1.0,19.217201795000822,17.0,20.0,1.0,0.0,111.0,1.0,14.0
11.0,22.0,11.0,21.0,-121.0,21.0,12.0,-111.0,9.983916911968999,9.0,11.0,30000.0,10000.0,19000.0,0.0,23.816236278611086,16.5,19.0,0.0,10000.0,36418.96668165814,25000.0,0.0,25.105079253412704,17.0,20.0,0.0,121.0,9.98587062325044,9.0,11.0,1.0,13473.474726975288,10000.0,19000.0,1.0,16.5,17.164359193806703,19.0,1.0,19948.2766207635,10000.0,25000.0,1.0,18.464413135181186,17.0,20.0,1.0,0.0,211.0,1.0,53.0
11.0,21.0,11.0,21.0,-121.0,11.0,11.0,-111.0,10.010301192190674,9.0,11.0,30000.0,10000.0,19000.0,0.0,25.133003890738248,16.5,19.0,0.0,10000.0,36513.473996848945,25000.0,0.0,26.439557540671405,17.0,20.0,0.0,121.0,9.995745770254004,9.0,11.0,1.0,12665.38859005563,10000.0,19000.0,1.0,16.5,17.001482700624255,19.0,1.0,19195.688955344387,10000.0,25000.0,1.0,18.311411592879832,17.0,20.0,1.0,0.0,111.0,1.0,56.0
11.0,22.0,11.0,21.0,-121.0,11.0,11.0,-111.0,10.172483653767332,9.0,11.0,30000.0,10000.0,19000.0,0.0,25.312637772643257,16.5,19.0,0.0,10000.0,36972.236083527685,25000.0,0.0,26.62788540703665,17.0,20.0,0.0,122.0,10.211368792877014,9.0,11.0,1.0,11530.744877712172,10000.0,19000.0,1.0,16.5,16.86248719253794,19.0,1.0,18691.49238624228,10000.0,25000.0,1.0,18.21329575786085,17.0,20.0,1.0,0.0,111.0,1.0,1.0
91.0,24.0,91.0,21.0,-721.0,911.0,11.0,-711.0,14.576750074267272,12.0,17.0,30000.0,18000.0,36000.0,1.0,23.561123398367414,20.0,25.0,1.0,18000.0,34464.50298490927,36000.0,1.0,24.11970203692518,20.0,26.0,1.0,721.0,14.30474856610202,12.0,17.0,1.0,20377.336300549836,18000.0,36000.0,1.0,20.0,21.77421284273271,25.0,1.0,24885.49088241968,18000.0,36000.0,1.0,22.33825297379782,20.0,26.0,1.0,1.0,91121.0,7.0,15.0
11.0,22.0,11.0,22.0,-121.0,21.0,13.0,-111.0,10.22883964807811,9.0,11.0,30000.0,10000.0,19000.0,0.0,26.115019101063744,16.5,19.0,0.0,10000.0,37123.90805303562,25000.0,0.0,27.455515445305174,17.0,20.0,0.0,122.0,10.21372390527251,9.0,11.0,1.0,14158.420389346873,10000.0,19000.0,1.0,16.5,17.402919131532435,19.0,1.0,21283.196818451455,10000.0,25000.0,1.0,18.74357887694878,17.0,20.0,1.0,0.0,211.0,1.0,16.0
11.0,22.0,11.0,22.0,-121.0,21.0,13.0,-111.0,10.18008160515445,9.0,11.0,30000.0,10000.0,19000.0,0.0,25.782414578985524,16.5,19.0,0.0,10000.0,37011.826779000665,25000.0,0.0,27.102375912933752,17.0,20.0,0.0,122.0,10.222137835575662,9.0,11.0,1.0,14232.567426260526,10000.0,19000.0,1.0,16.5,17.45733550366617,19.0,1.0,21185.958104596444,10000.0,25000.0,1.0,18.766296367149955,17.0,20.0,1.0,0.0,211.0,1.0,4.0
11.0,22.0,11.0,21.0,-121.0,11.0,11.0,-111.0,10.180312511377785,9.0,11.0,30000.0,10000.0,19000.0,0.0,25.63546795999062,16.5,19.0,0.0,10000.0,36957.70238842561,25000.0,0.0,26.948005021001755,17.0,20.0,0.0,122.0,10.185033068227376,9.0,11.0,1.0,15343.273251297865,10000.0,19000.0,1.0,16.5,17.589245486816047,19.0,1.0,22333.294945990652,10000.0,25000.0,1.0,18.907879429368478,17.0,20.0,1.0,0.0,111.0,1.0,26.0
91.0,24.0,91.0,21.0,-721.0,911.0,12.0,-711.0,15.072881850314468,12.0,17.0,30000.0,18000.0,36000.0,1.0,23.764247546236273,20.0,25.0,1.0,18000.0,34059.07382378093,36000.0,1.0,24.25986348267623,20.0,26.0,1.0,722.0,15.187885902737312,12.0,17.0,1.0,26065.42352922562,18000.0,36000.0,1.0,20.0,23.30903338423133,25.0,1.0,30142.47002623694,18000.0,36000.0,1.0,23.806843797455922,20.0,26.0,1.0,1.0,91121.0,7.0,14.0
11.0,22.0,11.0,22.0,-121.0,21.0,13.0,-111.0,10.010440326996887,9.0,11.0,30000.0,10000.0,19000.0,0.0,25.251649030945494,16.5,19.0,0.0,10000.0,36404.625188674516,25000.0,0.0,26.530209375236804,17.0,20.0,0.0,121.0,10.001367479160352,9.0,11.0,1.0,15698.819910361824,10000.0,19000.0,1.0,16.5,17.698649732561826,19.0,1.0,22165.402941127177,10000.0,25000.0,1.0,18.989578769412272,17.0,20.0,1.0,0.0,211.0,1.0,31.0
11.0,21.0,11.0,22.0,-121.0,21.0,13.0,-111.0,10.000181298784641,9.0,11.0,30000.0,10000.0,19000.0,0.0,27.024010959311205,16.5,19.0,0.0,10000.0,36462.34523278895,25000.0,0.0,28.315745357170847,17.0,20.0,0.0,121.0,9.996671318562173,9.0,11.0,1.0,15168.606358098967,10000.0,19000.0,1.0,16.5,17.571149256722578,19.0,1.0,21665.488580644673,10000.0,25000.0,1.0,18.869787126318915,17.0,20.0,1.0,0.0,211.0,1.0,9.0
11.0,22.0,11.0,21.0,-121.0,11.0,11.0,-111.0,9.98616526771801,9.0,11.0,30000.0,10000.0,19000.0,0.0,25.180164522839092,16.5,19.0,0.0,10000.0,36474.513258666324,25000.0,0.0,26.47634428257306,17.0,20.0,0.0,121.0,10.000313845931574,9.0,11.0,1.0,12771.005354252378,10000.0,19000.0,1.0,16.5,17.007694047969014,19.0,1.0,19283.466388868994,10000.0,25000.0,1.0,18.311470848151984,17.0,20.0,1.0,0.0,111.0,1.0,1.0
11.0,22.0,11.0,21.0,-121.0,11.0,12.0,-111.0,9.986943347571035,9.0,11.0,30000.0,10000.0,19000.0,0.0,24.025734497139304,16.5,19.0,0.0,10000.0,36375.87162749021,25000.0,0.0,25.30224771381369,17.0,20.0,0.0,121.0,9.991825137051173,9.0,11.0,1.0,13445.44658353971,10000.0,19000.0,1.0,16.5,17.16464204050801,19.0,1.0,20001.78693693869,10000.0,25000.0,1.0,18.47728689961159,17.0,20.0,1.0,0.0,111.0,1.0,10.0
92.0,24.0,92.0,24.0,-721.0,921.0,13.0,-711.0,16.046466209484333,12.0,17.0,30000.0,15000.0,28000.0,0.0,25.201272148545264,19.5,25.0,0.0,15000.0,34496.201933810786,28000.0,0.0,25.76583473084005,20.0,26.0,1.0,721.0,15.518454223082196,12.0,17.0,1.0,20841.1410559386,15000.0,28000.0,1.0,19.5,22.1769679708652,25.0,1.0,25370.250210568287,15000.0,28000.0,1.0,22.745662526286452,20.0,26.0,1.0,0.0,92122.0,7.0,20.0
11.0,22.0,11.0,22.0,-121.0,11.0,11.0,-111.0,10.21141274590725,9.0,11.0,30000.0,10000.0,19000.0,0.0,24.155678330165294,16.5,19.0,0.0,10000.0,37298.78130889828,25000.0,0.0,25.54132972441966,17.0,20.0,0.0,122.0,10.21699626760686,9.0,11.0,1.0,16474.799690782263,10000.0,19000.0,1.0,16.5,17.892225925824,19.0,1.0,23393.211778510566,10000.0,25000.0,1.0,19.20566538231239,17.0,20.0,1.0,0.0,111.0,1.0,11.0
91.0,24.0,91.0,24.0,-721.0,911.0,11.0,-711.0,15.01397144271117,12.0,17.0,30000.0,18000.0,36000.0,1.0,24.681417920429276,20.0,25.0,1.0,18000.0,33912.33747895086,36000.0,1.0,25.156301311632745,20.0,26.0,1.0,722.0,15.30422388223856,12.0,17.0,1.0,24291.547999868326,18000.0,36000.0,1.0,20.0,23.229218456340018,25.0,1.0,28340.969906489798,18000.0,36000.0,1.0,23.720741290905327,20.0,26.0,1.0,1.0,91121.0,7.0,28.0
11.0,22.0,11.0,22.0,-121.0,21.0,13.0,-111.0,10.195774405093976,9.0,11.0,30000.0,10000.0,19000.0,0.0,25.86769618108725,16.5,19.0,0.0,10000.0,36974.35264455927,25000.0,0.0,27.183889774865357,17.0,20.0,0.0,122.0,10.183432413373733,9.0,11.0,1.0,13793.769522492426,10000.0,19000.0,1.0,16.5,17.356685048416693,19.0,1.0,20713.25361541266,10000.0,25000.0,1.0,18.66252389819952,17.0,20.0,1.0,0.0,211.0,1.0,36.0
11.0,22.0,11.0,22.0,-121.0,21.0,13.0,-111.0,10.004822456642033,9.0,11.0,30000.0,10000.0,19000.0,0.0,27.471831641438854,16.5,19.0,0.0,10000.0,36466.0144467037,25000.0,0.0,28.763715276173752,17.0,20.0,0.0,121.0,9.997477428855387,9.0,11.0,1.0,15224.666193824225,10000.0,19000.0,1.0,16.5,17.580472990016304,19.0,1.0,21699.950850884718,10000.0,25000.0,1.0,18.874208775430606,17.0,20.0,1.0,0.0,211.0,1.0,31.0
11.0,22.0,11.0,21.0,-121.0,21.0,12.0,-111.0,10.18552440286837,9.0,11.0,30000.0,10000.0,19000.0,0.0,24.2858548005144,16.5,19.0,0.0,10000.0,36976.28414021197,25000.0,0.0,25.596839424291968,17.0,20.0,0.0,122.0,10.208417728625301,9.0,11.0,1.0,13934.187841512592,10000.0,19000.0,1.0,16.5,17.275164611535153,19.0,1.0,20989.03482325077,10000.0,25000.0,1.0,18.60091277922394,17.0,20.0,1.0,0.0,211.0,1.0,53.0
11.0,22.0,11.0,21.0,-121.0,11.0,12.0,-111.0,10.198178949202436,9.0,11.0,30000.0,10000.0,19000.0,0.0,25.01073554801563,16.5,19.0,0.0,10000.0,37056.38711485699,25000.0,0.0,26.341072449946655,17.0,20.0,0.0,122.0,10.20488366174488,9.0,11.0,1.0,14495.593018077538,10000.0,19000.0,1.0,16.5,17.419256469285166,19.0,1.0,21402.2636787147,10000.0,25000.0,1.0,18.7213674078963,17.0,20.0,1.0,0.0,111.0,1.0,45.0
11.0,21.0,11.0,22.0,-121.0,21.0,13.0,-111.0,10.171682336274264,9.0,11.0,30000.0,10000.0,19000.0,0.0,29.23359038920369,16.5,19.0,0.0,10000.0,36978.157984651785,25000.0,0.0,30.54724918054995,17.0,20.0,0.0,122.0,10.20031090852813,9.0,11.0,1.0,14652.920720520504,10000.0,19000.0,1.0,16.5,17.47114646965015,19.0,1.0,21674.110660132228,10000.0,25000.0,1.0,18.7929061532471,17.0,20.0,1.0,0.0,211.0,1.0,9.0
92.0,24.0,92.0,24.0,-721.0,921.0,13.0,-711.0,15.2895821639366,12.0,17.0,30000.0,15000.0,28000.0,0.0,24.73442289451782,19.5,25.0,1.0,15000.0,34001.503888276064,28000.0,0.0,25.225647035013832,20.0,26.0,1.0,722.0,15.37674655734962,12.0,17.0,1.0,21902.93602455826,15000.0,28000.0,1.0,19.5,22.120860204519502,25.0,1.0,25858.57450523289,15000.0,28000.0,1.0,22.606453913043794,20.0,26.0,1.0,0.0,92122.0,7.0,25.0
91.0,24.0,91.0,24.0,-721.0,911.0,12.0,-711.0,15.221024082836474,12.0,17.0,30000.0,18000.0,36000.0,1.0,24.605223824117687,20.0,25.0,1.0,18000.0,34485.08325360047,36000.0,1.0,25.166942781844746,20.0,26.0,1.0,721.0,15.137862899586265,12.0,17.0,1.0,27566.444348911664,18000.0,36000.0,1.0,20.0,23.632547471047896,25.0,1.0,32105.859283545335,18000.0,36000.0,1.0,24.201071014892065,20.0,26.0,1.0,1.0,91121.0,7.0,1.0
11.0,22.0,11.0,22.0,-121.0,21.0,13.0,-111.0,10.217150116485758,9.0,11.0,30000.0,10000.0,19000.0,0.0,25.322801054766032,16.5,19.0,0.0,10000.0,37009.3808303812,25000.0,0.0,26.645931145298547,17.0,20.0,0.0,122.0,10.21984044015386,9.0,11.0,1.0,15311.631522486365,10000.0,19000.0,1.0,16.5,17.67411523871334,19.0,1.0,22417.525497399965,10000.0,25000.0,1.0,19.01546369242984,17.0,20.0,1.0,0.0,211.0,1.0,5.0
91.0,24.0,91.0,21.0,-721.0,911.0,11.0,-711.0,15.258231848670672,12.0,17.0,30000.0,18000.0,36000.0,1.0,24.94347969573826,20.0,25.0,1.0,18000.0,33953.41680556733,36000.0,1.0,25.42566480275946,20.0,26.0,1.0,722.0,15.163724105501382,12.0,17.0,1.0,22589.932424540104,18000.0,36000.0,1.0,20.0,22.839077041181717,25.0,1.0,26588.84400973155,18000.0,36000.0,1.0,23.326810995253666,20.0,26.0,1.0,1.0,91121.0,7.0,21.0
91.0,24.0,91.0,21.0,-721.0,911.0,12.0,-711.0,14.720832661560246,12.0,17.0,30000.0,18000.0,36000.0,1.0,23.836453321418627,20.0,25.0,1.0,18000.0,34519.26770880222,36000.0,1.0,24.40157116644113,20.0,26.0,1.0,721.0,14.744823625194694,12.0,17.0,1.0,24427.275522528187,18000.0,36000.0,1.0,20.0,22.746815481026232,25.0,1.0,28878.28656143494,18000.0,36000.0,1.0,23.30339807992366,20.0,26.0,1.0,1.0,91121.0,7.0,29.0
81.0,23.0,81.0,23.0,-721.0,912.0,12.0,-711.0,15.130913664308292,12.0,17.0,30000.0,12500.0,23000.0,0.0,27.572609007389683,20.0,24.0,0.0,12500.0,33993.95381054165,26000.0,0.0,28.057957984890283,20.0,25.0,0.0,722.0,15.32567436675644,12.0,17.0,1.0,17476.868656927112,12500.0,23000.0,1.0,20.0,21.992015722806308,24.0,1.0,21431.236852815528,12500.0,26000.0,1.0,22.47255421963861,20.0,25.0,1.0,0.0,912.0,7.0,10.0
81.0,23.0,81.0,21.0,-721.0,912.0,11.0,-711.0,15.371735179904947,12.0,17.0,30000.0,12500.0,23000.0,0.0,27.859759644950913,20.0,24.0,0.0,12500.0,33977.080728958485,26000.0,0.0,28.34555307313154,20.0,25.0,0.0,722.0,14.703373683789643,12.0,17.0,1.0,15403.332016071497,12500.0,23000.0,1.0,20.0,21.116231719431028,24.0,1.0,19405.202819383732,12500.0,26000.0,1.0,21.605053211668157,20.0,25.0,1.0,0.0,912.0,7.0,12.0
91.0,24.0,91.0,21.0,-721.0,911.0,11.0,-711.0,14.819098965641581,12.0,17.0,30000.0,18000.0,36000.0,1.0,23.87736192699618,20.0,25.0,1.0,18000.0,34515.1933777011,36000.0,1.0,24.441540855114134,20.0,26.0,1.0,721.0,15.015442802363099,12.0,17.0,1.0,24131.04544142018,18000.0,36000.0,1.0,20.0,22.98335309962701,25.0,1.0,28626.11501607715,18000.0,36000.0,1.0,23.545017533972192,20.0,26.0,1.0,1.0,91121.0,7.0,2.0
11.0,22.0,11.0,21.0,-121.0,21.0,13.0,-111.0,10.194416816639363,9.0,11.0,30000.0,10000.0,19000.0,0.0,25.282138744680978,16.5,19.0,0.0,10000.0,36981.93044035619,25000.0,0.0,26.599462172375212,17.0,20.0,0.0,122.0,10.170645702398875,9.0,11.0,1.0,11980.370851383177,10000.0,19000.0,1.0,16.5,16.910730379676806,19.0,1.0,19065.772736392442,10000.0,25000.0,1.0,18.247576396331684,17.0,20.0,1.0,0.0,211.0,1.0,33.0
11.0,22.0,11.0,22.0,-121.0,21.0,13.0,-111.0,9.992703251947006,9.0,11.0,30000.0,10000.0,19000.0,0.0,26.85197718470886,16.5,19.0,0.0,10000.0,36473.680090385984,25000.0,0.0,28.145501425546044,17.0,20.0,0.0,121.0,10.013476811686317,9.0,11.0,1.0,13925.78256826034,10000.0,19000.0,1.0,16.5,17.28959773828037,19.0,1.0,20442.12767411829,10000.0,25000.0,1.0,18.591646995951585,17.0,20.0,1.0,0.0,211.0,1.0,36.0
11.0,21.0,11.0,21.0,-121.0,21.0,12.0,-111.0,9.993458073955479,9.0,11.0,30000.0,10000.0,19000.0,0.0,25.818660253786106,16.5,19.0,0.0,10000.0,36483.999383328264,25000.0,0.0,27.11477026050862,17.0,20.0,0.0,121.0,10.011648605943591,9.0,11.0,1.0,15451.455346310697,10000.0,19000.0,1.0,16.5,17.55255656342953,19.0,1.0,21813.749270848326,10000.0,25000.0,1.0,18.82433842733684,17.0,20.0,1.0,0.0,211.0,1.0,6.0
91.0,24.0,91.0,24.0,-721.0,911.0,11.0,-711.0,15.102046058639372,12.0,17.0,30000.0,18000.0,36000.0,1.0,25.91571852012715,20.0,25.0,0.0,18000.0,34018.89949016845,36000.0,1.0,26.405023427114493,20.0,26.0,0.0,722.0,15.302356864090163,12.0,17.0,1.0,23100.7465428666,18000.0,36000.0,1.0,20.0,23.218030602989778,25.0,1.0,27165.465219811373,18000.0,36000.0,1.0,23.71291404036303,20.0,26.0,1.0,0.0,91121.0,7.0,0.0
11.0,22.0,11.0,22.0,-121.0,11.0,11.0,-111.0,9.996773395848358,9.0,11.0,30000.0,10000.0,19000.0,0.0,24.493161113811137,16.5,19.0,0.0,10000.0,36503.02768029944,25000.0,0.0,25.789331076919236,17.0,20.0,0.0,121.0,9.985710178529994,9.0,11.0,1.0,17836.62480224732,10000.0,19000.0,1.0,16.5,18.085633556811096,19.0,1.0,24293.47241156763,10000.0,25000.0,1.0,19.37259900413977,17.0,20.0,1.0,0.0,111.0,1.0,30.0
91.0,24.0,91.0,21.0,-721.0,911.0,11.0,-711.0,14.247090799238869,12.0,17.0,30000.0,18000.0,36000.0,1.0,24.35802954711727,20.0,25.0,1.0,18000.0,34520.18855506554,36000.0,1.0,24.923544347694097,20.0,26.0,1.0,721.0,15.553133840768533,12.0,17.0,1.0,23956.700439532822,18000.0,36000.0,1.0,20.0,23.4688242681167,25.0,1.0,28448.958623494447,18000.0,36000.0,1.0,24.0308447369743,20.0,26.0,1.0,1.0,91121.0,7.0,2.0
81.0,23.0,81.0,23.0,-721.0,912.0,12.0,-711.0,15.525794107009702,12.0,17.0,30000.0,12500.0,23000.0,0.0,26.361929401575836,20.0,24.0,0.0,12500.0,34458.497034875036,26000.0,0.0,26.918876269946082,20.0,25.0,0.0,721.0,13.56843452187436,12.0,17.0,1.0,17858.23305520713,12500.0,23000.0,1.0,20.0,20.410250766462383,24.0,1.0,22279.17105232986,12500.0,26000.0,1.0,20.96250583212613,20.0,25.0,1.0,0.0,912.0,7.0,31.0
91.0,24.0,91.0,24.0,-721.0,911.0,11.0,-711.0,15.295064981280563,12.0,17.0,30000.0,18000.0,36000.0,1.0,24.592670208039586,20.0,25.0,1.0,18000.0,34010.13131315994,36000.0,1.0,25.083567110522395,20.0,26.0,1.0,722.0,15.199535475584199,12.0,17.0,1.0,20578.949968922174,18000.0,36000.0,1.0,20.0,22.798974502703313,25.0,1.0,24639.118767485725,18000.0,36000.0,1.0,23.295996702507946,20.0,26.0,1.0,1.0,91121.0,7.0,4.0
91.0,24.0,91.0,24.0,-721.0,911.0,11.0,-711.0,15.133011140767454,12.0,17.0,30000.0,18000.0,36000.0,1.0,24.117073486479867,20.0,25.0,1.0,18000.0,34078.75751722377,36000.0,1.0,24.615929071067942,20.0,26.0,1.0,722.0,15.36596731028866,12.0,17.0,1.0,26699.106017085283,18000.0,36000.0,1.0,20.0,23.62781526140872,25.0,1.0,30656.962065900203,18000.0,36000.0,1.0,24.111883898636975,20.0,26.0,1.0,1.0,91121.0,7.0,0.0
11.0,22.0,11.0,22.0,-121.0,21.0,13.0,-111.0,10.005537343619569,9.0,11.0,30000.0,10000.0,19000.0,0.0,24.87172983296216,16.5,19.0,0.0,10000.0,36491.43870515573,25000.0,0.0,26.17530931126424,17.0,20.0,0.0,121.0,10.006263969064959,9.0,11.0,1.0,13327.646504420656,10000.0,19000.0,1.0,16.5,17.228232495396366,19.0,1.0,19804.985334270226,10000.0,25000.0,1.0,18.528980504600366,17.0,20.0,1.0,0.0,211.0,1.0,16.0
11.0,22.0,11.0,22.0,-121.0,11.0,11.0,-111.0,10.209280764712469,9.0,11.0,30000.0,10000.0,19000.0,0.0,23.21137045514267,16.5,19.0,0.0,10000.0,37094.952841132974,25000.0,0.0,24.55358234437902,17.0,20.0,0.0,122.0,10.174910083514987,9.0,11.0,1.0,18245.59380328579,10000.0,19000.0,1.0,16.5,18.167010904567373,19.0,1.0,25151.724667378072,10000.0,25000.0,0.0,19.473501752634313,17.0,20.0,1.0,0.0,111.0,1.0,30.0
11.0,21.0,11.0,22.0,-121.0,21.0,13.0,-111.0,9.996318650762417,9.0,11.0,30000.0,10000.0,19000.0,0.0,26.16620128259121,16.5,19.0,0.0,10000.0,36481.83518375983,25000.0,0.0,27.45791865832962,17.0,20.0,0.0,121.0,9.979752958682017,9.0,11.0,1.0,14569.237130575746,10000.0,19000.0,1.0,16.5,17.397673211155517,19.0,1.0,21032.65458539896,10000.0,25000.0,1.0,18.685720252827323,17.0,20.0,1.0,0.0,211.0,1.0,9.0
11.0,22.0,11.0,22.0,-121.0,11.0,11.0,-111.0,10.011885980214014,9.0,11.0,30000.0,10000.0,19000.0,0.0,24.655035415659405,16.5,19.0,0.0,10000.0,36450.74472044823,25000.0,0.0,25.94292275011683,17.0,20.0,0.0,121.0,10.01012356053107,9.0,11.0,1.0,16999.478739191996,10000.0,19000.0,1.0,16.5,17.948619026748368,19.0,1.0,23526.483472234486,10000.0,25000.0,1.0,19.251731627218007,17.0,20.0,1.0,0.0,111.0,1.0,30.0
11.0,22.0,11.0,22.0,-121.0,11.0,12.0,-111.0,10.20634427907125,9.0,11.0,30000.0,10000.0,19000.0,0.0,23.88418825315204,16.5,19.0,0.0,10000.0,36964.87294102783,25000.0,0.0,25.198823269543876,17.0,20.0,0.0,122.0,10.210625782132952,9.0,11.0,1.0,17282.921193206803,10000.0,19000.0,1.0,16.5,17.991913004445664,19.0,1.0,24328.024368110444,10000.0,25000.0,1.0,19.32169165313625,17.0,20.0,1.0,0.0,111.0,1.0,14.0
11.0,22.0,11.0,21.0,-121.0,21.0,13.0,-111.0,10.205583316038489,9.0,11.0,30000.0,10000.0,19000.0,0.0,24.859189403932668,16.5,19.0,0.0,10000.0,37015.3954366509,25000.0,0.0,26.175486931583034,17.0,20.0,0.0,122.0,10.205637379656348,9.0,11.0,1.0,10944.487561780084,10000.0,19000.0,1.0,16.5,16.753186233189773,19.0,1.0,17858.74606831914,10000.0,25000.0,1.0,18.05050745476267,17.0,20.0,1.0,0.0,211.0,1.0,58.0
11.0,22.0,11.0,22.0,-121.0,11.0,12.0,-111.0,10.19467311327095,9.0,11.0,30000.0,10000.0,19000.0,0.0,23.828141561141898,16.5,19.0,0.0,10000.0,36918.042287092656,25000.0,0.0,25.13727933814346,17.0,20.0,0.0,122.0,10.208480187302728,9.0,11.0,1.0,15496.150590592768,10000.0,19000.0,1.0,16.5,17.6332017282639,19.0,1.0,22496.071075808748,10000.0,25000.0,1.0,18.957833750288515,17.0,20.0,1.0,0.0,111.0,1.0,42.0
11.0,22.0,11.0,21.0,-121.0,21.0,12.0,-111.0,10.004317810439826,9.0,11.0,30000.0,10000.0,19000.0,0.0,24.483525113408234,16.5,19.0,0.0,10000.0,36490.73041646322,25000.0,0.0,25.777818806630115,17.0,20.0,0.0,121.0,9.995570612799941,9.0,11.0,1.0,14402.722584186757,10000.0,19000.0,1.0,16.5,17.34214301869887,19.0,1.0,20792.32468163855,10000.0,25000.0,1.0,18.6162710699815,17.0,20.0,1.0,0.0,211.0,1.0,53.0
11.0,21.0,11.0,21.0,-121.0,11.0,11.0,-111.0,10.202677858650905,9.0,11.0,30000.0,10000.0,19000.0,0.0,25.129883261074852,16.5,19.0,0.0,10000.0,37048.75282321344,25000.0,0.0,26.46055793135727,17.0,20.0,0.0,122.0,10.218867640677288,9.0,11.0,1.0,16385.003065558576,10000.0,19000.0,1.0,16.5,17.793069102454908,19.0,1.0,23358.614084009125,10000.0,25000.0,1.0,19.109558384373585,17.0,20.0,1.0,0.0,111.0,1.0,56.0
11.0,22.0,11.0,22.0,-121.0,11.0,11.0,-111.0,10.18453909009398,9.0,11.0,30000.0,10000.0,19000.0,0.0,24.474524523139806,16.5,19.0,0.0,10000.0,37011.0963294827,25000.0,0.0,25.797089046943007,17.0,20.0,0.0,122.0,10.200840431173253,9.0,11.0,1.0,16472.57191293373,10000.0,19000.0,1.0,16.5,17.83349903020261,19.0,1.0,23417.388743831765,10000.0,25000.0,1.0,19.14356067152295,17.0,20.0,1.0,0.0,111.0,1.0,55.0
91.0,24.0,91.0,21.0,-721.0,911.0,11.0,-711.0,14.463116904855084,12.0,17.0,30000.0,18000.0,36000.0,1.0,23.95103177877378,20.0,25.0,1.0,18000.0,34480.196366815864,36000.0,1.0,24.51245744657287,20.0,26.0,1.0,721.0,14.765178108359352,12.0,17.0,1.0,20548.55783967418,18000.0,36000.0,1.0,20.0,22.26959336419253,25.0,1.0,25027.062653047367,18000.0,36000.0,1.0,22.8308070588004,20.0,26.0,1.0,1.0,91121.0,7.0,3.0
91.0,24.0,91.0,24.0,-721.0,911.0,12.0,-711.0,15.072714645418737,12.0,17.0,30000.0,18000.0,36000.0,1.0,25.153495633018515,20.0,25.0,0.0,18000.0,34493.61846952042,36000.0,1.0,25.717621032601127,20.0,26.0,1.0,721.0,15.99181905232146,12.0,17.0,1.0,27754.92885231384,18000.0,36000.0,1.0,20.0,24.455947672579093,25.0,1.0,32305.010286626097,18000.0,36000.0,1.0,25.02716138924756,20.0,26.0,1.0,0.0,91121.0,7.0,24.0
11.0,22.0,11.0,21.0,-121.0,11.0,11.0,-111.0,10.008119746382114,9.0,11.0,30000.0,10000.0,19000.0,0.0,26.384412739855254,16.5,19.0,0.0,10000.0,36528.93869006785,25000.0,0.0,27.68833662620553,17.0,20.0,0.0,121.0,9.983401394038985,9.0,11.0,1.0,18853.141032202864,10000.0,19000.0,1.0,16.5,18.238657838403938,19.0,1.0,25333.370032627852,10000.0,25000.0,0.0,19.532853692245858,17.0,20.0,1.0,0.0,111.0,1.0,26.0
81.0,23.0,81.0,21.0,-721.0,912.0,12.0,-711.0,15.456993359101114,12.0,17.0,30000.0,12500.0,23000.0,0.0,26.759604519288203,20.0,24.0,0.0,12500.0,33964.926388638785,26000.0,0.0,27.245436090186374,20.0,25.0,0.0,722.0,15.087646450336896,12.0,17.0,1.0,15841.556027842487,12500.0,23000.0,1.0,20.0,21.469316810978928,24.0,1.0,19865.15670195205,12500.0,26000.0,1.0,21.962337877339937,20.0,25.0,1.0,0.0,912.0,7.0,11.0
81.0,21.0,81.0,23.0,-721.0,912.0,12.0,-711.0,15.187542607967506,12.0,17.0,30000.0,12500.0,23000.0,0.0,27.798651494738117,20.0,24.0,0.0,12500.0,34006.92475120299,26000.0,0.0,28.287246580637525,20.0,25.0,0.0,722.0,15.34633178181333,12.0,17.0,1.0,16391.09165105629,12500.0,23000.0,1.0,20.0,21.945649752492702,24.0,1.0,20397.75882371732,12500.0,26000.0,1.0,22.434213429863714,20.0,25.0,1.0,0.0,912.0,7.0,7.0
11.0,21.0,11.0,22.0,-121.0,11.0,11.0,-111.0,9.999509559820872,9.0,11.0,30000.0,10000.0,19000.0,0.0,25.4956200852841,16.5,19.0,0.0,10000.0,36504.502122504164,25000.0,0.0,26.796285577288785,17.0,20.0,0.0,121.0,9.987700043330603,9.0,11.0,1.0,16387.404324850308,10000.0,19000.0,1.0,16.5,17.799851481844303,19.0,1.0,22997.118378784107,10000.0,25000.0,1.0,19.121555560043653,17.0,20.0,1.0,0.0,111.0,1.0,29.0
11.0,22.0,11.0,21.0,-121.0,21.0,12.0,-111.0,10.209335933962713,9.0,11.0,30000.0,10000.0,19000.0,0.0,24.494803087955866,16.5,19.0,0.0,10000.0,37035.58879818635,25000.0,0.0,25.82204732450523,17.0,20.0,0.0,122.0,10.209423201061771,9.0,11.0,1.0,14084.579058281162,10000.0,19000.0,1.0,16.5,17.333150441543307,19.0,1.0,21034.070624587013,10000.0,25000.0,1.0,18.64415267503165,17.0,20.0,1.0,0.0,211.0,1.0,53.0
11.0,21.0,11.0,22.0,-121.0,11.0,11.0,-111.0,10.007339363989502,9.0,11.0,30000.0,10000.0,19000.0,0.0,25.460197924427185,16.5,19.0,0.0,10000.0,36534.71928726061,25000.0,0.0,26.768029894255378,17.0,20.0,0.0,121.0,10.009330966700748,9.0,11.0,1.0,16882.87373847358,10000.0,19000.0,1.0,16.5,17.908727599873014,19.0,1.0,23373.130474145088,10000.0,25000.0,1.0,19.207661016623078,17.0,20.0,1.0,0.0,111.0,1.0,43.0
81.0,23.0,81.0,23.0,-721.0,912.0,12.0,-711.0,14.755694602048722,12.0,17.0,30000.0,12500.0,23000.0,0.0,25.264694501245657,20.0,24.0,0.0,12500.0,34414.27180459867,26000.0,0.0,25.816447902898215,20.0,25.0,0.0,721.0,14.75906016199638,12.0,17.0,1.0,17957.274004772178,12500.0,23000.0,1.0,20.0,21.63677929643431,24.0,1.0,22469.93343972452,12500.0,26000.0,1.0,22.200830470433285,20.0,25.0,1.0,0.0,912.0,7.0,10.0
11.0,22.0,11.0,22.0,-121.0,21.0,12.0,-111.0,10.194061463003656,9.0,11.0,30000.0,10000.0,19000.0,0.0,23.70927752721516,16.5,19.0,0.0,10000.0,37039.84407233151,25000.0,0.0,25.037427712277275,17.0,20.0,0.0,122.0,10.198019416948476,9.0,11.0,1.0,15261.664091214963,10000.0,19000.0,1.0,16.5,17.62433490479605,19.0,1.0,22268.429255259947,10000.0,25000.0,1.0,18.94624436098534,17.0,20.0,1.0,0.0,211.0,1.0,25.0
11.0,22.0,11.0,21.0,-121.0,11.0,12.0,-111.0,9.989967663031285,9.0,11.0,30000.0,10000.0,19000.0,0.0,25.174993113030006,16.5,19.0,0.0,10000.0,36470.54963836751,25000.0,0.0,26.474000744149233,17.0,20.0,0.0,121.0,9.996103058905193,9.0,11.0,1.0,15390.212876232157,10000.0,19000.0,1.0,16.5,17.563975596215187,19.0,1.0,21925.453541254068,10000.0,25000.0,1.0,18.87597039874729,17.0,20.0,1.0,0.0,111.0,1.0,45.0
11.0,22.0,11.0,22.0,-121.0,21.0,13.0,-111.0,10.209996497650675,9.0,11.0,30000.0,10000.0,19000.0,0.0,26.905397767359318,16.5,19.0,0.0,10000.0,37099.814379052244,25000.0,0.0,28.249472481588857,17.0,20.0,0.0,122.0,10.198225743175504,9.0,11.0,1.0,14945.378236577373,10000.0,19000.0,1.0,16.5,17.525878622812083,19.0,1.0,21940.460581606076,10000.0,25000.0,1.0,18.850126385070006,17.0,20.0,1.0,0.0,211.0,1.0,8.0
11.0,21.0,11.0,22.0,-121.0,21.0,13.0,-111.0,10.200599070151549,9.0,11.0,30000.0,10000.0,19000.0,0.0,26.389842669286402,16.5,19.0,0.0,10000.0,36836.66566511287,25000.0,0.0,27.673206307649913,17.0,20.0,0.0,122.0,10.200838829324343,9.0,11.0,1.0,14298.284639482594,10000.0,19000.0,1.0,16.5,17.459646677878865,19.0,1.0,21362.424395717553,10000.0,25000.0,1.0,18.78571124554269,17.0,20.0,1.0,0.0,211.0,1.0,9.0
11.0,21.0,11.0,22.0,-121.0,21.0,13.0,-111.0,10.172531583469762,9.0,11.0,30000.0,10000.0,19000.0,0.0,26.456479278926558,16.5,19.0,0.0,10000.0,37047.7806569143,25000.0,0.0,27.785445168649055,17.0,20.0,0.0,122.0,10.199307201137492,9.0,11.0,1.0,13037.952268435762,10000.0,19000.0,1.0,16.5,17.1847733563714,19.0,1.0,19912.362914515696,10000.0,25000.0,1.0,18.48104770220006,17.0,20.0,1.0,0.0,211.0,1.0,32.0
11.0,21.0,11.0,22.0,-121.0,21.0,13.0,-111.0,10.204856207142111,9.0,11.0,30000.0,10000.0,19000.0,0.0,27.83670356885992,16.5,19.0,0.0,10000.0,36977.40981713314,25000.0,0.0,29.152205332081515,17.0,20.0,0.0,122.0,10.172515048293983,9.0,11.0,1.0,14946.60760403262,10000.0,19000.0,1.0,16.5,17.513653856178117,19.0,1.0,21877.531359121644,10000.0,25000.0,1.0,18.82039126440452,17.0,20.0,1.0,0.0,211.0,1.0,32.0
11.0,22.0,11.0,21.0,-121.0,11.0,12.0,-111.0,10.213494091035132,9.0,11.0,30000.0,10000.0,19000.0,0.0,24.06787425010741,16.5,19.0,0.0,10000.0,36990.41846840176,25000.0,0.0,25.387617227150248,17.0,20.0,0.0,122.0,10.18545675764803,9.0,11.0,1.0,12465.410155209389,10000.0,19000.0,1.0,16.5,17.07829654599878,19.0,1.0,19494.482677262764,10000.0,25000.0,1.0,18.40533714278664,17.0,20.0,1.0,0.0,111.0,1.0,10.0
91.0,24.0,91.0,24.0,-721.0,911.0,12.0,-711.0,15.104727335667494,12.0,17.0,30000.0,18000.0,36000.0,1.0,24.415561174158572,20.0,25.0,1.0,18000.0,34037.33343004782,36000.0,1.0,24.908109813676926,20.0,26.0,1.0,722.0,15.128639782016826,12.0,17.0,1.0,24874.079706052093,18000.0,36000.0,1.0,20.0,23.2070784927014,25.0,1.0,29005.103195384785,18000.0,36000.0,1.0,23.71105717931314,20.0,26.0,1.0,1.0,91121.0,7.0,13.0
11.0,22.0,11.0,22.0,-121.0,11.0,12.0,-111.0,10.208258961432305,9.0,11.0,30000.0,10000.0,19000.0,0.0,23.552636951373593,16.5,19.0,0.0,10000.0,37055.96622444094,25000.0,0.0,24.88321070675366,17.0,20.0,0.0,122.0,10.176821499198473,9.0,11.0,1.0,15998.836182919084,10000.0,19000.0,1.0,16.5,17.739468386917235,19.0,1.0,22811.652558494832,10000.0,25000.0,1.0,19.024190334446523,17.0,20.0,1.0,0.0,111.0,1.0,40.0
91.0,24.0,91.0,24.0,-721.0,911.0,12.0,-711.0,14.79306280869126,12.0,17.0,30000.0,18000.0,36000.0,1.0,24.296969557459214,20.0,25.0,1.0,18000.0,34443.782247832874,36000.0,1.0,24.851112491963118,20.0,26.0,1.0,721.0,15.416256671106463,12.0,17.0,1.0,27177.84204569459,18000.0,36000.0,1.0,20.0,23.833896640706563,25.0,1.0,31666.475202048347,18000.0,36000.0,1.0,24.393632516690676,20.0,26.0,1.0,1.0,91121.0,7.0,27.0
11.0,22.0,11.0,22.0,-121.0,11.0,11.0,-111.0,10.19118023668618,9.0,11.0,30000.0,10000.0,19000.0,0.0,24.69390592932949,16.5,19.0,0.0,10000.0,37122.92525230035,25000.0,0.0,26.039600108928415,17.0,20.0,0.0,122.0,10.194273873033355,9.0,11.0,1.0,15014.248808160915,10000.0,19000.0,1.0,16.5,17.546609760408884,19.0,1.0,22197.89033752944,10000.0,25000.0,1.0,18.903774724518872,17.0,20.0,1.0,0.0,111.0,1.0,15.0
81.0,23.0,81.0,23.0,-721.0,912.0,12.0,-711.0,15.097747108598439,12.0,17.0,30000.0,12500.0,23000.0,0.0,26.904468008122056,20.0,24.0,0.0,12500.0,34017.37040118075,26000.0,0.0,27.394271982087016,20.0,25.0,0.0,722.0,15.274159251424138,12.0,17.0,1.0,17957.25489081969,12500.0,23000.0,1.0,20.0,22.060516393445162,24.0,1.0,22007.926365764193,12500.0,26000.0,1.0,22.554380485506776,20.0,25.0,1.0,0.0,912.0,7.0,31.0
91.0,24.0,91.0,24.0,-721.0,911.0,11.0,-711.0,15.344028785170536,12.0,17.0,30000.0,18000.0,36000.0,1.0,24.31146464311209,20.0,25.0,1.0,18000.0,34032.484738268,36000.0,1.0,24.80169705032671,20.0,26.0,1.0,722.0,15.282008118750715,12.0,17.0,1.0,29913.716431354052,18000.0,36000.0,1.0,20.0,23.81329777215585,25.0,1.0,33955.49586577304,18000.0,36000.0,1.0,24.30466014304403,20.0,26.0,1.0,1.0,91121.0,7.0,16.0
81.0,21.0,81.0,21.0,-721.0,912.0,12.0,-711.0,15.102701247348259,12.0,17.0,30000.0,12500.0,23000.0,0.0,27.645754618909038,20.0,24.0,0.0,12500.0,34502.60478704036,26000.0,0.0,28.206371159442774,20.0,25.0,0.0,721.0,15.444827894513221,12.0,17.0,1.0,14591.123581321704,12500.0,23000.0,1.0,20.0,21.793983477976134,24.0,1.0,19100.532116176786,12500.0,26000.0,1.0,22.355447148947242,20.0,25.0,1.0,0.0,912.0,7.0,6.0
11.0,21.0,11.0,22.0,-121.0,11.0,11.0,-111.0,10.009822762236553,9.0,11.0,30000.0,10000.0,19000.0,0.0,24.867407281064366,16.5,19.0,0.0,10000.0,36531.83186109496,25000.0,0.0,26.169862388298867,17.0,20.0,0.0,121.0,9.979727569510722,9.0,11.0,1.0,15774.355280871314,10000.0,19000.0,1.0,16.5,17.687887941254946,19.0,1.0,22287.260170803107,10000.0,25000.0,1.0,18.98656898773893,17.0,20.0,1.0,0.0,111.0,1.0,43.0
11.0,22.0,11.0,21.0,-121.0,11.0,12.0,-111.0,10.00509909587669,9.0,11.0,30000.0,10000.0,19000.0,0.0,25.3352668576228,16.5,19.0,0.0,10000.0,36460.11431882371,25000.0,0.0,26.624452109693806,17.0,20.0,0.0,121.0,9.999603756622422,9.0,11.0,1.0,14447.233888146446,10000.0,19000.0,1.0,16.5,17.35197481482298,19.0,1.0,20923.331682457847,10000.0,25000.0,1.0,18.64434974123389,17.0,20.0,1.0,0.0,111.0,1.0,10.0
11.0,22.0,11.0,22.0,-121.0,11.0,11.0,-111.0,10.196068788371266,9.0,11.0,30000.0,10000.0,19000.0,0.0,25.88291490235832,16.5,19.0,0.0,10000.0,36961.1153842257,25000.0,0.0,27.198616991983112,17.0,20.0,0.0,122.0,10.206938645418996,9.0,11.0,1.0,14822.356387804819,10000.0,19000.0,1.0,16.5,17.528165062719157,19.0,1.0,21932.634191471017,10000.0,25000.0,1.0,18.872059948486374,17.0,20.0,1.0,0.0,111.0,1.0,30.0
91.0,24.0,91.0,24.0,-721.0,911.0,12.0,-711.0,15.108172489003719,12.0,17.0,30000.0,18000.0,36000.0,1.0,23.942298472289437,20.0,25.0,1.0,18000.0,33930.641611013096,36000.0,1.0,24.421343591804902,20.0,26.0,1.0,722.0,15.196702421841481,12.0,17.0,1.0,28259.954892577243,18000.0,36000.0,1.0,20.0,23.736053772108924,25.0,1.0,32373.274503928405,18000.0,36000.0,1.0,24.237362688013153,20.0,26.0,1.0,1.0,91121.0,7.0,23.0
11.0,21.0,11.0,22.0,-121.0,11.0,12.0,-111.0,10.178611722830345,9.0,11.0,30000.0,10000.0,19000.0,0.0,25.886392890050494,16.5,19.0,0.0,10000.0,37151.11676154691,25000.0,0.0,27.243123701634985,17.0,20.0,0.0,122.0,10.190988882501879,9.0,11.0,1.0,17569.015746453468,10000.0,19000.0,1.0,16.5,18.09058727561608,19.0,1.0,24540.840410384862,10000.0,25000.0,1.0,19.41330226544577,17.0,20.0,1.0,0.0,111.0,1.0,51.0
11.0,22.0,11.0,22.0,-121.0,21.0,13.0,-111.0,10.212138694479545,9.0,11.0,30000.0,10000.0,19000.0,0.0,24.700244244461842,16.5,19.0,0.0,10000.0,36929.5340214596,25000.0,0.0,26.00705226747869,17.0,20.0,0.0,122.0,10.193195663179901,9.0,11.0,1.0,14447.5706760274,10000.0,19000.0,1.0,16.5,17.474036072311076,19.0,1.0,21268.363719748213,10000.0,25000.0,1.0,18.76033714901672,17.0,20.0,1.0,0.0,211.0,1.0,28.0
11.0,22.0,11.0,22.0,-121.0,21.0,13.0,-111.0,10.213740666245736,9.0,11.0,30000.0,10000.0,19000.0,0.0,26.455166710586276,16.5,19.0,0.0,10000.0,37061.96395860836,25000.0,0.0,27.782705173700503,17.0,20.0,0.0,122.0,10.19231778038899,9.0,11.0,1.0,11967.22201909272,10000.0,19000.0,1.0,16.5,16.99671763203384,19.0,1.0,18842.982010799926,10000.0,25000.0,1.0,18.289252669826926,17.0,20.0,1.0,0.0,211.0,1.0,13.0
11.0,21.0,11.0,22.0,-121.0,21.0,12.0,-111.0,10.190587071847542,9.0,11.0,30000.0,10000.0,19000.0,0.0,25.716566927769534,16.5,19.0,0.0,10000.0,36980.701183616125,25000.0,0.0,27.035313716966797,17.0,20.0,0.0,122.0,10.210357433797268,9.0,11.0,1.0,15442.049973138177,10000.0,19000.0,1.0,16.5,17.669333789163794,19.0,1.0,22424.534321721014,10000.0,25000.0,1.0,18.988417441809673,17.0,20.0,1.0,0.0,211.0,1.0,37.0
91.0,24.0,91.0,21.0,-721.0,911.0,11.0,-711.0,15.215139004403081,12.0,17.0,30000.0,18000.0,36000.0,1.0,24.833999549469418,20.0,25.0,1.0,18000.0,34520.815597765264,36000.0,1.0,25.399425127463836,20.0,26.0,1.0,721.0,15.128585133176415,12.0,17.0,1.0,20504.791229675644,18000.0,36000.0,1.0,20.0,22.589707823288137,25.0,1.0,24914.37521501987,18000.0,36000.0,1.0,23.141221487074972,20.0,26.0,1.0,1.0,91121.0,7.0,15.0
91.0,24.0,91.0,21.0,-721.0,911.0,11.0,-711.0,14.824671724059174,12.0,17.0,30000.0,18000.0,36000.0,1.0,23.663504259224027,20.0,25.0,1.0,18000.0,34482.40413254039,36000.0,1.0,24.224124724991974,20.0,26.0,1.0,721.0,14.695989228301718,12.0,17.0,1.0,19457.677556066898,18000.0,36000.0,1.0,20.0,22.010888177832815,25.0,1.0,23942.82658736425,18000.0,36000.0,1.0,22.57185195187331,20.0,26.0,1.0,1.0,91121.0,7.0,3.0
91.0,24.0,91.0,24.0,-721.0,911.0,12.0,-711.0,14.940781955170634,12.0,17.0,30000.0,18000.0,36000.0,1.0,24.683173338967794,20.0,25.0,1.0,18000.0,34437.801727967795,36000.0,1.0,25.240622467033123,20.0,26.0,1.0,721.0,14.66419285773699,12.0,17.0,1.0,27180.023311102123,18000.0,36000.0,1.0,20.0,23.078182918722234,25.0,1.0,31687.271381067818,18000.0,36000.0,1.0,23.64435546553565,20.0,26.0,1.0,1.0,91121.0,7.0,27.0
81.0,23.0,81.0,23.0,-721.0,912.0,12.0,-711.0,13.572928572984528,12.0,17.0,30000.0,12500.0,23000.0,0.0,26.281006214709915,20.0,24.0,0.0,12500.0,34479.404531270884,26000.0,0.0,26.840505205753146,20.0,25.0,0.0,721.0,15.731359760048472,12.0,17.0,1.0,19827.943830322027,12500.0,23000.0,1.0,20.0,22.808311722249474,24.0,1.0,24276.656171380622,12500.0,26000.0,1.0,23.363977112344898,20.0,25.0,1.0,0.0,912.0,7.0,10.0
91.0,24.0,91.0,24.0,-721.0,911.0,11.0,-711.0,15.97721108924661,12.0,17.0,30000.0,18000.0,36000.0,1.0,25.11690309610131,20.0,25.0,0.0,18000.0,34549.42398211515,36000.0,1.0,25.685474782505572,20.0,26.0,1.0,721.0,14.800669042138244,12.0,17.0,1.0,24955.744255389487,18000.0,36000.0,1.0,20.0,22.984031403492516,25.0,1.0,29448.947906813326,18000.0,36000.0,1.0,23.54557686232225,20.0,26.0,1.0,0.0,91121.0,7.0,0.0
91.0,24.0,91.0,24.0,-721.0,911.0,12.0,-711.0,14.683057598927723,12.0,17.0,30000.0,18000.0,36000.0,1.0,24.040176240321244,20.0,25.0,1.0,18000.0,34448.1930880108,36000.0,1.0,24.5951742992034,20.0,26.0,1.0,721.0,15.026657940551406,12.0,17.0,1.0,27112.212601173578,18000.0,36000.0,1.0,20.0,23.33884202437198,25.0,1.0,31585.373636628432,18000.0,36000.0,1.0,23.896955317258495,20.0,26.0,1.0,1.0,91121.0,7.0,24.0
11.0,22.0,11.0,21.0,-121.0,11.0,12.0,-111.0,10.195075406422983,9.0,11.0,30000.0,10000.0,19000.0,0.0,23.479148823734768,16.5,19.0,0.0,10000.0,37047.16922252458,25000.0,0.0,24.804092600793282,17.0,20.0,0.0,122.0,10.195453922257085,9.0,11.0,1.0,13230.942140931373,10000.0,19000.0,1.0,16.5,17.122693563117487,19.0,1.0,20290.847310419773,10000.0,25000.0,1.0,18.450031835489202,17.0,20.0,1.0,0.0,111.0,1.0,46.0
11.0,22.0,11.0,21.0,-121.0,11.0,11.0,-111.0,10.196707811818232,9.0,11.0,30000.0,10000.0,19000.0,0.0,24.62206912791971,16.5,19.0,0.0,10000.0,37132.796663050205,25000.0,0.0,25.96407177071122,17.0,20.0,0.0,122.0,10.218666779724371,9.0,11.0,1.0,13651.218396027185,10000.0,19000.0,1.0,16.5,17.273532508863752,19.0,1.0,20712.583898095603,10000.0,25000.0,1.0,18.602095709688303,17.0,20.0,1.0,0.0,111.0,1.0,1.0
11.0,21.0,11.0,22.0,-121.0,11.0,12.0,-111.0,9.989460006748581,9.0,11.0,30000.0,10000.0,19000.0,0.0,25.84676151870665,16.5,19.0,0.0,10000.0,36564.88831555307,25000.0,0.0,27.154578129801816,17.0,20.0,0.0,121.0,9.988363510544385,9.0,11.0,1.0,16645.263995317968,10000.0,19000.0,1.0,16.5,17.822388079091255,19.0,1.0,23200.52215338462,10000.0,25000.0,1.0,19.128286229532893,17.0,20.0,1.0,0.0,111.0,1.0,7.0
11.0,22.0,11.0,21.0,-121.0,11.0,12.0,-111.0,10.21195667373811,9.0,11.0,30000.0,10000.0,19000.0,0.0,24.072182656037725,16.5,19.0,0.0,10000.0,37072.43349290751,25000.0,0.0,25.403587260681046,17.0,20.0,0.0,122.0,10.203466877377414,9.0,11.0,1.0,14550.291945150228,10000.0,19000.0,1.0,16.5,17.445789811697622,19.0,1.0,21550.667877383898,10000.0,25000.0,1.0,18.76362938696644,17.0,20.0,1.0,0.0,111.0,1.0,46.0
11.0,22.0,11.0,22.0,-121.0,21.0,12.0,-111.0,10.20901406442083,9.0,11.0,30000.0,10000.0,19000.0,0.0,23.975799046779127,16.5,19.0,0.0,10000.0,37075.132951025604,25000.0,0.0,25.31000005914593,17.0,20.0,0.0,122.0,10.218159720113048,9.0,11.0,1.0,14785.170590039404,10000.0,19000.0,1.0,16.5,17.53149935532635,19.0,1.0,21740.14254364939,10000.0,25000.0,1.0,18.84304087485978,17.0,20.0,1.0,0.0,211.0,1.0,23.0
11.0,22.0,11.0,21.0,-121.0,11.0,11.0,-111.0,10.204152937076257,9.0,11.0,30000.0,10000.0,19000.0,0.0,23.661913991851613,16.5,19.0,0.0,10000.0,37075.296973089455,25000.0,0.0,24.991249811673505,17.0,20.0,0.0,122.0,10.194240062225331,9.0,11.0,1.0,13704.15795694095,10000.0,19000.0,1.0,16.5,17.249989772266982,19.0,1.0,20729.228812492613,10000.0,25000.0,1.0,18.569888903086632,17.0,20.0,1.0,0.0,111.0,1.0,0.0
11.0,21.0,11.0,22.0,-121.0,21.0,13.0,-111.0,9.999881084258027,9.0,11.0,30000.0,10000.0,19000.0,0.0,27.060587855487107,16.5,19.0,0.0,10000.0,36518.87858875473,25000.0,0.0,28.368984889554397,17.0,20.0,0.0,121.0,10.012151394574419,9.0,11.0,1.0,16305.407021353836,10000.0,19000.0,1.0,16.5,17.77078560493336,19.0,1.0,22733.470977971014,10000.0,25000.0,1.0,19.060955332920177,17.0,20.0,1.0,0.0,211.0,1.0,32.0
11.0,21.0,11.0,22.0,-121.0,21.0,12.0,-111.0,10.204207957415944,9.0,11.0,30000.0,10000.0,19000.0,0.0,25.73676338113646,16.5,19.0,0.0,10000.0,37171.54269355528,25000.0,0.0,27.088427788694705,17.0,20.0,0.0,122.0,10.218330405222035,9.0,11.0,1.0,15393.109676888453,10000.0,19000.0,1.0,16.5,17.64510268578085,19.0,1.0,22301.142616637757,10000.0,25000.0,1.0,18.947101802273608,17.0,20.0,1.0,0.0,211.0,1.0,37.0
11.0,21.0,11.0,22.0,-121.0,21.0,13.0,-111.0,10.004445440515797,9.0,11.0,30000.0,10000.0,19000.0,0.0,27.851700353114474,16.5,19.0,0.0,10000.0,36583.94110310736,25000.0,0.0,29.173926709445002,17.0,20.0,0.0,121.0,9.98911004936283,9.0,11.0,1.0,13310.394706865585,10000.0,19000.0,1.0,16.5,17.176526588583897,19.0,1.0,19845.816469047433,10000.0,25000.0,1.0,18.48900900122495,17.0,20.0,1.0,0.0,211.0,1.0,59.0
11.0,22.0,11.0,21.0,-121.0,11.0,11.0,-111.0,10.012799860875791,9.0,11.0,30000.0,10000.0,19000.0,0.0,23.557357741957823,16.5,19.0,0.0,10000.0,36436.06323378753,25000.0,0.0,24.84120119876063,17.0,20.0,0.0,121.0,9.997061970237496,9.0,11.0,1.0,14711.819523776041,10000.0,19000.0,1.0,16.5,17.424192869837032,19.0,1.0,21229.6840096309,10000.0,25000.0,1.0,18.724353755230908,17.0,20.0,1.0,0.0,111.0,1.0,1.0
11.0,21.0,11.0,22.0,-121.0,21.0,13.0,-111.0,10.203245946559024,9.0,11.0,30000.0,10000.0,19000.0,0.0,26.315599709010414,16.5,19.0,0.0,10000.0,37028.91946494179,25000.0,0.0,27.649788347129252,17.0,20.0,0.0,122.0,10.2035457918648,9.0,11.0,1.0,13644.120288020511,10000.0,19000.0,1.0,16.5,17.344922148454764,19.0,1.0,20788.70868649114,10000.0,25000.0,1.0,18.70106639122482,17.0,20.0,1.0,0.0,211.0,1.0,59.0
81.0,21.0,81.0,23.0,-721.0,912.0,12.0,-711.0,15.090537177576458,12.0,17.0,30000.0,12500.0,23000.0,0.0,28.989062463696545,20.0,24.0,0.0,12500.0,34515.60365481944,26000.0,0.0,29.55088980318186,20.0,25.0,0.0,721.0,15.073577126069402,12.0,17.0,1.0,18148.70039689249,12500.0,23000.0,1.0,20.0,21.956172150531287,24.0,1.0,22551.25051206669,12500.0,26000.0,1.0,22.503933470442345,20.0,25.0,1.0,0.0,912.0,7.0,7.0
81.0,23.0,81.0,23.0,-721.0,912.0,12.0,-711.0,15.053779035738463,12.0,17.0,30000.0,12500.0,23000.0,0.0,25.977109463322,20.0,24.0,0.0,12500.0,34029.40851095462,26000.0,0.0,26.46829918834058,20.0,25.0,0.0,722.0,15.214764061643287,12.0,17.0,1.0,18832.756428991812,12500.0,23000.0,1.0,20.0,22.009539692125877,24.0,1.0,22766.546600261332,12500.0,26000.0,1.0,22.48907342697891,20.0,25.0,1.0,0.0,912.0,7.0,5.0
91.0,24.0,91.0,24.0,-721.0,911.0,12.0,-711.0,15.24584622432213,12.0,17.0,30000.0,18000.0,36000.0,1.0,24.381857314746643,20.0,25.0,1.0,18000.0,34051.38235121178,36000.0,1.0,24.876736819151024,20.0,26.0,1.0,722.0,15.142764525146843,12.0,17.0,1.0,27378.252206485104,18000.0,36000.0,1.0,20.0,23.523943642142154,25.0,1.0,31364.537636019835,18000.0,36000.0,1.0,24.010871506946742,20.0,26.0,1.0,1.0,91121.0,7.0,27.0
91.0,24.0,91.0,24.0,-721.0,911.0,12.0,-711.0,15.460337267605038,12.0,17.0,30000.0,18000.0,36000.0,1.0,25.23709365125834,20.0,25.0,0.0,18000.0,34000.469539862526,36000.0,1.0,25.72310618111919,20.0,26.0,1.0,722.0,15.394028023479077,12.0,17.0,1.0,23068.498924266547,18000.0,36000.0,1.0,20.0,23.163031988037837,25.0,1.0,27095.392614431355,18000.0,36000.0,1.0,23.652254758099208,20.0,26.0,1.0,0.0,91121.0,7.0,8.0
81.0,23.0,81.0,23.0,-721.0,912.0,12.0,-711.0,14.869477898262685,12.0,17.0,30000.0,12500.0,23000.0,0.0,25.952702823330313,20.0,24.0,0.0,12500.0,34433.08305877535,26000.0,0.0,26.509333394467173,20.0,25.0,0.0,721.0,14.656018065366448,12.0,17.0,1.0,15629.09148793526,12500.0,23000.0,1.0,20.0,21.204776583113116,24.0,1.0,20130.60185535355,12500.0,26000.0,1.0,21.76999908257306,20.0,25.0,1.0,0.0,912.0,7.0,5.0
11.0,22.0,11.0,22.0,-121.0,21.0,13.0,-111.0,10.22941182032805,9.0,11.0,30000.0,10000.0,19000.0,0.0,26.273342174387764,16.5,19.0,0.0,10000.0,36909.67630320347,25000.0,0.0,27.58119117195226,17.0,20.0,0.0,122.0,10.196961382040074,9.0,11.0,1.0,13773.900685619434,10000.0,19000.0,1.0,16.5,17.29374521132862,19.0,1.0,20764.037788824728,10000.0,25000.0,1.0,18.61682365988445,17.0,20.0,1.0,0.0,211.0,1.0,8.0
91.0,24.0,91.0,24.0,-721.0,911.0,11.0,-711.0,14.085970803719189,12.0,17.0,30000.0,18000.0,36000.0,1.0,23.12005151805779,20.0,25.0,1.0,18000.0,34507.71687197497,36000.0,1.0,23.682501954021923,20.0,26.0,1.0,721.0,15.307545692677305,12.0,17.0,1.0,29826.17263448268,18000.0,36000.0,1.0,20.0,24.071524921310488,25.0,1.0,34314.291070079045,18000.0,36000.0,1.0,24.63152996210043,20.0,26.0,1.0,1.0,91121.0,7.0,9.0
11.0,22.0,11.0,22.0,-121.0,21.0,13.0,-111.0,10.215538187592749,9.0,11.0,30000.0,10000.0,19000.0,0.0,24.588811427112667,16.5,19.0,0.0,10000.0,37004.54177975624,25000.0,0.0,25.90814857902941,17.0,20.0,0.0,122.0,10.218224334928554,9.0,11.0,1.0,13211.66018036591,10000.0,19000.0,1.0,16.5,17.21851771579032,19.0,1.0,20295.673750287635,10000.0,25000.0,1.0,18.552823739132414,17.0,20.0,1.0,0.0,211.0,1.0,4.0
92.0,24.0,92.0,24.0,-721.0,921.0,13.0,-711.0,15.173598218453513,12.0,17.0,30000.0,15000.0,28000.0,0.0,25.40325528279223,19.5,25.0,0.0,15000.0,34051.70678460407,28000.0,0.0,25.897833587070796,20.0,26.0,1.0,722.0,15.2852704857215,12.0,17.0,1.0,20514.653041444726,15000.0,28000.0,1.0,19.5,21.793726992553474,25.0,1.0,24399.948233246807,15000.0,28000.0,1.0,22.26799198993307,20.0,26.0,1.0,0.0,92122.0,7.0,22.0
11.0,22.0,11.0,21.0,-121.0,21.0,13.0,-111.0,10.197472797535422,9.0,11.0,30000.0,10000.0,19000.0,0.0,25.0184591858486,16.5,19.0,0.0,10000.0,37107.463193828095,25000.0,0.0,26.36443746800077,17.0,20.0,0.0,122.0,10.209167250520256,9.0,11.0,1.0,11848.6249613357,10000.0,19000.0,1.0,16.5,16.90562447551756,19.0,1.0,18788.753717062253,10000.0,25000.0,1.0,18.219913741012366,17.0,20.0,1.0,0.0,211.0,1.0,33.0
11.0,22.0,11.0,22.0,-121.0,21.0,13.0,-111.0,10.183274354926223,9.0,11.0,30000.0,10000.0,19000.0,0.0,24.853365238561928,16.5,19.0,0.0,10000.0,37024.78376173166,25000.0,0.0,26.174758112006018,17.0,20.0,0.0,122.0,10.192496426167747,9.0,11.0,1.0,14179.505356109545,10000.0,19000.0,1.0,16.5,17.40294341423905,19.0,1.0,21390.93867389127,10000.0,25000.0,1.0,18.75944589412251,17.0,20.0,1.0,0.0,211.0,1.0,41.0
11.0,22.0,11.0,22.0,-121.0,21.0,13.0,-111.0,10.01531033835384,9.0,11.0,30000.0,10000.0,19000.0,0.0,25.726078804767788,16.5,19.0,0.0,10000.0,36515.638557215214,25000.0,0.0,27.031083388253403,17.0,20.0,0.0,121.0,10.006491211623885,9.0,11.0,1.0,15986.302835675335,10000.0,19000.0,1.0,16.5,17.749758003290555,19.0,1.0,22453.89728094643,10000.0,25000.0,1.0,19.04513992496858,17.0,20.0,1.0,0.0,211.0,1.0,41.0
92.0,24.0,92.0,24.0,-721.0,921.0,13.0,-711.0,15.022344562078363,12.0,17.0,30000.0,15000.0,28000.0,0.0,23.830756871558755,19.5,25.0,1.0,15000.0,34054.52269078299,28000.0,0.0,24.326738040358652,20.0,26.0,1.0,722.0,15.401024498005391,12.0,17.0,1.0,20990.113910660777,15000.0,28000.0,1.0,19.5,21.98594866887741,25.0,1.0,24955.20651963007,15000.0,28000.0,1.0,22.470990045280864,20.0,26.0,1.0,0.0,92122.0,7.0,20.0
92.0,24.0,92.0,24.0,-721.0,921.0,13.0,-711.0,15.506659796084795,12.0,17.0,30000.0,15000.0,28000.0,0.0,24.66032317765167,19.5,25.0,1.0,15000.0,34045.13946168215,28000.0,0.0,25.151589514735583,20.0,26.0,1.0,722.0,15.234372930060708,12.0,17.0,1.0,21873.38827967481,15000.0,28000.0,1.0,19.5,21.949645676348652,25.0,1.0,25847.868587327604,15000.0,28000.0,1.0,22.432330736047632,20.0,26.0,1.0,0.0,92122.0,7.0,25.0
11.0,22.0,11.0,21.0,-121.0,21.0,13.0,-111.0,10.002213129949796,9.0,11.0,30000.0,10000.0,19000.0,0.0,25.29634040435635,16.5,19.0,0.0,10000.0,36485.01525297861,25000.0,0.0,26.591891811696165,17.0,20.0,0.0,121.0,10.009322887731514,9.0,11.0,1.0,12946.711001177213,10000.0,19000.0,1.0,16.5,17.11286529487008,19.0,1.0,19373.81770768625,10000.0,25000.0,1.0,18.39684795549936,17.0,20.0,1.0,0.0,211.0,1.0,2.0
11.0,22.0,11.0,21.0,-121.0,21.0,13.0,-111.0,10.184209585254756,9.0,11.0,30000.0,10000.0,19000.0,0.0,25.483117768850224,16.5,19.0,0.0,10000.0,36914.94274258233,25000.0,0.0,26.784759280718966,17.0,20.0,0.0,122.0,10.18259331573488,9.0,11.0,1.0,12099.143187494567,10000.0,19000.0,1.0,16.5,16.963352524407913,19.0,1.0,19101.483037657228,10000.0,25000.0,1.0,18.28144532263992,17.0,20.0,1.0,0.0,211.0,1.0,58.0
11.0,21.0,11.0,22.0,-121.0,21.0,13.0,-111.0,10.206601851436838,9.0,11.0,30000.0,10000.0,19000.0,0.0,27.369833107572575,16.5,19.0,0.0,10000.0,36996.85152194416,25000.0,0.0,28.697164134328943,17.0,20.0,0.0,122.0,10.18158400840417,9.0,11.0,1.0,15163.633371392212,10000.0,19000.0,1.0,16.5,17.595893014855964,19.0,1.0,22074.92310316859,10000.0,25000.0,1.0,18.90699262403282,17.0,20.0,1.0,0.0,211.0,1.0,24.0
11.0,22.0,11.0,22.0,-121.0,21.0,13.0,-111.0,10.190982263393593,9.0,11.0,30000.0,10000.0,19000.0,0.0,25.144112905705477,16.5,19.0,0.0,10000.0,36969.1092057605,25000.0,0.0,26.461053048344386,17.0,20.0,0.0,122.0,10.194558710512723,9.0,11.0,1.0,13903.098296350825,10000.0,19000.0,1.0,16.5,17.354828210988323,19.0,1.0,20944.279479500663,10000.0,25000.0,1.0,18.68538766671031,17.0,20.0,1.0,0.0,211.0,1.0,41.0
11.0,22.0,11.0,22.0,-121.0,11.0,11.0,-111.0,9.989318037445901,9.0,11.0,30000.0,10000.0,19000.0,0.0,24.954789098993487,16.5,19.0,0.0,10000.0,36519.59803518518,25000.0,0.0,26.253041968942654,17.0,20.0,0.0,121.0,9.999655499860522,9.0,11.0,1.0,15031.304076183538,10000.0,19000.0,1.0,16.5,17.507295896489314,19.0,1.0,21521.75590100635,10000.0,25000.0,1.0,18.799744857816066,17.0,20.0,1.0,0.0,111.0,1.0,55.0
11.0,22.0,11.0,22.0,-121.0,11.0,12.0,-111.0,9.98984849836362,9.0,11.0,30000.0,10000.0,19000.0,0.0,24.108407490943943,16.5,19.0,0.0,10000.0,36549.3802877927,25000.0,0.0,25.42508362878944,17.0,20.0,0.0,121.0,10.00975462893689,9.0,11.0,1.0,18468.4282041534,10000.0,19000.0,1.0,16.5,18.25631586170244,19.0,1.0,24977.603044484666,10000.0,25000.0,1.0,19.564909165606757,17.0,20.0,1.0,0.0,111.0,1.0,42.0
81.0,23.0,81.0,23.0,-721.0,912.0,12.0,-711.0,15.102562631204668,12.0,17.0,30000.0,12500.0,23000.0,0.0,27.379729127187588,20.0,24.0,0.0,12500.0,34477.283971231336,26000.0,0.0,27.940988987588966,20.0,25.0,0.0,721.0,14.73735812212149,12.0,17.0,1.0,15463.412166509745,12500.0,23000.0,1.0,20.0,21.25173877976247,24.0,1.0,19961.40976646927,12500.0,26000.0,1.0,21.815595243024664,20.0,25.0,1.0,0.0,912.0,7.0,31.0
92.0,24.0,92.0,24.0,-721.0,921.0,13.0,-711.0,14.456224272281538,12.0,17.0,30000.0,15000.0,28000.0,0.0,23.924528036014834,19.5,25.0,1.0,15000.0,34493.49203609518,28000.0,0.0,24.48515700896024,20.0,26.0,1.0,721.0,15.262466430331438,12.0,17.0,1.0,22539.286711742498,15000.0,28000.0,1.0,19.5,22.117481428846027,25.0,1.0,27087.18820854681,15000.0,28000.0,1.0,22.684898779256187,20.0,26.0,1.0,0.0,92122.0,7.0,20.0
11.0,22.0,11.0,21.0,-121.0,11.0,12.0,-111.0,10.200475718598273,9.0,11.0,30000.0,10000.0,19000.0,0.0,25.30409968346735,16.5,19.0,0.0,10000.0,36977.863194006364,25000.0,0.0,26.621790103598578,17.0,20.0,0.0,122.0,10.206895791950014,9.0,11.0,1.0,13186.671561392805,10000.0,19000.0,1.0,16.5,17.176976839684027,19.0,1.0,20207.885587308207,10000.0,25000.0,1.0,18.502853573350368,17.0,20.0,1.0,0.0,111.0,1.0,10.0
11.0,22.0,11.0,22.0,-121.0,11.0,12.0,-111.0,10.014054331984596,9.0,11.0,30000.0,10000.0,19000.0,0.0,24.89840458562807,16.5,19.0,0.0,10000.0,36493.81612252689,25000.0,0.0,26.19392212282011,17.0,20.0,0.0,121.0,10.001337415690369,9.0,11.0,1.0,15159.055453952713,10000.0,19000.0,1.0,16.5,17.566519762023443,19.0,1.0,21602.75779482165,10000.0,25000.0,1.0,18.852039590354018,17.0,20.0,1.0,0.0,111.0,1.0,49.0
11.0,22.0,11.0,21.0,-121.0,11.0,12.0,-111.0,10.195569526928189,9.0,11.0,30000.0,10000.0,19000.0,0.0,24.34667253776439,16.5,19.0,0.0,10000.0,36935.79238910925,25000.0,0.0,25.653076279588614,17.0,20.0,0.0,122.0,10.20364362627579,9.0,11.0,1.0,15012.852994974337,10000.0,19000.0,1.0,16.5,17.538007661806414,19.0,1.0,21980.633444319752,10000.0,25000.0,1.0,18.85043657267287,17.0,20.0,1.0,0.0,111.0,1.0,46.0
11.0,22.0,11.0,21.0,-121.0,11.0,11.0,-111.0,10.006530498496067,9.0,11.0,30000.0,10000.0,19000.0,0.0,23.679260589248727,16.5,19.0,0.0,10000.0,36567.9212387817,25000.0,0.0,24.995775014598657,17.0,20.0,0.0,121.0,10.003538016005352,9.0,11.0,1.0,13907.158380517747,10000.0,19000.0,1.0,16.5,17.249803676322077,19.0,1.0,20441.878667838624,10000.0,25000.0,1.0,18.55966309928321,17.0,20.0,1.0,0.0,111.0,1.0,0.0
11.0,22.0,11.0,21.0,-121.0,11.0,12.0,-111.0,10.205988010376032,9.0,11.0,30000.0,10000.0,19000.0,0.0,23.899015817076073,16.5,19.0,0.0,10000.0,37044.22902073252,25000.0,0.0,25.2266496275495,17.0,20.0,0.0,122.0,10.231665427060593,9.0,11.0,1.0,15620.549211363215,10000.0,19000.0,1.0,16.5,17.68185539899978,19.0,1.0,22583.683423768263,10000.0,25000.0,1.0,18.9942051792305,17.0,20.0,1.0,0.0,111.0,1.0,10.0
11.0,22.0,11.0,22.0,-121.0,21.0,13.0,-111.0,10.010454454391583,9.0,11.0,30000.0,10000.0,19000.0,0.0,25.78652722633639,16.5,19.0,0.0,10000.0,36444.29808052955,25000.0,0.0,27.084158508550043,17.0,20.0,0.0,121.0,10.013252228581292,9.0,11.0,1.0,13411.980104490873,10000.0,19000.0,1.0,16.5,17.246686693460408,19.0,1.0,19899.438596169563,10000.0,25000.0,1.0,18.553008805762996,17.0,20.0,1.0,0.0,211.0,1.0,47.0
11.0,22.0,11.0,21.0,-121.0,21.0,12.0,-111.0,10.192884793175452,9.0,11.0,30000.0,10000.0,19000.0,0.0,23.63661588518095,16.5,19.0,0.0,10000.0,37073.84736793016,25000.0,0.0,24.971541067562292,17.0,20.0,0.0,122.0,10.193021025011655,9.0,11.0,1.0,14456.991172464166,10000.0,19000.0,1.0,16.5,17.4255279234399,19.0,1.0,21300.94118132171,10000.0,25000.0,1.0,18.71706854321669,17.0,20.0,1.0,0.0,211.0,1.0,53.0
91.0,24.0,91.0,21.0,-721.0,911.0,11.0,-711.0,14.906363471669495,12.0,17.0,30000.0,18000.0,36000.0,1.0,24.929841922708533,20.0,25.0,1.0,18000.0,34520.577267081055,36000.0,1.0,25.493041135501706,20.0,26.0,1.0,721.0,15.589117739904474,12.0,17.0,1.0,23763.951139370347,18000.0,36000.0,1.0,20.0,23.52265620233576,25.0,1.0,28267.808199473082,18000.0,36000.0,1.0,24.083772316698894,20.0,26.0,1.0,1.0,91121.0,7.0,15.0
81.0,23.0,81.0,23.0,-721.0,912.0,11.0,-711.0,14.74130103100329,12.0,17.0,30000.0,12500.0,23000.0,0.0,26.220176592037717,20.0,24.0,0.0,12500.0,34576.05061720918,26000.0,0.0,26.78988443029005,20.0,25.0,0.0,721.0,14.864038513153552,12.0,17.0,1.0,16584.93357217997,12500.0,23000.0,1.0,20.0,21.539475506515757,24.0,1.0,21073.54051133954,12500.0,26000.0,1.0,22.098296806799492,20.0,25.0,1.0,0.0,912.0,7.0,17.0
81.0,23.0,81.0,23.0,-721.0,912.0,12.0,-711.0,15.292285582637815,12.0,17.0,30000.0,12500.0,23000.0,0.0,26.54690155424021,20.0,24.0,0.0,12500.0,34006.06811838286,26000.0,0.0,27.03492913767847,20.0,25.0,0.0,722.0,15.172282944851828,12.0,17.0,1.0,15991.70379533265,12500.0,23000.0,1.0,20.0,21.707628856758532,24.0,1.0,20015.435935600595,12500.0,26000.0,1.0,22.1978083082279,20.0,25.0,1.0,0.0,912.0,7.0,31.0
11.0,22.0,11.0,21.0,-121.0,21.0,13.0,-111.0,9.999387433699118,9.0,11.0,30000.0,10000.0,19000.0,0.0,26.044739758126397,16.5,19.0,0.0,10000.0,36473.54918672987,25000.0,0.0,27.3309717946328,17.0,20.0,0.0,121.0,10.009543359963551,9.0,11.0,1.0,12357.739799317938,10000.0,19000.0,1.0,16.5,16.95011669469119,19.0,1.0,18844.651918069467,10000.0,25000.0,1.0,18.239003817421878,17.0,20.0,1.0,0.0,211.0,1.0,58.0
91.0,24.0,91.0,24.0,-721.0,911.0,12.0,-711.0,16.4344297837051,12.0,17.0,30000.0,18000.0,36000.0,1.0,26.041931368702723,20.0,25.0,0.0,18000.0,34543.83441219959,36000.0,1.0,26.609946986841543,20.0,26.0,0.0,721.0,15.492001401109823,12.0,17.0,1.0,26433.071491126044,18000.0,36000.0,1.0,20.0,23.821630611266926,25.0,1.0,30938.098034883813,18000.0,36000.0,1.0,24.38479493567848,20.0,26.0,1.0,0.0,91121.0,7.0,27.0
11.0,22.0,11.0,22.0,-121.0,21.0,13.0,-111.0,9.983917470315781,9.0,11.0,30000.0,10000.0,19000.0,0.0,26.2575565922867,16.5,19.0,0.0,10000.0,36571.62265155308,25000.0,0.0,27.573774552503895,17.0,20.0,0.0,121.0,10.016535760013166,9.0,11.0,1.0,14788.655973856561,10000.0,19000.0,1.0,16.5,17.511108541135318,19.0,1.0,21223.506099424478,10000.0,25000.0,1.0,18.79993258896416,17.0,20.0,1.0,0.0,211.0,1.0,5.0
91.0,24.0,91.0,21.0,-721.0,911.0,11.0,-711.0,15.307513537183016,12.0,17.0,30000.0,18000.0,36000.0,1.0,24.64890389398832,20.0,25.0,1.0,18000.0,33988.45177999272,36000.0,1.0,25.135485844055356,20.0,26.0,1.0,722.0,15.196638122617253,12.0,17.0,1.0,25114.311121618077,18000.0,36000.0,1.0,20.0,23.24033125638087,25.0,1.0,29084.004989940782,18000.0,36000.0,1.0,23.72462478433751,20.0,26.0,1.0,1.0,91121.0,7.0,21.0
92.0,24.0,92.0,24.0,-721.0,921.0,13.0,-711.0,15.948123416502451,12.0,17.0,30000.0,15000.0,28000.0,0.0,25.569247440461126,19.5,25.0,0.0,15000.0,34466.03441935312,28000.0,0.0,26.127695547022263,20.0,26.0,0.0,721.0,14.306759867471444,12.0,17.0,1.0,24203.6101908075,15000.0,28000.0,1.0,19.5,21.385804996351073,25.0,1.0,28675.325032911387,15000.0,28000.0,0.0,21.944963402258736,20.0,26.0,1.0,0.0,92122.0,7.0,20.0
11.0,22.0,11.0,21.0,-121.0,21.0,13.0,-111.0,10.014812658842006,9.0,11.0,30000.0,10000.0,19000.0,0.0,25.695983734376597,16.5,19.0,0.0,10000.0,36451.802281197764,25000.0,0.0,26.990859076011635,17.0,20.0,0.0,121.0,9.994909589600555,9.0,11.0,1.0,12424.580253291419,10000.0,19000.0,1.0,16.5,16.9784073314204,19.0,1.0,18864.832871922088,10000.0,25000.0,1.0,18.270964658241823,17.0,20.0,1.0,0.0,211.0,1.0,20.0
11.0,22.0,11.0,22.0,-121.0,11.0,12.0,-111.0,10.231722137949385,9.0,11.0,30000.0,10000.0,19000.0,0.0,24.14459225463242,16.5,19.0,0.0,10000.0,37118.24718206249,25000.0,0.0,25.48153238058613,17.0,20.0,0.0,122.0,10.188563577786313,9.0,11.0,1.0,17675.27243541126,10000.0,19000.0,1.0,16.5,18.000579359622673,19.0,1.0,24637.894148499116,10000.0,25000.0,1.0,19.308290108066586,17.0,20.0,1.0,0.0,111.0,1.0,40.0
11.0,22.0,11.0,22.0,-121.0,11.0,11.0,-111.0,10.21250113741758,9.0,11.0,30000.0,10000.0,19000.0,0.0,26.875539380604373,16.5,19.0,0.0,10000.0,36883.084732916075,25000.0,0.0,28.170541991248207,17.0,20.0,0.0,122.0,10.197989739571614,9.0,11.0,1.0,16614.56142684735,10000.0,19000.0,1.0,16.5,17.850415017676234,19.0,1.0,23640.58222519562,10000.0,25000.0,1.0,19.172310015247202,17.0,20.0,1.0,0.0,111.0,1.0,27.0
11.0,22.0,11.0,22.0,-121.0,21.0,13.0,-111.0,10.009432075779404,9.0,11.0,30000.0,10000.0,19000.0,0.0,25.86228092897573,16.5,19.0,0.0,10000.0,36491.19236384763,25000.0,0.0,27.164335867692092,17.0,20.0,0.0,121.0,9.99752066955798,9.0,11.0,1.0,13651.692362822176,10000.0,19000.0,1.0,16.5,17.220250046114582,19.0,1.0,20213.9988701527,10000.0,25000.0,1.0,18.53656962475291,17.0,20.0,1.0,0.0,211.0,1.0,21.0
11.0,22.0,11.0,22.0,-121.0,11.0,11.0,-111.0,10.1781382763403,9.0,11.0,30000.0,10000.0,19000.0,0.0,23.197016395278716,16.5,19.0,0.0,10000.0,37013.3810381511,25000.0,0.0,24.51691341807349,17.0,20.0,0.0,122.0,10.210850623540987,9.0,11.0,1.0,13831.511582562753,10000.0,19000.0,1.0,16.5,17.339279354117934,19.0,1.0,20877.73377048761,10000.0,25000.0,1.0,18.665356981613314,17.0,20.0,1.0,0.0,111.0,1.0,44.0
92.0,24.0,92.0,24.0,-721.0,921.0,13.0,-711.0,16.180958072573247,12.0,17.0,30000.0,15000.0,28000.0,0.0,25.70204758709485,19.5,25.0,0.0,15000.0,34508.32354195181,28000.0,0.0,26.263618768071076,20.0,26.0,0.0,721.0,14.727614501587878,12.0,17.0,1.0,22255.515280355856,15000.0,28000.0,1.0,19.5,21.53446287867759,25.0,1.0,26775.920113563432,15000.0,28000.0,1.0,22.097538943882974,20.0,26.0,1.0,0.0,92122.0,7.0,25.0
11.0,22.0,11.0,22.0,-121.0,11.0,12.0,-111.0,10.203499538084701,9.0,11.0,30000.0,10000.0,19000.0,0.0,24.218977439533333,16.5,19.0,0.0,10000.0,36993.398758646,25000.0,0.0,25.536191183024403,17.0,20.0,0.0,122.0,10.221429538231583,9.0,11.0,1.0,15715.519582571727,10000.0,19000.0,1.0,16.5,17.723439925502674,19.0,1.0,22671.94284752397,10000.0,25000.0,1.0,19.033689297284557,17.0,20.0,1.0,0.0,111.0,1.0,42.0
92.0,24.0,92.0,24.0,-721.0,921.0,13.0,-711.0,15.23839871788583,12.0,17.0,30000.0,15000.0,28000.0,0.0,24.17071024764474,19.5,25.0,1.0,15000.0,34058.23799128465,28000.0,0.0,24.667146559121782,20.0,26.0,1.0,722.0,15.237800758363065,12.0,17.0,1.0,20024.787987580483,15000.0,28000.0,1.0,19.5,21.74559916384931,25.0,1.0,24018.275375071342,15000.0,28000.0,1.0,22.234114660681588,20.0,26.0,1.0,0.0,92122.0,7.0,25.0
11.0,21.0,11.0,22.0,-121.0,21.0,13.0,-111.0,10.008598963869877,9.0,11.0,30000.0,10000.0,19000.0,0.0,26.708628698506487,16.5,19.0,0.0,10000.0,36538.68678998529,25000.0,0.0,28.015456960511873,17.0,20.0,0.0,121.0,10.001217616883398,9.0,11.0,1.0,14387.058570424464,10000.0,19000.0,1.0,16.5,17.401536075651915,19.0,1.0,20929.041130395537,10000.0,25000.0,1.0,18.70902303343228,17.0,20.0,1.0,0.0,211.0,1.0,52.0
11.0,22.0,11.0,22.0,-121.0,21.0,13.0,-111.0,10.197556492458004,9.0,11.0,30000.0,10000.0,19000.0,0.0,25.41142267707714,16.5,19.0,0.0,10000.0,37054.99132558714,25000.0,0.0,26.744880459902802,17.0,20.0,0.0,122.0,10.212625972702506,9.0,11.0,1.0,15445.334361203673,10000.0,19000.0,1.0,16.5,17.668931976014083,19.0,1.0,22384.18326555431,10000.0,25000.0,1.0,18.980437780677512,17.0,20.0,1.0,0.0,211.0,1.0,21.0
92.0,24.0,92.0,24.0,-721.0,921.0,13.0,-711.0,14.81849768651435,12.0,17.0,30000.0,15000.0,28000.0,0.0,24.948554380294365,19.5,25.0,1.0,15000.0,34455.93377772603,28000.0,0.0,25.506529529696003,20.0,26.0,1.0,721.0,14.847036974841371,12.0,17.0,1.0,19587.989393660104,15000.0,28000.0,1.0,19.5,21.397633490669165,25.0,1.0,24124.725076573166,15000.0,28000.0,1.0,21.965726711246823,20.0,26.0,1.0,0.0,92122.0,7.0,25.0
11.0,22.0,11.0,22.0,-121.0,21.0,13.0,-111.0,10.200328839343733,9.0,11.0,30000.0,10000.0,19000.0,0.0,26.821551118740018,16.5,19.0,0.0,10000.0,36967.66058776361,25000.0,0.0,28.138358742834622,17.0,20.0,0.0,122.0,10.204803340870225,9.0,11.0,1.0,14536.245892489174,10000.0,19000.0,1.0,16.5,17.447044923291887,19.0,1.0,21611.022880118748,10000.0,25000.0,1.0,18.784096313602195,17.0,20.0,1.0,0.0,211.0,1.0,16.0
11.0,22.0,11.0,22.0,-121.0,11.0,11.0,-111.0,9.9814810060959,9.0,11.0,30000.0,10000.0,19000.0,0.0,24.754486332295933,16.5,19.0,0.0,10000.0,36507.07535922955,25000.0,0.0,26.055992614789172,17.0,20.0,0.0,121.0,10.010020882871915,9.0,11.0,1.0,14593.431028083076,10000.0,19000.0,1.0,16.5,17.434391795237346,19.0,1.0,21112.625155195936,10000.0,25000.0,1.0,18.738322001177824,17.0,20.0,1.0,0.0,111.0,1.0,11.0
11.0,22.0,11.0,21.0,-121.0,21.0,13.0,-111.0,10.20090023036644,9.0,11.0,30000.0,10000.0,19000.0,0.0,24.373880717797086,16.5,19.0,0.0,10000.0,37097.03848430799,25000.0,0.0,25.71180945939953,17.0,20.0,0.0,122.0,10.199081395522459,9.0,11.0,1.0,11404.25750093343,10000.0,19000.0,1.0,16.5,16.848948036754727,19.0,1.0,18278.21673071196,10000.0,25000.0,1.0,18.144822032993996,17.0,20.0,1.0,0.0,211.0,1.0,58.0
11.0,22.0,11.0,22.0,-121.0,11.0,11.0,-111.0,9.995562893266618,9.0,11.0,30000.0,10000.0,19000.0,0.0,24.90466354700095,16.5,19.0,0.0,10000.0,36461.12381407511,25000.0,0.0,26.20567692944538,17.0,20.0,0.0,121.0,9.985159853827504,9.0,11.0,1.0,18373.768089271656,10000.0,19000.0,1.0,16.5,18.24627934924186,19.0,1.0,24801.85929755437,10000.0,25000.0,1.0,19.54064127855993,17.0,20.0,1.0,0.0,111.0,1.0,15.0
91.0,24.0,91.0,24.0,-721.0,911.0,12.0,-711.0,14.041152810092505,12.0,17.0,30000.0,18000.0,36000.0,1.0,23.213724864490125,20.0,25.0,1.0,18000.0,34540.2633324911,36000.0,1.0,23.779502921798855,20.0,26.0,1.0,721.0,14.426440519651994,12.0,17.0,1.0,25669.577249330097,18000.0,36000.0,1.0,20.0,22.668758175666518,25.0,1.0,30164.079302717866,18000.0,36000.0,1.0,23.2288337603002,20.0,26.0,1.0,1.0,91121.0,7.0,27.0
11.0,22.0,11.0,22.0,-121.0,11.0,11.0,-111.0,10.187230047847313,9.0,11.0,30000.0,10000.0,19000.0,0.0,25.00005074001215,16.5,19.0,0.0,10000.0,37101.13857193353,25000.0,0.0,26.340664401623066,17.0,20.0,0.0,122.0,10.219139183180978,9.0,11.0,1.0,13597.55623060864,10000.0,19000.0,1.0,16.5,17.33019764997301,19.0,1.0,20670.523744455717,10000.0,25000.0,1.0,18.66549293834699,17.0,20.0,1.0,0.0,111.0,1.0,38.0
91.0,24.0,91.0,21.0,-721.0,911.0,11.0,-711.0,15.481516776095457,12.0,17.0,30000.0,18000.0,36000.0,1.0,24.10248481633328,20.0,25.0,1.0,18000.0,33905.4817114889,36000.0,1.0,24.5784383727072,20.0,26.0,1.0,722.0,14.73879369453733,12.0,17.0,1.0,20998.12818469391,18000.0,36000.0,1.0,20.0,22.215520225268953,25.0,1.0,25101.817767015724,18000.0,36000.0,1.0,22.71562899423719,20.0,26.0,1.0,1.0,91121.0,7.0,15.0
11.0,21.0,11.0,21.0,-121.0,11.0,11.0,-111.0,10.21282174632134,9.0,11.0,30000.0,10000.0,19000.0,0.0,25.30920739853493,16.5,19.0,0.0,10000.0,36842.04459264096,25000.0,0.0,26.597359429804857,17.0,20.0,0.0,122.0,10.228306255549548,9.0,11.0,1.0,12703.074140233151,10000.0,19000.0,1.0,16.5,17.076349209108514,19.0,1.0,19728.99539364344,10000.0,25000.0,1.0,18.399119707251327,17.0,20.0,1.0,0.0,111.0,1.0,18.0
11.0,22.0,11.0,21.0,-121.0,11.0,12.0,-111.0,10.213898459469856,9.0,11.0,30000.0,10000.0,19000.0,0.0,24.088831636913508,16.5,19.0,0.0,10000.0,36887.84213518731,25000.0,0.0,25.38432490976609,17.0,20.0,0.0,122.0,10.213214158211132,9.0,11.0,1.0,12721.972068968778,10000.0,19000.0,1.0,16.5,17.076923811086953,19.0,1.0,19693.295717728786,10000.0,25000.0,1.0,18.388118625455487,17.0,20.0,1.0,0.0,111.0,1.0,46.0
11.0,21.0,11.0,22.0,-121.0,21.0,13.0,-111.0,10.167254329878798,9.0,11.0,30000.0,10000.0,19000.0,0.0,29.003792450825483,16.5,19.0,0.0,10000.0,36951.958368927626,25000.0,0.0,30.31700477936157,17.0,20.0,0.0,122.0,10.213365871024116,9.0,11.0,1.0,14052.22073898378,10000.0,19000.0,1.0,16.5,17.348036637175067,19.0,1.0,21115.083181883194,10000.0,25000.0,1.0,18.68219854416024,17.0,20.0,1.0,0.0,211.0,1.0,24.0
11.0,22.0,11.0,22.0,-121.0,11.0,11.0,-111.0,9.985524373804134,9.0,11.0,30000.0,10000.0,19000.0,0.0,24.72890564607288,16.5,19.0,0.0,10000.0,36476.50727274246,25000.0,0.0,26.023120875088367,17.0,20.0,0.0,121.0,9.992544543483026,9.0,11.0,1.0,14096.419730576185,10000.0,19000.0,1.0,16.5,17.375153583058722,19.0,1.0,20615.47773244729,10000.0,25000.0,1.0,18.67787182138538,17.0,20.0,1.0,0.0,111.0,1.0,15.0
11.0,22.0,11.0,21.0,-121.0,21.0,13.0,-111.0,10.209631744221168,9.0,11.0,30000.0,10000.0,19000.0,0.0,27.029429856247752,16.5,19.0,0.0,10000.0,36953.9716744316,25000.0,0.0,28.341661191531955,17.0,20.0,0.0,122.0,10.195319554197523,9.0,11.0,1.0,12685.83111437035,10000.0,19000.0,1.0,16.5,17.042085543618196,19.0,1.0,19534.377684821353,10000.0,25000.0,1.0,18.3344229058686,17.0,20.0,1.0,0.0,211.0,1.0,2.0
91.0,24.0,91.0,24.0,-721.0,911.0,11.0,-711.0,15.252453775482792,12.0,17.0,30000.0,18000.0,36000.0,1.0,25.328408127537067,20.0,25.0,0.0,18000.0,34064.151185567884,36000.0,1.0,25.82276041336737,20.0,26.0,1.0,722.0,15.158091540882628,12.0,17.0,1.0,26846.85905032121,18000.0,36000.0,1.0,20.0,23.412300824075878,25.0,1.0,30894.749271570778,18000.0,36000.0,1.0,23.904675170475898,20.0,26.0,1.0,0.0,91121.0,7.0,28.0
11.0,22.0,11.0,22.0,-121.0,21.0,13.0,-111.0,10.21381203458738,9.0,11.0,30000.0,10000.0,19000.0,0.0,25.47625247852433,16.5,19.0,0.0,10000.0,37179.45831675028,25000.0,0.0,26.830255180521323,17.0,20.0,0.0,122.0,10.230129430528526,9.0,11.0,1.0,12164.472704066511,10000.0,19000.0,1.0,16.5,17.051635807026027,19.0,1.0,19080.540475372833,10000.0,25000.0,1.0,18.35596463468914,17.0,20.0,1.0,0.0,211.0,1.0,3.0
91.0,24.0,91.0,24.0,-721.0,911.0,11.0,-711.0,14.81408319424759,12.0,17.0,30000.0,18000.0,36000.0,1.0,24.159200276958984,20.0,25.0,1.0,18000.0,34473.02360441489,36000.0,1.0,24.718869931907467,20.0,26.0,1.0,721.0,15.656782428046967,12.0,17.0,1.0,26660.796519016094,18000.0,36000.0,1.0,20.0,24.038009087559722,25.0,1.0,31193.65979790684,18000.0,36000.0,1.0,24.605165948686388,20.0,26.0,1.0,1.0,91121.0,7.0,9.0
11.0,21.0,11.0,21.0,-121.0,11.0,11.0,-111.0,9.985572350187837,9.0,11.0,30000.0,10000.0,19000.0,0.0,27.00453883584629,16.5,19.0,0.0,10000.0,36518.200416110405,25000.0,0.0,28.300870991771404,17.0,20.0,0.0,121.0,9.995229783600848,9.0,11.0,1.0,16202.076477895283,10000.0,19000.0,1.0,16.5,17.713283496319857,19.0,1.0,22597.34355791753,10000.0,25000.0,1.0,18.985166812621635,17.0,20.0,1.0,0.0,111.0,1.0,18.0
11.0,22.0,11.0,22.0,-121.0,21.0,13.0,-111.0,9.986136867706954,9.0,11.0,30000.0,10000.0,19000.0,0.0,25.064515240442407,16.5,19.0,0.0,10000.0,36428.90596537952,25000.0,0.0,26.353189202832603,17.0,20.0,0.0,121.0,9.999573689339924,9.0,11.0,1.0,13199.834890266042,10000.0,19000.0,1.0,16.5,17.205067590118965,19.0,1.0,19732.007992893206,10000.0,25000.0,1.0,18.514441446341525,17.0,20.0,1.0,0.0,211.0,1.0,22.0
91.0,21.0,91.0,24.0,-721.0,911.0,12.0,-711.0,14.74829612550724,12.0,17.0,30000.0,18000.0,36000.0,1.0,24.519126452938856,20.0,25.0,1.0,18000.0,34565.62530776667,36000.0,1.0,25.089450587857254,20.0,26.0,1.0,721.0,14.561097639325185,12.0,17.0,1.0,28444.25977326609,18000.0,36000.0,1.0,20.0,23.188519087634354,25.0,1.0,32994.081021066035,18000.0,36000.0,1.0,23.75686902707653,20.0,26.0,1.0,1.0,91121.0,7.0,19.0
11.0,21.0,11.0,22.0,-121.0,11.0,12.0,-111.0,10.01072501680027,9.0,11.0,30000.0,10000.0,19000.0,0.0,25.532082628630317,16.5,19.0,0.0,10000.0,36624.98403941379,25000.0,0.0,26.85522470241512,17.0,20.0,0.0,121.0,9.994727700362684,9.0,11.0,1.0,17632.365812883414,10000.0,19000.0,1.0,16.5,18.068236888111127,19.0,1.0,24186.504039007254,10000.0,25000.0,1.0,19.37722963326997,17.0,20.0,1.0,0.0,111.0,1.0,51.0
11.0,22.0,11.0,22.0,-121.0,21.0,13.0,-111.0,9.987563892884967,9.0,11.0,30000.0,10000.0,19000.0,0.0,26.426598920666134,16.5,19.0,0.0,10000.0,36516.341440263976,25000.0,0.0,27.72524619808067,17.0,20.0,0.0,121.0,9.981046757242636,9.0,11.0,1.0,15096.208463265148,10000.0,19000.0,1.0,16.5,17.541974411090237,19.0,1.0,21607.77481044755,10000.0,25000.0,1.0,18.839670056106957,17.0,20.0,1.0,0.0,211.0,1.0,31.0
11.0,22.0,11.0,22.0,-121.0,11.0,11.0,-111.0,9.994958498015496,9.0,11.0,30000.0,10000.0,19000.0,0.0,24.863493864379492,16.5,19.0,0.0,10000.0,36411.71850527532,25000.0,0.0,26.14419372417754,17.0,20.0,0.0,121.0,10.000465834401346,9.0,11.0,1.0,11811.518511180248,10000.0,19000.0,1.0,16.5,16.87133281393635,19.0,1.0,18281.70475389364,10000.0,25000.0,1.0,18.163711231219107,17.0,20.0,1.0,0.0,111.0,1.0,38.0
11.0,22.0,11.0,22.0,-121.0,11.0,12.0,-111.0,10.00747100612987,9.0,11.0,30000.0,10000.0,19000.0,0.0,24.234646157781185,16.5,19.0,0.0,10000.0,36501.78795781372,25000.0,0.0,25.538280411219077,17.0,20.0,0.0,121.0,9.995700124292332,9.0,11.0,1.0,18528.902699629707,10000.0,19000.0,1.0,16.5,18.24554864237617,19.0,1.0,24944.59500324142,10000.0,25000.0,1.0,19.531920375932128,17.0,20.0,1.0,0.0,111.0,1.0,49.0
11.0,21.0,11.0,22.0,-121.0,21.0,13.0,-111.0,9.989540715905072,9.0,11.0,30000.0,10000.0,19000.0,0.0,28.07924011584874,16.5,19.0,0.0,10000.0,36479.80665708722,25000.0,0.0,29.376002299091006,17.0,20.0,0.0,121.0,10.003415628137414,9.0,11.0,1.0,15226.292756976813,10000.0,19000.0,1.0,16.5,17.55198313599473,19.0,1.0,21643.510198655254,10000.0,25000.0,1.0,18.836219740633172,17.0,20.0,1.0,0.0,211.0,1.0,32.0
81.0,23.0,81.0,21.0,-721.0,912.0,12.0,-711.0,15.232089756708271,12.0,17.0,30000.0,12500.0,23000.0,0.0,26.405566763432823,20.0,24.0,0.0,12500.0,34516.40503900247,26000.0,0.0,26.969600841532493,20.0,25.0,0.0,721.0,14.944044995356869,12.0,17.0,1.0,14324.013562902392,12500.0,23000.0,1.0,20.0,21.18855418782799,24.0,1.0,18824.6334435709,12500.0,26000.0,1.0,21.750616926521282,20.0,25.0,1.0,0.0,912.0,7.0,30.0
11.0,22.0,11.0,22.0,-121.0,11.0,11.0,-111.0,10.19791791686219,9.0,11.0,30000.0,10000.0,19000.0,0.0,23.680606727797212,16.5,19.0,0.0,10000.0,37008.56622384152,25000.0,0.0,25.002696963667134,17.0,20.0,0.0,122.0,10.19780638995408,9.0,11.0,1.0,20857.912683108385,10000.0,19000.0,0.0,16.5,18.65767637707225,19.0,1.0,27731.193581157626,10000.0,25000.0,0.0,19.954246499045265,17.0,20.0,1.0,0.0,111.0,1.0,55.0
11.0,22.0,11.0,22.0,-121.0,21.0,13.0,-111.0,10.192241403307245,9.0,11.0,30000.0,10000.0,19000.0,0.0,26.05686630908011,16.5,19.0,0.0,10000.0,36907.77318012079,25000.0,0.0,27.36723986257206,17.0,20.0,0.0,122.0,10.199728187912388,9.0,11.0,1.0,13530.657769930285,10000.0,19000.0,1.0,16.5,17.29679883159877,19.0,1.0,20644.653281267172,10000.0,25000.0,1.0,18.646291835298303,17.0,20.0,1.0,0.0,211.0,1.0,3.0
91.0,21.0,91.0,24.0,-721.0,911.0,11.0,-711.0,15.408217545505721,12.0,17.0,30000.0,18000.0,36000.0,1.0,24.770436787191397,20.0,25.0,1.0,18000.0,34490.146076345394,36000.0,1.0,25.330560006594972,20.0,26.0,1.0,721.0,14.80726907651851,12.0,17.0,1.0,26555.747495854615,18000.0,36000.0,1.0,20.0,23.071603000374004,25.0,1.0,31033.108098966823,18000.0,36000.0,1.0,23.630131296069706,20.0,26.0,1.0,1.0,91121.0,7.0,18.0
91.0,24.0,91.0,21.0,-721.0,911.0,11.0,-711.0,15.128193581154155,12.0,17.0,30000.0,18000.0,36000.0,1.0,25.791704561236735,20.0,25.0,0.0,18000.0,34045.00017811657,36000.0,1.0,26.28515889876786,20.0,26.0,0.0,722.0,14.766357762487925,12.0,17.0,1.0,22717.451965149095,18000.0,36000.0,1.0,20.0,22.46980326914631,25.0,1.0,26662.246588658738,18000.0,36000.0,1.0,22.951033413009164,20.0,26.0,1.0,0.0,91121.0,7.0,3.0
91.0,24.0,91.0,24.0,-721.0,911.0,12.0,-711.0,15.340085804341806,12.0,17.0,30000.0,18000.0,36000.0,1.0,25.245177313052096,20.0,25.0,0.0,18000.0,33944.627571840974,36000.0,1.0,25.72568697372198,20.0,26.0,1.0,722.0,15.075271560316402,12.0,17.0,1.0,28403.6532755757,18000.0,36000.0,1.0,20.0,23.51955317588759,25.0,1.0,32471.10347170107,18000.0,36000.0,1.0,24.015024314274353,20.0,26.0,1.0,0.0,91121.0,7.0,8.0
91.0,24.0,91.0,21.0,-721.0,911.0,12.0,-711.0,15.104592723290152,12.0,17.0,30000.0,18000.0,36000.0,1.0,24.592075555230494,20.0,25.0,1.0,18000.0,34447.586919663285,36000.0,1.0,25.148888826854638,20.0,26.0,1.0,721.0,14.270453991960737,12.0,17.0,1.0,26556.97374249186,18000.0,36000.0,1.0,20.0,22.51941084233701,25.0,1.0,31002.49768286488,18000.0,36000.0,1.0,23.075965840369506,20.0,26.0,1.0,1.0,91121.0,7.0,29.0
11.0,21.0,11.0,22.0,-121.0,21.0,13.0,-111.0,10.213388141283922,9.0,11.0,30000.0,10000.0,19000.0,0.0,25.69299334258198,16.5,19.0,0.0,10000.0,37025.509026176995,25000.0,0.0,27.0220745547225,17.0,20.0,0.0,122.0,10.196308437510114,9.0,11.0,1.0,15439.391840903143,10000.0,19000.0,1.0,16.5,17.61350715827385,19.0,1.0,22456.41016124143,10000.0,25000.0,1.0,18.940982104225547,17.0,20.0,1.0,0.0,211.0,1.0,32.0
11.0,21.0,11.0,21.0,-121.0,11.0,11.0,-111.0,10.206222683010362,9.0,11.0,30000.0,10000.0,19000.0,0.0,24.389623999570176,16.5,19.0,0.0,10000.0,37064.2288159696,25000.0,0.0,25.723984112737487,17.0,20.0,0.0,122.0,10.186548721927728,9.0,11.0,1.0,11471.989423693729,10000.0,19000.0,1.0,16.5,16.849127908992116,19.0,1.0,18490.26588754965,10000.0,25000.0,1.0,18.174808095820104,17.0,20.0,1.0,0.0,111.0,1.0,18.0
91.0,24.0,91.0,24.0,-721.0,911.0,11.0,-711.0,15.320759146167203,12.0,17.0,30000.0,18000.0,36000.0,1.0,25.049653551884916,20.0,25.0,0.0,18000.0,33911.44865445125,36000.0,1.0,25.528464089652417,20.0,26.0,1.0,722.0,15.277201064814761,12.0,17.0,1.0,22657.99482380336,18000.0,36000.0,1.0,20.0,22.992870316024508,25.0,1.0,26733.85883857376,18000.0,36000.0,1.0,23.49180736293129,20.0,26.0,1.0,0.0,91121.0,7.0,28.0
91.0,24.0,91.0,21.0,-721.0,911.0,11.0,-711.0,14.318313724699896,12.0,17.0,30000.0,18000.0,36000.0,1.0,24.699474873113083,20.0,25.0,1.0,18000.0,34467.35363575201,36000.0,1.0,25.25714030096987,20.0,26.0,1.0,721.0,15.074034048048123,12.0,17.0,1.0,22525.488460640106,18000.0,36000.0,1.0,20.0,22.82793699717992,25.0,1.0,27076.316286212725,18000.0,36000.0,1.0,23.396022614163613,20.0,26.0,1.0,1.0,91121.0,7.0,2.0
11.0,22.0,11.0,22.0,-121.0,21.0,13.0,-111.0,10.190031301626245,9.0,11.0,30000.0,10000.0,19000.0,0.0,24.979015058460988,16.5,19.0,0.0,10000.0,37089.91344121171,25000.0,0.0,26.310873361840567,17.0,20.0,0.0,122.0,10.208073115804181,9.0,11.0,1.0,14667.19646842643,10000.0,19000.0,1.0,16.5,17.464444308282875,19.0,1.0,21537.718181646804,10000.0,25000.0,1.0,18.755089316600262,17.0,20.0,1.0,0.0,211.0,1.0,5.0
11.0,21.0,11.0,22.0,-121.0,11.0,11.0,-111.0,10.198899887437964,9.0,11.0,30000.0,10000.0,19000.0,0.0,23.701623135850255,16.5,19.0,0.0,10000.0,36965.20165613293,25000.0,0.0,25.011251960267426,17.0,20.0,0.0,122.0,10.184702300219604,9.0,11.0,1.0,16534.271604318827,10000.0,19000.0,1.0,16.5,17.847787581587532,19.0,1.0,23507.651693509953,10000.0,25000.0,1.0,19.158954152103146,17.0,20.0,1.0,0.0,111.0,1.0,35.0
11.0,22.0,11.0,22.0,-121.0,11.0,11.0,-111.0,10.013286272617014,9.0,11.0,30000.0,10000.0,19000.0,0.0,23.766756215490094,16.5,19.0,0.0,10000.0,36420.330382862536,25000.0,0.0,25.050088772649914,17.0,20.0,0.0,121.0,9.996057771400881,9.0,11.0,1.0,18301.066061208527,10000.0,19000.0,1.0,16.5,18.19389742649033,19.0,1.0,24824.51690146151,10000.0,25000.0,1.0,19.497842293669525,17.0,20.0,1.0,0.0,111.0,1.0,50.0
11.0,22.0,11.0,22.0,-121.0,21.0,13.0,-111.0,10.221273368527465,9.0,11.0,30000.0,10000.0,19000.0,0.0,24.183166035689688,16.5,19.0,0.0,10000.0,36894.43518478842,25000.0,0.0,25.48379961827033,17.0,20.0,0.0,122.0,10.208464729412404,9.0,11.0,1.0,13586.894690293759,10000.0,19000.0,1.0,16.5,17.306884360139044,19.0,1.0,20752.55925961284,10000.0,25000.0,1.0,18.658685302575584,17.0,20.0,1.0,0.0,211.0,1.0,28.0
11.0,21.0,11.0,22.0,-121.0,21.0,13.0,-111.0,9.990549891250385,9.0,11.0,30000.0,10000.0,19000.0,0.0,24.85767208976075,16.5,19.0,0.0,10000.0,36530.62228746997,25000.0,0.0,26.16695748470629,17.0,20.0,0.0,121.0,10.007264752905837,9.0,11.0,1.0,15112.724700844143,10000.0,19000.0,1.0,16.5,17.563121431268517,19.0,1.0,21622.631320478235,10000.0,25000.0,1.0,18.868253665894848,17.0,20.0,1.0,0.0,211.0,1.0,32.0
91.0,24.0,91.0,24.0,-721.0,911.0,12.0,-711.0,15.074546017729055,12.0,17.0,30000.0,18000.0,36000.0,1.0,24.37141320860115,20.0,25.0,1.0,18000.0,34015.49100672693,36000.0,1.0,24.85924227367844,20.0,26.0,1.0,722.0,15.234371788236704,12.0,17.0,1.0,28980.109536657037,18000.0,36000.0,1.0,20.0,23.780253506699772,25.0,1.0,33038.13076009759,18000.0,36000.0,1.0,24.273249430779405,20.0,26.0,1.0,1.0,91121.0,7.0,1.0
91.0,24.0,91.0,24.0,-721.0,911.0,12.0,-711.0,15.136134192507786,12.0,17.0,30000.0,18000.0,36000.0,1.0,24.246500218403817,20.0,25.0,1.0,18000.0,33997.636519906504,36000.0,1.0,24.73312728702283,20.0,26.0,1.0,722.0,15.07150345880666,12.0,17.0,1.0,25225.69107910078,18000.0,36000.0,1.0,20.0,23.213143717281902,25.0,1.0,29252.39896174201,18000.0,36000.0,1.0,23.703309604890062,20.0,26.0,1.0,1.0,91121.0,7.0,23.0
11.0,22.0,11.0,21.0,-121.0,21.0,13.0,-111.0,9.993373242405463,9.0,11.0,30000.0,10000.0,19000.0,0.0,25.20716244041786,16.5,19.0,0.0,10000.0,36479.75159254031,25000.0,0.0,26.504674231948076,17.0,20.0,0.0,121.0,9.995400709987651,9.0,11.0,1.0,11767.259753845936,10000.0,19000.0,1.0,16.5,16.848323303274068,19.0,1.0,18132.11154594744,10000.0,25000.0,1.0,18.12282744647322,17.0,20.0,1.0,0.0,211.0,1.0,2.0
11.0,22.0,11.0,21.0,-121.0,21.0,13.0,-111.0,10.002491141161169,9.0,11.0,30000.0,10000.0,19000.0,0.0,25.710961734213512,16.5,19.0,0.0,10000.0,36432.50196413469,25000.0,0.0,27.00133792173962,17.0,20.0,0.0,121.0,10.001766045975337,9.0,11.0,1.0,13298.44666199351,10000.0,19000.0,1.0,16.5,17.15181572945437,19.0,1.0,19789.0092876946,10000.0,25000.0,1.0,18.453839032758292,17.0,20.0,1.0,0.0,211.0,1.0,58.0
91.0,24.0,91.0,24.0,-721.0,911.0,12.0,-711.0,15.19909380400103,12.0,17.0,30000.0,18000.0,36000.0,1.0,25.01803812313448,20.0,25.0,0.0,18000.0,34456.291570348905,36000.0,1.0,25.574233340782545,20.0,26.0,1.0,721.0,14.423425592735033,12.0,17.0,1.0,28058.164591106673,18000.0,36000.0,1.0,20.0,22.96646286596281,25.0,1.0,32506.097241988686,18000.0,36000.0,1.0,23.52161479661791,20.0,26.0,1.0,0.0,91121.0,7.0,23.0
11.0,22.0,11.0,22.0,-121.0,11.0,11.0,-111.0,10.007926569982352,9.0,11.0,30000.0,10000.0,19000.0,0.0,24.994716263743598,16.5,19.0,0.0,10000.0,36518.44080229722,25000.0,0.0,26.305743320003998,17.0,20.0,0.0,121.0,9.994338866072255,9.0,11.0,1.0,18157.09112020354,10000.0,19000.0,1.0,16.5,18.13221095390196,19.0,1.0,24679.592474964622,10000.0,25000.0,1.0,19.444054692296167,17.0,20.0,1.0,0.0,111.0,1.0,17.0
11.0,22.0,11.0,22.0,-121.0,21.0,13.0,-111.0,9.978928252817491,9.0,11.0,30000.0,10000.0,19000.0,0.0,26.97878032279842,16.5,19.0,0.0,10000.0,36445.48542230363,25000.0,0.0,28.2719268868551,17.0,20.0,0.0,121.0,10.005810862225232,9.0,11.0,1.0,12689.413733662626,10000.0,19000.0,1.0,16.5,17.072742223229113,19.0,1.0,19218.617914755727,10000.0,25000.0,1.0,18.38268513669666,17.0,20.0,1.0,0.0,211.0,1.0,5.0
11.0,22.0,11.0,21.0,-121.0,11.0,12.0,-111.0,9.988723853656685,9.0,11.0,30000.0,10000.0,19000.0,0.0,24.399870986441606,16.5,19.0,0.0,10000.0,36409.87436063873,25000.0,0.0,25.6847484679837,17.0,20.0,0.0,121.0,9.999705555694538,9.0,11.0,1.0,12961.339069583453,10000.0,19000.0,1.0,16.5,17.060109277998905,19.0,1.0,19405.65827755229,10000.0,25000.0,1.0,18.351891326806996,17.0,20.0,1.0,0.0,111.0,1.0,10.0
11.0,22.0,11.0,21.0,-121.0,21.0,13.0,-111.0,10.007731003922709,9.0,11.0,30000.0,10000.0,19000.0,0.0,25.988698470999168,16.5,19.0,0.0,10000.0,36556.07051118594,25000.0,0.0,27.30080577908589,17.0,20.0,0.0,121.0,10.004790518550456,9.0,11.0,1.0,14000.050165269733,10000.0,19000.0,1.0,16.5,17.292454595586836,19.0,1.0,20481.62537120392,10000.0,25000.0,1.0,18.589652693305517,17.0,20.0,1.0,0.0,211.0,1.0,2.0
11.0,22.0,11.0,22.0,-121.0,11.0,11.0,-111.0,10.189748009466683,9.0,11.0,30000.0,10000.0,19000.0,0.0,26.48334699260368,16.5,19.0,0.0,10000.0,36972.24696745767,25000.0,0.0,27.801224853406822,17.0,20.0,0.0,122.0,10.20916613653761,9.0,11.0,1.0,15176.714657857712,10000.0,19000.0,1.0,16.5,17.619945691031297,19.0,1.0,22035.84584021405,10000.0,25000.0,1.0,18.91644266994827,17.0,20.0,1.0,0.0,111.0,1.0,44.0
11.0,21.0,11.0,22.0,-121.0,21.0,13.0,-111.0,10.000046214717331,9.0,11.0,30000.0,10000.0,19000.0,0.0,27.26640803719146,16.5,19.0,0.0,10000.0,36465.73540870441,25000.0,0.0,28.558012256117294,17.0,20.0,0.0,121.0,9.999213314231124,9.0,11.0,1.0,13290.313656624912,10000.0,19000.0,1.0,16.5,17.191737858447915,19.0,1.0,19802.743968658717,10000.0,25000.0,1.0,18.49266991563657,17.0,20.0,1.0,0.0,211.0,1.0,24.0
11.0,22.0,11.0,22.0,-121.0,11.0,11.0,-111.0,10.203805903767687,9.0,11.0,30000.0,10000.0,19000.0,0.0,24.35687074170727,16.5,19.0,0.0,10000.0,36994.524713159306,25000.0,0.0,25.67146029214789,17.0,20.0,0.0,122.0,10.176025098676122,9.0,11.0,1.0,15895.606264086717,10000.0,19000.0,1.0,16.5,17.681577027572235,19.0,1.0,23005.13888270288,10000.0,25000.0,1.0,19.01778179805021,17.0,20.0,1.0,0.0,111.0,1.0,38.0
11.0,21.0,11.0,21.0,-121.0,11.0,11.0,-111.0,10.012108321493587,9.0,11.0,30000.0,10000.0,19000.0,0.0,24.5202360676759,16.5,19.0,0.0,10000.0,36537.644094949464,25000.0,0.0,25.831245467755327,17.0,20.0,0.0,121.0,9.998134576888079,9.0,11.0,1.0,17159.757264845837,10000.0,19000.0,1.0,16.5,17.9198712320386,19.0,1.0,23727.81745038569,10000.0,25000.0,1.0,19.23698004348067,17.0,20.0,1.0,0.0,111.0,1.0,56.0
11.0,22.0,11.0,22.0,-121.0,21.0,13.0,-111.0,10.002249951748524,9.0,11.0,30000.0,10000.0,19000.0,0.0,25.528410636506308,16.5,19.0,0.0,10000.0,36528.07599604686,25000.0,0.0,26.84257002337083,17.0,20.0,0.0,121.0,10.000562592745183,9.0,11.0,1.0,11711.979741810661,10000.0,19000.0,1.0,16.5,16.85736503447017,19.0,1.0,18138.95459500007,10000.0,25000.0,1.0,18.151171867842773,17.0,20.0,1.0,0.0,211.0,1.0,47.0
11.0,22.0,11.0,22.0,-121.0,21.0,13.0,-111.0,9.995218735318133,9.0,11.0,30000.0,10000.0,19000.0,0.0,26.08625394291718,16.5,19.0,0.0,10000.0,36473.077418607834,25000.0,0.0,27.38365846220588,17.0,20.0,0.0,121.0,9.989668338166881,9.0,11.0,1.0,14725.720239924847,10000.0,19000.0,1.0,16.5,17.455496393441056,19.0,1.0,21189.868381162494,10000.0,25000.0,1.0,18.751111209924602,17.0,20.0,1.0,0.0,211.0,1.0,28.0
11.0,22.0,11.0,22.0,-121.0,11.0,11.0,-111.0,10.225404042392295,9.0,11.0,30000.0,10000.0,19000.0,0.0,24.05493380740844,16.5,19.0,0.0,10000.0,37184.93401490721,25000.0,0.0,25.404694421571463,17.0,20.0,0.0,122.0,10.201680915889142,9.0,11.0,1.0,13822.235477057606,10000.0,19000.0,1.0,16.5,17.342119892755285,19.0,1.0,20748.802594174213,10000.0,25000.0,1.0,18.643343740690856,17.0,20.0,1.0,0.0,111.0,1.0,50.0
11.0,22.0,11.0,22.0,-121.0,11.0,12.0,-111.0,9.991548656127637,9.0,11.0,30000.0,10000.0,19000.0,0.0,24.831907415834266,16.5,19.0,0.0,10000.0,36402.18768110397,25000.0,0.0,26.108391515134016,17.0,20.0,0.0,121.0,9.996989761013063,9.0,11.0,1.0,16595.4666431424,10000.0,19000.0,1.0,16.5,17.845526173081254,19.0,1.0,23136.544667527618,10000.0,25000.0,1.0,19.14970257438397,17.0,20.0,1.0,0.0,111.0,1.0,49.0
81.0,23.0,81.0,23.0,-721.0,912.0,12.0,-711.0,15.2014204795421,12.0,17.0,30000.0,12500.0,23000.0,0.0,25.853231167668284,20.0,24.0,0.0,12500.0,33914.20932060137,26000.0,0.0,26.331087903776627,20.0,25.0,0.0,722.0,15.179147462095978,12.0,17.0,1.0,18931.46394628429,12500.0,23000.0,1.0,20.0,22.130725070941,24.0,1.0,22835.3771145853,12500.0,26000.0,1.0,22.60732482630822,20.0,25.0,1.0,0.0,912.0,7.0,31.0
11.0,22.0,11.0,22.0,-121.0,11.0,12.0,-111.0,10.183342060914246,9.0,11.0,30000.0,10000.0,19000.0,0.0,23.39375686166644,16.5,19.0,0.0,10000.0,37066.32996496992,25000.0,0.0,24.724004643444708,17.0,20.0,0.0,122.0,10.211380025492655,9.0,11.0,1.0,14757.301674509314,10000.0,19000.0,1.0,16.5,17.52297983792571,19.0,1.0,21829.67760149753,10000.0,25000.0,1.0,18.85436578160746,17.0,20.0,1.0,0.0,111.0,1.0,49.0
11.0,22.0,11.0,22.0,-121.0,11.0,11.0,-111.0,10.19141255927151,9.0,11.0,30000.0,10000.0,19000.0,0.0,24.11040159218755,16.5,19.0,0.0,10000.0,37140.19032950775,25000.0,0.0,25.450833015933412,17.0,20.0,0.0,122.0,10.187864249057172,9.0,11.0,1.0,18408.602227086423,10000.0,19000.0,1.0,16.5,18.154379261392826,19.0,1.0,25239.602910925063,10000.0,25000.0,0.0,19.43676636169272,17.0,20.0,1.0,0.0,111.0,1.0,11.0
91.0,24.0,91.0,21.0,-721.0,911.0,12.0,-711.0,15.729476646007024,12.0,17.0,30000.0,18000.0,36000.0,1.0,24.722591229249954,20.0,25.0,1.0,18000.0,34490.35571415124,36000.0,1.0,25.284846349521526,20.0,26.0,1.0,721.0,14.616398768292342,12.0,17.0,1.0,23517.433664975008,18000.0,36000.0,1.0,20.0,22.51224080599831,25.0,1.0,28004.527533230634,18000.0,36000.0,1.0,23.07408749770139,20.0,26.0,1.0,1.0,91121.0,7.0,29.0
11.0,21.0,11.0,22.0,-121.0,21.0,13.0,-111.0,10.216139547407375,9.0,11.0,30000.0,10000.0,19000.0,0.0,26.878667606770115,16.5,19.0,0.0,10000.0,36969.68888599141,25000.0,0.0,28.188597910743276,17.0,20.0,0.0,122.0,10.197465365781078,9.0,11.0,1.0,16823.123292013468,10000.0,19000.0,1.0,16.5,17.879025238708955,19.0,1.0,23877.712484737807,10000.0,25000.0,1.0,19.204912278545837,17.0,20.0,1.0,0.0,211.0,1.0,9.0
92.0,24.0,92.0,24.0,-721.0,921.0,13.0,-711.0,15.325580802457107,12.0,17.0,30000.0,15000.0,28000.0,0.0,23.99707288669841,19.5,25.0,1.0,15000.0,33931.43307022823,28000.0,0.0,24.477221063279742,20.0,26.0,1.0,722.0,15.282619589796067,12.0,17.0,1.0,22659.076382591382,15000.0,28000.0,1.0,19.5,22.14979676946669,25.0,1.0,26650.001582937923,15000.0,28000.0,1.0,22.637210754033806,20.0,26.0,1.0,0.0,92122.0,7.0,20.0
11.0,22.0,11.0,22.0,-121.0,21.0,12.0,-111.0,10.201904117515626,9.0,11.0,30000.0,10000.0,19000.0,0.0,23.91148259058857,16.5,19.0,0.0,10000.0,36972.74524458565,25000.0,0.0,25.225210788454792,17.0,20.0,0.0,122.0,10.17288456601296,9.0,11.0,1.0,17093.608563910457,10000.0,19000.0,1.0,16.5,17.901626995511634,19.0,1.0,24063.380865536266,10000.0,25000.0,1.0,19.214795064065804,17.0,20.0,1.0,0.0,211.0,1.0,48.0
91.0,24.0,91.0,21.0,-721.0,911.0,11.0,-711.0,15.178997213808724,12.0,17.0,30000.0,18000.0,36000.0,1.0,24.622129188612938,20.0,25.0,1.0,18000.0,34471.96217323655,36000.0,1.0,25.177150563477422,20.0,26.0,1.0,721.0,14.933556358453604,12.0,17.0,1.0,23229.534394854207,18000.0,36000.0,1.0,20.0,22.75811177442912,25.0,1.0,27628.03721989181,18000.0,36000.0,1.0,23.304016008572237,20.0,26.0,1.0,1.0,91121.0,7.0,2.0
11.0,22.0,11.0,21.0,-121.0,21.0,13.0,-111.0,10.209147169478836,9.0,11.0,30000.0,10000.0,19000.0,0.0,25.706758663937727,16.5,19.0,0.0,10000.0,37149.41050230002,25000.0,0.0,27.056471382040208,17.0,20.0,0.0,122.0,10.199734643950489,9.0,11.0,1.0,12460.340455563593,10000.0,19000.0,1.0,16.5,17.02570131360742,19.0,1.0,19434.08185900643,10000.0,25000.0,1.0,18.342250064299037,17.0,20.0,1.0,0.0,211.0,1.0,58.0
11.0,22.0,11.0,22.0,-121.0,21.0,13.0,-111.0,10.193691852499255,9.0,11.0,30000.0,10000.0,19000.0,0.0,26.632638693093106,16.5,19.0,0.0,10000.0,36920.53447686696,25000.0,0.0,27.940150132371567,17.0,20.0,0.0,122.0,10.194614910570673,9.0,11.0,1.0,13068.807934154203,10000.0,19000.0,1.0,16.5,17.204278894994147,19.0,1.0,20018.304412057376,10000.0,25000.0,1.0,18.517262187318902,17.0,20.0,1.0,0.0,211.0,1.0,13.0
92.0,24.0,92.0,24.0,-721.0,921.0,13.0,-711.0,15.226413985991053,12.0,17.0,30000.0,15000.0,28000.0,0.0,23.942822202851232,19.5,25.0,1.0,15000.0,33968.975119721676,28000.0,0.0,24.42801326362773,20.0,26.0,1.0,722.0,14.99185509192462,12.0,17.0,1.0,21270.843114439685,15000.0,28000.0,1.0,19.5,21.642580212974764,25.0,1.0,25272.381860743488,15000.0,28000.0,1.0,22.13175204461717,20.0,26.0,1.0,0.0,92122.0,7.0,22.0
11.0,22.0,11.0,22.0,-121.0,11.0,12.0,-111.0,10.171187719817373,9.0,11.0,30000.0,10000.0,19000.0,0.0,23.747902355629535,16.5,19.0,0.0,10000.0,36963.7581257749,25000.0,0.0,25.063329433209447,17.0,20.0,0.0,122.0,10.187822969571826,9.0,11.0,1.0,15117.863234190247,10000.0,19000.0,1.0,16.5,17.58126943457758,19.0,1.0,22008.6515436146,10000.0,25000.0,1.0,18.882912795012256,17.0,20.0,1.0,0.0,111.0,1.0,14.0
91.0,24.0,91.0,21.0,-721.0,911.0,12.0,-711.0,15.061590296600382,12.0,17.0,30000.0,18000.0,36000.0,1.0,24.135476963479057,20.0,25.0,1.0,18000.0,34006.07335238798,36000.0,1.0,24.622791283695094,20.0,26.0,1.0,722.0,15.214701418418162,12.0,17.0,1.0,26629.546235910195,18000.0,36000.0,1.0,20.0,23.441483533788265,25.0,1.0,30569.555423130125,18000.0,36000.0,1.0,23.920761552392317,20.0,26.0,1.0,1.0,91121.0,7.0,14.0
91.0,24.0,91.0,21.0,-721.0,911.0,12.0,-711.0,15.366668911319358,12.0,17.0,30000.0,18000.0,36000.0,1.0,24.21087186697089,20.0,25.0,1.0,18000.0,34446.68919356744,36000.0,1.0,24.76885097005991,20.0,26.0,1.0,721.0,14.26725323236179,12.0,17.0,1.0,24909.539654919423,18000.0,36000.0,1.0,20.0,22.338137977913405,25.0,1.0,29449.82719117627,18000.0,36000.0,1.0,22.907861980866347,20.0,26.0,1.0,1.0,91121.0,7.0,29.0
11.0,21.0,11.0,22.0,-121.0,21.0,13.0,-111.0,10.192656204811833,9.0,11.0,30000.0,10000.0,19000.0,0.0,28.193063689967115,16.5,19.0,0.0,10000.0,37056.82901071231,25000.0,0.0,29.52432772701163,17.0,20.0,0.0,122.0,10.171263183065223,9.0,11.0,1.0,14596.103002700453,10000.0,19000.0,1.0,16.5,17.468006852187553,19.0,1.0,21556.732796663233,10000.0,25000.0,1.0,18.781122999088197,17.0,20.0,1.0,0.0,211.0,1.0,24.0
11.0,22.0,11.0,22.0,-121.0,11.0,12.0,-111.0,10.220654237605,9.0,11.0,30000.0,10000.0,19000.0,0.0,25.950809023410358,16.5,19.0,0.0,10000.0,36913.684364108034,25000.0,0.0,27.254613982498306,17.0,20.0,0.0,122.0,10.193394634752787,9.0,11.0,1.0,16853.724664218815,10000.0,19000.0,1.0,16.5,17.896286573266295,19.0,1.0,23911.6085105462,10000.0,25000.0,1.0,19.22728513711172,17.0,20.0,1.0,0.0,111.0,1.0,40.0
11.0,22.0,11.0,22.0,-121.0,21.0,13.0,-111.0,10.174354610180115,9.0,11.0,30000.0,10000.0,19000.0,0.0,25.419555463950047,16.5,19.0,0.0,10000.0,37086.042764540245,25000.0,0.0,26.761397298341556,17.0,20.0,0.0,122.0,10.175702325467443,9.0,11.0,1.0,13279.527213404243,10000.0,19000.0,1.0,16.5,17.269700101377175,19.0,1.0,20283.918240950792,10000.0,25000.0,1.0,18.59608003126295,17.0,20.0,1.0,0.0,211.0,1.0,22.0
11.0,22.0,11.0,22.0,-121.0,21.0,12.0,-111.0,9.980225370783161,9.0,11.0,30000.0,10000.0,19000.0,0.0,24.2043234385426,16.5,19.0,0.0,10000.0,36402.14252144379,25000.0,0.0,25.49067112911753,17.0,20.0,0.0,121.0,10.010532465330316,9.0,11.0,1.0,13805.427727123337,10000.0,19000.0,1.0,16.5,17.275793109020384,19.0,1.0,20348.829309802983,10000.0,25000.0,1.0,18.590523214792245,17.0,20.0,1.0,0.0,211.0,1.0,48.0
11.0,22.0,11.0,22.0,-121.0,21.0,13.0,-111.0,9.995949823376684,9.0,11.0,30000.0,10000.0,19000.0,0.0,25.518206436029864,16.5,19.0,0.0,10000.0,36507.462040708946,25000.0,0.0,26.82159370867907,17.0,20.0,0.0,121.0,10.00620922445097,9.0,11.0,1.0,11770.105191690078,10000.0,19000.0,1.0,16.5,16.933545099246295,19.0,1.0,18404.941781669724,10000.0,25000.0,1.0,18.26244437109585,17.0,20.0,1.0,0.0,211.0,1.0,5.0
11.0,22.0,11.0,21.0,-121.0,11.0,11.0,-111.0,10.006626489152898,9.0,11.0,30000.0,10000.0,19000.0,0.0,24.66349521609139,16.5,19.0,0.0,10000.0,36518.26136941366,25000.0,0.0,25.968455744825917,17.0,20.0,0.0,121.0,9.997749797277452,9.0,11.0,1.0,12154.462840066517,10000.0,19000.0,1.0,16.5,16.923928333505927,19.0,1.0,18580.657817029318,10000.0,25000.0,1.0,18.210457105463234,17.0,20.0,1.0,0.0,111.0,1.0,54.0
11.0,22.0,11.0,22.0,-121.0,21.0,13.0,-111.0,10.011869797454882,9.0,11.0,30000.0,10000.0,19000.0,0.0,25.766494989219794,16.5,19.0,0.0,10000.0,36504.30638441128,25000.0,0.0,27.063344529474634,17.0,20.0,0.0,121.0,9.988448197145535,9.0,11.0,1.0,13391.794183119095,10000.0,19000.0,1.0,16.5,17.23265139839486,19.0,1.0,19864.08067521826,10000.0,25000.0,1.0,18.523116709468326,17.0,20.0,1.0,0.0,211.0,1.0,4.0
11.0,21.0,11.0,22.0,-121.0,21.0,13.0,-111.0,10.01652103808273,9.0,11.0,30000.0,10000.0,19000.0,0.0,27.52525595542047,16.5,19.0,0.0,10000.0,36544.79906970498,25000.0,0.0,28.83439832544479,17.0,20.0,0.0,121.0,10.004117476828451,9.0,11.0,1.0,13451.074468886596,10000.0,19000.0,1.0,16.5,17.236178813193504,19.0,1.0,19928.33919064596,10000.0,25000.0,1.0,18.531812429872467,17.0,20.0,1.0,0.0,211.0,1.0,24.0
91.0,21.0,91.0,24.0,-721.0,911.0,11.0,-711.0,14.66455175303043,12.0,17.0,30000.0,18000.0,36000.0,1.0,24.774903842075275,20.0,25.0,1.0,18000.0,34468.29825267607,36000.0,1.0,25.333706338996983,20.0,26.0,1.0,721.0,14.473964874113044,12.0,17.0,1.0,20088.01476159771,18000.0,36000.0,1.0,20.0,21.916059506924256,25.0,1.0,24592.411793534167,18000.0,36000.0,1.0,22.479376493892474,20.0,26.0,1.0,1.0,91121.0,7.0,18.0
11.0,21.0,11.0,21.0,-121.0,11.0,11.0,-111.0,10.027835383812942,9.0,11.0,30000.0,10000.0,19000.0,0.0,27.30123129567703,16.5,19.0,0.0,10000.0,36461.14737602362,25000.0,0.0,28.59016363941578,17.0,20.0,0.0,121.0,9.996746944046267,9.0,11.0,1.0,15838.140582270038,10000.0,19000.0,1.0,16.5,17.653098345260553,19.0,1.0,22237.900032640384,10000.0,25000.0,1.0,18.929784430202737,17.0,20.0,1.0,0.0,111.0,1.0,56.0
11.0,21.0,11.0,22.0,-121.0,11.0,11.0,-111.0,10.21135049368167,9.0,11.0,30000.0,10000.0,19000.0,0.0,24.226339255966177,16.5,19.0,0.0,10000.0,37022.499243669314,25000.0,0.0,25.559597937840344,17.0,20.0,0.0,122.0,10.172082124814953,9.0,11.0,1.0,18949.240481037737,10000.0,19000.0,1.0,16.5,18.333906612480575,19.0,1.0,25839.886186969572,10000.0,25000.0,0.0,19.64213220174419,17.0,20.0,1.0,0.0,111.0,1.0,35.0
11.0,21.0,11.0,22.0,-121.0,11.0,11.0,-111.0,9.994730521446668,9.0,11.0,30000.0,10000.0,19000.0,0.0,28.24730673969698,16.5,19.0,0.0,10000.0,36519.55981151468,25000.0,0.0,29.559962827763407,17.0,20.0,0.0,121.0,10.013994026816386,9.0,11.0,1.0,12019.376496865674,10000.0,19000.0,1.0,16.5,16.95364527177188,19.0,1.0,18553.49061936245,10000.0,25000.0,1.0,18.26923174248232,17.0,20.0,1.0,0.0,111.0,1.0,35.0
92.0,24.0,92.0,24.0,-721.0,921.0,13.0,-711.0,14.958313791917227,12.0,17.0,30000.0,15000.0,28000.0,0.0,24.51117469563473,19.5,25.0,1.0,15000.0,34397.38077624087,28000.0,0.0,25.06348481263313,20.0,26.0,1.0,721.0,15.421025801256018,12.0,17.0,1.0,20167.501605984777,15000.0,28000.0,1.0,19.5,21.974734795340055,25.0,1.0,24698.767203030435,15000.0,28000.0,1.0,22.543860818170977,20.0,26.0,1.0,0.0,92122.0,7.0,25.0
92.0,24.0,92.0,24.0,-721.0,921.0,13.0,-711.0,14.324728599208502,12.0,17.0,30000.0,15000.0,28000.0,0.0,23.69831705829352,19.5,25.0,1.0,15000.0,34550.571359713394,28000.0,0.0,24.267037263121576,20.0,26.0,1.0,721.0,15.186711488537007,12.0,17.0,1.0,22213.963814137318,15000.0,28000.0,1.0,19.5,21.978806339024466,25.0,1.0,26716.22272019315,15000.0,28000.0,1.0,22.54148856172502,20.0,26.0,1.0,0.0,92122.0,7.0,20.0
11.0,21.0,11.0,22.0,-121.0,11.0,12.0,-111.0,9.991627841074699,9.0,11.0,30000.0,10000.0,19000.0,0.0,25.539885465785176,16.5,19.0,0.0,10000.0,36541.867122296666,25000.0,0.0,26.850884662370692,17.0,20.0,0.0,121.0,9.97878207700375,9.0,11.0,1.0,18338.972337757412,10000.0,19000.0,1.0,16.5,18.161727732468535,19.0,1.0,24824.828509776697,10000.0,25000.0,1.0,19.46150225734475,17.0,20.0,1.0,0.0,111.0,1.0,7.0
91.0,24.0,91.0,24.0,-721.0,911.0,12.0,-711.0,14.379728060436918,12.0,17.0,30000.0,18000.0,36000.0,1.0,23.986672405986972,20.0,25.0,1.0,18000.0,34585.96144066924,36000.0,1.0,24.557004664734148,20.0,26.0,1.0,721.0,15.459908805494127,12.0,17.0,1.0,26638.78519850029,18000.0,36000.0,1.0,20.0,23.772371903425828,25.0,1.0,31128.38932428924,18000.0,36000.0,1.0,24.330720702269673,20.0,26.0,1.0,1.0,91121.0,7.0,8.0
11.0,22.0,11.0,22.0,-121.0,11.0,11.0,-111.0,10.200450567025126,9.0,11.0,30000.0,10000.0,19000.0,0.0,25.399971737344522,16.5,19.0,0.0,10000.0,36980.27551725744,25000.0,0.0,26.72053273751941,17.0,20.0,0.0,122.0,10.20675503001593,9.0,11.0,1.0,17936.698291418736,10000.0,19000.0,1.0,16.5,18.146820704060147,19.0,1.0,24987.755538219913,10000.0,25000.0,1.0,19.48077252116329,17.0,20.0,1.0,0.0,111.0,1.0,15.0
11.0,21.0,11.0,22.0,-121.0,11.0,11.0,-111.0,10.008596749670993,9.0,11.0,30000.0,10000.0,19000.0,0.0,24.09699836456945,16.5,19.0,0.0,10000.0,36429.391895867004,25000.0,0.0,25.37649933667747,17.0,20.0,0.0,121.0,10.009415666085802,9.0,11.0,1.0,17936.06908497535,10000.0,19000.0,1.0,16.5,18.160900616379855,19.0,1.0,24451.26289882703,10000.0,25000.0,1.0,19.457476863917996,17.0,20.0,1.0,0.0,111.0,1.0,43.0
11.0,22.0,11.0,22.0,-121.0,21.0,13.0,-111.0,10.205695147143166,9.0,11.0,30000.0,10000.0,19000.0,0.0,24.709918994645967,16.5,19.0,0.0,10000.0,37038.734437634106,25000.0,0.0,26.03852532106613,17.0,20.0,0.0,122.0,10.203111016615217,9.0,11.0,1.0,14115.64032820509,10000.0,19000.0,1.0,16.5,17.401109879762917,19.0,1.0,21049.28078378515,10000.0,25000.0,1.0,18.70987904217826,17.0,20.0,1.0,0.0,211.0,1.0,13.0
92.0,24.0,92.0,24.0,-721.0,921.0,13.0,-711.0,14.605083142619945,12.0,17.0,30000.0,15000.0,28000.0,0.0,24.264492429494524,19.5,25.0,1.0,15000.0,34489.78197012969,28000.0,0.0,24.826499431708395,20.0,26.0,1.0,721.0,14.545133195587892,12.0,17.0,1.0,21577.869010465733,15000.0,28000.0,1.0,19.5,21.284061538410178,25.0,1.0,26066.485311536326,15000.0,28000.0,1.0,21.84592262837757,20.0,26.0,1.0,0.0,92122.0,7.0,25.0
11.0,22.0,11.0,21.0,-121.0,11.0,11.0,-111.0,10.195847944969293,9.0,11.0,30000.0,10000.0,19000.0,0.0,24.541676350921126,16.5,19.0,0.0,10000.0,37064.39556154571,25000.0,0.0,25.879566418401065,17.0,20.0,0.0,122.0,10.206228946743186,9.0,11.0,1.0,12985.656432330268,10000.0,19000.0,1.0,16.5,17.153428354957576,19.0,1.0,20051.421483147067,10000.0,25000.0,1.0,18.491577783068916,17.0,20.0,1.0,0.0,111.0,1.0,39.0
81.0,23.0,81.0,21.0,-721.0,912.0,12.0,-711.0,15.224873425145178,12.0,17.0,30000.0,12500.0,23000.0,0.0,26.72872470733783,20.0,24.0,0.0,12500.0,34590.972390328905,26000.0,0.0,27.304189438832328,20.0,25.0,0.0,721.0,14.967810105408095,12.0,17.0,1.0,16345.834717415406,12500.0,23000.0,1.0,20.0,21.486294957175247,24.0,1.0,20885.221720212467,12500.0,26000.0,1.0,22.055293613803432,20.0,25.0,1.0,0.0,912.0,7.0,11.0
11.0,22.0,11.0,21.0,-121.0,21.0,13.0,-111.0,10.005383725710479,9.0,11.0,30000.0,10000.0,19000.0,0.0,26.626180192718685,16.5,19.0,0.0,10000.0,36444.83929256507,25000.0,0.0,27.917366669105174,17.0,20.0,0.0,121.0,10.007459395681888,9.0,11.0,1.0,11688.40707761411,10000.0,19000.0,1.0,16.5,16.792059270518507,19.0,1.0,18172.290708262623,10000.0,25000.0,1.0,18.091068055425698,17.0,20.0,1.0,0.0,211.0,1.0,58.0
11.0,22.0,11.0,22.0,-121.0,11.0,11.0,-111.0,10.005730846683191,9.0,11.0,30000.0,10000.0,19000.0,0.0,24.421340708992094,16.5,19.0,0.0,10000.0,36470.246632573115,25000.0,0.0,25.716866025401732,17.0,20.0,0.0,121.0,10.011683566279654,9.0,11.0,1.0,18584.11636297333,10000.0,19000.0,1.0,16.5,18.23683854001456,19.0,1.0,25009.217944469565,10000.0,25000.0,0.0,19.523324547739076,17.0,20.0,1.0,0.0,111.0,1.0,50.0
11.0,22.0,11.0,22.0,-121.0,21.0,13.0,-111.0,10.004621362128054,9.0,11.0,30000.0,10000.0,19000.0,0.0,25.828169117320563,16.5,19.0,0.0,10000.0,36569.467097293484,25000.0,0.0,27.13880071489519,17.0,20.0,0.0,121.0,10.000517200732492,9.0,11.0,1.0,14232.635059238411,10000.0,19000.0,1.0,16.5,17.368775891307443,19.0,1.0,20729.489073314886,10000.0,25000.0,1.0,18.664920925534986,17.0,20.0,1.0,0.0,211.0,1.0,21.0
11.0,21.0,11.0,21.0,-121.0,21.0,13.0,-111.0,10.20956125969129,9.0,11.0,30000.0,10000.0,19000.0,0.0,24.983677328720816,16.5,19.0,0.0,10000.0,36962.70012436218,25000.0,0.0,26.297354821915718,17.0,20.0,0.0,122.0,10.183339656916047,9.0,11.0,1.0,13742.310775599695,10000.0,19000.0,1.0,16.5,17.248891196288184,19.0,1.0,20609.746652071448,10000.0,25000.0,1.0,18.544594843686987,17.0,20.0,1.0,0.0,211.0,1.0,34.0
11.0,22.0,11.0,21.0,-121.0,21.0,13.0,-111.0,10.193504379009303,9.0,11.0,30000.0,10000.0,19000.0,0.0,25.12692417257811,16.5,19.0,0.0,10000.0,36996.368409339426,25000.0,0.0,26.444672618734256,17.0,20.0,0.0,122.0,10.200623084419535,9.0,11.0,1.0,11175.095957947111,10000.0,19000.0,1.0,16.5,16.789265609187858,19.0,1.0,18068.12688890114,10000.0,25000.0,1.0,18.087550700413995,17.0,20.0,1.0,0.0,211.0,1.0,2.0
11.0,21.0,11.0,22.0,-121.0,21.0,12.0,-111.0,9.997369647299992,9.0,11.0,30000.0,10000.0,19000.0,0.0,24.658859112728837,16.5,19.0,0.0,10000.0,36459.2608412806,25000.0,0.0,25.957886119610784,17.0,20.0,0.0,121.0,10.018773905105109,9.0,11.0,1.0,13604.598598306542,10000.0,19000.0,1.0,16.5,17.275664334000275,19.0,1.0,20203.168348949188,10000.0,25000.0,1.0,18.602707864755047,17.0,20.0,1.0,0.0,211.0,1.0,37.0
11.0,22.0,11.0,22.0,-121.0,21.0,12.0,-111.0,10.19482255434304,9.0,11.0,30000.0,10000.0,19000.0,0.0,24.63544450002157,16.5,19.0,0.0,10000.0,37115.882883239356,25000.0,0.0,25.97971719176735,17.0,20.0,0.0,122.0,10.18185826504,9.0,11.0,1.0,14765.504670570803,10000.0,19000.0,1.0,16.5,17.492719136360503,19.0,1.0,21853.33979098917,10000.0,25000.0,1.0,18.83169328086436,17.0,20.0,1.0,0.0,211.0,1.0,25.0
11.0,22.0,11.0,22.0,-121.0,21.0,13.0,-111.0,9.990122036953839,9.0,11.0,30000.0,10000.0,19000.0,0.0,24.82251985932578,16.5,19.0,0.0,10000.0,36468.85994306524,25000.0,0.0,26.11735399256719,17.0,20.0,0.0,121.0,9.984125349124623,9.0,11.0,1.0,13395.792432851176,10000.0,19000.0,1.0,16.5,17.21330995126713,19.0,1.0,19902.826988488996,10000.0,25000.0,1.0,18.51578527504556,17.0,20.0,1.0,0.0,211.0,1.0,31.0
11.0,22.0,11.0,21.0,-121.0,11.0,11.0,-111.0,10.187275621214217,9.0,11.0,30000.0,10000.0,19000.0,0.0,24.982220338396534,16.5,19.0,0.0,10000.0,36915.12574254107,25000.0,0.0,26.283754667439595,17.0,20.0,0.0,122.0,10.178750450710847,9.0,11.0,1.0,12250.3889330506,10000.0,19000.0,1.0,16.5,16.968132191971414,19.0,1.0,19414.61777996359,10000.0,25000.0,1.0,18.31655160364091,17.0,20.0,1.0,0.0,111.0,1.0,0.0
11.0,22.0,11.0,21.0,-121.0,11.0,11.0,-111.0,10.188174116760296,9.0,11.0,30000.0,10000.0,19000.0,0.0,25.328408276409533,16.5,19.0,0.0,10000.0,37203.54633636543,25000.0,0.0,26.690385145485287,17.0,20.0,0.0,122.0,10.196346802948698,9.0,11.0,1.0,13363.366365350032,10000.0,19000.0,1.0,16.5,17.240698847129515,19.0,1.0,20482.668771001958,10000.0,25000.0,1.0,18.586747688587458,17.0,20.0,1.0,0.0,111.0,1.0,12.0
11.0,22.0,11.0,21.0,-121.0,21.0,13.0,-111.0,10.009891551147424,9.0,11.0,30000.0,10000.0,19000.0,0.0,25.95763658370413,16.5,19.0,0.0,10000.0,36467.50079369484,25000.0,0.0,27.256232722400853,17.0,20.0,0.0,121.0,9.991963835098263,9.0,11.0,1.0,11241.295488452743,10000.0,19000.0,1.0,16.5,16.740494493466286,19.0,1.0,17717.038355939105,10000.0,25000.0,1.0,18.040745541152113,17.0,20.0,1.0,0.0,211.0,1.0,58.0
11.0,22.0,11.0,22.0,-121.0,11.0,11.0,-111.0,10.200368185884622,9.0,11.0,30000.0,10000.0,19000.0,0.0,26.136554837647097,16.5,19.0,0.0,10000.0,36940.84995377073,25000.0,0.0,27.44872502270314,17.0,20.0,0.0,122.0,10.191965721072926,9.0,11.0,1.0,15139.792915318292,10000.0,19000.0,1.0,16.5,17.59996648496592,19.0,1.0,22254.256649347957,10000.0,25000.0,1.0,18.94495841774565,17.0,20.0,1.0,0.0,111.0,1.0,11.0
91.0,24.0,91.0,24.0,-721.0,911.0,12.0,-711.0,14.681736242840964,12.0,17.0,30000.0,18000.0,36000.0,1.0,24.19490752868247,20.0,25.0,1.0,18000.0,34522.17026399796,36000.0,1.0,24.759782616855727,20.0,26.0,1.0,721.0,15.041064144411326,12.0,17.0,1.0,25009.70051451503,18000.0,36000.0,1.0,20.0,23.220280546214454,25.0,1.0,29559.057951685,18000.0,36000.0,1.0,23.788551649120944,20.0,26.0,1.0,1.0,91121.0,7.0,24.0
81.0,23.0,81.0,23.0,-721.0,912.0,12.0,-711.0,15.447944997914037,12.0,17.0,30000.0,12500.0,23000.0,0.0,27.624383292103,20.0,24.0,0.0,12500.0,34070.77228509872,26000.0,0.0,28.120345859035606,20.0,25.0,0.0,722.0,15.279321524138451,12.0,17.0,1.0,18132.813605821233,12500.0,23000.0,1.0,20.0,22.09282322876673,24.0,1.0,22224.13897235133,12500.0,26000.0,1.0,22.591289880504664,20.0,25.0,1.0,0.0,912.0,7.0,31.0
11.0,22.0,11.0,22.0,-121.0,11.0,11.0,-111.0,10.224111207367976,9.0,11.0,30000.0,10000.0,19000.0,0.0,24.62205578829041,16.5,19.0,0.0,10000.0,37040.8995258956,25000.0,0.0,25.946410512950823,17.0,20.0,0.0,122.0,10.20979432188324,9.0,11.0,1.0,14056.149878409311,10000.0,19000.0,1.0,16.5,17.35735175764369,19.0,1.0,21282.365617799624,10000.0,25000.0,1.0,18.71656344937135,17.0,20.0,1.0,0.0,111.0,1.0,11.0
11.0,22.0,11.0,22.0,-121.0,21.0,12.0,-111.0,10.204542138724005,9.0,11.0,30000.0,10000.0,19000.0,0.0,24.29443698101351,16.5,19.0,0.0,10000.0,36924.35526034495,25000.0,0.0,25.59943500987968,17.0,20.0,0.0,122.0,10.196070004288043,9.0,11.0,1.0,13948.20670597887,10000.0,19000.0,1.0,16.5,17.3441988009975,19.0,1.0,20959.916562562412,10000.0,25000.0,1.0,18.66566010646021,17.0,20.0,1.0,0.0,211.0,1.0,48.0
11.0,22.0,11.0,21.0,-121.0,11.0,11.0,-111.0,10.195887794065184,9.0,11.0,30000.0,10000.0,19000.0,0.0,23.760217564271542,16.5,19.0,0.0,10000.0,37006.52894296942,25000.0,0.0,25.07978118306829,17.0,20.0,0.0,122.0,10.218346031670645,9.0,11.0,1.0,13444.730346323851,10000.0,19000.0,1.0,16.5,17.207945293739392,19.0,1.0,20347.30474019647,10000.0,25000.0,1.0,18.507930795880505,17.0,20.0,1.0,0.0,111.0,1.0,0.0
81.0,23.0,81.0,23.0,-721.0,912.0,12.0,-711.0,15.696665676123922,12.0,17.0,30000.0,12500.0,23000.0,0.0,26.87236230428876,20.0,24.0,0.0,12500.0,34509.47471881372,26000.0,0.0,27.43549954286163,20.0,25.0,0.0,721.0,14.998953845145031,12.0,17.0,1.0,19387.889049904334,12500.0,23000.0,1.0,20.0,21.99690332724951,24.0,1.0,23863.553820524114,12500.0,26000.0,1.0,22.55581842420957,20.0,25.0,1.0,0.0,912.0,7.0,10.0
11.0,22.0,11.0,22.0,-121.0,21.0,13.0,-111.0,10.207479491465287,9.0,11.0,30000.0,10000.0,19000.0,0.0,24.22362552316502,16.5,19.0,0.0,10000.0,37092.79495700791,25000.0,0.0,25.560360312577675,17.0,20.0,0.0,122.0,10.191693374137573,9.0,11.0,1.0,11988.47150173623,10000.0,19000.0,1.0,16.5,16.929784152535937,19.0,1.0,19040.93695299724,10000.0,25000.0,1.0,18.25891829175379,17.0,20.0,1.0,0.0,211.0,1.0,3.0
11.0,22.0,11.0,22.0,-121.0,11.0,11.0,-111.0,10.214124049804932,9.0,11.0,30000.0,10000.0,19000.0,0.0,23.65705132163262,16.5,19.0,0.0,10000.0,36931.36784718503,25000.0,0.0,24.96404485792101,17.0,20.0,0.0,122.0,10.190210405183418,9.0,11.0,1.0,13750.304352168581,10000.0,19000.0,1.0,16.5,17.335767158133805,19.0,1.0,20592.09872159981,10000.0,25000.0,1.0,18.625870528003656,17.0,20.0,1.0,0.0,111.0,1.0,17.0
11.0,21.0,11.0,22.0,-121.0,11.0,12.0,-111.0,10.008679289661327,9.0,11.0,30000.0,10000.0,19000.0,0.0,25.26229870466907,16.5,19.0,0.0,10000.0,36502.89379860835,25000.0,0.0,26.56144978953265,17.0,20.0,0.0,121.0,10.00189195067051,9.0,11.0,1.0,17463.40412336196,10000.0,19000.0,1.0,16.5,18.05349146735661,19.0,1.0,23910.1349087818,10000.0,25000.0,1.0,19.341422279865647,17.0,20.0,1.0,0.0,111.0,1.0,51.0
11.0,22.0,11.0,22.0,-121.0,11.0,12.0,-111.0,9.995693732082444,9.0,11.0,30000.0,10000.0,19000.0,0.0,24.946435822566578,16.5,19.0,0.0,10000.0,36552.3274893522,25000.0,0.0,26.260915335833815,17.0,20.0,0.0,121.0,10.005094938875237,9.0,11.0,1.0,16014.569116154857,10000.0,19000.0,1.0,16.5,17.765131417635295,19.0,1.0,22535.704390766605,10000.0,25000.0,1.0,19.07335337932008,17.0,20.0,1.0,0.0,111.0,1.0,40.0
11.0,21.0,11.0,22.0,-121.0,11.0,11.0,-111.0,10.010132161283005,9.0,11.0,30000.0,10000.0,19000.0,0.0,25.06637520593978,16.5,19.0,0.0,10000.0,36461.87633726568,25000.0,0.0,26.358394798422875,17.0,20.0,0.0,121.0,10.002869084868772,9.0,11.0,1.0,17376.82901087182,10000.0,19000.0,1.0,16.5,17.97660311876404,19.0,1.0,23839.825276478023,10000.0,25000.0,1.0,19.268846635272077,17.0,20.0,1.0,0.0,111.0,1.0,35.0
11.0,21.0,11.0,21.0,-121.0,11.0,11.0,-111.0,10.195545664450954,9.0,11.0,30000.0,10000.0,19000.0,0.0,25.97869919826138,16.5,19.0,0.0,10000.0,36905.94476893554,25000.0,0.0,27.279093255637378,17.0,20.0,0.0,122.0,10.212553191489276,9.0,11.0,1.0,12149.595087258527,10000.0,19000.0,1.0,16.5,16.991431348901553,19.0,1.0,19139.10683034001,10000.0,25000.0,1.0,18.307561123866996,17.0,20.0,1.0,0.0,111.0,1.0,56.0
11.0,22.0,11.0,22.0,-121.0,21.0,13.0,-111.0,10.00250766557486,9.0,11.0,30000.0,10000.0,19000.0,0.0,28.065917489833232,16.5,19.0,0.0,10000.0,36557.338790190865,25000.0,0.0,29.378355884985986,17.0,20.0,0.0,121.0,10.018502526788335,9.0,11.0,1.0,13976.387257469221,10000.0,19000.0,1.0,16.5,17.388091863948986,19.0,1.0,20483.436667331134,10000.0,25000.0,1.0,18.690464939049818,17.0,20.0,1.0,0.0,211.0,1.0,41.0
11.0,22.0,11.0,22.0,-121.0,11.0,11.0,-111.0,10.227072827552824,9.0,11.0,30000.0,10000.0,19000.0,0.0,25.273674223480427,16.5,19.0,0.0,10000.0,37046.60566048804,25000.0,0.0,26.607667744276338,17.0,20.0,0.0,122.0,10.172916542558744,9.0,11.0,1.0,16576.174072312086,10000.0,19000.0,1.0,16.5,17.823181563373314,19.0,1.0,23592.704900595076,10000.0,25000.0,1.0,19.151481615109997,17.0,20.0,1.0,0.0,111.0,1.0,57.0
11.0,22.0,11.0,22.0,-121.0,21.0,13.0,-111.0,9.99781362416187,9.0,11.0,30000.0,10000.0,19000.0,0.0,25.16089839379534,16.5,19.0,0.0,10000.0,36499.10783316897,25000.0,0.0,26.462803831825756,17.0,20.0,0.0,121.0,10.002847751751913,9.0,11.0,1.0,14547.410302981856,10000.0,19000.0,1.0,16.5,17.393379893622416,19.0,1.0,21027.709105153426,10000.0,25000.0,1.0,18.691517494533002,17.0,20.0,1.0,0.0,211.0,1.0,8.0
11.0,22.0,11.0,22.0,-121.0,11.0,11.0,-111.0,10.194170906076186,9.0,11.0,30000.0,10000.0,19000.0,0.0,24.64033824918123,16.5,19.0,0.0,10000.0,37003.50177984131,25000.0,0.0,25.962510249883724,17.0,20.0,0.0,122.0,10.209730607004197,9.0,11.0,1.0,15429.51839344856,10000.0,19000.0,1.0,16.5,17.624403360077743,19.0,1.0,22511.077828864625,10000.0,25000.0,1.0,18.961311652693304,17.0,20.0,1.0,0.0,111.0,1.0,11.0
11.0,22.0,11.0,21.0,-121.0,11.0,11.0,-111.0,10.19727967827111,9.0,11.0,30000.0,10000.0,19000.0,0.0,24.89794289285882,16.5,19.0,0.0,10000.0,36945.11181050317,25000.0,0.0,26.2061692702333,17.0,20.0,0.0,122.0,10.204127632232858,9.0,11.0,1.0,14642.220649779438,10000.0,19000.0,1.0,16.5,17.462936217072418,19.0,1.0,21678.48045406666,10000.0,25000.0,1.0,18.788331822670518,17.0,20.0,1.0,0.0,111.0,1.0,54.0
11.0,22.0,11.0,21.0,-121.0,21.0,13.0,-111.0,10.21931923772171,9.0,11.0,30000.0,10000.0,19000.0,0.0,25.375773813022505,16.5,19.0,0.0,10000.0,37042.97761740921,25000.0,0.0,26.702848684812274,17.0,20.0,0.0,122.0,10.212647507845817,9.0,11.0,1.0,12665.823104099854,10000.0,19000.0,1.0,16.5,17.103048052321398,19.0,1.0,19802.74129005755,10000.0,25000.0,1.0,18.44782369993845,17.0,20.0,1.0,0.0,211.0,1.0,2.0
11.0,22.0,11.0,22.0,-121.0,11.0,11.0,-111.0,10.187909748257185,9.0,11.0,30000.0,10000.0,19000.0,0.0,23.79436732755361,16.5,19.0,0.0,10000.0,36944.07866362725,25000.0,0.0,25.09655232574378,17.0,20.0,0.0,122.0,10.204759684436503,9.0,11.0,1.0,16954.70809435292,10000.0,19000.0,1.0,16.5,17.910265998740158,19.0,1.0,23858.836571477397,10000.0,25000.0,1.0,19.20495935749783,17.0,20.0,1.0,0.0,111.0,1.0,50.0
11.0,22.0,11.0,22.0,-121.0,11.0,12.0,-111.0,10.001244009731403,9.0,11.0,30000.0,10000.0,19000.0,0.0,24.5028700775909,16.5,19.0,0.0,10000.0,36477.946049077116,25000.0,0.0,25.795102080431388,17.0,20.0,0.0,121.0,9.974440465004662,9.0,11.0,1.0,13350.593020307178,10000.0,19000.0,1.0,16.5,17.1381614948085,19.0,1.0,19831.42758942769,10000.0,25000.0,1.0,18.430969704677057,17.0,20.0,1.0,0.0,111.0,1.0,42.0
11.0,22.0,11.0,21.0,-121.0,21.0,13.0,-111.0,10.218547341111634,9.0,11.0,30000.0,10000.0,19000.0,0.0,25.468299475052525,16.5,19.0,0.0,10000.0,37123.2469890794,25000.0,0.0,26.816006706314376,17.0,20.0,0.0,122.0,10.177799103852033,9.0,11.0,1.0,13750.476532578301,10000.0,19000.0,1.0,16.5,17.28198426387425,19.0,1.0,20770.127971801994,10000.0,25000.0,1.0,18.610091378520586,17.0,20.0,1.0,0.0,211.0,1.0,58.0
11.0,21.0,11.0,22.0,-121.0,21.0,13.0,-111.0,10.198023539775958,9.0,11.0,30000.0,10000.0,19000.0,0.0,27.48036463775734,16.5,19.0,0.0,10000.0,37009.11615290623,25000.0,0.0,28.804558474197407,17.0,20.0,0.0,122.0,10.212073657970418,9.0,11.0,1.0,13169.98738716289,10000.0,19000.0,1.0,16.5,17.252911931961183,19.0,1.0,20096.116757215914,10000.0,25000.0,1.0,18.561427531093877,17.0,20.0,1.0,0.0,211.0,1.0,59.0
92.0,24.0,92.0,24.0,-721.0,921.0,13.0,-711.0,15.15090801623708,12.0,17.0,30000.0,15000.0,28000.0,0.0,25.04840833480897,19.5,25.0,0.0,15000.0,34040.30321924824,28000.0,0.0,25.542300833942758,20.0,26.0,1.0,722.0,15.156256115065279,12.0,17.0,1.0,20279.773232698746,15000.0,28000.0,1.0,19.5,21.773995686461227,25.0,1.0,24378.84481353124,15000.0,28000.0,1.0,22.27507211496808,20.0,26.0,1.0,0.0,92122.0,7.0,25.0
11.0,22.0,11.0,22.0,-121.0,21.0,12.0,-111.0,10.197642876954268,9.0,11.0,30000.0,10000.0,19000.0,0.0,24.141297429624547,16.5,19.0,0.0,10000.0,36935.245071917394,25000.0,0.0,25.454937117802487,17.0,20.0,0.0,122.0,10.193641168858317,9.0,11.0,1.0,16700.832986627294,10000.0,19000.0,1.0,16.5,17.90121200593423,19.0,1.0,23675.240589276276,10000.0,25000.0,1.0,19.222269666242212,17.0,20.0,1.0,0.0,211.0,1.0,48.0
11.0,22.0,11.0,21.0,-121.0,21.0,13.0,-111.0,9.994088744663694,9.0,11.0,30000.0,10000.0,19000.0,0.0,26.969863024424093,16.5,19.0,0.0,10000.0,36545.99455699595,25000.0,0.0,28.279637005163,17.0,20.0,0.0,121.0,9.986800164163968,9.0,11.0,1.0,12948.343717267619,10000.0,19000.0,1.0,16.5,17.051363476915434,19.0,1.0,19456.9602145275,10000.0,25000.0,1.0,18.353658562023348,17.0,20.0,1.0,0.0,211.0,1.0,33.0
92.0,24.0,92.0,24.0,-721.0,921.0,13.0,-711.0,15.04433662183111,12.0,17.0,30000.0,15000.0,28000.0,0.0,24.90253947663417,19.5,25.0,1.0,15000.0,33979.24067209868,28000.0,0.0,25.387304253836,20.0,26.0,1.0,722.0,15.322262974304003,12.0,17.0,1.0,21080.393638330384,15000.0,28000.0,1.0,19.5,21.919783592353667,25.0,1.0,25151.285487835794,15000.0,28000.0,1.0,22.4157136310355,20.0,26.0,1.0,0.0,92122.0,7.0,22.0
92.0,24.0,92.0,24.0,-721.0,921.0,13.0,-711.0,15.456788950586608,12.0,17.0,30000.0,15000.0,28000.0,0.0,25.369192091239327,19.5,25.0,0.0,15000.0,34516.09917552492,28000.0,0.0,25.933943327201252,20.0,26.0,1.0,721.0,15.433133649231799,12.0,17.0,1.0,19808.25165661828,15000.0,28000.0,1.0,19.5,21.88625900438536,25.0,1.0,24330.336022714808,15000.0,28000.0,1.0,22.451758705702318,20.0,26.0,1.0,0.0,92122.0,7.0,22.0
11.0,21.0,11.0,22.0,-121.0,11.0,11.0,-111.0,10.211577187196676,9.0,11.0,30000.0,10000.0,19000.0,0.0,26.79753057963486,16.5,19.0,0.0,10000.0,37042.723519710016,25000.0,0.0,28.126820434092295,17.0,20.0,0.0,122.0,10.226515121671094,9.0,11.0,1.0,15114.826070104213,10000.0,19000.0,1.0,16.5,17.587755020829423,19.0,1.0,22252.3256851598,10000.0,25000.0,1.0,18.934933537483435,17.0,20.0,1.0,0.0,111.0,1.0,43.0
91.0,24.0,91.0,21.0,-721.0,911.0,12.0,-711.0,15.392073117610794,12.0,17.0,30000.0,18000.0,36000.0,1.0,25.004666738887327,20.0,25.0,0.0,18000.0,33921.88523731824,36000.0,1.0,25.483255965152964,20.0,26.0,1.0,722.0,15.213458632835968,12.0,17.0,1.0,24549.610058443373,18000.0,36000.0,1.0,20.0,23.15645638004128,25.0,1.0,28551.565821154425,18000.0,36000.0,1.0,23.644816644589678,20.0,26.0,1.0,0.0,91121.0,7.0,29.0
81.0,23.0,81.0,23.0,-721.0,912.0,12.0,-711.0,15.335797191890052,12.0,17.0,30000.0,12500.0,23000.0,0.0,26.494211435781096,20.0,24.0,0.0,12500.0,34538.56821884958,26000.0,0.0,27.06348180750512,20.0,25.0,0.0,721.0,14.749945875499346,12.0,17.0,1.0,17611.691901365342,12500.0,23000.0,1.0,20.0,21.477374159255398,24.0,1.0,22168.748045738408,12500.0,26000.0,1.0,22.048963462353296,20.0,25.0,1.0,0.0,912.0,7.0,10.0
11.0,22.0,11.0,21.0,-121.0,21.0,13.0,-111.0,9.998716076127934,9.0,11.0,30000.0,10000.0,19000.0,0.0,26.29810034481735,16.5,19.0,0.0,10000.0,36469.87864382417,25000.0,0.0,27.588588142567648,17.0,20.0,0.0,121.0,9.997076515795923,9.0,11.0,1.0,13100.460637404009,10000.0,19000.0,1.0,16.5,17.098270504504082,19.0,1.0,19613.53481845989,10000.0,25000.0,1.0,18.397374122856828,17.0,20.0,1.0,0.0,211.0,1.0,58.0
11.0,22.0,11.0,21.0,-121.0,21.0,13.0,-111.0,10.000515642208542,9.0,11.0,30000.0,10000.0,19000.0,0.0,26.469205253268328,16.5,19.0,0.0,10000.0,36413.423566945654,25000.0,0.0,27.753955809118533,17.0,20.0,0.0,121.0,9.994804325597455,9.0,11.0,1.0,14325.177677488738,10000.0,19000.0,1.0,16.5,17.36423152818432,19.0,1.0,20815.54680539832,10000.0,25000.0,1.0,18.66439598133707,17.0,20.0,1.0,0.0,211.0,1.0,20.0
11.0,22.0,11.0,22.0,-121.0,21.0,13.0,-111.0,10.21714907956043,9.0,11.0,30000.0,10000.0,19000.0,0.0,25.74434677427202,16.5,19.0,0.0,10000.0,37101.50736925191,25000.0,0.0,27.084070609156353,17.0,20.0,0.0,122.0,10.203235571315707,9.0,11.0,1.0,13491.001851024941,10000.0,19000.0,1.0,16.5,17.285271468587304,19.0,1.0,20479.43793023644,10000.0,25000.0,1.0,18.603664014995594,17.0,20.0,1.0,0.0,211.0,1.0,13.0
11.0,21.0,11.0,22.0,-121.0,21.0,13.0,-111.0,10.188656830525199,9.0,11.0,30000.0,10000.0,19000.0,0.0,25.773233346108057,16.5,19.0,0.0,10000.0,36952.42457436111,25000.0,0.0,27.088332230624356,17.0,20.0,0.0,122.0,10.201877509009668,9.0,11.0,1.0,12446.139184247706,10000.0,19000.0,1.0,16.5,17.07753098342438,19.0,1.0,19354.250286956467,10000.0,25000.0,1.0,18.384247670260468,17.0,20.0,1.0,0.0,211.0,1.0,9.0
11.0,22.0,11.0,21.0,-121.0,11.0,11.0,-111.0,9.98450766417041,9.0,11.0,30000.0,10000.0,19000.0,0.0,26.131844964636976,16.5,19.0,0.0,10000.0,36487.17970050917,25000.0,0.0,27.425160444730896,17.0,20.0,0.0,121.0,9.987854200869046,9.0,11.0,1.0,15543.094454024158,10000.0,19000.0,1.0,16.5,17.585360809002825,19.0,1.0,21987.080186253836,10000.0,25000.0,1.0,18.870064930940877,17.0,20.0,1.0,0.0,111.0,1.0,0.0
91.0,24.0,91.0,24.0,-721.0,911.0,12.0,-711.0,15.255368415290311,12.0,17.0,30000.0,18000.0,36000.0,1.0,24.730402247694173,20.0,25.0,1.0,18000.0,34480.338118910135,36000.0,1.0,25.289234220358544,20.0,26.0,1.0,721.0,13.797951415565308,12.0,17.0,1.0,29817.260935766742,18000.0,36000.0,1.0,20.0,22.595905147998852,25.0,1.0,34325.687167428754,18000.0,36000.0,1.0,23.15824054719956,20.0,26.0,1.0,1.0,91121.0,7.0,24.0
11.0,22.0,11.0,22.0,-121.0,11.0,11.0,-111.0,9.993372835545014,9.0,11.0,30000.0,10000.0,19000.0,0.0,24.923275434672007,16.5,19.0,0.0,10000.0,36526.500358322446,25000.0,0.0,26.232046381226674,17.0,20.0,0.0,121.0,9.9968865254207,9.0,11.0,1.0,12694.800000113966,10000.0,19000.0,1.0,16.5,17.05926900705929,19.0,1.0,19193.969888173804,10000.0,25000.0,1.0,18.362559324873967,17.0,20.0,1.0,0.0,111.0,1.0,27.0
92.0,24.0,92.0,24.0,-721.0,921.0,13.0,-711.0,15.161735555798437,12.0,17.0,30000.0,15000.0,28000.0,0.0,24.566099907642858,19.5,25.0,1.0,15000.0,34004.85304115999,28000.0,0.0,25.051301945228765,20.0,26.0,1.0,722.0,15.113484520509639,12.0,17.0,1.0,21001.414150692584,15000.0,28000.0,1.0,19.5,21.658580794385035,25.0,1.0,24979.115823954213,15000.0,28000.0,1.0,22.140493348214076,20.0,26.0,1.0,0.0,92122.0,7.0,25.0
11.0,22.0,11.0,22.0,-121.0,21.0,13.0,-111.0,10.013795994000057,9.0,11.0,30000.0,10000.0,19000.0,0.0,25.638649034819807,16.5,19.0,0.0,10000.0,36575.26555504502,25000.0,0.0,26.94744806932642,17.0,20.0,0.0,121.0,9.999317299647677,9.0,11.0,1.0,11162.685572781835,10000.0,19000.0,1.0,16.5,16.74829421405499,19.0,1.0,17571.52154511278,10000.0,25000.0,1.0,18.023965631837076,17.0,20.0,1.0,0.0,211.0,1.0,21.0
11.0,22.0,11.0,22.0,-121.0,21.0,13.0,-111.0,9.998384616909478,9.0,11.0,30000.0,10000.0,19000.0,0.0,25.161201455948216,16.5,19.0,0.0,10000.0,36559.51879020655,25000.0,0.0,26.47595108304555,17.0,20.0,0.0,121.0,10.017910154440791,9.0,11.0,1.0,14120.019433880792,10000.0,19000.0,1.0,16.5,17.3834479783757,19.0,1.0,20667.423263719655,10000.0,25000.0,1.0,18.695769357283627,17.0,20.0,1.0,0.0,211.0,1.0,31.0
91.0,24.0,91.0,24.0,-721.0,911.0,12.0,-711.0,15.290830836684561,12.0,17.0,30000.0,18000.0,36000.0,1.0,24.325259143303164,20.0,25.0,1.0,18000.0,33999.66258274772,36000.0,1.0,24.8147196985478,20.0,26.0,1.0,722.0,15.06354001330992,12.0,17.0,1.0,29155.02488064661,18000.0,36000.0,1.0,20.0,23.617030697224468,25.0,1.0,33223.42527402864,18000.0,36000.0,1.0,24.114903073782354,20.0,26.0,1.0,1.0,91121.0,7.0,32.0
11.0,21.0,11.0,21.0,-121.0,11.0,11.0,-111.0,9.996144085455885,9.0,11.0,30000.0,10000.0,19000.0,0.0,25.65429964356663,16.5,19.0,0.0,10000.0,36524.836940580804,25000.0,0.0,26.9636946630778,17.0,20.0,0.0,121.0,9.995463056013794,9.0,11.0,1.0,12593.106907393669,10000.0,19000.0,1.0,16.5,17.009859963080228,19.0,1.0,19116.35426902914,10000.0,25000.0,1.0,18.31893598814401,17.0,20.0,1.0,0.0,111.0,1.0,18.0
11.0,21.0,11.0,22.0,-121.0,11.0,12.0,-111.0,10.173234820818557,9.0,11.0,30000.0,10000.0,19000.0,0.0,26.407174900333963,16.5,19.0,0.0,10000.0,36900.217401145754,25000.0,0.0,27.71481607732659,17.0,20.0,0.0,122.0,10.186815990172633,9.0,11.0,1.0,16304.099205894841,10000.0,19000.0,1.0,16.5,17.816145294856277,19.0,1.0,23254.466363114916,10000.0,25000.0,1.0,19.133290213868396,17.0,20.0,1.0,0.0,111.0,1.0,7.0
11.0,22.0,11.0,21.0,-121.0,21.0,12.0,-111.0,10.209670954695008,9.0,11.0,30000.0,10000.0,19000.0,0.0,24.25512923559138,16.5,19.0,0.0,10000.0,37083.51744697641,25000.0,0.0,25.595029213804494,17.0,20.0,0.0,122.0,10.187877278892328,9.0,11.0,1.0,16182.354623009298,10000.0,19000.0,1.0,16.5,17.738137413620432,19.0,1.0,23194.097037940955,10000.0,25000.0,1.0,19.064460611004968,17.0,20.0,1.0,0.0,211.0,1.0,53.0
91.0,24.0,91.0,21.0,-721.0,911.0,12.0,-711.0,15.274780862650116,12.0,17.0,30000.0,18000.0,36000.0,1.0,24.062311800958703,20.0,25.0,1.0,18000.0,34025.918165772324,36000.0,1.0,24.55021609554725,20.0,26.0,1.0,722.0,15.313239642904081,12.0,17.0,1.0,26545.406459304504,18000.0,36000.0,1.0,20.0,23.480196973293438,25.0,1.0,30600.411105926712,18000.0,36000.0,1.0,23.971626282136317,20.0,26.0,1.0,1.0,91121.0,7.0,14.0
91.0,24.0,91.0,24.0,-721.0,911.0,12.0,-711.0,15.208088969649534,12.0,17.0,30000.0,18000.0,36000.0,1.0,24.343577887940285,20.0,25.0,1.0,18000.0,34533.4087687945,36000.0,1.0,24.91093665943894,20.0,26.0,1.0,721.0,15.284010305045678,12.0,17.0,1.0,24411.19063243876,18000.0,36000.0,1.0,20.0,23.334726231595795,25.0,1.0,28923.074629367165,18000.0,36000.0,1.0,23.89939116524625,20.0,26.0,1.0,1.0,91121.0,7.0,27.0
81.0,21.0,81.0,23.0,-721.0,912.0,12.0,-711.0,15.26268087493974,12.0,17.0,30000.0,12500.0,23000.0,0.0,27.610695571963,20.0,24.0,0.0,12500.0,34408.46774919308,26000.0,0.0,28.160818619318313,20.0,25.0,0.0,721.0,15.56200480965707,12.0,17.0,1.0,16333.06987798789,12500.0,23000.0,1.0,20.0,22.144929237947505,24.0,1.0,20863.577720741152,12500.0,26000.0,1.0,22.71028140162813,20.0,25.0,1.0,0.0,912.0,7.0,7.0
91.0,24.0,91.0,24.0,-721.0,911.0,12.0,-711.0,15.855589105110097,12.0,17.0,30000.0,18000.0,36000.0,1.0,25.638423342613002,20.0,25.0,0.0,18000.0,34514.03760417819,36000.0,1.0,26.204148187720204,20.0,26.0,0.0,721.0,15.428654661463062,12.0,17.0,1.0,29635.860746073628,18000.0,36000.0,1.0,20.0,24.12489078856421,25.0,1.0,34167.91414520914,18000.0,36000.0,1.0,24.692873475476333,20.0,26.0,1.0,0.0,91121.0,7.0,32.0
11.0,21.0,11.0,21.0,-121.0,21.0,13.0,-111.0,10.007046640922471,9.0,11.0,30000.0,10000.0,19000.0,0.0,26.557217325850335,16.5,19.0,0.0,10000.0,36559.72572763161,25000.0,0.0,27.870264809415715,17.0,20.0,0.0,121.0,9.990018611638446,9.0,11.0,1.0,11437.2590530448,10000.0,19000.0,1.0,16.5,16.760893813511473,19.0,1.0,17940.123679310553,10000.0,25000.0,1.0,18.062559521502504,17.0,20.0,1.0,0.0,211.0,1.0,34.0
91.0,21.0,91.0,24.0,-721.0,911.0,12.0,-711.0,14.24569013894829,12.0,17.0,30000.0,18000.0,36000.0,1.0,23.87659660316728,20.0,25.0,1.0,18000.0,34512.98063824949,36000.0,1.0,24.443391288102017,20.0,26.0,1.0,721.0,15.324381829372438,12.0,17.0,1.0,28073.720884076727,18000.0,36000.0,1.0,20.0,23.978081429616907,25.0,1.0,32576.04981859161,18000.0,36000.0,1.0,24.543538344783457,20.0,26.0,1.0,1.0,91121.0,7.0,19.0
11.0,21.0,11.0,22.0,-121.0,11.0,12.0,-111.0,10.1733546059816,9.0,11.0,30000.0,10000.0,19000.0,0.0,24.343019256011395,16.5,19.0,0.0,10000.0,37020.18286446566,25000.0,0.0,25.668032847069075,17.0,20.0,0.0,122.0,10.200539538042047,9.0,11.0,1.0,17597.225576144647,10000.0,19000.0,1.0,16.5,18.066988640290788,19.0,1.0,24709.175980696353,10000.0,25000.0,1.0,19.4093227542151,17.0,20.0,1.0,0.0,111.0,1.0,51.0
91.0,24.0,91.0,24.0,-721.0,911.0,12.0,-711.0,15.0486724717099,12.0,17.0,30000.0,18000.0,36000.0,1.0,24.891742596539366,20.0,25.0,1.0,18000.0,33915.118750683236,36000.0,1.0,25.368248040873496,20.0,26.0,1.0,722.0,15.280245658072605,12.0,17.0,1.0,25165.055493693886,18000.0,36000.0,1.0,20.0,23.39772471144899,25.0,1.0,29074.605101929614,18000.0,36000.0,1.0,23.873552340660385,20.0,26.0,1.0,1.0,91121.0,7.0,8.0
11.0,22.0,11.0,22.0,-121.0,21.0,13.0,-111.0,10.003944661234856,9.0,11.0,30000.0,10000.0,19000.0,0.0,26.96679784859714,16.5,19.0,0.0,10000.0,36572.786661581835,25000.0,0.0,28.281175412551562,17.0,20.0,0.0,121.0,9.995225547074753,9.0,11.0,1.0,15100.423452871722,10000.0,19000.0,1.0,16.5,17.499060762811837,19.0,1.0,21567.681734521237,10000.0,25000.0,1.0,18.79233553702348,17.0,20.0,1.0,0.0,211.0,1.0,21.0
11.0,21.0,11.0,22.0,-121.0,21.0,13.0,-111.0,10.224808558535178,9.0,11.0,30000.0,10000.0,19000.0,0.0,27.247338206689697,16.5,19.0,0.0,10000.0,37017.689425102,25000.0,0.0,28.57170804409819,17.0,20.0,0.0,122.0,10.184324524089163,9.0,11.0,1.0,14506.004578071845,10000.0,19000.0,1.0,16.5,17.42402209929467,19.0,1.0,21547.44079163056,10000.0,25000.0,1.0,18.75287340182114,17.0,20.0,1.0,0.0,211.0,1.0,24.0
11.0,22.0,11.0,21.0,-121.0,11.0,11.0,-111.0,9.997544544075362,9.0,11.0,30000.0,10000.0,19000.0,0.0,25.053714466622324,16.5,19.0,0.0,10000.0,36476.50009433528,25000.0,0.0,26.351085665984336,17.0,20.0,0.0,121.0,9.980868283083872,9.0,11.0,1.0,13987.131016287818,10000.0,19000.0,1.0,16.5,17.280001396008032,19.0,1.0,20556.488568379205,10000.0,25000.0,1.0,18.595973782675532,17.0,20.0,1.0,0.0,111.0,1.0,0.0
11.0,22.0,11.0,22.0,-121.0,21.0,13.0,-111.0,9.99893766258564,9.0,11.0,30000.0,10000.0,19000.0,0.0,26.189617182729947,16.5,19.0,0.0,10000.0,36513.59572582038,25000.0,0.0,27.48841532903726,17.0,20.0,0.0,121.0,9.985031180747876,9.0,11.0,1.0,13650.926686092858,10000.0,19000.0,1.0,16.5,17.229901027595016,19.0,1.0,20059.234831150763,10000.0,25000.0,1.0,18.50770503787061,17.0,20.0,1.0,0.0,211.0,1.0,13.0
11.0,22.0,11.0,21.0,-121.0,11.0,11.0,-111.0,9.996520194611731,9.0,11.0,30000.0,10000.0,19000.0,0.0,26.289463432481114,16.5,19.0,0.0,10000.0,36505.38400896539,25000.0,0.0,27.59510129306582,17.0,20.0,0.0,121.0,9.991645287703433,9.0,11.0,1.0,15142.282858382694,10000.0,19000.0,1.0,16.5,17.482861936827575,19.0,1.0,21591.098479293803,10000.0,25000.0,1.0,18.777146458538798,17.0,20.0,1.0,0.0,111.0,1.0,26.0
11.0,22.0,11.0,22.0,-121.0,11.0,11.0,-111.0,10.21396466168918,9.0,11.0,30000.0,10000.0,19000.0,0.0,24.238013967530538,16.5,19.0,0.0,10000.0,36990.353891898296,25000.0,0.0,25.560104258214846,17.0,20.0,0.0,122.0,10.205519443904508,9.0,11.0,1.0,11501.999708275747,10000.0,19000.0,1.0,16.5,16.913547058617052,19.0,1.0,18566.93372793348,10000.0,25000.0,1.0,18.249742738572568,17.0,20.0,1.0,0.0,111.0,1.0,44.0
11.0,21.0,11.0,22.0,-121.0,21.0,12.0,-111.0,9.99540596364348,9.0,11.0,30000.0,10000.0,19000.0,0.0,25.512697797768624,16.5,19.0,0.0,10000.0,36480.44626973598,25000.0,0.0,26.81390622602082,17.0,20.0,0.0,121.0,9.998146267888746,9.0,11.0,1.0,14857.802178415053,10000.0,19000.0,1.0,16.5,17.437796141432045,19.0,1.0,21333.675666356885,10000.0,25000.0,1.0,18.738086401094694,17.0,20.0,1.0,0.0,211.0,1.0,37.0
91.0,24.0,91.0,24.0,-721.0,911.0,12.0,-711.0,14.983490311342095,12.0,17.0,30000.0,18000.0,36000.0,1.0,23.55157262209776,20.0,25.0,1.0,18000.0,33969.51845288984,36000.0,1.0,24.035348264813795,20.0,26.0,1.0,722.0,15.356782682662265,12.0,17.0,1.0,26415.597245747093,18000.0,36000.0,1.0,20.0,23.65243810098859,25.0,1.0,30384.794567903285,18000.0,36000.0,1.0,24.13617460665843,20.0,26.0,1.0,1.0,91121.0,7.0,1.0
81.0,23.0,81.0,23.0,-721.0,912.0,12.0,-711.0,13.87602396067916,12.0,17.0,30000.0,12500.0,23000.0,0.0,24.37941866805628,20.0,24.0,0.0,12500.0,34516.824449722175,26000.0,0.0,24.944595543733744,20.0,25.0,1.0,721.0,15.352975917122691,12.0,17.0,1.0,19541.86206388538,12500.0,23000.0,1.0,20.0,22.37018252515987,24.0,1.0,23948.820629877053,12500.0,26000.0,1.0,22.921612207958457,20.0,25.0,1.0,0.0,912.0,7.0,5.0
81.0,23.0,81.0,23.0,-721.0,912.0,12.0,-711.0,15.120565873469157,12.0,17.0,30000.0,12500.0,23000.0,0.0,26.433425094873904,20.0,24.0,0.0,12500.0,33992.82898100594,26000.0,0.0,26.919117818771632,20.0,25.0,0.0,722.0,15.06160068215256,12.0,17.0,1.0,18672.595987883054,12500.0,23000.0,1.0,20.0,21.873491551322765,24.0,1.0,22736.65974204019,12500.0,26000.0,1.0,22.367849362348597,20.0,25.0,1.0,0.0,912.0,7.0,5.0
92.0,24.0,92.0,24.0,-721.0,921.0,13.0,-711.0,14.835165303655144,12.0,17.0,30000.0,15000.0,28000.0,0.0,25.235216022565794,19.5,25.0,0.0,15000.0,34540.93491063229,28000.0,0.0,25.802752267642663,20.0,26.0,1.0,721.0,15.413449608017704,12.0,17.0,1.0,22836.46971335781,15000.0,28000.0,1.0,19.5,22.33241951832121,25.0,1.0,27370.822179825234,15000.0,28000.0,1.0,22.899133074740725,20.0,26.0,1.0,0.0,92122.0,7.0,25.0
92.0,24.0,92.0,24.0,-721.0,921.0,13.0,-711.0,14.817652865275655,12.0,17.0,30000.0,15000.0,28000.0,0.0,24.066181086216062,19.5,25.0,1.0,15000.0,34462.34268950227,28000.0,0.0,24.624359837057238,20.0,26.0,1.0,721.0,14.600141316827019,12.0,17.0,1.0,22391.86559244343,15000.0,28000.0,1.0,19.5,21.374052421919906,25.0,1.0,26819.081114766992,15000.0,28000.0,1.0,21.927837238977705,20.0,26.0,1.0,0.0,92122.0,7.0,20.0
11.0,21.0,11.0,22.0,-121.0,21.0,13.0,-111.0,10.199214135358018,9.0,11.0,30000.0,10000.0,19000.0,0.0,28.354331330804108,16.5,19.0,0.0,10000.0,36950.19408095297,25000.0,0.0,29.667869648350237,17.0,20.0,0.0,122.0,10.180074644347119,9.0,11.0,1.0,15439.497633200841,10000.0,19000.0,1.0,16.5,17.603793029074886,19.0,1.0,22507.103318283098,10000.0,25000.0,1.0,18.93952132277881,17.0,20.0,1.0,0.0,211.0,1.0,9.0
11.0,22.0,11.0,22.0,-121.0,21.0,13.0,-111.0,10.183540466417531,9.0,11.0,30000.0,10000.0,19000.0,0.0,24.694646103941267,16.5,19.0,0.0,10000.0,37048.41690952664,25000.0,0.0,26.01536563176418,17.0,20.0,0.0,122.0,10.220810476418082,9.0,11.0,1.0,14922.778078771184,10000.0,19000.0,1.0,16.5,17.54421965214024,19.0,1.0,21948.198358239464,10000.0,25000.0,1.0,18.860630113291577,17.0,20.0,1.0,0.0,211.0,1.0,41.0
92.0,24.0,92.0,24.0,-721.0,921.0,13.0,-711.0,15.28738612686875,12.0,17.0,30000.0,15000.0,28000.0,0.0,25.260907091711903,19.5,25.0,0.0,15000.0,33992.651802201435,28000.0,0.0,25.75063480168281,20.0,26.0,1.0,722.0,15.145525995569573,12.0,17.0,1.0,19828.456230599095,15000.0,28000.0,1.0,19.5,21.60158603977965,25.0,1.0,23729.881837248115,15000.0,28000.0,1.0,22.080124195025896,20.0,26.0,1.0,0.0,92122.0,7.0,22.0
11.0,22.0,11.0,22.0,-121.0,21.0,13.0,-111.0,10.1896956621137,9.0,11.0,30000.0,10000.0,19000.0,0.0,25.92254184279787,16.5,19.0,0.0,10000.0,37047.90386943438,25000.0,0.0,27.255531091046535,17.0,20.0,0.0,122.0,10.196999761967177,9.0,11.0,1.0,16065.794746640733,10000.0,19000.0,1.0,16.5,17.774504861427793,19.0,1.0,22954.771704520783,10000.0,25000.0,1.0,19.077435830181752,17.0,20.0,1.0,0.0,211.0,1.0,19.0
11.0,22.0,11.0,22.0,-121.0,11.0,11.0,-111.0,10.186318947969845,9.0,11.0,30000.0,10000.0,19000.0,0.0,23.115535860102046,16.5,19.0,0.0,10000.0,36986.69611835577,25000.0,0.0,24.43510782946068,17.0,20.0,0.0,122.0,10.215666636788557,9.0,11.0,1.0,14964.816127302005,10000.0,19000.0,1.0,16.5,17.610235350901988,19.0,1.0,21996.578551649978,10000.0,25000.0,1.0,18.93831895911573,17.0,20.0,1.0,0.0,111.0,1.0,27.0
81.0,23.0,81.0,21.0,-721.0,912.0,12.0,-711.0,15.099942927837004,12.0,17.0,30000.0,12500.0,23000.0,0.0,26.457881272816014,20.0,24.0,0.0,12500.0,33976.85201185617,26000.0,0.0,26.943551017602168,20.0,25.0,0.0,722.0,15.284427769032218,12.0,17.0,1.0,16393.713280883898,12500.0,23000.0,1.0,20.0,21.755801711213337,24.0,1.0,20377.988582091828,12500.0,26000.0,1.0,22.242378019038348,20.0,25.0,1.0,0.0,912.0,7.0,11.0
11.0,21.0,11.0,22.0,-121.0,21.0,13.0,-111.0,9.998139763261372,9.0,11.0,30000.0,10000.0,19000.0,0.0,27.212996499021465,16.5,19.0,0.0,10000.0,36539.82354951815,25000.0,0.0,28.521428141285295,17.0,20.0,0.0,121.0,9.994683009251082,9.0,11.0,1.0,13138.423032221459,10000.0,19000.0,1.0,16.5,17.175076462319723,19.0,1.0,19586.807855393858,10000.0,25000.0,1.0,18.465213830743718,17.0,20.0,1.0,0.0,211.0,1.0,52.0
91.0,24.0,91.0,21.0,-721.0,911.0,11.0,-711.0,14.928966275621933,12.0,17.0,30000.0,18000.0,36000.0,1.0,24.563122245488437,20.0,25.0,1.0,18000.0,34007.5431465398,36000.0,1.0,25.05208528731061,20.0,26.0,1.0,722.0,14.984044864199006,12.0,17.0,1.0,25857.38347475426,18000.0,36000.0,1.0,20.0,23.133462210262554,25.0,1.0,29868.331426753,18000.0,36000.0,1.0,23.622840674694825,20.0,26.0,1.0,1.0,91121.0,7.0,21.0
11.0,22.0,11.0,21.0,-121.0,11.0,11.0,-111.0,10.189588858827374,9.0,11.0,30000.0,10000.0,19000.0,0.0,25.020133545855387,16.5,19.0,0.0,10000.0,36990.05002818358,25000.0,0.0,26.341050890569466,17.0,20.0,0.0,122.0,10.176233712720322,9.0,11.0,1.0,12406.828964175358,10000.0,19000.0,1.0,16.5,17.004093526347134,19.0,1.0,19361.517347940367,10000.0,25000.0,1.0,18.318328542714237,17.0,20.0,1.0,0.0,111.0,1.0,12.0
11.0,22.0,11.0,22.0,-121.0,21.0,13.0,-111.0,10.001306249243111,9.0,11.0,30000.0,10000.0,19000.0,0.0,26.410977267497053,16.5,19.0,0.0,10000.0,36485.414090507686,25000.0,0.0,27.70957708952519,17.0,20.0,0.0,121.0,9.99745838545625,9.0,11.0,1.0,14138.772474501522,10000.0,19000.0,1.0,16.5,17.340322755069614,19.0,1.0,20654.179443268622,10000.0,25000.0,1.0,18.644928168387104,17.0,20.0,1.0,0.0,211.0,1.0,36.0
11.0,21.0,11.0,22.0,-121.0,21.0,13.0,-111.0,9.994667076251506,9.0,11.0,30000.0,10000.0,19000.0,0.0,26.419818019762555,16.5,19.0,0.0,10000.0,36537.88152750962,25000.0,0.0,27.73095914972093,17.0,20.0,0.0,121.0,9.979463645283687,9.0,11.0,1.0,12882.842076626544,10000.0,19000.0,1.0,16.5,17.099017899979195,19.0,1.0,19381.731324577297,10000.0,25000.0,1.0,18.40233931321965,17.0,20.0,1.0,0.0,211.0,1.0,9.0
11.0,22.0,11.0,22.0,-121.0,21.0,13.0,-111.0,10.229344943906566,9.0,11.0,30000.0,10000.0,19000.0,0.0,25.821911646317297,16.5,19.0,0.0,10000.0,36975.56052050897,25000.0,0.0,27.135915129701473,17.0,20.0,0.0,122.0,10.226686080550442,9.0,11.0,1.0,14981.290690738057,10000.0,19000.0,1.0,16.5,17.58423557535374,19.0,1.0,22012.612972600542,10000.0,25000.0,1.0,18.90874303880414,17.0,20.0,1.0,0.0,211.0,1.0,8.0
81.0,21.0,81.0,23.0,-721.0,912.0,12.0,-711.0,14.713696422748773,12.0,17.0,30000.0,12500.0,23000.0,0.0,26.60121268387507,20.0,24.0,0.0,12500.0,34554.05781526071,26000.0,0.0,27.16958941370881,20.0,25.0,0.0,721.0,15.06920462638691,12.0,17.0,1.0,20340.484477673257,12500.0,23000.0,1.0,20.0,22.223928503267963,24.0,1.0,24827.848166088286,12500.0,26000.0,1.0,22.783981362116002,20.0,25.0,1.0,0.0,912.0,7.0,7.0
91.0,21.0,91.0,24.0,-721.0,911.0,11.0,-711.0,15.217208316714718,12.0,17.0,30000.0,18000.0,36000.0,1.0,24.875525784991375,20.0,25.0,1.0,18000.0,33938.169247092555,36000.0,1.0,25.35466085578354,20.0,26.0,1.0,722.0,15.20030610123359,12.0,17.0,1.0,20587.915971428352,18000.0,36000.0,1.0,20.0,22.672706054890675,25.0,1.0,24617.70257456034,18000.0,36000.0,1.0,23.162987698015694,20.0,26.0,1.0,1.0,91121.0,7.0,18.0
11.0,22.0,11.0,22.0,-121.0,11.0,11.0,-111.0,10.191962367229888,9.0,11.0,30000.0,10000.0,19000.0,0.0,24.034477146758913,16.5,19.0,0.0,10000.0,37069.43888374122,25000.0,0.0,25.3675760530986,17.0,20.0,0.0,122.0,10.21872309046909,9.0,11.0,1.0,12802.031129291561,10000.0,19000.0,1.0,16.5,17.163318373044994,19.0,1.0,19950.66047690912,10000.0,25000.0,1.0,18.511350391124125,17.0,20.0,1.0,0.0,111.0,1.0,27.0
11.0,22.0,11.0,22.0,-121.0,11.0,11.0,-111.0,10.18248337882392,9.0,11.0,30000.0,10000.0,19000.0,0.0,25.413837212519912,16.5,19.0,0.0,10000.0,37057.722867233766,25000.0,0.0,26.743910888452668,17.0,20.0,0.0,122.0,10.208207725624133,9.0,11.0,1.0,16391.931373862346,10000.0,19000.0,1.0,16.5,17.85587540019352,19.0,1.0,23481.488718490444,10000.0,25000.0,1.0,19.191948489983375,17.0,20.0,1.0,0.0,111.0,1.0,38.0
11.0,21.0,11.0,22.0,-121.0,11.0,12.0,-111.0,9.996642520119465,9.0,11.0,30000.0,10000.0,19000.0,0.0,24.653277142276508,16.5,19.0,0.0,10000.0,36620.251061094226,25000.0,0.0,25.977369677011286,17.0,20.0,0.0,121.0,9.985352042145571,9.0,11.0,1.0,16375.558502172013,10000.0,19000.0,1.0,16.5,17.77478105573519,19.0,1.0,22928.030140889517,10000.0,25000.0,1.0,19.085317272688446,17.0,20.0,1.0,0.0,111.0,1.0,7.0
91.0,21.0,91.0,24.0,-721.0,911.0,11.0,-711.0,15.376560830986065,12.0,17.0,30000.0,18000.0,36000.0,1.0,25.501680454977098,20.0,25.0,0.0,18000.0,34442.03638775053,36000.0,1.0,26.056671246155844,20.0,26.0,0.0,721.0,15.173718658877764,12.0,17.0,1.0,23481.83185782326,18000.0,36000.0,1.0,20.0,23.14961521137403,25.0,1.0,27984.20418653915,18000.0,36000.0,1.0,23.712144412572385,20.0,26.0,1.0,0.0,91121.0,7.0,18.0
11.0,22.0,11.0,22.0,-121.0,11.0,11.0,-111.0,10.189261459144833,9.0,11.0,30000.0,10000.0,19000.0,0.0,24.203973939353837,16.5,19.0,0.0,10000.0,37064.53472309944,25000.0,0.0,25.5398869486748,17.0,20.0,0.0,122.0,10.179725028819064,9.0,11.0,1.0,16514.738747033727,10000.0,19000.0,1.0,16.5,17.825283692145156,19.0,1.0,23594.635213009897,10000.0,25000.0,1.0,19.164101627686914,17.0,20.0,1.0,0.0,111.0,1.0,55.0
11.0,22.0,11.0,21.0,-121.0,11.0,11.0,-111.0,9.998958888494887,9.0,11.0,30000.0,10000.0,19000.0,0.0,24.08903099178001,16.5,19.0,0.0,10000.0,36539.23051692535,25000.0,0.0,25.396218884038028,17.0,20.0,0.0,121.0,9.98754628018021,9.0,11.0,1.0,9489.555866786817,10000.0,19000.0,0.0,16.5,16.33037516268829,19.0,0.0,15961.28395524695,10000.0,25000.0,1.0,17.62406936376057,17.0,20.0,1.0,0.0,111.0,1.0,1.0
81.0,23.0,81.0,23.0,-721.0,912.0,11.0,-711.0,15.472468501217497,12.0,17.0,30000.0,12500.0,23000.0,0.0,26.47610382892851,20.0,24.0,0.0,12500.0,33821.870048004916,26000.0,0.0,26.94275689666974,20.0,25.0,0.0,722.0,15.122674644039154,12.0,17.0,1.0,15382.305801855699,12500.0,23000.0,1.0,20.0,21.58146927692699,24.0,1.0,19424.663493442218,12500.0,26000.0,1.0,22.07504404372758,20.0,25.0,1.0,0.0,912.0,7.0,17.0
81.0,23.0,81.0,21.0,-721.0,912.0,12.0,-711.0,15.597080676878383,12.0,17.0,30000.0,12500.0,23000.0,0.0,27.154835314161428,20.0,24.0,0.0,12500.0,33948.76634768736,26000.0,0.0,27.635406949381117,20.0,25.0,0.0,722.0,15.04960447741271,12.0,17.0,1.0,14780.424229982487,12500.0,23000.0,1.0,20.0,21.347493870699772,24.0,1.0,18843.6845012954,12500.0,26000.0,1.0,21.841999612740363,20.0,25.0,1.0,0.0,912.0,7.0,30.0
11.0,22.0,11.0,22.0,-121.0,21.0,13.0,-111.0,10.235796945346616,9.0,11.0,30000.0,10000.0,19000.0,0.0,25.363874380432677,16.5,19.0,0.0,10000.0,36919.32536177564,25000.0,0.0,26.665784786923826,17.0,20.0,0.0,122.0,10.218876482094355,9.0,11.0,1.0,15894.184338390074,10000.0,19000.0,1.0,16.5,17.734358760303056,19.0,1.0,23024.181192449534,10000.0,25000.0,1.0,19.075908205835567,17.0,20.0,1.0,0.0,211.0,1.0,31.0
11.0,22.0,11.0,22.0,-121.0,11.0,11.0,-111.0,10.18911955062419,9.0,11.0,30000.0,10000.0,19000.0,0.0,25.41232987221254,16.5,19.0,0.0,10000.0,37023.331921200384,25000.0,0.0,26.739109969528894,17.0,20.0,0.0,122.0,10.190059227803701,9.0,11.0,1.0,17778.00011201945,10000.0,19000.0,1.0,16.5,18.097365994775444,19.0,1.0,24864.852200744346,10000.0,25000.0,1.0,19.43614570922442,17.0,20.0,1.0,0.0,111.0,1.0,57.0
81.0,23.0,81.0,23.0,-721.0,912.0,12.0,-711.0,15.476537609696994,12.0,17.0,30000.0,12500.0,23000.0,0.0,27.606422477028843,20.0,24.0,0.0,12500.0,34515.357830957466,26000.0,0.0,28.170345533309657,20.0,25.0,0.0,721.0,15.347669706476434,12.0,17.0,1.0,15996.593759453222,12500.0,23000.0,1.0,20.0,21.91184282971384,24.0,1.0,20471.02907552384,12500.0,26000.0,1.0,22.470655072958426,20.0,25.0,1.0,0.0,912.0,7.0,31.0
11.0,22.0,11.0,22.0,-121.0,11.0,11.0,-111.0,9.989824782155956,9.0,11.0,30000.0,10000.0,19000.0,0.0,26.420691477328454,16.5,19.0,0.0,10000.0,36418.56480460093,25000.0,0.0,27.70895093422099,17.0,20.0,0.0,121.0,9.979001044155082,9.0,11.0,1.0,17342.849619650853,10000.0,19000.0,1.0,16.5,17.990344125181043,19.0,1.0,23850.837242857546,10000.0,25000.0,1.0,19.296551487133023,17.0,20.0,1.0,0.0,111.0,1.0,11.0
11.0,22.0,11.0,21.0,-121.0,11.0,11.0,-111.0,10.18999736028125,9.0,11.0,30000.0,10000.0,19000.0,0.0,23.003366697221068,16.5,19.0,0.0,10000.0,36862.5044317807,25000.0,0.0,24.297480127453284,17.0,20.0,0.0,122.0,10.220237920728666,9.0,11.0,1.0,14715.473751396303,10000.0,19000.0,1.0,16.5,17.45662804049893,19.0,1.0,21832.71026418652,10000.0,25000.0,1.0,18.798778191205788,17.0,20.0,1.0,0.0,111.0,1.0,39.0
11.0,22.0,11.0,21.0,-121.0,11.0,11.0,-111.0,10.205414500941773,9.0,11.0,30000.0,10000.0,19000.0,0.0,23.32099708321705,16.5,19.0,0.0,10000.0,36882.53534977547,25000.0,0.0,24.613771034181937,17.0,20.0,0.0,122.0,10.196206889324332,9.0,11.0,1.0,15018.566257104603,10000.0,19000.0,1.0,16.5,17.480973734767655,19.0,1.0,22137.406467413013,10000.0,25000.0,1.0,18.818133766247673,17.0,20.0,1.0,0.0,111.0,1.0,39.0
11.0,21.0,11.0,22.0,-121.0,11.0,12.0,-111.0,9.992892307309223,9.0,11.0,30000.0,10000.0,19000.0,0.0,25.325899761636613,16.5,19.0,0.0,10000.0,36474.59081952914,25000.0,0.0,26.622814902833476,17.0,20.0,0.0,121.0,9.986261636901052,9.0,11.0,1.0,18075.674146536494,10000.0,19000.0,1.0,16.5,18.10639388012701,19.0,1.0,24599.807452700967,10000.0,25000.0,1.0,19.413232799187348,17.0,20.0,1.0,0.0,111.0,1.0,51.0
11.0,22.0,11.0,22.0,-121.0,21.0,13.0,-111.0,9.99932272992328,9.0,11.0,30000.0,10000.0,19000.0,0.0,27.672584737239013,16.5,19.0,0.0,10000.0,36541.6188982244,25000.0,0.0,28.979137338754583,17.0,20.0,0.0,121.0,10.002433821200794,9.0,11.0,1.0,14255.948281041843,10000.0,19000.0,1.0,16.5,17.35357981409471,19.0,1.0,20758.650334188416,10000.0,25000.0,1.0,18.652359583537624,17.0,20.0,1.0,0.0,211.0,1.0,13.0
11.0,22.0,11.0,21.0,-121.0,11.0,12.0,-111.0,9.987487033710131,9.0,11.0,30000.0,10000.0,19000.0,0.0,24.628163489444972,16.5,19.0,0.0,10000.0,36614.408120912354,25000.0,0.0,25.95536593590677,17.0,20.0,0.0,121.0,10.002935063711174,9.0,11.0,1.0,15083.141286315224,10000.0,19000.0,1.0,16.5,17.533297437101428,19.0,1.0,21607.870142309475,10000.0,25000.0,1.0,18.84250544813976,17.0,20.0,1.0,0.0,111.0,1.0,10.0
11.0,22.0,11.0,22.0,-121.0,21.0,13.0,-111.0,9.993091673837437,9.0,11.0,30000.0,10000.0,19000.0,0.0,25.004808001428376,16.5,19.0,0.0,10000.0,36413.73197195349,25000.0,0.0,26.293054439978537,17.0,20.0,0.0,121.0,9.992251581081556,9.0,11.0,1.0,14867.924349916158,10000.0,19000.0,1.0,16.5,17.54724466842918,19.0,1.0,21416.737798629,10000.0,25000.0,1.0,18.862623240362883,17.0,20.0,1.0,0.0,211.0,1.0,47.0
11.0,22.0,11.0,22.0,-121.0,21.0,13.0,-111.0,9.993462965632576,9.0,11.0,30000.0,10000.0,19000.0,0.0,25.177780239770197,16.5,19.0,0.0,10000.0,36622.68828067364,25000.0,0.0,26.5109362966849,17.0,20.0,0.0,121.0,9.981170489406741,9.0,11.0,1.0,14685.475494576936,10000.0,19000.0,1.0,16.5,17.454841179525992,19.0,1.0,21120.794545976292,10000.0,25000.0,1.0,18.750279558618626,17.0,20.0,1.0,0.0,211.0,1.0,19.0
91.0,24.0,91.0,24.0,-721.0,911.0,12.0,-711.0,15.116489347424476,12.0,17.0,30000.0,18000.0,36000.0,1.0,24.816450016969725,20.0,25.0,1.0,18000.0,33963.6217605401,36000.0,1.0,25.300550156453152,20.0,26.0,1.0,722.0,15.153718051513868,12.0,17.0,1.0,26559.02206706111,18000.0,36000.0,1.0,20.0,23.347049433583827,25.0,1.0,30538.621933085004,18000.0,36000.0,1.0,23.833101071863226,20.0,26.0,1.0,1.0,91121.0,7.0,8.0
11.0,21.0,11.0,22.0,-121.0,11.0,11.0,-111.0,9.987592313678368,9.0,11.0,30000.0,10000.0,19000.0,0.0,27.2637904090061,16.5,19.0,0.0,10000.0,36576.75214445166,25000.0,0.0,28.572727438290507,17.0,20.0,0.0,121.0,10.003733382399242,9.0,11.0,1.0,17999.45949177601,10000.0,19000.0,1.0,16.5,18.13086277427293,19.0,1.0,24602.957469884343,10000.0,25000.0,1.0,19.44512288876465,17.0,20.0,1.0,0.0,111.0,1.0,43.0
91.0,21.0,91.0,24.0,-721.0,911.0,11.0,-711.0,14.998046831363572,12.0,17.0,30000.0,18000.0,36000.0,1.0,24.573277343609355,20.0,25.0,1.0,18000.0,33989.156941688234,36000.0,1.0,25.060260486709364,20.0,26.0,1.0,722.0,15.026164680122854,12.0,17.0,1.0,24792.75595141221,18000.0,36000.0,1.0,20.0,23.193211503734744,25.0,1.0,28741.7867455246,18000.0,36000.0,1.0,23.675296178874575,20.0,26.0,1.0,1.0,91121.0,7.0,18.0
11.0,22.0,11.0,22.0,-121.0,21.0,13.0,-111.0,10.159168296995523,9.0,11.0,30000.0,10000.0,19000.0,0.0,25.71167436200762,16.5,19.0,0.0,10000.0,36945.65333444747,25000.0,0.0,27.0173543228869,17.0,20.0,0.0,122.0,10.205164855349699,9.0,11.0,1.0,12595.625768702082,10000.0,19000.0,1.0,16.5,17.131010187985744,19.0,1.0,19502.645190997504,10000.0,25000.0,1.0,18.42942754555352,17.0,20.0,1.0,0.0,211.0,1.0,3.0
11.0,22.0,11.0,22.0,-121.0,11.0,11.0,-111.0,10.225847753122517,9.0,11.0,30000.0,10000.0,19000.0,0.0,22.647803434432014,16.5,19.0,0.0,10000.0,37023.308692952894,25000.0,0.0,23.96671052551492,17.0,20.0,0.0,122.0,10.231768623912078,9.0,11.0,1.0,17543.601767491,10000.0,19000.0,1.0,16.5,18.079009975530838,19.0,1.0,24600.829884648545,10000.0,25000.0,1.0,19.404286795051547,17.0,20.0,1.0,0.0,111.0,1.0,27.0
91.0,24.0,91.0,24.0,-721.0,911.0,11.0,-711.0,14.894547789843184,12.0,17.0,30000.0,18000.0,36000.0,1.0,24.67759490163173,20.0,25.0,1.0,18000.0,33974.66244562108,36000.0,1.0,25.162594532618076,20.0,26.0,1.0,722.0,15.234936637626795,12.0,17.0,1.0,24910.277119763792,18000.0,36000.0,1.0,20.0,23.2740859430449,25.0,1.0,28857.835383979982,18000.0,36000.0,1.0,23.755778244626697,20.0,26.0,1.0,1.0,91121.0,7.0,9.0
11.0,22.0,11.0,22.0,-121.0,21.0,13.0,-111.0,10.221849626515374,9.0,11.0,30000.0,10000.0,19000.0,0.0,23.74147842172456,16.5,19.0,0.0,10000.0,36901.35192900961,25000.0,0.0,25.039932607248762,17.0,20.0,0.0,122.0,10.16333706830881,9.0,11.0,1.0,12650.784508256089,10000.0,19000.0,1.0,16.5,17.077205843637035,19.0,1.0,19822.244889743648,10000.0,25000.0,1.0,18.426479557606267,17.0,20.0,1.0,0.0,211.0,1.0,16.0
91.0,24.0,91.0,24.0,-721.0,911.0,11.0,-711.0,15.155577625185142,12.0,17.0,30000.0,18000.0,36000.0,1.0,24.549492276569072,20.0,25.0,1.0,18000.0,33953.55148342842,36000.0,1.0,25.030443976714327,20.0,26.0,1.0,722.0,15.032316632479114,12.0,17.0,1.0,26554.38545950471,18000.0,36000.0,1.0,20.0,23.331969571838613,25.0,1.0,30588.314949825668,18000.0,36000.0,1.0,23.82269930048085,20.0,26.0,1.0,1.0,91121.0,7.0,9.0
11.0,22.0,11.0,21.0,-121.0,21.0,13.0,-111.0,9.99070676320979,9.0,11.0,30000.0,10000.0,19000.0,0.0,25.81185843328586,16.5,19.0,0.0,10000.0,36539.86133662314,25000.0,0.0,27.119355469324137,17.0,20.0,0.0,121.0,10.008318491259079,9.0,11.0,1.0,11386.88676243443,10000.0,19000.0,1.0,16.5,16.783198871186723,19.0,1.0,17930.226298408335,10000.0,25000.0,1.0,18.09139129434528,17.0,20.0,1.0,0.0,211.0,1.0,33.0
11.0,21.0,11.0,21.0,-121.0,21.0,12.0,-111.0,10.20995966758422,9.0,11.0,30000.0,10000.0,19000.0,0.0,25.832545478293785,16.5,19.0,0.0,10000.0,37083.51338988764,25000.0,0.0,27.1757387362226,17.0,20.0,0.0,122.0,10.196101748025534,9.0,11.0,1.0,13343.044579521826,10000.0,19000.0,1.0,16.5,17.244196797451153,19.0,1.0,20231.929325820925,10000.0,25000.0,1.0,18.55048409255068,17.0,20.0,1.0,0.0,211.0,1.0,6.0
91.0,24.0,91.0,24.0,-721.0,911.0,12.0,-711.0,15.313660004311545,12.0,17.0,30000.0,18000.0,36000.0,1.0,25.09256823839554,20.0,25.0,0.0,18000.0,33913.63006525377,36000.0,1.0,25.57298666791484,20.0,26.0,1.0,722.0,15.378041880066675,12.0,17.0,1.0,26452.651111761923,18000.0,36000.0,1.0,20.0,23.59971973273675,25.0,1.0,30438.1047486418,18000.0,36000.0,1.0,24.088954878937944,20.0,26.0,1.0,0.0,91121.0,7.0,23.0
91.0,24.0,91.0,24.0,-721.0,911.0,11.0,-711.0,14.61818204075582,12.0,17.0,30000.0,18000.0,36000.0,1.0,23.233983286960196,20.0,25.0,1.0,18000.0,34537.82720636802,36000.0,1.0,23.799081816701047,20.0,26.0,1.0,721.0,15.90895768355333,12.0,17.0,1.0,26872.167224906396,18000.0,36000.0,1.0,20.0,24.304146006476724,25.0,1.0,31412.888428205497,18000.0,36000.0,1.0,24.86960492750981,20.0,26.0,1.0,1.0,91121.0,7.0,28.0
91.0,24.0,91.0,24.0,-721.0,911.0,12.0,-711.0,15.158438071638054,12.0,17.0,30000.0,18000.0,36000.0,1.0,24.75486159571944,20.0,25.0,1.0,18000.0,33976.256011292375,36000.0,1.0,25.238606025712343,20.0,26.0,1.0,722.0,15.509724521869101,12.0,17.0,1.0,24941.248651886657,18000.0,36000.0,1.0,20.0,23.413469307709647,25.0,1.0,28988.556867700125,18000.0,36000.0,1.0,23.90585782603041,20.0,26.0,1.0,1.0,91121.0,7.0,13.0
11.0,22.0,11.0,22.0,-121.0,11.0,11.0,-111.0,10.207272331432419,9.0,11.0,30000.0,10000.0,19000.0,0.0,24.642922932949475,16.5,19.0,0.0,10000.0,37143.226304895805,25000.0,0.0,25.98387716755665,17.0,20.0,0.0,122.0,10.18453519001091,9.0,11.0,1.0,19518.66890090757,10000.0,19000.0,0.0,16.5,18.370493014040473,19.0,1.0,26411.59688099549,10000.0,25000.0,0.0,19.664460273261444,17.0,20.0,1.0,0.0,111.0,1.0,17.0
11.0,22.0,11.0,22.0,-121.0,21.0,13.0,-111.0,10.011794205573759,9.0,11.0,30000.0,10000.0,19000.0,0.0,25.15759399555739,16.5,19.0,0.0,10000.0,36446.90032346141,25000.0,0.0,26.449926137569978,17.0,20.0,0.0,121.0,10.006553993965328,9.0,11.0,1.0,14007.490677904869,10000.0,19000.0,1.0,16.5,17.373109744442324,19.0,1.0,20536.24973239818,10000.0,25000.0,1.0,18.681851116303232,17.0,20.0,1.0,0.0,211.0,1.0,28.0
91.0,24.0,91.0,24.0,-721.0,911.0,12.0,-711.0,15.323187971289506,12.0,17.0,30000.0,18000.0,36000.0,1.0,24.113061888656308,20.0,25.0,1.0,18000.0,34057.94493374064,36000.0,1.0,24.6081925642326,20.0,26.0,1.0,722.0,15.298422569978515,12.0,17.0,1.0,26379.749110350047,18000.0,36000.0,1.0,20.0,23.48631910482003,25.0,1.0,30375.743817672334,18000.0,36000.0,1.0,23.97389091551287,20.0,26.0,1.0,1.0,91121.0,7.0,1.0
11.0,22.0,11.0,22.0,-121.0,11.0,11.0,-111.0,10.01192665557618,9.0,11.0,30000.0,10000.0,19000.0,0.0,23.595209905778738,16.5,19.0,0.0,10000.0,36431.99224564183,25000.0,0.0,24.88732503983391,17.0,20.0,0.0,121.0,9.999873237956848,9.0,11.0,1.0,12649.789023075247,10000.0,19000.0,1.0,16.5,17.054855686604487,19.0,1.0,19153.5083752469,10000.0,25000.0,1.0,18.361379992239737,17.0,20.0,1.0,0.0,111.0,1.0,15.0
11.0,22.0,11.0,22.0,-121.0,11.0,12.0,-111.0,9.995713301082827,9.0,11.0,30000.0,10000.0,19000.0,0.0,25.096024870256855,16.5,19.0,0.0,10000.0,36528.060758915904,25000.0,0.0,26.40244284617595,17.0,20.0,0.0,121.0,9.984703216083883,9.0,11.0,1.0,16661.038752955585,10000.0,19000.0,1.0,16.5,17.862521478451143,19.0,1.0,23107.635731178572,10000.0,25000.0,1.0,19.152636642338624,17.0,20.0,1.0,0.0,111.0,1.0,49.0
91.0,24.0,91.0,24.0,-721.0,911.0,12.0,-711.0,14.82590092911776,12.0,17.0,30000.0,18000.0,36000.0,1.0,24.113329733248758,20.0,25.0,1.0,18000.0,34469.795888649154,36000.0,1.0,24.672840336165702,20.0,26.0,1.0,721.0,14.221732963628769,12.0,17.0,1.0,28474.003076537138,18000.0,36000.0,1.0,20.0,22.837789774218173,25.0,1.0,32903.22054168186,18000.0,36000.0,1.0,23.392220937544142,20.0,26.0,1.0,1.0,91121.0,7.0,27.0
91.0,24.0,91.0,24.0,-721.0,911.0,12.0,-711.0,14.911135427028674,12.0,17.0,30000.0,18000.0,36000.0,1.0,25.448422512849973,20.0,25.0,0.0,18000.0,34038.024884350656,36000.0,1.0,25.942155820561933,20.0,26.0,1.0,722.0,15.281135515175658,12.0,17.0,1.0,24638.55515732234,18000.0,36000.0,1.0,20.0,23.41899709965256,25.0,1.0,28599.32859290606,18000.0,36000.0,1.0,23.903284796102177,20.0,26.0,1.0,0.0,91121.0,7.0,13.0
91.0,24.0,91.0,21.0,-721.0,911.0,11.0,-711.0,15.35436884112623,12.0,17.0,30000.0,18000.0,36000.0,1.0,25.724457726492783,20.0,25.0,0.0,18000.0,34495.51606352349,36000.0,1.0,26.286144805361705,20.0,26.0,0.0,721.0,13.940256060997832,12.0,17.0,1.0,23596.825168821604,18000.0,36000.0,1.0,20.0,21.774059875409797,25.0,1.0,28070.588286586593,18000.0,36000.0,1.0,22.33302905751509,20.0,26.0,1.0,0.0,91121.0,7.0,15.0
91.0,24.0,91.0,21.0,-721.0,911.0,11.0,-711.0,15.396054781361299,12.0,17.0,30000.0,18000.0,36000.0,1.0,23.793901393433323,20.0,25.0,1.0,18000.0,34060.1959827961,36000.0,1.0,24.287790489286824,20.0,26.0,1.0,722.0,15.02773633197787,12.0,17.0,1.0,23049.734040251802,18000.0,36000.0,1.0,20.0,22.7837233237119,25.0,1.0,27005.686772999983,18000.0,36000.0,1.0,23.264932094592627,20.0,26.0,1.0,1.0,91121.0,7.0,3.0
11.0,21.0,11.0,21.0,-121.0,21.0,13.0,-111.0,9.996131995409792,9.0,11.0,30000.0,10000.0,19000.0,0.0,27.259682682634306,16.5,19.0,0.0,10000.0,36524.59298035527,25000.0,0.0,28.564296981249743,17.0,20.0,0.0,121.0,9.996446934641646,9.0,11.0,1.0,13784.939981731413,10000.0,19000.0,1.0,16.5,17.215338970641827,19.0,1.0,20250.56276258386,10000.0,25000.0,1.0,18.50816197964039,17.0,20.0,1.0,0.0,211.0,1.0,34.0
11.0,22.0,11.0,22.0,-121.0,21.0,13.0,-111.0,10.205658197249834,9.0,11.0,30000.0,10000.0,19000.0,0.0,25.466090341077063,16.5,19.0,0.0,10000.0,36867.31970959773,25000.0,0.0,26.76123686465095,17.0,20.0,0.0,122.0,10.21524144089356,9.0,11.0,1.0,14164.394371949033,10000.0,19000.0,1.0,16.5,17.454865292365863,19.0,1.0,21195.176428890667,10000.0,25000.0,1.0,18.780840101187895,17.0,20.0,1.0,0.0,211.0,1.0,16.0
11.0,22.0,11.0,22.0,-121.0,11.0,11.0,-111.0,10.210944826234114,9.0,11.0,30000.0,10000.0,19000.0,0.0,27.027676903719765,16.5,19.0,0.0,10000.0,36908.89917015795,25000.0,0.0,28.33016580278709,17.0,20.0,0.0,122.0,10.19043173348867,9.0,11.0,1.0,16024.20704618876,10000.0,19000.0,1.0,16.5,17.767316961350183,19.0,1.0,23147.76035146896,10000.0,25000.0,1.0,19.110273179631438,17.0,20.0,1.0,0.0,111.0,1.0,30.0
11.0,22.0,11.0,22.0,-121.0,11.0,11.0,-111.0,10.006678718342366,9.0,11.0,30000.0,10000.0,19000.0,0.0,24.254633852549993,16.5,19.0,0.0,10000.0,36461.20498978771,25000.0,0.0,25.539488107766037,17.0,20.0,0.0,121.0,9.99986928790365,9.0,11.0,1.0,19225.2092565036,10000.0,19000.0,0.0,16.5,18.38351550293624,19.0,1.0,25700.948955136362,10000.0,25000.0,0.0,19.671260083182588,17.0,20.0,1.0,0.0,111.0,1.0,38.0
11.0,22.0,11.0,22.0,-121.0,21.0,12.0,-111.0,9.985650184455563,9.0,11.0,30000.0,10000.0,19000.0,0.0,24.378769139932704,16.5,19.0,0.0,10000.0,36502.18234508335,25000.0,0.0,25.678653945161113,17.0,20.0,0.0,121.0,10.00463051048055,9.0,11.0,1.0,16285.999333448386,10000.0,19000.0,1.0,16.5,17.791769948675135,19.0,1.0,22846.900596576557,10000.0,25000.0,1.0,19.10339355563119,17.0,20.0,1.0,0.0,211.0,1.0,48.0
11.0,22.0,11.0,21.0,-121.0,11.0,11.0,-111.0,10.000529325590776,9.0,11.0,30000.0,10000.0,19000.0,0.0,23.66286089067603,16.5,19.0,0.0,10000.0,36486.40372730627,25000.0,0.0,24.962294697020535,17.0,20.0,0.0,121.0,9.997953795966,9.0,11.0,1.0,10937.493022980918,10000.0,19000.0,1.0,16.5,16.69427327275612,19.0,1.0,17436.41484801389,10000.0,25000.0,1.0,17.996214853833912,17.0,20.0,1.0,0.0,111.0,1.0,26.0
11.0,21.0,11.0,22.0,-121.0,11.0,12.0,-111.0,10.189623327130823,9.0,11.0,30000.0,10000.0,19000.0,0.0,24.68811634328914,16.5,19.0,0.0,10000.0,36897.79325633381,25000.0,0.0,25.98968714866747,17.0,20.0,0.0,122.0,10.199708037987534,9.0,11.0,1.0,13984.411598591876,10000.0,19000.0,1.0,16.5,17.36982089929945,19.0,1.0,21089.459057952387,10000.0,25000.0,1.0,18.710499287338923,17.0,20.0,1.0,0.0,111.0,1.0,7.0
11.0,22.0,11.0,22.0,-121.0,21.0,13.0,-111.0,10.19506481858039,9.0,11.0,30000.0,10000.0,19000.0,0.0,25.16916215492234,16.5,19.0,0.0,10000.0,37052.33834633438,25000.0,0.0,26.48610467837283,17.0,20.0,0.0,122.0,10.20291443077825,9.0,11.0,1.0,14649.787612076374,10000.0,19000.0,1.0,16.5,17.43794298047854,19.0,1.0,21689.247587093036,10000.0,25000.0,1.0,18.752480617210864,17.0,20.0,1.0,0.0,211.0,1.0,36.0
91.0,24.0,91.0,21.0,-721.0,911.0,12.0,-711.0,15.091004801301295,12.0,17.0,30000.0,18000.0,36000.0,1.0,25.690725211905338,20.0,25.0,0.0,18000.0,33987.22256289244,36000.0,1.0,26.177765806686978,20.0,26.0,0.0,722.0,15.082456910132134,12.0,17.0,1.0,25878.15689696604,18000.0,36000.0,1.0,20.0,23.202836928786898,25.0,1.0,29871.92272493921,18000.0,36000.0,1.0,23.690676785627897,20.0,26.0,1.0,0.0,91121.0,7.0,14.0
11.0,22.0,11.0,22.0,-121.0,11.0,11.0,-111.0,10.19331383944613,9.0,11.0,30000.0,10000.0,19000.0,0.0,24.396190624429835,16.5,19.0,0.0,10000.0,36974.10896387304,25000.0,0.0,25.713862746817284,17.0,20.0,0.0,122.0,10.206968470816923,9.0,11.0,1.0,15450.748964111524,10000.0,19000.0,1.0,16.5,17.65766436941878,19.0,1.0,22414.24425714337,10000.0,25000.0,1.0,18.973331169225794,17.0,20.0,1.0,0.0,111.0,1.0,55.0
11.0,22.0,11.0,21.0,-121.0,11.0,11.0,-111.0,10.009759173420164,9.0,11.0,30000.0,10000.0,19000.0,0.0,25.174219595060986,16.5,19.0,0.0,10000.0,36558.532958768905,25000.0,0.0,26.484141437964006,17.0,20.0,0.0,121.0,10.006043425613372,9.0,11.0,1.0,12362.104104252847,10000.0,19000.0,1.0,16.5,16.97160019808051,19.0,1.0,18796.052927511344,10000.0,25000.0,1.0,18.256639116492604,17.0,20.0,1.0,0.0,111.0,1.0,39.0
92.0,24.0,92.0,24.0,-721.0,921.0,13.0,-711.0,14.73201136482346,12.0,17.0,30000.0,15000.0,28000.0,0.0,23.78332451583114,19.5,25.0,1.0,15000.0,34513.50064795219,28000.0,0.0,24.349126165991724,20.0,26.0,1.0,721.0,16.246259151087866,12.0,17.0,1.0,20821.633182480407,15000.0,28000.0,1.0,19.5,22.913095980940806,25.0,1.0,25334.38340112696,15000.0,28000.0,1.0,23.478803559077793,20.0,26.0,1.0,0.0,92122.0,7.0,25.0
11.0,22.0,11.0,22.0,-121.0,21.0,12.0,-111.0,9.997782481084379,9.0,11.0,30000.0,10000.0,19000.0,0.0,23.79806654724848,16.5,19.0,0.0,10000.0,36485.37524546363,25000.0,0.0,25.087226496022762,17.0,20.0,0.0,121.0,10.002311302749119,9.0,11.0,1.0,16747.141059426067,10000.0,19000.0,1.0,16.5,17.85719915235235,19.0,1.0,23249.34646583911,10000.0,25000.0,1.0,19.149704592884042,17.0,20.0,1.0,0.0,211.0,1.0,25.0
11.0,22.0,11.0,21.0,-121.0,11.0,12.0,-111.0,10.210895352027478,9.0,11.0,30000.0,10000.0,19000.0,0.0,24.383536234044385,16.5,19.0,0.0,10000.0,36940.78343005855,25000.0,0.0,25.698000597471392,17.0,20.0,0.0,122.0,10.192367731031862,9.0,11.0,1.0,13782.49232215751,10000.0,19000.0,1.0,16.5,17.294506533884054,19.0,1.0,20755.850460237452,10000.0,25000.0,1.0,18.615139983736913,17.0,20.0,1.0,0.0,111.0,1.0,10.0
11.0,22.0,11.0,21.0,-121.0,21.0,12.0,-111.0,9.982197254426616,9.0,11.0,30000.0,10000.0,19000.0,0.0,23.325504592317728,16.5,19.0,0.0,10000.0,36520.68309479196,25000.0,0.0,24.62925255038945,17.0,20.0,0.0,121.0,9.992842127740321,9.0,11.0,1.0,15426.09192694183,10000.0,19000.0,1.0,16.5,17.57527108371218,19.0,1.0,21907.019126062274,10000.0,25000.0,1.0,18.871070232272757,17.0,20.0,1.0,0.0,211.0,1.0,53.0
11.0,22.0,11.0,22.0,-121.0,21.0,13.0,-111.0,10.213444238050815,9.0,11.0,30000.0,10000.0,19000.0,0.0,26.977820614822537,16.5,19.0,0.0,10000.0,37049.94315736165,25000.0,0.0,28.308494251413137,17.0,20.0,0.0,122.0,10.201633292643825,9.0,11.0,1.0,15222.151315419731,10000.0,19000.0,1.0,16.5,17.607268301459996,19.0,1.0,22290.110426092106,10000.0,25000.0,1.0,18.941342441228212,17.0,20.0,1.0,0.0,211.0,1.0,13.0
11.0,21.0,11.0,22.0,-121.0,11.0,11.0,-111.0,9.996428105009874,9.0,11.0,30000.0,10000.0,19000.0,0.0,26.01674355323034,16.5,19.0,0.0,10000.0,36547.306463512665,25000.0,0.0,27.32942572954546,17.0,20.0,0.0,121.0,10.000194121167754,9.0,11.0,1.0,14682.293390246725,10000.0,19000.0,1.0,16.5,17.479375219233205,19.0,1.0,21211.20914222605,10000.0,25000.0,1.0,18.78837020611033,17.0,20.0,1.0,0.0,111.0,1.0,43.0
11.0,21.0,11.0,22.0,-121.0,11.0,11.0,-111.0,10.174591880139307,9.0,11.0,30000.0,10000.0,19000.0,0.0,27.360926963914356,16.5,19.0,0.0,10000.0,36850.04272984568,25000.0,0.0,28.65071316779982,17.0,20.0,0.0,122.0,10.202385318092135,9.0,11.0,1.0,15200.801306205365,10000.0,19000.0,1.0,16.5,17.588807379293772,19.0,1.0,22206.80747419735,10000.0,25000.0,1.0,18.907959749021565,17.0,20.0,1.0,0.0,111.0,1.0,35.0
92.0,24.0,92.0,24.0,-721.0,921.0,13.0,-711.0,14.851097647267851,12.0,17.0,30000.0,15000.0,28000.0,0.0,24.953745414463427,19.5,25.0,1.0,15000.0,34500.30829447777,28000.0,0.0,25.51533393408897,20.0,26.0,1.0,721.0,14.425248775285993,12.0,17.0,1.0,19722.37800711286,15000.0,28000.0,1.0,19.5,20.89349628249216,25.0,1.0,24263.166997910877,15000.0,28000.0,1.0,21.46013634366382,20.0,26.0,1.0,0.0,92122.0,7.0,25.0
11.0,21.0,11.0,22.0,-121.0,21.0,13.0,-111.0,10.005697683897822,9.0,11.0,30000.0,10000.0,19000.0,0.0,25.487505018886495,16.5,19.0,0.0,10000.0,36443.21975512489,25000.0,0.0,26.782967419861574,17.0,20.0,0.0,121.0,9.999884334691131,9.0,11.0,1.0,11742.447798721198,10000.0,19000.0,1.0,16.5,16.93314788441506,19.0,1.0,18243.452676462937,10000.0,25000.0,1.0,18.240228460236082,17.0,20.0,1.0,0.0,211.0,1.0,32.0
11.0,22.0,11.0,22.0,-121.0,21.0,13.0,-111.0,10.214070664179328,9.0,11.0,30000.0,10000.0,19000.0,0.0,25.5383112689846,16.5,19.0,0.0,10000.0,36945.73499037809,25000.0,0.0,26.847183857462593,17.0,20.0,0.0,122.0,10.184628850958891,9.0,11.0,1.0,14874.638483367007,10000.0,19000.0,1.0,16.5,17.511310523638393,19.0,1.0,21926.825239274498,10000.0,25000.0,1.0,18.840243163081404,17.0,20.0,1.0,0.0,211.0,1.0,16.0
92.0,24.0,92.0,24.0,-721.0,921.0,13.0,-711.0,15.29683036883001,12.0,17.0,30000.0,15000.0,28000.0,0.0,24.386568549323677,19.5,25.0,1.0,15000.0,33979.51403210493,28000.0,0.0,24.87127325850049,20.0,26.0,1.0,722.0,14.910565050078475,12.0,17.0,1.0,22481.505099787362,15000.0,28000.0,1.0,19.5,21.729527666312915,25.0,1.0,26447.261614839652,15000.0,28000.0,1.0,22.212556710258195,20.0,26.0,1.0,0.0,92122.0,7.0,22.0
11.0,22.0,11.0,22.0,-121.0,11.0,11.0,-111.0,9.980401247850063,9.0,11.0,30000.0,10000.0,19000.0,0.0,24.362847150792195,16.5,19.0,0.0,10000.0,36495.68473530311,25000.0,0.0,25.661923085878303,17.0,20.0,0.0,121.0,10.011439468362248,9.0,11.0,1.0,12862.387916282,10000.0,19000.0,1.0,16.5,17.148886576001352,19.0,1.0,19377.643022834785,10000.0,25000.0,1.0,18.4518764015189,17.0,20.0,1.0,0.0,111.0,1.0,44.0
11.0,22.0,11.0,22.0,-121.0,21.0,13.0,-111.0,10.213644169815945,9.0,11.0,30000.0,10000.0,19000.0,0.0,24.816172016962327,16.5,19.0,0.0,10000.0,36990.50733602377,25000.0,0.0,26.13109527100143,17.0,20.0,0.0,122.0,10.183445279544117,9.0,11.0,1.0,14672.812810469994,10000.0,19000.0,1.0,16.5,17.457761977577913,19.0,1.0,21634.880064828252,10000.0,25000.0,1.0,18.767335616355755,17.0,20.0,1.0,0.0,211.0,1.0,4.0
11.0,21.0,11.0,21.0,-121.0,11.0,11.0,-111.0,10.189878867077784,9.0,11.0,30000.0,10000.0,19000.0,0.0,27.463490948224504,16.5,19.0,0.0,10000.0,37148.03796689439,25000.0,0.0,28.811890967679275,17.0,20.0,0.0,122.0,10.173501435227628,9.0,11.0,1.0,12008.282281008245,10000.0,19000.0,1.0,16.5,16.925172858987494,19.0,1.0,18961.80097575448,10000.0,25000.0,1.0,18.236878922483484,17.0,20.0,1.0,0.0,111.0,1.0,18.0
11.0,22.0,11.0,22.0,-121.0,11.0,11.0,-111.0,9.999398135882991,9.0,11.0,30000.0,10000.0,19000.0,0.0,26.06495210058455,16.5,19.0,0.0,10000.0,36483.27156129181,25000.0,0.0,27.360083948045236,17.0,20.0,0.0,121.0,9.988222602478798,9.0,11.0,1.0,16478.998233819562,10000.0,19000.0,1.0,16.5,17.789392718556105,19.0,1.0,23019.720728076325,10000.0,25000.0,1.0,19.0960012614237,17.0,20.0,1.0,0.0,111.0,1.0,57.0
11.0,22.0,11.0,22.0,-121.0,21.0,13.0,-111.0,10.012803814465949,9.0,11.0,30000.0,10000.0,19000.0,0.0,25.454362198924393,16.5,19.0,0.0,10000.0,36494.30141554189,25000.0,0.0,26.751400445120304,17.0,20.0,0.0,121.0,9.999286242711708,9.0,11.0,1.0,14591.172073200709,10000.0,19000.0,1.0,16.5,17.45413329827327,19.0,1.0,20981.30466873984,10000.0,25000.0,1.0,18.730367006003913,17.0,20.0,1.0,0.0,211.0,1.0,13.0
91.0,24.0,91.0,21.0,-721.0,911.0,11.0,-711.0,15.303890528130394,12.0,17.0,30000.0,18000.0,36000.0,1.0,24.100405703513204,20.0,25.0,1.0,18000.0,34057.26782795686,36000.0,1.0,24.59017074066428,20.0,26.0,1.0,722.0,15.092442999710594,12.0,17.0,1.0,23411.31413972773,18000.0,36000.0,1.0,20.0,22.825309316907894,25.0,1.0,27381.136516920877,18000.0,36000.0,1.0,23.304518549942006,20.0,26.0,1.0,1.0,91121.0,7.0,21.0
11.0,22.0,11.0,22.0,-121.0,21.0,13.0,-111.0,10.186445187250555,9.0,11.0,30000.0,10000.0,19000.0,0.0,25.028855703306824,16.5,19.0,0.0,10000.0,36949.71998238552,25000.0,0.0,26.33959581322651,17.0,20.0,0.0,122.0,10.224115470768913,9.0,11.0,1.0,14609.27563162889,10000.0,19000.0,1.0,16.5,17.495490427127336,19.0,1.0,21508.390612768824,10000.0,25000.0,1.0,18.796686266909056,17.0,20.0,1.0,0.0,211.0,1.0,4.0
11.0,22.0,11.0,22.0,-121.0,21.0,13.0,-111.0,9.995993642987509,9.0,11.0,30000.0,10000.0,19000.0,0.0,27.249534446519945,16.5,19.0,0.0,10000.0,36590.876007614,25000.0,0.0,28.561256156872382,17.0,20.0,0.0,121.0,10.01080127404996,9.0,11.0,1.0,15215.09454709399,10000.0,19000.0,1.0,16.5,17.602938613565314,19.0,1.0,21674.123875169746,10000.0,25000.0,1.0,18.888420086385075,17.0,20.0,1.0,0.0,211.0,1.0,47.0
91.0,24.0,91.0,21.0,-721.0,911.0,11.0,-711.0,15.162896400254295,12.0,17.0,30000.0,18000.0,36000.0,1.0,24.968498829528556,20.0,25.0,1.0,18000.0,33969.417615107915,36000.0,1.0,25.452709306124394,20.0,26.0,1.0,722.0,15.48264035085776,12.0,17.0,1.0,25859.899317825846,18000.0,36000.0,1.0,20.0,23.587690597953433,25.0,1.0,29858.039336065092,18000.0,36000.0,1.0,24.07540478462912,20.0,26.0,1.0,1.0,91121.0,7.0,15.0
11.0,22.0,11.0,21.0,-121.0,11.0,11.0,-111.0,10.009430594601847,9.0,11.0,30000.0,10000.0,19000.0,0.0,24.28360262872044,16.5,19.0,0.0,10000.0,36510.41029707787,25000.0,0.0,25.591139160419598,17.0,20.0,0.0,121.0,9.998146361001197,9.0,11.0,1.0,14067.762558244862,10000.0,19000.0,1.0,16.5,17.30466553312082,19.0,1.0,20539.26924674694,10000.0,25000.0,1.0,18.60438874935957,17.0,20.0,1.0,0.0,111.0,1.0,26.0
11.0,22.0,11.0,22.0,-121.0,21.0,13.0,-111.0,10.197373445155204,9.0,11.0,30000.0,10000.0,19000.0,0.0,25.7905818778262,16.5,19.0,0.0,10000.0,36970.08817977339,25000.0,0.0,27.10736611562917,17.0,20.0,0.0,122.0,10.22173852312916,9.0,11.0,1.0,14595.974796276929,10000.0,19000.0,1.0,16.5,17.523137481749213,19.0,1.0,21801.85846868503,10000.0,25000.0,1.0,18.88446804092404,17.0,20.0,1.0,0.0,211.0,1.0,41.0
91.0,24.0,91.0,24.0,-721.0,911.0,12.0,-711.0,15.267171285208686,12.0,17.0,30000.0,18000.0,36000.0,1.0,24.832132475558815,20.0,25.0,1.0,18000.0,34013.5076385044,36000.0,1.0,25.32179512148458,20.0,26.0,1.0,722.0,15.309212285927437,12.0,17.0,1.0,28111.70646784689,18000.0,36000.0,1.0,20.0,23.699599671012628,25.0,1.0,32105.042403059157,18000.0,36000.0,1.0,24.18680129518473,20.0,26.0,1.0,1.0,91121.0,7.0,32.0
11.0,22.0,11.0,22.0,-121.0,21.0,13.0,-111.0,9.997647202198783,9.0,11.0,30000.0,10000.0,19000.0,0.0,28.062887482670156,16.5,19.0,0.0,10000.0,36517.72991674151,25000.0,0.0,29.364245255465566,17.0,20.0,0.0,121.0,10.016285072329913,9.0,11.0,1.0,16060.909865592375,10000.0,19000.0,1.0,16.5,17.785933393582628,19.0,1.0,22560.081056715564,10000.0,25000.0,1.0,19.083585652012594,17.0,20.0,1.0,0.0,211.0,1.0,22.0
11.0,22.0,11.0,22.0,-121.0,11.0,11.0,-111.0,10.210850313675984,9.0,11.0,30000.0,10000.0,19000.0,0.0,26.83181260982837,16.5,19.0,0.0,10000.0,36940.85385275071,25000.0,0.0,28.144283080693228,17.0,20.0,0.0,122.0,10.2089210607087,9.0,11.0,1.0,15651.943503482884,10000.0,19000.0,1.0,16.5,17.71451501996067,19.0,1.0,22520.371433387416,10000.0,25000.0,1.0,19.013290218301805,17.0,20.0,1.0,0.0,111.0,1.0,27.0
91.0,24.0,91.0,24.0,-721.0,911.0,12.0,-711.0,15.314106594372987,12.0,17.0,30000.0,18000.0,36000.0,1.0,24.323528663405718,20.0,25.0,1.0,18000.0,33958.82817387598,36000.0,1.0,24.806921048450274,20.0,26.0,1.0,722.0,14.988752644556936,12.0,17.0,1.0,26211.99314481279,18000.0,36000.0,1.0,20.0,23.18543068189959,25.0,1.0,30264.321761381387,18000.0,36000.0,1.0,23.680239930725744,20.0,26.0,1.0,1.0,91121.0,7.0,1.0
11.0,22.0,11.0,22.0,-121.0,11.0,11.0,-111.0,10.016220528248757,9.0,11.0,30000.0,10000.0,19000.0,0.0,24.25762944125745,16.5,19.0,0.0,10000.0,36614.71385422668,25000.0,0.0,25.57725841886721,17.0,20.0,0.0,121.0,9.997342727583199,9.0,11.0,1.0,15121.669145723432,10000.0,19000.0,1.0,16.5,17.580317590470735,19.0,1.0,21619.229353639148,10000.0,25000.0,1.0,18.876574529635352,17.0,20.0,1.0,0.0,111.0,1.0,17.0
92.0,24.0,92.0,24.0,-721.0,921.0,13.0,-711.0,15.190797797406624,12.0,17.0,30000.0,15000.0,28000.0,0.0,25.563981573046004,19.5,25.0,0.0,15000.0,34101.20555654026,28000.0,0.0,26.063119725654822,20.0,26.0,0.0,722.0,15.070347722165607,12.0,17.0,1.0,19020.472111977717,15000.0,28000.0,1.0,19.5,21.41203551211834,25.0,1.0,22995.924342174534,15000.0,28000.0,1.0,21.895868827617644,20.0,26.0,1.0,0.0,92122.0,7.0,20.0
92.0,24.0,92.0,24.0,-721.0,921.0,13.0,-711.0,14.511387710595047,12.0,17.0,30000.0,15000.0,28000.0,0.0,23.272220917265727,19.5,25.0,1.0,15000.0,34476.44298775405,28000.0,0.0,23.831243901626085,20.0,26.0,1.0,721.0,14.625580723352092,12.0,17.0,1.0,23607.195662925278,15000.0,28000.0,1.0,19.5,21.6828526954337,25.0,1.0,28086.542549243524,15000.0,28000.0,0.0,22.242238321750197,20.0,26.0,1.0,0.0,92122.0,7.0,25.0
11.0,22.0,11.0,22.0,-121.0,11.0,11.0,-111.0,10.17709170416751,9.0,11.0,30000.0,10000.0,19000.0,0.0,23.956957023870046,16.5,19.0,0.0,10000.0,36944.83713104343,25000.0,0.0,25.268267746224982,17.0,20.0,0.0,122.0,10.205427002242935,9.0,11.0,1.0,16262.773474721183,10000.0,19000.0,1.0,16.5,17.778034752176378,19.0,1.0,23406.333102577137,10000.0,25000.0,1.0,19.12686787223861,17.0,20.0,1.0,0.0,111.0,1.0,17.0
11.0,22.0,11.0,22.0,-121.0,11.0,11.0,-111.0,10.2210909658263,9.0,11.0,30000.0,10000.0,19000.0,0.0,23.97754966994469,16.5,19.0,0.0,10000.0,36977.25444800343,25000.0,0.0,25.289916606293996,17.0,20.0,0.0,122.0,10.2154920253278,9.0,11.0,1.0,17506.967433470112,10000.0,19000.0,1.0,16.5,18.034444253762132,19.0,1.0,24564.12590293657,10000.0,25000.0,1.0,19.361840510975526,17.0,20.0,1.0,0.0,111.0,1.0,38.0
11.0,22.0,11.0,22.0,-121.0,11.0,11.0,-111.0,10.012058464202427,9.0,11.0,30000.0,10000.0,19000.0,0.0,23.808137458646463,16.5,19.0,0.0,10000.0,36446.616125716086,25000.0,0.0,25.10613802074937,17.0,20.0,0.0,121.0,9.999157580521457,9.0,11.0,1.0,15660.859281514231,10000.0,19000.0,1.0,16.5,17.69222946328791,19.0,1.0,22158.327167820185,10000.0,25000.0,1.0,19.000468825490337,17.0,20.0,1.0,0.0,111.0,1.0,38.0
11.0,22.0,11.0,22.0,-121.0,11.0,11.0,-111.0,9.99810955000007,9.0,11.0,30000.0,10000.0,19000.0,0.0,24.926450033107464,16.5,19.0,0.0,10000.0,36583.03599295128,25000.0,0.0,26.2428452704406,17.0,20.0,0.0,121.0,10.000137605762676,9.0,11.0,1.0,16163.821363164832,10000.0,19000.0,1.0,16.5,17.723792391086313,19.0,1.0,22683.64318470256,10000.0,25000.0,1.0,19.02754682951301,17.0,20.0,1.0,0.0,111.0,1.0,50.0
81.0,23.0,81.0,21.0,-721.0,912.0,11.0,-711.0,15.361391521129756,12.0,17.0,30000.0,12500.0,23000.0,0.0,26.60398135146199,20.0,24.0,0.0,12500.0,33963.20474304959,26000.0,0.0,27.085059274060146,20.0,25.0,0.0,722.0,15.22616962092266,12.0,17.0,1.0,17411.644482882955,12500.0,23000.0,1.0,20.0,21.81090062195771,24.0,1.0,21328.92376519565,12500.0,26000.0,1.0,22.286403832503854,20.0,25.0,1.0,0.0,912.0,7.0,12.0
11.0,22.0,11.0,21.0,-121.0,21.0,13.0,-111.0,10.194065517458725,9.0,11.0,30000.0,10000.0,19000.0,0.0,26.491856738533336,16.5,19.0,0.0,10000.0,37185.62849121138,25000.0,0.0,27.846314157485057,17.0,20.0,0.0,122.0,10.200978403468318,9.0,11.0,1.0,11119.485007165233,10000.0,19000.0,1.0,16.5,16.76957364954772,19.0,1.0,18193.140736609163,10000.0,25000.0,1.0,18.102924725737367,17.0,20.0,1.0,0.0,211.0,1.0,33.0
11.0,22.0,11.0,22.0,-121.0,11.0,11.0,-111.0,9.991212451582706,9.0,11.0,30000.0,10000.0,19000.0,0.0,25.224051335121096,16.5,19.0,0.0,10000.0,36552.567288969025,25000.0,0.0,26.540216961605225,17.0,20.0,0.0,121.0,9.999500716621279,9.0,11.0,1.0,12984.451451919223,10000.0,19000.0,1.0,16.5,17.138515190252065,19.0,1.0,19442.374477555226,10000.0,25000.0,1.0,18.435670325023647,17.0,20.0,1.0,0.0,111.0,1.0,50.0
11.0,22.0,11.0,21.0,-121.0,21.0,13.0,-111.0,10.008616247955231,9.0,11.0,30000.0,10000.0,19000.0,0.0,25.365423601124505,16.5,19.0,0.0,10000.0,36457.32801835229,25000.0,0.0,26.65784823534179,17.0,20.0,0.0,121.0,9.990970909580525,9.0,11.0,1.0,12409.105881833406,10000.0,19000.0,1.0,16.5,16.94193684950483,19.0,1.0,18909.720580955953,10000.0,25000.0,1.0,18.243025248734824,17.0,20.0,1.0,0.0,211.0,1.0,33.0
11.0,22.0,11.0,22.0,-121.0,11.0,11.0,-111.0,10.005451700303928,9.0,11.0,30000.0,10000.0,19000.0,0.0,23.376100514618408,16.5,19.0,0.0,10000.0,36465.81682591155,25000.0,0.0,24.673343832719866,17.0,20.0,0.0,121.0,10.005402343289072,9.0,11.0,1.0,15335.715418456488,10000.0,19000.0,1.0,16.5,17.602927107491627,19.0,1.0,21779.379132220813,10000.0,25000.0,1.0,18.895725824472777,17.0,20.0,1.0,0.0,111.0,1.0,11.0
91.0,21.0,91.0,24.0,-721.0,911.0,12.0,-711.0,14.994407519306847,12.0,17.0,30000.0,18000.0,36000.0,1.0,25.35570157173594,20.0,25.0,0.0,18000.0,34550.59949737516,36000.0,1.0,25.923763174184707,20.0,26.0,1.0,721.0,14.037972588506301,12.0,17.0,1.0,26656.03378700459,18000.0,36000.0,1.0,20.0,22.330673924631324,25.0,1.0,31132.121110367294,18000.0,36000.0,1.0,22.889434004281643,20.0,26.0,1.0,0.0,91121.0,7.0,19.0
11.0,22.0,11.0,22.0,-121.0,21.0,13.0,-111.0,9.99675992505951,9.0,11.0,30000.0,10000.0,19000.0,0.0,24.778082206147882,16.5,19.0,0.0,10000.0,36486.2923208015,25000.0,0.0,26.07398781022117,17.0,20.0,0.0,121.0,9.981738628089067,9.0,11.0,1.0,14843.041285272708,10000.0,19000.0,1.0,16.5,17.501966370132866,19.0,1.0,21326.091166573584,10000.0,25000.0,1.0,18.79722416258868,17.0,20.0,1.0,0.0,211.0,1.0,41.0
11.0,21.0,11.0,22.0,-121.0,11.0,12.0,-111.0,9.976888198500335,9.0,11.0,30000.0,10000.0,19000.0,0.0,24.80123093705994,16.5,19.0,0.0,10000.0,36436.90308071773,25000.0,0.0,26.08413019864765,17.0,20.0,0.0,121.0,10.002405079772442,9.0,11.0,1.0,14300.51909715142,10000.0,19000.0,1.0,16.5,17.35536402006904,19.0,1.0,20792.75426569006,10000.0,25000.0,1.0,18.649291177170692,17.0,20.0,1.0,0.0,111.0,1.0,51.0
91.0,24.0,91.0,24.0,-721.0,911.0,11.0,-711.0,14.586847593987645,12.0,17.0,30000.0,18000.0,36000.0,1.0,23.459072529501377,20.0,25.0,1.0,18000.0,34579.73907050193,36000.0,1.0,24.031666942340436,20.0,26.0,1.0,721.0,15.09834466112699,12.0,17.0,1.0,28289.241807383794,18000.0,36000.0,1.0,20.0,23.664876600166988,25.0,1.0,32746.626823717073,18000.0,36000.0,1.0,24.222173362479094,20.0,26.0,1.0,1.0,91121.0,7.0,16.0
11.0,22.0,11.0,22.0,-121.0,21.0,12.0,-111.0,10.197406175260486,9.0,11.0,30000.0,10000.0,19000.0,0.0,24.545213372039125,16.5,19.0,0.0,10000.0,37113.188451545975,25000.0,0.0,25.88688245251129,17.0,20.0,0.0,122.0,10.175240391599013,9.0,11.0,1.0,17139.092878950163,10000.0,19000.0,1.0,16.5,17.95435396008883,19.0,1.0,24155.272637567236,10000.0,25000.0,1.0,19.277725540821418,17.0,20.0,1.0,0.0,211.0,1.0,25.0
11.0,22.0,11.0,22.0,-121.0,21.0,13.0,-111.0,10.204925232785945,9.0,11.0,30000.0,10000.0,19000.0,0.0,25.836854529730058,16.5,19.0,0.0,10000.0,36974.87763579796,25000.0,0.0,27.157399222217254,17.0,20.0,0.0,122.0,10.184354047142802,9.0,11.0,1.0,15272.83997554806,10000.0,19000.0,1.0,16.5,17.619485064978768,19.0,1.0,22264.782211785125,10000.0,25000.0,1.0,18.94326057651627,17.0,20.0,1.0,0.0,211.0,1.0,21.0
11.0,22.0,11.0,21.0,-121.0,11.0,11.0,-111.0,10.19381416790632,9.0,11.0,30000.0,10000.0,19000.0,0.0,24.271647876521104,16.5,19.0,0.0,10000.0,36852.6848911211,25000.0,0.0,25.56453309783719,17.0,20.0,0.0,122.0,10.227805332969243,9.0,11.0,1.0,14632.063429530153,10000.0,19000.0,1.0,16.5,17.479115640485404,19.0,1.0,21597.85664153134,10000.0,25000.0,1.0,18.793340829828217,17.0,20.0,1.0,0.0,111.0,1.0,0.0
11.0,22.0,11.0,21.0,-121.0,11.0,11.0,-111.0,10.22469859109547,9.0,11.0,30000.0,10000.0,19000.0,0.0,23.54248232647934,16.5,19.0,0.0,10000.0,36916.31384329557,25000.0,0.0,24.841851600229315,17.0,20.0,0.0,122.0,10.171219664291929,9.0,11.0,1.0,11497.242563951451,10000.0,19000.0,1.0,16.5,16.798192546513903,19.0,1.0,18443.95746132909,10000.0,25000.0,1.0,18.103273272412935,17.0,20.0,1.0,0.0,111.0,1.0,39.0
11.0,22.0,11.0,22.0,-121.0,21.0,13.0,-111.0,10.23320656138216,9.0,11.0,30000.0,10000.0,19000.0,0.0,27.217990410589223,16.5,19.0,0.0,10000.0,37087.6657580379,25000.0,0.0,28.559773696783513,17.0,20.0,0.0,122.0,10.20835172345692,9.0,11.0,1.0,16607.02627276498,10000.0,19000.0,1.0,16.5,17.904216919819504,19.0,1.0,23759.75459091031,10000.0,25000.0,1.0,19.258317357906876,17.0,20.0,1.0,0.0,211.0,1.0,13.0
11.0,21.0,11.0,22.0,-121.0,21.0,13.0,-111.0,10.013587262857387,9.0,11.0,30000.0,10000.0,19000.0,0.0,26.666842873670454,16.5,19.0,0.0,10000.0,36532.21473020153,25000.0,0.0,27.977325946276437,17.0,20.0,0.0,121.0,10.001598049220263,9.0,11.0,1.0,13721.392887563597,10000.0,19000.0,1.0,16.5,17.26768114357558,19.0,1.0,20154.17875241626,10000.0,25000.0,1.0,18.558216947092923,17.0,20.0,1.0,0.0,211.0,1.0,59.0
11.0,21.0,11.0,22.0,-121.0,11.0,11.0,-111.0,10.178801603791719,9.0,11.0,30000.0,10000.0,19000.0,0.0,25.610673596149645,16.5,19.0,0.0,10000.0,37003.124991320125,25000.0,0.0,26.931833912465695,17.0,20.0,0.0,122.0,10.176748403954575,9.0,11.0,1.0,16068.19848905138,10000.0,19000.0,1.0,16.5,17.738041903430474,19.0,1.0,23151.88941131108,10000.0,25000.0,1.0,19.074401221754393,17.0,20.0,1.0,0.0,111.0,1.0,29.0
11.0,22.0,11.0,21.0,-121.0,21.0,13.0,-111.0,10.180830893622307,9.0,11.0,30000.0,10000.0,19000.0,0.0,26.849813706190155,16.5,19.0,0.0,10000.0,36860.35929194195,25000.0,0.0,28.143779927366406,17.0,20.0,0.0,122.0,10.193533302640976,9.0,11.0,1.0,12562.580494335509,10000.0,19000.0,1.0,16.5,17.062586367382096,19.0,1.0,19438.830527088874,10000.0,25000.0,1.0,18.359549819601856,17.0,20.0,1.0,0.0,211.0,1.0,33.0
11.0,22.0,11.0,21.0,-121.0,21.0,13.0,-111.0,9.989486832815764,9.0,11.0,30000.0,10000.0,19000.0,0.0,27.598604476916375,16.5,19.0,0.0,10000.0,36483.91140131924,25000.0,0.0,28.89583613765073,17.0,20.0,0.0,121.0,10.00485170606572,9.0,11.0,1.0,12836.298913529909,10000.0,19000.0,1.0,16.5,17.072012398504757,19.0,1.0,19228.39137346093,10000.0,25000.0,1.0,18.350873907265772,17.0,20.0,1.0,0.0,211.0,1.0,58.0
11.0,22.0,11.0,22.0,-121.0,21.0,13.0,-111.0,10.182924641640163,9.0,11.0,30000.0,10000.0,19000.0,0.0,25.916842268542837,16.5,19.0,0.0,10000.0,36732.53314317772,25000.0,0.0,27.185947111158434,17.0,20.0,0.0,122.0,10.19285547976611,9.0,11.0,1.0,14519.558788692479,10000.0,19000.0,1.0,16.5,17.463691401983027,19.0,1.0,21721.51830783461,10000.0,25000.0,1.0,18.821284674483536,17.0,20.0,1.0,0.0,211.0,1.0,8.0
92.0,24.0,92.0,24.0,-721.0,921.0,13.0,-711.0,14.901128884451046,12.0,17.0,30000.0,15000.0,28000.0,0.0,24.009154850458287,19.5,25.0,1.0,15000.0,34483.35250235648,28000.0,0.0,24.570909067462715,20.0,26.0,1.0,721.0,15.361528862914602,12.0,17.0,1.0,20299.404190706904,15000.0,28000.0,1.0,19.5,21.937959886535754,25.0,1.0,24839.50346226083,15000.0,28000.0,1.0,22.506824349027525,20.0,26.0,1.0,0.0,92122.0,7.0,25.0
11.0,22.0,11.0,22.0,-121.0,11.0,12.0,-111.0,10.210561601091802,9.0,11.0,30000.0,10000.0,19000.0,0.0,23.812438424453198,16.5,19.0,0.0,10000.0,37045.44697654677,25000.0,0.0,25.135633480868353,17.0,20.0,0.0,122.0,10.203731859147878,9.0,11.0,1.0,16869.28413327391,10000.0,19000.0,1.0,16.5,17.933297676558134,19.0,1.0,23873.84202297771,10000.0,25000.0,1.0,19.248813413584177,17.0,20.0,1.0,0.0,111.0,1.0,14.0
91.0,24.0,91.0,24.0,-721.0,911.0,12.0,-711.0,14.702135262952266,12.0,17.0,30000.0,18000.0,36000.0,1.0,24.739942685885417,20.0,25.0,1.0,18000.0,34453.31967819659,36000.0,1.0,25.29451354767833,20.0,26.0,1.0,721.0,15.41344874734852,12.0,17.0,1.0,22528.6236915366,18000.0,36000.0,1.0,20.0,23.162240598421178,25.0,1.0,27047.24027551579,18000.0,36000.0,1.0,23.724942868675416,20.0,26.0,1.0,1.0,91121.0,7.0,1.0
11.0,22.0,11.0,21.0,-121.0,11.0,11.0,-111.0,10.224775418804331,9.0,11.0,30000.0,10000.0,19000.0,0.0,23.21617216767045,16.5,19.0,0.0,10000.0,36889.26203431747,25000.0,0.0,24.51736898832205,17.0,20.0,0.0,122.0,10.204434075772316,9.0,11.0,1.0,14746.421245686417,10000.0,19000.0,1.0,16.5,17.47947180052912,19.0,1.0,21688.612765438294,10000.0,25000.0,1.0,18.790665581351913,17.0,20.0,1.0,0.0,111.0,1.0,54.0
11.0,22.0,11.0,21.0,-121.0,11.0,11.0,-111.0,10.18454862295913,9.0,11.0,30000.0,10000.0,19000.0,0.0,24.20107928447252,16.5,19.0,0.0,10000.0,37017.03942334524,25000.0,0.0,25.5303627991684,17.0,20.0,0.0,122.0,10.21772535732255,9.0,11.0,1.0,12827.256232416978,10000.0,19000.0,1.0,16.5,17.121701214417683,19.0,1.0,19763.64118369888,10000.0,25000.0,1.0,18.43570582676857,17.0,20.0,1.0,0.0,111.0,1.0,54.0
81.0,21.0,81.0,21.0,-721.0,912.0,12.0,-711.0,15.395734426580406,12.0,17.0,30000.0,12500.0,23000.0,0.0,26.33947780096152,20.0,24.0,0.0,12500.0,34475.69170164416,26000.0,0.0,26.8952780171795,20.0,25.0,0.0,721.0,15.14281512475936,12.0,17.0,1.0,13551.056716766427,12500.0,23000.0,1.0,20.0,21.257177492892126,24.0,1.0,18107.0379884618,12500.0,26000.0,1.0,21.82294822615401,20.0,25.0,1.0,0.0,912.0,7.0,6.0
91.0,24.0,91.0,21.0,-721.0,911.0,12.0,-711.0,15.017893735328792,12.0,17.0,30000.0,18000.0,36000.0,1.0,24.74461556077567,20.0,25.0,1.0,18000.0,34075.16054526212,36000.0,1.0,25.240567361731,20.0,26.0,1.0,722.0,15.35889314818556,12.0,17.0,1.0,26597.099994530243,18000.0,36000.0,1.0,20.0,23.511025513961897,25.0,1.0,30597.219919378276,18000.0,36000.0,1.0,23.997844783713653,20.0,26.0,1.0,1.0,91121.0,7.0,29.0
11.0,21.0,11.0,22.0,-121.0,11.0,11.0,-111.0,10.223871177183062,9.0,11.0,30000.0,10000.0,19000.0,0.0,27.34779047022858,16.5,19.0,0.0,10000.0,37063.587371331014,25000.0,0.0,28.68373600602837,17.0,20.0,0.0,122.0,10.207758818842082,9.0,11.0,1.0,15188.648854427092,10000.0,19000.0,1.0,16.5,17.62595839271193,19.0,1.0,22147.868091721895,10000.0,25000.0,1.0,18.942164646555447,17.0,20.0,1.0,0.0,111.0,1.0,43.0
11.0,22.0,11.0,22.0,-121.0,21.0,12.0,-111.0,10.22714200020504,9.0,11.0,30000.0,10000.0,19000.0,0.0,24.73662842606886,16.5,19.0,0.0,10000.0,36978.35195974188,25000.0,0.0,26.055504475080056,17.0,20.0,0.0,122.0,10.21540822639779,9.0,11.0,1.0,14642.365271664054,10000.0,19000.0,1.0,16.5,17.484863268689004,19.0,1.0,21562.885851012346,10000.0,25000.0,1.0,18.79280945590441,17.0,20.0,1.0,0.0,211.0,1.0,23.0
11.0,21.0,11.0,22.0,-121.0,11.0,12.0,-111.0,9.996026590281604,9.0,11.0,30000.0,10000.0,19000.0,0.0,26.116753179605567,16.5,19.0,0.0,10000.0,36476.073472012984,25000.0,0.0,27.412343470280952,17.0,20.0,0.0,121.0,10.015082534068984,9.0,11.0,1.0,14859.896697787688,10000.0,19000.0,1.0,16.5,17.552589972593566,19.0,1.0,21385.60737725009,10000.0,25000.0,1.0,18.85811058359432,17.0,20.0,1.0,0.0,111.0,1.0,7.0
11.0,22.0,11.0,22.0,-121.0,11.0,11.0,-111.0,10.195801942569274,9.0,11.0,30000.0,10000.0,19000.0,0.0,23.497433587124746,16.5,19.0,0.0,10000.0,37077.05518127585,25000.0,0.0,24.838365676819297,17.0,20.0,0.0,122.0,10.1893902437783,9.0,11.0,1.0,13701.195648317938,10000.0,19000.0,1.0,16.5,17.300160259174206,19.0,1.0,20792.041660984345,10000.0,25000.0,1.0,18.64370538040256,17.0,20.0,1.0,0.0,111.0,1.0,15.0
11.0,21.0,11.0,22.0,-121.0,11.0,11.0,-111.0,10.203342252637887,9.0,11.0,30000.0,10000.0,19000.0,0.0,27.548679740386127,16.5,19.0,0.0,10000.0,37112.873379648496,25000.0,0.0,28.89485973355164,17.0,20.0,0.0,122.0,10.21949732255853,9.0,11.0,1.0,16473.95160710934,10000.0,19000.0,1.0,16.5,17.831140133350676,19.0,1.0,23555.55284586899,10000.0,25000.0,1.0,19.171401571782955,17.0,20.0,1.0,0.0,111.0,1.0,29.0
91.0,24.0,91.0,24.0,-721.0,911.0,11.0,-711.0,14.404897162567986,12.0,17.0,30000.0,18000.0,36000.0,1.0,24.301437004954764,20.0,25.0,1.0,18000.0,34497.682226550154,36000.0,1.0,24.864126586946377,20.0,26.0,1.0,721.0,14.379139364904272,12.0,17.0,1.0,25159.22192839236,18000.0,36000.0,1.0,20.0,22.58916883416316,25.0,1.0,29676.276704631808,18000.0,36000.0,1.0,23.154282049336867,20.0,26.0,1.0,1.0,91121.0,7.0,9.0
91.0,24.0,91.0,24.0,-721.0,911.0,11.0,-711.0,15.224743690261484,12.0,17.0,30000.0,18000.0,36000.0,1.0,24.920540123007843,20.0,25.0,1.0,18000.0,34111.12031228865,36000.0,1.0,25.421903894641105,20.0,26.0,1.0,722.0,15.177503117536393,12.0,17.0,1.0,25807.485491372336,18000.0,36000.0,1.0,20.0,23.321674497517403,25.0,1.0,29871.33551841647,18000.0,36000.0,1.0,23.817273512418655,20.0,26.0,1.0,1.0,91121.0,7.0,0.0
11.0,21.0,11.0,21.0,-121.0,11.0,11.0,-111.0,10.219283985838853,9.0,11.0,30000.0,10000.0,19000.0,0.0,24.186948708564152,16.5,19.0,0.0,10000.0,37040.18145750407,25000.0,0.0,25.51154337810585,17.0,20.0,0.0,122.0,10.22331923531816,9.0,11.0,1.0,12427.799882873682,10000.0,19000.0,1.0,16.5,17.029956094763914,19.0,1.0,19485.924810663528,10000.0,25000.0,1.0,18.35792678880684,17.0,20.0,1.0,0.0,111.0,1.0,56.0
11.0,22.0,11.0,22.0,-121.0,21.0,12.0,-111.0,10.192432064317996,9.0,11.0,30000.0,10000.0,19000.0,0.0,24.37231831073305,16.5,19.0,0.0,10000.0,36986.67858582421,25000.0,0.0,25.6911310581411,17.0,20.0,0.0,122.0,10.203552711293952,9.0,11.0,1.0,17211.10850147629,10000.0,19000.0,1.0,16.5,17.959838647196932,19.0,1.0,24035.912490254326,10000.0,25000.0,1.0,19.24809577658941,17.0,20.0,1.0,0.0,211.0,1.0,25.0
92.0,24.0,92.0,24.0,-721.0,921.0,13.0,-711.0,15.134952128353278,12.0,17.0,30000.0,15000.0,28000.0,0.0,24.7690868758212,19.5,25.0,1.0,15000.0,33989.17008613219,28000.0,0.0,25.253332685571664,20.0,26.0,1.0,722.0,15.173385251972547,12.0,17.0,1.0,22456.389426429083,15000.0,28000.0,1.0,19.5,21.909643023316946,25.0,1.0,26394.072920843377,15000.0,28000.0,1.0,22.387638869852157,20.0,26.0,1.0,0.0,92122.0,7.0,22.0
11.0,22.0,11.0,22.0,-121.0,21.0,12.0,-111.0,10.000298588354957,9.0,11.0,30000.0,10000.0,19000.0,0.0,24.71580768595905,16.5,19.0,0.0,10000.0,36549.40812837494,25000.0,0.0,26.025633383835473,17.0,20.0,0.0,121.0,10.008217333105478,9.0,11.0,1.0,14913.535194551681,10000.0,19000.0,1.0,16.5,17.524028763817302,19.0,1.0,21441.27752941797,10000.0,25000.0,1.0,18.829521488004154,17.0,20.0,1.0,0.0,211.0,1.0,48.0
11.0,21.0,11.0,21.0,-121.0,11.0,11.0,-111.0,10.225318579919444,9.0,11.0,30000.0,10000.0,19000.0,0.0,24.84718874849692,16.5,19.0,0.0,10000.0,37106.3046034577,25000.0,0.0,26.18633958775692,17.0,20.0,0.0,122.0,10.186870576359151,9.0,11.0,1.0,14693.896746904511,10000.0,19000.0,1.0,16.5,17.42121064522567,19.0,1.0,21585.033375870564,10000.0,25000.0,1.0,18.719814056574666,17.0,20.0,1.0,0.0,111.0,1.0,56.0
11.0,22.0,11.0,22.0,-121.0,11.0,12.0,-111.0,10.183162803217503,9.0,11.0,30000.0,10000.0,19000.0,0.0,24.208379766110973,16.5,19.0,0.0,10000.0,36858.38375550723,25000.0,0.0,25.50055696422904,17.0,20.0,0.0,122.0,10.194221233200768,9.0,11.0,1.0,14450.159355785949,10000.0,19000.0,1.0,16.5,17.443373904071116,19.0,1.0,21482.977872755644,10000.0,25000.0,1.0,18.768416078742877,17.0,20.0,1.0,0.0,111.0,1.0,49.0
11.0,21.0,11.0,22.0,-121.0,21.0,13.0,-111.0,10.013425649032296,9.0,11.0,30000.0,10000.0,19000.0,0.0,27.364600263209912,16.5,19.0,0.0,10000.0,36460.890293175864,25000.0,0.0,28.66129247774005,17.0,20.0,0.0,121.0,9.994524224731016,9.0,11.0,1.0,12861.44909443041,10000.0,19000.0,1.0,16.5,17.102922049955264,19.0,1.0,19391.288763270728,10000.0,25000.0,1.0,18.413452313819757,17.0,20.0,1.0,0.0,211.0,1.0,24.0
11.0,21.0,11.0,22.0,-121.0,21.0,13.0,-111.0,10.191726942560345,9.0,11.0,30000.0,10000.0,19000.0,0.0,28.449196293226812,16.5,19.0,0.0,10000.0,36896.15538851359,25000.0,0.0,29.754069526086916,17.0,20.0,0.0,122.0,10.198857119818559,9.0,11.0,1.0,11401.714319342278,10000.0,19000.0,1.0,16.5,16.905616245099864,19.0,1.0,18570.543880512032,10000.0,25000.0,1.0,18.262084201272607,17.0,20.0,1.0,0.0,211.0,1.0,32.0
11.0,22.0,11.0,21.0,-121.0,11.0,12.0,-111.0,10.011882603743537,9.0,11.0,30000.0,10000.0,19000.0,0.0,23.51878585895031,16.5,19.0,0.0,10000.0,36442.110852649406,25000.0,0.0,24.80392111549594,17.0,20.0,0.0,121.0,10.013796849308541,9.0,11.0,1.0,14027.699015659051,10000.0,19000.0,1.0,16.5,17.297033197486066,19.0,1.0,20576.315365449984,10000.0,25000.0,1.0,18.603415211891534,17.0,20.0,1.0,0.0,111.0,1.0,10.0
11.0,22.0,11.0,22.0,-121.0,11.0,11.0,-111.0,10.194078624472377,9.0,11.0,30000.0,10000.0,19000.0,0.0,23.37415648135842,16.5,19.0,0.0,10000.0,37181.552898306225,25000.0,0.0,24.734508315641,17.0,20.0,0.0,122.0,10.189231168747751,9.0,11.0,1.0,12355.851910057387,10000.0,19000.0,1.0,16.5,17.036426256034837,19.0,1.0,19322.593535102642,10000.0,25000.0,1.0,18.356087878361443,17.0,20.0,1.0,0.0,111.0,1.0,17.0
11.0,21.0,11.0,21.0,-121.0,21.0,13.0,-111.0,10.219083865352841,9.0,11.0,30000.0,10000.0,19000.0,0.0,25.41345604970448,16.5,19.0,0.0,10000.0,36931.08186145457,25000.0,0.0,26.721888518229783,17.0,20.0,0.0,122.0,10.187200473429387,9.0,11.0,1.0,11335.151421246075,10000.0,19000.0,1.0,16.5,16.771680388171088,19.0,1.0,18354.788704846203,10000.0,25000.0,1.0,18.096830129975704,17.0,20.0,1.0,0.0,211.0,1.0,34.0
11.0,22.0,11.0,21.0,-121.0,11.0,12.0,-111.0,10.200175859097133,9.0,11.0,30000.0,10000.0,19000.0,0.0,25.08842104187663,16.5,19.0,0.0,10000.0,36931.7228134646,25000.0,0.0,26.398544622515075,17.0,20.0,0.0,122.0,10.198977872216545,9.0,11.0,1.0,13865.903027303442,10000.0,19000.0,1.0,16.5,17.30284024164626,19.0,1.0,20948.562882467486,10000.0,25000.0,1.0,18.641491532183625,17.0,20.0,1.0,0.0,111.0,1.0,45.0
11.0,22.0,11.0,22.0,-121.0,21.0,13.0,-111.0,10.005265358597311,9.0,11.0,30000.0,10000.0,19000.0,0.0,25.28660029797171,16.5,19.0,0.0,10000.0,36523.879934587574,25000.0,0.0,26.595375797271185,17.0,20.0,0.0,121.0,9.984554677016646,9.0,11.0,1.0,15244.079323587419,10000.0,19000.0,1.0,16.5,17.53272415794177,19.0,1.0,21710.332191453304,10000.0,25000.0,1.0,18.829938915201534,17.0,20.0,1.0,0.0,211.0,1.0,28.0
11.0,22.0,11.0,21.0,-121.0,11.0,12.0,-111.0,10.216950023831044,9.0,11.0,30000.0,10000.0,19000.0,0.0,24.049448146388706,16.5,19.0,0.0,10000.0,36865.50649986104,25000.0,0.0,25.338355360063133,17.0,20.0,0.0,122.0,10.205141375580636,9.0,11.0,1.0,11917.264978112908,10000.0,19000.0,1.0,16.5,16.892450503359967,19.0,1.0,18777.427797766002,10000.0,25000.0,1.0,18.18035451239571,17.0,20.0,1.0,0.0,111.0,1.0,46.0
91.0,24.0,91.0,24.0,-721.0,911.0,12.0,-711.0,15.494743373267212,12.0,17.0,30000.0,18000.0,36000.0,1.0,24.451346627365204,20.0,25.0,1.0,18000.0,34494.602109960324,36000.0,1.0,25.00936263554303,20.0,26.0,1.0,721.0,15.338131421183382,12.0,17.0,1.0,27463.76312663467,18000.0,36000.0,1.0,20.0,23.721758134232772,25.0,1.0,31993.695127753395,18000.0,36000.0,1.0,24.28416043609161,20.0,26.0,1.0,1.0,91121.0,7.0,23.0
91.0,24.0,91.0,21.0,-721.0,911.0,11.0,-711.0,15.12561070209409,12.0,17.0,30000.0,18000.0,36000.0,1.0,24.038725965478317,20.0,25.0,1.0,18000.0,34037.79788506184,36000.0,1.0,24.53046938658523,20.0,26.0,1.0,722.0,15.170661490412536,12.0,17.0,1.0,24485.711321424333,18000.0,36000.0,1.0,20.0,23.03515642635619,25.0,1.0,28413.896116402593,18000.0,36000.0,1.0,23.513550611703874,20.0,26.0,1.0,1.0,91121.0,7.0,15.0
91.0,21.0,91.0,24.0,-721.0,911.0,12.0,-711.0,15.106791058826612,12.0,17.0,30000.0,18000.0,36000.0,1.0,25.729144186464183,20.0,25.0,0.0,18000.0,34469.6695725335,36000.0,1.0,26.289743057717416,20.0,26.0,0.0,721.0,15.387985593445492,12.0,17.0,1.0,29613.2031328046,18000.0,36000.0,1.0,20.0,24.19676387731765,25.0,1.0,34113.32784950201,18000.0,36000.0,1.0,24.761182520740856,20.0,26.0,1.0,0.0,91121.0,7.0,26.0
11.0,22.0,11.0,22.0,-121.0,21.0,12.0,-111.0,10.180582175496417,9.0,11.0,30000.0,10000.0,19000.0,0.0,23.640216478572768,16.5,19.0,0.0,10000.0,36921.90196099943,25000.0,0.0,24.949701355845146,17.0,20.0,0.0,122.0,10.212859639843892,9.0,11.0,1.0,15682.294609932589,10000.0,19000.0,1.0,16.5,17.698721706460393,19.0,1.0,22716.718382187544,10000.0,25000.0,1.0,19.02949345127765,17.0,20.0,1.0,0.0,211.0,1.0,25.0
11.0,22.0,11.0,21.0,-121.0,21.0,13.0,-111.0,9.990943678042518,9.0,11.0,30000.0,10000.0,19000.0,0.0,26.045914232121135,16.5,19.0,0.0,10000.0,36610.47653351835,25000.0,0.0,27.367433088569594,17.0,20.0,0.0,121.0,9.984957976793106,9.0,11.0,1.0,11800.23701421513,10000.0,19000.0,1.0,16.5,16.835898371052433,19.0,1.0,18284.210382508645,10000.0,25000.0,1.0,18.132127625851545,17.0,20.0,1.0,0.0,211.0,1.0,20.0
11.0,22.0,11.0,22.0,-121.0,21.0,12.0,-111.0,10.018731890214685,9.0,11.0,30000.0,10000.0,19000.0,0.0,24.6369393205172,16.5,19.0,0.0,10000.0,36484.94837772225,25000.0,0.0,25.93945750527281,17.0,20.0,0.0,121.0,9.999319532065336,9.0,11.0,1.0,15149.746370431594,10000.0,19000.0,1.0,16.5,17.57194766880014,19.0,1.0,21607.94697584506,10000.0,25000.0,1.0,18.869093496243917,17.0,20.0,1.0,0.0,211.0,1.0,25.0
81.0,23.0,81.0,21.0,-721.0,912.0,12.0,-711.0,15.185086507188213,12.0,17.0,30000.0,12500.0,23000.0,0.0,25.920567196956526,20.0,24.0,0.0,12500.0,33982.1416238255,26000.0,0.0,26.407029572167158,20.0,25.0,0.0,722.0,15.405114069967592,12.0,17.0,1.0,19484.00668474753,12500.0,23000.0,1.0,20.0,22.28807959976129,24.0,1.0,23500.851865490953,12500.0,26000.0,1.0,22.778781395947195,20.0,25.0,1.0,0.0,912.0,7.0,11.0
11.0,22.0,11.0,22.0,-121.0,21.0,13.0,-111.0,10.004681384525737,9.0,11.0,30000.0,10000.0,19000.0,0.0,24.905048532219585,16.5,19.0,0.0,10000.0,36501.43476167621,25000.0,0.0,26.202371140993403,17.0,20.0,0.0,121.0,9.997598310036745,9.0,11.0,1.0,12889.587816020365,10000.0,19000.0,1.0,16.5,17.101654991127276,19.0,1.0,19366.466087678982,10000.0,25000.0,1.0,18.394077498483522,17.0,20.0,1.0,0.0,211.0,1.0,16.0
11.0,22.0,11.0,22.0,-121.0,21.0,13.0,-111.0,10.203074373727201,9.0,11.0,30000.0,10000.0,19000.0,0.0,26.220537412749085,16.5,19.0,0.0,10000.0,37032.14744473049,25000.0,0.0,27.549754414361722,17.0,20.0,0.0,122.0,10.203826138556785,9.0,11.0,1.0,15800.880614918691,10000.0,19000.0,1.0,16.5,17.72294055479542,19.0,1.0,22918.754247506004,10000.0,25000.0,1.0,19.068361526429776,17.0,20.0,1.0,0.0,211.0,1.0,4.0
11.0,22.0,11.0,22.0,-121.0,11.0,11.0,-111.0,10.005574230340663,9.0,11.0,30000.0,10000.0,19000.0,0.0,23.944749060814242,16.5,19.0,0.0,10000.0,36508.655861255516,25000.0,0.0,25.24301176169964,17.0,20.0,0.0,121.0,9.990598559378983,9.0,11.0,1.0,18669.311122154773,10000.0,19000.0,1.0,16.5,18.27964148713132,19.0,1.0,25062.4109677213,10000.0,25000.0,0.0,19.554854564833384,17.0,20.0,1.0,0.0,111.0,1.0,11.0
11.0,22.0,11.0,22.0,-121.0,11.0,11.0,-111.0,10.211104006132596,9.0,11.0,30000.0,10000.0,19000.0,0.0,25.626929004659523,16.5,19.0,0.0,10000.0,37064.6942211258,25000.0,0.0,26.963033345116862,17.0,20.0,0.0,122.0,10.18609326437033,9.0,11.0,1.0,14751.3692016766,10000.0,19000.0,1.0,16.5,17.493414927122974,19.0,1.0,21747.864830325936,10000.0,25000.0,1.0,18.81662126625587,17.0,20.0,1.0,0.0,111.0,1.0,50.0
11.0,22.0,11.0,22.0,-121.0,21.0,12.0,-111.0,10.211423361129865,9.0,11.0,30000.0,10000.0,19000.0,0.0,24.17167069192324,16.5,19.0,0.0,10000.0,37128.547230628734,25000.0,0.0,25.518903729475937,17.0,20.0,0.0,122.0,10.207742952465072,9.0,11.0,1.0,16164.107499084328,10000.0,19000.0,1.0,16.5,17.821227890306353,19.0,1.0,23215.819420030522,10000.0,25000.0,1.0,19.15393972679158,17.0,20.0,1.0,0.0,211.0,1.0,23.0
92.0,24.0,92.0,24.0,-721.0,921.0,13.0,-711.0,15.219286078806771,12.0,17.0,30000.0,15000.0,28000.0,0.0,24.134625540062018,19.5,25.0,1.0,15000.0,34095.42523627577,28000.0,0.0,24.63537279773609,20.0,26.0,1.0,722.0,15.084736391548734,12.0,17.0,1.0,19011.63822577993,15000.0,28000.0,1.0,19.5,21.4214320081106,25.0,1.0,23061.6124908562,15000.0,28000.0,1.0,21.916621979819546,20.0,26.0,1.0,0.0,92122.0,7.0,22.0
11.0,22.0,11.0,22.0,-121.0,21.0,12.0,-111.0,10.002190735588327,9.0,11.0,30000.0,10000.0,19000.0,0.0,24.52650622444051,16.5,19.0,0.0,10000.0,36467.637307360295,25000.0,0.0,25.81793826034933,17.0,20.0,0.0,121.0,9.998522278129093,9.0,11.0,1.0,16642.711948976907,10000.0,19000.0,1.0,16.5,17.83729088858911,19.0,1.0,23250.093668866044,10000.0,25000.0,1.0,19.156626531735398,17.0,20.0,1.0,0.0,211.0,1.0,25.0
11.0,22.0,11.0,21.0,-121.0,11.0,11.0,-111.0,9.964156253934224,9.0,11.0,30000.0,10000.0,19000.0,0.0,24.238561841582232,16.5,19.0,0.0,10000.0,36457.84197676181,25000.0,0.0,25.52842748515558,17.0,20.0,0.0,121.0,10.009143964071287,9.0,11.0,1.0,15454.539958427416,10000.0,19000.0,1.0,16.5,17.56117591124174,19.0,1.0,22020.5400336186,10000.0,25000.0,1.0,18.87264465624437,17.0,20.0,1.0,0.0,111.0,1.0,54.0
81.0,23.0,81.0,21.0,-721.0,912.0,11.0,-711.0,14.567165488702948,12.0,17.0,30000.0,12500.0,23000.0,0.0,25.86033897904383,20.0,24.0,0.0,12500.0,34489.78691833079,26000.0,0.0,26.42044020706494,20.0,25.0,0.0,721.0,15.36927455923825,12.0,17.0,1.0,17421.67817760113,12500.0,23000.0,1.0,20.0,22.02878496319697,24.0,1.0,21890.520481055853,12500.0,26000.0,1.0,22.586273349066342,20.0,25.0,1.0,0.0,912.0,7.0,12.0
11.0,22.0,11.0,22.0,-121.0,21.0,13.0,-111.0,10.002230204116795,9.0,11.0,30000.0,10000.0,19000.0,0.0,27.036423694933116,16.5,19.0,0.0,10000.0,36501.7259328586,25000.0,0.0,28.33519689233249,17.0,20.0,0.0,121.0,10.015471902460703,9.0,11.0,1.0,13055.681070039132,10000.0,19000.0,1.0,16.5,17.14174141529766,19.0,1.0,19539.022076398705,10000.0,25000.0,1.0,18.436842072510064,17.0,20.0,1.0,0.0,211.0,1.0,41.0
11.0,21.0,11.0,22.0,-121.0,21.0,13.0,-111.0,10.197937029125665,9.0,11.0,30000.0,10000.0,19000.0,0.0,27.178815975647375,16.5,19.0,0.0,10000.0,37188.504095863405,25000.0,0.0,28.538100283627568,17.0,20.0,0.0,122.0,10.195590575015357,9.0,11.0,1.0,13336.72877303643,10000.0,19000.0,1.0,16.5,17.299075097621703,19.0,1.0,20316.03316260041,10000.0,25000.0,1.0,18.61880154012464,17.0,20.0,1.0,0.0,211.0,1.0,32.0
11.0,22.0,11.0,22.0,-121.0,11.0,12.0,-111.0,10.010677429394933,9.0,11.0,30000.0,10000.0,19000.0,0.0,24.485805890499428,16.5,19.0,0.0,10000.0,36506.82214248387,25000.0,0.0,25.788854221476655,17.0,20.0,0.0,121.0,9.990141780087464,9.0,11.0,1.0,14768.22039543026,10000.0,19000.0,1.0,16.5,17.46160156721701,19.0,1.0,21287.49349341083,10000.0,25000.0,1.0,18.767143311480133,17.0,20.0,1.0,0.0,111.0,1.0,40.0
11.0,22.0,11.0,22.0,-121.0,11.0,12.0,-111.0,10.206885288101837,9.0,11.0,30000.0,10000.0,19000.0,0.0,24.154548378030725,16.5,19.0,0.0,10000.0,37078.30024451584,25000.0,0.0,25.488211038625337,17.0,20.0,0.0,122.0,10.230744676530323,9.0,11.0,1.0,17901.982871990458,10000.0,19000.0,1.0,16.5,18.15515389836021,19.0,1.0,24782.88952810228,10000.0,25000.0,1.0,19.451624514367683,17.0,20.0,1.0,0.0,111.0,1.0,14.0
11.0,22.0,11.0,22.0,-121.0,11.0,11.0,-111.0,10.189531213777448,9.0,11.0,30000.0,10000.0,19000.0,0.0,24.57244732294219,16.5,19.0,0.0,10000.0,37168.397680308444,25000.0,0.0,25.929388676768475,17.0,20.0,0.0,122.0,10.206354887913864,9.0,11.0,1.0,14666.167669183184,10000.0,19000.0,1.0,16.5,17.527491183738263,19.0,1.0,21587.17847353965,10000.0,25000.0,1.0,18.837603455621277,17.0,20.0,1.0,0.0,111.0,1.0,50.0
11.0,22.0,11.0,22.0,-121.0,11.0,11.0,-111.0,10.19286533323747,9.0,11.0,30000.0,10000.0,19000.0,0.0,22.65844331071532,16.5,19.0,0.0,10000.0,37121.815339071436,25000.0,0.0,24.002435589188458,17.0,20.0,0.0,122.0,10.187413311377759,9.0,11.0,1.0,15283.963724006893,10000.0,19000.0,1.0,16.5,17.582099633780164,19.0,1.0,22361.475939965676,10000.0,25000.0,1.0,18.91773125523809,17.0,20.0,1.0,0.0,111.0,1.0,15.0
11.0,22.0,11.0,22.0,-121.0,21.0,13.0,-111.0,9.984059137226694,9.0,11.0,30000.0,10000.0,19000.0,0.0,25.82676682347284,16.5,19.0,0.0,10000.0,36608.5104034113,25000.0,0.0,27.147611579794994,17.0,20.0,0.0,121.0,9.979516023617203,9.0,11.0,1.0,15451.081300590653,10000.0,19000.0,1.0,16.5,17.61057282187958,19.0,1.0,21954.962727269583,10000.0,25000.0,1.0,18.91050535640891,17.0,20.0,1.0,0.0,211.0,1.0,5.0
11.0,22.0,11.0,21.0,-121.0,21.0,13.0,-111.0,10.196429297729036,9.0,11.0,30000.0,10000.0,19000.0,0.0,25.433854584826037,16.5,19.0,0.0,10000.0,37044.576340968306,25000.0,0.0,26.761194075297116,17.0,20.0,0.0,122.0,10.19296198686717,9.0,11.0,1.0,11860.40068112724,10000.0,19000.0,1.0,16.5,16.883849741045253,19.0,1.0,18860.64862845747,10000.0,25000.0,1.0,18.202836872967417,17.0,20.0,1.0,0.0,211.0,1.0,2.0
11.0,21.0,11.0,22.0,-121.0,11.0,11.0,-111.0,9.99456710191576,9.0,11.0,30000.0,10000.0,19000.0,0.0,24.55864782210007,16.5,19.0,0.0,10000.0,36452.53256814178,25000.0,0.0,25.84943757620948,17.0,20.0,0.0,121.0,9.989734336624275,9.0,11.0,1.0,16076.525013660053,10000.0,19000.0,1.0,16.5,17.76357704973797,19.0,1.0,22618.228252952264,10000.0,25000.0,1.0,19.072204852314787,17.0,20.0,1.0,0.0,111.0,1.0,43.0
11.0,21.0,11.0,22.0,-121.0,21.0,13.0,-111.0,10.01775423760419,9.0,11.0,30000.0,10000.0,19000.0,0.0,28.3113490750353,16.5,19.0,0.0,10000.0,36593.167059651154,25000.0,0.0,29.636241164958598,17.0,20.0,0.0,121.0,10.004148282673247,9.0,11.0,1.0,14521.392250627316,10000.0,19000.0,1.0,16.5,17.45753302929096,19.0,1.0,20966.603926425254,10000.0,25000.0,1.0,18.752693593233623,17.0,20.0,1.0,0.0,211.0,1.0,52.0
81.0,23.0,81.0,21.0,-721.0,912.0,12.0,-711.0,15.09361142534589,12.0,17.0,30000.0,12500.0,23000.0,0.0,26.246162943833692,20.0,24.0,0.0,12500.0,34527.880410388294,26000.0,0.0,26.811727302852347,20.0,25.0,0.0,721.0,14.394482568868138,12.0,17.0,1.0,14468.4982595048,12500.0,23000.0,1.0,20.0,20.647452788499276,24.0,1.0,18994.156205023144,12500.0,26000.0,1.0,21.21273954590179,20.0,25.0,1.0,0.0,912.0,7.0,30.0
11.0,22.0,11.0,22.0,-121.0,11.0,11.0,-111.0,10.235937173897568,9.0,11.0,30000.0,10000.0,19000.0,0.0,24.582569626859776,16.5,19.0,0.0,10000.0,36941.45250578588,25000.0,0.0,25.88741310823958,17.0,20.0,0.0,122.0,10.18703822508579,9.0,11.0,1.0,16473.38622446404,10000.0,19000.0,1.0,16.5,17.841430324326854,19.0,1.0,23387.43403413816,10000.0,25000.0,1.0,19.141122313414403,17.0,20.0,1.0,0.0,111.0,1.0,27.0
11.0,22.0,11.0,22.0,-121.0,21.0,13.0,-111.0,10.004284432692634,9.0,11.0,30000.0,10000.0,19000.0,0.0,26.400853927762043,16.5,19.0,0.0,10000.0,36519.78523265062,25000.0,0.0,27.706805786028884,17.0,20.0,0.0,121.0,10.001317054232565,9.0,11.0,1.0,14176.528105856014,10000.0,19000.0,1.0,16.5,17.381893069476973,19.0,1.0,20669.466198046197,10000.0,25000.0,1.0,18.682467285425496,17.0,20.0,1.0,0.0,211.0,1.0,47.0
91.0,24.0,91.0,21.0,-721.0,911.0,11.0,-711.0,14.133925582716053,12.0,17.0,30000.0,18000.0,36000.0,1.0,23.128117506930053,20.0,25.0,1.0,18000.0,34473.086380392386,36000.0,1.0,23.687081497507517,20.0,26.0,1.0,721.0,14.727500488553206,12.0,17.0,1.0,21236.495691334396,18000.0,36000.0,1.0,20.0,22.346939753995734,25.0,1.0,25754.871914488514,18000.0,36000.0,1.0,22.91156323537885,20.0,26.0,1.0,1.0,91121.0,7.0,3.0
11.0,22.0,11.0,22.0,-121.0,11.0,11.0,-111.0,10.18950320010498,9.0,11.0,30000.0,10000.0,19000.0,0.0,25.88266680063765,16.5,19.0,0.0,10000.0,37198.07317667257,25000.0,0.0,27.23909663219471,17.0,20.0,0.0,122.0,10.203637099686048,9.0,11.0,1.0,15159.59011421364,10000.0,19000.0,1.0,16.5,17.582540203243536,19.0,1.0,22165.78841221203,10000.0,25000.0,1.0,18.902812468328012,17.0,20.0,1.0,0.0,111.0,1.0,50.0
11.0,22.0,11.0,22.0,-121.0,21.0,13.0,-111.0,10.003433175716703,9.0,11.0,30000.0,10000.0,19000.0,0.0,26.93943448858075,16.5,19.0,0.0,10000.0,36505.199253844374,25000.0,0.0,28.241100155500572,17.0,20.0,0.0,121.0,9.990196227948992,9.0,11.0,1.0,13194.180635929533,10000.0,19000.0,1.0,16.5,17.143350735060494,19.0,1.0,19692.894778462243,10000.0,25000.0,1.0,18.44371875583434,17.0,20.0,1.0,0.0,211.0,1.0,36.0
11.0,22.0,11.0,22.0,-121.0,11.0,11.0,-111.0,10.2082041574873,9.0,11.0,30000.0,10000.0,19000.0,0.0,24.966405720395286,16.5,19.0,0.0,10000.0,36946.04701274592,25000.0,0.0,26.276123134684934,17.0,20.0,0.0,122.0,10.179678450531144,9.0,11.0,1.0,15873.349439518965,10000.0,19000.0,1.0,16.5,17.708248041948284,19.0,1.0,22773.38824162123,10000.0,25000.0,1.0,19.009290341518767,17.0,20.0,1.0,0.0,111.0,1.0,57.0
81.0,23.0,81.0,23.0,-721.0,912.0,12.0,-711.0,15.465436581825712,12.0,17.0,30000.0,12500.0,23000.0,0.0,26.851813184073382,20.0,24.0,0.0,12500.0,34504.977027027846,26000.0,0.0,27.41213304986174,20.0,25.0,0.0,721.0,14.546961073905722,12.0,17.0,1.0,16958.564911578706,12500.0,23000.0,1.0,20.0,21.2291722309064,24.0,1.0,21397.841437678748,12500.0,26000.0,1.0,21.78132040222412,20.0,25.0,1.0,0.0,912.0,7.0,10.0
11.0,22.0,11.0,21.0,-121.0,11.0,11.0,-111.0,9.998787824270455,9.0,11.0,30000.0,10000.0,19000.0,0.0,25.04886511609095,16.5,19.0,0.0,10000.0,36461.93877054048,25000.0,0.0,26.34148733815369,17.0,20.0,0.0,121.0,10.004485844332397,9.0,11.0,1.0,16017.846518829712,10000.0,19000.0,1.0,16.5,17.67723565567988,19.0,1.0,22522.89870929967,10000.0,25000.0,1.0,18.978482126075647,17.0,20.0,1.0,0.0,111.0,1.0,54.0
11.0,21.0,11.0,22.0,-121.0,21.0,13.0,-111.0,10.216117138207164,9.0,11.0,30000.0,10000.0,19000.0,0.0,28.687399399999684,16.5,19.0,0.0,10000.0,37015.81148754135,25000.0,0.0,30.01516291831844,17.0,20.0,0.0,122.0,10.220459508861072,9.0,11.0,1.0,14643.758240571004,10000.0,19000.0,1.0,16.5,17.478710090070077,19.0,1.0,21712.098468898115,10000.0,25000.0,1.0,18.81641483126838,17.0,20.0,1.0,0.0,211.0,1.0,52.0
11.0,22.0,11.0,22.0,-121.0,21.0,13.0,-111.0,10.203051655427712,9.0,11.0,30000.0,10000.0,19000.0,0.0,25.771200262739328,16.5,19.0,0.0,10000.0,36879.94710791962,25000.0,0.0,27.07528226655887,17.0,20.0,0.0,122.0,10.169940290554624,9.0,11.0,1.0,11309.478990953727,10000.0,19000.0,1.0,16.5,16.827789396228038,19.0,1.0,18404.476289645227,10000.0,25000.0,1.0,18.172633789540477,17.0,20.0,1.0,0.0,211.0,1.0,41.0
11.0,22.0,11.0,21.0,-121.0,11.0,11.0,-111.0,10.186011682019261,9.0,11.0,30000.0,10000.0,19000.0,0.0,23.681925757188573,16.5,19.0,0.0,10000.0,37121.49861464896,25000.0,0.0,25.021510837048268,17.0,20.0,0.0,122.0,10.191724112184014,9.0,11.0,1.0,15354.055276256644,10000.0,19000.0,1.0,16.5,17.51237879874156,19.0,1.0,22304.869687488295,10000.0,25000.0,1.0,18.81985743238286,17.0,20.0,1.0,0.0,111.0,1.0,26.0
11.0,22.0,11.0,22.0,-121.0,11.0,11.0,-111.0,10.181542560940247,9.0,11.0,30000.0,10000.0,19000.0,0.0,24.040118147177445,16.5,19.0,0.0,10000.0,37094.013905581916,25000.0,0.0,25.381419180198943,17.0,20.0,0.0,122.0,10.198077648628,9.0,11.0,1.0,15193.385891707385,10000.0,19000.0,1.0,16.5,17.631752756585705,19.0,1.0,22207.81582728727,10000.0,25000.0,1.0,18.95800644650971,17.0,20.0,1.0,0.0,111.0,1.0,27.0
11.0,22.0,11.0,22.0,-121.0,21.0,13.0,-111.0,9.991951225640731,9.0,11.0,30000.0,10000.0,19000.0,0.0,24.632110594709328,16.5,19.0,0.0,10000.0,36501.50541336583,25000.0,0.0,25.937885423314626,17.0,20.0,0.0,121.0,9.992933426403422,9.0,11.0,1.0,14180.92178888757,10000.0,19000.0,1.0,16.5,17.3944669963058,19.0,1.0,20652.595356042963,10000.0,25000.0,1.0,18.694250339647954,17.0,20.0,1.0,0.0,211.0,1.0,19.0
92.0,24.0,92.0,24.0,-721.0,921.0,13.0,-711.0,15.139451892016076,12.0,17.0,30000.0,15000.0,28000.0,0.0,24.254979076413317,19.5,25.0,1.0,15000.0,33983.32247148134,28000.0,0.0,24.737125624181502,20.0,26.0,1.0,722.0,15.134496344859652,12.0,17.0,1.0,23005.20996609372,15000.0,28000.0,1.0,19.5,21.9289033885646,25.0,1.0,27080.173013562828,15000.0,28000.0,1.0,22.422142231185717,20.0,26.0,1.0,0.0,92122.0,7.0,25.0
11.0,22.0,11.0,21.0,-121.0,11.0,12.0,-111.0,10.203506084864818,9.0,11.0,30000.0,10000.0,19000.0,0.0,25.581402048490297,16.5,19.0,0.0,10000.0,36929.1685274174,25000.0,0.0,26.88625200006723,17.0,20.0,0.0,122.0,10.174239028743706,9.0,11.0,1.0,14462.260199755681,10000.0,19000.0,1.0,16.5,17.33632804652777,19.0,1.0,21538.199110514255,10000.0,25000.0,1.0,18.668816715050013,17.0,20.0,1.0,0.0,111.0,1.0,46.0
11.0,22.0,11.0,22.0,-121.0,21.0,13.0,-111.0,10.199716644742168,9.0,11.0,30000.0,10000.0,19000.0,0.0,26.383877432970685,16.5,19.0,0.0,10000.0,36845.6817295891,25000.0,0.0,27.675217681364636,17.0,20.0,0.0,122.0,10.208645450843504,9.0,11.0,1.0,15921.5455532126,10000.0,19000.0,1.0,16.5,17.753174614701596,19.0,1.0,22954.294068694213,10000.0,25000.0,1.0,19.079802344942177,17.0,20.0,1.0,0.0,211.0,1.0,41.0
81.0,21.0,81.0,21.0,-721.0,912.0,12.0,-711.0,14.708027154714763,12.0,17.0,30000.0,12500.0,23000.0,0.0,27.819601674411583,20.0,24.0,0.0,12500.0,34481.37712322382,26000.0,0.0,28.38333136878952,20.0,25.0,0.0,721.0,15.649447419248032,12.0,17.0,1.0,16473.900263587257,12500.0,23000.0,1.0,20.0,22.205390022393978,24.0,1.0,20976.023063385393,12500.0,26000.0,1.0,22.771729395358058,20.0,25.0,1.0,0.0,912.0,7.0,6.0
11.0,21.0,11.0,22.0,-121.0,21.0,12.0,-111.0,10.20785637319507,9.0,11.0,30000.0,10000.0,19000.0,0.0,25.720701110292886,16.5,19.0,0.0,10000.0,36993.57091514522,25000.0,0.0,27.039739885645822,17.0,20.0,0.0,122.0,10.189213898913197,9.0,11.0,1.0,16500.97084775033,10000.0,19000.0,1.0,16.5,17.827984876825283,19.0,1.0,23593.43681606718,10000.0,25000.0,1.0,19.16567598464281,17.0,20.0,1.0,0.0,211.0,1.0,37.0
11.0,22.0,11.0,22.0,-121.0,21.0,13.0,-111.0,9.9929795063753,9.0,11.0,30000.0,10000.0,19000.0,0.0,25.994728469806354,16.5,19.0,0.0,10000.0,36492.764294735396,25000.0,0.0,27.28670651324966,17.0,20.0,0.0,121.0,10.007936165110188,9.0,11.0,1.0,15954.765302116017,10000.0,19000.0,1.0,16.5,17.720805866264453,19.0,1.0,22423.295247693088,10000.0,25000.0,1.0,19.007961580482732,17.0,20.0,1.0,0.0,211.0,1.0,4.0
91.0,21.0,91.0,24.0,-721.0,911.0,12.0,-711.0,15.396706822988516,12.0,17.0,30000.0,18000.0,36000.0,1.0,24.718524730760677,20.0,25.0,1.0,18000.0,34591.06547264083,36000.0,1.0,25.290781033704658,20.0,26.0,1.0,721.0,15.073746700530803,12.0,17.0,1.0,27855.136486886837,18000.0,36000.0,1.0,20.0,23.557396488561807,25.0,1.0,32301.790829583762,18000.0,36000.0,1.0,24.111652573513222,20.0,26.0,1.0,1.0,91121.0,7.0,19.0
92.0,24.0,92.0,24.0,-721.0,921.0,13.0,-711.0,15.239227846805877,12.0,17.0,30000.0,15000.0,28000.0,0.0,24.797496795764026,19.5,25.0,1.0,15000.0,34042.71089216271,28000.0,0.0,25.29049668467018,20.0,26.0,1.0,722.0,15.382358819140014,12.0,17.0,1.0,18354.2134803837,15000.0,28000.0,1.0,19.5,21.62416903487071,25.0,1.0,22195.794794157242,15000.0,28000.0,1.0,22.092641604746007,20.0,26.0,1.0,0.0,92122.0,7.0,20.0
11.0,22.0,11.0,22.0,-121.0,11.0,11.0,-111.0,10.193176861277818,9.0,11.0,30000.0,10000.0,19000.0,0.0,24.76449024827716,16.5,19.0,0.0,10000.0,37106.357621079726,25000.0,0.0,26.107785332908257,17.0,20.0,0.0,122.0,10.199568172026353,9.0,11.0,1.0,14224.111803946775,10000.0,19000.0,1.0,16.5,17.387325612349684,19.0,1.0,21273.27417776154,10000.0,25000.0,1.0,18.719809237916664,17.0,20.0,1.0,0.0,111.0,1.0,30.0
11.0,22.0,11.0,22.0,-121.0,11.0,11.0,-111.0,10.204886167115685,9.0,11.0,30000.0,10000.0,19000.0,0.0,23.53952211217763,16.5,19.0,0.0,10000.0,37023.80264108562,25000.0,0.0,24.86615562882729,17.0,20.0,0.0,122.0,10.192552357119432,9.0,11.0,1.0,17912.755735754556,10000.0,19000.0,1.0,16.5,18.125328029485505,19.0,1.0,24687.98557578412,10000.0,25000.0,1.0,19.405011905597217,17.0,20.0,1.0,0.0,111.0,1.0,55.0
11.0,22.0,11.0,21.0,-121.0,11.0,11.0,-111.0,10.195505176342312,9.0,11.0,30000.0,10000.0,19000.0,0.0,23.913271900280193,16.5,19.0,0.0,10000.0,37068.38647445676,25000.0,0.0,25.24431202445745,17.0,20.0,0.0,122.0,10.176387930823863,9.0,11.0,1.0,14832.924496296628,10000.0,19000.0,1.0,16.5,17.48221134330013,19.0,1.0,21818.41694448391,10000.0,25000.0,1.0,18.797641784076795,17.0,20.0,1.0,0.0,111.0,1.0,39.0
11.0,21.0,11.0,22.0,-121.0,21.0,12.0,-111.0,10.185548482852438,9.0,11.0,30000.0,10000.0,19000.0,0.0,25.082002999813888,16.5,19.0,0.0,10000.0,36937.173235890376,25000.0,0.0,26.388125435835057,17.0,20.0,0.0,122.0,10.194081132387483,9.0,11.0,1.0,15636.430539521154,10000.0,19000.0,1.0,16.5,17.682667796022432,19.0,1.0,22451.16704764628,10000.0,25000.0,1.0,18.965737995680257,17.0,20.0,1.0,0.0,211.0,1.0,37.0
11.0,22.0,11.0,21.0,-121.0,11.0,12.0,-111.0,10.201433049346656,9.0,11.0,30000.0,10000.0,19000.0,0.0,24.4810320664208,16.5,19.0,0.0,10000.0,37015.20488872944,25000.0,0.0,25.808882162881726,17.0,20.0,0.0,122.0,10.183070258914057,9.0,11.0,1.0,13435.798847782045,10000.0,19000.0,1.0,16.5,17.219838861019316,19.0,1.0,20542.771917141312,10000.0,25000.0,1.0,18.56505899719172,17.0,20.0,1.0,0.0,111.0,1.0,10.0
